PointID,Region_0,Region_1,Region_2,Region_3,Region_4,Region_5,Region_6,Region_7,Region_8,Region_9,Region_10,Region_11,Region_12,Region_13,Region_14,Region_15,Region_16,Region_17,Region_18,Region_19,Region_20,Region_21,Region_22,Region_23,Region_24,Region_25,Region_26,Region_27,Region_28,Region_29,Region_30,Region_31,Region_32,Region_33,Region_34,Region_35,Region_36,Region_37,Region_38,Region_39,Region_40,Region_41,Region_42,Region_43,Region_44,Region_45,Region_46,Region_47,Region_48,Region_49,Region_50,Region_51,Region_52,Region_53,Region_54,Region_55,Region_56,Region_57,Region_58,Region_59,Region_60,Region_61,Region_62,Region_63,Region_64,Region_65,Region_66,Region_67,Region_68,Region_69,Region_70,Region_71,Region_72,Region_73,Region_74,Region_75,Region_76,Region_77,Region_78,Region_79,Region_80,Region_81,Region_82,Region_83,Region_84,Region_85,Region_86,Region_87,Region_88,Region_89,Region_90,Region_91,Region_92,Region_93,Region_94,Region_95,Region_96,Region_97,Region_98,Region_99,Region_100,Region_101,Region_102,Region_103,Region_104,Region_105,Region_106,Region_107,Region_108,Region_109,Region_110,Region_111,Region_112,Region_113,Region_114,Region_115,Region_116,Region_117,Region_118,Region_119,Region_120,Region_121,Region_122,Region_123,Region_124,Region_125,Region_126,Region_127,Region_128,Region_129,Region_130,Region_131,Region_132,Region_133,Region_134,Region_135,Region_136,Region_137,Region_138,Region_139,Region_140,Region_141,Region_142,Region_143,Region_144,Region_145,Region_146,Region_147,Region_148,Region_149,Region_150,Region_151,Region_152,Region_153,Region_154,Region_155,Region_156,Region_157,Region_158,Region_159,Region_160,Region_161,Region_162,Region_163,Region_164,Region_165,Region_166,Region_167,Region_168,Region_169,Region_170,Region_171,Region_172,Region_173,Region_174,Region_175,Region_176,Region_177,Region_178,Region_179,Region_180,Region_181,Region_182,Region_183,Region_184,Region_185,Region_186,Region_187,Region_188,Region_189,Region_190,Region_191,Region_192,Region_193,Region_194,Region_195,Region_196,Region_197,Region_198,Region_199
0,0,0,0,0,0,0,0,0,0,0,0,0,0,0,0,0,0,0,0,0,0,0,0,0,0,0,0,0,0,0,0,0,0,0,0,0,0,0,0,0,0,0,0,0,0,0,0,0,0,0,0,0,0,0,0,0,0,0.0000000000,0,0,0,0,0,0,0,0,0,0,0,0,0,0,0,0,0,0,0,0,0,0,0,0,0,0,0,0,0,0,0,0,0,0,0,0,0,0,0,0,0,0,0,0,0,0,0,0,0,0,0,0,0,0,0,0,0,0,0,0,0,0,0,0,0,0,0,0,0,0,0,0,0,0,0,0,0,0,0,0,0,0,0,0,0,0,0,0,0,0,0,0,0,0,0,0,0,0,0,0,0,0,0,0,0,0,0,0,0,0,0,0,0,0,0,0,0,0,0,0,0,0,0,0,0,0,0,0,0,0,0,0,0,0,0,0,0,0,0,0,0,0
1,56645.4641982990,80331.3786557502,86571.7795392588,67654.8067850800,13199.9500225799,89709.5549195870,86611.6894297004,41551.2965132475,72004.5771128959,45810.3718058332,31185.1552421190,54364.4247315616,25506.7102708249,60164.2995016388,71768.2680346146,71224.1427676720,48971.3874115248,18131.8065642607,55748.9066000553,67879.3057421341,64862.3424419772,31877.8439156760,38898.7187346561,20527.4351392563,58851.7865905645,66248.6316995458,8409.9664977422,40204.9207316706,27624.3945979995,82514.2219162197,56940.4151251641,66160.2136216737,45470.1792702480,46777.6544778519,28626.2087756429,73852.3260803903,33902.3016483381,51876.4188322303,28697.1362562401,60228.4664867137,76853.7189912631,60378.5399107361,13871.3157097548,46296.6598006136,31295.0505671422,68573.4367239878,53187.1617185190,62395.3076306701,43805.0936028052,19744.2702030130,59153.5593327598,76548.8370917411,12611.8420119270,74745.4261640781,67457.0350693762,39232.4921595599,10165.1522211812,1509.3125534856,18658.0759525970,22650.1776860172,39262.1503340269,61398.5131066301,35083.2353320612,60006.7736515604,35606.7372156042,50630.1518612073,53810.4246793538,81926.3814845543,78107.6799718310,62258.6020067776,57560.7157015447,55495.5132847926,30016.4708562431,52696.4338021798,41359.4906363666,24605.3098216772,71124.2361597075,57659.0974392517,28655.1787594684,46851.7831061116,49715.1944293624,85667.7196079457,22510.8881301171,22860.7366834806,21241.9569912254,55856.6761755473,68795.6643381667,72270.9111274310,33537.5160616390,66285.8584140878,65334.9475468434,77639.0141462599,85391.6683620975,25051.5539725815,9912.3447911148,62426.6972449074,38135.8063954737,74742.2094204258,69029.4040854956,12625.4422007042,20096.0452803578,58755.2787726781,76034.0675577001,38527.3937830154,36388.8563169475,44716.9527683299,49427.2775948664,52538.6473399300,46729.1788187858,59098.7646864197,46564.5794964187,38788.6413808751,63266.6245747771,38433.5941310036,61520.7757913005,30787.3444299811,15416.9610659727,46188.3567250302,15528.1269809400,53062.0506832213,17624.0047148155,52172.8604725659,45925.5814905007,42263.1732089595,52254.9920762972,39171.4586644768,60810.3656629689,52763.4261355866,52107.3153714860,73564.3900742222,12923.1806233176,64581.7679800074,36874.8377638581,5509.3460125137,60342.8944483391,28995.4989359543,31470.8494079861,33864.6830778157,63657.9387366863,8294.2069619313,17303.8812578578,65111.8032993371,53265.2878810215,70612.2060795086,27187.3341853140,8620.2742528537,74631.7546918461,49110.4191796577,58521.1564397765,55152.6872958385,56537.5597462453,65674.7542566156,12928.9521307346,73436.0625687910,78355.6875788153,65078.8919646078,25884.0998700154,8103.0835445585,56599.2766666622,33689.2767492128,15300.8277202268,70776.3035388445,48460.4738993675,23076.7765613926,68263.6976770646,30763.7599643245,8467.9056986011,34107.1355688299,23471.1920096901,84004.5713506118,19415.4437116756,33674.5417466953,52218.6505202666,74486.2011805751,22516.7471674927,81185.8932413971,20446.8823243781,58448.5487385879,34906.8107740970,54906.5279049400,37597.9065399048,45746.1784778797,73100.3520291972,28310.5578676949,14443.2879459943,81061.8723561956,39661.3699257555,41579.4908581260,43277.2387844217,56864.1134342829,26711.7591507527,59619.6204218167,30659.8961681740,44996.1514293685,90092.6995779308,40367.2824370973,44251.9944690435,60658.5001555504,52647.4426191885,46873.3215814084
2,43296.0252391991,93850.4420564844,88237.7680139424,62040.2750079129,26651.3450425115,82174.9718767588,95943.0795512689,39891.2270811642,59542.5691090639,56786.8391973387,22799.2406349205,68205.6314334954,14096.2567225849,65338.2340744565,69034.5402461173,83066.9494950552,35610.9251154381,23245.6282380584,69030.1144205908,61042.2901741125,73860.1957611696,45307.2444800014,45004.4094066679,23683.2428253390,59722.5710647211,52400.4004050816,7281.0482929574,26456.7160861156,37920.6675577676,77417.4890916574,53034.5591997325,79959.2816832483,33650.0597193213,35753.2187787861,15390.8588716008,74142.4526662125,31391.4430751489,59757.5068288081,23746.0857904514,71168.0204866073,87345.2100385049,48798.9288390454,26180.1511660299,48687.8393339754,33890.4656425247,81651.0842456430,39290.8039909313,49200.7489684307,56719.4529145831,15195.1890957076,71471.2700962009,85166.2468772338,10533.3256772721,66211.9555014742,69780.5818555830,48402.2447737531,19000.3619776136,16204.7556467487,2922.4389880599,36510.2206088490,26626.2004441329,59684.1754127137,46965.9908243434,47636.9551270884,24750.6878058596,50208.4170490709,63589.7131807081,78762.9374848304,71192.6308627152,48434.7329003656,51278.5930241685,69359.6332792766,16264.4506086302,56729.0611359105,27597.7876681544,24521.4355560828,84677.8728109201,43910.0812005920,35948.9753207788,33610.5264352389,61801.4136642300,77111.9173712182,34955.1971710721,12383.1399901525,14802.9464795108,43337.5955297745,78838.8719177576,66703.5426564668,31197.7319496954,65962.5316166091,61065.0810119881,75908.0351116685,79019.2700603210,23338.2122480720,17494.7910290389,75984.0958871380,32608.2063433836,70550.6780370567,80054.0840824289,13962.8311565721,29950.1788690547,65523.5371859165,89241.2921189536,39513.0128388520,25472.4824868580,51957.2884190926,46181.6356906931,40036.1855908831,56131.2071968075,61683.9520375075,34089.1196695319,25870.4263963987,50788.8660061191,42244.1800833471,74463.3626169832,25675.4198723473,29215.1244086549,51560.2035540913,11232.3904075963,64081.8609549157,18126.7906326074,58532.1101619226,32027.8725207643,54346.3652025610,65884.3173861573,49874.3391192958,70778.4017918606,65511.3674808491,38409.3005242355,75174.2690861791,2589.7901920702,76293.3346732125,49798.7220081680,13037.9321951260,46449.9001032977,41574.6432288931,18860.6143584676,42185.5835066628,50015.2628986297,9617.7906920330,24311.7761662669,66207.9122958065,55097.2650145752,69142.7295635532,18441.3225232000,22481.4489546616,84303.5403734216,62319.3002911103,66486.0688422063,41844.7181052005,68214.9857747590,62693.8354102218,24432.7596779309,65918.3014512684,72527.6906482381,59344.8372715435,19657.9995597527,18958.5413002273,55920.2410365345,39139.0362557138,24094.0834437774,79580.2719187361,34664.2062071870,19868.4854562045,61532.3433897676,30946.9489630815,20349.6509677033,20213.6965242786,9917.8650120774,76564.6663473509,19230.9333545477,44232.5566893835,46473.9525993814,73750.7623302607,9645.5447179554,77136.9568530583,33918.8858400714,44763.2103678697,21345.9923837004,60041.0064593555,24176.9400805621,44936.2392771670,66545.8685522456,16519.5171298083,19278.4774217021,72908.2308738872,47428.3228019637,30374.2327085489,30102.5042638050,43988.6166544582,17625.8575493130,56681.7868626089,19591.6577748899,48858.9819773108,81847.3015690105,28679.2589703168,52766.0160297590,55552.5225162984,50901.2697245424,47561.7803168906
3,57288.0671592848,103105.7416710895,114370.7256862250,75227.9356756754,34329.6292904751,106041.6463638796,116276.8340476980,66369.2025219746,51791.8194286700,74874.0809865154,10685.0820655864,71420.6191569859,38156.6176512610,89751.1503340222,95407.8306607755,98868.5503709943,36622.0190449321,47017.7508484347,80461.4918007792,85845.4978252421,94731.9249603055,57433.3854894032,68637.5756208208,13674.3055223766,85953.9258654518,56139.8320078975,24694.2464006217,40494.9033946038,57426.6862362504,102998.4020242785,79264.6527544562,87189.4516460098,53887.4889289749,25547.7547069410,24347.3237317588,100528.9574782884,10131.1670970976,81928.0676085608,50159.1532685695,89084.0731366875,105895.9663576302,38394.1511157148,43171.3289667460,74384.8108074377,59290.6196669586,93572.1400909383,47596.8387320905,46624.7325131472,70178.9941071736,11446.6184750424,86264.4973672404,106475.8601028079,36063.2614439367,89428.3880844667,95643.8442876957,69195.3980419861,23409.2670574377,32599.9252276250,26729.5292861964,46577.3185133294,26206.1022474340,86172.1099688602,63586.8229252954,65086.8440902313,47709.2993411136,76618.2228329556,83474.6300322345,105014.9304081407,95751.1342573203,57625.2278445512,76627.0748451977,76054.4201393385,33560.9574085273,81761.0529423734,34598.4689401304,50549.5802599433,93972.2889769698,47059.7429298717,58572.9092300591,49508.0861269155,77465.3849027596,100042.4236920646,50995.9927075653,16962.6758537848,41241.3252953288,37786.1851490884,98204.1982638451,92169.2027586664,57679.4138707814,92406.3314650486,87123.5382153296,102379.2324362001,103848.1771017162,8909.1334738616,39252.1595559808,85570.2245833647,6503.6098571562,96556.6933463038,97690.6822299638,17433.7921348731,50113.9313899782,88737.2419240013,100372.4841596041,65558.2522943282,18765.5427275618,74722.3725040023,72584.8346444648,57822.2712907334,76584.9473612457,87408.0647650199,30315.9801583779,44436.9224198766,43983.3496758355,67241.7195329857,87141.9978852954,1962.5698229050,41317.7737127985,75757.8825585239,19873.4138006200,81958.5315222992,43666.9237168108,82058.9980321278,41605.7229121239,70252.5475285905,75427.1440867094,68554.9771424151,90325.1346855544,79176.6038710473,50557.1312589808,101284.3531922863,29969.5900771761,92525.3198161969,63585.3759003106,25893.2468603521,52468.5250599745,56854.6059208428,39837.3910798596,63916.2454050049,51028.2247113308,31026.4610543879,20142.9969142081,92416.0646709195,81041.5459496266,95631.3388000561,43957.7159956944,35698.4931610849,104198.4851831161,74375.2920584362,88567.2330451216,41185.3939921073,84680.5498719218,89051.3000021722,28219.7077946567,90101.9863467083,97778.7411566142,84830.6473286122,7694.1591747059,29510.7596113920,82374.7985578062,63152.2388101587,45275.7077714526,100675.3963991781,40254.3682481238,46314.6379077172,38507.9008315539,57064.8491111210,38394.4660964731,32570.9707050157,31190.0858842055,100608.5062272243,10972.2737665690,63248.0992202052,72184.5148836946,100233.5068997533,22366.9452909226,103145.6155528011,47053.9703917510,56147.4195521764,38233.6866521435,84451.3237352037,29300.7806294240,71367.6518899783,91437.1177404658,19232.8274091736,17830.3625636794,96356.4240217288,69700.8164105692,22473.3913582902,31364.7070132282,60082.4184563681,12809.0500606323,83072.9407467094,43031.2373583586,73909.6938930164,105021.5197131794,49807.6547356395,74282.7177786385,81375.9466469341,77392.7345319326,73760.8549588301
4,0,0,0,0,0,0,0,0,0,0,0,0,0,0,0,0,0,0,0,0,0,0,0,0,0,0,0,0,0,0,0,0,0,0,0,0,0,0,0,0,0,0,0,0,0,0,0,0,0,0,0,0,0,0,0,0,0,0,0,0,0,0,0,0,0,0,0,0,0,0,0,0,0,0,0,0,0,0,0,0,0,0,0,0,0,0,0,0,0,0,0,0,0,0,0,0,0,0,0,0,0,0,0,0,0,0,0,0,0,0,0,0,0,0,0,0,0,0,0,0,0,0,0,0,0,0,0,0,0,0,0,0,0,0,0,0,0,0,0,0,0,0,0,0,0,0,0,0,0,0,0,0,0,0,0,0,0,0,0,0,0,0,0,0,0,0,0,0,0,0,0,0,0,0,0,0,0,0,0,0,0,0,0,0,0,0,0,0,0,0,0,0,0,0,0,0,0,0,0,0
5,0,0,0,0,0,0,0,0,0,0,0,0,0,0,0,0,0,0,0,0,0,0,0,0,0,0,0,0,0,0,0,0,0,0,0,0,0,0,0,0,0,0,0,0,0,0,0,0,0,0,0,0,0,0,0,0,0,0,0,0,0,0,0,0,0,0,0,0,0,0,0,0,0,0,0,0,0,0,0,0,0,0,0,0,0,0,0,0,0,0,0,0,0,0,0,0,0,0,0,0,0,0,0,0,0,0,0,0,0,0,0,0,0,0,0,0,0,0,0,0,0,0,0,0,0,0,0,0,0,0,0,0,0,0,0,0,0,0,0,0,0,0,0,0,0,0,0,0,0,0,0,0,0,0,0,0,0,0,0,0,0,0,0,0,0,0,0,0,0,0,0,0,0,0,0,0,0,0,0,0,0,0,0,0,0,0,0,0,0,0,0,0,0,0,0,0,0,0,0,0
6,0,0,0,0,0,0,0,0,0,0,0,0,0,0,0,0,0,0,0,0,0,0,0,0,0,0,0,0,0,0,0,0,0,0,0,0,0,0,0,0,0,0,0,0,0,0,0,0,0,0,0,0,0,0,0,0,0,0,0,0,0,0,0,0,0,0,0,0,0,0,0,0,0,0,0,0,0,0,0,0,0,0,0,0,0,0,0,0,0,0,0,0,0,0,0,0,0,0,0,0,0,0,0,0,0,0,0,0,0,0,0,0,0,0,0,0,0,0,0,0,0,0,0,0,0,0,0,0,0,0,0,0,0,0,0,0,0,0,0,0,0,0,0,0,0,0,0,0,0,0,0,0,0,0,0,0,0,0,0,0,0,0,0,0,0,0,0,0,0,0,0,0,0,0,0,0,0,0,0,0,0,0,0,0,0,0,0,0,0,0,0,0,0,0,0,0,0,0,0,0
7,0,0,0,0,0,0,0,0,0,0,0,0,0,0,0,0,0,0,0,0,0,0,0,0,0,0,0,0,0,0,0,0,0,0,0,0,0,0,0,0,0,0,0,0,0,0,0,0,0,0,0,0,0,0,0,0,0,0,0,0,0,0,0,0,0,0,0,0,0,0,0,0,0,0,0,0,0,0,0,0,0,0,0,0,0,0,0,0,0,0,0,0,0,0,0,0,0,0,0,0,0,0,0,0,0,0,0,0,0,0,0,0,0,0,0,0,0,0,0,0,0,0,0,0,0,0,0,0,0,0,0,0,0,0,0,0,0,0,0,0,0,0,0,0,0,0,0,0,0,0,0,0,0,0,0,0,0,0,0,0,0,0,0,0,0,0,0,0,0,0,0,0,0,0,0,0,0,0,0,0,0,0,0,0,0,0,0,0,0,0,0,0,0,0,0,0,0,0,0,0
8,0,0,0,0,0,0,0,0,0,0,0,0,0,0,0,0,0,0,0,0,0,0,0,0,0,0,0,0,0,0,0,0,0,0,0,0,0,0,0,0,0,0,0,0,0,0,0,0,0,0,0,0,0,0,0,0,0,0,0,0,0,0,0,0,0,0,0,0,0,0,0,0,0,0,0,0,0,0,0,0,0,0,0,0,0,0,0,0,0,0,0,0,0,0,0,0,0,0,0,0,0,0,0,0,0,0,0,0,0,0,0,0,0,0,0,0,0,0,0,0,0,0,0,0,0,0,0,0,0,0,0,0,0,0,0,0,0,0,0,0,0,0,0,0,0,0,0,0,0,0,0,0,0,0,0,0,0,0,0,0,0,0,0,0,0,0,0,0,0,0,0,0,0,0,0,0,0,0,0,0,0,0,0,0,0,0,0,0,0,0,0,0,0,0,0,0,0,0,0,0
9,0,0,0,0,0,0,0,0,0,0,0,0,0,0,0,0,0,0,0,0,0,0,0,0,0,0,0,0,0,0,0,0,0,0,0,0,0,0,0,0,0,0,0,0,0,0,0,0,0,0,0,0,0,0,0,0,0,0,0,0,0,0,0,0,0,0,0,0,0,0,0,0,0,0,0,0,0,0,0,0,0,0,0,0,0,0,0,0,0,0,0,0,0,0,0,0,0,0,0,0,0,0,0,0,0,0,0,0,0,0,0,0,0,0,0,0,0,0,0,0,0,0,0,0,0,0,0,0,0,0,0,0,0,0,0,0,0,0,0,0,0,0,0,0,0,0,0,0,0,0,0,0,0,0,0,0,0,0,0,0,0,0,0,0,0,0,0,0,0,0,0,0,0,0,0,0,0,0,0,0,0,0,0,0,0,0,0,0,0,0,0,0,0,0,0,0,0,0,0,0
10,65202.6642583736,78563.9147250825,97196.9669282741,61858.8250699595,9081.3061551664,101577.7282338312,92133.2543121078,53398.2081776825,73726.5226767861,50392.8113083247,30465.7045685412,48855.9023743623,35723.1938805926,69422.8229839189,83609.0404260389,73683.5489922671,53108.8495864806,29200.1396023298,55345.1811442561,79802.9621752395,71113.2176193372,32180.2496579582,48215.5215895552,12265.4748433245,69987.0744266810,71782.6456812542,15742.5941884081,47977.6971346651,34294.9288786117,94522.2293134822,68925.4370011347,63130.8223026676,55639.4176769686,47327.5974472171,33683.1019895833,85033.4353243566,27657.7005562279,59479.8594725057,40637.9877464927,64341.9467829321,81186.6229544532,61049.4958247698,20106.7444253689,57118.0780418436,42439.8861188447,68457.1170699164,59794.2140133696,65764.6288971107,44930.7694367657,18708.0444393218,61036.8888033167,82937.7557475777,24375.3693889323,86404.0721866997,77988.4951715484,46218.4094908320,3354.0044066314,12783.5128184260,26356.6852958033,21329.0428203584,42488.1489951817,73123.5510392512,38904.4726933347,69771.0663434304,46253.3867235688,62183.7391259640,59551.6162990557,93798.4856923814,90037.6964674149,69452.6579038571,69516.7808210005,52044.9247948200,37970.5560726306,62705.8197666552,46966.2813562608,36480.4747013108,69358.4414760796,62774.6541122627,37799.0342436729,55628.1025973071,52366.7748785513,97341.5995077808,26637.9874667525,25733.2532202584,32839.3753318219,58107.9502213000,73835.0866313166,84277.4993460145,45506.1639505912,77686.8384998862,77326.7433673958,89295.3579157340,97372.6929270036,19747.0240192096,21167.8263296006,60819.7304352655,33914.8589398827,86719.9460801543,72804.1295490105,11185.7645116231,28131.7492189449,67020.3378356376,75404.3082854301,49924.5997714017,37598.7879414314,53058.9111316251,61388.7681382988,62175.7743575592,53132.2238524832,69631.0231599102,49123.9395156784,48004.9664142210,65223.2933265019,48909.9901116426,61931.2000356673,27191.7863485210,16401.5082414931,55669.1840197356,19964.3532932789,57291.1286630186,29591.0741873656,60883.7468605155,52606.7405858908,45269.7633755884,50591.4570302049,44464.3556044216,66129.9842386027,53922.8663492547,59900.7316455097,84309.8887609195,22837.1291628958,67413.8379674728,38382.8027868465,9694.6846700173,66461.0612457768,32004.9521593991,40980.5355262167,41911.1475334278,68239.0163795871,17174.3738326459,5395.6676919478,76112.8613381317,64161.9098301340,82246.4799868869,38449.6256973505,12090.2880437370,79977.1380082939,49166.5419571788,65866.9124276848,58971.6313566548,59653.7794636891,77563.5626758892,4622.9740923467,85283.5438529700,90357.8783519518,77076.7669125330,24266.4527654950,6928.1600247777,68155.3347810485,43597.9154122098,24950.3265261251,77091.3380349661,54008.4349641830,35069.5390291121,63409.9283808282,42479.6869880167,17226.1173890882,40833.9314764348,31975.4957108646,95879.1415746134,14678.8586357212,39515.4162543728,64201.0122759724,85939.3588211989,27832.2508027007,93146.9059442081,22065.9880306764,66229.4556381219,43226.4464219266,64296.1347508564,42371.1184989268,57424.8693189701,85057.5818977853,31470.6506411395,7563.9983502358,92813.5851205029,47825.6155121813,42691.9057323905,47234.5556744548,66103.1972022564,27448.4741091209,71521.9013491445,41141.7242245172,55261.9660025952,101839.9335836500,50599.1217224453,51598.3424974439,72668.2364849089,64427.4364596424,58207.8386761255
11,59276.1354456832,80484.1298396279,91482.0358621395,64068.1879936312,11043.8727055964,94477.2950541011,89752.7531861277,46670.0466941281,71376.3042507414,48444.6742338146,29202.2621997944,52791.5964863325,29013.9143517073,64630.4241036466,76885.9279342627,73112.4006560454,49333.0046989553,23083.2282339935,56381.7095035598,72710.5743090252,68237.2669737645,32569.8040741252,43335.0233273357,15813.8161843139,63878.4924633996,67353.4857866579,9595.3453486411,42348.4745499333,30946.0828631412,87539.6072538753,62009.6465477353,65724.2491861889,49008.9207629959,45515.2754966034,29236.4987416742,78894.1322489567,29965.6933002012,55727.0655719349,33556.6363715601,62746.6817932028,79510.8297947574,59251.8733522877,16647.8903771214,51235.4956342232,36302.2140858683,69386.6299573838,54779.6134026994,62467.0226602353,44994.7171421909,17284.9626051512,60758.5119996325,80003.1144368910,17275.0742407815,79320.3739309515,72332.2345042414,42787.1447708954,8952.0312300742,6697.3682753942,20525.6748469850,22406.9992311104,39119.9691100570,66518.8974584319,37310.4541884289,63326.0614785669,39431.0162398693,55733.6454742564,56949.9063256668,87039.5831113046,82946.3765679058,64180.9422700228,62435.9698016506,54826.9528554009,32189.4146848808,57399.4757953619,42383.4832510815,29723.5902241729,71249.1065890809,58531.3327620239,32978.1166239745,49576.8774897458,51584.7482097450,90256.2202553218,24645.3260142265,22266.1836968498,25750.5427592721,55393.7471942589,71710.4299862039,77247.2924647393,38625.0561581710,71368.6733931976,70395.5714917861,82756.1245282965,90304.5324862304,21251.0383532419,14873.0633847832,62584.3093177976,34923.1819583296,79815.9152954900,71442.6440481359,9408.4215518637,23877.4272588005,62869.1121399976,76656.7418479752,43599.9621433101,35304.2703297465,48818.7036946819,54515.2792718137,55771.1073795416,50096.6048598384,63968.0928449131,46180.8173894077,41737.2370716483,62708.5669494535,43259.8091665904,62525.1134688890,27691.2758433494,15803.6547434164,50703.3995255685,15431.8974857127,55594.7904774515,22721.1239038899,56431.7740967707,47522.9600742593,44223.8536583727,52332.5884866762,42046.2130422150,63810.4750469473,54033.5903204666,54312.7701962010,78501.3203498982,16108.3418856805,66598.7169374300,38152.1989472006,492.8870737063,61715.8138392220,30790.7225680582,34561.9118851529,37800.0264369214,64297.8354008523,10073.6682967118,12191.5408780935,70109.6628926509,58230.2713768982,75727.1748923835,31430.8036200173,9406.2781522090,77680.9806911525,49893.7925956793,62294.9652606828,55399.2316964521,58635.8097217035,70785.8014106396,8655.3580575908,78182.5221896050,83315.9864347300,70028.6100469276,23419.8144786384,1868.2159101486,61704.1691571117,38315.5067989161,19685.3941223806,74190.4360822479,49500.1927799446,28026.5463172601,65008.3694509480,35881.2242312503,12203.5925706950,35647.6244927191,25895.5283828588,88779.1690873338,15594.2010123699,36723.2976509213,57137.1691179949,79578.9210336355,23141.9445692265,86270.6250755932,21403.3209078270,60666.4583221618,37321.9232770151,59408.3903800468,38177.5480754721,50862.8547845251,77975.9839937382,27984.4847618208,9742.3423378421,85717.4190389861,43675.0375680470,40511.8120550506,43513.9757988401,59875.3673819779,25246.5506972796,64728.2261965038,34362.3151217727,49768.4733527252,94744.5749935716,43934.3787230076,47974.6423173990,65655.4640237061,57768.6175927183,51937.6907212291
12,0,0,0,0,0,0,0,0,0,0,0,0,0,0,0,0,0,0,0,0,0,0,0,0,0,0,0,0,0,0,0,0,0,0,0,0,0,0,0,0,0,0,0,0,0,0,0,0,0,0,0,0,0,0,0,0,0,0,0,0,0,0,0,0,0,0,0,0,0,0,0,0,0,0,0,0,0,0,0,0,0,0,0,0,0,0,0,0,0,0,0,0,0,0,0,0,0,0,0,0,0,0,0,0,0,0,0,0,0,0,0,0,0,0,0,0,0,0,0,0,0,0,0,0,0,0,0,0,0,0,0,0,0,0,0,0,0,0,0,0,0,0,0,0,0,0,0,0,0,0,0,0,0,0,0,0,0,0,0,0,0,0,0,0,0,0,0,0,0,0,0,0,0,0,0,0,0,0,0,0,0,0,0,0,0,0,0,0,0,0,0,0,0,0,0,0,0,0,0,0
13,58984.8257583888,80004.1105445587,90217.6335542266,65189.0218803769,10987.2667793688,93510.7726604843,88677.9100307247,45488.7486975948,71904.1190707227,47442.8485402519,29987.9348248674,52720.5678448561,28444.0352149696,63380.0370455533,75706.8518130830,72260.0371307936,49614.7383990929,21824.4764234995,55781.7278844350,71714.9136276164,67121.5664842461,31927.9878957904,42085.0369534319,17070.7618034098,62626.6630352967,67466.1082437311,9462.7269251285,42173.9450052136,29820.1027996584,86444.5372811949,60883.9403591027,65375.8972570435,48452.0988270221,46167.6372976719,29424.2711079121,77645.0722611641,31129.8901750397,54541.3047752132,32542.3403089113,61772.3590553759,78516.7368862473,59884.9255629000,15566.9535328719,49973.3739470472,35048.4432673787,68754.6608483952,54760.6503235531,62828.0557453959,44266.1172339678,18135.2784051015,59956.9615085827,78877.4701964678,16322.1423772651,78430.4250109663,71066.6831980685,41636.8492343447,6272.9383791816,6148.8191921733,20364.7592521639,21943.6862601897,39508.8542436986,65317.0144453551,36371.1519651822,62841.4956075124,38780.8204615074,54509.2781966785,55867.8651634919,85869.0507085033,81948.0061833638,64082.5304777041,61419.4085332468,54527.8545587280,31990.5900653615,56135.0871010614,42495.2799455256,28544.3395034335,70771.7485049274,58696.3834893524,31735.0845816766,49252.9643552693,50725.5473920591,89362.0658162384,23699.1471378843,22716.4461937295,24865.4474862392,55874.6484975613,70669.8029468191,76180.6967638004,37483.9563284866,70132.4250737655,69276.4407557097,81545.6290679998,89271.4106319115,22383.1821019574,13618.5265307790,62094.9284431569,35965.5060628180,78686.8545684863,70490.3417835666,10367.3970873366,22683.2409573916,61652.7177301859,76069.5001750963,42360.9118576000,35903.7511566335,47601.3640667042,53373.9005942488,55308.2125813189,48976.6597492717,62702.4529514365,46635.1884041358,41344.0056865999,63216.0439348636,41993.6251883538,61848.6423387525,28702.9614612039,15154.1818422019,49448.5008412205,15716.4214926315,54614.7576474764,21570.9587720704,55199.1688645181,47496.2318229262,43341.3158221356,51854.2995744801,40999.3488631313,62753.3704339703,53296.0638899221,54133.2587240008,77238.5519249401,15577.5176981224,65719.0181671300,37397.2648811467,1163.4064797142,61757.6836457500,29921.4027092878,34119.5886165802,36598.2942160160,64523.5615389096,9166.1642633832,13417.9393406423,68853.0397626280,56970.1522728517,74513.4568246318,30640.8536361226,8575.9964959811,76619.1964684193,49255.8825910459,61120.6368080506,55713.8588541952,57737.0431396533,69618.7455541918,9334.6552458002,77223.9989433733,82258.2914598506,68975.9813192077,24294.2575685902,1553.9290236737,60480.6363902641,37053.3105790486,18431.7754100333,73069.9286599414,49616.2441538423,26968.6151510933,66072.9062598426,34673.1416445807,10985.2120021370,35618.9285668144,25614.0373189848,87809.3982792270,16717.8782295805,35644.0820563317,56099.4764070512,78347.1912873256,23304.0101399741,85132.2996685148,20670.5270741939,60487.8119908748,37068.4042327888,58155.0162561239,38392.2593324909,49652.4603072396,76960.2960149526,28392.7972627165,10992.9225471384,84796.6229276129,42466.3252983181,41115.2307688012,43819.1462825041,59478.0651552106,25908.3034334551,63564.6640747631,33743.6106939740,48502.3690082044,93825.8842432360,43365.4879280468,46803.5210921438,64576.9057834510,56575.1131019162,50695.4349840312
14,59016.8417201490,79216.5624257669,88896.0016993737,66527.7367581102,10770.1308962660,92703.8896560003,87372.9237733718,44362.4183607583,72770.0483612334,46194.3131445766,31096.0419667429,52359.6667996690,28183.5913727793,62004.2897431905,74580.0142631266,71130.2367712205,50254.5871455600,20531.8819770201,54885.2351822322,70870.7904182563,65790.8204117779,31006.4790509474,40709.0461479792,18441.6563028143,61350.9163861262,67927.7612887971,9823.2409706787,42347.3178437820,28486.1302593143,85452.7811951141,59847.9008840044,64722.6762036114,48182.9191327512,47153.9561160176,29992.5884538108,76376.2463026188,32491.8597194443,53173.6478482992,31688.4967686539,60543.2379347422,77270.7600148875,60849.2958174232,14271.6175903511,48663.8822921869,33769.4125596228,67824.1385819307,55091.2500335231,63538.9431272115,43253.7707424166,19307.3945638661,58873.5328673015,77540.3265227302,15592.6407279016,77729.7390084150,69737.4202946511,40287.0721308312,7533.7753167144,3449.4813846106,20597.9692195394,21217.8079254428,40259.3360678256,64149.8911020109,35176.0884312404,62649.9640228036,38406.3777801537,53298.8928220938,54559.6308960570,84756.1754414687,81098.2744206224,64323.8711311983,60547.8533430009,53929.1026521556,32150.8788647564,54777.8199727280,42970.4579773834,27428.4755519220,69988.9432970523,59215.0951517284,30356.6006788406,49254.2845842277,49593.9025688827,88653.8398957091,22506.2265806616,23547.9273880151,24206.3373946476,56701.9078323340,69389.6354287009,75233.1018618188,36429.6400698543,68895.0118094905,68249.4647520422,80360.8925147385,88371.1306385489,23731.7778558881,12345.7166468917,61302.9690771039,37259.4444742435,77642.9386442240,69277.7639262380,11631.6283529515,21313.4603629328,60275.0827853019,75179.6236419125,41119.5252530472,36849.9646150528,46223.6059302485,52313.9964028381,55145.8375694757,47644.2463269572,61372.5513781550,47442.1704234228,41273.2014354801,64065.4436680811,40657.5316927195,60878.2808580525,29979.0456505453,14264.4934312646,48075.7019406418,16421.6366210985,53382.0895454100,20513.8887348356,53819.6758466413,47823.4906334706,42191.7824397378,51077.4114753798,39717.8871673135,61461.9386887733,52271.9855857417,54291.8134652234,75925.3838243678,15414.2358279484,64566.8569715949,36364.4387365877,2620.9711798525,62148.4853906004,28790.3235608556,34000.9339296207,35224.9854986166,65100.8605734801,8566.4360701903,14659.5034234149,67562.7838375389,55668.3623330033,73322.8917797743,30099.1272279799,7550.3556070781,75323.6561211526,48326.0190296413,59757.8727613136,56382.6241555363,56570.1198179004,68513.2801290376,9942.9641809731,76430.6338783079,81323.0436385052,68050.2644107347,25476.1492890299,2583.8347765455,59271.3892200497,35690.1710636028,17057.8896732844,71736.0313848062,50090.2120235101,26055.2525541208,67377.7434756730,33499.7024176524,9608.3787681490,35956.2796987599,25696.6840905964,86998.7778415408,18064.2994364630,34340.3289015100,55198.7374030604,77119.3709108907,23860.7985711580,84072.8940630266,19678.9433754759,60643.8329360216,37160.6379640076,56781.0683853332,38974.9602481588,48470.9801796408,76086.7655807291,29174.6638000936,12368.0140800689,84053.4019842006,41090.7296742645,42061.2187221444,44485.8058295798,59389.4842964642,26918.8097398440,62465.9083544791,33414.2799309154,47155.5776418902,93084.1545891765,43085.8691215283,45442.6583236966,63613.3432185598,55424.5826435730,49445.3594539769
15,33782.5695569309,100141.9639444768,82369.1811681739,68030.0797337493,36303.3295618054,71424.6386777148,96430.2692315418,33252.0077898331,57721.2424212535,59851.3201561798,28915.5070957607,76941.4487706888,125.4592429163,62685.9878002567,60622.7679086848,86617.2665376547,32504.9620810333,24468.4963602390,75013.4187199400,50664.1191825468,74397.4874477541,52016.1444846143,44089.6428543499,34663.0298047180,53931.1021020977,46297.7476120864,17312.1594055677,18565.9524800887,41229.0510725707,67641.5836721095,44282.5758454466,87237.2453180671,22651.0527629586,37467.4270798657,15743.9527838272,67563.5751903795,40415.7721604182,59648.1853381124,16449.9633196296,73814.8633259694,89198.2657010586,48916.3568993269,32439.9631038996,44529.4071330106,31156.8176111170,87099.4463492869,32358.8676419217,45973.0357655660,62263.6678531317,24893.6513472267,75845.2026664929,85104.3307998341,13012.2684371078,55249.8886375075,64756.5601307472,49988.4474130343,29956.0477362361,24708.2138332419,11136.3442759782,44593.0495735469,26347.4264253394,52113.7429115145,51417.1374357157,36972.1592815764,13569.4222226398,43866.0317526775,65176.6455443679,69962.4848457737,60702.5114939220,40421.6484372471,41278.3151397042,77060.5012262182,9538.5182886752,53466.3808861401,23276.0357275186,21249.8594071506,91122.2232655701,38745.6097979122,36802.5821811765,23961.4238437386,66051.3050885530,66113.0284724087,40657.5669835693,18765.3775155167,9204.3198042686,41988.5736366542,80343.0399352317,56816.7740372329,24873.0692688237,59150.4842235700,51921.5011107435,67985.1406721401,68684.7803600562,33206.2183800392,22249.3920570587,82510.1279850990,39898.8629465921,61299.7592793427,82633.6018759674,25096.0487065321,33633.2023517411,64222.2006487896,94867.6136931190,34910.4736232678,28397.5162868167,51609.2318181978,38081.1323230709,29458.0396119520,57592.7284902078,57098.9967877469,33416.5601672090,15761.8692875373,49208.1322331517,39647.8269498634,79755.7882341845,33793.4530933827,37265.4377259100,49636.4955431405,16538.7319084072,66984.6727970014,17487.0192871353,57123.5404715523,25453.7699521619,58787.1782128036,72704.0665651868,52903.4362330000,72372.0615465387,70622.5913416272,29911.2930478315,69499.8075494965,10294.0786042130,79775.2892796480,55527.4260958336,23481.7053927145,39842.6445645814,47103.9371609425,8400.9132424358,43380.9419704755,45207.7131427004,17585.8612628970,35496.6642330694,60380.7764199139,50193.2407434283,61505.0607844797,8822.7356638095,31019.7184285848,85318.1914471001,68261.1189628474,66231.4341575064,38570.4207506163,71803.1992842726,54257.9048340990,35022.8007881412,55250.4764975069,62465.1124150900,49474.7465810032,27825.3138084679,28875.8398325513,49164.3080367409,38146.9182580472,27859.2099731945,79804.8750907073,29584.2588001465,15221.6018576908,66658.7644379927,26676.2289246605,27059.1265177375,15238.3361149106,3196.8530908148,65865.8417008636,29829.9006133949,47387.7843474017,36856.9094044512,66495.3655162454,13545.5109062036,67880.3860590623,41078.5324776087,36125.9926824583,12916.6436142748,57540.9817229132,21942.1894353093,38588.7454823322,56230.2748466325,19830.0552191326,30463.0099391895,62017.3502281126,47790.8290927774,32297.5534185542,28023.2966004912,33768.1766687969,24003.2756536885,48417.0617767127,8418.3210443724,45852.9437631442,70907.0186660016,17608.1036096183,53526.3395510165,46064.5245315564,43603.8164336943,42168.7354315895
16,58144.4675920861,78309.3366822977,85406.1481657883,69514.6088335053,12028.0643484193,89919.1103175997,84617.9732366009,41049.7234151734,74103.2287496154,43734.7450030831,33272.1043218830,52698.9507480295,26744.2829405402,58620.8675966219,71256.8555898840,69108.3400078098,50989.5346118501,17046.7589599075,53682.8088021621,68026.0145400626,62911.2238105510,29824.7040010931,37330.9017414657,21868.6790451300,57871.4222093162,68137.8890205212,10479.6840617314,41884.1960299570,25637.4973098996,82336.0296810953,56667.1925263305,64232.2813307282,46614.5632108743,48895.9140730202,30639.4063352647,72900.4005873618,35635.8350032598,50051.7510425252,28883.7253975743,58145.9401375859,74788.2034293508,62495.7032803714,11773.4026919955,45173.1627406169,30289.6151394943,66488.1169795162,54985.3062628221,64439.5478201343,41702.4611072708,21763.9649099730,57035.6496457357,74618.9647202405,13210.6474222568,75163.1105412982,66249.9579434750,37312.4610367895,11019.9287868307,116.5430517246,20499.0479371606,20770.9301705733,41338.9203794042,60775.3001446325,32973.7694601179,61229.6501496369,36628.7734918629,49875.4406241636,51808.2740359643,81450.8289805762,78237.1608500757,63965.7474047591,57658.6458028957,53618.9403814183,31717.9030478886,51320.5055921279,43287.4691093856,24148.5829919270,69108.7642939901,59596.0349334491,27015.8134666103,48333.5583796281,47597.8649067918,86065.1722997135,20393.7938972152,24974.5424453310,21866.4627862876,57948.7806832383,66761.5607617453,72195.9647687297,33237.3806667506,65443.2938808341,65079.9318499180,76962.7871587070,85413.5317777504,26814.1791390213,8879.4723070093,60410.7313536661,40066.8274840692,74442.9863717313,66939.5761403476,14470.9697874073,18213.6963721006,57032.7469912962,73962.7758671797,37667.2328961491,38506.9576038096,42983.6497605526,49098.6357078279,53811.0338606403,44769.1696087829,57885.3391468659,48654.7933830515,40207.1404288454,65362.7728682755,37173.6808130027,59423.9126871474,32732.4195122372,13478.5003727954,44672.4547760774,17634.7471912877,50979.0854858068,17356.5909408237,50514.3322511110,47732.1676920077,40146.7421277189,50256.0292559740,37120.6334880365,58787.1435801484,50654.6169518375,53747.5104632161,72434.5477374172,14450.4852645580,62469.1474188603,34770.4394410212,8939.7422453166,62182.5075301854,26877.6631456267,32859.1760242485,32057.9473953560,65628.2229440484,10604.3304993350,18132.0991984071,64076.3630756564,52178.6903208016,69918.7753336588,27981.3821075597,6756.9148929226,72619.8781803560,47033.8113012285,56674.1312501793,57180.7236619978,54427.1277542346,65221.8081726000,12750.0394656713,73680.1546705950,78305.2935385245,65055.7072872643,27918.0330549233,7689.2195459542,55848.2536611103,32248.1895587702,13674.7694824945,68835.6705599510,50376.6685116462,23152.5192695521,70201.9114785065,30127.9635706254,7329.5155774427,35949.4318216740,25133.6346623875,84209.2787188856,21154.2437949552,31644.9192252727,52259.4529363748,73675.9001242479,24544.5274264429,80847.0569998030,18391.0852049546,60076.9857463654,36520.6009786170,53384.2657913255,39599.4831747878,45082.1077799308,73183.5924964280,30408.9319964801,15780.0488819192,81397.1877316446,37889.1162580828,43697.1062571477,45314.6649529770,58221.8533423352,28822.6624667026,59186.0399876234,31769.5063923875,43681.6952838463,90426.3148710615,41510.5568639738,42382.5606260939,60553.8518997826,52073.5775512836,45984.4055427404
17,0,0,0,0,0,0,0,0,0,0,0,0,0,0,0,0,0,0,0,0,0,0,0,0,0,0,0,0,0,0,0,0,0,0,0,0,0,0,0,0,0,0,0,0,0,0,0,0,0,0,0,0,0,0,0,0,0,0,0,0,0,0,0,0,0,0,0,0,0,0,0,0,0,0,0,0,0,0,0,0,0,0,0,0,0,0,0,0,0,0,0,0,0,0,0,0,0,0,0,0,0,0,0,0,0,0,0,0,0,0,0,0,0,0,0,0,0,0,0,0,0,0,0,0,0,0,0,0,0,0,0,0,0,0,0,0,0,0,0,0,0,0,0,0,0,0,0,0,0,0,0,0,0,0,0,0,0,0,0,0,0,0,0,0,0,0,0,0,0,0,0,0,0,0,0,0,0,0,0,0,0,0,0,0,0,0,0,0,0,0,0,0,0,0,0,0,0,0,0,0
18,53971.6797299943,78971.7546843450,72555.1535285509,79832.7359472630,23021.2307407465,78198.9255792549,76856.1188873214,27939.8537533452,77917.7618132853,38537.2282722793,41381.6716373674,58445.7156715259,22504.4695283917,47122.7897023547,58090.8285621819,65223.0690709541,53183.7088540292,7260.5334583839,53807.2760736305,56212.4758202476,54761.4569612171,31610.0178757692,26227.5810037324,34534.2909392143,44735.3568361653,67826.7858168758,18089.3638668824,40040.2817329288,19754.0278261663,69638.1351471674,43854.7950609907,66781.0764053952,40132.4269556218,54843.7913505823,33821.7244189667,59734.1932778007,46983.1471154445,40664.8971399537,18043.8495281188,52715.6901124003,68569.0395409604,67721.2173950638,12925.6826394398,32270.8061724785,17198.9402392870,65670.2486703820,53867.2221962855,66825.9264410174,40956.6328420768,31481.5877418107,54318.0264105049,66051.7257703529,9149.8432882793,64256.1303918970,53503.8656561035,29419.9158399659,24206.6541110284,12810.8088858155,22691.4651361768,26383.3833783735,45240.0913437007,47537.3668936563,29904.0648941893,54842.5009667285,29851.1892579230,36607.8993520100,44667.3834680637,68311.5541326420,66317.3612364744,61599.0644985266,45769.1501426342,57131.7059953097,30855.6776082119,39123.8797113765,44305.4671731970,11280.8787736641,70061.8423382591,60163.8670328214,16838.3593073005,44349.9020037341,44524.7207424922,75012.2652324238,19822.6956070726,31340.0847863110,14338.6934560760,61801.8448827438,59930.2297055067,59750.1281324413,20545.5038983185,52199.0804886030,52274.7176010227,63702.0209139081,73167.3328948563,38149.6113379242,3790.0352354241,61541.8117815887,50090.6727646596,61540.9360215125,61588.0099232819,25796.0723556868,12111.5777316841,46666.0014851467,73468.4577809560,24426.6212313993,44587.5349020533,32928.5848773267,36215.9095728844,47977.0193401726,37149.2463458665,45165.9189285424,52694.2960016757,36105.7907097543,69216.2623842286,24658.6739531665,58306.5197635864,42780.1947752366,19874.4349969562,33152.9533462305,24483.7112052749,45755.6058731776,11472.0835445544,39770.4814733904,46979.9821446103,37262.0589635229,52015.8896303528,31571.0457460519,51878.2947760287,49157.4161126438,50997.4908229661,59519.5480304396,15666.1826617696,58387.6622530029,34363.1099607961,18028.9003137905,61360.2880216173,25968.6790254195,29072.0759586129,23097.0002291579,66579.4103887582,11649.0208260228,31349.1598278899,51009.3497502905,39197.7520373195,56655.0861772882,20523.2071727905,16174.3371041493,65284.3844948734,47078.8971841850,47396.3590406242,59388.4331126363,50373.9989075703,52120.4604397000,25635.7563337458,62149.2475216979,65898.6541693897,52769.4639870701,37175.1815541305,18754.2051861780,42580.7225437682,20550.3108235583,3942.0346257446,60467.1636608415,50926.5912958246,12320.3439022450,79841.2907205955,16917.8118511277,9850.5895228496,36279.0166930227,24702.6044468883,72495.9405276378,32712.2256938428,25986.4213133214,40244.9548185261,60419.9936718068,28598.5952419162,67874.8839828245,21754.0583667060,57022.6662618095,34387.9674037454,41814.8439244871,41970.7428106470,31833.1182088211,61150.8856329901,35608.8379870282,28487.3756517320,70140.4519082224,28320.8929532108,49460.5717853295,48105.0687725724,52900.0905783166,36328.7105758748,46116.5388977532,25988.6351158859,31305.4866076168,79119.4451624419,35259.4422674177,33660.6924011832,48085.3551396911,38872.2639102470,32763.7718729972
19,54327.4378322493,78719.0631684471,73677.0458757296,78930.1774435859,21888.0114432756,79283.4915518132,77406.1750365379,29130.9937906873,77585.9191535126,38748.9958397325,40615.4025503057,57739.6921853208,22703.5383659886,48063.2572647327,59286.3246961132,65371.4958172849,52953.2560264438,9387.4832446903,53559.9128742081,57298.8865398246,55327.6172506948,31126.0829855722,27081.9690230034,33401.9601049659,45897.1556817259,67851.2598755983,17187.8961762063,40132.8259494401,19895.6511823064,70802.9303012506,45025.3658084325,66348.7409263616,40675.0128515501,54290.3561002093,33427.1682556580,60902.2279400352,45968.4606638149,41343.2894124708,18962.7049013311,52993.8014823088,68952.8939261502,67252.1389188917,12165.1553973775,33391.6816602051,18344.7590967238,65531.7844668276,53937.8902259960,66606.0397605888,40745.8282182087,30558.1314717463,54333.5457392509,66676.6601073543,8902.4213600228,65263.1081462477,54608.4426235778,29884.4421802236,23025.7765530079,11615.1096161874,22274.8361467083,25567.3256724370,44836.6178659371,48734.3402378160,29850.7193190013,55410.6658602022,30380.2964702255,37800.1884916587,45104.6707191900,69506.0197241776,67416.5050427985,61801.2834076822,46857.6743220124,56601.8597228749,30802.6962532200,40147.5410073352,44152.5130454332,12436.6759450820,69772.0781971457,60095.0406756747,17507.2174313895,44662.1540664886,44546.5062919494,76036.9322190814,19409.1212877023,30667.9782070568,14783.7228680318,61443.5626435462,60365.0086125307,60893.1636580973,21694.4121365327,53382.5239057249,53445.9889601838,64897.5519541959,74295.9273297309,37124.2091413080,1446.5062022134,61222.4422800435,49187.9770334589,62720.3925927804,61874.8249730793,24740.4832091730,12101.4227857019,47469.5561077245,73312.2775638957,25608.0983076483,43997.0037372413,33667.4976790890,37390.7620805800,48477.8507265026,37616.2532078977,46264.4888812018,52300.4596190536,36396.7008122483,68869.8790104788,25712.9794829816,58181.6229190903,41863.4008392340,18938.6168412378,34079.3575173561,23720.2810043836,45995.1055111791,13256.7363184589,40609.1939497761,46997.4298355837,37235.6009630690,51621.2220704824,31785.4268629451,52307.2707324643,49044.7624697976,51212.2724058225,60648.8451453342,15182.7514552746,58543.2982813256,34088.0069702057,16898.6074350339,61420.1088759685,25672.0325323709,29288.8813425721,23652.6730546668,66487.6921212534,10705.2485651968,30166.5399455580,52160.3724251858,40333.2792424127,57850.0901061588,21054.6104314342,15048.3443183468,65778.6665460809,46819.5689398773,48075.2536372565,59170.9714648208,50508.9598716285,53312.6044038884,24442.9550694011,63212.3430592015,67039.4863070088,53897.0769894164,36306.0940568768,17557.2226445271,43772.9763075867,21470.0724181155,3067.1579902027,61064.6599279184,50837.3545453621,13186.8606910650,78998.6820372821,18114.0240652837,8761.8903209523,36151.5471641365,24549.8586614479,73578.5652427424,31660.2499150708,26172.5424531617,41342.0008684854,61606.7483745492,28092.0084762798,69059.5639258711,21046.2586404694,57279.8786067045,34479.0318826652,42759.2111472624,41688.2227322734,33029.8516609580,62258.5549055215,35055.0788619420,27346.3803488415,71181.7501668310,28982.8982657603,48910.4758519968,47807.6363327551,53362.6931775457,35592.6162275082,47306.4870294678,26386.2479233902,32347.0365765131,80167.9991010018,35760.7699557142,34241.3317847130,49227.6428971463,40068.7822342540,33940.9279020015
20,55735.1891333743,77629.0134554075,75812.5461289221,77503.1108677028,19327.9600639883,81811.9896608618,78050.1317146554,31676.1185227628,77561.1277313685,38694.9461845425,39597.7005036737,55799.1324645837,23913.3078348497,49689.8553449741,61810.2838595979,65129.4064012570,53181.3096006023,13773.3509363600,52505.4099609795,59830.0843971929,56031.4308371155,29649.2350995498,28537.8705086158,31287.6426726501,48184.4836343756,68598.0519725243,15917.9296643768,41061.0179894627,19808.0884571556,73374.2769967336,47595.1660698992,64913.1677955253,42434.9020886479,53778.6079882043,33341.6130728301,63210.6104218567,44241.0657223065,42334.6852802144,21329.2133546069,53051.5219257706,69224.7631450897,66923.3055733977,10278.9925090774,35544.4433530553,20603.2162130228,64684.9334681808,54795.0839450569,66838.6544302871,39791.0035572962,29135.9337579479,53822.4998599660,67504.8076734342,9520.5605521711,67709.8668808159,56693.9852859727,30424.7347891488,20699.4960667779,9186.8034627589,22209.6477380895,23474.6394372415,44694.4494827043,51225.5327415252,29265.2470899472,57197.0908196808,32139.4948736448,40237.8487967174,45532.4341826309,72036.5976492910,69957.9461106096,62908.9301885013,49391.4964992468,54987.7187687314,31470.0893607081,42007.0540266590,44565.4519175364,15008.3550039049,68614.4175808966,60657.5751132784,18601.9949807737,46003.1329437352,44067.8791145448,78503.2949305024,18148.0242546696,29926.6383082975,16497.1804812268,61375.4781630899,60761.2628937923,63461.6074493347,24265.1084821464,55763.6117346937,56015.5397312796,67360.8860224214,76857.5979518369,35376.1016376667,42.7731187630,60013.6970094151,47785.1091869737,65284.6988145230,61938.7213541447,22925.2132915534,11845.1833749785,48750.4586810571,72421.9204122856,27990.1979888853,43415.0491829748,34822.7923088023,39958.4667077281,50154.4439430171,38131.1423733817,48336.0095135549,52165.2084955391,37716.2670298832,68820.2357921475,27683.3590620241,57371.3462462910,40432.0741985862,16654.8043960233,35692.3513759978,22780.6408698638,45981.9430060626,9046.3553739334,41988.5306531147,47758.9488102023,36675.6834775320,50274.8782770779,31764.3656826032,52702.2184714050,48274.2795895673,52357.5500420300,62813.0280194203,15059.8956944171,58325.3639954446,33021.7563051170,14837.8323907505,62245.5937844654,24601.9834292303,30494.5045563878,24435.6905422936,66994.7824874194,9428.5526612540,27822.0925170067,54404.3449307998,42528.2272678689,60308.0752142586,22855.2115340196,12496.1514002689,66304.1369767700,45752.0412518695,49054.5353602147,59417.8528047716,50259.5317628286,55853.7768435114,21908.4564952448,65721.1992516103,69607.0609324955,56458.5619621325,35021.5359852264,15069.9297914761,46209.0702887111,23111.6211801666,2989.1460591540,61834.1616927157,51371.1347157583,15511.1853747672,77734.2471087937,20635.4993556823,10030.6315439837,36641.8915049882,25047.2258475513,76105.5209883611,29836.9208962963,26122.7360008629,43883.3251104292,64004.6927138744,27771.6055630880,71617.6677793381,19176.0568522520,58498.6287700630,35421.5046718005,44402.7862592109,41826.3194832283,35515.4236690943,64806.7913041454,34588.6636376722,25206.0794630188,73667.1657443813,29976.3405895809,48415.9544381885,47898.0257170946,54965.9934061675,34667.7247407866,49854.3765597191,27933.8478105655,34267.8301802776,82660.6514961596,37459.1239500120,35026.0241025732,51795.9431788491,42583.0624736431,36297.7834531119
21,0,0,0,0,0,0,0,0,0,0,0,0,0,0,0,0,0,0,0,0,0,0,0,0,0,0,0,0,0,0,0,0,0,0,0,0,0,0,0,0,0,0,0,0,0,0,0,0,0,0,0,0,0,0,0,0,0,0,0,0,0,0,0,0,0,0,0,0,0,0,0,0,0,0,0,0,0,0,0,0,0,0,0,0,0,0,0,0,0,0,0,0,0,0,0,0,0,0,0,0,0,0,0,0,0,0,0,0,0,0,0,0,0,0,0,0,0,0,0,0,0,0,0,0,0,0,0,0,0,0,0,0,0,0,0,0,0,0,0,0,0,0,0,0,0,0,0,0,0,0,0,0,0,0,0,0,0,0,0,0,0,0,0,0,0,0,0,0,0,0,0,0,0,0,0,0,0,0,0,0,0,0,0,0,0,0,0,0,0,0,0,0,0,0,0,0,0,0,0,0
22,42750.9382352432,90329.9603204140,69030.3523211645,81008.6619429352,34630.6440364454,66685.2766927889,82381.3687833964,20479.3672869643,71994.5383628323,47614.0671578329,41564.2753323818,71144.1040244125,13799.9086960298,48193.7609188893,50000.5812677916,74330.4864578158,46696.1144379253,13284.9696910338,65241.2161391696,44807.4276464229,60465.5083062596,43962.5401854681,29912.1453651612,41203.1743765726,40481.1977003351,58789.2073136419,22423.1309225106,31003.6872785791,29968.7620749001,59656.8447007852,34413.8712903910,78877.5747924186,28052.6320955346,51805.4893636709,29970.7810469121,54753.2111885148,50745.6750488413,45579.9721461884,5290.3021028353,61024.7624457870,75785.2655969024,63414.2959388246,25662.5989999366,30234.6419965112,16697.0060231007,76521.2878841288,44657.8461645969,59955.2907701144,52325.7885753103,34516.4236298666,64394.1143621151,70916.4153919565,10934.0697942460,52089.7160852150,50888.0903679135,36938.8091421975,32834.8695747051,23055.1858717382,20437.0353796390,39112.7655639729,40828.7259317254,40353.4887063007,40719.7022732883,42578.3993436396,17988.3277668853,30815.8354455885,51837.9787062289,59927.0184661628,55029.2499505265,51295.2256065608,34472.9116124317,69525.6544829421,23670.8251442947,39014.9638499885,37341.9915217516,7150.4578603310,81610.9455128993,52017.8348893997,23773.4133119226,33525.7047898020,54681.5189268573,62949.7166582696,32102.8504859237,30975.7210973334,5908.2015738414,56411.7263672675,66808.9231915633,49273.4957317443,11791.7434954934,46547.9285902054,42700.1710351943,56629.8128466797,62313.5342919005,42451.3153930835,16157.8127207780,73241.4023254708,51886.1203289601,52184.7584706376,69701.4830342953,31417.1603288529,23480.1209509508,49814.4526494856,84374.5932797966,20701.0530389277,42366.6011219242,37534.7149999303,27190.3127885602,36029.4767604977,44297.5872099647,43009.0186658516,47912.1809610068,25626.8850434343,63565.6362920696,25160.0745453924,69131.0273881153,45068.8616018654,32469.0714744098,35183.1301105747,26030.4212482246,54477.8985317556,8859.4779415486,42720.8290373680,38367.8470003445,47798.4163213957,64026.0552277349,40833.7053610285,58954.2256037208,59990.5287837048,40738.4205345126,56011.6988571025,15941.7581226759,67515.3838511876,46055.0281653116,25813.9137598869,52120.5407638715,37837.1060161985,19523.3823406478,30284.6394960490,58535.5501853220,18055.1243355139,39720.1219681029,46973.1828493425,36214.5722233759,49801.9142737034,9088.4393672480,27981.2991456232,71521.1822585167,58604.2027127241,52067.5838954088,52628.6676974030,59744.5415352471,43717.9276785999,35932.0287833025,50450.0975662385,55327.2898115188,42036.0781062137,39028.7717401041,28878.7323670330,36503.8097429020,24046.8299244090,18780.8969168253,65728.3030980225,43156.6558636498,60.0580765154,80098.1654276779,12267.7989708676,22044.5472411303,29447.0640583118,19236.7100443785,60975.6615183516,37781.5441872883,35640.3257559301,29142.5313114884,54343.8995967918,26519.2006875373,58716.6201180812,34471.3315176237,46392.4075982165,25613.6266927654,43043.0512481092,36409.7439445163,25531.8118323217,50012.1694593988,33454.9987231590,35671.2431944032,58216.6159965799,34085.4915598194,46557.5369085555,42450.5730140364,41104.6562670082,36400.6789695446,37655.3011675571,15164.2297424770,31362.9140390276,67240.0080614485,23443.2459730993,39915.0770782223,37721.0044483988,31540.8751104519,28410.7196073577
23,43455.4528710393,89670.3615737627,68493.0520586865,81561.5915531232,34442.3583418931,66779.9558416555,81615.9894916583,20068.5805320440,72748.3757768597,46879.5463018532,42120.3109858796,70670.1692501113,14559.9648011129,47482.1487293588,49722.0548758985,73588.6554083822,47451.9514935384,12676.5078299427,64592.2234444823,44873.6886579466,59698.2503012377,43411.2269569083,29147.7570338980,41423.9875226214,39946.9712746895,59551.9138462383,22690.0447762882,31770.4191707904,29287.0734020905,59558.3067945514,34229.1135868085,78281.8731634171,28696.4863051205,52489.1083185246,30650.5632498184,54276.7627641021,51150.8089212871,44814.0565982231,5987.6660806281,60271.4967852053,75019.5905375812,64136.8482963334,25237.5949483131,29584.2559674917,15954.3012963530,75836.1032895144,45420.6630501206,60717.9838039733,51677.8442584644,34921.8341286604,63680.7621650788,70154.4158467899,11097.8320950569,52295.5263077759,50295.6257840720,36183.6731637061,32900.0501362935,22951.3245909643,21018.3275915327,38703.3394767421,41540.3842959674,39992.5166102270,40049.2566504810,43187.2349731289,18670.5703579141,30340.9031732037,51074.4117661647,59682.1105007911,55085.4138982414,52034.8746318909,34511.6699289015,68971.8690526968,24422.5362901739,38322.9110261425,38100.4791276671,5639.4254778776,80965.8574108005,52785.6475742244,23025.3478201967,34254.5844051014,53974.5306168544,63137.4257194433,31551.9237085020,31527.9236543271,7141.4274842238,57153.6613129919,66042.2369984009,49221.1853389067,11403.9580501131,46098.8261147039,42543.2306210442,56283.4655084722,62315.9040505661,42812.5039337421,15874.1727829962,72609.5559090414,52388.3897030311,52017.9064412266,68944.1171134936,31668.9636573670,22872.1659894810,49065.9349407500,83690.5224974817,20076.6101018554,43014.8764005823,36768.5428052745,26945.2552774383,36681.8866248278,43535.5225783703,42388.5039625983,48638.0593025980,26373.7374059411,64313.9357845760,24428.2081243538,68446.4200365880,45537.5431597097,32120.2205946966,34440.9888609436,26472.0972992200,53733.2123492612,7926.5715711381,41971.3534538259,39135.3877945384,47109.8454888149,63424.6731853434,40107.9572052702,58189.0752108265,59309.3366725331,41482.8220783780,55463.1361632490,16348.0769072651,66775.3254559474,45433.5772285331,25901.5240449386,52881.7851999757,37237.0009906297,20290.1614941415,29530.5739177339,59303.3662939513,18146.7312285356,39824.1338407589,46438.8222787628,35614.5049285914,49432.8607519814,9831.1173432864,27755.4655367881,70753.3867188116,57963.8615032287,51304.2004269441,53389.1709327577,59012.1578624174,43456.1120522302,35876.5464628138,50566.9003327204,55291.0320582521,42007.3664861923,39505.1558496121,28815.3757623297,36061.5948903267,23280.1181039318,18264.9490736024,64963.1567801688,43923.3259117888,0.0000000000,80687.5328162910,11605.3519753310,21752.5928495621,30198.9568235193,19934.3107928753,61069.0787467872,38088.1897234013,34930.5786150577,29143.5741648843,53930.2209547668,27125.4414168330,58537.2869217400,34016.4335624164,47122.6619451063,26381.4290115620,42323.5507231368,37144.0747010842,25068.1089181354,50044.1226506997,34085.0974446951,35843.7742549831,58376.3146039721,33318.5017209638,47232.5826423919,43191.1465536518,41768.9006444450,36950.1667509256,37387.7343881705,15913.7775396890,30654.1145309926,67394.6346361770,24120.5789060710,39148.6549560388,37641.7174903217,31169.4881108069,27850.2602825271
24,41775.8757622665,91086.7572688218,72773.7040239461,77272.1076867992,32679.4097548957,69255.2053109397,85105.1682816320,24199.3065706759,69071.6662000185,49278.4685880263,37829.3282558935,70557.4127453544,11214.8347435694,51564.0041195836,53550.7789911985,76064.7108243846,43829.5353354802,14089.4618881675,65933.4631157211,47506.4351257426,63097.3417584922,43951.4596807274,32733.9406752525,37836.0317597033,44225.3397136454,56750.1644329926,18990.1884747623,28843.5060793084,31094.8778134180,62821.2034778866,37804.2029792202,79110.4736385896,27799.1833393735,48338.0143864320,26498.9447488507,58499.8913494924,47053.1748729879,48310.8117423692,9792.3153709889,62985.8261404735,78093.6035883266,60160.8349099846,24986.9325004096,33836.1651096824,19901.1712594757,77542.0283255389,42643.3973168495,57232.2216745329,53036.9811623296,30827.9746917749,65744.6679289035,73752.8433809034,14679.3856211598,54260.8097788497,54588.8063928526,38993.5510504498,29922.7631033581,20836.2208229672,16724.9081068587,38239.4889215094,37513.3927402685,44020.4645850658,41676.1614230291,42528.1056182642,17511.4385640273,34562.9255381787,54084.2519278867,63414.9008544272,57744.3631481377,49798.2801748525,37286.5953676053,69464.6301267139,20794.7483745725,42481.8369179523,34545.4510837198,9976.0569631770,82245.5601826078,49643.1088042295,25765.3000575957,32269.9383174133,55974.8843846618,65175.2466417817,32156.6014779360,27238.0572734655,539.0618203751,53337.7401438326,69183.2656968379,52324.6908791278,15505.1592186012,50284.8620052621,46020.3977642000,60275.4270136022,65191.3670738392,38815.5259957478,14906.2189414771,73772.5546818052,48136.3944227856,55518.3995838459,71744.6910417999,27994.0119207509,24039.3687787469,52891.2934834253,85375.2923555295,24357.9359880647,38779.1676820432,40267.6745626165,30704.4512682576,35635.6567006754,46508.2343222339,46669.4950003022,44692.8167367507,24124.0804866752,60565.1454591501,28424.4932625991,70155.6779137808,41328.4356314972,31307.0914284212,38344.0937936879,22310.5224664576,56287.7265411320,10561.2576190626,45792.5960712601,36094.0645207528,48908.7740189490,64325.9947430108,42396.9237771654,61253.8239757675,60996.0555113121,39189.2328412910,59749.6941546975,12271.4546204820,69228.6014096628,46561.7970044549,22862.3418179230,50143.4588933503,38211.7077186863,17460.4239817160,32345.5302622685,56147.5751940894,15159.5011789730,36667.6319750701,50717.3976542154,39906.1102419319,53475.2365399945,8182.4283165098,26247.6748893978,74063.5958462197,59233.7450321285,54880.8016760169,49853.9197818018,61352.7390435579,47243.6579947853,33431.0145061712,52963.9961856436,58326.4178100216,45032.1600819857,35285.4383806110,26444.8966862128,40238.1859128776,26795.2367807366,18778.7623421173,68470.9625548839,40625.9765523279,4021.1759481560,76394.6832601390,15853.8085586710,20703.5675362231,26548.9323064240,15874.3154639386,63556.4598376661,34237.8558277969,37028.6468153384,32087.8020618382,58057.9481304460,22842.1699188920,62073.4687879939,33890.2540347211,45059.4110058411,23297.1144926187,46370.2292730973,33277.4407794459,29276.3309778359,52812.8187014691,29823.7307168451,32434.0941643305,60558.5200756016,36538.5263468461,43057.0498733929,39374.4483665053,40571.3362714368,32661.5815240315,41194.9095117674,13786.9600154491,34758.7901530038,69589.3224546297,22918.6610754404,42313.4974172444,40861.9486180144,35222.2357818807,32140.8672005886
25,0,0,0,0,0,0,0,0,0,0,0,0,0,0,0,0,0,0,0,0,0,0,0,0,0,0,0,0,0,0,0,0,0,0,0,0,0,0,0,0,0,0,0,0,0,0,0,0,0,0,0,0,0,0,0,0,0,0,0,0,0,0,0,0,0,0,0,0,0,0,0,0,0,0,0,0,0,0,0,0,0,0,0,0,0,0,0,0,0,0,0,0,0,0,0,0,0,0,0,0,0,0,0,0,0,0,0,0,0,0,0,0,0,0,0,0,0,0,0,0,0,0,0,0,0,0,0,0,0,0,0,0,0,0,0,0,0,0,0,0,0,0,0,0,0,0,0,0,0,0,0,0,0,0,0,0,0,0,0,0,0,0,0,0,0,0,0,0,0,0,0,0,0,0,0,0,0,0,0,0,0,0,0,0,0,0,0,0,0,0,0,0,0,0,0,0,0,0,0,0
26,60965.8244182633,75432.1602841452,85222.1447921495,71177.9288454675,9679.5594868438,91612.7546455905,82694.2103343112,41949.2907472297,76853.8178136081,41533.4825890084,35633.2288833199,49822.9248075747,29441.3219593672,57789.9799347936,72073.8671063077,66615.2505805591,53869.1574479375,17317.3558095421,50861.8419985076,69667.9654194084,61130.5625607728,26984.4220972887,36509.7453921832,22720.0238992094,58025.5773403059,71066.1354770989,13306.1994298311,44783.9668416749,23831.0379037403,83575.9724613749,57822.0097180453,61307.9945883437,49220.7169130695,51488.6322462565,33522.2797735320,73074.0127940177,37088.4217104836,48623.6470455233,30672.3394683425,55897.8473818915,72609.8889447892,65133.3611454925,9591.4702003809,45130.7849587778,30513.5268733209,63707.2529937010,57910.7287565961,67294.2556537123,38982.9458984623,23928.5563732913,54444.1005838800,72889.0657861572,15543.5698732537,77093.1865937537,66019.4225258789,35664.0432173765,11438.8843516789,1105.5685425058,23428.5694114773,17841.5879099605,44146.7587959754,61453.8908606251,30577.0191673783,63881.7024438312,39157.0551632579,50390.4330743069,49881.8555855313,82304.7225501172,79849.0338824304,66871.1420757441,59259.4986215351,50689.4186531374,34626.3016580642,50822.5409970430,46209.1737824356,25217.7730451356,66225.8721786255,62515.9830016365,26105.0307347280,51149.2660786229,45084.0672724234,87966.0929926446,17923.6879395354,27664.2386020361,24124.2395211259,60720.4428700150,64711.0159555930,73573.3323984423,34436.1166339696,65794.9032706430,66243.4080264315,77542.2238389224,86894.1108440587,28366.4762179976,9582.1670661740,57528.1905617603,41939.5809435002,75537.5310187788,64648.5213086719,16310.6793831428,16798.9329631607,55830.4181526484,71150.5700596887,38070.8741353984,41128.6191376959,41787.4441532527,50199.8943308066,56500.5735630015,42986.3185125122,57658.8477121218,51432.3425346459,42993.5353661505,68122.0756692607,36932.1496488867,56678.2915635335,34658.4676410254,10553.0634944154,43928.2445305699,20371.0237182023,48734.1093288675,18758.2016146258,49463.5502459225,50658.8603198304,37656.8810445576,47360.6065437821,35039.3929711875,56781.5854892020,47964.8368627402,56632.0163414291,72324.2538428206,17320.7087774464,60018.3932733819,32061.7015336022,8105.0582856581,65111.5848481627,24303.1735892712,35635.2137563475,30728.6127814871,68536.7875541245,9680.9191039356,18262.0537091019,64131.6705134905,52176.2653865642,70482.6353624575,30350.8362075901,1811.1482430306,70643.3185961808,44233.9017987314,55179.7732582592,60051.9687470390,52001.8733500809,66126.7018872897,11649.0561143429,75425.0504298569,79705.8560635454,66504.1702409743,30100.2451714585,6691.4389788795,56353.7438665962,31703.1376761352,13010.7535968229,67079.9320801434,53301.0307750912,24865.0522441087,72055.9484992472,30902.3465111431,5912.9966025875,38878.8435648164,28033.8911254079,85901.4828353758,22704.0831698313,29660.9504022091,53804.5454731396,74063.7643864467,27415.5315700241,81883.3086162898,15557.3305648995,62956.1304091545,39399.6002103629,52605.1692419986,42490.6987671217,45742.2537388962,74747.1473393421,33166.7314053804,16730.4309724093,83235.0322022533,36618.9486454764,46330.8621023229,48176.8227109396,60963.7325419094,31324.8226878578,60127.2325523572,34371.1620894807,43317.0331653595,92256.2857666269,44121.2160674670,40857.8588512437,61911.1855111453,52839.8046796032,46311.1124307975
27,58992.8411213847,77668.1772862659,85827.2497126459,69533.8763942955,11142.8260144398,90736.3612897267,84482.8741363788,41718.6038216233,74636.3945628269,43480.1521705815,33578.1533436504,51879.5959048497,27620.0233655229,58854.2770821393,71915.0301608273,68721.5026107287,51634.0823427625,17546.3381820991,53093.8806551427,68834.4297508190,62828.3227730397,29218.9283831760,37559.0047264826,21589.7474221263,58374.7977408960,68869.6936806603,11070.1421928069,42692.7553498403,25529.7920252983,83078.5817776926,57390.9702734315,63518.8839448323,47496.8565378426,49327.7081691317,31288.1172387492,73411.4221382757,35569.2312863957,50091.6138018392,29706.8674281328,57873.6384736907,74548.0431974218,62954.9520397341,11494.4468354975,45622.7378122818,30797.7963206230,65930.4240802926,55756.6512368701,65057.7192151666,41185.6993234873,21970.6951522355,56595.8492538635,74556.5689093590,14087.4658772569,76010.5855668749,66655.8085489368,37270.4717587064,10577.6088011739,3.3170949114,21248.6792245086,20026.8295498392,41915.0003715355,61402.0717055046,32628.5116885084,62108.3890489253,37513.8326912610,50462.9220167747,51667.6599532300,82117.8581792382,79041.7568381389,64767.8533640021,58459.8204766377,52876.8009312747,32518.9673822386,51648.9895769108,43997.2288661194,24842.1347739100,68461.2640133941,60301.0379771747,27208.1321714304,49184.1680011869,47198.4567490878,86909.6160575498,20006.9342433350,25462.8308517926,22740.6729971495,58496.9545922134,66574.0008807335,72962.0432824959,33962.8118172480,65996.1833742883,65806.5936650413,77569.9773288844,86197.8844589252,26777.1044561531,9445.3019453938,59763.6770347785,40160.1130544866,75157.5701654963,66649.1119957938,14525.6658842760,18230.9977948972,57149.6054710123,73381.2080856571,38223.9252207311,38954.6885335699,43097.8945621509,49810.5976160059,54686.1334344864,44681.2352420744,58290.4413687724,49207.1424068863,41066.2717308110,65902.0232376330,37566.6272247563,58890.8723590336,32844.0594032067,12767.2268638096,44927.2359997950,18153.4154235024,50707.0559809604,18106.5976194168,50677.7752302864,48499.8569115542,39758.2782674541,49593.5566001200,36914.0575338024,58616.6305311064,50157.2277849897,54567.0285592198,72873.3306609842,15285.0237861715,62103.0481925729,34259.7896235112,8599.4889788906,62937.3999821275,26442.0516572774,33721.3217916664,32122.3133107640,66311.4251958464,7742.5774024171,17641.8076728461,64556.3004506144,52641.0102965896,70521.5270603811,28863.3508473170,6061.0813213847,72462.7911603869,46461.3720226254,56692.9716121678,57815.8921185029,54072.6813512659,65897.4522727976,11983.0558702373,74503.8107081866,79075.8440196922,65833.1633952509,28137.2304027607,6394.7105383174,56435.1168576501,32553.4366288540,13908.9952436431,68762.9551871582,51093.5008003679,23961.5577449165,70294.1003526089,30764.3858596027,7604.4647061001,36701.5214569338,25943.8757238680,85026.0638039163,21109.5297804791,31474.5097132124,53051.1412467052,74238.6496895108,25179.8005322305,81550.9094714378,17789.9490727934,60899.6631572573,37344.8321630043,53631.7845212247,40258.2865209439,45700.8498539795,73980.3991553811,30945.5073570639,15518.0267210278,82233.6332241542,37976.7746657993,44152.7145367909,45940.3095833379,59089.2882801176,29200.2563581545,59868.1481320478,32652.4923575195,44044.4765387444,91262.1020227114,42392.7289308847,42386.4807644546,61315.1960246617,52717.5353075295,46526.4059138578
28,64773.3427006624,71798.8797422190,85628.3607051585,73069.5748932285,13486.0885769151,94296.9858408549,80673.3991837126,43838.6896401347,80290.7865033741,39175.6020796322,38561.7821319287,45991.1689705122,33175.1730500761,57402.8428956358,73762.9189238946,63708.7980500238,57540.3148772016,18835.5681706529,47363.7120827804,72318.5451468641,59366.8047659693,23476.5505403412,36264.3698771741,23882.8869794872,58935.6019437756,74861.8990244950,16950.4293956698,48625.1084258197,22290.9388732568,85748.3358802579,59944.1463606531,57540.7932780709,52867.9361783717,54701.7987608614,37209.2803581187,73964.9959256396,38827.5385730916,47429.7677565076,33593.8293882396,53416.3986155249,70209.7523166181,68399.6181836144,8018.0157216127,45852.0965901724,31696.6617244735,60282.8624648749,61741.1299163827,70913.8552838533,35708.7362411751,26681.1040271725,51382.3541897950,71174.9053969960,19060.6782038122,80050.5599648050,66408.6367397112,34223.7971632161,12573.1643843149,6374.8577000631,27241.8814080003,14033.9039234329,47695.8312803180,63001.6507679871,27944.4306227298,67561.3430835702,42746.6695512399,51779.4142754905,47930.2745012432,84019.9701361939,82452.8376215049,70712.3912626006,61882.5303817833,46883.3312505258,38467.2223056390,50916.8974496170,49979.7081018072,27444.5156299258,62580.9353935533,66279.0369013612,25873.5414552714,54954.3764945821,42179.3414237084,90882.7274128520,15306.0310615639,31064.5987888011,27520.7772116156,64199.2352963455,62524.9438988426,75919.1148252844,36712.2812379096,66928.2115297396,68355.2620200423,78931.0001367974,89341.1288865311,30311.8674652651,11973.4529009343,53886.6474032760,44196.5034638054,77551.0432041980,62080.1001816462,18809.0114054613,16088.4470763411,54931.3148128639,67659.5378931013,39397.6612470297,44400.0358171820,40970.0660878992,52284.5972030116,60213.3997128205,41288.7819259790,58081.4468123602,54926.5629649315,46781.5862989530,71576.9667467868,37458.8685492833,53328.1316547451,37024.0169416986,9241.4763824359,43729.6038016514,23862.3880140617,46277.0097574367,21430.2551802211,48807.2591888574,54486.7522970330,34818.8046415011,43689.5534028531,32916.8594733911,54684.3955714421,44732.0874985210,60470.1646158001,72853.0547177988,21157.3001681082,57192.7689867872,28828.2363652237,11187.3179193387,68930.0372340978,21384.5896236914,39418.8811624448,29821.2995020750,72268.1329982582,13503.5286544991,18644.6048064001,64895.7917080283,52911.2673295583,71866.9939219268,33819.7050921643,0.0000000000,68560.5026306258,40786.7979703741,53860.9554804216,63704.9228131150,49234.4693208096,67934.1430726598,10750.3540545868,78182.1532924355,82069.5326212721,68942.8244952791,32824.1233268474,8016.6718760303,57707.1529301545,31886.6987838068,13599.4930740890,65339.1514834374,57079.8155120493,27755.4655367877,74205.0979368318,32732.7788245344,9567.4639543875,42694.5957282521,31875.1286115384,88589.1260592235,24726.2250416427,27746.0733843163,56378.5242168030,75222.1049054581,31086.8256491369,83817.7565076669,12128.5950021258,66792.4906669993,43236.5494393536,52310.8038440609,46189.1410274889,47328.9023349768,77302.9011236955,36651.2728489565,18188.7685485195,86086.4996905516,35735.5102644622,49611.1541394413,51816.9390415284,64716.2426305521,34458.3644585556,61993.1376027828,38027.3510271515,43631.9705372649,95091.8440435298,47775.6182817964,39565.4567946481,64255.5510346757,54521.6408411323,47489.3350170054
29,54345.6616199723,86179.8550151943,92874.9016592888,60267.4756945425,16729.8179894165,92239.1046060829,94040.0803847483,46482.3798988309,65710.0362951060,53122.4365432668,23975.6768018613,58425.7718790049,25147.2621453276,67207.8686114968,76520.5906050117,78258.5830143710,43605.0095139142,24673.4504319266,61978.0718472564,70721.0123838270,72301.1101156473,38119.3400760516,46012.5632535203,14595.8175099446,64813.3809151773,61727.1252844939,2501.6928084481,37188.6825859591,35054.2920947746,86281.5043543653,61119.2021109343,71462.0443765540,44922.1785802987,39996.6554925795,23569.4223093840,79702.5345328387,26722.8088015154,59262.9858651871,31982.6796290148,67514.9053904453,84188.8792168584,53702.5000308709,21136.8507458266,52616.4764434238,37485.9367874598,74945.4549362800,49318.6293752336,56728.6329387816,50414.5588263390,12337.6713751974,66030.9211976070,83985.7241679429,15798.4655840303,76649.1637210648,73879.9406437416,46668.6505571952,7696.7548537451,10130.0749951929,15486.9756588528,28106.1268964828,33383.7919709416,66490.9852818943,42233.9778410303,58940.5844277466,35773.9190345064,56109.0519489627,61233.4717357079,86544.2661179366,80946.7489884285,58838.1582237803,60633.4964066245,60564.6624268972,27126.5699215995,59474.5739556890,36771.3743327298,29728.6615142873,76946.0775946268,52863.3843296794,35884.9350385751,44753.2827879600,56723.6540923691,87585.1140589403,29581.9780709856,16545.2002212791,23490.3418077632,49693.4795022479,76188.5068916511,75775.0797875685,38065.3687076221,71901.0399428955,69407.3107394628,82803.4795839586,88538.5100895587,17855.5623414175,16666.0539202075,68273.8807779233,30704.1745056683,78893.8694399599,76284.9694210627,5649.6118048830,27526.2788771998,66041.7806664899,82266.4106331521,44341.1413625253,29713.0322817777,52024.4950419620,53821.9532658048,51335.9078058186,54167.2143912698,65554.2159921570,40465.7053582625,37140.7956017499,57026.2697461488,45053.9789898987,68024.2285683759,23351.6379745004,21348.4796377933,53211.3433017803,9724.2191239177,60348.5240569811,22585.0167029135,59387.2261750442,42081.9921800370,49306.6106738101,58028.1689861777,46540.5627049100,68215.9892537596,59435.2503766038,49136.6604049657,79812.9383166332,12474.6487171279,71673.5114663294,43528.3925149410,1197.9095815952,56168.0395437831,35926.7355391947,30167.5788817005,41246.1940891631,58590.4654955550,9128.6375712260,13448.8024226961,71175.2382437374,59479.0470207461,75844.1746464197,28523.2837515923,14706.1175980393,82047.9461359316,55446.2620891776,65922.0954496074,49663.2662959646,63660.1326582411,70297.0053751856,13372.5123736609,75929.0994442007,81755.6085712047,68468.0938346792,18498.6549369230,9291.0123180378,62035.1391705194,40635.2121015686,22577.8709030794,78214.6891543824,43878.4860799415,26895.3890510979,60827.7254292676,36168.2156874761,15898.6580621614,30232.6703523310,21099.7589402341,86573.4135552874,12325.3047304297,41073.4970294174,55517.7783709263,79996.7513352434,17510.4441945753,85424.7641828414,26830.5100353778,55478.9907523867,32363.6942434736,61924.2274286418,32483.6252007903,51041.3018005734,76112.0238243650,22250.8866939126,8973.4408179139,83211.5533185710,47010.5238017799,34924.8143993060,37780.5611541749,55228.9454503792,19754.5769673797,64223.0221715197,30623.2409780892,51686.8714295162,92208.3919422523,39919.6409426293,51669.0395368441,64322.7596373781,57665.1648624136,52687.8520848099
30,0,0,0,0,0,0,0,0,0,0,0,0,0,0,0,0,0,0,0,0,0,0,0,0,0,0,0,0,0,0,0,0,0,0,0,0,0,0,0,0,0,0,0,0,0,0,0,0,0,0,0,0,0,0,0,0,0,0,0,0,0,0,0,0,0,0,0,0,0,0,0,0,0,0,0,0,0,0,0,0,0,0,0,0,0,0,0,0,0,0,0,0,0,0,0,0,0,0,0,0,0,0,0,0,0,0,0,0,0,0,0,0,0,0,0,0,0,0,0,0,0,0,0,0,0,0,0,0,0,0,0,0,0,0,0,0,0,0,0,0,0,0,0,0,0,0,0,0,0,0,0,0,0,0,0,0,0,0,0,0,0,0,0,0,0,0,0,0,0,0,0,0,0,0,0,0,0,0,0,0,0,0,0,0,0,0,0,0,0,0,0,0,0,0,0,0,0,0,0,0
31,64711.6899527789,81788.9620080812,100563.1539475524,57951.4821632339,12892.9536663981,103218.9981239101,96078.5452779808,56025.7363046477,70978.4494451513,54333.9703828928,27545.2219897175,51324.7168767584,36323.6080039141,73100.0988590644,86237.9393930619,77494.5394480609,51140.9938715379,32305.4516359088,58871.5192349671,81580.1375525148,75051.2687066046,35921.2916463915,51851.2468842849,8355.4980927855,73134.3977768833,70119.4918634464,16232.6071953972,47308.3269894638,38179.1816195624,96721.1711200393,71274.5080624496,66148.9590591919,55996.3610017272,44462.9479957781,32309.3868667987,88165.7119957798,23791.0148151365,63344.1552543891,42556.2007674675,68262.4682435999,85106.9456961967,58115.3121212595,23930.1500040260,60385.8212268303,45553.2939607224,71983.9581381882,58574.1579970964,63481.9372623697,48683.2496552686,16176.8034301839,64816.6754261255,86875.1810265354,26202.0345220500,87764.8146135447,81375.3046791232,50108.8245860931,3082.6853276099,15791.5089859064,26148.5286816940,25027.5321661986,40379.2941114356,75884.2315387892,42838.5950985641,69829.3041333321,46962.5559026758,65085.2968792324,63495.5628042185,96381.2442372679,91816.9797122949,68385.1840588356,71389.1191538169,55027.2399530530,37524.2212325361,66223.1374801774,45529.2889442660,39079.5679842956,72609.8699953144,61030.1512456535,41433.6714174717,55300.6355302991,56224.4145729016,98704.5837326764,30583.4765154174,23953.0613090367,34377.7241760226,55574.1892087766,77776.8203980868,86350.2625873615,47929.1546080067,80694.8759780319,79643.1290806452,92120.1548216513,99293.1885828284,16110.2804656773,24142.1148371700,64130.3392584071,30251.3223899567,89083.8757789188,76704.1834257619,9557.4664543901,31867.3531401875,70831.0159357143,78836.1216258418,52919.6848730770,35018.9190477274,56844.0364567889,63814.0553891120,62208.6565824151,57057.9273154782,73011.0755628853,46747.5818099549,47948.2235926049,62571.6432266820,52280.3108593129,65547.0163866885,23715.6962752322,20333.4458858782,59289.1906166099,19037.7330878731,61220.1429711480,32049.1880568356,64634.1982144534,51476.3600563616,49162.2290064229,53939.4303444770,48409.1551637428,70075.6323666707,57648.5403512951,59127.3882344691,87627.4797589882,23661.5242952294,71261.3390814937,42196.4233552328,11267.7375330443,65023.8112655774,35927.5718998166,41148.4161787208,45705.8149849505,66294.5051466848,19026.2080546819,243.3520694956,79324.5420236621,67408.1140436746,85089.5477434982,39648.5620946604,15917.2753870803,83921.8484610166,52780.7674321270,69755.0754412587,56860.9392523929,63529.7299714404,80123.8245213992,7433.2904118137,86907.4769057077,92388.5913979222,79092.6685858710,21299.4305657821,10335.3316756468,71056.9396774298,47103.7401190697,28409.7782308704,81029.3167895757,52474.4244236786,37163.1680897347,59569.9468779341,45245.8182485301,20698.7333321050,39874.9429601668,31885.2564406410,97537.8403642926,11391.6297230880,43446.7488790982,66165.1820394064,88916.6008239414,26733.2418673048,95557.3624650105,25978.1562769091,65408.6706312697,42839.2405964510,67944.8927404139,40729.8207700383,60226.7971893169,86912.0730459313,29569.8504841220,4270.4895141243,94283.0221409933,51621.2295485622,40013.3762610691,45275.8365762874,65917.7035039069,24984.8968963186,74061.9348038618,41807.8891346728,58703.4332851600,103292.2999019735,51029.2693217410,55472.7115298455,74799.5715595349,67131.8097338588,61245.1525248881
32,42600.1633889227,95032.5318700822,89255.1265856525,60939.9027147874,27534.1525578009,82414.2406976023,97254.6552261070,40782.4958493780,58243.7433076279,58099.0870613167,21632.6663093376,69167.9202816125,14101.0217622867,66549.1271192471,69763.4481706118,84365.9307070186,34375.2309331639,24534.9518072193,70241.0430356541,61394.8656660733,75169.9968532629,46491.9176155740,46267.8347612544,23524.7068865697,60725.6297451146,51304.4947702582,7141.3763069677,25615.8607487217,39235.3892924613,77921.9443600703,53698.3666090661,81072.8385452576,33363.6066219540,34440.1521120571,14117.7001274373,75087.2272851138,30617.5311816710,61052.4481464899,24490.3078842272,72482.5562827014,88663.3148883600,47480.8508432186,27427.1739825396,49797.8891978624,35054.3138525535,82884.9253690932,38290.7656465314,47949.7534205319,57960.6040819624,14495.2666527482,72751.3210965046,86468.3114526404,11770.1511410251,66353.0495757499,70853.3844032991,49718.3358780923,19485.6171532915,17326.3767409561,2368.9230050073,37591.3793347266,25323.5233444893,60510.9590404074,48254.7007984266,47192.8986378026,24708.8545609929,51149.7855059157,64907.3630835262,79441.5376341236,71517.5393875742,47521.5054707745,51716.6954951259,70440.4233811397,15453.5033073426,57902.3409435114,26452.3417450764,25611.8425637225,85853.0756709342,42764.1556351415,37249.8855549693,32967.9593950564,63088.5217046598,77233.8174338411,36210.9549926833,11156.8371664648,15567.9514253799,42037.4288092938,80156.8364530426,67178.7297511292,32088.1925937925,66877.6890067907,61676.1286174342,76706.3575748223,79391.7207567400,22727.0709204818,18809.4750937225,77157.5199651788,31587.7956037261,71150.8367918111,81368.4071489611,13962.0511626694,31264.7816870318,66788.2647916389,90463.6832514563,40574.7178313971,24168.5351192315,53242.8460029842,46924.2406353167,39578.5768231584,57447.5917105731,62781.0764269947,32783.9838108925,25354.4263015774,49488.9468690650,43433.6871041935,75707.1897147106,24735.2469932422,30318.8210975997,52792.4272726150,9967.4019597656,65394.6808444110,19316.7006506586,59789.4146780583,31023.4774773139,55631.2145370408,67042.4928973281,51188.4534123873,72096.3736867807,66766.9056478497,37579.3547805469,76200.3672435382,4676.1604276353,77594.9557409194,51036.1835588627,13810.7015839095,45404.0479222612,42829.4801503629,18484.1622873456,43495.9659614966,48838.0631705769,10864.5881605988,24507.1863350700,67214.3583512251,56164.6702958521,69970.7048667206,18829.2390649138,23557.4836941826,85619.3226170038,63536.3752271826,67780.0957338517,40604.6699660981,69516.1795067950,63413.9212775597,25072.3754375748,66183.6605626741,72966.4299568360,59818.4655004659,18693.1971663358,19824.8037576736,56830.0641295942,40392.7172428956,25411.1565450280,80886.3733934788,33536.4407379485,20815.3560933024,60368.3237277009,32004.2095674066,21592.5726340432,19174.8305449923,9300.6924307286,76822.1083818976,18854.5324919598,45546.8090489743,46984.3042950018,74625.6987539199,13547.7255950745,77740.0680750297,35089.6965207046,43933.6629609660,20619.9808809027,61255.2556111493,22942.3643340909,45867.4263294941,66918.3520231860,15205.1304843926,19387.9526721063,73086.0067677192,48727.5679115238,29060.3658389879,28840.5421745640,43430.2453917661,16449.1401147151,57418.7732093157,19567.9775121283,50037.1691682534,82002.0736644326,28445.6378729251,54074.3358125605,56098.0481802368,51747.1452236140,48580.6158983075
33,58467.6154852330,86009.8773730184,98156.6500344617,56674.1471349749,16058.0081430066,97986.0829979832,97103.7736790086,52214.6662374091,66059.8850082990,55683.5095838920,22988.8894344533,56614.4902074545,30460.8783395082,71828.7863180073,82302.2703385518,79964.8041415047,45386.5018509185,29747.9184984340,62435.5146241770,76518.7759828268,75636.1732481864,38888.4763251510,50545.7344599537,8952.5524913170,70258.7451350042,64170.4421709082,10619.9777924762,41063.7439314637,38355.3778621617,92128.1989768195,66952.3041406958,70741.8202782694,49952.0031335088,39749.1487580947,26195.2238267324,85202.5146910130,22548.4503471638,63132.6902912575,37829.2150388874,69919.3032958843,86718.7679723561,53497.6527706521,24032.0693586571,57871.3062106409,42793.1115617571,75521.9385689442,52427.3103493873,58006.0641318304,51524.4901658293,11071.8782901066,67475.9190403923,87408.9638761088,21626.6519665339,82298.9964027121,79081.4728717185,50204.0212121939,4491.7944719630,13893.9397050964,19979.5701483284,28267.1478946397,34737.2951941628,72208.6015539533,44432.8621934982,63668.4886280430,41119.0444441421,61722.1671754368,64314.9237506438,92346.3549324123,86739.0421316054,62199.5316271702,66457.0204127699,59683.9241751144,31289.3296317228,64394.8639097953,39455.4696239695,35386.2057547557,76786.9013461591,55125.7298284338,40241.2662438102,49070.8646949977,58483.2345230347,93227.2336847716,31814.4686703979,18037.1563305377,29307.0128626239,50377.7024780187,79010.3884786922,81617.2104192451,43848.6554252344,77482.9500160423,75247.7178219348,88513.4667740071,94357.5152277768,13856.6992467745,21562.1143445690,68196.9882294277,27692.8807604821,84732.2483547205,78560.0064062494,4954.5790594828,31274.7180030218,70225.6972950509,82611.6572197082,49827.0628151482,29898.1990152868,56174.0082978070,59635.1472303548,56045.6760174590,57500.0395885713,70731.1831301383,41370.9191662095,41774.0301317185,57523.3962274791,50102.7996940617,68833.0093230242,20573.6456334290,22370.6785015083,57865.3202481719,12794.7896523036,62784.3435730037,28244.1711275412,63736.3945467846,45300.1760753214,51197.4256944106,57943.6461009624,49367.2493792064,71139.2158105925,60565.0199314035,52890.8292937349,85122.6381515492,18096.2502637573,73534.0016782656,44789.1621331796,7587.8789391073,58960.7398658555,37768.1826006154,35056.5179260227,45187.0382759682,60527.1130574794,14790.0945006130,7971.8959015053,76577.5567125774,64798.2803068673,81535.8258050972,34200.0339018316,16509.9869970285,85014.2455671327,56105.2939897820,69708.2698829034,51224.6824634012,65630.0698735748,76093.4954934186,10872.4798606688,81680.5489882452,87592.4971385423,74307.1003808068,16893.6205500052,10326.9388278848,67665.6466292678,45386.1206960264,26896.3013597806,81592.8278877656,46449.9450110052,32724.2158145227,57702.4519741052,41773.1434325364,19567.0886015649,33655.3144707438,25730.6983911584,92328.9875448720,8225.9551413660,44090.6471632060,61356.4797210366,85615.7129690563,20526.6962836834,91259.4914718066,28096.6257436190,59178.2196057475,36607.7426015356,66581.5622744102,34752.7416392157,56699.5783006475,81923.6033539998,23749.6867883953,2847.7557309145,88902.0072415878,51049.8165432955,35021.5861235524,39511.7836168664,59704.7855613251,19731.4982330989,70019.1759224378,35957.8955604070,56682.6531828249,97885.9325561621,45026.0679696343,55389.1882005198,70169.3422242684,63391.8561772714,58183.8448977300
34,0,0,0,0,0,0,0,0,0,0,0,0,0,0,0,0,0,0,0,0,0,0,0,0,0,0,0,0,0,0,0,0,0,0,0,0,0,0,0,0,0,0,0,0,0,0,0,0,0,0,0,0,0,0,0,0,0,0,0,0,0,0,0,0,0,0,0,0,0,0,0,0,0,0,0,0,0,0,0,0,0,0,0,0,0,0,0,0,0,0,0,0,0,0,0,0,0,0,0,0,0,0,0,0,0,0,0,0,0,0,0,0,0,0,0,0,0,0,0,0,0,0,0,0,0,0,0,0,0,0,0,0,0,0,0,0,0,0,0,0,0,0,0,0,0,0,0,0,0,0,0,0,0,0,0,0,0,0,0,0,0,0,0,0,0,0,0,0,0,0,0,0,0,0,0,0,0,0,0,0,0,0,0,0,0,0,0,0,0,0,0,0,0,0,0,0,0,0,0,0
35,45004.9430549227,96618.7601274422,95243.9356253600,55128.9423051688,27409.8864671739,87824.8122211659,101670.5352420247,46871.8417561123,55500.7003713686,61716.4299030749,16140.6242800602,69080.9574770483,19348.3633853843,72014.2054944679,75839.9269878274,87545.5998531834,32937.5595570470,29532.9645681121,72194.1657952436,67042.2413836751,79660.6891236080,48305.7323072898,51425.7853724946,18785.2399955320,66733.0312889412,51111.3132465869,8221.8892513256,27548.2184296746,43046.5251450697,83791.1772981757,59738.5718721453,82070.2532482516,37515.5068688185,30468.0904889528,12935.7254698122,81149.4659234332,24539.2234613427,65848.1428034215,30581.0564991692,76155.8884491301,92581.6873839595,43954.2980756162,30149.6453441589,55621.4050959180,40736.6725044887,85061.2421441442,38973.0890111151,46140.5897137013,60312.9097790413,8537.7009912557,75596.3880243831,91115.8642921862,17269.1841432590,71563.8634700748,76753.1066843451,54039.2157978038,17557.4917339190,19235.4718908287,12015.5226921152,38612.2699550616,22855.7016270036,66612.1342555455,51349.3921167337,50662.9062854648,29660.8689220983,57213.8384975209,69075.4616394745,85487.4477964651,77106.0843187064,48677.0083591820,57510.4371450100,71208.3850397493,17982.8015501468,63533.3734626510,26197.2561504928,31490.7063618211,87392.7719067677,42205.9265500459,42017.1246960416,35743.2324861282,66086.2458195621,82384.5467504589,38909.9940187920,12153.9869481374,21666.6568236468,39368.8038500270,84258.3271466066,73013.3372059721,38177.0882581155,72957.8111818735,67670.7410370305,82804.9468523851,85059.3848808378,16846.1741850367,22884.4323098894,78704.7479552984,25614.5999312461,77132.3132353377,85014.2562298549,10280.6951096569,35137.7272700656,71906.4992773064,92488.1585894533,46499.5222129520,20047.3742779389,58174.0149933357,53009.1774190088,43055.1591177935,61729.0153103864,68631.2011450495,30085.6756079500,28804.5284697237,46767.5814373103,49013.2398093958,78025.7735351755,18665.3058577865,31640.4022180588,58154.3000738348,3.6629731835,69011.5249204909,24945.5826390975,64975.3186155924,31800.2919089947,58619.2184722512,68482.9838123205,54907.6393062673,76210.1278179129,69266.8821357543,39339.4496180256,82177.4980889340,10660.5238152979,80849.9224278142,53382.3063964820,13841.2410664670,45664.8395517567,45451.7234543689,22612.6241241871,48043.6217071534,47910.4044514554,14285.6951178701,21057.3396050062,73217.5653961329,62076.4277650272,76071.8800304596,24640.9199517826,24848.6955664510,89883.7089079193,65583.1950092664,72578.9807232221,39021.0289773194,72780.8592830459,69486.7119189903,23663.2302706983,71663.2688517725,78744.9970499238,65655.5042099300,12646.3458503704,19906.9811582048,62912.4955789772,45636.7847110032,29488.8592455293,85458.7311076200,33280.0995928680,26872.9536799761,54773.0292044231,37938.7820946523,24409.6877331749,20101.3314673669,13185.9296431518,82275.0771170977,13554.6319183423,49298.8003219183,52879.0427311381,80721.2312637799,11984.3842826444,83722.8345111786,36897.8321908915,45621.6235965810,23304.1309580419,66707.0817040366,21809.8930456169,51937.8286607525,72594.7951290466,11813.3792029261,15782.5805386041,78371.8155460206,53483.1227891216,25190.0356627172,27128.3199309491,46459.0919917669,11079.1766281347,63500.1156149068,24637.4473141570,55654.9227009893,87225.5668178888,32821.8847462618,58641.0693194996,62027.5721639624,57847.3563755155,54568.8909296657
36,0,0,0,0,0,0,0,0,0,0,0,0,0,0,0,0,0,0,0,0,0,0,0,0,0,0,0,0,0,0,0,0,0,0,0,0,0,0,0,0,0,0,0,0,0,0,0,0,0,0,0,0,0,0,0,0,0,0,0,0,0,0,0,0,0,0,0,0,0,0,0,0,0,0,0,0,0,0,0,0,0,0,0,0,0,0,0,0,0,0,0,0,0,0,0,0,0,0,0,0,0,0,0,0,0,0,0,0,0,0,0,0,0,0,0,0,0,0,0,0,0,0,0,0,0,0,0,0,0,0,0,0,0,0,0,0,0,0,0,0,0,0,0,0,0,0,0,0,0,0,0,0,0,0,0,0,0,0,0,0,0,0,0,0,0,0,0,0,0,0,0,0,0,0,0,0,0,0,0,0,0,0,0,0,0,0,0,0,0,0,0,0,0,0,0,0,0,0,0,0
37,44447.0071243643,99315.0409764920,98120.2319773827,52090.8824009858,29757.0129395975,89227.5468482021,104911.5911281303,49553.4106077145,52635.8090543922,64890.1366224157,12938.4825839986,71232.1286308191,20954.0268500365,75176.1190911334,78219.3456056032,90637.9933710951,30630.6115858505,32756.5519900895,75017.2993342165,68723.5921192853,82905.6008691908,51131.9136831210,54640.8958091701,18688.9554964409,69586.4216176529,49217.4354581884,11344.6965515340,26938.1355338287,46254.0706437237,85738.5163200021,62020.6005495148,84593.8280992879,38082.9501041807,27341.5053316046,11290.4930575167,83905.3195609433,22331.1307383584,69093.2286969492,33074.0112633346,79331.1903690879,95783.2982241967,40899.4622870803,33230.0886368514,58637.3113489240,43819.3417670362,87931.4556418729,37564.9709107353,43611.4430652638,63251.2766236197,7189.0464014917,78629.5111597733,94363.2929778217,20383.7831311137,72800.2631056153,79717.3725353694,57279.9344011106,19367.7927354138,22239.3990046035,9443.3415116876,41248.9379653202,20252.2589105441,69171.8649089596,54450.9522761816,50697.9534354254,30875.8380646525,59969.6219275082,72304.4403397502,87766.1578496705,78707.5020084868,47432.8743586493,59384.8227571985,73669.9722362839,17989.8328211009,66642.3353834512,24504.3987540596,34465.2734701625,90082.6176604883,40199.8476015201,45260.9350359758,35479.0861107619,69156.4818885074,83549.6416725877,41960.3711572793,5968.2168431398,24239.4284570360,36569.0062510284,87479.5228181209,74920.7881021873,40866.4120529538,75665.4194318191,69844.2004585788,85304.8390227711,86741.9678096447,15309.4686165152,26127.0578247230,81405.5682543642,22731.9115302452,79272.1987208150,88183.1526995184,11519.4608107289,38357.2260549625,75129.8847360596,95312.7883448871,49441.4736662571,16929.3299081637,61412.0125646996,55439.4301457653,43142.1952300706,64966.5222132932,71631.4456898331,27324.2898129377,29034.1487115182,43927.8149203403,52136.7905902476,80937.5023257159,16007.2069472253,34402.0145890201,61337.4176148408,2391.8710874859,72181.8235447045,28036.8362092763,68189.4110866680,30518.6638386190,61694.0336297922,71165.0494902595,58097.7157499634,79433.6168045052,72229.6026062917,38476.9288458511,85067.9538655505,13661.0076270473,83958.6249841824,56329.4612100708,16515.7381340521,44005.9018512632,48473.0070222730,23385.5561926596,51290.9682631017,45717.4654265200,17517.5572922963,21906.7794064467,76076.2048363357,65030.2634254659,78627.9765123379,26671.5390350474,27655.5520409280,93116.8697683228,68439.0559080056,75824.2873891233,36611.3493626530,75895.1090826962,71856.2310453436,25556.0263698117,73156.9283035017,80570.9146696282,67575.1737271013,9947.6918937024,22438.0923751393,65614.6207239497,48837.7336413042,32726.4558751706,88705.3925634632,31484.3360154221,29656.4978915090,51628.4454158809,40871.6115274139,27529.1403808971,19161.7758490003,14219.1652704945,83726.9264399870,13057.7828166304,52495.9320516994,54901.7361056566,83357.4121930219,11218.8159925021,85860.7126876015,39758.9249631920,44670.5658602960,23207.0747149957,69871.5083571028,19800.0940001138,54679.3919718234,74301.7245618275,18223.9828161795,16711.7937419552,79666.0252544885,56728.6029553366,22105.5458721753,24770.5397646293,46250.5706887161,7841.0809843522,65906.2866129259,26008.7974611890,58767.1479289347,88450.1122270289,33588.0667357468,61888.2919143636,64090.4435751632,60446.0098733560,57447.3020261024
38,53464.5108653001,99104.6083743981,107267.4821720327,44310.2313325492,29394.7164113969,100007.7190555326,109999.3477268746,59324.9387161237,53693.0606191620,68854.4169258607,10245.7961255030,68592.0231086212,31722.4300926157,82786.8893529219,88501.2905204572,93417.0063906778,35437.5088251200,40026.1946822090,75810.7777512199,79498.7111195344,88309.7343332484,52352.6834368462,61734.7604454337,11187.0392753799,78854.1302739344,54922.7371331235,17636.4132171747,36179.6642182554,51033.8251264026,96420.5889957008,72426.1982357069,83551.8462901587,48519.6084435751,27127.4105443694,19789.5374336214,93444.5330058667,11901.2053321129,75260.7835751746,43219.8650225993,83173.5565742242,99927.5545449978,40723.1104534329,36938.4419190095,67291.7504674026,52206.5568210730,88912.2567794404,44943.3972129304,46891.3755122684,65002.8374983501,3587.2211105439,80950.6018372412,100005.4784624605,28960.0819301475,83546.1263709459,88546.4743847811,62689.6674691558,18132.7025771145,26103.3445395887,20128.1773018857,41668.3550805744,24584.5234156433,79168.1080470839,57735.7513895522,60534.5177004341,41643.0291200114,69541.9843389160,77184.1034702870,98173.5207222587,89494.3417182668,55012.8548534815,70098.1294067339,72434.3086472490,28199.7437812474,74722.3074317794,31657.6125349871,43447.5042603869,89904.9258980582,45745.2783341904,51757.5562132132,45058.6102972845,71917.1173126590,94267.3356796106,45073.5203821628,11370.7974163839,34283.5439100891,38592.6548812938,92059.4071986244,85621.9448360353,50640.9916864690,85338.4759695343,80360.2716808218,95399.7598662699,97518.6467746721,3683.3865877554,32369.8926807796,81372.8133841091,14680.3277173635,89818.7039379075,91869.9950593277,11044.8260265171,43550.0652139502,81931.1688691836,95928.1464763989,58455.0699974792,18186.0318033345,67948.5311019207,65657.2734100821,53089.7292745996,70169.1602407882,80316.5926869863,30135.4414145198,39254.5292843092,45400.6503445265,60193.5877730114,82275.2917535061,7332.3312383961,35842.1664283403,68802.1673436649,12894.5110189714,76019.5034492577,36566.0881760706,75197.8476597882,38402.7251548444,64598.2900519754,71143.7191448197,62388.1882408002,84120.6300401713,74042.3485124523,47032.0140091510,94181.0926716182,22912.7233573388,86957.3367812705,58266.8509851835,19393.6189739951,50553.8038089162,51160.6390740972,34028.3000074406,57245.0374510365,50420.1590422928,24026.7595792608,16810.6623833325,85314.8270112558,73939.9509564379,88625.1407656990,37282.8615998943,29801.1152522792,97974.0897146890,69533.3095487005,81930.8370012797,40702.9575169421,79024.3683124111,82152.9381701684,23685.6214183984,83946.3536036805,91307.7257622023,78269.0117390676,5465.3678851233,23682.6472565588,75312.8567494883,56192.8207615748,38528.7003852144,94229.6854676043,38009.7705065695,39260.5664867417,44807.0685991941,49963.7891730452,31896.8117482006,28179.3792663988,24992.3778451029,94513.3115060386,7695.5423552371,56984.2302262201,65533.3198270111,93189.5072576708,16520.4297541039,96409.3008756951,41560.4525141591,52947.0963361562,33195.0970917753,77481.9610050425,26409.7147552107,64298.6484499654,85072.3887059292,15273.0463324075,13020.7216094539,90425.9499975843,62979.2648443890,22922.1117820652,29748.7046155310,55793.5572563552,9085.9469977266,76154.2468817387,36797.8964686864,66863.1872489502,99187.6015741329,44175.8196284181,67689.3818052838,74696.3348159419,70375.1688780970,66660.5607390510
39,49906.4317652088,101089.0319257663,105828.1677791303,44861.9364187363,31141.5090728067,97017.1590129672,110321.7223740740,57494.2856265712,51170.7991074680,69508.7305457032,9029.2661694657,71150.9958917808,28984.1820349601,82077.0312858117,86320.5233495187,94508.1327398498,32116.6731064896,39347.9294407381,77475.8722247293,76702.9059088413,88491.4119242638,53820.1503202692,61209.2415608378,14424.7700727316,77333.6116046843,51542.8675074095,16950.7763382846,32651.6596375939,51346.4822722665,93819.5665974264,70137.3929621780,85737.5048862625,45225.0567951303,24721.0953555672,16258.8643171637,91775.2069509239,14238.3600912825,75132.8127832959,41127.0841947130,83899.0670540566,100573.9119584380,38446.3492687007,37523.1568447464,66079.5239287645,51094.4125982774,90546.3580299473,41397.8680201618,43868.1376405714,66356.6360490646,5408.1253617426,82166.2888701017,100112.3620111092,27651.8628682578,80474.3045853092,87266.6087307954,62818.5012168833,19885.3106763680,26489.9350718602,17559.2053144401,43310.7901817847,21245.0922175504,77200.3194272677,58582.0106573765,57056.9356955395,38649.0958890649,67840.2488783218,77538.3444291724,95884.4486976338,86636.7482710109,51464.0018633354,67450.6022379041,74650.3938689591,24872.2904427381,73792.2760696986,28105.9357456879,42025.7643038222,91868.4473562305,42366.2307837785,51440.7212552451,41555.6827319836,72974.8700283458,91148.6579880412,45914.7811698467,8034.6275488253,32246.4466547059,35776.2135732142,92543.9966676805,82991.9319464777,48799.7453012319,83584.3696793873,77964.9986851077,93365.2413529953,94712.4947796337,8227.4493979237,32025.2500212039,83282.8067617146,15156.6319930042,87390.7038303629,92661.4805825725,12103.6837538503,43677.1838493682,81562.0494924733,97677.7098260236,57049.5090414620,15234.0135683320,67661.8483114606,63523.4091774335,49639.0479232420,70392.4514918931,79103.2649882221,27094.0179845824,35893.8739763926,42745.0003892670,59250.6615814701,83793.2040251005,8046.0811314577,37133.6166395086,68135.5571620132,11067.2489472093,76733.0523826888,35331.6058167116,74733.7617755303,34833.8929937855,65590.6056155235,73029.8774898446,62913.1120708541,84555.6006865041,75400.6917997063,43461.3253602194,92754.5820258879,21236.8713656591,87968.0809163192,59541.8194293837,19916.0674897734,47075.7628716218,52171.4887640866,30889.8122750953,57155.1385844307,47168.6301945682,23460.2667384460,19603.4709308610,83814.5667401622,72606.7538108989,86659.3753103807,34788.2254566292,30802.5349028993,98367.4697610017,71096.1218609703,81837.4667276347,37512.9451056611,79978.6726148951,79959.2243918504,25765.3946837035,81023.0975200727,88610.8307791214,75652.2191301888,1630.6130255288,24848.4645122775,73538.4183186145,55544.7105692763,38401.6592623021,94374.3292617312,34511.2720979442,37499.3925328774,44896.7796688690,48502.6040656026,32206.6508771425,24649.1108006365,22062.8631807846,91556.1542205935,8862.8927132618,57422.7520734407,63007.2747716298,91336.7656982949,13349.5180210917,93978.7711934698,42790.5133695028,49375.6936806369,29787.4608153724,76765.6516772515,22871.5889110313,62564.9682193935,82290.6536297217,11701.7893215611,15286.7644110314,87379.5010432521,62792.7654866128,20186.9065570355,26373.2464618918,52276.9080598134,10086.4037261161,73999.2061367813,33906.5293624265,65914.5342292981,96096.5174240163,40972.6243463867,67685.8122902181,72201.0535384010,68449.7425527252,65159.6831238777
40,55260.5245238634,85596.1203266306,93325.9044095963,60194.9681056867,16003.7242197276,93092.0484808809,93960.5554933780,47121.4922702554,66265.9378957156,52934.6013125283,24289.5990145092,57652.3789582477,26073.7512391209,67463.1207479564,77194.4490035333,77938.6616408976,44318.9434160154,25034.9271590435,61467.4123356180,71551.5989170121,72268.6293565533,37631.6239947066,46237.1407091123,13975.4384831548,65320.1111956440,62517.9939895919,4022.5183061244,38086.1543981061,34989.4061122521,87050.7085740993,61844.9867398257,70807.7796967790,45856.2793173692,40453.1668783087,24348.1010005955,80231.9871094097,26498.0820293317,59337.1388888103,32756.5762515155,67307.2391125844,84009.0472028366,54177.9274028672,20958.2929752784,53052.9522233359,37935.6412084279,74456.6390623920,50164.6041663937,57393.8250698743,49988.7522075454,12518.1554967265,65665.2172403079,83974.2650781434,16519.5565985862,77529.7417411207,74302.6682485857,46663.9758285370,6763.4485360687,10060.4158143322,16405.8395140009,27518.9701807360,34037.7977119651,67122.2224624627,41973.2832758781,59874.9210046497,36696.5325840809,56685.3931037156,61146.8699619245,87235.0795309644,81779.9962289860,59706.5680753181,61445.9669679749,59887.8953375905,28036.6209754750,59809.2950816061,37572.7872927794,30322.9300330126,76361.0837006295,53633.2931738039,36057.2057655165,45675.5855547630,56402.3619896849,88466.8752121520,29307.1974585272,17166.3168501227,24314.3741976862,50282.7222338366,76059.0066001482,76562.2044400529,38739.7411048545,72464.4168888782,70146.0213455565,83430.8341407066,89353.7530389435,17633.5929655443,16954.7753859069,67696.1310658071,30709.5295083561,79628.3329215826,76058.3243200384,5325.7496585160,27543.6475198228,66189.5117616051,81748.4740135933,44860.5234428047,30211.3215647587,52158.4761328186,54523.3803569769,52269.8296290590,54126.1765465666,65967.7934255091,41074.2162550524,38072.4824247791,57596.6567970098,45422.0135565107,67565.2290011812,23376.2877018485,20856.0691396570,53470.7987419288,10487.6658458155,60142.8901243663,23177.7957457532,59571.9493651368,42933.9656769948,49001.2122238270,57444.5819912781,46396.1659234706,68102.4372846844,59018.4935508730,50029.9940195558,80272.2700849009,13376.2655077133,71376.0040870614,43118.6867003029,906.9271062872,56989.3063537662,35598.1053369320,31102.6154703245,41325.0016949841,59329.4244517660,9710.8025711100,12578.2002432667,71666.5316255867,59939.0040548090,76461.1419839614,29403.4536120240,14292.9519815967,81947.1075637066,54959.5055049689,65980.7543154191,50356.9160628104,63376.9706007508,70982.8277150653,12483.4102265381,76781.0097750455,82551.8943281609,69261.4956788807,18689.8403260663,8685.4992194675,62620.2471686371,40914.5588267630,22719.9239728362,78192.6443220297,44674.0170333054,27616.0392681175,60844.4984128886,36737.7288931535,15857.6500838519,31093.8389636847,22028.2860862511,87423.3059799263,12037.5910745374,40959.9107337671,56312.3480586940,80577.4473863525,18313.6717544854,86152.8076147790,26392.9132704690,56370.1335709879,33280.1121811127,62187.5369425078,33239.2183524212,51639.2644983293,76933.4122160542,22898.1223630958,8227.7398926441,84082.2140805404,47116.0962479667,35421.1497061449,38483.7065164195,56157.8165073447,20189.4628837014,64908.5113899027,31547.3551513888,52041.3341109633,93081.9916715522,40852.4293358426,51706.8338944834,65093.8334025229,58301.4406743937,53212.8782341669
41,0,0,0,0,0,0,0,0,0,0,0,0,0,0,0,0,0,0,0,0,0,0,0,0,0,0,0,0,0,0,0,0,0,0,0,0,0,0,0,0,0,0,0,0,0,0,0,0,0,0,0,0,0,0,0,0,0,0,0,0,0,0,0,0,0,0,0,0,0,0,0,0,0,0,0,0,0,0,0,0,0,0,0,0,0,0,0,0,0,0,0,0,0,0,0,0,0,0,0,0,0,0,0,0,0,0,0,0,0,0,0,0,0,0,0,0,0,0,0,0,0,0,0,0,0,0,0,0,0,0,0,0,0,0,0,0,0,0,0,0,0,0,0,0,0,0,0,0,0,0,0,0,0,0,0,0,0,0,0,0,0,0,0,0,0,0,0,0,0,0,0,0,0,0,0,0,0,0,0,0,0,0,0,0,0,0,0,0,0,0,0,0,0,0,0,0,0,0,0,0
42,56524.8715927988,95237.3530764139,106380.6702195090,46587.9962221858,25757.3337069008,101429.1305196424,107275.9051558983,59045.6393883047,57772.8757275144,65901.5552108949,14339.7871787065,64527.7319462682,32951.5179208914,81105.2031666408,88620.3161885520,90093.2628722481,39361.0730571367,38491.7108041678,72124.3267221086,80595.3901392249,85735.3554227186,48820.9129545129,59913.6645299075,8499.7198452995,78116.7821315428,58791.1696589402,16587.4168677111,39100.3679614185,48431.1926296142,97163.8185355074,72736.7999683439,79601.7182723153,50685.8848686095,31201.2784807246,22821.5506774928,92865.1435187878,12825.4778609804,73000.2137672407,43385.1279502675,80139.7890168338,96939.8473881708,44761.2640794948,34169.3915375707,66214.5019437863,51075.7046412436,85235.0860166833,48484.4484646285,50959.0037033430,61525.7412967092,6054.5408479767,77549.6009134716,97484.6401308169,28292.9456666617,85148.4630647870,87496.7630354444,60216.0290405313,14609.7619461020,23646.3581894193,21322.0965932644,38048.1677182112,28491.0369680418,79009.9149148279,54650.9639688889,63191.9473483719,43222.8811791916,69058.5127871111,74472.8028741691,98433.8245423367,90682.8956366132,58532.1904694019,70967.0909193998,68476.0175774318,30559.3464421416,73300.1425336115,35184.6636056222,42742.9483158816,86050.7579297308,49614.8416718182,49761.9935298857,47844.2699453253,68641.0933280439,95951.6804064057,42035.5500974417,14094.6495278199,34460.1579159202,42687.9912697084,89214.1551836394,86429.1785859097,50418.3644044960,84883.2468192587,80810.1377855181,95301.6778901436,98605.1648141088,4211.3011700972,30560.0680598573,77548.8478643918,17475.5217927964,90300.3509086328,88773.8433045918,8533.9320440036,41160.2855306042,79896.0225796153,92181.8639823753,57642.2721848381,22256.6800525340,65862.6076145023,65766.0205725015,55669.0886788156,67589.1824793081,79205.3234417223,34194.0818218240,41621.5493340961,49495.1827570435,58832.2209351727,78672.8617544544,10454.7806381209,32492.7685187642,67107.9347015757,13506.4835556705,73005.4695337608,35701.4560524417,73273.9794432421,41792.1898557556,61383.6801919630,67338.1213696025,59559.3515228256,81327.9806573524,70550.7828361589,50249.9144331544,93297.7075810126,22835.9989051356,83698.2778174887,54855.8645299776,16963.1341616203,54280.7630857183,47963.8866283635,35936.1438013910,54998.7471558188,54395.0149212069,22612.7091394397,12726.5589304432,84538.1918455641,72986.6214697524,88444.5484503056,38075.9922301022,26730.5567509443,95200.3987094250,65914.3825121593,79623.7140612707,44710.3431757297,75816.6135559245,82302.8983592414,19873.9701845210,85262.6394522042,92216.0039601523,79068.9743660951,8161.8111717854,20547.9860143346,74907.1008197902,54523.9441394533,36427.0254475705,91681.1467726752,41698.7651389417,39018.8028117162,47495.1925856778,49262.4453655368,29431.2895736108,31146.0286763430,26629.1985116277,95877.6314340450,1467.8023015411,54246.3325196780,66221.7574247960,92849.1550133882,18761.0471657520,96884.4474286314,38229.9105573255,56269.4335496566,35718.9943935493,75818.6160462373,30001.0650063379,63873.6948574306,86134.7144998813,18704.8623371842,9219.4950176270,91968.0129036738,60808.2069765305,27018.8176710471,33622.4023453242,58614.8580666116,12857.3247562582,76262.8156720850,38230.1771859680,65484.4069561130,100809.4219504528,46154.1000798665,65326.9898289783,75311.9968907383,70182.8484454209,65933.3049796443
43,0,0,0,0,0,0,0,0,0,0,0,0,0,0,0,0,0,0,0,0,0,0,0,0,0,0,0,0,0,0,0,0,0,0,0,0,0,0,0,0,0,0,0,0,0,0,0,0,0,0,0,0,0,0,0,0,0,0,0,0,0,0,0,0,0,0,0,0,0,0,0,0,0,0,0,0,0,0,0,0,0,0,0,0,0,0,0,0,0,0,0,0,0,0,0,0,0,0,0,0,0,0,0,0,0,0,0,0,0,0,0,0,0,0,0,0,0,0,0,0,0,0,0,0,0,0,0,0,0,0,0,0,0,0,0,0,0,0,0,0,0,0,0,0,0,0,0,0,0,0,0,0,0,0,0,0,0,0,0,0,0,0,0,0,0,0,0,0,0,0,0,0,0,0,0,0,0,0,0,0,0,0,0,0,0,0,0,0,0,0,0,0,0,0,0,0,0,0,0,0
44,44417.5876026145,88638.3287524940,68748.7537166284,81363.4961585477,33365.8824144037,67812.5413965244,81069.5658217379,20582.5449472191,73195.0415775564,46000.8307410494,41939.6461343641,69527.0002449096,15088.5725363252,47273.3918535780,50400.4513245818,72734.7402449364,47917.9977646500,11591.1138826846,63547.3045560567,45889.6687563878,59112.3955580179,42290.8361183525,28628.8762156161,40706.1781691973,40218.5660053137,60295.0345277683,22046.5494219215,32464.2592684136,28288.1453180112,60436.0152437266,35025.4471572122,77187.7988559034,29747.6799720063,52631.4483962588,30792.1822777991,54652.5750368695,50688.1301398920,44263.5928605108,8184.5074498082,59471.2650452782,74323.7670907838,64418.9727643863,24090.9319512083,29588.4173364003,15630.9953375966,74841.5907848291,46164.4666630225,61243.9212647387,50631.7675362064,34467.8231451059,62742.0805500789,69653.8290420551,10360.2418922673,53390.5784187558,50435.8310696532,35397.5877827671,32016.2305828141,21931.7832840243,20915.5228863866,37557.1224091421,41785.1334084889,40561.5318319611,39032.5089653870,44270.6720867269,19673.5813880161,30732.5209747415,50353.0944255257,60400.2354162527,56092.9155299400,52903.8084767142,35510.6187366898,67852.9438551659,24871.7483877154,38190.4081221300,38591.0393773660,4500.4994426065,79916.4286256344,53429.3515394653,22205.5752472182,35159.5628956615,53021.8397958400,64223.2977175079,30431.0496950486,31346.7002161648,7478.4193472329,57529.3535904351,65366.1012429682,50143.3518915566,11983.7017933447,46525.5510696274,43365.9359911874,56867.7679323986,63282.0623958553,42284.8075512707,14759.1318975117,71546.1391126690,52095.1437411052,52827.4015081179,68168.4044462226,30995.7291960699,21786.8692250528,48677.5414075450,82694.0864498599,20165.4492185224,43055.6665861859,36215.6799147326,27677.5693675700,37723.5056530983,42799.9357756640,42463.6845197672,48938.2608938348,27218.6894560582,64725.0403852833,24146.4846777347,67451.0416402404,45184.9581865471,30982.3424495200,34096.7768496925,26086.9495833159,52892.0411808439,5650.1749808454,41579.1028380087,39803.0737246885,46121.6648883324,62334.7151140299,39202.7375264522,57486.8042078452,58308.5321744949,42334.8124404987,55698.7253158578,15925.6218116768,65914.9276650958,44360.2188197008,25044.6652215303,53638.8632273126,36145.8473569593,20989.8232455809,28739.8979990065,59944.9322767567,17304.0269064584,38975.9061516859,46706.9198840301,35744.2499562244,49985.9842625437,10704.9567109117,26661.2944696856,70136.2646065596,56909.2585425135,50790.3694626014,53893.5677561810,58125.6161790522,44157.8486153808,34886.8424629680,51614.7989869796,56226.1028458210,42951.4819442611,39169.6142965011,27822.3436098314,36505.3496841328,22723.5950818956,17129.9352170668,64422.2375482560,44512.8024610489,113.8412425736,80570.0656816512,11620.2559542912,20632.2570446723,30644.4273377457,20148.9457964377,62101.2810182849,37484.0612368735,33985.1744457618,30116.2747628421,54412.8758337482,27070.5849778802,59331.8259259462,32870.7709877013,48022.3806785048,27023.5678395101,42084.6086942268,37487.6390851555,25485.7303568009,51034.7006432149,34082.8018138568,35071.5485033544,59448.0766570368,32656.0710284472,47349.6501880977,43563.4656073829,42795.9382491806,36758.8127532971,38084.9833641542,16752.6103438172,30465.6799680405,68463.0990768581,25130.2895699401,38471.1885406721,38542.7191060300,31728.9648290892,28077.0622497868
45,44395.4808495033,88526.4544016663,70189.4393964323,79959.1645523805,32203.7053272247,69072.5359463750,81859.9845627215,22089.2086706325,72320.6194551095,46278.5858537058,40549.8594248542,68874.3655711597,14397.2981456834,48429.2968161585,51900.4840817729,73048.4825862540,47076.8918610802,11399.1312081202,63401.9408894431,47175.9559910713,59858.3185664453,41842.2873057618,29485.3835925633,39210.9604659676,41668.6600419344,59834.9476505540,20539.5079083909,31949.5136839904,28308.1204428801,61859.3196628386,36491.1710162156,76857.6934510234,29985.4229993935,51459.5887005871,29633.5434773314,56133.5865484179,49193.3675049147,45063.7299244600,9888.8404222195,59889.3175124162,74907.8032567699,63370.6402063020,23343.3349014060,30910.9305680555,16729.4960539774,74839.1606569743,45714.0182786599,60470.0566246043,50488.6185785649,32976.1105172004,62881.3254304751,70503.8886405842,8864.8229631316,54517.6912861573,51826.7428686341,35858.8972743657,30594.3840265960,20658.5114745417,19585.7677571135,36769.8477165535,40710.6538222407,42069.7135044966,38987.5677767452,44605.2260052385,19798.6661833342,32219.8765475680,50907.7701195919,61892.4412616838,57390.8084669043,52673.7576371040,36820.5911537648,67402.1556063793,24039.0676499101,39412.6053517163,37787.2715100647,6292.4350015844,79751.7060821872,52819.4056966900,22634.0245825429,35019.1169854019,53133.0904815036,65374.5610443718,29990.8667551527,29960.8168283261,5776.3601420041,56580.1156533522,65982.7093206698,51533.2331764432,13491.0691726049,48018.6668434802,44820.2055276335,58375.9343899707,64630.1296286058,40780.4798358714,13739.1236089936,71336.1930603533,50651.1413001770,54288.2152763153,68625.5579196411,29492.1039811144,21538.8711530405,49662.2482870442,82684.5429135821,21545.1423499678,41806.9665806987,37019.9612212701,29164.6164484899,37920.9817863103,43337.4914253708,43821.8462250087,47913.9312525729,26972.3589240463,63812.3563640344,25259.2167990869,67448.5951728594,43720.0219810009,30077.4909196803,35137.1511186239,24615.4687466004,53238.6229098351,4770.6779792125,42564.1163053424,39239.0211085125,46148.9882697554,62026.2888448530,39431.5276844955,58067.2109405411,58295.1013275419,42079.6567169040,57132.5263139279,14448.1766879100,66218.3934144886,44126.4435522573,23604.3987068510,53205.3448452434,35848.1503438961,20512.7408359133,29203.7364525195,59328.5868026875,15854.1354875087,37531.4690532447,48154.6372185674,37133.9077852610,51493.7914943832,10611.8019128435,25550.8995117937,70835.8302895996,56734.7996470090,51631.8770156860,53095.9273117688,58379.9996917300,45653.3108564617,33568.4444854160,52849.0735672897,57604.8055005575,44321.7557014425,37711.5500795149,26508.8724352983,38002.3008596431,23546.3103806578,16616.7289298457,65224.2556615788,43832.3986252337,935.4027553583,79208.8066203358,12980.3114759587,19626.7723175546,29796.0239180992,19076.2949372619,63362.0769823469,35975.8835102986,34130.5361607095,31457.5544485462,55914.7929686652,25764.7377533104,60799.2816133592,32184.3310209941,47858.1817200935,26441.4254531464,43217.0558946105,36516.2453568758,26979.4365079109,52354.7499760464,32807.6501178001,33591.7651165996,60633.6924036667,33316.4918542633,46158.8712928939,42618.0591031373,42945.2548007999,35365.1331986424,39581.1248768618,16534.1841265211,31649.7676562949,69655.4967598690,25256.1643287771,39102.4821053379,39949.1079086815,33237.0768397010,29513.6686263282
46,0,0,0,0,0,0,0,0,0,0,0,0,0,0,0,0,0,0,0,0,0,0,0,0,0,0,0,0,0,0,0,0,0,0,0,0,0,0,0,0,0,0,0,0,0,0,0,0,0,0,0,0,0,0,0,0,0,0,0,0,0,0,0,0,0,0,0,0,0,0,0,0,0,0,0,0,0,0,0,0,0,0,0,0,0,0,0,0,0,0,0,0,0,0,0,0,0,0,0,0,0,0,0,0,0,0,0,0,0,0,0,0,0,0,0,0,0,0,0,0,0,0,0,0,0,0,0,0,0,0,0,0,0,0,0,0,0,0,0,0,0,0,0,0,0,0,0,0,0,0,0,0,0,0,0,0,0,0,0,0,0,0,0,0,0,0,0,0,0,0,0,0,0,0,0,0,0,0,0,0,0,0,0,0,0,0,0,0,0,0,0,0,0,0,0,0,0,0,0,0
47,55887.8618407757,78061.2198868836,78513.3085279624,75056.3395869494,17287.8784913770,83814.0134897111,80073.6364426631,34151.5305385814,76162.1997135375,40235.4369726760,37444.3795378551,55130.3718121210,23988.8585695889,52276.7577428705,64328.9807621733,66447.2624222610,52054.8203909458,10080.2773453865,53018.7991700242,61851.2669124068,58114.7460682379,29744.2404157424,31075.9154527313,28592.3184743503,50871.7372436615,67970.4413284879,13699.6744901721,40697.4614960274,21443.4270991630,75689.7919909288,49945.5922080117,64943.4741101872,43078.2683705166,51988.8582939199,31986.2844094028,65893.3838237703,41659.3869237292,44617.8332352541,23017.3423010493,54650.1805312322,70976.1237083795,65268.4140553117,10161.5859417305,38245.4334213865,23292.7416645734,65404.1768394130,54311.5819112197,65692.6022932012,40455.3872725915,26735.8263654212,54905.3507324013,69660.6773918488,9393.1010125297,69475.4264273511,59392.4032306355,32451.1006220788,18013.9816047051,6552.3953723360,20964.6820848272,22682.6730973212,43243.1970697364,53794.7585984575,30369.0119291031,57841.2074607551,32826.1531007063,42858.6496391980,47436.1950310896,74541.4378964512,72015.8228652181,62690.1391818438,51429.5265844275,54799.7958338789,30875.2633112606,44669.3990827709,43644.7088259454,17345.1074335368,68979.3336304007,59849.7177202591,21010.9597555651,46099.2124763125,45206.9122309902,80313.9156022722,18650.7705740113,28016.7168484316,17295.4081495041,59956.7225011492,62618.1208416832,65685.4496104420,26548.5223488218,58419.4092737715,58366.6177410773,69960.3581791305,79019.7981929441,32791.4834557698,41.0123355207,60332.0503358740,45368.0150107430,67677.3843434272,63528.8078706885,20326.6565390072,13504.0017558495,51184.7133031691,73083.4344163793,30643.2736293585,41588.4500032838,37209.2810159601,42333.2773172110,50664.0733279986,40114.8043567418,51033.6123493527,50702.1519020300,37818.3036519539,67408.1359692517,30371.8272466305,58142.3279093670,38006.2211209308,15560.9270616606,38282.4865141235,20754.6188336778,47535.8977004264,10917.0763853262,44476.4134013489,47190.2391127677,37763.2267014721,50447.0012316917,33361.1026077131,54568.9339074298,49108.1618728423,52204.0144215531,65514.0302503733,13894.1071876115,59675.3308160340,33594.7592750856,12162.5661541803,61712.7022264699,25236.8272071325,30504.1006075999,26644.3228253202,66119.9218095578,12162.8419654972,25144.0464722927,57099.5261491672,45227.8081107218,62912.5011290050,23669.3975009642,10577.6831543914,68251.3845580387,46268.9798013656,51321.7294491306,58297.2097613670,51596.4809124126,58335.0165755366,19433.1772351893,67661.6536256516,71819.7476503010,58626.2959011897,32695.0332269683,12504.1917757351,48831.2582185201,25725.8564027716,7775.2563503369,63955.8350700642,50553.5253155296,17179.9550869463,75381.4261829856,23164.6356522080,6488.0093901590,35831.9844871536,24330.2613203236,78103.6676639544,27225.3743258176,27729.5159255126,45956.0267102068,66652.0174423390,26235.7443430465,74041.4449356622,18818.4225239004,58417.4905873830,35100.4901599001,46998.3805227000,40645.1025698656,38091.7970858846,66897.3837341862,32887.0341427891,22508.6523422535,75532.7209745160,32286.0491496429,46650.1771341181,46652.8249557019,55368.3110364073,32595.5172701168,52317.6736592110,28375.4831712229,36945.8401810900,84543.7085031184,38038.5717754019,37197.9022311119,54022.5319815467,45120.0574364689,38962.9811361503
48,0,0,0,0,0,0,0,0,0,0,0,0,0,0,0,0,0,0,0,0,0,0,0,0,0,0,0,0,0,0,0,0,0,0,0,0,0,0,0,0,0,0,0,0,0,0,0,0,0,0,0,0,0,0,0,0,0,0,0,0,0,0,0,0,0,0,0,0,0,0,0,0,0,0,0,0,0,0,0,0,0,0,0,0,0,0,0,0,0,0,0,0,0,0,0,0,0,0,0,0,0,0,0,0,0,0,0,0,0,0,0,0,0,0,0,0,0,0,0,0,0,0,0,0,0,0,0,0,0,0,0,0,0,0,0,0,0,0,0,0,0,0,0,0,0,0,0,0,0,0,0,0,0,0,0,0,0,0,0,0,0,0,0,0,0,0,0,0,0,0,0,0,0,0,0,0,0,0,0,0,0,0,0,0,0,0,0,0,0,0,0,0,0,0,0,0,0,0,0,0
49,56865.8837423076,78222.7643628413,82134.3897442853,72059.7619285551,14424.5889507570,86933.0439568126,82489.5585301418,37730.5842855064,74905.3310058541,42049.8804118487,35061.6059587422,53862.7602241930,25122.0922044917,55619.4849710811,67929.3009145344,67862.5884308920,51271.7974480331,13727.9425319166,53361.4926787770,65004.5552127986,60648.0649347671,29689.5538128467,34358.0286318678,25025.9501181917,54538.6393280117,67856.9669695463,11507.2907005409,41063.8391176329,23555.4041213579,79119.7129957355,53417.1077917424,64587.4150421719,44728.8654049150,50174.3737850055,30983.6353042267,69562.9615139265,38412.0511701910,47475.6448670224,25952.0003038926,56490.9785159199,73001.7656192545,63636.1157080109,10567.6940443371,41880.4934060887,26957.7249986330,65988.7958139890,54441.9922152879,64837.1506711223,41070.6699857326,23931.7581409977,56024.1937252765,72287.6020411313,10910.5036182010,72354.1825823090,62995.8832998147,34979.6123720156,14345.2541403520,2469.0181465610,20313.0695292171,21525.6188350468,42006.2140943726,57429.6990289884,31665.1153679741,59436.2343439318,34595.8463756792,46520.8392445459,49731.7419345339,78130.3306390843,75198.6635201107,63154.1403506148,54610.3529187968,54181.1973905964,31011.6531377467,48167.8791499383,43206.0448283537,20856.0975543124,69068.3895580546,59503.5854830130,24137.5081766269,47045.1313217050,46443.1212738874,83232.1756033850,19371.0740642669,26137.0939058591,19420.6014725084,58705.2132396569,64810.8894838297,69034.3382802698,29992.1896002675,62091.4246460880,61834.4295977175,73611.1135739318,82303.0778115068,29552.2413193430,5261.6460338472,60381.7422546000,42462.5652259341,71177.6533506047,65335.9573112461,17096.6813903339,15832.6615492505,54267.4789867710,73570.2987640854,34315.2386244165,39753.9332550138,40240.3462370405,45830.0725765878,52116.0497009207,42548.7676540774,54633.5641657072,49412.6407121366,38823.4833888395,66148.3079181874,33943.0400696394,58819.5821522856,35100.6044496539,14185.0440015484,41642.4676380367,18764.8499037764,49336.8390354745,14171.6131751071,47654.7308056253,47234.2046747641,38972.9771497203,50335.4509712686,35294.6096790434,56792.5012028159,49906.7594543278,52792.3194227032,69147.3952468783,13636.8726044451,61152.0783521234,34142.8489457693,8737.1994304182,61748.9570607485,25977.8017926312,31458.4668527244,29458.8665169507,65659.5454828595,9238.8918116838,21472.0589750465,60757.4850595515,48874.0527243041,66566.1292114388,25688.1309852138,8151.3811339280,70567.5391257282,46648.1176427693,54142.9025567630,57500.4117677137,53079.7881884641,61908.9949266266,15937.5566726236,70727.3369670354,75155.0926625645,61926.2577054928,30007.5573433132,8927.1627644658,52493.6434601648,29146.4180817184,10797.0952618437,66537.8081391398,50228.4902392377,20160.4366867125,72560.9608133229,26786.0004974034,4177.4655135448,35610.9708266080,24393.7394340334,81221.7899795417,23932.1664207913,29724.5040957576,49177.7453311853,70322.2793480080,25014.6636327373,77566.3470224968,18372.7791672187,59079.3565498267,35569.4639087684,50360.7048364644,39838.8292924466,41733.2782399472,70116.3079561451,31317.2556941257,18934.0166935951,78513.4093319243,35217.2402949503,44893.8642394065,45715.5596705022,56668.3867322429,30386.9862213602,55879.6724542945,29896.1276438275,40485.3947411199,87537.0350828321,39640.5302301067,39911.7393432502,57381.2069979285,48736.3861198877,42635.8151498287
50,59541.8010271868,78475.9131063823,88490.5434094910,67209.4605574472,10228.6766073908,92781.3915235884,86663.4608867968,44193.9576397819,73524.7891242034,45457.1105169602,31858.4237227882,51730.8757606451,28591.2241314625,61468.2257575906,74405.8332656501,70368.5571692526,50971.6680695769,20185.4390364544,54129.2642271363,70924.8292175192,65101.2676237914,30248.6202484289,40173.1266877229,18970.2321553711,61014.8095673637,68599.1040945497,10493.7856067364,42929.4868034424,27799.6392833007,85394.5556247928,59756.5438774794,64009.8073668051,48576.8113275393,47918.5919126212,30696.4401154271,76047.8455274812,33142.9624978446,52536.4108852317,31747.8938752334,59799.8932230696,76532.9898464196,61612.8081810923,13554.7120315845,48281.1688362653,33434.4231508444,67064.3834047454,55724.4829476451,64269.7448513057,42488.9446009078,20061.0244196771,58108.6981586206,76857.0332239846,15759.5991702047,77878.6195127060,69319.9542104569,39618.7152469174,7913.7190295077,2408.2416091970,21211.6366241170,20494.6117822431,40998.5904776496,63937.5831728032,34423.6989666681,63077.5877092948,38751.2169772630,53042.5754647472,53852.1814423309,84594.1130443477,81147.1043257162,64926.4188029660,60584.0545475027,53230.1847219484,32731.7909409256,54304.1113591028,43648.0906045324,27277.9952376529,69249.3361758425,59902.5140320514,29803.8227774789,49768.6183787972,48832.2385214149,88796.7774151827,21752.7916443510,24300.8780367591,24401.6870979419,57452.0678218632,68666.0363197433,75210.5638729345,36329.4093658990,68605.8689177987,68164.3913352153,80128.8457122309,88382.8103949101,24402.6428556515,12041.1210400475,60562.0307254490,37974.5546979420,77542.5111986032,68529.9705343665,12358.5943116948,20683.3259729925,59673.8824609387,74424.0774674126,40830.2262265897,37612.7444291724,45623.7435549558,52203.7488332789,55588.2148889180,46956.2477427326,60954.5898797627,48189.8298275381,41759.6045711113,64818.3220036074,40230.8715365133,60115.4233939002,30702.9629572534,13513.5741860089,47554.5091448231,17158.2947348628,52639.7270618511,20424.4728253461,53244.2303723433,48456.7054486664,41432.0167013028,50339.5730361375,38994.5881207124,60744.1901369620,51506.7697106167,54866.1744362449,75534.2631456937,15884.3022564224,63807.6887745126,35599.1152030916,3950.0614076047,62799.6394100155,28028.2208517907,34469.6724606264,34604.5958390470,65802.6183963957,8849.5468206367,14991.1623747061,67206.2668959412,55296.4004186190,73085.3590182126,30358.3179005394,6787.2929057689,74608.3329830492,47566.6413038179,59110.0360947324,57105.4045009917,55812.9972625910,68359.6816059910,9822.5480682160,76518.9705632699,81309.2608456850,68045.3221556806,26228.5014466637,2721.9779289071,59015.3843361661,35203.2818171110,16539.2786266887,71049.4822364254,50766.5428006754,26075.7622314299,68086.6966105052,33288.6019916276,9010.7190894575,36595.2443542442,26252.7106451510,87074.2267088096,18737.8600836236,33629.6695403942,55214.7719332145,76840.6223897387,24563.9572776460,83958.6066435127,18915.7884840721,61216.3485892914,37714.3338290190,56254.2244244853,39680.4047384071,48246.6259105009,76119.1895759891,29920.0790036173,12917.5337391363,84174.2150699115,40479.1328644578,42823.8668139692,45209.0211335175,59863.9102444661,27684.2227568113,62319.2743233997,33784.6306533487,46706.5534478019,93205.1065697782,43476.3003438456,44791.4581449710,63580.0684924548,55230.1685221599,49143.6521887423
51,61606.8233448761,74317.1912193980,84138.0979089094,72574.4681864833,9776.3346589454,91328.0995202129,81290.0235626447,41299.7859607739,78091.8219682176,40135.7014084964,37001.5734999130,49124.3591224432,29950.1175099200,56538.8040900353,71363.1708960372,65265.1606731161,54984.4629102957,16488.8848201814,49677.5958347058,69363.0996228414,59732.3879649589,25821.4821537294,35272.3713752072,24033.8176931791,57063.5897692875,72039.6359645811,14483.0187732293,45582.4572474630,22435.8210548235,83054.5236722706,57273.3056456826,60317.3738463886,49612.7495562845,52800.5625022462,34633.9916837915,72111.6305407802,38472.1439734755,47262.6911239925,30499.7138940927,54505.0250974330,71211.7013044634,66428.9762894814,8186.9349168742,44111.0984274538,29609.8026029457,62487.9011586559,58802.1116743988,68442.7158403598,37720.8001407358,25319.5155660197,53123.6348294787,71493.6913451741,15800.2031558991,76955.2041833366,64926.9284795051,34279.3561522297,12714.0373454127,1168.8506055677,24388.4375942253,16950.8526833737,45341.9401280607,60690.5908006735,29202.0877517248,64311.8585012106,39486.5144567000,49569.2892346095,48477.9996458584,81605.7176085995,79522.6038312636,67678.8952398739,58938.4538652943,49762.9889916529,35454.9844332468,49659.2476770163,47227.3673513265,24687.7711895560,65120.6149547014,63539.4680272109,24858.4254649669,51785.7331277901,43737.9855714489,87805.8552504918,16559.4149050109,28932.4954810977,24274.7817298286,61943.9144989923,63306.9550520672,73124.9121951781,33939.6630590883,64900.3214807080,65693.1128628243,76730.5774795315,86493.9115617942,29760.4194174903,9063.8380595083,56422.6948797326,43344.2168430294,74949.8064382870,63260.8832273462,17715.0758524613,15462.8060619155,54503.6878829512,69957.9672602082,37220.8858489990,42428.7427755479,40466.2830603080,49632.6383595128,56974.5483842965,41589.2012437060,56571.3345300882,52651.3390995295,43593.3979748641,69354.1925508770,35856.8243550559,55433.4877122386,36062.8864282642,9606.9163638159,42704.2683885254,21612.6745660509,47340.5820752964,18430.1763489708,48167.4766993828,51561.1945974020,36303.4643757876,46280.1847120657,33635.4254087577,55376.9185969533,46686.8053967462,57389.0109069160,71266.9716294394,18089.8090571739,58657.7183194461,30792.5008481985,9485.7283957127,66038.5678210440,22972.0151197328,36228.1063282884,29389.9094527307,69595.3454399720,10408.9414754230,19433.8814121011,63132.1989419966,51164.2238185581,69667.7710784475,30564.6690212741,1296.4598638601,69238.6413933280,43029.9400765842,53808.8942688801,61179.2771464413,50635.1827974267,65457.4688739681,12463.2617964583,75176.0464811821,79266.5935966306,66096.3691310435,31491.0826162498,6254.0600634869,55523.9785337617,30544.1043660615,11886.2553212526,65683.0515901503,54305.3270802310,24668.9558448629,73460.0766146714,30219.5503753683,4218.6866509418,39820.4228641622,28845.5826794945,85617.9016663038,24099.8101146726,28256.5987889076,53457.5891490272,73179.0769970083,28544.9553180814,81265.9288921756,14388.0423709958,63699.5974840590,40152.4961898559,51368.1569519116,43587.6888980795,44984.8089703280,74396.4276991474,34398.0177571028,18071.1812701440,83037.8706466538,35286.9509436958,47626.7782130251,49316.5046645264,61496.5077231995,32661.6177964598,59477.9708059159,34774.9014397555,42197.2722761726,92051.3517071661,44521.9303497628,39485.9152027959,61459.3019687364,52119.8048837762,45421.2334635456
52,0,0,0,0,0,0,0,0,0,0,0,0,0,0,0,0,0,0,0,0,0,0,0,0,0,0,0,0,0,0,0,0,0,0,0,0,0,0,0,0,0,0,0,0,0,0,0,0,0,0,0,0,0,0,0,0,0,0,0,0,0,0,0,0,0,0,0,0,0,0,0,0,0,0,0,0,0,0,0,0,0,0,0,0,0,0,0,0,0,0,0,0,0,0,0,0,0,0,0,0,0,0,0,0,0,0,0,0,0,0,0,0,0,0,0,0,0,0,0,0,0,0,0,0,0,0,0,0,0,0,0,0,0,0,0,0,0,0,0,0,0,0,0,0,0,0,0,0,0,0,0,0,0,0,0,0,0,0,0,0,0,0,0,0,0,0,0,0,0,0,0,0,0,0,0,0,0,0,0,0,0,0,0,0,0,0,0,0,0,0,0,0,0,0,0,0,0,0,0,0
53,0,0,0,0,0,0,0,0,0,0,0,0,0,0,0,0,0,0,0,0,0,0,0,0,0,0,0,0,0,0,0,0,0,0,0,0,0,0,0,0,0,0,0,0,0,0,0,0,0,0,0,0,0,0,0,0,0,0,0,0,0,0,0,0,0,0,0,0,0,0,0,0,0,0,0,0,0,0,0,0,0,0,0,0,0,0,0,0,0,0,0,0,0,0,0,0,0,0,0,0,0,0,0,0,0,0,0,0,0,0,0,0,0,0,0,0,0,0,0,0,0,0,0,0,0,0,0,0,0,0,0,0,0,0,0,0,0,0,0,0,0,0,0,0,0,0,0,0,0,0,0,0,0,0,0,0,0,0,0,0,0,0,0,0,0,0,0,0,0,0,0,0,0,0,0,0,0,0,0,0,0,0,0,0,0,0,0,0,0,0,0,0,0,0,0,0,0,0,0,0
54,44993.8086645812,97405.0545389119,96302.1527053322,54035.5183325800,28034.3743787621,88470.0266386067,102745.1699612098,47880.6742140689,54630.6562616511,62736.9532059271,15032.6990163646,69639.0701710904,20022.9851952788,73121.5950314947,76771.5119308793,88519.1926269956,32288.2281158274,30639.8737125303,73035.7345289857,67769.7984156282,80741.4406298866,49146.6159794095,52533.6170201419,18485.5562020678,67785.2129448830,50626.1128144506,9203.5819742323,27502.5991501446,44090.1179305245,84600.3770813166,60641.2936809576,82781.8467039367,37877.9842961800,29471.1672227709,12485.7431818342,82179.3105626494,23624.3870323511,66945.1634474773,31535.4830694350,77177.5921165332,93621.2329634766,42995.3174772426,31114.1460666960,56707.4258749081,41833.8500942559,85925.0432242268,38659.5045929168,45409.4316222222,61207.6412668843,7784.4257844057,76538.6344552516,92204.4198399162,18369.5522461208,72154.8520736952,77829.6129901252,55113.4793654834,17947.8288762002,20156.2679461487,13591.2361509580,39366.2107545738,22083.6151771225,67591.4808357568,52327.0958369391,50856.4556063323,30226.2672494378,58242.3213100802,70136.9375793936,86391.8738950763,77810.9226147087,48427.3775043201,58294.2233986241,71893.0805655271,18124.5904176506,64634.9528286367,25768.9840816837,32566.8525188252,88175.8304262128,41675.4032898624,43115.7777203800,35825.8815905322,67047.5062369781,82954.8953827363,39859.2907118850,10149.3488924755,22638.2333625926,38524.5171081232,85312.9317667984,73809.5605645884,39186.4570351017,73975.4568018808,68543.7121903749,83769.6034444380,85789.8317179506,16097.4485149738,23961.6855341499,79492.1089172266,24545.5591484859,77996.7331619001,86031.9729945154,10409.5832468221,36190.7228091498,73013.1569595835,93331.3446317518,47570.1734169241,19052.9480749608,59276.4581797066,53952.1247245194,43262.0569526799,62799.2889820109,69714.6166066047,29254.6065607311,29045.7534965246,45907.4783572172,50116.5204787800,78908.7013103672,17637.9324245623,32448.1807495081,59262.8159728467,127.0212585236,70029.9718421052,26043.1740433553,66083.2050211512,31525.7596409935,59582.6633908179,69261.3947848668,55938.8788952620,77266.6742280327,70173.8684718914,39218.9882372650,83238.5281323751,11735.1051845046,81832.3404527922,54280.8026426854,14594.5836494163,45264.2148946481,46386.4800536533,23023.5938743304,49131.6612681196,47311.2706887869,15349.9960470216,21091.9637368815,74271.2090991601,63150.3673270706,77050.9705105265,25456.1927444884,25674.7299778079,90949.2685791515,66439.3744207743,73675.6726068641,38334.9348044170,73766.2267968730,70415.0011110964,24098.0546790641,72334.2637777652,79517.7276474049,66454.2720497754,11602.3002649344,20603.8172162298,63928.1391993654,46745.4352250090,30559.3414532198,86543.6321128636,32821.9772192125,27903.4080252410,53666.2831678996,39006.7251914193,25395.4800414401,19926.2403564516,13650.9502269671,82934.7686727513,13100.8272830493,50334.8693276497,53705.7453597114,81721.3098219680,11780.0780220204,84587.2862454109,37753.1492026464,45474.1404898358,23425.7468011178,67814.6337882047,21259.8928140011,52962.3443556048,73330.9970872255,10983.2848254438,15829.1112785631,78982.0478541902,54579.6772563378,24213.7981763798,26455.2813036249,46568.2904546517,9979.6167656327,64437.8541254361,25246.5701009417,56756.8355006853,87815.2399816726,33245.3338010963,59728.2802836385,62867.8105557954,58836.0833760642,55626.1020189351
55,0,0,0,0,0,0,0,0,0,0,0,0,0,0,0,0,0,0,0,0,0,0,0,0,0,0,0,0,0,0,0,0,0,0,0,0,0,0,0,0,0,0,0,0,0,0,0,0,0,0,0,0,0,0,0,0,0,0,0,0,0,0,0,0,0,0,0,0,0,0,0,0,0,0,0,0,0,0,0,0,0,0,0,0,0,0,0,0,0,0,0,0,0,0,0,0,0,0,0,0,0,0,0,0,0,0,0,0,0,0,0,0,0,0,0,0,0,0,0,0,0,0,0,0,0,0,0,0,0,0,0,0,0,0,0,0,0,0,0,0,0,0,0,0,0,0,0,0,0,0,0,0,0,0,0,0,0,0,0,0,0,0,0,0,0,0,0,0,0,0,0,0,0,0,0,0,0,0,0,0,0,0,0,0,0,0,0,0,0,0,0,0,0,0,0,0,0,0,0,0
56,0,0,0,0,0,0,0,0,0,0,0,0,0,0,0,0,0,0,0,0,0,0,0,0,0,0,0,0,0,0,0,0,0,0,0,0,0,0,0,0,0,0,0,0,0,0,0,0,0,0,0,0,0,0,0,0,0,0,0,0,0,0,0,0,0,0,0,0,0,0,0,0,0,0,0,0,0,0,0,0,0,0,0,0,0,0,0,0,0,0,0,0,0,0,0,0,0,0,0,0,0,0,0,0,0,0,0,0,0,0,0,0,0,0,0,0,0,0,0,0,0,0,0,0,0,0,0,0,0,0,0,0,0,0,0,0,0,0,0,0,0,0,0,0,0,0,0,0,0,0,0,0,0,0,0,0,0,0,0,0,0,0,0,0,0,0,0,0,0,0,0,0,0,0,0,0,0,0,0,0,0,0,0,0,0,0,0,0,0,0,0,0,0,0,0,0,0,0,0,0
57,0,0,0,0,0,0,0,0,0,0,0,0,0,0,0,0,0,0,0,0,0,0,0,0,0,0,0,0,0,0,0,0,0,0,0,0,0,0,0,0,0,0,0,0,0,0,0,0,0,0,0,0,0,0,0,0,0,0,0,0,0,0,0,0,0,0,0,0,0,0,0,0,0,0,0,0,0,0,0,0,0,0,0,0,0,0,0,0,0,0,0,0,0,0,0,0,0,0,0,0,0,0,0,0,0,0,0,0,0,0,0,0,0,0,0,0,0,0,0,0,0,0,0,0,0,0,0,0,0,0,0,0,0,0,0,0,0,0,0,0,0,0,0,0,0,0,0,0,0,0,0,0,0,0,0,0,0,0,0,0,0,0,0,0,0,0,0,0,0,0,0,0,0,0,0,0,0,0,0,0,0,0,0,0,0,0,0,0,0,0,0,0,0,0,0,0,0,0,0,0
58,59814.6936483518,79465.4903423398,90687.2728665183,65165.0120572450,10236.1331419261,94324.7542852412,88641.4648908897,46163.5292893038,72410.0336386545,47319.1380776459,30312.6246592815,51987.9071772177,29308.2104394119,63685.0855330352,76381.9185129784,71988.1945251771,50251.4823457091,22343.1253898806,55316.7691681187,72518.1571570374,67141.6515292495,31489.6611576398,42390.4229307272,16755.1194105689,63165.9271812003,68176.6508840847,10240.4499351104,42976.0770692438,29857.7755288177,87194.1018032616,61611.8391543873,64765.0805236974,49316.0505847320,46591.9962268579,30100.4705588039,78192.8362245946,31040.1827213326,54678.4829032639,33340.5728857010,61618.4954401259,78384.1466758531,60323.0893238782,15543.5274743834,50464.7707011535,35584.1338742471,68311.6626983352,55517.9122371302,63426.6421432107,43892.0112836973,18405.3435681562,59641.4131441734,78911.9960529118,17148.2329933408,79267.7453915691,71522.2417311583,41711.6909341202,10398.7865864488,6721.5712714296,21159.4260776348,21389.8806039365,40091.2674513512,65962.8791836308,36181.1435184568,63700.2851236039,39646.8182338919,55118.6854770305,55841.4762725538,86553.4314072217,82749.8081749468,64864.9690692159,62213.9778209747,53892.0899301320,32797.7678089461,56523.5087987765,43204.4924547852,29224.9766905777,70231.3090444150,59385.3983807898,32016.5024627415,50088.7136097506,50459.5459918116,90198.1461168852,23516.2563572882,23262.3103128168,25707.0988595836,56407.6682502746,70590.7755337298,76948.6584494217,38201.2875263259,70715.5594826330,70009.0959533486,82177.5198926444,90057.0972164178,22346.0535549434,14163.7504371157,61561.1961453778,36045.0279541533,79411.0903137355,70313.4747489567,10537.4937462305,22841.9663757713,61855.3432958151,75596.8471675148,42939.9829993598,36362.5856475294,47807.2737609001,54089.0176917101,56164.6531053941,49003.6405223635,63156.9989368084,47182.7102376331,42190.9481058463,63733.8504206160,42436.5738938826,61436.6186909638,28817.7808400298,14717.0918576327,49774.5035409509,16343.4978633682,54467.0491857500,22284.8155436164,55444.7795222058,48255.5482227329,43096.4632854814,51313.5461631597,40928.5860029087,62694.6863321590,52929.1623401356,54937.4527045756,77723.1936004363,16437.8718623777,65471.7731104599,37043.2259985372,729.0898960317,62494.4183865690,29664.0709823065,34972.8298266967,36769.7714867639,65186.8216845190,10009.8746428411,12840.8911894676,69372.8618943133,57473.3866731801,75140.4251689446,31498.2237033888,8280.2975481354,76566.1704001535,48816.2275243786,61235.9490499088,56335.2527597807,57507.5164399153,70307.6243397107,8474.4435506623,78041.1771784117,83031.1635109347,69752.1503427574,24544.1301859070,2808.3129423377,61091.1150635478,37424.1086938889,18760.2874542490,73096.9241134616,50324.4335007337,27746.4492077241,66124.6211125720,35313.4510216055,11208.2606546066,36377.6509119721,26439.1644758552,88622.3097641267,16694.8982225351,35614.8813848150,56884.1757874174,78940.0492188839,23989.2861752976,85848.3756698297,20297.2724948558,61292.0741614134,37889.0363682428,58473.1949622479,39058.3477000588,50286.7269850994,77754.6484927200,28963.1086901008,10714.0175825036,85625.5898716602,42652.4882614786,41572.0092116089,44444.2052624778,60326.2715681274,26324.0252445726,64257.5966106726,34609.4995585320,48920.2618555456,94655.2987453337,44229.9640758638,46913.8385916830,65338.1350293097,57233.3017379587,51265.1337849655
59,47466.5875979648,105873.2643134254,108223.7327861955,41900.8401713955,35911.7825752000,96756.8191270259,114408.5611548379,59488.6944103357,46399.5236262661,73838.4169618188,229.9988801670,75895.0686260827,29699.0915647205,85329.0335252887,87687.7084710723,99041.4024465673,28019.7643014108,42780.3285571493,82210.1375462239,76941.1526420096,92496.0472170142,58513.3660945893,64684.0580590038,18731.8841280280,79678.1438290716,47556.6523529030,20695.2926289047,30634.6425663479,55500.5105759116,94420.8756958519,71369.4340486909,90530.9595432509,44255.5375659960,19928.6224191248,14583.8866678263,93891.6546461016,14606.7783333148,78918.4329525609,42841.8514977305,88255.2862567511,104873.8510564091,33653.1595674400,41879.9935952298,68831.8673159934,54019.0948536327,95270.4393972148,38124.3032323984,39346.9429768593,71006.7033016854,8825.1061271498,86757.4726536218,104051.2645615378,30570.7261342643,80038.1400870975,89887.7681099626,66821.5562643228,24668.1134625225,30798.4703635152,18962.8414254847,48053.9682494631,17225.3851527184,78923.5102377975,63026.9788755763,55230.5371250245,38630.1917967916,69972.5499176834,81674.3398526538,97051.5589549727,86712.4783665280,48192.4657172543,68029.8140479946,79443.0273145177,24041.2150345140,76835.6693237716,24963.3900731888,44650.5971887311,96651.0666774892,38387.7750183295,55129.4694840984,39650.5790925178,77505.0901745761,90561.9140284872,50378.1349725438,8366.9618242202,34150.0829714310,31104.5565101850,96750.3657644640,83559.4556647334,50827.3276539474,85600.9478504665,78987.6039633263,94949.9143770559,94886.7681455440,11399.6156194262,35800.1657436500,88059.9008144869,12829.7554125546,88331.1288239151,97047.9627890505,16812.7426957100,47732.0498727435,85133.9416979065,102426.6835993940,59605.8213264205,20635.9615182740,71330.5459726283,65035.2715411726,47989.4900724684,74449.0044853114,81819.6853078969,22589.4357287895,34754.6753241614,38006.4873756924,62322.6584453433,88487.6747578716,9765.4051235209,41792.3497420005,71459.2427610682,14011.4915635609,81088.5650167649,38233.5760081123,78232.5626641238,31906.1853517173,70097.3704680549,77805.0430279467,67176.1932888181,88737.0159518172,80047.7225593822,40787.5084727127,95186.2763437760,23861.9564970694,92467.7433224270,64169.0495013552,24352.9783457821,43403.2719222992,56701.6334382257,30577.6445375230,61008.4043722399,42927.9870443120,27158.8328091294,24236.8414555903,86170.0273286276,75197.1234525236,88362.5002383183,35893.6215830996,35375.1198540650,102510.3328724920,75807.0129725692,85640.8046274863,33183.4085696897,84456.2966156949,81320.6748486087,30558.7102168589,80959.4588449930,89029.8386593475,76265.7381788397,4250.4530486102,29499.9446190094,75552.4241140325,58923.9833385527,42299.3426977263,98346.3107978614,30963.3955433751,39731.2114290334,41457.1690755868,51034.6524257683,36433.0593912125,22726.2422923836,22513.8945820797,91387.9244371759,13435.8918101404,61642.7177453673,63841.1360128087,93196.9654652847,13582.8450770445,94900.9911556434,47419.9002396777,46477.9277513712,28522.7398380767,80021.3511873073,19655.8113861233,64672.8120485372,82544.7887663034,18789.2988880706,20056.8043467589,86994.8609331515,66555.3790737997,15463.1433082060,22421.8751744721,50220.0655034688,5385.9792016650,75440.2894668873,34197.3892979053,68958.9002663967,95576.8097383070,40341.6699665430,71581.7806566313,73058.6760644803,70262.8269640522,67565.4313551925
60,43117.0355900622,102472.2313569401,100444.8293281425,49609.5751209180,32782.3850285509,89764.4764041228,108078.1599539149,51656.7301733853,49429.0494081428,68140.4777169279,10197.7039729257,74096.5764203110,22051.3600826224,77995.5966519390,79894.7670303669,93906.2431670959,27808.6382768637,35751.7101632230,78229.3607073382,69599.3115721551,86054.0242753381,54349.0189035899,57597.1572849085,20112.5941071827,71895.7666206140,46675.3891040012,14604.9119109186,25697.3107050315,49481.1831023565,86889.7223649592,63601.2602607211,87668.6145032540,37901.8255647501,24074.3845249118,7669.9720640907,86065.5447581924,21337.5316364729,72168.2461267786,35000.8627598638,82580.9316002772,99015.9160646343,37634.3333465201,36498.3974289470,61202.0795155152,46510.6477214906,91158.6540689537,35479.3277062881,40600.7154085462,66500.0258387753,8147.9304379541,81895.2255521334,97480.8622430163,23187.4627278162,73183.1596164698,82185.0564457056,60449.5527128363,22155.2777146568,25504.9841195928,11121.8215819551,44396.0146256372,17247.0001566392,71085.2222460916,57718.5035050136,49915.0386041424,31424.1821482041,62153.5386081052,75503.0206132081,89307.9307906645,79477.1459423649,45454.4435789872,60497.5747327044,76714.9405271215,17556.8317272177,69360.6466323339,22254.3421821975,37005.8953418945,93238.0428063539,37588.0988275636,48331.4261027164,34488.8617701941,72424.8341751432,83838.4541005151,45228.1850667176,1421.0093817401,26323.0757122863,33400.9497310995,90690.5516686223,76040.6920789243,43002.2364928006,77766.3156990272,71281.7632490973,87124.4891541613,87590.8989414363,15379.2408402591,29293.9878421878,84567.2162062769,20658.3161867614,80656.5792993604,91435.9370089708,14126.2411134887,41571.2040219972,78105.5700365647,98523.5097828665,51903.4506229464,13660.9807485769,64446.3481249688,57213.1991339022,42446.4299422216,68145.9460742157,74160.9775780752,24188.5891395967,28599.3542177983,40735.4072895624,54892.0215608503,84177.9390559376,14456.5781295342,37603.2145293647,64209.3699426192,7351.3856576270,75433.8303503663,30773.9891517684,71138.1438586265,28594.6001925116,64962.4742391179,74320.2938791722,61338.7810707429,82641.3297885565,75483.5178464787,36890.0174651335,87420.2300062205,16365.5784381904,87225.8115709820,59580.8822894598,19712.9962766978,41673.8402971395,51738.1040814238,23587.7037060950,54415.4726368856,42945.5682410201,20714.8853333155,24033.4493977005,78387.7495616132,67492.2339351878,80526.0395219860,28128.3511728575,30876.4590835018,96306.5279360567,71663.2485344148,78900.3806916533,33694.9682258399,79161.6622927855,73527.3469901041,28346.9696215901,73817.2573439119,81589.5760236208,68721.6292936329,8604.6916233282,25566.4735631557,67718.8696502535,51758.9354282239,35908.1833044676,91838.4949975599,29086.3849701749,31957.1470077673,48920.3127525746,43335.9032490297,30793.7505601284,17736.8560203157,14960.8547535855,84324.6894885804,14323.1597932472,55731.9448366531,56194.9031049472,85355.9481909834,11646.2151204702,87235.0094737879,42990.2323020697,42969.9191867808,22536.5162384871,72698.3186827190,17312.0540579020,56852.1569995508,75195.8377648190,12339.8124237591,18984.6983518777,80098.9482295165,59809.0957337440,18838.2218329308,21934.0673693364,45248.6191928373,9590.1067734013,67631.2011950861,26778.9353822836,61496.3349335743,88795.6347407777,33646.7242215609,65014.5248161364,65408.5442999779,62421.8159630204,59805.6039409400
61,0,0,0,0,0,0,0,0,0,0,0,0,0,0,0,0,0,0,0,0,0,0,0,0,0,0,0,0,0,0,0,0,0,0,0,0,0,0,0,0,0,0,0,0,0,0,0,0,0,0,0,0,0,0,0,0,0,0,0,0,0,0,0,0,0,0,0,0,0,0,0,0,0,0,0,0,0,0,0,0,0,0,0,0,0,0,0,0,0,0,0,0,0,0,0,0,0,0,0,0,0,0,0,0,0,0,0,0,0,0,0,0,0,0,0,0,0,0,0,0,0,0,0,0,0,0,0,0,0,0,0,0,0,0,0,0,0,0,0,0,0,0,0,0,0,0,0,0,0,0,0,0,0,0,0,0,0,0,0,0,0,0,0,0,0,0,0,0,0,0,0,0,0,0,0,0,0,0,0,0,0,0,0,0,0,0,0,0,0,0,0,0,0,0,0,0,0,0,0,0
62,57303.3221756563,78790.9773479877,84632.6969670456,69858.6038404247,13018.0634893159,88872.1077231223,84432.2492486421,40077.3727032519,73801.1331279656,43704.1908989960,33290.7170846105,53486.4746339616,25824.7347443129,58033.4475394998,70289.8605493618,69236.9659520912,50526.1005699791,16224.3885047697,54091.5578701882,66980.8650362896,62668.4647068584,30269.2525662735,36756.3464128346,22544.6101377370,57027.3326263581,67528.0796469798,10161.2997633259,41135.0761369580,25446.3976002183,81316.9487655418,55658.9312132399,64828.9686675962,45661.4615826305,48740.8018084565,30178.9360469651,72048.2601173407,36085.7600319009,49673.5901365294,27836.0492668209,58131.6655918021,74730.4431149529,62299.1422838580,11834.5414831850,44379.0858972660,29448.0374846656,66849.1841294985,54306.5280360633,64013.8043902865,42013.7357015085,21921.0214690827,57236.8934360532,74350.1255574591,12184.7335795005,74115.7731725715,65492.4074128260,37033.1109359927,11859.7462597700,121.9334875133,19876.8696911830,21435.7370220268,40983.3596272717,59831.3629075362,33064.1632414321,60294.2277794547,35650.9979903616,48962.5995747715,51636.4630830035,80477.4257087865,77192.9215992477,63226.3962155160,56615.4487207880,54265.0071497009,30987.4181557493,50639.4959363418,42720.4383471749,23162.4778386217,69601.2370829777,59033.0202421693,26486.8886434786,47487.6901449413,47749.1045476020,85017.3232524570,20555.3411719128,24759.6564846328,20835.9432559758,57628.3190416505,66641.4837515851,71165.6603194080,32229.6087823869,64556.7322723785,64069.7721375642,76032.6194563790,84375.6704365558,27240.5167734692,8018.3247866870,60903.9952260843,40336.9697531650,73439.5595033269,66945.7014016738,14825.7003983532,17893.5686860782,56568.1987261421,74356.8494443292,36781.5243340063,38335.3700706477,42526.8667978036,48097.6698477952,52890.9293315565,44538.5374418566,57129.6922741680,48331.0638428306,39339.4544126140,65053.5090140872,36434.9496284055,59751.7032603371,32986.7621973565,14105.6755080082,44067.1591361006,17391.3995404945,50966.8727922883,16337.6483967608,50001.9509022930,47061.5764769561,40287.4411705994,50775.1203441347,37035.4518644600,58648.6361165905,50935.5938841774,52973.2480367834,71646.0737263721,13660.0876130766,62572.3780596680,35077.4239940665,9586.3155617784,61532.7702134625,27091.4972088774,31984.1075349701,31662.8386874114,65100.0954700898,8907.9079293846,18994.7810463150,63251.9819914307,51371.6326760746,68992.3554418773,26968.0123772682,7497.2950804500,72462.1372719606,47420.9384030899,56317.2396942203,56730.3405836342,54517.6600601330,64243.1849754519,13785.7778803898,72632.2608020216,77272.9767471615,64020.6684467650,28050.0867949296,6720.7087792609,54935.2430330978,31597.9574906737,13130.1745785681,68579.8042041770,49795.6234227882,22107.7725377192,70463.0651443767,29180.9571580252,6779.4890290449,35311.0903221161,24387.4808751952,83162.3643963834,21597.3770486943,31520.8243009023,51219.2810584237,72780.7336683550,24111.4296619841,79849.9255402262,18844.5986456758,59295.1974463050,35739.2992499911,52783.6782003635,39117.5731246392,44145.6514582698,72141.5881929280,30118.6646632486,16451.6713012464,80348.6722306668,37464.0296131485,43511.8835498187,44882.4525184324,57327.8438028626,28753.4002749456,58203.4113628933,30812.9929922482,42969.4950109402,89377.7858216119,40558.4978311140,42047.9670418777,59525.8732354868,51117.7408348936,45109.2103370925
63,45017.4024192251,88319.1418107311,66778.4477884353,83323.6499312204,34577.0921097070,66518.4622327873,79666.4042581096,18657.5989021310,74729.7942350656,45222.5209551956,43894.9245730190,69947.6584788887,16532.0035284098,45506.6112287894,48560.6730672835,71888.4976803758,49430.8658638463,11633.1876378353,63286.7062176453,44558.5699112501,57767.4194573097,42460.2908514562,27193.7352950772,42540.7391940935,38246.7620111460,61395.2783798479,23941.2710493186,33658.7125262489,27879.6451629124,58815.6351741688,33306.9432543539,77161.6270770325,30053.4084144457,54441.9327387411,32601.2242234651,52684.1188201925,52645.9744415215,42869.0378071834,7785.8594615334,58507.5712538782,73155.5610770790,66121.0607478818,24726.9459140140,27685.3405328287,13965.9582105981,74388.5917990678,47266.4967781263,62681.5956150356,50381.9095276772,36428.8123907857,62118.2146054161,68189.4948679360,12216.0782232332,52338.2003719675,48485.2286880248,34413.0686168111,33674.9502228023,23344.7404271496,22845.4625276129,38205.3796975882,43518.4065450566,38653.9781115827,38675.0535884115,44411.2942241992,20179.7935007903,28767.6910534818,49234.8253625823,58591.4402322160,54733.2638118989,53744.5102005442,34143.9659765762,67995.6252037257,26406.0503686891,36366.8636269846,40075.0945092380,2308.8720533239,79670.1573771871,54699.4867781054,21308.8737895089,35921.5773301875,52442.5366060184,63122.7818856014,30619.9879418853,33301.2029116829,8038.7203405413,59141.9223323100,64164.6395576564,48601.0670033283,16388.2249336439,44565.9750604876,41674.9252864863,54965.4183373184,61821.5131594284,44224.9161728472,15839.7506756252,71364.1087480351,54066.7280057417,51116.0217568514,67152.1433604932,32866.7340740229,21764.1350972339,47079.9295401351,82245.9745699345,18226.0080712373,44926.8301239384,34826.0584095816,25896.2308279712,38058.0900207292,41710.7854972321,40532.8342461753,50623.8774504183,28128.8820516724,66299.9416881110,22441.0580229699,67002.9075603811,47157.1539416987,31814.4825156838,32452.6401577972,28057.9449894742,52020.8003020318,7576.4476874883,39985.9582021163,41037.8393501828,45658.1809227797,62290.1030229814,38496.8841441797,56332.3057058781,57882.1694403437,43218.5687819154,53730.2454649009,17894.6411934455,65085.3979229121,44238.7980826063,26747.7007193505,54714.3229559982,36126.5745844509,22182.5094263146,27770.3203505244,61217.5920505626,19038.4704255237,40678.0650577589,44735.4216058689,33795.4178535359,48068.9037999978,11596.8914130256,27808.0410621495,68837.8948710106,56692.9080760460,49344.6451387770,55359.2728369129,57362.4515183943,42338.8659941402,36351.4677569852,50375.9530491497,54705.1603431136,41455.0626080854,41142.1871320564,29288.1236576518,34550.7810249458,21344.5726486412,17500.4682558822,63012.3027421903,45865.2689724558,1800.0620823628,82509.8559289333,18821.7725014673,21649.0725309664,32182.3242601110,21903.3777952910,60808.1036024107,39392.8385199657,33396.7917473909,28693.9349877841,52467.6469144454,28984.2851586115,57600.8824329578,33388.6620853526,48790.1815157895,28303.1688976702,40342.3264231161,39132.3381336998,23526.8954640007,49635.0192301755,35974.6557598306,36860.6058676399,58290.8194790965,31439.1217207679,49176.4422870343,45179.5778993703,43182.3239703514,38716.0639938487,36264.5712882993,17693.7102228816,28681.7425047002,67289.5000446898,25600.1550171438,37277.6947601479,36970.4767903704,29819.2251243299,26108.4519967326
64,0,0,0,0,0,0,0,0,0,0,0,0,0,0,0,0,0,0,0,0,0,0,0,0,0,0,0,0,0,0,0,0,0,0,0,0,0,0,0,0,0,0,0,0,0,0,0,0,0,0,0,0,0,0,0,0,0,0,0,0,0,0,0,0,0,0,0,0,0,0,0,0,0,0,0,0,0,0,0,0,0,0,0,0,0,0,0,0,0,0,0,0,0,0,0,0,0,0,0,0,0,0,0,0,0,0,0,0,0,0,0,0,0,0,0,0,0,0,0,0,0,0,0,0,0,0,0,0,0,0,0,0,0,0,0,0,0,0,0,0,0,0,0,0,0,0,0,0,0,0,0,0,0,0,0,0,0,0,0,0,0,0,0,0,0,0,0,0,0,0,0,0,0,0,0,0,0,0,0,0,0,0,0,0,0,0,0,0,0,0,0,0,0,0,0,0,0,0,0,0
65,0,0,0,0,0,0,0,0,0,0,0,0,0,0,0,0,0,0,0,0,0,0,0,0,0,0,0,0,0,0,0,0,0,0,0,0,0,0,0,0,0,0,0,0,0,0,0,0,0,0,0,0,0,0,0,0,0,0,0,0,0,0,0,0,0,0,0,0,0,0,0,0,0,0,0,0,0,0,0,0,0,0,0,0,0,0,0,0,0,0,0,0,0,0,0,0,0,0,0,0,0,0,0,0,0,0,0,0,0,0,0,0,0,0,0,0,0,0,0,0,0,0,0,0,0,0,0,0,0,0,0,0,0,0,0,0,0,0,0,0,0,0,0,0,0,0,0,0,0,0,0,0,0,0,0,0,0,0,0,0,0,0,0,0,0,0,0,0,0,0,0,0,0,0,0,0,0,0,0,0,0,0,0,0,0,0,0,0,0,0,0,0,0,0,0,0,0,0,0,0
66,59513.2822924946,75594.1668702692,82092.0118600047,73381.8699013341,12463.7116678210,88639.4087096125,80778.6013487428,38726.6419857794,77321.0558711613,40011.6104011226,36983.5646670576,51228.9477407041,27729.2330310224,54935.3459255932,68835.2152904076,65593.7601254655,53832.1951881226,14071.4749697478,50772.5611367250,66675.1772764588,59050.8464076365,27052.9539543240,33639.9626172046,25502.9956809554,54811.1416210036,70516.8853884458,13741.3936280786,43747.4141021882,21792.0802761456,80416.4670218156,54645.8875389774,61909.2597647329,47240.0916624985,52385.8256661539,33515.5667986813,69858.4533276516,39476.1764034969,46195.2940920933,27820.1541443056,54439.9899074797,71038.2545245245,65915.6761961349,8188.1726712476,41953.0848814835,27280.7817772097,63446.4919065074,57120.7002122616,67373.4232389519,38555.4738729382,25580.8207310071,53649.1354081600,70753.5724475748,13374.8008668475,74277.7641592400,62900.7271559391,33445.0887712606,14384.0221411760,1460.5885030593,22938.5163943410,18859.8174200181,44454.6527368565,58206.2968833266,29407.1055896343,61968.4232958979,37064.8402146133,47141.0925208629,47974.7614420640,79069.1024055935,76836.4222891555,65837.2025277280,56251.4886908528,51497.4495022149,33693.8433906958,47799.4309620116,45834.3851922127,22047.4715179250,66431.2306117739,62138.2378084389,23278.6315407584,49693.8854296091,44124.3967265527,85124.4500197171,16960.3461879006,28378.4480347971,21735.6980190497,61132.2615418449,62960.3935190141,70461.3511493381,31288.5248143705,62555.7493091605,63066.8814566059,74292.4663304854,83818.8794703984,30666.4639490805,7259.1193841881,57741.4000618857,43929.6266804159,72342.3838712735,63256.4295420597,18339.1539944591,14348.2860009599,53219.8483600845,71002.6572172213,34824.6703444058,41973.6766396130,39168.3538619136,47013.4332392055,54680.4550823964,40911.4001919709,54536.8288006863,51835.2988725371,41461.6407504643,68567.6652945320,33805.9556445623,56304.5055568099,36591.1823936378,11531.0429265468,41020.3896416161,21000.9013088068,47275.5473530382,15741.6550552477,46743.2783879408,49909.5847775059,36657.8712251639,47678.7195468727,33345.5269911132,54973.2822950571,47432.7247848764,55470.9963441767,69170.9183871361,16315.4343003754,58915.8527700707,31620.9381753077,9884.2536756269,64421.7183496368,23535.0236330226,34098.8500202510,28210.7302229315,68275.3020267655,8714.7412586806,21347.6648630483,60936.9227716268,48991.4983057907,67232.9433695581,28060.0706349279,6243.2668926960,68794.7702732176,44071.0777046634,52811.5496605866,60054.0600040248,50855.8362857117,62899.0438252458,14895.6809404767,72487.1910796267,76600.6893733234,63422.4119775972,31721.1927552944,8250.3398270629,53104.8160561798,28688.6531308674,10007.9496803592,64972.4710395265,52869.0454873726,21987.0281858424,74063.7664664414,27667.9946933904,1039.8262504630,38269.9794497470,27075.6226474281,82929.1570865939,25002.6246478585,27839.0381946728,50773.0276642317,70822.0475747153,27503.9514799108,78675.1511658923,15707.7560939706,61754.9745610044,38250.4434644413,49719.8875218630,42403.5542794498,42494.9062893786,71712.8521242580,33670.9704642665,19441.1497823051,80352.0486556019,34055.2240520279,47140.1928300055,48244.0402885828,59265.8758036723,32436.5279743900,56905.9577990999,32429.0673272341,40237.1916107165,89364.7208071945,42161.7020542340,38516.5885460438,58796.2644889060,49598.5459315157,43071.9760086895
67,56027.6076290967,78491.6692100289,80500.8628259224,73243.2832589101,15955.3592111343,85275.0082627776,81623.0190314440,35972.8535764663,75129.7010827075,41488.1567838011,35871.5870503405,54773.1370826803,24182.2024749620,54201.9554209112,66171.7849455208,67516.7862198297,51249.2295873995,12066.0477389888,53534.4696012700,63334.9315783848,59712.8473359249,30024.9207777490,32976.7728526734,26606.3099119586,52844.1768288707,67519.1825462718,12154.4560813580,40487.2766845626,22816.4553598259,77381.4430862659,51670.5875957455,65093.0749691256,43599.2642092633,50680.2918609948,31050.9102905456,67861.6635466594,39752.7190386324,46354.0480685777,24336.3695382330,55923.6780989588,72342.9686456920,64051.0098517884,10580.1428064083,40231.9980679390,25268.3697096717,66051.8354459749,53984.0156590994,64856.8587207813,41103.6622619943,24980.9842758864,55821.8414792143,71302.6359972828,9733.0331112981,70771.0091918939,61379.9109121345,34035.7610848246,16049.0941489324,5582.1791490646,20178.2830077269,22346.9952809616,42205.1882557556,55676.4902171799,31353.5861752798,58336.9618159516,33409.3991109642,44780.1633249132,48922.2264010433,76372.5745548120,73521.3527237185,62547.3868052067,52931.8112670493,54802.0555634017,30527.5416146080,46639.4811622815,43009.4083732931,19101.9070064915,69368.6110368541,59272.9271653947,22846.7179889745,46215.0735811178,46176.8158718496,81637.0168151750,19307.7603108813,26656.3841336624,18069.2228350558,58921.4677302370,64061.4675345712,67313.2943143732,28248.5870008060,60366.0342776591,60088.7930882481,71862.9035279427,80598.8033765823,30885.1033698035,2052.3931108389,60696.9627359509,43584.6908126856,69427.1719949814,64789.2084583337,18416.1922970368,14957.2035629130,53014.7073975527,73682.9639214159,32590.5952073136,40264.2378810323,39015.1787138747,44079.4536709669,51072.9062836931,41661.1739156431,53020.9116226586,49643.6679339869,37960.5604303097,66371.6000360144,32355.7183380007,58834.8066699062,36220.0899455105,15072.3041022619,40211.7386040216,19328.3578160918,48786.7369332555,12457.0066423252,46342.0775438997,46811.7407745556,38713.4268042668,50720.5603002047,34665.6001135734,56024.2158681122,49858.0967479641,52124.3376234229,67500.6054664965,13269.6459998571,60772.8854687672,34199.9029989910,10193.3000633192,61338.4596748034,25926.5915426828,30607.9998556785,28352.5253869975,65486.4191492070,9483.2849175026,23185.7984448949,59079.0451500606,47212.0900996652,64819.3833338876,24391.6599553838,9462.6591602279,69753.2109773954,46799.1940979242,53044.1890609217,57487.9980882859,52693.6704181052,60151.4596443622,17680.7823319970,69084.2798395121,73437.5213323802,60216.6810994373,30991.5252435432,10682.1230813752,50752.9722365381,27672.0041254792,9602.3103734618,65576.9242276812,49982.5765907581,18524.8674966787,73637.4539687707,25031.0061968249,5368.1642408781,35301.7946769532,23928.7677448424,79563.6941559265,25300.2973366306,29056.9668538868,47487.2818086477,68591.5898475823,25182.1269915191,75812.7587629701,18856.0471673650,58381.7268111068,34940.0369320661,48929.4769364647,39818.9188590763,39982.1567942692,68428.5884605330,31677.9405166984,20521.7089333333,76897.6235973465,34048.3946852017,45365.8596520152,45765.9065595894,55691.4495542646,31094.1855330406,54122.6369409179,28804.2436301407,38924.5504523003,85917.8904364911,38526.8922239671,38868.8190827695,55657.2854894021,46980.1641114067,40918.2599401947
68,65898.7040806409,72120.5279490144,88514.2892268705,71046.1940368624,8397.2037702743,96801.1200139627,82760.2692803374,46619.3376980515,79753.4335617009,41107.2998807631,37463.8049405708,45156.7237928432,34591.9872853739,60171.8373173839,76595.1312891509,65111.4003905895,57496.3378912273,21660.9532426799,48008.7553533280,74836.7543309559,61623.6607557114,24231.7577364008,39080.3627076928,21609.3755784688,61841.0597074531,75202.6001519663,17096.2495898091,49441.8325021057,24768.5018147535,88462.7261008723,62668.5291495483,57482.7636281140,54457.6592228490,53880.5207981636,37261.2248067276,76870.9910283304,36781.5378496180,49964.2210454438,35944.1811923529,55217.5154302604,72047.6105002339,67623.3477700058,10699.9711060524,48757.8140304561,34582.7169658387,61028.0968988127,62314.1847538762,70729.7555705215,36751.9681693241,25491.5820839395,52640.2039571530,73445.1092447063,20882.6200102840,82390.0711426374,69295.4288270172,36687.5466890407,10514.0704893505,7707.7732232504,27786.6934188447,14047.4858102260,47411.0592169209,65855.4440790761,29719.0660005851,69078.9625034407,44443.0968944606,54651.9604204380,50101.3607699762,86848.8306310780,84995.8403673093,71472.5689798579,64412.0425267251,46661.1609983048,39247.1380514157,53775.6008254724,50248.2443086161,30112.4159264068,62886.5939430129,66493.7384218866,28708.0210226151,56099.4100146578,43633.0997737851,93250.4795248645,17243.4718320256,30602.9692042331,29478.2370160370,63752.5711998193,64524.5629628657,78571.5085035460,39373.9855732541,69825.7598823324,71085.0473179505,81808.0045364210,91955.5311292316,28442.9544064094,14522.3851055319,54215.6665168995,42479.6514665864,80310.7627419051,63796.0330381942,17509.6307060564,18870.7430263773,57561.1507206071,68278.5100105759,42273.2311004053,43685.6490163603,43642.8745499288,55017.3966737216,61657.8864694398,43612.9752415224,60972.3176859794,54523.9278370942,48008.9795857195,71079.2356532955,40360.2138140831,54203.8941763376,35420.7899880637,9883.7865095382,46546.7003015854,23612.6812018179,48113.3955269448,23903.4622376999,51515.9713074661,55046.8714816080,36368.6308888191,43968.7142579217,35031.2046187132,56754.0043424374,45796.7628985420,61357.2345068080,75749.3472508809,22171.9975220359,58687.0147439999,29967.5787770235,10752.6938692168,69402.0157250095,22958.1048701101,40672.8273490434,32491.4204421680,72369.8763118899,14709.1011856246,16079.4600660103,67801.4565259565,55816.8798250426,74743.6837904747,35691.2366966461,185.9741237483,70619.9504206308,41543.0318894098,56336.2035041253,63606.6848137845,50801.1799527498,70741.7373540337,13024.8900439218,80644.8836704056,84716.2101161048,71557.0469898307,31555.2680036903,4193.9152948649,60585.0500496046,34766.7020215883,16503.0026120271,67601.1054597016,57367.5611864922,30119.9342495993,72350.9680365742,35518.9794467565,9171.8774487409,43191.2759713229,32722.1612496765,91090.8141006764,22960.5243558754,30007.7889333387,58929.8215966989,78118.7740716227,31131.0857020292,86598.9450793590,13246.1751382955,67701.2925182905,44165.4107428376,55103.0754731548,46240.6056176064,50172.1429165697,79867.7344275813,36291.8952065282,16156.7481040040,88495.0598629134,38398.0336974364,48892.3645770464,51710.5497423256,66050.8901904284,33614.0064683261,64786.3124102078,39609.9748251306,46517.7802271465,97510.9900989515,49354.2555268728,42075.9754398732,66905.7878668678,57350.7820449488,50381.2235480980
69,57706.4765712329,78117.0263274661,83980.7991043104,70681.0994258385,12900.5666758354,88706.1422706476,83594.7839623187,39654.6702692571,74561.6325053229,42873.9861629240,34122.8987066360,53042.6295134541,26132.6622778507,57275.8202134997,69856.0894257294,68432.3132925201,51220.5520363104,15611.4606402015,53383.2039026637,66794.3483857067,61833.2353799000,29583.1790162952,35992.5662631526,23254.7192021475,56435.3177075436,68135.4604848334,10934.8794082563,41636.9666537666,24608.7988803748,81003.2112752840,55314.8136097857,64225.3021688740,45904.1697456725,49544.6921736631,30879.1269223693,71464.1376607578,36885.1132094442,48854.5560809253,27689.2762646022,57302.9000617229,73897.1197941436,63092.2414603423,11025.3410466418,43742.8007137151,28853.4932147175,66118.7369020811,54865.2803426997,64724.9798001095,41265.9061131683,22758.4571565539,56451.2196244087,73516.9319947090,12269.5619407652,74035.7853031137,64828.7165655212,36200.2895515748,12454.2639244435,11.8775407441,20490.0886598742,20895.8347534992,41726.8352450599,59359.7366552488,32253.5487589325,60565.4491701995,35847.3738858053,48447.3908840276,50798.7961568060,80055.1552105848,76997.4602572251,63733.2009123314,56412.8269580886,53697.6576824087,31509.6377376491,49927.0581055484,43358.8051063703,22769.7582829771,68933.7539667813,59671.3810708711,25705.2668225753,47887.0292462395,46950.8035570490,84926.9848744480,19764.5809222251,25552.1815724417,20886.8210097969,58383.2032278592,65804.5751883256,70892.5331601480,31886.5897155380,64009.3044705915,63730.3774822682,75540.4506860847,84137.3210550622,28044.9713310942,9076.7672535513,60237.6979845353,41168.3857339107,73082.1093645667,66119.2970200086,15642.6551037735,17063.6428409458,55768.7736567993,73640.2262936143,36233.4236936444,39136.3073457665,41724.8869521536,47735.3436163485,53188.1650206594,43702.4347649427,56464.5284689124,49085.5790774136,39713.9820695156,65811.9236121277,35757.5158063896,59008.3310454372,33819.4197351406,13548.5889151998,43316.7043807227,18179.3054539875,50138.5277578317,16033.8166855504,49216.4484986371,47627.9043652153,39487.2100512485,50124.6391032700,36200.6762894662,57811.2437852458,50175.6584151836,53448.7729583328,71005.6350292737,14144.8105681158,61762.4711700021,34329.2132610974,7192.4793553011,62112.5995711509,26313.4750391891,32351.9518957074,30846.1792447118,65758.5091845691,9832.9887270725,19568.3444598333,62641.6709700109,50746.1708961013,68495.0275257222,27077.0437055738,7068.2430183398,71624.4731918969,46703.5653536195,55494.7057942575,57430.4976805651,53705.5015428029,63831.3064507192,14056.0822804959,72482.8715711389,77008.0917743645,63768.9059795057,28887.7555542101,7020.1653574284,54420.1420611976,30868.0902112053,12350.6030798546,67745.5249446140,50423.9570341824,21926.5061103070,71295.7955978094,28715.6542612536,5116.6439288104,35904.2380249261,24899.7318261171,82995.3748064359,22396.8535428483,30684.1137951392,50996.3462163748,72243.2921666903,24827.0270393841,79477.0571238697,18170.3968926473,59762.3250296872,36212.2119849904,52031.4966617809,39804.5939223610,43663.2479077107,71929.1006356768,30887.6256810818,17162.7060711122,80234.1327503081,36654.0749276895,44309.0335318684,45592.6810991566,57663.0667690143,29575.2558756519,57799.7352680850,31054.5026042970,42275.1743791462,89261.0439180675,40804.4844268257,41221.6786083305,59244.1390444389,50665.3490548206,44549.1928454290
70,43395.6090279048,89477.8725381469,73024.4603942309,77112.3256157639,31008.8589678474,70727.4260711779,84193.5731193787,24784.9083218230,69939.6041396078,47927.0416596360,37703.0355077000,68801.3735800213,12464.5606057971,51159.2648359191,54424.0485906555,74718.3026712165,44757.7397473018,12610.5228494701,64318.7174994610,48926.2590634038,62146.9451050636,42240.0344464715,31941.4345431476,36775.1816294002,44497.3127542078,58065.5748807371,17993.4098789634,30153.7759399728,29611.4172186287,64019.3124881098,38836.9001932538,77418.8315924429,29528.6740773149,48745.7412401642,26945.3278950758,58924.6654112181,46444.3985584310,47431.6751334164,9786.4385535564,61728.6139285937,76972.4912380569,60781.3160768113,23234.0805899190,33745.5113907079,19443.2452148132,75992.6931311695,43981.9275778697,58231.3287653427,51431.7757488065,30218.1570700205,64284.5211464990,72914.4068627058,11626.6163546669,55844.7343019983,54673.8980838645,37801.5802014985,28555.4599746975,19209.1889648434,16761.7203329428,36480.4192645233,38103.6805314931,44719.7245773562,40133.1013375834,44266.0730551694,19235.1179819876,34998.7724366863,52952.2832534867,64357.6551434172,59161.1212776797,51292.3887757585,38655.6337367343,67741.3816841961,21785.6293647484,42193.7468143483,35533.7832247306,9610.1150218173,80615.5828830383,50826.7069578404,24587.8863548056,33842.9770062664,54504.7799074107,66748.4539263083,30460.7678713788,27114.5658512559,2038.5768745141,54111.6661304995,68097.7235172081,53586.2791071844,16129.9955635927,50780.8325220768,47109.9231974769,61010.5819024402,66541.3262248394,38086.8308186584,13148.3666903848,72126.5216221441,47817.3793307178,56598.7307410818,70514.0783648583,26986.2324034313,22441.7672988884,52232.9719698264,83819.1459970068,24392.1700935137,39029.4768830263,39403.1600307336,31620.4906889511,37345.8888978807,45369.6659173934,46665.5336542994,45359.7048254096,25656.3645025521,61386.0518253879,27968.5746326487,68609.8227340079,40905.7836418189,29552.5464062024,37773.1858789998,21811.2715476657,54979.8107893691,7835.0708869182,45139.8142041726,37341.3586415964,47396.0212389978,62646.6102158016,41020.8593238014,60139.2914337530,59449.8150258489,40679.8000411273,59970.9918273788,11657.4333437287,67878.4239936660,44922.6460110595,21509.1222804969,51487.1583185371,36556.7667544044,18856.4497835410,31171.9899818448,57318.9045129545,13763.7406274100,35379.9448784928,50985.0607080907,39981.0629502840,54159.1659410222,9908.1936226834,24537.9186435869,73058.2784481556,57609.8638969493,54042.8555097405,50830.3818788437,59972.6874685273,48145.9133429611,31898.5801275033,54450.9936705224,59616.6326834709,46320.5115657992,34889.4728302672,24884.8075386843,40752.2540967539,25981.2713028001,17099.6228312600,67579.2946179025,41747.3894611826,4095.8253426493,76366.5855771784,15826.4316245472,18952.8849501025,27498.0588612791,16511.6079944085,65023.8133328469,33368.2332871736,35607.0317622689,33394.6705515184,58639.7876880768,22952.1216865283,63135.8874441160,32138.3220206213,46599.4706945363,24563.5454406444,45929.6918062409,34038.1835467354,29742.1966843068,54193.6872152710,30013.1538351918,31266.2268192514,62099.6421931848,35531.5708275233,43429.1810448513,40165.6623405078,42261.8753875337,32518.1011884986,42081.7367003139,15395.9293638371,34407.8786339240,71130.2842786887,24627.4549590117,41267.8491208487,42069.7055335871,35895.8879173738,32350.3411084245
71,0,0,0,0,0,0,0,0,0,0,0,0,0,0,0,0,0,0,0,0,0,0,0,0,0,0,0,0,0,0,0,0,0,0,0,0,0,0,0,0,0,0,0,0,0,0,0,0,0,0,0,0,0,0,0,0,0,0,0,0,0,0,0,0,0,0,0,0,0,0,0,0,0,0,0,0,0,0,0,0,0,0,0,0,0,0,0,0,0,0,0,0,0,0,0,0,0,0,0,0,0,0,0,0,0,0,0,0,0,0,0,0,0,0,0,0,0,0,0,0,0,0,0,0,0,0,0,0,0,0,0,0,0,0,0,0,0,0,0,0,0,0,0,0,0,0,0,0,0,0,0,0,0,0,0,0,0,0,0,0,0,0,0,0,0,0,0,0,0,0,0,0,0,0,0,0,0,0,0,0,0,0,0,0,0,0,0,0,0,0,0,0,0,0,0,0,0,0,0,0
72,0,0,0,0,0,0,0,0,0,0,0,0,0,0,0,0,0,0,0,0,0,0,0,0,0,0,0,0,0,0,0,0,0,0,0,0,0,0,0,0,0,0,0,0,0,0,0,0,0,0,0,0,0,0,0,0,0,0,0,0,0,0,0,0,0,0,0,0,0,0,0,0,0,0,0,0,0,0,0,0,0,0,0,0,0,0,0,0,0,0,0,0,0,0,0,0,0,0,0,0,0,0,0,0,0,0,0,0,0,0,0,0,0,0,0,0,0,0,0,0,0,0,0,0,0,0,0,0,0,0,0,0,0,0,0,0,0,0,0,0,0,0,0,0,0,0,0,0,0,0,0,0,0,0,0,0,0,0,0,0,0,0,0,0,0,0,0,0,0,0,0,0,0,0,0,0,0,0,0,0,0,0,0,0,0,0,0,0,0,0,0,0,0,0,0,0,0,0,0,0
73,0,0,0,0,0,0,0,0,0,0,0,0,0,0,0,0,0,0,0,0,0,0,0,0,0,0,0,0,0,0,0,0,0,0,0,0,0,0,0,0,0,0,0,0,0,0,0,0,0,0,0,0,0,0,0,0,0,0,0,0,0,0,0,0,0,0,0,0,0,0,0,0,0,0,0,0,0,0,0,0,0,0,0,0,0,0,0,0,0,0,0,0,0,0,0,0,0,0,0,0,0,0,0,0,0,0,0,0,0,0,0,0,0,0,0,0,0,0,0,0,0,0,0,0,0,0,0,0,0,0,0,0,0,0,0,0,0,0,0,0,0,0,0,0,0,0,0,0,0,0,0,0,0,0,0,0,0,0,0,0,0,0,0,0,0,0,0,0,0,0,0,0,0,0,0,0,0,0,0,0,0,0,0,0,0,0,0,0,0,0,0,0,0,0,0,0,0,0,0,0
74,34458.1793637389,98564.8980820320,77747.1054149933,72648.2691889045,37103.3719203386,67983.3362094812,92812.0045115372,28627.6709399172,61534.6951384748,57187.7111654364,33472.5238888136,76753.2206189552,1748.0129653555,58455.7055431334,56128.1307259616,83977.5618738125,36232.9198065206,21889.1549072793,73400.4263901500,46888.7239330687,70858.3729602501,50925.4483379028,40356.8462824274,37868.8306239616,49324.8496101707,48821.2957998681,19640.9262576702,20911.7783653874,38882.3761433358,63538.7423647533,39831.7644325999,86183.5789845190,21591.6648001764,41966.7709301740,20329.4555910132,62932.0880960506,44598.4737449126,56006.1183345285,11840.7449478681,70918.9934515444,85987.7461873502,53157.3630806462,31529.4040725922,40114.4899454019,27137.7497267430,85196.5010176426,34721.2354978466,49505.6715783482,60544.6868790693,28795.1255443744,73559.7733030969,81372.7439486281,12311.1329028674,52100.8275823217,60194.8654084754,46920.7331187291,32024.5369252772,25199.2843594924,12831.9530512859,44301.4311612901,30712.6790587156,47512.4500502223,49355.8659087267,36304.1722431222,11559.3502990569,39242.7261978081,61987.9655117264,65551.6730699579,57017.0256701168,42055.8555858775,37256.9587356796,76274.3575265737,13224.3169341103,49159.3547537084,26877.9105442475,17344.0261923750,89646.3355202127,41739.2680346798,33692.3632899415,24774.4198918143,63777.2645029115,63021.3364066364,39286.4698319883,23203.0932493116,7061.4129464389,46008.1555063101,77057.4800924219,52755.9427121413,20291.4098480205,54520.3711734634,47579.1273876279,63427.5341641007,64886.7193647767,37099.9157830345,21203.5689555390,81107.9545249884,44386.2087148882,56999.6080713932,79676.4032595776,28082.7787214911,31607.4976798515,60264.2288457693,93011.8273512699,30479.6643870744,33010.6273321940,47958.3524319165,33513.0841410197,29044.3148060565,54416.7028939834,52592.1007913253,37640.0760153560,16514.8994882806,53125.7171434602,35554.3344270869,77819.7466625556,38138.7648774020,37092.7514765715,45613.5921000686,20237.7218968249,64213.8898675139,14730.9952108083,53173.7607677905,28166.3397391258,56645.0530789810,71493.0428511765,50291.5684342116,69147.1605329724,68661.4971249655,31444.5467312878,64889.9860294241,12172.9472182166,77139.4167837574,53950.7519633802,25193.7010302761,42224.0818793576,45545.7549461005,9576.8781010223,40269.7333122245,48249.2050416318,18362.1564723874,38061.2047872928,55768.1954821301,45665.0609614976,56915.2706766992,2038.3462475623,31276.3006495416,81873.3754026443,66671.1108956534,62517.3864697278,42168.4923167379,69245.7477574817,49760.9205120327,36595.2519471815,51723.5787002437,58498.3643427040,45398.3502635231,32124.9218062831,30031.6476012803,44532.7638096391,34465.6612379092,26077.8687897294,76162.5942949161,32774.8757282689,11222.5763113360,71290.2679836425,22388.5841072269,26566.9556933460,18996.8842339168,9593.2338452163,62370.2025361372,33357.7820920851,44887.1784666737,32648.2366296454,61882.0368475434,18082.7229267241,63587.7588260483,40371.8817242233,37431.9768241397,15368.0089097660,53357.6951724008,26078.1237505717,33969.8251028793,52413.7449897861,24460.0537730463,33232.6988664877,58753.3926827587,44372.5543856444,36839.5818517890,32062.3031062908,33738.1597188970,28507.0746892764,43886.1295741329,9289.9380221145,41628.7819507353,67712.9995407674,16502.1547554022,50171.0846910277,41824.1330467915,38981.3805866628,37609.9239381905
75,58460.0439729742,79711.0517577894,88798.8666631838,66334.9893136517,11328.6317003509,92289.7890281629,87616.1938878891,44092.6959550520,72300.6939977586,46493.7110381639,30722.2764204538,52913.0933533211,27647.3217763762,62029.4034462760,74311.2743109254,71504.6601547539,49736.1586086345,20399.0145795078,55352.4519924055,70469.1936404796,66002.3223267887,31469.0687440821,40736.6189866172,18445.9052318783,61199.1346208921,67384.7424749258,9278.6261459354,41788.9209806455,28697.3519993335,85111.8192148617,59527.9286931431,65244.0081275005,47649.1109814280,46725.1636178084,29464.8044363396,76217.4183702804,32346.7188216783,53313.3959606691,31288.0875911318,60856.4462093540,77570.0645659339,60411.4820339649,14539.1655883009,48550.8575884273,33621.1710013753,68280.2368461310,54538.1008488338,63032.9695810618,43683.1364349708,18973.9574310993,59271.5285264240,77741.7859945581,15146.5765388065,77282.4550250510,69651.5363617398,40469.6628969982,7698.4170828576,3754.6140176975,20041.5835358621,21730.8872571159,39763.3077638050,63907.3994538243,35515.9414272916,62107.9689176180,37886.6550370110,53088.2396059023,54800.8034050821,84479.0357263635,80698.9407021652,63766.7016416360,60156.0164319378,54459.2017905288,31592.4204696062,54743.2649087914,42429.6917560024,27151.2532808744,70484.8130096912,58678.6513642856,30404.0514871111,48698.5033575816,49968.8601031216,88208.9336867473,22851.3817379977,23075.2016199852,23743.6564468069,56222.9058370565,69659.4041419716,74872.2284779104,36118.1013943702,68706.9165717482,67925.1411481076,80131.0537117629,87991.0405493535,23561.5775821153,12191.3074954206,61797.1032721884,37013.5467101707,77327.3862449769,69602.3492918009,11373.2471909059,21451.7621807344,60370.7262899369,75647.7601554692,40934.7483113003,36408.4046790885,46319.1330841668,52006.2310676481,54600.9014726831,47854.6349404842,61287.7383259119,46958.6998921673,40720.9252376683,63591.9080946247,40582.9687115693,61321.4905589274,29717.3467946340,14743.7400391805,48087.3477231330,15922.5422787454,53693.1901906960,20201.8166602888,53886.9888527559,47270.3004759901,42557.8917452357,51575.5403555797,39989.0160554638,61720.9747844104,52695.8614232262,53733.2537931264,75816.8640716055,14865.9814952820,64929.4578415443,36786.7509323269,2345.5727766861,61599.2791309603,29169.1284091236,33451.5966578119,35346.5048546911,64571.9997111000,8078.7931711006,14842.0907720154,67426.6176007432,55545.6865068985,73097.2719047382,29609.4588440034,7997.6580083550,75577.6881647795,48783.5932288534,59910.7267851998,55868.9455296528,56924.7492636202,68231.5072685371,10397.9752592374,76011.7036205533,80957.0543484229,67680.0101488706,25145.3118504799,3356.9780803872,59059.9040836232,35671.0428940858,17078.8826555677,71942.6477506974,49548.9818660055,25676.9724442552,67140.6193620055,33260.8635088561,9724.6989182395,35404.1038863161,25138.3056260274,86585.8437618370,17893.2618502547,34589.1618286308,54817.9527359459,76923.1082958710,23332.4965720233,83765.5524140546,20122.1428858336,60085.2531304673,36602.2796218383,56797.3437942278,38448.2555823821,48238.3771727660,75696.1189939053,28687.6652647146,12358.4678331885,83618.7506736815,41200.6674124073,41618.7972153748,43972.4972501783,58838.7859388666,26503.1418810453,62180.0870476840,32887.4381837989,47099.5749679943,92649.2140220055,42553.1140916909,45601.2635695722,63259.1324443757,55170.7156274064,49268.5153497186
76,0,0,0,0,0,0,0,0,0,0,0,0,0,0,0,0,0,0,0,0,0,0,0,0,0,0,0,0,0,0,0,0,0,0,0,0,0,0,0,0,0,0,0,0,0,0,0,0,0,0,0,0,0,0,0,0,0,0,0,0,0,0,0,0,0,0,0,0,0,0,0,0,0,0,0,0,0,0,0,0,0,0,0,0,0,0,0,0,0,0,0,0,0,0,0,0,0,0,0,0,0,0,0,0,0,0,0,0,0,0,0,0,0,0,0,0,0,0,0,0,0,0,0,0,0,0,0,0,0,0,0,0,0,0,0,0,0,0,0,0,0,0,0,0,0,0,0,0,0,0,0,0,0,0,0,0,0,0,0,0,0,0,0,0,0,0,0,0,0,0,0,0,0,0,0,0,0,0,0,0,0,0,0,0,0,0,0,0,0,0,0,0,0,0,0,0,0,0,0,0
77,0,0,0,0,0,0,0,0,0,0,0,0,0,0,0,0,0,0,0,0,0,0,0,0,0,0,0,0,0,0,0,0,0,0,0,0,0,0,0,0,0,0,0,0,0,0,0,0,0,0,0,0,0,0,0,0,0,0,0,0,0,0,0,0,0,0,0,0,0,0,0,0,0,0,0,0,0,0,0,0,0,0,0,0,0,0,0,0,0,0,0,0,0,0,0,0,0,0,0,0,0,0,0,0,0,0,0,0,0,0,0,0,0,0,0,0,0,0,0,0,0,0,0,0,0,0,0,0,0,0,0,0,0,0,0,0,0,0,0,0,0,0,0,0,0,0,0,0,0,0,0,0,0,0,0,0,0,0,0,0,0,0,0,0,0,0,0,0,0,0,0,0,0,0,0,0,0,0,0,0,0,0,0,0,0,0,0,0,0,0,0,0,0,0,0,0,0,0,0,0
78,0,0,0,0,0,0,0,0,0,0,0,0,0,0,0,0,0,0,0,0,0,0,0,0,0,0,0,0,0,0,0,0,0,0,0,0,0,0,0,0,0,0,0,0,0,0,0,0,0,0,0,0,0,0,0,0,0,0,0,0,0,0,0,0,0,0,0,0,0,0,0,0,0,0,0,0,0,0,0,0,0,0,0,0,0,0,0,0,0,0,0,0,0,0,0,0,0,0,0,0,0,0,0,0,0,0,0,0,0,0,0,0,0,0,0,0,0,0,0,0,0,0,0,0,0,0,0,0,0,0,0,0,0,0,0,0,0,0,0,0,0,0,0,0,0,0,0,0,0,0,0,0,0,0,0,0,0,0,0,0,0,0,0,0,0,0,0,0,0,0,0,0,0,0,0,0,0,0,0,0,0,0,0,0,0,0,0,0,0,0,0,0,0,0,0,0,0,0,0,0
79,0,0,0,0,0,0,0,0,0,0,0,0,0,0,0,0,0,0,0,0,0,0,0,0,0,0,0,0,0,0,0,0,0,0,0,0,0,0,0,0,0,0,0,0,0,0,0,0,0,0,0,0,0,0,0,0,0,0,0,0,0,0,0,0,0,0,0,0,0,0,0,0,0,0,0,0,0,0,0,0,0,0,0,0,0,0,0,0,0,0,0,0,0,0,0,0,0,0,0,0,0,0,0,0,0,0,0,0,0,0,0,0,0,0,0,0,0,0,0,0,0,0,0,0,0,0,0,0,0,0,0,0,0,0,0,0,0,0,0,0,0,0,0,0,0,0,0,0,0,0,0,0,0,0,0,0,0,0,0,0,0,0,0,0,0,0,0,0,0,0,0,0,0,0,0,0,0,0,0,0,0,0,0,0,0,0,0,0,0,0,0,0,0,0,0,0,0,0,0,0
80,53880.4193197842,102136.4350111760,110530.5431689101,40754.4322210171,32649.4306447694,101974.6969400349,113573.3001710691,62377.3972352018,51275.5120384732,72395.7928586104,11198.6997251908,71188.5037709613,34031.1955921029,86284.0582802499,91325.1887460915,96855.9629512326,34336.5183336698,43516.5616711950,79034.7181902165,81731.1439259781,91891.2285828864,55683.2991255724,65263.5557389627,13287.3029954909,82075.6085951549,53898.1046162634,21089.1561474958,36874.5867164239,54612.4534502621,98871.4712385923,75163.5278128828,86454.0581485212,49958.7795013513,24726.8060411718,20582.1403718688,96594.3888463118,8250.3636185093,78837.0445422887,46097.6757144279,86700.2901433805,103465.2023165700,38109.9188325097,40499.9662071559,70639.2243959535,55583.6325646121,92144.3553670448,44657.4285887337,45142.3726922348,68366.6505158217,7693.3244678035,84354.7110756717,103588.1787556852,32243.8283216111,85389.2915635995,91873.1457060719,66272.4812707277,21446.1122986726,29683.9202446835,22607.4926805652,44939.3982721596,23636.7078895730,82140.4626887112,61246.7728416994,61420.0698647561,43624.3969681315,72669.9461574461,80757.6466045881,100912.7211421237,91647.8429846597,54724.8017256770,72500.6588031904,75323.0205152704,29607.1225927197,78163.1519059902,31490.1630310184,46699.7780431422,92954.6169044640,44747.8876017389,55313.9266725218,45858.8677878436,75372.1580011417,96028.7452646911,48592.2410403359,12897.9907418262,37193.3128353814,36578.0688151029,95619.7486451090,88042.5891816791,53683.8142019432,88441.0003252345,83007.9868009830,98329.7218571508,99736.6702178782,6057.8332311551,35914.4138729353,84460.3440103943,10917.1056054028,92437.5683587635,95382.7431979478,14598.5084487169,47132.8183039179,85486.0340591657,99098.6465125412,61722.3891803250,16620.6836596281,71511.1397988011,68512.8574099682,54087.9899506748,73749.9760972566,83666.8785546155,28516.2126303497,40549.1571788024,43155.2969866655,63626.8049734267,85563.7523931326,3883.1793006809,39257.9881083780,72305.9634057460,15871.5092943720,79549.7353755203,39888.3895722257,78738.9350787022,38414.3591435969,68073.4396672377,74252.7209861549,65948.0081489432,87686.8391055611,77399.3615214564,47256.2446503994,97448.0603360854,26016.1923652637,90420.2895662985,61662.9762890430,22972.1316751121,49879.0979847716,54638.4548781789,35792.6224940056,60822.0407682666,49086.7340015836,27523.2625391485,19406.5614804729,88547.0524063893,77242.4080696814,91600.2073132768,39836.5009996426,33303.6069946279,101543.0520980954,72809.1749373206,85509.3183604162,39280.0442049189,82503.8351663373,84966.3379888113,26790.8331280164,86012.6117125752,93655.1249734022,80703.7755880177,6582.0468292494,27161.1782167533,78402.0312016281,59697.1039227364,42099.8571436713,97811.9185639942,37476.3898083383,42342.1760879089,41224.4996110558,53202.7084233731,35478.3503418276,28900.2691172291,27078.8014858643,96530.0873859995,9018.6360188038,60553.6041321605,68059.4665433736,96235.9377107165,18286.8735363293,99026.0873211801,44986.8875045016,52989.8607147511,34376.5313933092,80976.8490373980,26183.8331125624,67407.7840740332,87321.3559804235,15611.4971580404,16133.2825783972,92308.4454334620,66550.4129972293,20950.5263341996,28838.1609709376,56503.8423645048,9125.4391462159,78996.0039921677,38922.1262012368,70296.8031264794,100995.2868867891,45809.5318681100,71270.7135297456,77252.2241932449,73372.9698916015,69888.1246736603
81,54834.9683176312,108308.9654452200,116656.4722673833,68043.1398704332,39235.1067440555,105585.7797604821,120474.8338741073,68150.0537810572,46631.9119787308,79279.8471596080,13545.1276891119,76722.5921843334,38684.2264530004,92921.2459048676,96600.9002765751,103622.2239763071,32709.8569487070,50165.1980765923,85511.2992105828,85903.9681637613,98785.7875897414,62325.2087427090,71981.5499582520,18909.8404584054,88140.5065210192,52057.7483659264,27724.6991581919,38640.4973243529,61511.8346179892,103415.5743870889,80308.4776039171,92440.1908295893,52863.2471438084,20615.8311703117,23182.1059792493,102501.5146374854,7570.7225649883,85682.4351819067,51613.8122849749,93570.1538317850,110344.8541505567,33188.3961831525,47398.8454892332,76968.3784395029,61990.2102342363,98624.7346747682,44406.0060326434,41952.5498156010,75043.3502237469,14378.7430964472,91078.3444396130,110476.2458785560,38543.3753339516,88814.4317566937,98141.9379572804,73159.1651533918,28138.8064479428,36580.9473814431,27771.8101341348,51517.4785404131,22793.9020367832,87718.5619562253,68103.1588227916,63182.3560379290,47579.1185732324,78564.8416477265,87659.2094166029,106009.0317799244,95641.3000660573,54320.1620661351,77025.3519339578,81303.8186808196,32834.9350525718,84679.5962498341,31804.5286863998,52887.8473466431,99161.6029877886,43093.3572673058,62103.1982548644,47644.3830917710,82162.6648949755,99263.8772365172,55458.2618794820,17285.5086159765,42824.6953648504,32980.3055419118,102517.1360931218,92553.4558317896,59464.4254651285,94263.2897561633,87963.1136250297,103801.0139729360,103832.9172681730,10577.0114949066,42685.1966586664,90731.9345808760,189.9786378350,97316.8169736572,102237.6284886385,21496.8809824833,54014.5765975108,92264.8843540396,105484.2751846431,67905.3990155004,15099.9444537136,78313.7293885462,73898.9199483402,56133.1383929758,80646.2844507472,89990.2028492812,26008.1294863978,43325.8733946248,38956.0058015183,70137.4752014683,92128.4824067342,3363.8669706222,46019.6968767132,78963.3839644453,21922.9752757371,86423.3887742741,46225.1208641660,85482.9583804721,38866.2188705629,74889.4130695583,80566.3458588021,72845.4531784101,94587.0839057161,84062.6973018088,47939.0918515828,103590.5310532196,32068.9886713998,97217.7395855115,68384.9419386782,29871.5560067532,48783.4763133828,61460.8983288545,39485.8650978552,67671.8474107388,46689.2841335022,34210.5372229563,25341.0362611552,94626.6930520498,83474.1969396116,97168.7359902287,44833.3650194912,40159.3679999853,108444.1335369539,79363.6619025064,92363.2368714646,36867.7080576686,89322.3055080546,90233.5042568756,33225.5568535800,89857.4972781756,98012.6468260275,85261.6609356022,8781.5581127346,33999.5228723873,84212.3550548097,66361.8696037468,48933.7566309625,104703.5704253384,36897.7427960769,48239.4421064735,68676.2807560440,59348.7469621471,42373.2519948729,30953.8079733556,31507.8763017481,100250.0907955814,15615.0031663727,67454.8742406307,72831.5820451356,101938.4059619258,22571.4912935687,103888.8980066528,51755.8175704478,53244.6129651637,37080.2595082608,87610.6576423480,26615.5450846961,73276.3294077273,91508.2471488853,17903.4782631425,22675.8817127828,95785.0671443250,73379.3660642196,18067.9695266704,27796.4329883834,57984.1459387118,12159.4493418320,84329.8242184658,43187.8224160954,76803.0040552622,104304.6730611739,49116.7125293779,78139.3989486129,82048.9254721082,79016.5805490669,75980.8372479525
82,0,0,0,0,0,0,0,0,0,0,0,0,0,0,0,0,0,0,0,0,0,0,0,0,0,0,0,0,0,0,0,0,0,0,0,0,0,0,0,0,0,0,0,0,0,0,0,0,0,0,0,0,0,0,0,0,0,0,0,0,0,0,0,0,0,0,0,0,0,0,0,0,0,0,0,0,0,0,0,0,0,0,0,0,0,0,0,0,0,0,0,0,0,0,0,0,0,0,0,0,0,0,0,0,0,0,0,0,0,0,0,0,0,0,0,0,0,0,0,0,0,0,0,0,0,0,0,0,0,0,0,0,0,0,0,0,0,0,0,0,0,0,0,0,0,0,0,0,0,0,0,0,0,0,0,0,0,0,0,0,0,0,0,0,0,0,0,0,0,0,0,0,0,0,0,0,0,0,0,0,0,0,0,0,0,0,0,0,0,0,0,0,0,0,0,0,0,0,0,0
83,0,0,0,0,0,0,0,0,0,0,0,0,0,0,0,0,0,0,0,0,0,0,0,0,0,0,0,0,0,0,0,0,0,0,0,0,0,0,0,0,0,0,0,0,0,0,0,0,0,0,0,0,0,0,0,0,0,0,0,0,0,0,0,0,0,0,0,0,0,0,0,0,0,0,0,0,0,0,0,0,0,0,0,0,0,0,0,0,0,0,0,0,0,0,0,0,0,0,0,0,0,0,0,0,0,0,0,0,0,0,0,0,0,0,0,0,0,0,0,0,0,0,0,0,0,0,0,0,0,0,0,0,0,0,0,0,0,0,0,0,0,0,0,0,0,0,0,0,0,0,0,0,0,0,0,0,0,0,0,0,0,0,0,0,0,0,0,0,0,0,0,0,0,0,0,0,0,0,0,0,0,0,0,0,0,0,0,0,0,0,0,0,0,0,0,0,0,0,0,0
84,60809.5516655475,91965.0804229989,107331.9455936296,47826.0493335665,23262.5770108993,104586.9982692713,105950.0874600998,60766.0463088535,61780.4842648231,64327.4233504125,18513.8157696734,60686.9421624338,36178.2130996802,81196.0964992817,90639.9068660203,87871.0038372259,43817.5499765872,39007.8172863745,69270.5329666831,83514.7913664500,84657.4747115530,46338.4123468685,59913.3046460488,303.6728097134,79291.2201966234,63264.8162738609,18228.2587538889,43343.1482434854,47461.8849080485,99748.9244760784,74976.7391411792,76133.5893524300,54476.8270490177,35215.5238985056,27155.9926627513,94171.1830628876,13561.5371786496,72383.2648357636,45630.0098085405,78401.7979216276,95241.0704829322,48629.1935593799,33095.7860391372,67059.0263868949,51941.2559283505,82380.0631530849,52941.7261093104,55285.1235353096,59097.3485610534,9587.7936867091,75217.3823294686,96457.6414755076,29926.7576594535,88469.6004376678,88305.0905748689,59360.6740830136,12742.2210593279,23253.4019209773,24686.5308944763,35453.6178983593,32951.5658701096,80779.9991238253,52916.2911204842,67261.8585191360,46636.9836481830,70529.5501469108,73229.6469829197,100571.1585388291,93662.6116785724,62982.1600664209,73713.7596759299,64996.9336119071,34544.4726369112,73723.9956531300,39643.6402857480,44137.7140926431,82816.9819361232,54087.7489986482,49603.5208530933,52005.1706374409,66542.6981261414,99323.2388693502,40456.1100904703,18386.5610846239,36803.0201692714,46906.9777405461,87741.3669960982,89088.5590562403,52242.8143710775,86336.7162661085,83158.7689254164,97095.6081380617,101487.9963456769,9859.4511710493,30862.6594702213,74393.7710018214,19832.4352708418,92659.0831665196,86921.6824470541,9282.1377081329,40552.3942798004,79551.1080842634,89178.5901545082,58816.6427754375,26584.4932016962,65500.1844020935,67837.7611550566,59704.1350392639,66555.1270093235,79966.6516610854,38540.4472408755,45563.8210422284,53605.6846612644,59388.3089519842,75972.7472468808,13538.6585058024,30477.4238661959,67230.6597019224,16735.3737961442,71315.5949344067,37006.6123093603,73090.2449129436,46213.0969337908,59410.0899281642,64239.6748445225,58197.1324278065,79949.0584306741,68072.4994443622,54606.0021544265,94276.6840087858,25162.7068114362,81594.1494492441,52570.0722147046,16893.2992692254,58763.3478068409,46081.9772236836,39616.4021464171,54479.1725305576,58827.5906605074,23591.1292888916,13303.2405456727,85653.0427973839,73942.9656500534,90169.6991937930,40913.6282090657,25301.3644604783,93821.0397630642,63207.2771507708,78925.1073351678,49118.4732056691,73812.7467064830,84366.0063504997,17073.1959867664,88355.9227623736,94954.2413954516,81736.4665770083,12477.1555974514,19177.6834717553,76438.6777658392,54740.2069419850,36262.4530207727,90626.6849456892,46179.5823079874,40917.9769581861,49237.2834264003,50607.1039443458,28883.5297785199,35427.4412833657,30208.2075035604,98995.4492680874,5891.7200747349,53044.6812691435,68824.4116178216,94403.3936937531,22788.1330339697,99226.0301371426,36188.0434425348,60660.7401292668,39770.8695807186,75947.4503319570,34473.3014362533,65425.1055746627,89015.2474546528,23161.1805050576,7113.7912627347,95233.1352999485,60357.4614751265,31232.7950795341,38092.7823665017,62779.9784970027,17334.9855073273,78301.3905496133,41565.2386816365,65988.7058397151,104127.4771001697,49834.6443890301,64601.6500385740,77824.5521435697,71945.3971028583,67160.5472992980
85,0,0,0,0,0,0,0,0,0,0,0,0,0,0,0,0,0,0,0,0,0,0,0,0,0,0,0,0,0,0,0,0,0,0,0,0,0,0,0,0,0,0,0,0,0,0,0,0,0,0,0,0,0,0,0,0,0,0,0,0,0,0,0,0,0,0,0,0,0,0,0,0,0,0,0,0,0,0,0,0,0,0,0,0,0,0,0,0,0,0,0,0,0,0,0,0,0,0,0,0,0,0,0,0,0,0,0,0,0,0,0,0,0,0,0,0,0,0,0,0,0,0,0,0,0,0,0,0,0,0,0,0,0,0,0,0,0,0,0,0,0,0,0,0,0,0,0,0,0,0,0,0,0,0,0,0,0,0,0,0,0,0,0,0,0,0,0,0,0,0,0,0,0,0,0,0,0,0,0,0,0,0,0,0,0,0,0,0,0,0,0,0,0,0,0,0,0,0,0,0
86,47334.8487807455,85616.5197907267,69074.5255345176,81381.6797451850,30639.9920392818,70452.4560241723,79208.7321019593,21835.9872396948,74927.4361388784,43335.4275212176,42085.2098620896,66366.6408823358,17228.1036827128,46361.5234975583,51965.4293992744,70110.7341654838,49731.8296899153,12227.7316763929,60503.4075053799,48487.8352400911,57170.4631826157,39128.6130949211,26953.3725378956,39249.3870010340,40657.5989179222,62741.3600318972,20950.5090573887,34842.4922703219,25359.4624618729,62582.3983813415,36973.0702474547,74057.2500142095,32827.6502953979,53618.4802088857,31859.0664594890,55341.4353418913,49992.0364252343,42440.9179970576,9957.8420383232,56985.1673451593,72086.6320931521,65747.0638596878,20969.5249816516,29346.5040140990,14678.1305593611,71898.1720776607,48626.4397899062,63182.2793707799,47588.1239443578,33858.1607392595,59924.7994077265,67921.8959075910,9255.2442336520,56259.9422003464,50474.9177779160,32981.2050173090,30031.9852962388,19482.2323077885,21435.4600802906,34445.3604589482,43065.5971298428,41836.7734434810,36053.8429244769,47394.0507740126,22687.2921012713,31555.4391525558,48074.4472490238,62065.9338850872,58654.8404993885,55629.0666138319,38067.2211694649,64691.5988109287,26732.4177868949,37520.0838890933,40486.3052141028,3566.5841123402,76862.0213011024,55655.5177914977,19752.7792419606,37973.7846282981,50177.2275579554,67054.2989523864,27268.8518270029,31545.2125672991,8300.1853491063,59103.9138579189,63185.5545688164,52438.3032189285,13584.9818339414,47378.4917904356,45369.7178647736,58147.8273390136,65704.3840770439,41418.0461717218,11900.1701938372,68466.7362385871,51890.4230837575,54775.4725395330,65736.4204715943,29725.7644297987,18680.1461996352,47276.1682733614,79745.2902136143,20265.3112660657,43801.2235898617,34411.0463018131,29473.0410391145,40785.1474418833,40497.1175337717,42347.9274231367,50339.5972716047,29927.9159856565,66377.9983466627,23164.1726272291,64507.3391688131,44828.7927570768,27949.5730456030,32866.7091237459,25744.2871494705,50311.2063999760,1504.7903643015,40187.4400292056,42105.5707857414,43201.2225049566,59211.1372589772,36481.1316063700,55247.7303210149,55355.7139681279,45033.6321332152,55991.0137793494,15636.4111046289,63278.7659046173,41266.6174490425,23194.2061110291,56122.0308549776,33023.3171540601,23428.4018932472,26332.3086023051,62158.9706688947,15590.4975549482,37091.4819522439,47113.2749496940,35809.8870815163,51189.8451664538,13552.2390214604,23867.9421109079,68102.0779369802,53847.9189301412,49050.2945813192,55789.6789062068,55431.7615332152,45804.3762735761,32506.5534679142,54315.5486682688,58554.9847553067,45324.2773764213,38885.8165722005,25451.1041663481,37442.4195882297,20991.6098378916,13960.6226049627,62590.7239810793,46626.7390002615,4617.7272234979,80813.8676607272,11764.8901111400,17719.4329187117,32462.6174449618,21497.0294164235,64742.4749155238,36400.4297264185,31174.1204757245,32602.6296791702,55405.6653512727,27648.9680880312,61226.5126539613,29722.3753201905,50814.4004247322,29307.7805144910,41107.1662915224,39030.4688581369,26421.6165487587,53545.2921535635,34752.8033612008,33456.9931097048,62228.8322162118,30572.4595341433,48283.5336803295,45158.1831273375,45831.5730379805,36897.2452626584,39735.6291979828,19490.6481788390,29685.4894859481,71228.7477275067,28147.4326325259,36328.9387966840,40791.2906725157,33014.8955012578,28462.9775413223
87,0,0,0,0,0,0,0,0,0,0,0,0,0,0,0,0,0,0,0,0,0,0,0,0,0,0,0,0,0,0,0,0,0,0,0,0,0,0,0,0,0,0,0,0,0,0,0,0,0,0,0,0,0,0,0,0,0,0,0,0,0,0,0,0,0,0,0,0,0,0,0,0,0,0,0,0,0,0,0,0,0,0,0,0,0,0,0,0,0,0,0,0,0,0,0,0,0,0,0,0,0,0,0,0,0,0,0,0,0,0,0,0,0,0,0,0,0,0,0,0,0,0,0,0,0,0,0,0,0,0,0,0,0,0,0,0,0,0,0,0,0,0,0,0,0,0,0,0,0,0,0,0,0,0,0,0,0,0,0,0,0,0,0,0,0,0,0,0,0,0,0,0,0,0,0,0,0,0,0,0,0,0,0,0,0,0,0,0,0,0,0,0,0,0,0,0,0,0,0,0
88,0,0,0,0,0,0,0,0,0,0,0,0,0,0,0,0,0,0,0,0,0,0,0,0,0,0,0,0,0,0,0,0,0,0,0,0,0,0,0,0,0,0,0,0,0,0,0,0,0,0,0,0,0,0,0,0,0,0,0,0,0,0,0,0,0,0,0,0,0,0,0,0,0,0,0,0,0,0,0,0,0,0,0,0,0,0,0,0,0,0,0,0,0,0,0,0,0,0,0,0,0,0,0,0,0,0,0,0,0,0,0,0,0,0,0,0,0,0,0,0,0,0,0,0,0,0,0,0,0,0,0,0,0,0,0,0,0,0,0,0,0,0,0,0,0,0,0,0,0,0,0,0,0,0,0,0,0,0,0,0,0,0,0,0,0,0,0,0,0,0,0,0,0,0,0,0,0,0,0,0,0,0,0,0,0,0,0,0,0,0,0,0,0,0,0,0,0,0,0,0
89,0,0,0,0,0,0,0,0,0,0,0,0,0,0,0,0,0,0,0,0,0,0,0,0,0,0,0,0,0,0,0,0,0,0,0,0,0,0,0,0,0,0,0,0,0,0,0,0,0,0,0,0,0,0,0,0,0,0,0,0,0,0,0,0,0,0,0,0,0,0,0,0,0,0,0,0,0,0,0,0,0,0,0,0,0,0,0,0,0,0,0,0,0,0,0,0,0,0,0,0,0,0,0,0,0,0,0,0,0,0,0,0,0,0,0,0,0,0,0,0,0,0,0,0,0,0,0,0,0,0,0,0,0,0,0,0,0,0,0,0,0,0,0,0,0,0,0,0,0,0,0,0,0,0,0,0,0,0,0,0,0,0,0,0,0,0,0,0,0,0,0,0,0,0,0,0,0,0,0,0,0,0,0,0,0,0,0,0,0,0,0,0,0,0,0,0,0,0,0,0
90,0,0,0,0,0,0,0,0,0,0,0,0,0,0,0,0,0,0,0,0,0,0,0,0,0,0,0,0,0,0,0,0,0,0,0,0,0,0,0,0,0,0,0,0,0,0,0,0,0,0,0,0,0,0,0,0,0,0,0,0,0,0,0,0,0,0,0,0,0,0,0,0,0,0,0,0,0,0,0,0,0,0,0,0,0,0,0,0,0,0,0,0,0,0,0,0,0,0,0,0,0,0,0,0,0,0,0,0,0,0,0,0,0,0,0,0,0,0,0,0,0,0,0,0,0,0,0,0,0,0,0,0,0,0,0,0,0,0,0,0,0,0,0,0,0,0,0,0,0,0,0,0,0,0,0,0,0,0,0,0,0,0,0,0,0,0,0,0,0,0,0,0,0,0,0,0,0,0,0,0,0,0,0,0,0,0,0,0,0,0,0,0,0,0,0,0,0,0,0,0
91,43048.5352965192,89816.6638541735,71951.2373696529,78140.7528040594,32077.2446136749,69538.7920209261,83777.0827303845,23600.1690032428,70384.5070518506,47920.4994790506,38712.7522758223,69543.3801999053,12578.6169732246,50395.6526187635,53189.8801884513,74705.5199664487,45154.6683077979,12770.2735503936,64668.8959908177,47720.5697857921,61760.7619686358,42798.2984121445,31429.8228447312,38022.4282420566,43413.2477532657,58113.8364518882,19233.6340109796,30207.9891628655,29768.2282584669,62773.1536912132,37588.6515076785,77922.0832878783,28939.3596677925,49493.3309372809,27664.4269052143,57791.1794407519,47618.9721121976,46987.9965511522,10203.6163120200,61620.8542351474,76733.4692615207,61399.4806217255,23962.5735025512,32811.1590440197,18700.4047716088,76237.6744728968,44005.7952537387,58572.4065702670,51766.7668731310,31390.0318329972,64407.4875499702,72441.0949140611,13953.4077245137,54716.7071393679,53664.6232408433,37628.7126891667,29784.8363456183,20327.8947499339,17687.0477587302,37285.0627838162,38738.2567414785,43513.8834249481,40371.6495017058,43641.1029578988,18672.3369083156,33858.2752738047,52722.8331447843,63116.0808523059,57953.6764810120,51131.5383344464,37436.8549305080,68330.9597900996,22128.5905999438,41362.7709068173,35881.8572424602,10215.4424330863,80991.8095890010,51005.9275274618,24400.5526705408,33573.0980101537,54641.0842144643,65612.1295931413,30981.7346958354,28119.2588363927,2321.5278626585,54624.5658132810,67826.5075855724,52346.5770043352,14930.8275156234,49625.3930315343,45860.5450045360,59798.8859956190,65316.1228003247,39288.4591213469,14010.5134384825,72533.1833131591,48903.2766859487,55349.4671793737,70379.4332245878,28229.1148142274,22771.2734560838,51629.3689550845,84073.9927577549,23396.1553168051,39862.1699715741,38947.2953077946,30379.8973056644,36811.1455069926,45146.1465739983,45693.9857748560,45945.5013227692,25447.8204580750,61865.5244914539,27229.8043006875,68850.0010917363,42025.5760446472,30428.4537109794,37109.4613828824,22948.4647654615,54925.2566213359,7842.0950904211,44531.5909122593,37459.1863332234,47590.2613758857,63122.7416027838,41042.7846069727,59894.0057025924,59691.1042745479,40524.5224904008,58907.7247828732,12816.8416783773,67869.9587368900,45318.9929835564,22742.6860780764,51505.2402071590,36985.4263654473,18819.2308714139,30981.1357302911,57509.6989471762,14992.4131776374,36621.1695257879,49903.5584249199,38973.5486675107,52957.3620477515,9360.6216066518,25553.0290604946,72717.8104158487,57976.6760245082,53568.1287998562,51189.4809215103,59998.4097710066,46907.9685940237,33072.4572977181,53269.6438704886,58380.7032360170,45084.9227451258,35999.2015711961,26046.3439668771,39590.3561066220,25484.0789527751,17590.5836226412,67146.6083413068,41983.1103785164,1980.2640769885,77339.2651053237,14849.5084310647,19860.0411108170,27875.8920336621,17104.9482691319,63833.5834946692,34595.0930666507,35683.6908188572,32163.3637594934,57462.0546588941,23848.9484885897,61887.0065754478,32855.4371883788,46376.1281636249,24662.3359784065,45186.4545473664,34557.5383442566,28591.2592126311,52976.4426665697,30874.4518890155,32515.4474793885,60944.2346407672,35190.5536446724,44196.2266701579,40664.5485043732,41775.1364097877,33533.3347030451,40845.2126521977,15079.2885659737,33609.8701296260,69974.1330464030,24102.1966826035,40960.5611685038,40824.8515007297,34694.1627667832,31286.4242381252
92,59680.9893756788,75825.1993114805,83139.4788085567,72475.8122202467,11724.6304952548,89436.5706884355,81602.5278185616,39684.7489792554,76869.2327166971,40724.3658156126,36273.0874049059,51042.2576682510,27975.3064338063,55956.8867969554,69812.2355182746,66176.4878323207,53526.1676721079,15092.7050392521,51074.4474210414,67481.9057436001,59912.2454786473,27286.2551217516,34662.1652740710,24482.2235569145,55849.2934738535,70378.5399073088,13233.6391664772,43762.7265414565,22627.2498867607,81323.0803340287,55564.2060466774,61996.5854189912,47601.0512997946,51804.5126836110,33187.5104925795,70896.0975402578,38526.5712464169,47134.8444298699,28549.4247259927,55140.7344531203,71772.7792861061,65370.5691614815,8790.1489308747,42998.2360691861,28312.2400434344,63805.2380387711,57058.1330252247,67035.8714977692,38953.4957457010,24785.2302238608,54163.5510563097,71629.8000721708,13775.3919620669,74995.7266220715,63948.2270632174,34333.2077352613,13342.0348881823,1565.8844921231,22748.0753109369,18768.7405253857,44039.5240303016,59200.0260950581,30014.5658614891,62307.3378490700,37465.4232090760,48151.4733131049,48791.2412865048,80041.9630147629,77654.2257007661,65859.6673716534,57065.9371292493,51513.3559530413,33666.2800298164,48841.7204669472,45631.0787457462,22960.2895165918,66646.5474952379,61942.3298490487,24291.7439518472,49859.4666344982,44682.3902490443,85855.5019615617,17484.5730604056,27831.8333393706,22247.2364050561,60693.0470022229,63740.2801029038,71336.5604976459,32185.6632889383,63581.8920527449,63985.6054031652,75298.8330401521,84672.1488700305,29731.1639544156,8970.5281807411,57951.6601990793,43066.2420471189,73275.6565626558,63941.4756239990,17448.1063517810,15275.3318315298,54198.1861472660,71328.8503434970,35843.5255398243,41402.1345065791,40146.4941009934,47939.5532468674,54982.2369159774,41767.4960274993,55584.3393342818,51395.5032939856,41651.2703605420,68120.4232457249,34853.4661710208,56695.2359321101,35738.0607126021,11414.7654078409,42048.8855629726,20465.0103108315,47974.2300752320,16553.4595090519,47741.7199769740,49830.6518205605,37222.7277812281,47851.5849049457,34100.6148406549,55766.3902660306,47867.2862790478,55534.3884304962,70217.7209309837,16280.0300133453,59519.8286604430,32016.8262782584,9013.6463727614,64328.0319370278,24017.5067342792,34285.3477201093,29164.8469664292,68044.0008791598,8610.9126446015,20300.1813339104,61979.5089124694,50035.7217757542,68240.4363990364,28535.9490841682,5005.1332032480,69600.5310892453,44392.2266305356,53738.9452574189,59738.1413762024,51469.5570284222,63862.4572405918,13907.3679421370,73265.4163661054,77471.7898460914,64279.0508868892,30938.9886262452,7209.9459395256,54116.8921491866,29729.3133498018,11042.8184954085,65841.3689997079,52687.3889422707,22726.8931380065,73201.8825373182,28639.6108669318,1953.3596748397,38137.8455776570,27049.2361042830,83725.6226531549,24064.2236201227,28623.8775412111,51600.1527419070,71845.8077837005,27139.4353005139,79619.4765812030,15884.6532361003,61834.2276883600,38301.4033894452,50745.7031106629,42107.4408942214,43488.1715648651,72542.4494594805,33190.2514678707,18427.8654130012,81103.0469869406,35020.9880000416,46581.3022273055,47903.5379043568,59523.0927636141,31785.2926686794,57862.6372173223,32767.6914555834,41283.4043085556,90120.2967070138,42512.5305558719,39435.0098345872,59673.0454281882,50579.6226368449,44098.4799680518
93,65385.7370533865,72454.0635060849,88169.4006615486,71036.4963554379,9492.4116242923,96266.9335992102,82742.0712740553,46133.5505206998,79439.1161537718,41123.8077347028,37239.5630323693,45632.7541992435,34057.2918779704,59912.8069890678,76126.8045428660,65252.0821088704,57106.8189798192,21194.5763232619,48286.9996643593,74304.2621431313,61556.1070961376,24479.6237001159,38793.2130478611,21660.7217727856,61440.5596753767,74766.4711222588,16663.2353562465,48953.2260175226,24624.2678092100,87958.6600428765,62167.3242853032,57868.9043556725,53916.1798498441,53610.2800374017,36854.4669102558,76474.4335671459,36772.6218890944,49805.6116868683,35400.7180914343,55268.6128569284,72091.9625133810,67347.3940568358,10469.4815840202,48372.6517914620,34149.9924976281,61291.9394019077,61851.0772781909,70361.2963419307,36956.4486408822,25278.3596073222,52808.1872964080,73374.5472388066,20331.8921252986,81844.7433569169,68949.5194840572,36551.6703587824,10482.8057386505,7161.8843125036,27318.8602217789,14396.0767482699,47053.5364660071,65398.0164451525,29768.6939492901,68541.3708583288,43897.0792520655,54206.7129935295,50056.9291345991,86378.8318361907,84465.7066220862,70991.3739405672,63880.9455765102,47067.0338988743,38760.1726709281,53457.9167922991,49817.7638346336,29602.5753603745,63221.4520063507,66071.9676097006,28408.1446917717,55584.3084158487,43759.0112124542,92706.4840888658,17242.6821404516,30265.9497295736,28926.5534849436,63422.2911950639,64527.8816631560,78056.0645473105,38861.9066065753,69405.2280674017,70584.7914903298,81365.3606693192,91434.0747707183,28383.8283657787,14000.8583367411,54545.6090319023,42388.5098153331,79817.6949014283,63868.2122762198,17309.2110595031,18600.8568395460,57366.4971608667,68564.5598260501,41830.9083603499,43394.7087461882,43429.1522549100,54518.4429211312,61123.8382277862,43522.9546798238,60621.0487733047,54185.4636605998,47487.3406380185,70757.8043203456,39990.9465315055,54443.8108494691,35300.9698185375,10374.9784128202,46259.1072731727,23239.1855897023,48154.7997836184,23370.2265046180,51286.7029572664,54584.3074028009,36471.6527693807,44303.8842215663,34998.8100689483,56738.1116926381,46000.3146450998,60863.5460808221,75389.6221490391,21659.4991030810,58807.5359164202,30150.4374161924,10380.4466989177,68950.4658082190,23047.3937036252,40148.5959067606,32277.4936841600,71962.8796744562,14178.7100808910,16231.9433962941,67416.2899175760,55432.2924620106,74300.9353945932,35140.5595019434,673.6511912263,70608.2118263620,41800.6168443640,56199.0717018385,63225.4002945798,50904.6858044102,70263.7614868565,13553.0129425744,80107.3591354116,84199.7149050404,71035.9795445484,31361.9120313777,3941.1189919276,60143.6470416238,34428.8744173346,16099.1521107364,67532.5667495919,56935.8808825094,29577.7704262804,72297.6958687667,35035.9043012401,8703.1450206313,42733.5094629246,32227.5001919135,90556.4749419163,22871.7956365587,29932.5738590414,58401.2401086262,77696.7381029448,30722.8096408060,86111.8640675330,13408.4224573831,67206.1603046298,43666.1402483365,54830.8629119257,45836.3922516547,49709.8935851627,79340.1393062554,35942.0373111792,16130.2183413722,87953.5321223925,38188.1725278089,48603.5012632795,51328.5789753360,65523.4721765059,33341.6649598904,64303.5720404905,39067.9370672326,46173.2157562320,96970.0590253125,48813.0156245998,41924.9699245112,66390.3016085772,56881.7389026704,49953.6497294222
94,37350.4665668112,95512.1766037210,74118.9940760945,76043.9871505474,36121.4026383067,66956.9316134387,88778.2827658116,25056.2097719489,65616.6577646721,53554.3454931707,36695.6600466117,74725.4191478191,7406.5398778750,54389.5405396064,53317.0325035258,80326.4974271390,40312.0345761781,18488.0581589639,70358.7338831988,45480.7631146742,66849.6310694780,48310.0484246350,36311.3477116790,39186.5785565140,45628.3931489810,52575.6709163531,20457.9708962470,24714.5847611525,35481.9154577861,61538.5919951397,37189.4536465369,83496.9502963581,23502.3307264726,45880.2784081894,24135.4501044487,59459.5444858159,47083.6550389701,51975.0398042105,8848.2683536262,67154.8666976619,82082.6656340396,57208.9172639600,29208.7617070862,36125.6154017802,23053.0710075836,81955.1137177125,38449.9391818179,53555.1801229330,57462.3797344826,31011.3856234919,70108.2140964827,77316.2825412142,10957.3708681685,51511.7971083497,56375.5866508649,43106.5304219257,32271.4261930451,24170.8364855160,15635.5504486637,42335.1564131594,34714.4239743032,44332.8765862569,46088.9661103508,38259.4923681604,13204.0066755091,35644.7770178485,58104.4256944678,62937.6029459851,55693.0137623238,45430.3943505914,35518.4637002000,73797.2641791179,17311.0167224630,45115.2482993763,30949.7128572897,13285.9404376976,86669.1335136734,45667.1841725335,29890.0799736644,27855.3388700563,60346.8985894273,62452.2627913658,36538.5803668567,26234.9102902004,744.4240318891,50092.2171882420,73128.2960464826,50862.2975335582,16545.8621611458,51099.4833681631,45165.1217182182,60407.5892151326,63371.0123822477,39228.0376207587,18994.7717245763,78191.6837993101,47408.4739787183,54645.7154170992,75878.2684916971,29300.2658945122,28464.7422231119,56180.0085076638,89790.6679138942,26501.4566348039,36734.8922120163,43928.6805192327,30526.8093464148,31282.3318048220,50545.2442282120,48689.3869414304,41693.2142431618,19737.5368035686,57212.3437203509,31468.1692469506,74567.6750026487,40911.6894162869,35290.1151434180,41527.1507732170,22372.1590314279,60516.2220758326,11374.4613383279,49090.5578193032,32042.3789273906,53307.2897300853,68724.9687922766,46699.2517685722,65244.5274870464,65408.6184470497,34827.8536361530,61201.9565993455,13101.1938037994,73495.8933354072,50982.8195239504,25254.2657696965,45936.6399414871,42626.5034523251,13252.7175544201,36448.6650709468,52183.0581791926,17848.0796178520,38709.1968783282,52095.5467991913,41791.5606156911,53776.5466180786,3106.1173976331,29913.1840043066,77889.1946840774,63658.1464137357,58467.6559182941,46231.0990435053,65650.9578667203,46957.4558538011,36311.3969403293,50646.1660754534,56740.9305798166,43510.7045828895,34856.4858154199,29475.5744087761,41070.3115747692,30438.0153918788,23177.1997317123,72125.9333252228,36768.8035852096,7163.6522073028,74850.8174087015,18330.3006120547,24670.4010750755,23083.1244697815,13334.5232078253,61289.8484704041,35080.3773269832,41371.6045535113,30602.0923559437,58614.0909764838,21356.4898490656,61233.4745157986,38112.2572307498,40659.7669656878,19261.0599061788,49281.8382002357,30144.7028901631,30348.3984848996,50915.4172309260,28015.5287312627,34147.2641992482,57988.8077979615,40418.1312669528,40705.5544276684,36143.1135408941,36184.7388133657,31626.1833705950,40995.0684311566,9364.4805478734,37559.2460088710,67002.5789900836,18565.3689516883,46233.5856289452,39649.0519031968,35679.0766875745,33790.6264210251
95,0,0,0,0,0,0,0,0,0,0,0,0,0,0,0,0,0,0,0,0,0,0,0,0,0,0,0,0,0,0,0,0,0,0,0,0,0,0,0,0,0,0,0,0,0,0,0,0,0,0,0,0,0,0,0,0,0,0,0,0,0,0,0,0,0,0,0,0,0,0,0,0,0,0,0,0,0,0,0,0,0,0,0,0,0,0,0,0,0,0,0,0,0,0,0,0,0,0,0,0,0,0,0,0,0,0,0,0,0,0,0,0,0,0,0,0,0,0,0,0,0,0,0,0,0,0,0,0,0,0,0,0,0,0,0,0,0,0,0,0,0,0,0,0,0,0,0,0,0,0,0,0,0,0,0,0,0,0,0,0,0,0,0,0,0,0,0,0,0,0,0,0,0,0,0,0,0,0,0,0,0,0,0,0,0,0,0,0,0,0,0,0,0,0,0,0,0,0,0,0
96,0,0,0,0,0,0,0,0,0,0,0,0,0,0,0,0,0,0,0,0,0,0,0,0,0,0,0,0,0,0,0,0,0,0,0,0,0,0,0,0,0,0,0,0,0,0,0,0,0,0,0,0,0,0,0,0,0,0,0,0,0,0,0,0,0,0,0,0,0,0,0,0,0,0,0,0,0,0,0,0,0,0,0,0,0,0,0,0,0,0,0,0,0,0,0,0,0,0,0,0,0,0,0,0,0,0,0,0,0,0,0,0,0,0,0,0,0,0,0,0,0,0,0,0,0,0,0,0,0,0,0,0,0,0,0,0,0,0,0,0,0,0,0,0,0,0,0,0,0,0,0,0,0,0,0,0,0,0,0,0,0,0,0,0,0,0,0,0,0,0,0,0,0,0,0,0,0,0,0,0,0,0,0,0,0,0,0,0,0,0,0,0,0,0,0,0,0,0,0,0
97,0,0,0,0,0,0,0,0,0,0,0,0,0,0,0,0,0,0,0,0,0,0,0,0,0,0,0,0,0,0,0,0,0,0,0,0,0,0,0,0,0,0,0,0,0,0,0,0,0,0,0,0,0,0,0,0,0,0,0,0,0,0,0,0,0,0,0,0,0,0,0,0,0,0,0,0,0,0,0,0,0,0,0,0,0,0,0,0,0,0,0,0,0,0,0,0,0,0,0,0,0,0,0,0,0,0,0,0,0,0,0,0,0,0,0,0,0,0,0,0,0,0,0,0,0,0,0,0,0,0,0,0,0,0,0,0,0,0,0,0,0,0,0,0,0,0,0,0,0,0,0,0,0,0,0,0,0,0,0,0,0,0,0,0,0,0,0,0,0,0,0,0,0,0,0,0,0,0,0,0,0,0,0,0,0,0,0,0,0,0,0,0,0,0,0,0,0,0,0,0
98,65091.0493124557,83066.8728831110,102464.5680261563,56158.0367762386,14657.7302794645,104527.6697341285,97965.6393254782,57721.3765400366,70096.1306324009,56205.5738899026,26634.6701550539,52181.1160389411,37274.1075804053,75061.6293277612,87921.5450177697,79200.3675186355,50756.5533444528,34159.8839892826,60361.0898900967,82952.2361821835,76977.3285123544,37584.4211343329,53808.5572061028,12924.8847502518,74981.9744933416,69879.4323207832,17295.3061521708,47630.8200872717,40137.6305343607,98248.7200064641,72866.4677105556,67306.8850936653,56790.7309299430,43537.7041037700,32319.4419203604,90006.6031718912,22073.5396042381,65307.5381073303,44019.0623534667,70091.9260911375,86934.8570886189,57123.7659860206,25897.2240120242,62267.8281003314,47400.3943208042,73467.7660408373,58589.6516780209,62893.7449438158,50346.6940751418,15645.0316232317,66497.1922348403,88802.1499890313,27677.7837957429,88965.1955221738,83283.1013795394,52065.8189650514,6288.9303180046,17656.8515755712,26789.1738041729,26674.6544294291,39938.6978382589,77614.4595419970,44694.8401435346,70467.0465216858,47930.4056092091,66863.3801307460,65408.6942236491,98046.5728755104,93185.1513027313,68467.1566720536,72804.1916621029,56173.7937488304,37987.8514144545,68160.0257070427,45455.4086408382,40781.2944507173,73909.0011744912,60756.1576331996,43391.7413982514,55774.7618323445,57979.6752746755,99900.7180001458,32490.9116964030,23793.3386219254,35717.3070529370,54843.3408702586,79648.8597067474,87834.1274077591,49563.1991489026,82500.9121701098,81219.6460251421,93867.0802951916,100713.9524467635,14683.5564142873,25975.3355414800,65472.4336061203,28744.0866606844,90674.1211704229,78504.2441472135,9815.3818943723,33835.1919310876,72799.6044181009,80251.5172098026,54730.4016081360,34305.4065103910,58812.9338022876,65436.7737594462,62843.9215701661,58997.5557442270,74918.1719248580,46129.3431994906,48567.0552114387,61758.2646553690,54188.5530693081,67097.4743815500,22395.3996524894,22193.6400313855,61243.8484351541,19403.3615262593,63064.3968696456,33717.8359679869,66602.0652193352,51552.4024185191,50957.1383572810,55313.1282148778,50319.2979796084,71966.3564901427,59286.3298015258,59373.6299434736,89517.9694158304,24773.7452933427,73003.3563287086,43915.0349782467,12814.1602124908,64913.5197804016,37765.6350981227,41889.9073748667,47674.6639796103,65900.5094791667,20553.8274514514,234.8962006845,81188.5780607958,69283.2106875597,86843.7896602587,40839.5884701626,17883.0709980589,85805.6055207576,54336.2944786717,71713.0318440794,56383.4339766024,65302.9352931591,81785.9095811676,8349.5610045080,88215.9136041191,93854.1956633825,80558.2541381324,20395.8527302923,12285.8808357175,72833.1085046506,49040.8318360939,30344.1887049892,82955.4609521543,52331.5636824564,38699.1736177248,57862.9277908865,46993.1821173088,22640.4842064386,40072.1097687160,32544.5767720207,98855.6270139706,10370.0215092870,45381.2946605359,67618.8764101422,90711.8308675638,26926.0840773216,97162.4073970016,27806.3001536230,65621.6073087027,43313.4389610391,69903.0809518152,40557.3484058025,61976.0333222198,88311.8853199579,29298.1869175163,4117.3232127822,95525.1543098319,53590.0863729145,39220.7477009813,44909.6998168064,66444.2892024878,24398.1243260127,75719.2969749645,42769.5986299773,60625.9821513060,104523.7202150493,51865.5401540512,57433.9968760852,76310.6277821735,68846.8734804012,63064.7525095990
99,53282.8871317640,85296.1013940121,89780.7343423347,63009.4867846180,16778.1285558484,89621.6242374376,91638.8102509060,43417.5352719737,66848.4181747152,51001.0112521046,25996.7427998657,58490.1297470181,23202.9625495933,64263.2710628651,73487.7118575131,76471.1821444592,44092.3412386542,21642.7735173668,60835.1904652658,68016.8084244041,69810.8515004846,36946.9820826719,43112.0663045374,17668.4055792335,61707.4897313398,61744.0855457497,4155.6010659067,36397.0980679555,32675.0593757941,83399.9504568219,58155.7895857467,70896.1853178135,43152.7926021894,41534.2312893777,23807.5436658030,76596.1622484745,29681.5733873239,56580.2769198754,29120.4720793587,65428.7409309859,82022.0975640308,55147.3740596037,19104.2195935677,49529.4777187696,34394.9450630681,73707.9801864029,48974.5698648384,57422.2475990132,48992.3124652183,14774.2779384480,64392.0110703974,81448.7716771100,12836.6796730971,74178.2549134419,70797.9817526260,44142.6573531818,9642.0182384514,8026.7614765635,14578.8964564536,27373.0052671599,34195.2699823287,63420.6107585675,40325.2930324404,57393.2505091461,33726.4480283337,53010.7560420598,58864.5944495904,83530.6999881841,78250.7513753594,58289.4913818153,57869.6898199030,60118.1159385876,26222.8144526935,56452.7338162346,36782.3653138768,26636.1191774008,76075.2517756062,53022.6603609183,33064.6749928535,43582.1016729444,54962.0046284293,85118.9778748328,27757.8450758856,17654.2606405317,20788.2452706345,50726.7956098116,73906.1541248681,72937.1093830748,35033.2814917284,68799.3554675128,66465.5843208769,79730.5821325705,85779.7409569401,20826.1060788584,13728.2590974111,67382.7712871920,33350.6431888284,75944.3044769662,74241.3153411889,8449.8189980559,24995.3432515738,63238.0855815678,81129.1393664040,41234.6667431558,31151.0633440877,49248.2810556301,50822.5583372495,49824.4597921013,51707.1364344726,62477.2987587898,41444.6978611031,35757.2806028193,58120.7040116645,42008.4901013600,66688.6777394750,25985.8675657142,20308.3537159334,50265.7870365538,10373.5086264092,58263.8528749405,19491.1695150803,56533.1825314063,41708.9488792723,47510.3135438235,57175.3685937403,44321.7276025632,65902.1042479529,57967.7094065824,48359.3518184301,76716.2932077764,10308.9821091754,69826.6279446971,42068.5564979426,5089.0381430906,55993.0611768904,34234.2731932543,28610.1831086369,38570.5969469741,58913.6798398922,9686.6956034512,16073.7665561935,68071.1728786220,56382.7903408954,72764.6279265188,26085.4885378195,13501.5327092333,79697.7803316235,54226.2705568699,63262.8009147907,50236.0237734250,61780.2166196334,67277.5704467610,14547.7409861041,73309.6337898070,78941.4186760789,65647.3900436509,20845.4922032687,9066.6609930990,58939.9838448941,37672.9682953021,19833.7810026410,75700.7801716541,43902.8127436281,23927.3286067806,63421.1445661377,33067.3727798422,13578.5629714889,29832.8808012914,19901.7176063520,83943.3320252265,15361.9923320256,38791.4752458662,52702.1899710699,76900.2216092520,17675.0247829030,82464.2164952498,25540.0113176004,54713.9213082631,31334.7754010948,58971.8384625304,32791.7503878832,47951.3060286185,73374.7525456551,23171.4353487903,11924.0873507720,80682.2286373580,44283.4503178291,36345.9400957523,38341.7179875355,53894.2515647108,21471.3661668444,61203.2513723249,28613.7558097346,48650.3193315024,89693.5500431245,38097.5125549060,49056.5471494871,61446.9903761752,54598.3391824334,49581.3134428485
100,0,0,0,0,0,0,0,0,0,0,0,0,0,0,0,0,0,0,0,0,0,0,0,0,0,0,0,0,0,0,0,0,0,0,0,0,0,0,0,0,0,0,0,0,0,0,0,0,0,0,0,0,0,0,0,0,0,0,0,0,0,0,0,0,0,0,0,0,0,0,0,0,0,0,0,0,0,0,0,0,0,0,0,0,0,0,0,0,0,0,0,0,0,0,0,0,0,0,0,0,0,0,0,0,0,0,0,0,0,0,0,0,0,0,0,0,0,0,0,0,0,0,0,0,0,0,0,0,0,0,0,0,0,0,0,0,0,0,0,0,0,0,0,0,0,0,0,0,0,0,0,0,0,0,0,0,0,0,0,0,0,0,0,0,0,0,0,0,0,0,0,0,0,0,0,0,0,0,0,0,0,0,0,0,0,0,0,0,0,0,0,0,0,0,0,0,0,0,0,0
101,0,0,0,0,0,0,0,0,0,0,0,0,0,0,0,0,0,0,0,0,0,0,0,0,0,0,0,0,0,0,0,0,0,0,0,0,0,0,0,0,0,0,0,0,0,0,0,0,0,0,0,0,0,0,0,0,0,0,0,0,0,0,0,0,0,0,0,0,0,0,0,0,0,0,0,0,0,0,0,0,0,0,0,0,0,0,0,0,0,0,0,0,0,0,0,0,0,0,0,0,0,0,0,0,0,0,0,0,0,0,0,0,0,0,0,0,0,0,0,0,0,0,0,0,0,0,0,0,0,0,0,0,0,0,0,0,0,0,0,0,0,0,0,0,0,0,0,0,0,0,0,0,0,0,0,0,0,0,0,0,0,0,0,0,0,0,0,0,0,0,0,0,0,0,0,0,0,0,0,0,0,0,0,0,0,0,0,0,0,0,0,0,0,0,0,0,0,0,0,0
102,48138.3413470193,102198.1000600071,105242.9225403879,45140.1687555952,32213.4790711800,95595.5599083078,110628.8042166147,56733.2245331405,49880.8358811260,70002.9422954222,7258.5236944271,72532.3076375880,27759.5760405369,81880.8230473514,85349.7071892337,95196.8592232749,30435.5966893599,39230.0981692534,78445.9086475037,75396.7432780322,88739.4124157187,54718.5457303388,61126.5957848630,16131.4123435936,76720.2440563190,49827.4372698013,16986.9149452057,30909.9069606871,51697.3746233696,92616.5974741980,69116.2302250525,86944.6502728162,43637.5416384106,23545.0762261100,14521.1835333916,91075.1040685889,15518.4176587029,75236.1995215856,40247.3828930303,84416.8289427436,101044.2318896286,37299.6398934443,38038.7450577323,65637.3749721216,50724.3588447071,91495.2781088563,39613.4688137016,42329.6876274913,67188.5184042847,8088.0456109320,82921.2048396230,100317.0326709796,27251.2958064563,79009.3871836617,86773.0948043046,63062.1523177692,21017.5749480578,26960.5817443689,16498.6700383692,44305.8131556292,19563.6494889472,76349.0120375896,59180.7592500632,55348.1322498284,37251.7103548119,67138.1054018820,77879.0382199593,94851.3494713588,85292.6737258393,49678.4681650349,66232.0021903102,75876.1077367699,23279.1921595474,73489.4405092485,26320.0123476150,41510.4641981445,92970.8580955637,40652.9757331539,51478.5271708459,39831.2398698499,73660.6165378232,89654.5648499353,46531.5181668788,11637.9106760602,31421.6173185325,34352.0013543137,92939.0437652286,81776.3496709260,48044.6900572245,82843.5378393461,76881.1290786153,92470.2121417989,93395.3388498407,9985.6873243054,32105.1428406601,84363.8901689548,15600.0607712192,86284.9259247928,93206.2968057329,13061.3537015513,43952.8812148029,81539.2156226008,98678.1017733530,56516.1216835937,13798.2051781110,67692.5980918278,62591.8144393270,47949.4063755133,70674.7328304221,78649.5684141410,25564.3744452925,34268.4881925598,41395.3365634794,58956.4270217791,84690.6024549640,8847.9247301915,37982.2675642144,67973.1514950138,10596.5038264879,77249.9654724662,34935.9352302234,74668.2447265144,33045.1775491266,66251.5248311186,74105.2857637026,63351.2100307212,84931.0032995244,76227.7230855230,41679.5828427413,92181.6198694434,20679.1194248959,88621.4324642283,60343.2916657493,20506.4504317420,45317.0812177281,52857.7414468379,29412.7571507244,57297.5304072547,45515.1689200726,23481.1653962291,21143.8618481647,83207.7318062748,72095.3828846166,85804.0941981629,33693.6144978229,31539.5319907229,98714.7173792410,72022.4275443619,81952.9528821365,35894.4475436962,80609.6800821483,78984.3854711226,27000.2437564776,79643.3203162083,87356.2394873903,74446.8747919819,333.6462963556,25691.5976715153,72793.0514951657,55407.4326050408,38566.1584130306,94600.6333089211,32745.1673655821,36811.9351657576,44944.7074338341,47952.7582989561,32609.7060865871,22907.4998620405,20741.6942120761,90154.5768360372,10490.6274263812,57825.6707116131,61859.4369812781,90539.6489811767,11910.2252305595,92869.3431874240,43596.8915310432,47588.1098559432,28134.1442507573,76570.0982310676,21090.6370179839,61850.6232124660,80990.5399684970,19828.1198479920,16660.9185243898,85927.7568670757,62879.3253159428,18848.7188267179,24668.1530520446,50541.2666317867,6686.9203642526,73048.6599461496,32578.0488498084,65609.5131983588,94617.5784014133,39444.6867560252,67858.2870260821,71064.8921331019,67627.2157204796,64566.6899506949
103,54698.0286909332,98525.9702071841,107875.3950826161,44086.9911885203,28961.7406903520,101098.6383437811,110013.8066270485,60074.0997673525,54521.1349164327,68768.7509074651,11144.1287023973,67803.6725309995,32761.1990542636,83161.6169536599,89349.4411798726,93165.3318863993,36558.0272001892,40425.8189469452,75357.4963381249,80535.0801324601,88379.5226393138,51987.1466831879,62059.3669913351,10177.4633860517,79496.0247166580,56061.3277559318,18123.5020086505,37410.3556913199,51082.6338280461,97396.4542431603,73311.7587858081,82901.8380127584,49698.6685434093,27945.8611273893,21021.1353788205,94129.8373216626,12688.1402429596,75442.6672949714,44061.2075736884,83055.5232235256,99831.5408840149,41476.4632120910,36913.9296778131,67839.2004971052,52732.2838936043,88465.5550986858,46153.5923086045,47899.6909197048,64669.1417840439,4838.4810441208,80658.7567154026,100097.1650583228,29585.4070671501,84661.5622940198,89107.1719088933,62791.3372198264,17749.3157013020,26181.3488385400,21141.5032449149,41250.2860194747,25717.4351206035,79952.0491164893,57590.1775071760,61755.6421844561,42744.9475795562,70245.4644527911,77198.8895393534,99053.5176074570,90547.5234424706,56224.5000169447,71092.5237566812,71776.4703117381,29391.0058746989,75173.5932557199,32871.7134339228,44081.5424773774,89336.3451558613,46884.9723353410,52020.9681452361,46285.0332161374,71686.3025952939,95395.1343651823,44943.6809814098,12576.4700253276,35118.7525369756,39533.2864684290,92022.5832857461,86608.1077799248,51399.1801861456,86053.0267219434,81276.3509329270,96200.7000509799,98555.8139071949,1250.4475539658,32675.6360892189,80826.7686795960,14616.0236118290,90742.9183191674,91725.3724793519,11028.4666564031,43672.9470928045,82191.8163300205,95437.0716164671,59070.2657935165,19202.9180409997,68188.5124136689,66497.5513574564,54305.4060580061,70233.2000412501,80858.4328931193,31160.9729142583,40450.9530635135,46280.4096566676,60657.6228994644,81873.3531939895,7378.8865945691,35564.8878487734,69169.2433843342,13757.4835653276,75908.9692448010,37151.2193309097,75493.6468624788,39627.4940246058,64395.3345411532,70610.5881546106,62352.4058053056,84104.1451338553,73702.0149674907,48263.8532785706,94787.8740939367,23668.9799666453,86736.5965546899,57966.5956555706,19462.5331694055,51732.7629356844,50962.4842837282,35171.4899424329,57426.1461094324,51510.4976915333,24435.3469097189,15991.9721727283,85948.0160158199,74523.3739944284,89405.9071063795,38248.0184602826,29645.8809780533,97967.1505554193,69120.6043987734,82097.7429375619,41773.7705124570,78827.0084915816,83006.5654857319,23140.6707166378,85019.2950511145,92313.0963396587,79252.5105850052,7736.1513686275,23491.1681512984,76037.0867327904,56562.7486816128,38747.1305042753,94310.1603787878,39198.7161789474,40005.5201296174,44743.1321675215,50603.4158426598,31981.1660227911,29410.5773077103,26089.0602258836,95595.0096839970,6296.1057062520,56983.1562801396,66492.7571966427,93933.4275145173,17685.9186879291,97333.2174701843,41295.3058397661,54174.6489033866,34403.0515111152,77861.1109975583,27617.6529370980,65014.6924774210,86103.8050632512,16500.9288743017,12470.8423009167,91533.6217515273,63188.6250699323,23857.6684821053,30891.6042756005,57022.1620423344,10281.5048557920,76997.4949130431,37874.4092045300,67324.7500166779,100307.3208805078,45332.3931738083,67833.0832403888,75644.0843549829,71148.8187647507,67301.4131815540
104,56572.8013662272,104062.3124144398,114577.1283084566,74121.5478607709,35172.9151362544,105692.5783884196,116931.2407372383,66454.4524381919,50739.5650658472,75579.1432631916,9833.8620086715,72437.9195551980,37960.3812335964,90151.9311992358,95380.0338312975,99673.5917350342,35681.7672705667,47397.5138266486,81359.0611879854,85589.5140837018,95347.4441279670,58277.0162092431,69074.0191071271,14640.9564680623,86133.2105375096,55185.0619482221,25016.1400610030,39865.9315877625,58043.0737574078,102816.5495440618,79201.7733786850,88168.3699900624,53414.7330131130,24501.4565329515,23804.0690108909,100665.4392223827,1391.4428127791,82466.8571232978,50165.4627495843,89812.6870331742,106615.8377339506,37343.3437804474,43819.7521258237,74648.1345906329,59573.9765834105,94471.1637153081,46762.2846895625,45601.6624780828,71015.3740956568,11671.7631377552,87086.6746549813,107079.1221996190,36277.5346617915,89046.0480737446,95893.6058759341,69783.8156558133,24189.5372198088,33175.1546105620,26613.0401321912,47434.9623093734,25320.6313768980,86215.0759877207,64320.4609608039,64466.1574491191,47396.8707810758,76742.9426126398,84122.2768169085,104948.6617419022,95465.4576046105,56778.1409359456,76434.1619267309,77032.5210228563,33118.8070843820,82102.1374428258,33812.7732152900,50746.6410998209,94922.7893497754,46117.2769766269,59050.5743816650,48885.6539184848,78252.3625845355,99632.1001066112,51711.6621764516,16654.6641229348,41265.7985485658,36750.2793479632,98887.1321254317,91978.3730783317,57760.9332177908,92516.3956224841,87021.8092308108,102400.1043326814,103582.4115637954,10298.2942928891,39694.5196160061,86509.2738006142,4639.8404694483,96441.4708292909,98436.7861713213,18004.5010765417,50680.1087273550,89222.2058629134,101292.7897162577,65765.7670526062,17832.7356090304,75219.8357433701,72574.8968369335,57234.9197380109,77199.7264242630,87674.6795970954,29325.3140207530,43940.6255854488,42933.8936096793,67573.1798489015,88018.4651830647,4699.5909111372,42099.5845870431,76163.7358197808,19948.0474560177,82680.5910334928,43907.5773681484,82517.9057218432,40835.2914365983,71021.2799052312,76357.0914844488,69228.0338102129,90993.8433287655,80020.4635646864,49811.9213082400,101493.0526940141,30087.8339053286,93312.1373082479,64401.1741509302,26459.3472389184,51565.4290998480,57612.4081060876,39474.2556960741,64451.0731019634,50041.1668044601,31398.3108140872,21092.5522820714,92602.1449765968,81273.3694743393,95674.8158270499,43838.7448244181,36407.4431484092,104864.2992527239,75251.7141024130,89117.4052686871,40198.3038198905,85452.2229511339,89019.6685639107,29095.1462564306,89789.2342040615,97559.8813598199,84646.9450583371,7392.1371657165,30223.4468367098,82478.0632518261,63555.0255153515,45778.1922654379,101285.0743536241,39391.3242871490,46417.6286310794,37825.0834254192,57254.1403496831,38974.0655031762,31970.7957712520,30939.7458517272,100276.6938604420,11698.5173198758,63897.8701556370,72039.0525104006,100313.1126429740,22066.9475199591,103028.4718181400,47837.4419900132,55360.4970747500,37722.5199895572,84848.5127442783,28523.9065713313,71482.3184141595,91185.1365023246,18639.8002998835,18642.6268202267,95983.7203305695,70218.2779402768,21466.9642571407,30465.0322033455,59426.8292210164,12278.4756103913,83054.9128351561,42768.8448429324,74242.8413185678,104623.5886325453,49392.3275257909,74845.3336638058,81239.0777853792,77449.1886403306,73943.7000959908
105,0,0,0,0,0,0,0,0,0,0,0,0,0,0,0,0,0,0,0,0,0,0,0,0,0,0,0,0,0,0,0,0,0,0,0,0,0,0,0,0,0,0,0,0,0,0,0,0,0,0,0,0,0,0,0,0,0,0,0,0,0,0,0,0,0,0,0,0,0,0,0,0,0,0,0,0,0,0,0,0,0,0,0,0,0,0,0,0,0,0,0,0,0,0,0,0,0,0,0,0,0,0,0,0,0,0,0,0,0,0,0,0,0,0,0,0,0,0,0,0,0,0,0,0,0,0,0,0,0,0,0,0,0,0,0,0,0,0,0,0,0,0,0,0,0,0,0,0,0,0,0,0,0,0,0,0,0,0,0,0,0,0,0,0,0,0,0,0,0,0,0,0,0,0,0,0,0,0,0,0,0,0,0,0,0,0,0,0,0,0,0,0,0,0,0,0,0,0,0,0
106,34430.1179135318,98996.9632577809,80199.9060087180,70141.4292017013,36194.8019774341,70089.2774531146,94483.0583698802,31086.7425579964,59712.3878310574,58247.1331706623,30954.6549453145,76404.9056730410,425.9493231132,60549.4556354734,58636.6834352276,85031.6550694641,34455.0133168813,22851.4591057994,73845.2263776207,49135.4762807572,72474.3509571618,51058.4757431239,42092.9960621943,35812.4057778139,51752.6579836096,47777.6867794015,17925.1286566554,19912.5980340886,39734.9561659660,65922.9826201246,42329.5281269360,86315.5431632126,22448.6902242535,39651.1735110959,17930.9107025380,65419.2092196981,42167.1276751974,57686.7048126919,14276.6827449182,72126.4851415484,87395.2510493044,51043.4286105211,31531.1635576530,42353.0863891489,29067.7900189912,85813.3108436159,33753.7746299991,47857.9873830401,61044.2701887757,26452.2207851445,74398.0271622347,83117.7204260102,12071.0236258845,54066.9374605977,62569.3302291755,48225.5647469224,30474.8464007763,24417.1189775391,10394.5589977623,43983.9633663097,28503.2633189211,50027.8209898864,50048.0773540248,37001.4257067919,12836.4055330250,41698.9324351176,63376.0255011815,68040.4600748308,59228.1491555151,41511.8614219034,39603.0353176900,76253.3475603597,11416.3805685853,51311.2170052962,25167.9196682832,19181.6340529421,90018.2106700081,40413.5141753402,35013.5356361723,24641.1009793168,64604.7814112341,64965.1813893081,39565.1785615714,20697.8693396782,7162.3966360774,44045.9398004199,78510.9602692036,55122.2182442638,22689.2933602346,57014.8651847910,50046.2946446734,65944.9321589230,67147.9508653514,34766.2455030822,21244.5286387768,81435.0589812741,41875.1338163147,59454.0303915796,80924.1413664683,26105.8023258289,32256.0043266829,62161.0611273162,93603.3149413212,32731.0012934103,30576.2856852812,49642.2945181667,36030.8063424053,29588.7070061953,55793.9337982795,54912.3349459380,35535.4856261878,16359.2714182463,51233.2457802552,37542.5097071590,78453.5133695894,35658.0220158453,36699.0433321726,47553.5001558889,17954.0983222187,65342.0415013460,15773.9479721051,55063.5932435005,26984.4191895535,57390.3313138807,71707.7484307756,51315.4313858028,70560.2708329558,69306.3364334816,30937.2151657149,67322.6230477748,10585.1430712923,78189.4164019936,54363.5605652939,23794.8390163445,41256.2690284242,45940.1920791002,9065.8887655797,41597.6209394018,46900.1221012299,17391.3543419754,36290.1591301153,58205.1519064468,48005.5377952358,59432.3390076289,6641.8633980790,30638.7665120892,83429.9097101606,67099.5797678618,64247.6501774343,40476.0810925539,70245.7075143600,52269.7289969389,35295.4652761189,53862.9082975784,60828.2361118182,47769.0784565562,29654.9347689251,28924.5862952265,47019.2777130391,36163.5167216170,26567.3971934129,77847.4076408206,31321.7402841209,13116.2856592023,68810.2632617578,24519.8435636175,26320.1081893790,17174.0801253030,7326.8583092979,64499.0443795274,31162.5870573606,45839.1801171688,35065.7960334118,64393.3689424005,15564.9716270828,66040.2465766591,40277.0238637801,37063.5640721967,14270.9271453162,55415.7096147041,24027.8811857217,36417.9966568641,54679.8734873144,21970.4718238045,31361.2205181869,60775.7665877063,45901.1055833060,34484.9959007935,30081.0059452602,34090.0858195293,25992.6687753647,46400.5366318663,7724.5847720482,43715.8018015515,69705.9966318358,17349.4733954542,51661.4144487856,44255.8082443541,41487.6360539667,39981.5230956423
107,0,0,0,0,0,0,0,0,0,0,0,0,0,0,0,0,0,0,0,0,0,0,0,0,0,0,0,0,0,0,0,0,0,0,0,0,0,0,0,0,0,0,0,0,0,0,0,0,0,0,0,0,0,0,0,0,0,0,0,0,0,0,0,0,0,0,0,0,0,0,0,0,0,0,0,0,0,0,0,0,0,0,0,0,0,0,0,0,0,0,0,0,0,0,0,0,0,0,0,0,0,0,0,0,0,0,0,0,0,0,0,0,0,0,0,0,0,0,0,0,0,0,0,0,0,0,0,0,0,0,0,0,0,0,0,0,0,0,0,0,0,0,0,0,0,0,0,0,0,0,0,0,0,0,0,0,0,0,0,0,0,0,0,0,0,0,0,0,0,0,0,0,0,0,0,0,0,0,0,0,0,0,0,0,0,0,0,0,0,0,0,0,0,0,0,0,0,0,0,0
108,37694.0814035179,95623.3843793545,69367.0202139572,80947.6839913047,39335.5573086337,62627.3962247745,86109.8005663074,20248.3420269371,68975.5742035957,52517.5354371892,41660.0749857759,76508.6351379434,11273.9432865343,50705.0008472558,48266.4759256016,79136.2154704075,43693.9333201602,18675.8487365879,70563.5790447615,40957.5944227403,64379.2920873503,49379.9933720739,33736.4393399106,43937.6571655115,40951.0777214827,54539.0891654542,25110.6385195876,27094.3827885640,35202.4326461476,56676.4705921374,32158.8661731219,84280.4126694521,22734.3606430470,50265.7120027353,28702.1433174971,54582.1494722759,52127.3562501452,49413.5274031100,3360.0157419749,65671.9846152272,80065.0595629246,61163.5187587753,30976.3687962212,32063.7447001069,20121.7798225592,81727.2580917605,40444.9622036584,56623.8606588506,57651.5742291360,36033.2412322079,69455.6405118116,74491.1847977021,14606.8153131339,47557.0810648243,51870.3245682003,41587.3897776087,36495.4780467720,27528.9029924239,20663.5537395636,44389.1327167637,38901.8289748522,39320.8408742619,45986.6122658042,37188.9908322461,12847.8641228176,30862.9325559343,56241.9568274374,57902.4856675517,51192.7922033590,46563.4213180175,30838.0983357981,74943.1796781217,21059.5707387218,41289.3992732804,34301.8728024040,11184.7150363064,86941.4952443688,48203.0158066356,28573.9225501872,28697.1561062606,59785.7531822630,58473.5441003456,37520.3591691458,31242.2561658916,6818.9216056015,53765.8702438717,71031.7825122311,46059.7710285343,11968.0528262633,46188.8770465359,40177.7018079243,55367.4375689813,58742.2543982469,44226.9077074204,21229.4874350749,78598.7287099361,52428.9125440900,49667.5887645586,74259.5169239707,34049.1676522214,28871.5818414634,53027.7371977029,89584.2135261737,22437.9090746419,41390.6683448570,41417.5275909514,25478.1821864635,30732.5088253272,48766.4227294153,44353.8500941784,45663.2753401141,21092.3439534878,60730.5069796561,28213.2905074344,74340.4874562681,45959.7258052770,37631.3626219462,38329.3130898515,27395.4483715767,59261.1354713193,12246.7425605350,45988.2243393569,34515.5905023757,52996.4522388047,69423.9711328107,45820.7929429385,63280.2425660419,65215.2057848106,36095.6212955046,56513.1571347963,17915.3866823630,72345.6747542531,51429.6683752200,29434.7304791340,47829.0645193298,43236.0509328118,15783.5184972236,34971.0532195038,54708.9552470239,21792.0923004707,43133.3360159880,47390.0164718152,37397.9388659432,48756.6455685230,7068.8660014245,32831.6548580554,75526.8497648193,63945.9219914844,55743.0385552677,49421.6623642993,64659.3130594757,41907.5470683964,40126.1763766615,46324.4929375249,51994.4441319676,38725.6187948036,39905.5600958252,33148.1190969255,36182.5994206551,28061.8426530986,24190.2339155069,69465.4847656712,39621.1871575712,8785.5615305717,79653.1237336501,14806.2888785034,27101.8161493514,26724.2586959497,17970.9611309670,56935.6446704447,39986.0568852090,40740.6346162053,25782.6669402924,53633.7134177093,26287.3870897292,56251.6229964472,39820.0369212908,41553.3024754863,22017.4039542453,45712.4843327882,34067.7215091756,25589.6494004372,46321.1240419241,32811.2050250557,38735.6573046308,53871.3433678694,38356.7394162481,45177.9365117901,39910.6840323623,35845.2524592230,36617.8986870538,35943.9913764886,10849.1494281633,33956.7647305858,62901.5149940492,18257.2937109662,44208.4775630197,34746.8898170381,30704.9075980110,29300.3895560394
109,0,0,0,0,0,0,0,0,0,0,0,0,0,0,0,0,0,0,0,0,0,0,0,0,0,0,0,0,0,0,0,0,0,0,0,0,0,0,0,0,0,0,0,0,0,0,0,0,0,0,0,0,0,0,0,0,0,0,0,0,0,0,0,0,0,0,0,0,0,0,0,0,0,0,0,0,0,0,0,0,0,0,0,0,0,0,0,0,0,0,0,0,0,0,0,0,0,0,0,0,0,0,0,0,0,0,0,0,0,0,0,0,0,0,0,0,0,0,0,0,0,0,0,0,0,0,0,0,0,0,0,0,0,0,0,0,0,0,0,0,0,0,0,0,0,0,0,0,0,0,0,0,0,0,0,0,0,0,0,0,0,0,0,0,0,0,0,0,0,0,0,0,0,0,0,0,0,0,0,0,0,0,0,0,0,0,0,0,0,0,0,0,0,0,0,0,0,0,0,0
110,42905.5865735291,90018.1919178929,70565.2005541583,79496.9128500636,33247.6572605345,68205.9069038427,83085.2386850143,22125.7886891483,71150.5388635236,47724.0293411323,40058.1936378088,70259.3289491335,13094.3746157925,49328.4956795603,51690.5997239673,74486.3909429803,45880.8969842770,12890.9328892525,64893.0599900119,46357.7918405627,61110.7630012561,43295.5337613221,30661.6031252586,39514.9307887036,42020.4145161259,58436.2043868008,20731.9458954194,30568.5074743177,29793.8967585989,61313.4173387905,36098.9997807973,78331.2551270377,28506.8838795889,50586.1102061985,28745.3856233272,56353.4854718815,49092.4823011188,46280.7251350758,7770.6249514357,61294.9593673363,76247.6351117895,62354.4749996230,24702.4799564839,31571.0056786279,17695.3352761977,76328.2767876632,44310.5543333228,59228.5914825556,51979.9353846453,32862.9047616934,64355.2127994980,71687.8934273095,9268.3461865720,53489.5116035238,52341.0871525561,37246.4443728229,31206.9049663645,21580.0508452287,18975.5263504675,38100.0226182918,39722.2968536175,42024.6388002585,40478.1412505293,43140.3797629146,18310.5621581370,32417.1749006860,52259.3913422420,61618.1256782255,56586.3553954064,51210.0433951011,36048.9398321788,68852.1453845429,22833.8447403391,40227.2946862278,36564.0087364115,8492.7921813492,81241.9328663654,51484.2588090476,24029.4776906038,33539.3420942449,54610.5899952365,64369.5123634179,31448.6396584937,29464.7769791552,3431.2151591404,55470.5165051736,67306.4988704176,50907.7365575574,13448.1357153691,48170.5085822746,44378.4762616142,58306.3964429667,63911.7647100666,40777.6564232834,14953.8671210872,72823.7914698142,50311.1480241674,53865.2486236515,70017.8776605383,29726.2617433832,23026.4958943864,50738.0159080711,84174.1394435725,22099.2922463881,41043.5205359386,38233.3174948658,28881.4957063166,36436.6100027801,44695.7211456003,44409.7840916333,46873.6518285546,25508.7057297013,62672.2343007168,26209.2845921281,68937.6185786425,43460.9563667827,31343.2651845681,36161.0683660583,24400.0870288311,54666.2801884798,7726.8032758663,43639.3847594680,37880.6665161960,47635.3500286908,63503.6360773111,40887.4534927525,59407.7872385676,59784.6133498703,40620.2206885187,57531.9498583231,14287.0261358225,67658.7053138259,45612.9747401670,24174.9679654321,51796.6395219941,37328.7793494234,19112.7454234157,30588.7847218052,57997.0909092883,16418.2524895347,38069.3064434295,48512.0754106354,37655.4156534491,51470.1801402689,9121.6042694640,26657.0583878570,72116.0246290809,58224.8479911713,52821.1289692395,51869.8122872992,59831.8552081030,45408.9154016667,34397.3146335655,51951.6354714872,56951.5904691545,43657.4283521202,37427.7907596169,27355.4191001377,38131.1936536125,24744.5049622125,18065.2839327269,66441.2756230256,42533.2907595051,1036.8398450712,78644.8833677662,13588.9314953132,20835.1310442030,28603.5740261664,18087.5366973746,62498.2641336501,36093.6449288361,35601.4579490203,30747.9911579299,55990.2319692013,25103.0605542961,60399.8423870685,33564.0264552513,46382.7545886886,25088.4715361187,44144.0434866512,35425.6505047648,27142.4238619723,51589.8280242699,32088.9417025528,33993.7761079850,59670.3887902333,34614.4295811687,45310.9156668279,41504.6878343276,41456.5437417253,34885.3288834222,39345.9850783820,15061.5033607829,32515.7419961128,68697.9590140804,23767.2092209864,40416.4721146583,39370.6443501999,33207.5451799741,29915.8120811880
111,0,0,0,0,0,0,0,0,0,0,0,0,0,0,0,0,0,0,0,0,0,0,0,0,0,0,0,0,0,0,0,0,0,0,0,0,0,0,0,0,0,0,0,0,0,0,0,0,0,0,0,0,0,0,0,0,0,0,0,0,0,0,0,0,0,0,0,0,0,0,0,0,0,0,0,0,0,0,0,0,0,0,0,0,0,0,0,0,0,0,0,0,0,0,0,0,0,0,0,0,0,0,0,0,0,0,0,0,0,0,0,0,0,0,0,0,0,0,0,0,0,0,0,0,0,0,0,0,0,0,0,0,0,0,0,0,0,0,0,0,0,0,0,0,0,0,0,0,0,0,0,0,0,0,0,0,0,0,0,0,0,0,0,0,0,0,0,0,0,0,0,0,0,0,0,0,0,0,0,0,0,0,0,0,0,0,0,0,0,0,0,0,0,0,0,0,0,0,0,0
112,0,0,0,0,0,0,0,0,0,0,0,0,0,0,0,0,0,0,0,0,0,0,0,0,0,0,0,0,0,0,0,0,0,0,0,0,0,0,0,0,0,0,0,0,0,0,0,0,0,0,0,0,0,0,0,0,0,0,0,0,0,0,0,0,0,0,0,0,0,0,0,0,0,0,0,0,0,0,0,0,0,0,0,0,0,0,0,0,0,0,0,0,0,0,0,0,0,0,0,0,0,0,0,0,0,0,0,0,0,0,0,0,0,0,0,0,0,0,0,0,0,0,0,0,0,0,0,0,0,0,0,0,0,0,0,0,0,0,0,0,0,0,0,0,0,0,0,0,0,0,0,0,0,0,0,0,0,0,0,0,0,0,0,0,0,0,0,0,0,0,0,0,0,0,0,0,0,0,0,0,0,0,0,0,0,0,0,0,0,0,0,0,0,0,0,0,0,0,0,0
113,0,0,0,0,0,0,0,0,0,0,0,0,0,0,0,0,0,0,0,0,0,0,0,0,0,0,0,0,0,0,0,0,0,0,0,0,0,0,0,0,0,0,0,0,0,0,0,0,0,0,0,0,0,0,0,0,0,0,0,0,0,0,0,0,0,0,0,0,0,0,0,0,0,0,0,0,0,0,0,0,0,0,0,0,0,0,0,0,0,0,0,0,0,0,0,0,0,0,0,0,0,0,0,0,0,0,0,0,0,0,0,0,0,0,0,0,0,0,0,0,0,0,0,0,0,0,0,0,0,0,0,0,0,0,0,0,0,0,0,0,0,0,0,0,0,0,0,0,0,0,0,0,0,0,0,0,0,0,0,0,0,0,0,0,0,0,0,0,0,0,0,0,0,0,0,0,0,0,0,0,0,0,0,0,0,0,0,0,0,0,0,0,0,0,0,0,0,0,0,0
114,55139.8722337713,81233.1208761451,85370.7697592082,68167.4378153857,14829.9086608556,87954.6164323139,86426.5889987119,39995.9551925970,71392.9146492572,45896.5089612220,31150.9558105049,55741.4044685514,23859.5894230297,59308.8772214814,70204.3491160236,71559.0345705524,48082.8416399783,16964.6109903972,56532.6875524997,66133.9209498294,64589.9024704570,32712.5273866417,38091.4459035701,21709.9069310473,57534.7364387400,65118.0343440291,7777.2310756713,38835.6711669678,27477.7878795350,80835.4468672039,55294.1706040093,67242.2457557239,43794.7220948046,46423.4389298936,27735.8887896243,72511.2389406371,34637.7562171852,51386.3227711446,26953.4994360648,60334.0086576238,76883.1353686771,59949.2372887580,14154.7782876033,45085.4409468475,30023.0173200745,69282.2024345792,51939.3010967468,61572.7262912890,44434.7680054645,19992.8176260329,59607.2071776718,76227.8196120491,10839.9965561179,72974.7478119259,66293.9573047921,38921.1688714216,11714.6887997555,2785.4958671966,17469.9968031382,23808.7765024131,38558.2366502798,59886.1935844261,35369.1382988606,58361.5817734802,33893.3453818388,49187.6213726622,53661.5960657441,80346.0568061413,76364.1340259570,60915.6034500300,55824.1539772663,56652.2920074371,28667.4307221767,51682.8260303730,40292.4896131795,23052.5116619102,72042.2978195618,56604.3440983135,27952.3455865510,45334.3428886594,50090.7665520989,83897.6880647588,22918.0117125645,22411.8902064046,19470.4133231747,55213.7999838852,68724.8167737216,70567.2918611298,31912.0814775686,64883.3120419303,63680.9956049656,76146.7514183145,83666.1876331249,25769.9693610099,8815.4038199068,63344.8791615724,38542.9301441646,73100.3618184765,69165.5233422993,13301.2804109426,19774.4641213355,58112.9921178552,76795.8106050372,37153.5714137689,36009.4914117231,44102.0500048218,47801.8575337947,50912.8841554053,46489.1840596373,57944.9947899281,45916.1679329138,37232.5161432174,62642.8672435271,37336.4984725667,62176.3818860875,31179.1521254167,16499.1089225071,45316.0086665401,15034.3243109643,53173.8437053352,16015.9365018468,51454.4431380595,44687.9579239873,42624.4422562460,53211.9045099490,39175.1932915871,60712.4333675583,53344.8428125561,50704.7002820753,72341.4972514876,11423.5577893742,64876.7128966133,37498.0901013569,6879.2001768247,59145.0398654119,29476.7733117119,29896.4311626333,33371.9058382244,62662.7996957353,4914.1958723271,18818.7371693978,63827.3449807023,52022.2174657078,69130.1260427999,25429.3690943069,9806.4586960487,74496.6408091642,49859.4878475703,58061.4966866531,54287.4156257741,56813.9463333005,64089.1482794327,14698.4385010525,71677.9116178735,76645.7999321183,63364.6110932151,26065.7769234732,7787.7252141193,55151.5357892615,32761.3590867689,14660.3865819964,70479.2858060993,47372.8238425807,21357.6085105148,68630.5774840702,29280.9093453744,8465.4687318065,32915.2943594210,22085.5038342888,82250.4387275644,20191.6211815286,33622.7787933135,50493.3579697257,73063.1503172507,21671.0492949757,79556.0304502492,21287.4308784169,57036.5423520384,33481.3776426887,54032.6103131903,36674.5313669979,44261.1604441261,71364.6468378612,27722.4188297301,15665.9604125936,79295.4011975883,39107.4444566930,41173.9979658207,42441.0404406290,55278.3694507479,26524.5525830203,58028.3673942969,28969.6294887807,43936.0611208271,88326.1473101392,38690.4976526631,43842.7810573888,58963.8090206313,51116.5687290470,45508.1943441400
115,50363.1758496073,93456.2518666337,97703.1824143789,53747.9532598796,23615.9905940992,92679.7857607343,101223.7279339987,50021.4086750509,58391.7248199914,60527.0033016463,16482.3679549489,64887.3974040127,24265.8281179861,73232.2088627664,79511.5908185682,85780.0850650602,36988.8948497286,30464.2078045890,69403.4746491270,71670.6365851558,79380.1062078917,45577.0979151681,52249.4214318810,13461.4223318347,69330.1456902193,55661.0168039784,8031.7529431741,32878.4466805801,42261.4103380548,88096.9104949909,63616.5090613648,78523.2495178961,42862.8722823584,32506.0714748236,17682.2239782177,83988.4374477290,21317.6970661425,66039.9538291375,34265.6510199277,74940.9295481825,91570.9103379577,46233.7993819487,28564.5353985713,57683.7578968351,42590.9852020078,82400.6959444755,43937.3733754711,49809.9769829117,57927.2216915482,10408.7195222118,73561.6698084759,90999.0287295914,19419.5904046754,76557.6823673620,78945.5331152782,53706.1160589903,12961.7258495215,17484.4847674092,12845.7051466045,35396.2526078202,26461.8544601803,69954.9921441169,49723.5773273959,56084.0635745314,34757.7195730591,60124.7789739816,68451.3015726963,89314.6887781495,81797.7180436678,53752.1683724026,61951.9005925227,67543.9450229851,23401.4895817659,65114.3687515539,30933.2631304785,33915.6506763670,84220.7390265378,46634.3759937188,42388.4274859443,41150.0982968270,64246.6833067103,87416.8756577112,37086.6137044064,9607.3092825247,25339.8268950040,42477.7049346024,83485.6229504041,77384.0118831831,41370.0302698905,75941.6020784824,71696.1363093685,86234.2202561744,89662.5010331768,12847.1488459283,22965.7705971911,75568.1037242607,24010.0813107545,81188.2316479948,83732.5171988891,8101.2639203364,34567.5948238533,72538.6772716537,89679.3242166587,48898.6951850460,22283.5777809120,58606.3262341820,56655.1378697900,48474.8875699336,61286.2574451991,70706.6843886818,33327.1630442680,34218.9342627051,49749.3784572271,50581.9698012166,75512.2294982908,16676.6422886373,28802.0714787532,59259.1441516339,4452.4525377489,67774.0994327222,26980.0225803425,65748.6642550452,36840.7086462186,56823.5556605015,65310.6273230973,53882.5373969587,75485.6158331305,66953.0518513300,44596.9696272156,84615.6648784329,13722.0215180408,79184.2127623079,51048.9081501787,11086.7940881865,50438.0966824478,43453.5941535747,27933.1200668389,48052.6236656164,52105.0732679296,14482.4590214594,15712.0158565107,75779.1930144463,64353.7557225269,79398.4943337196,29086.1630463060,22221.0752278849,89284.2899834999,62904.5223376833,72739.6868671943,42906.6497006572,71162.3710055662,73190.1450691792,19155.8406624115,76458.7193120758,83202.0758073309,70025.1056464370,11284.8227927756,16586.6922960516,65939.8752741916,46651.9287892235,29297.8121649235,85261.3200302501,37927.2232031748,29966.0752768628,53959.4402033290,40438.8319928979,23146.2815263106,25297.0062714602,18484.6369887654,87094.4098052329,8574.6825043149,48366.9328002437,57153.5257058028,83859.8581698237,12149.3085326961,87771.0443863541,34334.3312100480,50846.5473926268,28720.1513980417,67924.0245659864,26242.7874757684,54910.2533146152,77188.7003266690,15367.6916776379,10449.5988880132,83318.2621638349,53709.0942538357,27489.8322917318,31117.7696320912,51874.5624382070,12242.9844675877,67153.7251537380,29667.2738125394,57251.9181346911,92214.5696680277,38115.7574232327,58575.8414482971,66222.9554587000,61135.1492579684,57135.7949659244
116,0,0,0,0,0,0,0,0,0,0,0,0,0,0,0,0,0,0,0,0,0,0,0,0,0,0,0,0,0,0,0,0,0,0,0,0,0,0,0,0,0,0,0,0,0,0,0,0,0,0,0,0,0,0,0,0,0,0,0,0,0,0,0,0,0,0,0,0,0,0,0,0,0,0,0,0,0,0,0,0,0,0,0,0,0,0,0,0,0,0,0,0,0,0,0,0,0,0,0,0,0,0,0,0,0,0,0,0,0,0,0,0,0,0,0,0,0,0,0,0,0,0,0,0,0,0,0,0,0,0,0,0,0,0,0,0,0,0,0,0,0,0,0,0,0,0,0,0,0,0,0,0,0,0,0,0,0,0,0,0,0,0,0,0,0,0,0,0,0,0,0,0,0,0,0,0,0,0,0,0,0,0,0,0,0,0,0,0,0,0,0,0,0,0,0,0,0,0,0,0
117,0,0,0,0,0,0,0,0,0,0,0,0,0,0,0,0,0,0,0,0,0,0,0,0,0,0,0,0,0,0,0,0,0,0,0,0,0,0,0,0,0,0,0,0,0,0,0,0,0,0,0,0,0,0,0,0,0,0,0,0,0,0,0,0,0,0,0,0,0,0,0,0,0,0,0,0,0,0,0,0,0,0,0,0,0,0,0,0,0,0,0,0,0,0,0,0,0,0,0,0,0,0,0,0,0,0,0,0,0,0,0,0,0,0,0,0,0,0,0,0,0,0,0,0,0,0,0,0,0,0,0,0,0,0,0,0,0,0,0,0,0,0,0,0,0,0,0,0,0,0,0,0,0,0,0,0,0,0,0,0,0,0,0,0,0,0,0,0,0,0,0,0,0,0,0,0,0,0,0,0,0,0,0,0,0,0,0,0,0,0,0,0,0,0,0,0,0,0,0,0
118,45902.3740711384,97653.4785966599,97723.5337073004,52697.4967720515,28045.9012178731,89901.7756839595,103707.6787439470,49350.8694892051,54260.7130436100,63521.0495258418,13889.3023834354,69505.9430788249,21478.2465133268,74378.5392845455,78270.9360945764,89170.9724218371,32356.2086390359,31813.1922541717,73397.1224684546,69238.4794819177,81732.5946759269,49517.1754117887,53716.4189002928,17355.1401535217,69215.0128878250,50932.3422836485,9989.6075808875,28393.4619365918,44951.6555610085,86093.2518915724,62143.5182152482,82897.6995003569,39135.4153528833,28813.8648750142,12948.3062302725,83633.3729096594,22122.2094933970,68023.5851961848,33029.4785801944,77961.8961447365,94457.8536332325,42426.1447217658,31769.9187425285,58074.5736340027,43164.3740795026,86328.4502857790,39215.2045248463,45318.4824274315,61683.3706609965,6335.5041508429,77116.4097341508,93231.9079872851,19691.1730203596,73558.6406382680,79219.1173530624,56081.2764228017,17643.6554483046,20735.5522360553,9838.6817459048,39580.5536199497,21956.5759061060,69077.5208145208,52999.0931446758,51965.2130027498,31623.3255078752,59697.5633250871,71051.8835196974,87894.0649794798,79270.3080450735,49056.4040725522,59781.3581069859,71965.5821390845,19223.5226334332,65942.0827724786,26191.3017618433,33958.5653142177,88419.9683812010,41921.1986868266,44209.9403233822,36838.2517690987,67673.2914717613,84346.0427583794,40469.7712487733,9196.4449727524,24126.3262552139,38221.1019108994,86200.9379600009,75299.5430579501,40656.1867365603,75439.6043468349,70045.7499180678,85261.1969938628,87259.0311493537,14635.0577761418,24960.1469968303,79746.4173538114,23145.2156164277,79498.1615974113,86803.1650484919,9829.0355440046,37087.9316648721,74174.0864968895,93691.2574714142,48971.8206128419,18426.5553236820,60395.2475253132,55449.3050759072,44386.5272403616,63749.1666514398,71088.2484621096,28991.8939843308,30211.4489706878,45564.1967432010,51414.0697738758,79353.7401264392,16181.1909055121,32771.2230800268,60495.9839766320,2159.3974661840,70806.2146068498,27374.5268284098,67265.4303384383,32141.5704374555,60216.2184914925,69502.0447207846,56756.9483479673,78162.6540806746,70673.2079573522,40011.0463951386,84655.7806761691,13133.6024537601,82507.8400625323,54767.7154233940,14880.8826654473,45695.9123543499,46958.4649927359,24328.4239512602,50163.2328341578,47444.2401175108,16318.0467632058,20312.2357726220,75699.0536695565,64545.3798993257,78537.1782223151,26952.1867192257,26045.7205069351,91876.6169188535,66832.4329041145,74751.1436098040,38331.2447986273,74451.0228314605,71914.8940450943,23830.7746157702,73779.1095597818,81001.2239096515,67945.0105717447,10164.4015367970,20758.4150228079,65393.7318490513,47955.3136792010,31523.8603538416,87553.4614811278,33186.9756731057,29356.7377404660,52410.6897457241,40413.4522931337,26112.4948041741,20692.0775633813,15007.8819983709,84373.8225588439,11849.0184194190,51169.8320234384,55202.5342158087,83197.1423346243,13713.1860512201,86088.6958714559,38162.2144615084,46229.4996538017,24492.7161151219,69069.3963194888,21517.0883407078,54420.9681528392,74802.6500659336,10816.7318724670,15088.9879892084,80396.0222159788,55657.2524151714,23623.6959321943,26495.0449644426,47599.0986150431,8961.4750998371,65936.1562330703,26669.2809432368,58062.4903659975,89217.3119300114,34550.3718633679,60753.1629994220,64366.6106887252,60317.8098469327,57049.1878541770
119,45773.1542770354,98410.4302408706,98523.2053757078,51844.8679739986,28731.5517273553,90298.4641290162,104610.6781981962,50094.2561874790,53477.7185683748,64408.2930064432,12987.7189234375,70117.3499870386,21935.9096678016,75256.9574999270,78933.7215068604,90035.5996405945,31748.6041592364,32706.8570590254,74191.0090289369,69711.4826568678,82636.5689577245,50316.3671286994,54609.4104893140,17371.5228949973,70007.1239262888,50430.3326260972,10885.9068484103,28263.9635942260,45848.4081787056,86638.3934468149,62779.2694174095,83608.9964994641,39313.1735420171,27958.5846943632,12583.8946211697,84399.3747403356,21497.8567342037,68926.6484315010,33719.5359843137,78848.7949912860,95351.0165624887,41588.7128296733,32639.4580728409,58910.8724133101,44017.7773113571,87133.6567831743,38856.1350672600,44637.2553137723,62509.6635136741,11873.7196911754,77966.0750556285,94136.2233060464,20546.4209717037,73910.7700128919,80042.4007436027,56984.6967700931,18207.4809519092,21594.2693682315,10334.3813629225,40333.5388738116,21275.6458305270,69789.1436896031,53869.0791621134,51994.9472013819,31975.7012421277,60462.1921160633,71952.4264161875,88529.5977974673,79721.3746804471,48736.9230480701,60306.7495452172,72661.6139250912,19273.4711118523,66805.0572251478,25767.4960657802,34779.7800591287,89176.0167296667,41392.2180902305,45111.9484086121,36794.0773602427,68533.5594963354,84678.1935958709,41329.2380664153,7736.5193374777,24835.2658854578,37463.4530505292,87099.2649976089,75833.8306574128,41400.5382016548,76191.9995454138,70652.2537000234,85957.1022677132,87732.0373453663,14213.8444989674,25864.4549889787,80506.4268324961,22327.6305109797,80095.6983544750,87688.0570049327,10284.4510276905,37987.9397968171,75070.3621576409,94483.4986320698,49786.6229033204,17583.7251392824,61295.7083384039,56124.9237687745,44433.0616233999,64651.7956352452,71921.0958120416,28252.7048267510,30304.5434708343,44791.2896524111,52280.0950367505,80170.7781930586,15420.9936641452,33560.7540172067,61379.8523376498,1623.9607706842,71692.1716161550,28226.7612987534,68158.7184888822,31824.1009102565,61078.4511524588,70258.4371046810,57648.6957347915,79061.7164254450,71504.7845181508,39801.9504445449,85458.8920264272,13948.6184803065,83377.1380582232,55597.4941135381,15674.8153519490,45262.5876839184,47809.0284996980,24569.4600654300,51067.4847262827,46858.9394506533,17222.2084114110,20598.7364229729,76492.9753446704,65364.9274774239,79248.2232677587,27519.1495275057,26852.0575094560,92777.8151661021,67636.0053743863,75654.3656192188,37688.7645373893,75322.2645722033,72574.7780281003,24401.0660516147,74201.0668078560,81513.3190476286,68482.6242970067,9381.0733978066,21502.8564790004,66144.0682987615,48843.6173859666,32427.4881467367,88457.7211354748,32724.7710508408,30124.1085911957,51529.8336074916,41224.4553513466,26993.3425286841,20487.7562423514,15327.6139456606,84784.0584867331,11761.5340260365,52063.6775234458,55767.9520412306,83930.2883730711,13756.2736660326,86685.7732530823,38974.4282093289,45992.3757155173,24505.6878172940,69948.3038245243,21012.7991982549,55181.2492971427,75282.4781546094,20299.7871632902,15416.9850365194,80763.5082191266,56560.2753269604,22786.5715501152,25879.8049014700,47564.2635265579,8059.6635105825,66605.7853309343,27064.3958641585,58925.8585013614,89565.4448643510,34783.0226058059,61657.4753474550,64943.0107143529,61039.5417301370,57847.2869547270
120,51999.9584147117,106668.7898027338,112919.7552539321,75075.0148899769,37104.8120201926,101988.6057166960,117478.2573127680,64361.9757376981,46877.8646911957,76478.5243740852,6791.5920286488,75694.6610422770,34894.2049023926,89412.3425581593,92789.3923856602,101154.0161433313,30977.9373722917,46690.9867404916,83510.9502376597,82195.4242200784,95702.4193640371,60093.8262822589,68553.2047186703,17749.9777310956,84394.4028784704,50501.5849131332,24291.5052197450,35477.0976401996,58490.9914386189,99657.8835016837,76499.5782572970,90994.9163469938,49399.6787567781,20392.3778892412,19695.0061812115,98725.4324372971,10312.0306519192,82432.5670104697,47808.5202324311,90826.3359083320,107555.1583394186,33643.2218633733,44516.4450067183,73300.2466649829,58360.4356260041,96617.2730888847,42045.4869641135,41168.1126780972,72749.9113273766,11134.5039742333,88696.9919598100,107351.8082208621,34893.5515623246,85252.6956050820,94447.4033053897,70041.8851663697,25862.7015646736,33570.8876246268,23960.8452591205,49388.3600010412,20585.8017015924,83912.4554642624,65418.4136953646,60071.6550378177,43884.8118878584,74790.3823588965,84674.2544372610,102203.4250823598,91965.9457904920,52053.1056648527,73264.9767197927,79863.8511668166,29251.8112574016,81094.1007460483,29147.4008652573,49185.5459645088,97484.0180610579,41416.0167350552,58767.7452206343,44499.6282660931,79647.6492652141,95750.8754291552,52748.9843518095,13480.8212413313,39030.5523046752,32440.8967844942,99617.8775470298,88798.1322807008,55679.4068704586,90476.9712049625,84164.2786167770,99990.2784614363,100141.4904566260,9431.5615360448,39347.2843362882,88982.2204909595,6468.2407089014,93524.3648585002,99544.9318263067,18703.5192260542,50890.9718125169,88899.2352256176,103597.5555419744,64193.6942435736,13120.7359324509,74988.2355036159,70087.3205352544,52920.6202454672,77582.9602405763,86316.0659248715,24737.3999949247,39878.4939750715,38856.0730320874,66554.8089971360,90005.0035469607,4770.1208435196,43588.3199076699,75475.7881049362,18243.8329777579,83666.7210182061,42579.1824192564,82076.5213786702,36186.0263841128,72316.6390754732,78769.0647060483,69957.0210558861,91653.8160641224,81788.8447883641,45194.4578981535,99859.4902099495,28355.4354917842,94682.3382295289,66014.3757266246,26907.1684726947,46833.7128394350,58878.8822891190,35825.9989385865,64441.4369194406,45433.6959113476,30799.3152541777,23935.8354285726,90882.5797054774,79771.5193904522,93361.6470361590,41025.6746272348,37504.4506635313,105489.0361382613,77257.6576276461,89130.6771565259,35593.1917906777,86737.8708358073,86422.0104273617,31300.2916674923,86208.0361398221,94278.9275676780,81499.2246346417,9855.2753690131,31409.2143543412,80425.8582368162,62887.1216656201,45686.9657058430,101599.8919964792,34660.3081814700,44475.6328275289,37569.7107334799,55630.9407251093,39334.1333271951,27667.7405968351,27730.1795562277,96628.5959815056,13527.5827760326,64510.3188292148,69044.6156730383,98139.5645231200,18789.0604486843,100098.3718676935,49304.1477083889,50686.3849124396,33635.7322312090,84100.8809714806,23874.3431215517,69499.1610634364,87798.9693310138,14436.8690524060,20631.6483631940,92214.3745596359,70101.7339186927,16959.6305935233,25731.8901732170,54962.5542781147,8434.4719413720,80517.7721289808,39442.7247250460,73214.8043359328,100775.4911129602,45551.0835744518,74952.7871494510,78261.4379680496,75215.1930809714,72243.6524438077
121,0,0,0,0,0,0,0,0,0,0,0,0,0,0,0,0,0,0,0,0,0,0,0,0,0,0,0,0,0,0,0,0,0,0,0,0,0,0,0,0,0,0,0,0,0,0,0,0,0,0,0,0,0,0,0,0,0,0,0,0,0,0,0,0,0,0,0,0,0,0,0,0,0,0,0,0,0,0,0,0,0,0,0,0,0,0,0,0,0,0,0,0,0,0,0,0,0,0,0,0,0,0,0,0,0,0,0,0,0,0,0,0,0,0,0,0,0,0,0,0,0,0,0,0,0,0,0,0,0,0,0,0,0,0,0,0,0,0,0,0,0,0,0,0,0,0,0,0,0,0,0,0,0,0,0,0,0,0,0,0,0,0,0,0,0,0,0,0,0,0,0,0,0,0,0,0,0,0,0,0,0,0,0,0,0,0,0,0,0,0,0,0,0,0,0,0,0,0,0,0
122,0,0,0,0,0,0,0,0,0,0,0,0,0,0,0,0,0,0,0,0,0,0,0,0,0,0,0,0,0,0,0,0,0,0,0,0,0,0,0,0,0,0,0,0,0,0,0,0,0,0,0,0,0,0,0,0,0,0,0,0,0,0,0,0,0,0,0,0,0,0,0,0,0,0,0,0,0,0,0,0,0,0,0,0,0,0,0,0,0,0,0,0,0,0,0,0,0,0,0,0,0,0,0,0,0,0,0,0,0,0,0,0,0,0,0,0,0,0,0,0,0,0,0,0,0,0,0,0,0,0,0,0,0,0,0,0,0,0,0,0,0,0,0,0,0,0,0,0,0,0,0,0,0,0,0,0,0,0,0,0,0,0,0,0,0,0,0,0,0,0,0,0,0,0,0,0,0,0,0,0,0,0,0,0,0,0,0,0,0,0,0,0,0,0,0,0,0,0,0,0
123,54064.2207341892,78920.2386844245,73063.6266337038,79399.3199084406,22548.2107849551,78643.3675729117,77148.0598406593,28450.9815267304,77712.2548927010,38685.5767242053,40999.0220699561,58186.9852708255,22522.4145169686,47568.0511858850,58606.8692124360,65346.1549606954,53019.8622823479,8223.5175737167,53757.1219738187,56657.7762902311,55059.2834753091,31451.6087493043,26638.7302634220,34022.0954598603,45254.5847191273,67773.0794350735,17653.1739301802,40014.5276387432,19868.1161144381,70129.5955199456,44350.0547057618,66648.5969969098,40309.5013174939,54546.2134462047,33587.4745631279,60254.8358456008,46508.7667193858,41007.5219632302,18399.3118473923,52893.3949195061,68791.9482349850,67458.5281999241,12634.6201676120,32778.6617494519,17713.7204206376,65668.8026877595,53833.0060557021,66667.2035476860,40921.6838073800,31039.1047787070,54383.2744879295,66373.8848807168,8963.4539924178,64659.2196756253,54006.9083297485,29673.5704925310,23683.6553382532,12288.7984354393,22445.8612204998,26070.4998152951,45003.3196886185,48057.8273559842,29936.7035616171,55032.3728977758,30020.8065402553,37131.1750587465,44911.4035650127,68826.2251352059,66769.7972342713,61623.2302904937,46215.4938580455,56954.4757887038,30765.2876679577,39599.3114836001,44173.9008528221,11765.7756630721,69993.5423745593,60069.4161017117,17173.1140832118,44422.1730250280,44591.9740870603,75424.6755557058,19693.0836806290,30993.3326265564,14464.0915098147,61584.7637128668,60174.0593463250,60227.9082760675,21026.4579686790,52722.2494356526,52770.4801312654,64224.3077731020,73636.5870268167,37671.3182729025,2780.2949840001,61459.9569833998,49656.6610682478,62042.5116015247,61769.8458599283,25307.1576216772,12154.3675704290,47058.7311490624,73459.4948788925,24949.5279829662,44274.4334109943,33294.8575062987,36714.1129250095,48135.3769414997,37404.9634111732,45666.9691180843,52462.0008558328,36167.6196995127,69004.4201121516,25144.3162215943,58310.7008609955,42340.7353224881,19502.9682718962,33592.3536506555,24100.4377200607,45916.4511192481,12142.6313739147,40176.6055736835,46922.0664257244,37307.5805997847,51899.7509305533,31719.5432793147,52119.3194750055,49166.4123901660,51026.6610131805,60030.1599126199,15390.3687448698,58513.5271350282,34298.8461791774,17516.8388287052,61321.7263879039,25893.2488320719,29099.6293662294,23387.1812550274,66475.3865604226,11195.6202612140,30825.9958130914,51525.9444252895,39710.0348204961,57177.6464871296,20691.7568776468,15705.0285477230,65553.0743844982,47022.9761908229,47739.5883170473,59230.4198041691,50490.5303661431,52632.5791421601,25122.9736081693,62581.9181617611,66375.1292859535,53238.0436838112,36753.1455862795,18235.0898333475,43103.9997906620,20985.9604569639,3622.2919682631,60778.0044524783,50822.8269714760,12647.3409905098,79430.4474612254,17435.0700306477,9400.1717178487,36157.4719502307,24568.0239841766,72939.2873339340,32224.8045273601,26121.6865136554,40695.9512630666,60943.4153133320,28317.6457759843,68380.4526770988,21491.0710282932,57071.0975672422,34360.8456870251,42261.3941648791,41784.1069788323,32354.2519662813,61608.0740169947,35309.7759017340,27972.7600919979,70561.5680709249,28655.6454419842,49164.0728853346,47912.6763447609,53041.1771659872,35957.4094571172,46626.5554966214,26097.0196721418,31786.9810204247,79544.4753318189,35416.9381322356,33962.9418000496,48562.6224591041,39390.0846901718,33286.0709208253
124,0,0,0,0,0,0,0,0,0,0,0,0,0,0,0,0,0,0,0,0,0,0,0,0,0,0,0,0,0,0,0,0,0,0,0,0,0,0,0,0,0,0,0,0,0,0,0,0,0,0,0,0,0,0,0,0,0,0,0,0,0,0,0,0,0,0,0,0,0,0,0,0,0,0,0,0,0,0,0,0,0,0,0,0,0,0,0,0,0,0,0,0,0,0,0,0,0,0,0,0,0,0,0,0,0,0,0,0,0,0,0,0,0,0,0,0,0,0,0,0,0,0,0,0,0,0,0,0,0,0,0,0,0,0,0,0,0,0,0,0,0,0,0,0,0,0,0,0,0,0,0,0,0,0,0,0,0,0,0,0,0,0,0,0,0,0,0,0,0,0,0,0,0,0,0,0,0,0,0,0,0,0,0,0,0,0,0,0,0,0,0,0,0,0,0,0,0,0,0,0
125,0,0,0,0,0,0,0,0,0,0,0,0,0,0,0,0,0,0,0,0,0,0,0,0,0,0,0,0,0,0,0,0,0,0,0,0,0,0,0,0,0,0,0,0,0,0,0,0,0,0,0,0,0,0,0,0,0,0,0,0,0,0,0,0,0,0,0,0,0,0,0,0,0,0,0,0,0,0,0,0,0,0,0,0,0,0,0,0,0,0,0,0,0,0,0,0,0,0,0,0,0,0,0,0,0,0,0,0,0,0,0,0,0,0,0,0,0,0,0,0,0,0,0,0,0,0,0,0,0,0,0,0,0,0,0,0,0,0,0,0,0,0,0,0,0,0,0,0,0,0,0,0,0,0,0,0,0,0,0,0,0,0,0,0,0,0,0,0,0,0,0,0,0,0,0,0,0,0,0,0,0,0,0,0,0,0,0,0,0,0,0,0,0,0,0,0,0,0,0,0
126,69623.8570586580,70194.7241712222,91711.5954366480,70617.5514232127,420.7850082841,101053.5042732919,83665.1980991213,50668.6784838234,81729.0110056443,41870.7018244172,38835.8788275310,41935.2423077717,38564.5799537966,62832.4306616687,80542.7718561232,64816.6748392551,60130.3077507742,25643.5965497699,46627.1609799806,79084.3551150209,62935.0074331715,23312.6694230710,41976.6501890624,21040.2239099140,65404.1425314769,78213.1818956146,20279.2319685556,52948.5809116250,26822.1872131949,92592.6131905342,66788.1336453599,55110.4938755257,58497.5980698768,55546.9878959893,40092.1967300424,80400.1821674282,36482.0031409864,51960.9388692166,40216.4218200129,55655.0205113781,72494.2144609374,69304.0202518954,13596.4469637959,52242.4052808725,38364.1388777813,59727.9716898528,65575.7379221842,73166.4849543287,36058.1062884043,26888.6799406332,52162.5342009065,74754.5004237900,25075.6668040758,86663.1147626554,72513.1451675311,38582.9370662440,11072.9299048111,11863.2758485978,31163.2313338580,25001.9675794824,49803.6978960941,69746.6248641990,30323.6105808237,73067.0586378988,48546.8199487709,58481.0503966728,51277.2418057405,90803.2910015765,89235.5082989541,74890.6840931031,68655.5205371944,44132.7412331816,42755.1192090099,56832.0094779199,53242.3824876788,34280.7524234112,60966.0888624958,69388.3996076784,31730.9722147692,59851.7209899459,43534.1354458934,97523.0215649630,18450.7995487311,32909.0212396179,33697.6871387535,65883.5494690844,65300.6573717367,82754.0043454143,43547.9504789990,73503.2126898706,75198.7055509481,85609.7999097044,96162.4857846902,28614.3173347986,18745.2442205010,52360.2427672891,42780.8246686676,84387.6797296390,64045.4879725373,18963.7034875164,21800.0430961923,59788.4862332870,66772.4608772729,46096.6633976720,45553.5221423911,46039.6684152563,59127.9688479564,65606.9759693139,45147.7072093392,64232.4545027004,56741.4682603576,51832.9781907667,73125.2412890228,43763.8561882690,53126.0445294456,35992.3849490620,10594.7535381518,49423.8161091195,26264.1438078283,48652.3234750157,28156.5189390793,53994.1946089207,58312.0809413651,36497.8474290957,42103.3650312728,36198.6803402867,57695.4844342302,45056.2462305125,64899.1680913170,79049.6730655464,25954.6879949579,58570.4228546340,29515.5555926337,13650.8871327299,72553.7674159743,23357.5025571003,44529.7834692043,34942.1309735193,75130.8894194644,18683.8950285615,14877.6909332308,71266.5335503588,59289.2676762877,78548.5337198230,39876.7987972517,6844.3000897590,71496.5535498677,40369.9392984101,58163.3471734512,66161.2353933426,50846.4388996790,74742.6478804646,10324.6134832515,84906.5026192802,88902.8229322017,75763.4696082655,32731.4587631478,7545.7421343173,64388.7949830488,37995.1881931416,20201.2524575855,68906.4716679448,60359.8492291334,34390.9079225500,72257.4777562933,39561.8717700312,13226.7347257551,46434.4196023221,36313.4181624736,95343.7210148125,23444.7619940705,31527.2018352495,63165.1448341822,81801.1566378539,34002.1577415932,90644.4169551512,13394.6031646648,71252.3002949835,47777.4111904843,57860.6146228159,49022.1077259382,54097.4708254079,84098.6736055751,38665.6000773138,16350.4316912416,92764.7641819307,40790.1138148921,50724.0411858766,54293.4238313422,69925.1854212601,35389.6352826776,68813.6707922593,43663.3243790759,49757.3369993016,101779.6883323344,53393.0446682184,44049.0694432424,71089.4491417575,61308.7375897608,54113.4944326737
127,55454.8103562128,80846.9419067352,85194.3683781931,68475.1004672787,14566.8147040235,88042.7417893487,86075.1454952123,39941.1610294480,71785.1881699149,45521.5042170280,31516.4641924418,55404.0951505878,24130.7232192402,59052.4656387991,70154.5017743546,71171.8832404482,48471.2138761484,16771.3692915119,56142.5446528826,66208.7433920118,64247.0126870125,32324.5345783676,37824.2054751126,21881.3356902134,57391.1566102260,65491.1181003452,8167.5697164400,39179.8932355045,27119.3548102397,80850.4445179466,55287.8208251400,66867.6868976782,44049.7094682500,46809.3405449199,28124.8397668584,72375.7881490154,34907.5426609618,51069.5797886162,27026.4545582726,59958.2426786762,76512.9690908421,60338.0771849110,13766.4860558368,44910.1124415397,29863.3368177529,68890.4673057372,52300.3801728246,61962.9913618237,44042.4292177334,20328.3339966315,59216.4925664261,75890.7598108035,10978.3988908091,73100.3883834753,66106.9089709439,38581.0731547643,11761.5942859695,2122.8250918886,17841.3888814481,23444.1795464753,38950.5352378617,59813.0909187263,34983.0606676193,58630.3193912865,34126.1267680938,49086.4013980730,53305.6878762744,80304.2577690288,76436.6307622912,61263.0081899713,55888.5570763945,56284.8941627064,29016.0628351002,51458.8965681419,40671.4987298944,22994.9498173248,71656.9779920953,56983.6896026215,27665.0032309106,45646.7543315092,49701.9511470301,84020.2189081864,22527.4520019028,22800.0963663676,19624.4314092334,55606.1762119406,68362.4392568064,70600.8669816206,31892.7941041236,64768.2414472865,63679.5040012295,76065.7167540064,83719.0912676510,26040.8007090173,8595.1156008646,62959.6791771293,38863.0269331324,73091.5964600714,68788.0434760595,13572.2496387909,19431.7925403662,57819.1298523300,76404.9888483462,37027.0798003059,36396.0418430909,43802.9217821616,47783.1737692710,51190.0843290127,46141.9366246387,57755.1630602766,46308.5454701737,37534.7165801105,63035.1894026551,37130.7929601025,61784.1306117393,31500.1925680486,16128.9984046310,45061.9316035745,15423.0138891279,52797.4729910711,15985.0463191143,51172.6934455617,45050.6079114716,42235.9120852924,52828.9527161755,38805.5814716374,60352.1672755600,52952.4975300287,51042.2367175440,72170.7586745896,11748.7998375820,64491.0402057341,37105.7490351292,7308.6155329351,59511.6437628653,29085.1298905067,30193.8369693876,33053.7524842255,63045.8686387375,5400.1221736084,18883.3895785708,63674.0685761082,51856.2950224563,69044.8503705458,25618.6695468591,9452.4327624335,74140.1376244615,49468.5944478064,57741.0186319210,54676.4994031306,56428.9232275829,64049.7202553447,14582.2197206240,71771.3879121486,76684.5846575123,63407.1542603189,26410.4240241696,7624.8616204545,55052.5353684576,32516.9335236350,14357.2494030235,70139.3205547070,47749.9911473863,21404.3586764101,68957.7062081706,29193.7896164117,8087.1039097754,33283.8499371213,22429.2309358421,82337.3377006385,20450.1895219389,33257.0058513038,50546.0622527562,72955.5928970416,22061.6522231571,79540.3554440204,20900.5143841629,57372.0231950732,33815.8088278844,53779.4980813251,37061.8341951162,44176.1696676137,71428.0782892158,28114.1790159567,15823.6700657195,79406.2697045945,38798.6660086755,41561.6995804668,42831.1847825625,55569.9834871766,26900.4830068470,57991.6603833241,29217.8992109761,43722.1944981753,88437.1757800471,38945.1711699207,43514.8425702518,58990.2975076237,51051.1860064340,45379.4567351799
128,0,0,0,0,0,0,0,0,0,0,0,0,0,0,0,0,0,0,0,0,0,0,0,0,0,0,0,0,0,0,0,0,0,0,0,0,0,0,0,0,0,0,0,0,0,0,0,0,0,0,0,0,0,0,0,0,0,0,0,0,0,0,0,0,0,0,0,0,0,0,0,0,0,0,0,0,0,0,0,0,0,0,0,0,0,0,0,0,0,0,0,0,0,0,0,0,0,0,0,0,0,0,0,0,0,0,0,0,0,0,0,0,0,0,0,0,0,0,0,0,0,0,0,0,0,0,0,0,0,0,0,0,0,0,0,0,0,0,0,0,0,0,0,0,0,0,0,0,0,0,0,0,0,0,0,0,0,0,0,0,0,0,0,0,0,0,0,0,0,0,0,0,0,0,0,0,0,0,0,0,0,0,0,0,0,0,0,0,0,0,0,0,0,0,0,0,0,0,0,0
129,0,0,0,0,0,0,0,0,0,0,0,0,0,0,0,0,0,0,0,0,0,0,0,0,0,0,0,0,0,0,0,0,0,0,0,0,0,0,0,0,0,0,0,0,0,0,0,0,0,0,0,0,0,0,0,0,0,0,0,0,0,0,0,0,0,0,0,0,0,0,0,0,0,0,0,0,0,0,0,0,0,0,0,0,0,0,0,0,0,0,0,0,0,0,0,0,0,0,0,0,0,0,0,0,0,0,0,0,0,0,0,0,0,0,0,0,0,0,0,0,0,0,0,0,0,0,0,0,0,0,0,0,0,0,0,0,0,0,0,0,0,0,0,0,0,0,0,0,0,0,0,0,0,0,0,0,0,0,0,0,0,0,0,0,0,0,0,0,0,0,0,0,0,0,0,0,0,0,0,0,0,0,0,0,0,0,0,0,0,0,0,0,0,0,0,0,0,0,0,0
130,0,0,0,0,0,0,0,0,0,0,0,0,0,0,0,0,0,0,0,0,0,0,0,0,0,0,0,0,0,0,0,0,0,0,0,0,0,0,0,0,0,0,0,0,0,0,0,0,0,0,0,0,0,0,0,0,0,0,0,0,0,0,0,0,0,0,0,0,0,0,0,0,0,0,0,0,0,0,0,0,0,0,0,0,0,0,0,0,0,0,0,0,0,0,0,0,0,0,0,0,0,0,0,0,0,0,0,0,0,0,0,0,0,0,0,0,0,0,0,0,0,0,0,0,0,0,0,0,0,0,0,0,0,0,0,0,0,0,0,0,0,0,0,0,0,0,0,0,0,0,0,0,0,0,0,0,0,0,0,0,0,0,0,0,0,0,0,0,0,0,0,0,0,0,0,0,0,0,0,0,0,0,0,0,0,0,0,0,0,0,0,0,0,0,0,0,0,0,0,0
131,50977.6379458684,91476.4125624926,95860.5426947874,55889.9440565996,21777.0091175184,91955.8020966564,98976.3353130877,48437.4567798619,60384.1063300640,58281.7465456332,18718.9483922687,63257.0388961415,23751.7369263629,71140.3226104939,78094.4011472303,83572.0655409750,38614.5953929483,28377.9089847465,67334.3616415313,70785.6516958498,77139.1472154737,43483.9571757785,50113.1615776787,13904.5716523751,67543.1237887523,57064.5492719548,5111.7327825962,33566.7725788239,40011.6024480625,86990.6020344391,62309.1155085646,76647.7503279921,42817.3905612572,34625.6239845446,18927.3373107621,82262.3860910304,23153.6870575931,63829.3740187513,32943.7977862670,72697.9241973151,89322.9924224447,48332.4616123835,26325.4587223084,55769.4514574273,40651.9279044003,80310.6156788435,45055.7007479555,51586.6907380685,55784.1618505695,7518.8359022697,71378.2081839145,88764.2818254822,17679.6647743040,75973.2899171873,77044.5650383153,51466.7526915096,11505.8889700706,15241.1760750003,12714.6761357899,33399.8967970821,28223.9061388484,68413.5142636126,47497.0980458571,56326.1085047389,34356.3150444947,58443.3159341361,66201.8965570270,87959.7831639226,80949.9840608149,54770.8302758700,60953.3651138239,65703.1229572141,23825.5595691536,63090.6542572568,32210.1678130597,32146.9405739812,82241.2247642013,48098.6785178809,40206.8942758300,41612.6850108528,62041.2095669190,86864.2779735341,34868.6257378651,11330.0113844496,24072.4892413759,44407.0162272857,81234.9293205468,76324.6158772943,39823.1144305923,74267.6757720326,70451.4511565112,84712.5064233554,88745.0950746519,14497.4792153748,20788.1548593912,73577.4242271223,26166.5675981775,79950.4393195372,81492.8893945498,5695.1471666552,32324.9534993841,70368.0877713552,87619.2328290266,47082.4893118552,24347.7288303151,56420.1621329534,55253.3895552187,48704.1563496798,59041.5628200466,68783.4535974790,35209.7815015090,34425.2780650272,51715.6794754210,48569.9555044023,73394.9969501589,18815.1947663394,26710.0514540839,57157.9059628626,5659.1148086529,65531.2324067887,25139.8554044019,63597.5200564895,37891.5165482844,54612.1583149340,63325.2009913936,51633.0125054518,73235.0577507886,64802.9646866355,45400.0909783113,82773.8333814520,12416.8797039591,76967.0605036422,48895.0938321883,8905.8744586388,51701.5031789981,41255.3023006147,27877.1398581751,45834.9718579956,53683.7317711230,12378.6301244920,15187.9911942145,73976.8543581612,62485.1036916767,77842.4308967559,28191.1422185855,20076.4930889033,87034.5494476023,60811.7254107614,70524.9966533649,44602.4156958763,68940.4434741390,71792.4106305980,17657.0150861496,75696.3170552492,82191.5637753563,68972.2825787081,13518.3375592996,14566.8007365908,64289.9038934848,44548.5737396510,27080.8644437682,83023.2960726975,39264.8123017484,28431.7179377022,56162.4227673542,38669.7523641992,20895.7995672520,26189.5131925952,18462.1508510009,86343.6556960310,9691.3653386011,46116.3181312964,56062.0269229499,82232.5248815244,13099.5337378449,86524.4271677797,32201.6407013200,51693.8824996294,29149.5564748540,65834.7610404855,27681.3516259986,53256.4986321521,76274.2144922234,17086.3978581421,9942.7634331959,82682.7603199682,51505.9537663545,29559.1874293548,32758.5106462731,52275.5036389741,14390.4063787428,65740.7665659376,29219.1221942105,55237.9783626769,91614.8278368514,37973.1474206460,56349.2534158029,65074.1058232570,59583.3146687106,55353.5519461392
132,0,0,0,0,0,0,0,0,0,0,0,0,0,0,0,0,0,0,0,0,0,0,0,0,0,0,0,0,0,0,0,0,0,0,0,0,0,0,0,0,0,0,0,0,0,0,0,0,0,0,0,0,0,0,0,0,0,0,0,0,0,0,0,0,0,0,0,0,0,0,0,0,0,0,0,0,0,0,0,0,0,0,0,0,0,0,0,0,0,0,0,0,0,0,0,0,0,0,0,0,0,0,0,0,0,0,0,0,0,0,0,0,0,0,0,0,0,0,0,0,0,0,0,0,0,0,0,0,0,0,0,0,0,0,0,0,0,0,0,0,0,0,0,0,0,0,0,0,0,0,0,0,0,0,0,0,0,0,0,0,0,0,0,0,0,0,0,0,0,0,0,0,0,0,0,0,0,0,0,0,0,0,0,0,0,0,0,0,0,0,0,0,0,0,0,0,0,0,0,0
133,59850.6979233314,85741.4671732292,99504.9114536031,55991.4375343444,15954.8115373341,99624.6671114823,97751.3299675266,53748.0528430582,66535.9760072743,56224.0655263020,23263.8959364897,55928.5872181768,32065.4190543781,72964.8002616863,83857.7878567222,80229.9901416695,46264.6896197604,31070.5145450365,62368.9654895591,78155.0033544914,76378.1227540745,38968.8776237616,51671.6043739428,13975.4865719330,71672.3211401319,65177.4016434403,12258.0954202000,42414.6460992011,39146.8177462569,93743.0374265134,68543.3605193499,70336.1411824371,51507.1935255889,40122.6276616827,27335.1424247568,86633.7612265895,21767.1457125773,64044.9454396346,39445.3088006603,70395.0972039380,87215.8989881312,53844.5585276287,24786.6052680568,59221.7586402464,44170.8962877454,75471.7514537883,53600.7486683229,58735.2428579338,51662.0153142136,11531.6018347042,67680.4502028972,88168.9858358487,23218.9216317969,83933.3966633018,80405.6369161518,51034.8621489291,3171.1398729459,14996.4576202882,21488.6878998546,28236.6894261711,35545.2578729556,73732.3041994160,44895.3624937539,65166.3790618587,42723.4446598259,63202.3612903587,64993.4396670648,93913.6332133440,88375.8653926527,63418.6890083039,68088.6176769686,59249.1893475743,32712.2858048016,65630.8582670256,40558.0157177377,36893.3645289754,76529.9312446690,56100.9526261584,41330.0564220508,50499.3557595057,58790.5062084020,94860.8949231368,32335.8730151405,19007.5475833365,30939.6077619754,50968.8873240914,79598.6235708085,83240.0427104595,45408.8306543153,78947.6483722448,76846.2618868071,90032.1388523321,95990.3819959380,13258.0577831897,22861.2250524608,67972.8521969551,27295.2221094833,86328.2111816880,78989.8126480475,7687.8157336383,32216.7289103927,71226.9134656097,82489.7048443458,51262.4741382721,30435.8697072114,57177.4741151675,61211.2444228902,57543.2396737078,58260.5983840645,72049.5872722341,42042.8516677657,43266.7116191950,58051.5545536018,51390.0267147969,68856.0024889471,20319.9727733117,22637.3609889948,59021.1939284599,14152.1333977455,63278.0358647958,29756.9391460643,64793.1985222711,46507.9444677536,51556.0164021658,57733.1620628797,49995.7672067864,71764.1773776303,60690.5627970809,54202.8241172985,86483.3970549398,19732.8744020866,73849.6651659120,44986.7430976594,8948.0903428063,60054.9340635628,38152.9798653098,36597.7843828374,46144.8714222236,61416.4856575116,16325.3069878764,4948.0872050263,77973.7583715536,66168.0929712219,83046.6348176165,35837.2679403844,17079.8022236826,85640.3035171409,56106.3907809428,70589.4980225842,52036.6727167222,65986.4535673401,77657.9930547425,10363.7671783573,83319.1171451538,89219.0352886134,75932.3341138428,17077.0227237938,10908.2969051026,69151.8046073911,46584.7366535424,28014.1195069470,82343.1174782416,47511.7225354474,34314.2516746126,57172.4511463656,43256.6267821911,20565.1217774256,34930.3814208693,27244.4088505562,93967.5257926477,7787.1801423718,44785.5714248147,62981.8764223037,87094.5436723819,21782.6377488907,92851.4940907526,28375.5245419703,60473.0723218303,38036.0889666539,67732.1841643750,35776.1728536945,58199.4776373696,83557.9162692187,24658.2526177680,789.9353760267,90538.9417993242,52026.9472622246,35507.8131701683,40393.7302628591,61156.9314282855,20311.9644078003,71583.8226096831,37562.6110380645,57947.8535598329,99522.0663327878,46595.2377378720,56266.0876995875,71784.8930253052,64920.8665416003,59619.7019044155
134,65028.3323650710,80797.3387089432,99763.5066827296,59030.2964581755,11813.1318450104,102955.5938160484,95015.3326427919,55459.2932722088,71857.0904142765,53265.7447821639,28449.3825043311,50482.1675061701,36327.0455351280,72185.0541232266,85677.0839015674,76416.4031876050,51830.2698900465,31579.4773680584,57826.9711000397,81273.8104071261,74007.0529946325,34847.9652360269,50950.6681785448,9435.1907163181,72406.6371218914,70739.1597185613,16213.1076949922,47663.7012821243,37171.3166817954,96292.6107338937,70796.6552954071,65195.5955433225,56081.4718315578,45362.4557902291,32835.2166546951,87444.4505796233,24870.9211406605,62347.4929519841,42194.3042071669,67186.2431995610,84030.6072498946,59033.3733507163,22949.7847258609,59616.2474414589,44831.0303381520,70939.9974268571,59078.3083661201,64251.2675716453,47609.3800212752,16969.1614135480,63740.7179753167,85831.6287281259,25847.1679354280,87579.7428748049,80567.3233891258,49097.9733458418,2713.7025299858,15070.1163733184,26355.4284023817,23957.2722075787,41097.9919015456,75280.8629053983,41766.5481800564,70000.9768369488,46945.6007174983,64435.6824758454,62443.4228226634,95835.8514056596,91511.8267194675,68853.4229859507,71052.7471896174,54079.2504493607,37812.4214487426,65367.6868461268,46082.6262539944,38514.1809170427,71612.7678180940,61667.6149273597,40532.0462019465,55569.9815709669,55144.3132821019,98520.6654819265,29527.9443137694,24571.0997738049,34117.1155138328,56400.8650807850,76708.9104723139,85957.8776530551,47421.6570529629,80013.4781544690,79176.7537593911,91498.6061109325,98947.6866027757,17159.2656010969,23448.7716087077,63121.9094826783,31308.7243249065,88604.5857300851,75625.2013278310,10063.9558782761,30925.0821314923,69860.1290125104,77807.7312994756,52237.5638623401,35848.3422148756,55883.9239418963,63311.4131643959,62384.4780122880,56024.6540954573,72204.7538321862,47534.2852598841,48140.8676026185,63427.0872285742,51474.6264322546,64489.8069592406,24737.9946510838,19261.3813744896,58395.2809367541,19416.9969710354,60146.0699460608,31520.1135076599,63689.1757704425,51954.3301495316,48082.8257021106,52923.4760073759,47355.3163990156,69013.5753906484,56577.5756068523,59516.1187613554,86843.8621175366,23580.5358467305,70181.4699936215,41117.7978657244,10910.7105118064,65585.4211317507,34852.1517092419,41275.0365168825,44740.8816609973,66982.7534831815,18644.8353649350,203.9281919389,78576.0886048793,66646.7679015350,84461.4535652031,39489.2595443614,14932.3674493463,82857.4632905468,51723.1954153210,68745.8142278664,57587.1439472324,62449.6606214677,79583.2965020130,5311.3343199842,86646.6364510238,92009.5952271932,78715.8255369017,22208.5700206733,9475.3869580053,70408.3556140171,46249.9655567078,27566.0271604279,79985.1763888417,53055.9661959316,36746.0231712276,60649.0313732588,44632.7803111707,19844.5212839316,40300.7125924468,32070.8460323828,97268.6215786273,12359.3024738066,42408.8815011086,65800.5062761712,88246.0105645215,27178.9496930011,95064.7497049560,24901.1120444572,65812.0924949700,43116.6155100216,67040.6642846135,41331.9519689628,59607.5084066214,86584.1339686445,30227.3330287953,5813.3704455335,94067.9419841616,50656.2744430395,40868.6008188612,45960.2054453690,66153.5635289445,25777.2676095361,73526.5974182248,41798.7805694415,57874.1383365591,103083.4131504795,51091.6809234155,54470.6672608742,74387.6499719446,66544.4456659291,60551.4088329680
135,0,0,0,0,0,0,0,0,0,0,0,0,0,0,0,0,0,0,0,0,0,0,0,0,0,0,0,0,0,0,0,0,0,0,0,0,0,0,0,0,0,0,0,0,0,0,0,0,0,0,0,0,0,0,0,0,0,0,0,0,0,0,0,0,0,0,0,0,0,0,0,0,0,0,0,0,0,0,0,0,0,0,0,0,0,0,0,0,0,0,0,0,0,0,0,0,0,0,0,0,0,0,0,0,0,0,0,0,0,0,0,0,0,0,0,0,0,0,0,0,0,0,0,0,0,0,0,0,0,0,0,0,0,0,0,0,0,0,0,0,0,0,0,0,0,0,0,0,0,0,0,0,0,0,0,0,0,0,0,0,0,0,0,0,0,0,0,0,0,0,0,0,0,0,0,0,0,0,0,0,0,0,0,0,0,0,0,0,0,0,0,0,0,0,0,0,0,0,0,0
136,47826.3022489264,105686.7176397241,108373.2732154686,41779.6965650796,35735.8138191507,97060.9509357773,114385.6187779467,59663.3636995389,46634.9871731516,73776.4487392339,488.3315582989,75650.6165764339,29943.5402682654,85401.8629585603,87907.6575914853,98941.7073582201,28356.5047145835,42828.3555632657,82052.9886085086,77221.8910009936,92483.5931399752,58370.8813193803,64732.0413069982,18428.6254375985,79829.5419601815,47896.7862129467,20696.4397948380,30986.4293303439,55464.3299317750,94684.8658623661,71596.0306278295,90323.8293122802,44581.3070846131,20143.3700298722,14918.3508511805,94061.4773399312,14268.7559695139,78932.9054649012,43031.6460128696,88189.4657513641,104818.1232234645,33855.9855734542,41810.2148738711,68948.8326528054,54118.5348755111,95117.5660282995,38484.4055281453,39644.5040324178,70877.6519587654,8667.2623883520,86644.1785983801,104048.0118430838,30661.7467106145,80348.3723858544,90017.9179213580,66807.5510957480,24482.8174206881,30733.7505083720,19153.3934316516,47892.3639272038,17569.5011079155,79119.6607893914,62943.8004860346,55581.1039230636,38916.3581325427,70138.8527580864,81642.9874776155,97284.3155160071,87001.5198193383,48552.2315956867,68292.6453323130,79232.3266317102,24354.7555781712,76927.6786525774,25325.0930787735,44773.2493083261,96466.0904718571,38729.0970456499,55152.5723719918,40001.4233042655,77405.4427864232,90878.4764545498,50290.4028302077,8577.9169315885,34322.9387309420,31376.6110458355,96709.2391586986,83824.4238850278,50997.7429364705,85777.3562532813,79227.3632786925,95156.5912792669,95171.7830993836,11053.2912345050,35808.4260327866,87879.5837024160,16269.5204409417,88576.3629948865,96977.1041148435,16660.2368259797,47708.5681016180,85173.4341363382,102263.0638873578,59737.6982062710,21263.6812704610,71358.0230622527,65243.5797791721,48335.5352469454,74428.4019175953,81941.1561348678,22892.4505987379,35083.9807379262,38258.0341334215,62410.1920701105,88345.4244727105,9141.9385171831,41659.4245473695,71523.6281945160,14074.4371930650,81022.5640325912,38330.2469550903,78279.4429686233,32268.1787155760,70002.3682551798,77626.1429220422,67124.6491981381,88699.3312284618,79919.7567898258,41148.8571973195,95332.1625263471,23971.7027435849,92375.0201064787,64045.9619067171,24264.2593429163,43755.4726092258,56600.9505260812,30873.6482126741,61012.8990032686,43253.2187333635,27171.1579212961,23969.3723467647,86321.1856500056,75328.4381475177,88560.8623884256,36119.1650503717,35262.8928746879,102478.9280608263,75658.8665768752,85653.6146175769,33502.6980741229,84367.8018600729,81540.4221300456,30351.7533990952,81254.3124654407,89302.7268402922,76527.6753973542,3867.9875585394,29367.5091643443,75728.0128805726,58981.0532123436,42294.9800035388,98338.4809772538,31319.6930255929,39882.9643142944,41384.5958866625,51166.6794670863,36382.6985003601,23073.7719703581,22766.3391763150,91687.9430834655,13166.2589437674,61597.4036407046,64089.7463550027,93385.0134830951,13829.5919768679,95147.7111599110,47295.3460118698,46839.9215492438,28854.0706873031,80093.3694062820,20017.4594146854,64840.1511510130,82825.2303742466,19479.0539634953,19828.2376730774,87303.4933913963,66571.4544148845,15724.6872282712,22767.2097157759,50574.6768733071,5943.2382131589,75654.4513496505,34466.8453504922,69049.9259883442,95891.1025311284,40654.3137901307,71582.0768338792,73307.1359636317,70451.8674629638,67710.6075335514
137,0,0,0,0,0,0,0,0,0,0,0,0,0,0,0,0,0,0,0,0,0,0,0,0,0,0,0,0,0,0,0,0,0,0,0,0,0,0,0,0,0,0,0,0,0,0,0,0,0,0,0,0,0,0,0,0,0,0,0,0,0,0,0,0,0,0,0,0,0,0,0,0,0,0,0,0,0,0,0,0,0,0,0,0,0,0,0,0,0,0,0,0,0,0,0,0,0,0,0,0,0,0,0,0,0,0,0,0,0,0,0,0,0,0,0,0,0,0,0,0,0,0,0,0,0,0,0,0,0,0,0,0,0,0,0,0,0,0,0,0,0,0,0,0,0,0,0,0,0,0,0,0,0,0,0,0,0,0,0,0,0,0,0,0,0,0,0,0,0,0,0,0,0,0,0,0,0,0,0,0,0,0,0,0,0,0,0,0,0,0,0,0,0,0,0,0,0,0,0,0
138,0,0,0,0,0,0,0,0,0,0,0,0,0,0,0,0,0,0,0,0,0,0,0,0,0,0,0,0,0,0,0,0,0,0,0,0,0,0,0,0,0,0,0,0,0,0,0,0,0,0,0,0,0,0,0,0,0,0,0,0,0,0,0,0,0,0,0,0,0,0,0,0,0,0,0,0,0,0,0,0,0,0,0,0,0,0,0,0,0,0,0,0,0,0,0,0,0,0,0,0,0,0,0,0,0,0,0,0,0,0,0,0,0,0,0,0,0,0,0,0,0,0,0,0,0,0,0,0,0,0,0,0,0,0,0,0,0,0,0,0,0,0,0,0,0,0,0,0,0,0,0,0,0,0,0,0,0,0,0,0,0,0,0,0,0,0,0,0,0,0,0,0,0,0,0,0,0,0,0,0,0,0,0,0,0,0,0,0,0,0,0,0,0,0,0,0,0,0,0,0
139,45630.2584065845,99152.9111223764,99269.1866407443,51047.4405653604,29418.0993604178,90650.2590359726,105472.1236495441,50786.3591053252,52717.4571220397,65260.1241075206,12133.1645604132,70731.6341177982,22366.3086278707,76085.0913683555,79544.4910134791,90869.8049394871,31155.9218011342,33552.6329343892,74966.1417420645,70138.8007339981,83497.9785003024,51096.9674848538,55454.0945823217,17467.0189167297,70746.2638769259,49932.2979734625,11744.5030641471,28130.8659304749,46706.7940043920,87133.9982074638,63364.9055953037,84311.6757970963,39465.3767921698,27135.1289385193,12254.3131036899,85111.8638527335,20950.0970910359,69784.3359587587,34362.7131763746,79700.3187694212,96206.9575136237,40780.1506461525,33478.4450898975,59695.1274706017,44820.1905767108,87918.2136201959,38497.1032673613,43971.8409719344,63312.6445125967,11409.8874994083,78788.2037493630,94996.8215752847,21353.0781209185,74221.2757636305,80812.7608145143,57846.1973885797,18796.1035324905,22425.7403314773,10826.9808484308,41075.5549200094,20618.3900968377,70448.4190819398,54707.8919101254,52001.4506129511,32298.0220695763,61174.4075585058,72812.9251961825,89113.1572215143,80126.4956489294,48412.1597317756,60785.8103353084,73351.2670113774,19324.0014420892,67616.7557098915,25354.5453568545,35550.4254612778,89917.9204629004,40870.8580763527,45968.0456498250,36736.2064178548,69364.4432382175,84968.3664481713,42160.0324196497,6439.6193578443,25499.8258697867,36728.0119611752,87958.5390165385,76319.7435483999,42094.6781144855,76891.2441389302,71208.6995129685,86600.0442961042,88157.6870705628,13889.4920995667,26725.3890016289,81252.0344401518,21572.3393923208,80642.6839007506,88538.0714228797,10800.0725969088,38848.2037326501,75918.8538204291,95256.7714729734,50549.5502264273,16773.3382147233,62149.5865423917,56750.0927064705,44458.0599572839,65513.1532191969,72701.4286904264,27536.5093522663,30381.8147498835,44040.8980886218,53095.3293905472,80965.5544889080,14733.8122687295,34334.6775605364,62214.1247765404,3251.2259334792,72543.0303830512,29029.1958367491,69003.6558922062,31508.4618893306,61911.0132650565,71001.2543498658,58503.7501900928,79921.4206738515,72311.9877036727,39585.3770772882,86208.6341579777,14719.5655287058,84215.1192993190,56403.5927628626,16457.3121600363,44830.7753577535,48632.4693489011,24792.7360243958,51927.7235390365,46283.1069023769,18083.4743074130,20937.9629292712,77233.7012555799,66131.9040406529,79906.4028570433,28047.6817293489,27640.9768550367,93638.6203752934,68419.6180789803,76512.3172176077,37061.1247111003,76161.8388177864,73183.1202735368,24989.5337725950,74578.6878478488,81977.2637483002,68972.4771435294,8678.0253367060,22242.1251439420,66841.7749762758,49683.0014039642,33288.9847180063,89318.8222133204,32270.2742347777,30842.8183871989,50700.6722264334,41984.2506878105,27841.0212532160,20292.8271229732,15641.4313502106,85149.3573874517,11778.9649996522,52920.1755596729,56286.3151279491,84610.1109138908,13919.6165052606,87231.8875744817,39766.7452497268,45746.7179063880,24512.6317322908,70777.0255600493,20527.0187527950,55889.5342848261,75715.7831327678,19049.1849606622,15803.8953205413,81088.0245087268,57417.9121808233,21980.2252413176,25282.7278324212,47510.6221262422,13713.5465393284,67224.1086656386,27430.7953460567,59738.1312165396,89870.5533466758,34989.8660577922,62518.0471373090,65470.7989986539,61709.3758930713,58592.9940876854
140,0,0,0,0,0,0,0,0,0,0,0,0,0,0,0,0,0,0,0,0,0,0,0,0,0,0,0,0,0,0,0,0,0,0,0,0,0,0,0,0,0,0,0,0,0,0,0,0,0,0,0,0,0,0,0,0,0,0,0,0,0,0,0,0,0,0,0,0,0,0,0,0,0,0,0,0,0,0,0,0,0,0,0,0,0,0,0,0,0,0,0,0,0,0,0,0,0,0,0,0,0,0,0,0,0,0,0,0,0,0,0,0,0,0,0,0,0,0,0,0,0,0,0,0,0,0,0,0,0,0,0,0,0,0,0,0,0,0,0,0,0,0,0,0,0,0,0,0,0,0,0,0,0,0,0,0,0,0,0,0,0,0,0,0,0,0,0,0,0,0,0,0,0,0,0,0,0,0,0,0,0,0,0,0,0,0,0,0,0,0,0,0,0,0,0,0,0,0,0,0
141,52599.4618282307,80353.0018443838,72832.0440584439,79124.6592969428,23699.3275070991,77418.2422770517,77972.0437750945,27605.4942089306,76677.8090061597,39848.5340142397,40506.4829742080,59680.8072333460,21121.7913489332,47810.8712750925,57807.3281619463,66552.6949828928,51897.3911032416,8324.8203437430,55188.6146241550,55437.9057841867,55868.9251732167,32946.3018173965,27060.0790584480,34344.1445958122,44866.5056860414,66460.5871149885,17432.0721039279,38664.9016391624,21095.2261782064,69109.3887436475,43360.3102076162,68134.1796926484,38809.1590043817,53755.3558015559,32628.2661080694,59827.4052482952,46480.6210820340,41680.8648226856,16997.3295177588,53997.4047233603,69795.6534875590,66566.7596842239,14118.1254472008,32571.4473447336,17441.2496787487,67052.2359052125,52494.0656078869,65533.4331314185,42339.4031559740,30829.2182029018,55682.0254766320,67108.1288020256,8938.6825561611,63328.4786220442,53840.1189670388,30609.9254953638,24255.0661270097,13051.3669325535,21522.2849166684,27536.0452867964,44047.3265956109,47341.4244289029,31280.3304919834,53530.4758522599,28521.7081574383,36528.4611343152,45867.2291619182,68005.5479106273,65572.3129303198,60215.9217111612,45001.0745635649,58454.0956046055,29510.7835383498,39665.2665247809,42989.5982279978,10760.0328122854,71440.0110046866,58819.3683257366,17892.3751661321,42971.7666946716,45888.1836322422,74113.5586774092,21176.2458719588,30371.2601645334,12979.0398101423,60578.3944356659,61128.1326115082,59134.9111856404,19970.6460555587,52197.6201113095,51781.4245510647,63556.4379974658,72502.9248548169,37675.2880943622,5145.8165550057,62916.4189610270,49391.6666789484,61093.4537582923,62864.6261795850,25404.0911827524,13487.3925465499,47545.2138858114,74851.1026092206,24463.5935577407,43533.7266828082,33889.3471038764,35748.4073492642,46639.3465917214,38333.2540851208,45523.6107944393,51493.5454749799,34725.4315218768,67985.1325677396,25151.0054367744,59687.8597582878,42107.0178863822,20908.0582464419,33873.5652959419,23623.6496332554,47054.7593780239,9334.4547940789,40609.8168758779,45616.1635958092,38634.2033561210,53377.2873061323,32883.3712053828,53081.3220074311,50538.1307863342,49614.3193635901,59775.1923560671,14560.7559880288,59715.5114070683,35741.8138463594,17864.1980684526,59988.4378149616,27344.4864895950,27688.9193627651,24230.8471546500,65241.0172178608,11099.9066685990,31399.6733073613,51185.8397510094,39441.6286229593,56522.7519455953,19192.5748070258,16881.5406919840,66442.5564130501,48459.3252311524,48408.7506868165,58095.6979832305,51709.0782407360,51784.3883231145,26011.1904180017,61323.3390707431,65274.8791339343,52104.6902720516,36435.2279660753,19045.0588909226,42497.8108475502,21301.4836605900,6559.3536818154,61548.0450126346,49588.7286999379,11214.3149086322,79048.2407427604,16690.9506121199,10660.3352556094,34955.8220332977,23393.1790602912,71711.2204721314,32301.4800985251,27310.7751269652,39498.7103866582,60388.2261658534,27487.0251695483,67463.2554706395,22984.8190542980,55640.5957848549,33013.1966538466,42499.6478543182,40711.1092508264,31664.2560388968,60428.2316999822,34528.9693877041,28335.8652657177,69271.6297360983,29361.3096976945,48371.0917126090,46851.3780258281,51550.9886999202,35422.8126111363,45757.4530191469,24621.8815724675,31816.3643951369,78263.7873070468,33920.9632369193,34765.5295746328,47469.7571977171,38625.7757017031,32819.1028866659
142,0,0,0,0,0,0,0,0,0,0,0,0,0,0,0,0,0,0,0,0,0,0,0,0,0,0,0,0,0,0,0,0,0,0,0,0,0,0,0,0,0,0,0,0,0,0,0,0,0,0,0,0,0,0,0,0,0,0,0,0,0,0,0,0,0,0,0,0,0,0,0,0,0,0,0,0,0,0,0,0,0,0,0,0,0,0,0,0,0,0,0,0,0,0,0,0,0,0,0,0,0,0,0,0,0,0,0,0,0,0,0,0,0,0,0,0,0,0,0,0,0,0,0,0,0,0,0,0,0,0,0,0,0,0,0,0,0,0,0,0,0,0,0,0,0,0,0,0,0,0,0,0,0,0,0,0,0,0,0,0,0,0,0,0,0,0,0,0,0,0,0,0,0,0,0,0,0,0,0,0,0,0,0,0,0,0,0,0,0,0,0,0,0,0,0,0,0,0,0,0
143,0,0,0,0,0,0,0,0,0,0,0,0,0,0,0,0,0,0,0,0,0,0,0,0,0,0,0,0,0,0,0,0,0,0,0,0,0,0,0,0,0,0,0,0,0,0,0,0,0,0,0,0,0,0,0,0,0,0,0,0,0,0,0,0,0,0,0,0,0,0,0,0,0,0,0,0,0,0,0,0,0,0,0,0,0,0,0,0,0,0,0,0,0,0,0,0,0,0,0,0,0,0,0,0,0,0,0,0,0,0,0,0,0,0,0,0,0,0,0,0,0,0,0,0,0,0,0,0,0,0,0,0,0,0,0,0,0,0,0,0,0,0,0,0,0,0,0,0,0,0,0,0,0,0,0,0,0,0,0,0,0,0,0,0,0,0,0,0,0,0,0,0,0,0,0,0,0,0,0,0,0,0,0,0,0,0,0,0,0,0,0,0,0,0,0,0,0,0,0,0
144,0,0,0,0,0,0,0,0,0,0,0,0,0,0,0,0,0,0,0,0,0,0,0,0,0,0,0,0,0,0,0,0,0,0,0,0,0,0,0,0,0,0,0,0,0,0,0,0,0,0,0,0,0,0,0,0,0,0,0,0,0,0,0,0,0,0,0,0,0,0,0,0,0,0,0,0,0,0,0,0,0,0,0,0,0,0,0,0,0,0,0,0,0,0,0,0,0,0,0,0,0,0,0,0,0,0,0,0,0,0,0,0,0,0,0,0,0,0,0,0,0,0,0,0,0,0,0,0,0,0,0,0,0,0,0,0,0,0,0,0,0,0,0,0,0,0,0,0,0,0,0,0,0,0,0,0,0,0,0,0,0,0,0,0,0,0,0,0,0,0,0,0,0,0,0,0,0,0,0,0,0,0,0,0,0,0,0,0,0,0,0,0,0,0,0,0,0,0,0,0
145,0,0,0,0,0,0,0,0,0,0,0,0,0,0,0,0,0,0,0,0,0,0,0,0,0,0,0,0,0,0,0,0,0,0,0,0,0,0,0,0,0,0,0,0,0,0,0,0,0,0,0,0,0,0,0,0,0,0,0,0,0,0,0,0,0,0,0,0,0,0,0,0,0,0,0,0,0,0,0,0,0,0,0,0,0,0,0,0,0,0,0,0,0,0,0,0,0,0,0,0,0,0,0,0,0,0,0,0,0,0,0,0,0,0,0,0,0,0,0,0,0,0,0,0,0,0,0,0,0,0,0,0,0,0,0,0,0,0,0,0,0,0,0,0,0,0,0,0,0,0,0,0,0,0,0,0,0,0,0,0,0,0,0,0,0,0,0,0,0,0,0,0,0,0,0,0,0,0,0,0,0,0,0,0,0,0,0,0,0,0,0,0,0,0,0,0,0,0,0,0
146,0,0,0,0,0,0,0,0,0,0,0,0,0,0,0,0,0,0,0,0,0,0,0,0,0,0,0,0,0,0,0,0,0,0,0,0,0,0,0,0,0,0,0,0,0,0,0,0,0,0,0,0,0,0,0,0,0,0,0,0,0,0,0,0,0,0,0,0,0,0,0,0,0,0,0,0,0,0,0,0,0,0,0,0,0,0,0,0,0,0,0,0,0,0,0,0,0,0,0,0,0,0,0,0,0,0,0,0,0,0,0,0,0,0,0,0,0,0,0,0,0,0,0,0,0,0,0,0,0,0,0,0,0,0,0,0,0,0,0,0,0,0,0,0,0,0,0,0,0,0,0,0,0,0,0,0,0,0,0,0,0,0,0,0,0,0,0,0,0,0,0,0,0,0,0,0,0,0,0,0,0,0,0,0,0,0,0,0,0,0,0,0,0,0,0,0,0,0,0,0
147,0,0,0,0,0,0,0,0,0,0,0,0,0,0,0,0,0,0,0,0,0,0,0,0,0,0,0,0,0,0,0,0,0,0,0,0,0,0,0,0,0,0,0,0,0,0,0,0,0,0,0,0,0,0,0,0,0,0,0,0,0,0,0,0,0,0,0,0,0,0,0,0,0,0,0,0,0,0,0,0,0,0,0,0,0,0,0,0,0,0,0,0,0,0,0,0,0,0,0,0,0,0,0,0,0,0,0,0,0,0,0,0,0,0,0,0,0,0,0,0,0,0,0,0,0,0,0,0,0,0,0,0,0,0,0,0,0,0,0,0,0,0,0,0,0,0,0,0,0,0,0,0,0,0,0,0,0,0,0,0,0,0,0,0,0,0,0,0,0,0,0,0,0,0,0,0,0,0,0,0,0,0,0,0,0,0,0,0,0,0,0,0,0,0,0,0,0,0,0,0
148,51912.2074797640,90280.6910328094,95438.6529970564,56650.0977141361,20578.8160338634,92284.8504246637,98017.8534415635,48240.6819974977,61576.8976962262,57241.1781896469,19790.1013157933,62077.8125001083,24247.3899846537,70469.8765007885,78004.5414050798,82463.1246796101,39800.6792287969,27734.0029342911,66153.1174858248,71031.2944154743,76210.9938767815,42308.7373371348,49390.0878913535,13587.6455552567,67175.3551211805,58214.1014115776,4622.2172213132,34536.5263234881,39038.3380868509,87100.4045149899,62299.2945799281,75447.5701324852,43499.9449853648,35788.1742056726,20060.2327018287,81941.2742460114,23641.8671509897,62981.5737954601,32950.0876166684,71648.9547107404,88293.8917568498,49502.8189362795,25267.8110921197,55291.8978070229,40158.6736138159,79135.2134286218,46143.6168940808,52784.7806108316,54628.6239330452,8364.5711667618,70247.2557599170,87855.9901133153,17413.5196156385,76380.7904506599,76573.2938960559,50546.8244476818,10387.7113196130,14199.9051539154,13445.1316214917,32204.9605397681,29422.1144258744,68238.3429222011,46412.5244223567,57120.1843252755,34884.6606259567,58165.5124587705,65230.0936819250,87909.8369991945,81213.3851385531,55829.6971720950,61137.3505787794,64503.6865516889,24719.4379456917,62500.1336406567,33339.7158203896,31818.3346589527,81045.4104960037,49260.3681916283,39418.4167956521,42498.8393730146,60929.6077819850,87285.1877265913,33771.9173565147,12529.1114359528,24135.2151161285,45605.1470772964,80237.5992154569,76465.9863007097,39661.4379774922,73990.1692580614,70479.2370189708,84547.0127405153,88966.7311001417,14885.3133712800,20022.2241479101,72382.7031901838,26960.4113442224,79979.5686201880,80434.0672399442,3947.7333359726,31396.8248129837,69590.2125393968,86436.1011423134,46698.6681477904,25525.9803901871,55619.1265109489,55183.4954062206,49497.0368948784,58099.4162656739,68293.1762607679,36409.6205701945,35220.9676618066,52911.1472792362,47997.1354698725,72228.6354094725,19597.1441903484,25533.5022961260,56478.9645811905,7752.2184946628,64481.9991248566,24760.2628213501,62850.0284412023,38964.7333757822,53507.0430864634,62129.8002599252,50616.5319396947,72246.7199357403,63651.0955673427,46398.7286184078,82354.8917869297,12523.4329745763,75868.8154754412,47744.9429160300,7770.7569131383,52822.5716173565,40136.6175714637,28574.7517245754,44975.2265694398,54862.5855582277,11754.1874757195,14395.9035094015,73594.2033852063,62047.4373859219,77653.5898742960,28471.0734248655,18919.9666475820,86058.3668248067,59636.8576709725,69667.7815374438,45795.1150366352,67848.6815974440,71717.9251179495,16514.7042464683,76008.8039381915,82360.4416753353,69120.2477828725,14456.7886132132,13372.8135165900,64034.3999615613,43871.3571873235,26230.6335170707,82105.0470247654,40404.4612409922,28296.1874665211,57013.9709076717,38333.1806567009,19897.8344246883,27228.3769014101,19201.5301359111,86659.4498993824,9808.0390425140,45116.2834253156,56192.7843605566,81989.0805329126,14180.9571359196,86546.1269395716,31040.5165024900,52703.7306844314,30036.1640036263,65168.5486911538,28843.3639337434,53003.1263868376,76501.0274017160,18283.7909509708,9210.0695112282,83061.4834278051,50675.0918947903,30736.7479452572,33946.9373442861,53132.8730204317,15538.5165085219,65658.0553247364,29733.5948406640,54660.3986046101,92010.1490646871,38617.5788490917,55466.1835038450,65164.8445272322,59404.1334936912,54994.5135439142
149,0,0,0,0,0,0,0,0,0,0,0,0,0,0,0,0,0,0,0,0,0,0,0,0,0,0,0,0,0,0,0,0,0,0,0,0,0,0,0,0,0,0,0,0,0,0,0,0,0,0,0,0,0,0,0,0,0,0,0,0,0,0,0,0,0,0,0,0,0,0,0,0,0,0,0,0,0,0,0,0,0,0,0,0,0,0,0,0,0,0,0,0,0,0,0,0,0,0,0,0,0,0,0,0,0,0,0,0,0,0,0,0,0,0,0,0,0,0,0,0,0,0,0,0,0,0,0,0,0,0,0,0,0,0,0,0,0,0,0,0,0,0,0,0,0,0,0,0,0,0,0,0,0,0,0,0,0,0,0,0,0,0,0,0,0,0,0,0,0,0,0,0,0,0,0,0,0,0,0,0,0,0,0,0,0,0,0,0,0,0,0,0,0,0,0,0,0,0,0,0
150,56657.6529353248,106432.8849823510,116624.4760059601,69328.9285053975,37654.2041568394,106733.4476842625,119404.1830314125,68337.4071970329,48927.1447460074,78069.7564933796,9755.3252696370,74644.8693205731,39381.8692643427,92436.3837844108,97066.6962169529,102167.8877988817,34913.6265245367,49670.3979536045,83805.6022520635,86842.2469940157,97802.1998747074,60758.7140545928,71396.6234605868,17001.2586436072,88147.9947380720,54307.1651209591,27248.5595285977,40247.3454815668,60500.2636990099,104214.4317538434,80832.4278402144,90493.9617083299,54194.5515268593,22953.2485749858,24491.9088212076,102615.2062382206,3444.9358529825,84873.6351569185,51933.6826488435,92307.8750072925,109109.3823823283,35466.2327983356,46293.1063584420,76778.0115686812,61733.5194307886,96916.4028759827,46438.4618097389,44283.3808578659,73500.2527381783,13853.7794629824,89576.6098178364,109526.7323533436,38366.5550675462,90016.6232190096,98001.6298844985,72224.4972815914,26686.5403371537,35613.8329064823,28215.9966601901,49909.5828396583,24854.6073175265,88023.3470772944,66816.5791825726,64832.9092425443,48561.0754705579,78681.4838495332,86593.0164733447,106564.6954834070,96650.6905254182,56390.2328365352,77820.7225878372,79360.3681601616,34017.9166723628,84323.4353861231,33704.6911611016,52800.1318771222,97303.8288619409,45316.0147273684,61411.9955397594,49267.4353725276,80749.3394861487,100531.8635067746,54205.0818008309,17956.8773622626,43073.7086289202,35317.3665803397,101371.0699245389,93362.0334849475,59643.0256953745,94428.3146077504,88578.6860572255,104167.6778079953,104807.4992783480,8838.7073707380,42031.2541999891,88908.0446729428,3112.2259863522,97969.9399988737,100934.0733507065,20449.5298134265,53109.1465110318,91585.8613951297,103715.8756329486,67825.7252210284,17202.1405473004,77595.3247774633,74300.7181478400,57705.0449302316,79654.8265130999,89805.7534223370,28285.6276538891,44676.3241723855,41283.5114511476,69786.7271333145,90481.8584663279,2564.4401811098,44596.8286399718,78455.3166785776,21886.7357187613,85174.7258484246,46022.8804288375,84859.3397480261,40761.2579132189,73519.3776594339,78768.4028287194,71709.2657192533,93472.9391568852,82502.2903309653,49807.1551691631,103545.4936720271,32056.4863074181,95809.1790416183,66892.7381636348,28895.5016829380,50946.1131477217,60110.4709184330,40540.7072656076,66856.7270518923,48981.7411400676,33673.9015142052,23478.6104384907,94624.9898271157,83360.9279876949,97481.2145426008,45396.2736974965,38900.1197518566,107342.0454890390,77715.0694293019,91531.8731948758,39153.5603436616,87950.2621933903,90701.6374717774,31558.3867779742,90917.6588011230,98884.8640877526,86047.7815874015,8917.4641186781,32717.2370314462,84382.4019266757,65846.0162306455,48163.0094120068,103736.4653000255,38968.0989227773,48341.1148658340,70694.1304664915,59293.2395171276,41413.6667659575,32460.2196641883,32272.1391539222,101358.4806579239,14196.0849647824,66370.3204410885,73520.7352864636,102176.1449537112,23338.9150758246,104551.3750639407,50334.5909687529,55202.1052287471,38434.4683827070,87129.9665952719,28469.3846347116,73407.7951892968,92443.8532839493,19237.3504288865,21133.4291530517,96973.7333180653,72610.2326190595,20353.3445155668,29910.3290879207,59695.3310489248,13145.7633456591,84762.4891976173,44047.3836561432,76456.6879686856,105551.1118601730,50318.7156163926,77269.3123515011,82732.4217574951,79282.2065444127,75966.9313394182
151,0,0,0,0,0,0,0,0,0,0,0,0,0,0,0,0,0,0,0,0,0,0,0,0,0,0,0,0,0,0,0,0,0,0,0,0,0,0,0,0,0,0,0,0,0,0,0,0,0,0,0,0,0,0,0,0,0,0,0,0,0,0,0,0,0,0,0,0,0,0,0,0,0,0,0,0,0,0,0,0,0,0,0,0,0,0,0,0,0,0,0,0,0,0,0,0,0,0,0,0,0,0,0,0,0,0,0,0,0,0,0,0,0,0,0,0,0,0,0,0,0,0,0,0,0,0,0,0,0,0,0,0,0,0,0,0,0,0,0,0,0,0,0,0,0,0,0,0,0,0,0,0,0,0,0,0,0,0,0,0,0,0,0,0,0,0,0,0,0,0,0,0,0,0,0,0,0,0,0,0,0,0,0,0,0,0,0,0,0,0,0,0,0,0,0,0,0,0,0,0
152,55311.8896656159,98353.0593432392,108288.8286893447,43865.9382771837,28881.6150091034,101699.3874917802,110150.1330656188,60549.7075163495,54847.8970835607,68858.2331463399,11535.7876534406,67513.3552361980,33347.3871295564,83471.6624793910,89863.5575798915,93167.8155976378,37067.4943885031,40753.0718109816,75254.7679579008,81118.6995977393,88544.3112050736,51934.7059076572,62348.1917423328,9773.8472618837,79925.3101734341,56582.0669449115,18502.3899910072,38030.4449130474,51241.7285311547,97958.7971968734,73840.9727765346,82689.9780749199,50321.3902413738,28273.8811332463,21640.2485313225,94576.9881422430,11948.2250673789,75662.7627778668,44575.2278795153,83127.2377459530,99913.2205149778,41763.0274122668,37041.0948680591,68228.2289157330,53113.4134265203,88365.3042042938,46732.3020264899,48334.8800586856,64631.4292113970,5864.8883575264,80641.2753389249,100271.9198205557,30014.9525841564,85269.5036751809,89500.6667149642,62974.1997951205,17708.0746263225,26364.8938396275,21721.2637691786,41172.5478256500,26237.1980933433,80440.7420010665,57650.9744885344,62380.0710459965,43349.7271154834,70701.4117574698,77337.5492206836,99579.8695110435,91136.5440135019,56804.4241130881,71661.9646355289,71561.0816469367,30015.5040288048,75519.1351653128,33454.7624739087,44510.9437305814,89169.5326007035,47406.9977757916,52282.7800820326,46907.8394332709,71701.4306356381,96006.3564907231,45015.2707319265,13201.9762357812,35631.6951707774,39928.4994204664,92134.4396542460,87174.3118017875,51879.2601394992,86512.8133945866,81816.9436533535,96695.7473038121,99139.4713302037,5779.5086329084,32962.7576952229,80672.9975799342,14498.7557822955,91286.3492690229,91782.9403224985,11195.0137331940,43869.8551705126,82448.7687931705,95312.3678989628,59489.5988449578,19651.2800084651,68436.9787771572,67009.4277898216,54930.6139407422,70396.7932901433,81244.0568151389,31609.6984111071,41075.9034311527,46638.4172449323,61010.2807710226,81797.6091521248,7356.5617327238,35563.9787472585,69476.9040577294,14290.0917453893,75985.1275325015,37561.2426756227,75767.6489118487,40222.3030859033,64425.7313665533,70464.8519601826,62467.7173505500,84226.7099495246,73659.7309540224,48869.9503700697,95201.2788220555,24154.4954971594,86755.5366757082,57947.4749433010,19648.8659965069,52284.1361506141,50997.6996439690,35787.1932661596,57648.0648023874,51998.1262841829,24773.8712565162,15703.0021266987,86373.2333285901,74927.6603994099,89892.9585473961,38808.8084790323,29711.1450873768,98093.5050764274,69040.3497085974,82310.0874153875,42249.4151894299,78858.6470039923,83523.0282953903,23003.5600223860,85614.6711333942,92885.9712141389,79817.9112569748,8836.5775853785,23542.9619513340,76501.3757385395,56873.2257770014,38991.1367375042,94479.7807127892,39758.7769986878,40481.7596785213,44599.9874278693,51034.1908268044,32164.0063768864,30030.1483995125,26693.2413049097,96192.9992470372,6065.5335771951,57116.5577496567,67049.8577179599,94405.1697123238,18306.9009968516,97876.4060058816,41298.4991344911,54773.0760622637,35028.5597477313,78173.5717381652,28195.0499068157,65476.2384879970,86685.6854573522,17100.9537627083,12350.2814206843,92139.3365402895,63423.1740156647,24255.0563049310,31417.4440756022,57643.8529136446,10852.4192511929,77510.0787607588,38471.9740559936,67675.5961614551,100916.3508642490,45950.9045204643,68035.6342109005,76196.6351209959,71633.7313167724,67731.0334870127
153,0,0,0,0,0,0,0,0,0,0,0,0,0,0,0,0,0,0,0,0,0,0,0,0,0,0,0,0,0,0,0,0,0,0,0,0,0,0,0,0,0,0,0,0,0,0,0,0,0,0,0,0,0,0,0,0,0,0,0,0,0,0,0,0,0,0,0,0,0,0,0,0,0,0,0,0,0,0,0,0,0,0,0,0,0,0,0,0,0,0,0,0,0,0,0,0,0,0,0,0,0,0,0,0,0,0,0,0,0,0,0,0,0,0,0,0,0,0,0,0,0,0,0,0,0,0,0,0,0,0,0,0,0,0,0,0,0,0,0,0,0,0,0,0,0,0,0,0,0,0,0,0,0,0,0,0,0,0,0,0,0,0,0,0,0,0,0,0,0,0,0,0,0,0,0,0,0,0,0,0,0,0,0,0,0,0,0,0,0,0,0,0,0,0,0,0,0,0,0,0
154,0,0,0,0,0,0,0,0,0,0,0,0,0,0,0,0,0,0,0,0,0,0,0,0,0,0,0,0,0,0,0,0,0,0,0,0,0,0,0,0,0,0,0,0,0,0,0,0,0,0,0,0,0,0,0,0,0,0,0,0,0,0,0,0,0,0,0,0,0,0,0,0,0,0,0,0,0,0,0,0,0,0,0,0,0,0,0,0,0,0,0,0,0,0,0,0,0,0,0,0,0,0,0,0,0,0,0,0,0,0,0,0,0,0,0,0,0,0,0,0,0,0,0,0,0,0,0,0,0,0,0,0,0,0,0,0,0,0,0,0,0,0,0,0,0,0,0,0,0,0,0,0,0,0,0,0,0,0,0,0,0,0,0,0,0,0,0,0,0,0,0,0,0,0,0,0,0,0,0,0,0,0,0,0,0,0,0,0,0,0,0,0,0,0,0,0,0,0,0,0
155,0,0,0,0,0,0,0,0,0,0,0,0,0,0,0,0,0,0,0,0,0,0,0,0,0,0,0,0,0,0,0,0,0,0,0,0,0,0,0,0,0,0,0,0,0,0,0,0,0,0,0,0,0,0,0,0,0,0,0,0,0,0,0,0,0,0,0,0,0,0,0,0,0,0,0,0,0,0,0,0,0,0,0,0,0,0,0,0,0,0,0,0,0,0,0,0,0,0,0,0,0,0,0,0,0,0,0,0,0,0,0,0,0,0,0,0,0,0,0,0,0,0,0,0,0,0,0,0,0,0,0,0,0,0,0,0,0,0,0,0,0,0,0,0,0,0,0,0,0,0,0,0,0,0,0,0,0,0,0,0,0,0,0,0,0,0,0,0,0,0,0,0,0,0,0,0,0,0,0,0,0,0,0,0,0,0,0,0,0,0,0,0,0,0,0,0,0,0,0,0
156,0,0,0,0,0,0,0,0,0,0,0,0,0,0,0,0,0,0,0,0,0,0,0,0,0,0,0,0,0,0,0,0,0,0,0,0,0,0,0,0,0,0,0,0,0,0,0,0,0,0,0,0,0,0,0,0,0,0,0,0,0,0,0,0,0,0,0,0,0,0,0,0,0,0,0,0,0,0,0,0,0,0,0,0,0,0,0,0,0,0,0,0,0,0,0,0,0,0,0,0,0,0,0,0,0,0,0,0,0,0,0,0,0,0,0,0,0,0,0,0,0,0,0,0,0,0,0,0,0,0,0,0,0,0,0,0,0,0,0,0,0,0,0,0,0,0,0,0,0,0,0,0,0,0,0,0,0,0,0,0,0,0,0,0,0,0,0,0,0,0,0,0,0,0,0,0,0,0,0,0,0,0,0,0,0,0,0,0,0,0,0,0,0,0,0,0,0,0,0,0
157,0,0,0,0,0,0,0,0,0,0,0,0,0,0,0,0,0,0,0,0,0,0,0,0,0,0,0,0,0,0,0,0,0,0,0,0,0,0,0,0,0,0,0,0,0,0,0,0,0,0,0,0,0,0,0,0,0,0,0,0,0,0,0,0,0,0,0,0,0,0,0,0,0,0,0,0,0,0,0,0,0,0,0,0,0,0,0,0,0,0,0,0,0,0,0,0,0,0,0,0,0,0,0,0,0,0,0,0,0,0,0,0,0,0,0,0,0,0,0,0,0,0,0,0,0,0,0,0,0,0,0,0,0,0,0,0,0,0,0,0,0,0,0,0,0,0,0,0,0,0,0,0,0,0,0,0,0,0,0,0,0,0,0,0,0,0,0,0,0,0,0,0,0,0,0,0,0,0,0,0,0,0,0,0,0,0,0,0,0,0,0,0,0,0,0,0,0,0,0,0
158,0,0,0,0,0,0,0,0,0,0,0,0,0,0,0,0,0,0,0,0,0,0,0,0,0,0,0,0,0,0,0,0,0,0,0,0,0,0,0,0,0,0,0,0,0,0,0,0,0,0,0,0,0,0,0,0,0,0,0,0,0,0,0,0,0,0,0,0,0,0,0,0,0,0,0,0,0,0,0,0,0,0,0,0,0,0,0,0,0,0,0,0,0,0,0,0,0,0,0,0,0,0,0,0,0,0,0,0,0,0,0,0,0,0,0,0,0,0,0,0,0.0000000000,0,0,0,0,0,0,0,0,0,0,0,0,0,0,0,0,0,0,0,0,0,0,0,0,0,0,0,0,0,0,0,0,0,0,0,0,0,0,0,0,0,0,0,0,0,0,0,0,0,0,0,0,0,0,0,0,0,0,0,0,0,0,0,0,0,0,0,0,0,0,0,0,0,0,0,0,0,0,0
159,63676.0442003303,82524.7066131158,100204.5920466967,57626.4929821025,13332.5351938818,102379.5857665211,96290.8280178934,55416.3142155422,70104.8192279982,54579.7903863414,26696.4033503726,52227.1325001453,35363.5673045459,72921.5587078840,85618.7719172674,77940.5516503908,50151.0265871196,31872.0976828464,59491.4452648009,80768.1867794104,75182.6597091446,36419.8201700218,51652.2169287945,15557.2334094677,72688.8066637980,69107.1510459558,15292.8259193364,46270.1205203950,38207.7519661635,95992.0992317109,70586.1902980524,66941.7690355123,55006.3447318960,43609.2622542427,31277.1040569901,87710.6212686923,23407.2673371119,63336.2810673445,41787.4462209814,68569.0422876612,85413.1844476469,57281.2086675584,23903.9017103829,59993.6055500704,45108.0982907063,72604.9270914411,57539.8759113633,62529.8484856818,49175.0625072851,15235.4224230342,65288.6485834535,87002.8999290619,25437.4476917899,86882.8995706807,81029.9731161667,50140.7413322875,1853.1568802828,15380.3418138718,25131.3528648806,25550.4384323899,39401.1698132078,75305.9714814149,43113.2322545397,68816.1748503269,46008.3600622036,64554.9457541797,63659.6079228718,95747.3482790420,91003.5398470648,67347.7316919898,70597.4974828364,55827.1027982456,36492.3118094113,65948.3196022103,44501.7409636001,38475.0147816968,73336.2978710497,60022.7081412810,41240.4517939987,54270.4940320930,56624.2015872705,97821.5066438314,30772.9083707560,22938.2111002818,33546.7919234775,54658.3899092413,78017.4022625427,85595.5607751644,47270.0876621611,80195.8653941015,78944.6406531437,91557.8646982654,98505.3244914481,15524.5900149824,23680.1030696152,64835.9919893939,29689.0989486650,88394.7917618157,77047.8166708502,8520.0606533695,31753.6819098105,70762.1151435808,79498.2799427616,52426.7109820858,34104.6190545753,56754.9781039811,63147.2169307584,61194.8826808382,57154.2887126717,72664.6629248141,45805.2076901688,46931.5659133343,61677.9829096462,51937.5936432580,66123.7376344285,23049.2990679861,20622.7490666082,59076.9206514673,17999.1603431426,61507.0856546640,31416.2363240883,64512.9972291336,50439.4806076372,49518.5153520852,54630.3667351000,48583.5447297720,70284.2684558042,58159.5172358535,58087.8882469602,87248.9836741499,22741.6941797712,71671.9802212749,42639.4979353183,10537.8839507315,63998.1648196910,36233.0844837195,40148.0148441042,45630.2666111325,65304.5027557708,18289.8153441705,223.3728584819,78902.8159009113,67004.1220660305,84534.4643891619,38759.5352872643,15917.6913787576,84141.3772538230,53357.1002997458,69778.5520739762,55886.7856675842,63907.7031536316,79487.1712445013,8304.8521323493,86067.4922635496,91623.9858039718,78327.6690925143,20456.0522316474,10137.6636767484,70524.5009990385,46831.5411997306,28134.4909963725,81159.7659861838,51452.5175964220,36436.3525827203,59152.1828057811,44683.8777987276,20450.2274582422,38835.4274491365,30871.6500837009,96702.1499664530,10627.0645526802,43562.2160485818,65393.2576768749,88405.0286248422,25694.0862580954,94878.5801921223,26306.5071790109,64369.0183486302,41808.4580775826,67748.3156222074,39712.2127684560,59666.7323441919,86113.5045509296,28567.3169006576,2619.0907719550,93416.7130174097,51543.7397147819,39119.2509793486,44283.7814459955,64892.3133851831,24044.8395169952,73421.4742326252,40851.4945020412,58391.8147525368,102422.2007940359,50046.6491232544,55480.0653313760,74060.1143046078,66539.6017196178,60762.8867572840
160,53254.5410428501,97508.4276222352,105456.6570174067,46265.6921706660,27688.4623572983,98899.6385224517,108051.5116937435,57635.8467673066,55010.2375488814,66933.2787565137,11573.1036409063,67270.2511429913,30495.8174987357,80859.0200832262,86928.0093536971,91565.5830245096,36099.4679485108,38104.5164368776,74099.8753786889,78253.5607843325,86353.9130082918,50578.9389237799,59792.7773633487,10466.0579922236,77068.2363943538,55494.7967327624,15746.1297410318,35862.5387998364,49081.7661882621,95048.6200572914,70905.5798088983,82038.2969683015,47749.6448607244,28489.1502397456,19537.9780313325,91694.6783052385,13598.0946068289,73300.3641953696,41639.5927523709,81262.6362334721,98008.3128232156,42159.1801935374,35003.0125718683,65440.7796876900,50342.4150235886,87193.8881695879,45137.1546941998,47864.4507826845,63203.9997194289,5444.8290730912,79123.1012445306,98047.3654473208,27159.2824717553,82513.7646711349,86704.0652137494,60731.1378294720,16407.3125944879,24149.3946346749,18855.1500760652,39939.3129600309,25226.9175485633,77516.4635053808,55837.5504660214,60053.4705416627,40579.8851219749,67808.2552706364,75236.8575143063,96643.9566001341,88288.0030743211,55185.7956789845,68764.0293889117,70932.8928693941,27517.1510835631,72822.4309035301,31837.2999201020,41654.5232771663,88299.5780346842,46320.8836233082,49803.8267827414,44654.1923519703,70056.5737160992,93274.5536912825,43171.0668419725,10866.8289659529,32696.1983747838,39722.7628615143,90123.1540224591,84270.2856475578,48961.4651240205,83615.1484737629,78885.8376399611,93767.4977823238,96273.8017132478,5664.4035982601,30422.1260832958,79746.0379111241,16640.5522612957,88356.8988834602,89968.6912921639,9126.5215086404,41590.4760015851,79977.6738840009,94247.1761097062,56648.5806096173,19204.0999598514,65992.2123120854,64074.2913606168,52557.8568871831,68214.3306304792,78462.6638493735,31090.1079108045,38588.9825065027,46637.6652992446,58298.7989663502,80522.2849590445,9288.9159302315,34016.7778762834,66871.6256578545,11357.2523568776,74106.3147976053,34737.2964979174,73250.1083104148,38454.7057806353,62724.7120912373,69506.3460077713,60452.9352990202,82179.7081735632,72246.4629491913,46941.4015256316,92369.3129903968,21232.0642714673,85090.3220684039,56447.8723171592,17442.8544324898,50945.1309171852,49286.9061825890,33111.7293051754,55284.5043334836,51165.7293023096,22105.6781726554,15624.3680466248,83522.3146620031,72111.8046876604,86969.8533113213,35898.4952765096,27914.5369301750,96030.7125849575,67790.6645754933,79970.0925332690,41517.7811540875,77146.6591700707,80587.1217599956,22096.5576349630,82790.6574999227,89994.1382558376,76912.7351651239,7157.6412767190,21818.2635674286,73598.7542968648,54262.6589653821,36569.7203787433,92272.6526450462,38359.1198798203,37567.2683611710,46765.0810279261,48175.4345582448,29941.2692953954,27889.1089454452,23928.3829393773,93380.0400589150,5797.5534589978,55041.0513584945,64133.2985814834,91494.9550017232,15737.3705762923,94946.7610937538,39725.1583139490,52943.1684117270,32616.4248629041,75555.3500157969,26654.8022717072,62576.6410385499,83815.4339320570,15358.2257471845,11488.1365264473,89368.3358205092,61020.1322978526,24094.5502533570,30336.7001607254,55416.8250432722,9567.6776073572,74574.8104588913,35664.2179893671,64967.5562584268,98167.2669308113,43305.0872011397,65728.7287789787,73274.8532736172,68712.1550676410,64873.6349345171
161,0,0,0,0,0,0,0,0,0,0,0,0,0,0,0,0,0,0,0,0,0,0,0,0,0,0,0,0,0,0,0,0,0,0,0,0,0,0,0,0,0,0,0,0,0,0,0,0,0,0,0,0,0,0,0,0,0,0,0,0,0,0,0,0,0,0,0,0,0,0,0,0,0,0,0,0,0,0,0,0,0,0,0,0,0,0,0,0,0,0,0,0,0,0,0,0,0,0,0,0,0,0,0,0,0,0,0,0,0,0,0,0,0,0,0,0,0,0,0,0,0,0,0,0,0,0,0,0,0,0,0,0,0,0,0,0,0,0,0,0,0,0,0,0,0,0,0,0,0,0,0,0,0,0,0,0,0,0,0,0,0,0,0,0,0,0,0,0,0,0,0,0,0,0,0,0,0,0,0,0,0,0,0,0,0,0,0,0,0,0,0,0,0,0,0,0,0,0,0,0
162,0,0,0,0,0,0,0,0,0,0,0,0,0,0,0,0,0,0,0,0,0,0,0,0,0,0,0,0,0,0,0,0,0,0,0,0,0,0,0,0,0,0,0,0,0,0,0,0,0,0,0,0,0,0,0,0,0,0,0,0,0,0,0,0,0,0,0,0,0,0,0,0,0,0,0,0,0,0,0,0,0,0,0,0,0,0,0,0,0,0,0,0,0,0,0,0,0,0,0,0,0,0,0,0,0,0,0,0,0,0,0,0,0,0,0,0,0,0,0,0,0,0,0,0,0,0,0,0,0,0,0,0,0,0,0,0,0,0,0,0,0,0,0,0,0,0,0,0,0,0,0,0,0,0,0,0,0,0,0,0,0,0,0,0,0,0,0,0,0,0,0,0,0,0,0,0,0,0,0,0,0,0,0,0,0,0,0,0,0,0,0,0,0,0,0,0,0,0,0,0
163,34004.0215995057,99116.6429862972,78635.6487850177,71801.1386677042,37188.8797282948,68426.4205247012,93666.4058651390,29515.4954080066,60650.3647691651,57906.7643376445,32663.4947386134,77052.6823828036,2034.8816042478,59366.2278019625,56902.1475913958,84697.9713219700,35352.6058128675,22569.2122364925,73953.7152366635,47418.7033793627,71701.8445142843,51379.5192697777,41219.2671162651,37443.5753758616,50222.4649761037,48087.7235726205,19375.9419259262,20175.1665205052,39543.5329826046,64170.6022942141,40585.3725633858,86642.7880453097,21438.2160348413,41053.7402356758,19430.3082603712,63802.3218659410,43924.2453360817,56860.4301413509,12740.5239399969,71675.5204910616,86790.1636987323,52243.4193965032,31933.0723541675,41031.3313449914,28028.2207348714,85800.6250679167,34001.8936258642,48647.3094863520,61112.2204462225,28191.9527221792,74223.6718192039,82239.4709275885,12598.9393754156,52463.8002449545,61103.3794660069,47696.8197397627,31844.0164627446,25323.9346622054,12151.1735557615,44604.7785481864,29795.8142454915,48344.9437405499,49976.1322187302,36101.9645466998,11557.4687863482,40130.9708708784,62784.5626788277,66290.8899068096,57524.1776465195,41450.5956499177,37857.5959746251,76683.5708796994,12330.9451051695,50073.5559045756,26005.4249106601,18216.9072664567,90179.5452426958,40940.7484877347,34468.8900320367,24279.4343993585,64437.1528015081,63373.3026846324,39782.0387817454,22440.1410910546,8518.4952551843,45106.0287664015,77869.1156188989,53372.9818844042,21197.9236020693,55384.7957398141,48290.7222468946,64232.8411135233,65427.2401268299,36504.1464964160,21609.2292497325,81626.9296939060,43608.9042222492,57696.8550587789,80442.9650892559,27697.0092908283,32208.7642913560,61153.1993580875,93609.3703187628,31396.5309801019,32119.3977809006,48812.5165132184,34323.3391424344,28781.1035901338,55210.1095229163,53506.4962088856,36726.2409677624,15999.3381770026,52231.8216649857,36453.3966969105,78427.9890310032,37412.0310994377,37366.5673686792,46507.4905717330,19673.4725486388,64950.7829583441,15421.5833173650,54061.4146292106,27393.9228159908,57281.5173855480,71976.4976533733,51000.5065077227,69949.7586705359,69271.8364802569,30844.6017043349,65785.7963839709,11949.0524146926,77858.2977100785,54491.4290848092,25073.9173392039,41507.2755784508,46078.7478491591,8930.2295126860,41049.6811177507,47447.0734010623,18405.2952224672,37781.2157250045,56662.8602996934,46577.9196039005,57739.7376561559,3264.7584938006,31459.6442155530,82706.0408023516,67218.6990584010,63380.8072976820,41301.9290235400,69951.3129537363,50535.6849771419,36524.2202494267,52185.6169978622,59087.4122650741,46018.8105710090,31411.2497196783,30035.4364369787,45404.0724004040,35320.3182873633,26628.8087951461,77018.8359271238,31948.4218559184,12099.3546329952,70418.1017486522,23300.2566669331,26883.7474537258,18105.8705918768,8715.0497920059,62826.6006666496,32852.1579423901,45576.4523168639,33308.8589188254,62724.4872259117,17279.6626641778,64282.9161481438,40748.7430295432,36875.2328197871,14600.6831580413,54265.0604494588,25166.8537067052,34861.5642503329,52957.1324624027,23597.6487289473,32902.3047244818,59147.9913320640,45196.4884426977,35930.9330939260,31157.2345986473,33409.9975694151,27720.9341170412,44676.8348527794,8661.6742430814,42538.2772762297,68091.9425644955,16335.7435820830,50988.0336823073,42498.2114084332,39833.2976858329,38519.4081820441
164,0,0,0,0,0,0,0,0,0,0,0,0,0,0,0,0,0,0,0,0,0,0,0,0,0,0,0,0,0,0,0,0,0,0,0,0,0,0,0,0,0,0,0,0,0,0,0,0,0,0,0,0,0,0,0,0,0,0,0,0,0,0,0,0,0,0,0,0,0,0,0,0,0,0,0,0,0,0,0,0,0,0,0,0,0,0,0,0,0,0,0,0,0,0,0,0,0,0,0,0,0,0,0,0,0,0,0,0,0,0,0,0,0,0,0,0,0,0,0,0,0,0,0,0,0,0,0,0,0,0,0,0,0,0,0,0,0,0,0,0,0,0,0,0,0,0,0,0,0,0,0,0,0,0,0,0,0,0,0,0,0,0,0,0,0,0,0,0,0,0,0,0,0,0,0,0,0,0,0,0,0,0,0,0,0,0,0,0,0,0,0,0,0,0,0,0,0,0,0,0
165,0,0,0,0,0,0,0,0,0,0,0,0,0,0,0,0,0,0,0,0,0,0,0,0,0,0,0,0,0,0,0,0,0,0,0,0,0,0,0,0,0,0,0,0,0,0,0,0,0,0,0,0,0,0,0,0,0,0,0,0,0,0,0,0,0,0,0,0,0,0,0,0,0,0,0,0,0,0,0,0,0,0,0,0,0,0,0,0,0,0,0,0,0,0,0,0,0,0,0,0,0,0,0,0,0,0,0,0,0,0,0,0,0,0,0,0,0,0,0,0,0,0,0,0,0,0,0,0,0,0,0,0,0,0,0,0,0,0,0,0,0,0,0,0,0,0,0,0,0,0,0,0,0,0,0,0,0,0,0,0,0,0,0,0,0,0,0,0,0,0,0,0,0,0,0,0,0,0,0,0,0,0,0,0,0,0,0,0,0,0,0,0,0,0,0,0,0,0,0,0
166,0,0,0,0,0,0,0,0,0,0,0,0,0,0,0,0,0,0,0,0,0,0,0,0,0,0,0,0,0,0,0,0,0,0,0,0,0,0,0,0,0,0,0,0,0,0,0,0,0,0,0,0,0,0,0,0,0,0,0,0,0,0,0,0,0,0,0,0,0,0,0,0,0,0,0,0,0,0,0,0,0,0,0,0,0,0,0,0,0,0,0,0,0,0,0,0,0,0,0,0,0,0,0,0,0,0,0,0,0,0,0,0,0,0,0,0,0,0,0,0,0,0,0,0,0,0,0,0,0,0,0,0,0,0,0,0,0,0,0,0,0,0,0,0,0,0,0,0,0,0,0,0,0,0,0,0,0,0,0,0,0,0,0,0,0,0,0,0,0,0,0,0,0,0,0,0,0,0,0,0,0,0,0,0,0,0,0,0,0,0,0,0,0,0,0,0,0,0,0,0
167,62240.4611847439,73083.1838249341,82646.5247595690,74344.2965634645,10393.1972376046,90773.3938080450,79529.5172742234,40331.0797027930,79540.1038508520,38415.0735483406,38666.4187003647,48500.9843830462,30455.3749805783,54876.7265392663,70301.0601095814,63648.4023788127,56260.4143166579,15367.5842286394,48344.9873607804,68792.4819451841,57963.0829647169,24545.5890270457,33628.6064853031,25764.4520064140,55714.1956338423,73112.5786976157,15896.6536061027,46435.7176302011,20665.5971783859,82214.3928283100,56412.3502361410,59272.6115658526,49934.2260318957,54367.3294507529,35918.2966212100,70757.2009569996,40241.2463155685,45506.1102891608,30142.3631656532,52797.6126626714,69488.5562438542,67967.6027561946,8067.2701857969,42701.9475453024,28350.9947080093,61095.0509550179,59769.1995995309,69761.4132630392,36267.1187946185,27031.0021157518,51563.1277736460,69723.5429871577,16067.2513048369,76587.1488714742,63429.2723245187,32510.5712926144,14424.7478738433,3646.4375558832,25488.2240905802,16138.2637615019,46735.6763260648,59570.7801613117,27540.9511885626,64670.0279054032,39742.0412693246,48387.4953074678,46716.1787283274,80554.1119489665,78920.8085469924,68529.5452105924,58354.4567259212,48817.9070690423,36360.6448448304,48088.7844074864,48373.1895981430,23902.3631885985,63903.8946410683,64684.1587836586,23210.2557943241,52420.7923149255,42132.0731153971,87405.8243263870,14931.0756963174,30442.2790408633,24347.7452845513,63373.3825210564,61560.3425020560,72376.9231468214,33170.1022310086,63625.4662823089,64825.2839158204,75548.1950839996,85799.4867225839,31530.6796318867,8465.7645372390,55208.9377091630,45101.7800920808,74032.8745937243,61566.0527596649,19467.1020841351,13730.7074861498,52772.5910682640,68605.6931572883,36015.7280438210,43979.4970312568,38740.9555453779,48755.1175591091,57394.4904888460,39819.4613696262,55081.1471358810,54076.7684089753,44189.6467308623,70795.0130770109,34389.7476633807,54001.3650778737,37814.1175698986,8803.8245761976,41072.0059505309,23093.0620210294,45631.7127150934,17934.5697112728,46463.6796691894,52547.4494547277,34685.1992129530,45110.1210059022,31890.1761099141,53623.7634078833,45202.0148878262,58177.9047341605,69806.6506984346,18973.7160931387,57021.0631452766,29331.6833548458,11188.1767619761,67050.2876961462,21405.2154675697,36826.6815261323,27651.1679505795,70786.6520577805,11324.5310512237,21054.3358841371,61738.2349861577,49760.2667879366,68483.8012965062,30693.8793074801,2285.7452134790,67482.9127411987,41669.2828575682,52046.1649014570,62469.8865895490,48987.2966943261,64447.0512457799,13784.4613095484,74671.3418305722,78527.2128692906,65401.3662238054,33201.2012359028,7920.0290318841,54328.5146234034,28986.9611236727,10413.7969344231,63913.2560963025,55427.8602245354,24303.2797710850,75221.2046121305,29228.2630259700,2966.7523077917,40869.4226584557,29742.0516279852,85066.4004032577,25869.7755149958,26497.4257683478,52846.1052129011,71913.1006869369,29860.8279110039,80311.3507961517,13141.9277921090,64466.8211767179,40952.2198473522,49720.8484069466,44844.1858271845,43882.2376405086,73767.0597236029,35850.0605261756,19821.0100983591,82593.8709994617,33552.9937314761,49169.4779701059,50629.3324022309,61989.2048086314,34273.8711814452,58494.4906781165,35134.2790121253,40676.7051888974,91594.6015471676,44860.6892590494,37722.8567321469,60713.2571636299,51056.3555498991,44161.4646982850
168,0,0,0,0,0,0,0,0,0,0,0,0,0,0,0,0,0,0,0,0,0,0,0,0,0,0,0,0,0,0,0,0,0,0,0,0,0,0,0,0,0,0,0,0,0,0,0,0,0,0,0,0,0,0,0,0,0,0,0,0,0,0,0,0,0,0,0,0,0,0,0,0,0,0,0,0,0,0,0,0,0,0,0,0,0,0,0,0,0,0,0,0,0,0,0,0,0,0,0,0,0,0,0,0,0,0,0,0,0,0,0,0,0,0,0,0,0,0,0,0,0,0,0,0,0,0,0,0,0,0,0,0,0,0,0,0,0,0,0,0,0,0,0,0,0,0,0,0,0,0,0,0,0,0,0,0,0,0,0,0,0,0,0,0,0,0,0,0,0,0,0,0,0,0,0,0,0,0,0,0,0,0,0,0,0,0,0,0,0,0,0,0,0,0,0,0,0,0,0,0
169,58145.0863043308,100819.9271739276,113130.0250516813,39502.7002341211,32124.9711604816,105961.4671379465,114290.6444388623,65381.7627783355,53924.6767349143,72823.8655106998,12096.8039103627,69151.9655284759,37797.0411025364,88167.0948951248,94633.1645773211,96695.3532630686,38174.3544618920,45493.4037034880,78205.0516827756,85563.1214899579,92803.6782664023,55223.8774570529,67000.0390389427,11387.7508970342,84772.9096157945,57727.2144390423,23324.8444840528,41147.9034705349,55506.2094916112,102546.0367878267,78570.0725159905,84901.5737958374,54132.1108883186,27584.1894791442,24842.3888475794,99424.9634754185,3098.5237908439,80118.7906525628,49347.2939562491,87001.4553042183,103822.9876770251,40561.3099655378,41210.8191801641,73051.3674218372,57929.4843510891,91314.3811078773,48801.0584826852,48502.2032269401,67975.3645895958,10414.2228003400,84074.0317182309,104564.0741040483,34863.0737485813,89431.7818671630,94327.2798102824,67312.8898160518,21284.8243062252,30762.6633008533,26238.8894578648,44355.9123129269,27602.4232141593,85257.6124541207,61501.5038409621,65687.5885167353,47588.8083556814,75546.7109260508,81501.8356726222,104316.4470970738,95530.6318137918,58858.1229849237,76211.1096292954,73766.4878753490,33773.8018278752,80283.7249433586,35682.1842271963,49358.8183346061,91688.1203003660,48609.1247390857,56871.2060800429,50129.4647455229,75313.6533679371,100106.9097283860,48937.4514683783,16975.6953312771,40407.1646849158,39739.8473507112,96180.5207515902,91740.5422187226,56706.7994704804,91356.4126015551,86506.3380253727,101503.0262653290,103580.0257159324,5307.9985790850,37627.4682545912,83290.1794093466,11045.2997910500,95963.9669034507,95585.4807919238,15649.3664247406,48274.0621290639,87012.5300809695,98101.3558268854,64334.2492160355,20337.6653325525,72981.2078413251,71784.9558662202,58344.5755977066,74661.0688537434,86063.1557655201,32062.0041339943,44752.6187059277,46043.3349449945,65788.0500188588,84901.3559686692,5889.5131887442,39178.9756894180,74169.6307986213,19026.5495370092,79885.1000093939,42402.2198634774,80378.9342237223,42633.5213338386,68122.8435472950,73151.3128130243,66549.4290315502,88321.8243846402,76965.1162342209,51502.9053867588,100042.5811116253,28976.1745853451,90372.5448656812,61403.4626267112,24083.9370995587,53880.9535661977,54740.4362278724,39848.4463261959,62118.9449718099,52741.8262457044,29542.7567498085,17860.9639135080,91219.7251228735,79763.4992925263,94711.9980245724,43418.1460083447,33656.9848121982,102197.5775371358,72135.1742600329,86738.6881718613,42905.5692367901,82545.7903113374,88287.1234796360,25986.2685162519,89945.0995459834,97409.0087931212,84389.9799151690,7958.1625712997,27469.8082035480,81342.3810863298,61575.0929409203,43542.3282689372,98754.8909592755,41553.3478879536,45313.1824353288,40565.3577481424,55882.2444950562,36542.9536019639,33171.0106640829,30972.0531606243,100490.6741598113,8973.0927754562,61276.7854083786,71668.9770999252,99240.7340626124,22308.0753872334,102554.5655678319,44911.3368538336,57204.6619413202,38598.5044321090,82874.9842347496,30373.9692150972,70318.8194267559,91143.1747804818,19885.7201978069,15674.1393122436,96334.4076875688,67929.0590693525,24297.6283808152,32792.2860481022,60777.9744158452,13399.6566460788,82283.6221754690,42806.7390512213,72449.6814467925,105055.1290321467,49921.4056804622,72438.2782750017,80836.2876764836,76455.5983055840,72578.7640114226
170,0,0,0,0,0,0,0,0,0,0,0,0,0,0,0,0,0,0,0,0,0,0,0,0,0,0,0,0,0,0,0,0,0,0,0,0,0,0,0,0,0,0,0,0,0,0,0,0,0,0,0,0,0,0,0,0,0,0,0,0,0,0,0,0,0,0,0,0,0,0,0,0,0,0,0,0,0,0,0,0,0,0,0,0,0,0,0,0,0,0,0,0,0,0,0,0,0,0,0,0,0,0,0,0,0,0,0,0,0,0,0,0,0,0,0,0,0,0,0,0,0,0,0,0,0,0,0,0,0,0,0,0,0,0,0,0,0,0,0,0,0,0,0,0,0,0,0,0,0,0,0,0,0,0,0,0,0,0,0,0,0,0,0,0,0,0,0,0,0,0,0,0,0,0,0,0,0,0,0,0,0,0,0,0,0,0,0,0,0,0,0,0,0,0,0,0,0,0,0,0
171,0,0,0,0,0,0,0,0,0,0,0,0,0,0,0,0,0,0,0,0,0,0,0,0,0,0,0,0,0,0,0,0,0,0,0,0,0,0,0,0,0,0,0,0,0,0,0,0,0,0,0,0,0,0,0,0,0,0,0,0,0,0,0,0,0,0,0,0,0,0,0,0,0,0,0,0,0,0,0,0,0,0,0,0,0,0,0,0,0,0,0,0,0,0,0,0,0,0,0,0,0,0,0,0,0,0,0,0,0,0,0,0,0,0,0,0,0,0,0,0,0,0,0,0,0,0,0,0,0,0,0,0,0,0,0,0,0,0,0,0,0,0,0,0,0,0,0,0,0,0,0,0,0,0,0,0,0,0,0,0,0,0,0,0,0,0,0,0,0,0,0,0,0,0,0,0,0,0,0,0,0,0,0,0,0,0,0,0,0,0,0,0,0,0,0,0,0,0,0,0
172,0,0,0,0,0,0,0,0,0,0,0,0,0,0,0,0,0,0,0,0,0,0,0,0,0,0,0,0,0,0,0,0,0,0,0,0,0,0,0,0,0,0,0,0,0,0,0,0,0,0,0,0,0,0,0,0,0,0,0,0,0,0,0,0,0,0,0,0,0,0,0,0,0,0,0,0,0,0,0,0,0,0,0,0,0,0,0,0,0,0,0,0,0,0,0,0,0,0,0,0,0,0,0,0,0,0,0,0,0,0,0,0,0,0,0,0,0,0,0,0,0,0,0,0,0,0,0,0,0,0,0,0,0,0,0,0,0,0,0,0,0,0,0,0,0,0,0,0,0,0,0,0,0,0,0,0,0,0,0,0,0,0,0,0,0,0,0,0,0,0,0,0,0,0,0,0,0,0,0,0,0,0,0,0,0,0,0,0,0,0,0,0,0,0,0,0,0,0,0,0
173,65306.3658397232,80647.0398267482,99919.2520368739,59060.6427252931,11765.8034592843,103215.0490798819,95022.2901417081,55674.8709394135,72053.4096882343,53265.1279858837,28636.3091903021,50273.5410380578,36605.6248257289,72297.3708531025,85893.1293848896,76356.4704234351,52070.9232481799,31759.4839907409,57714.1973636395,81528.7566838669,74037.1828655364,34774.2186427879,51069.9788563203,9475.0914805177,72584.2041711566,70990.9596645190,16491.6046857343,47939.8167820770,37233.1578832879,96531.2813608561,71027.8789747019,65026.1806476230,56362.0462464843,45551.5316305502,33097.7594748965,87623.5258595620,24921.6626762595,62416.0266308432,42443.3141343855,67167.4158120791,84011.2736105987,59216.0166936806,23031.2140766480,59782.1303473497,45011.0264566989,70826.6777185623,59343.6063751034,64476.4365920245,47536.7312308952,17186.8969536364,63673.3827539247,85862.2865972416,26098.1643499039,87846.6028948273,80720.6123671913,49157.0715506079,3192.9095525608,15255.0599611367,26636.1576751158,23877.4366337061,41333.0613224707,75488.4103095332,41758.8016948306,70282.1504636038,47223.2576660395,64633.1805377154,62465.1557680927,96054.7517241260,91766.8135018223,69122.0763653644,71304.2556916880,53907.3704954536,38091.3031729579,65504.6171297177,46342.5228632838,38730.7449448010,71465.5575132375,61916.7429313180,40651.4470325067,55849.5943384573,55098.8901293800,98787.5568770627,29546.8959872666,24821.8476351029,34378.0551620981,56612.0759571513,76708.4935787619,86201.8787538319,47648.4725106087,80203.0066756426,79409.7223775264,91701.9778723308,99197.7721286747,17267.6765530367,23638.5262266042,62981.5439153076,31408.1257819339,88835.3151297953,75595.3516612408,10325.5142373880,31026.3609841581,69944.2762750999,77681.2870862907,52427.6288667835,36058.3378492448,55974.4185624785,63538.5856435018,62665.6319893860,56065.5372882000,72358.7501794618,47755.2481759510,48421.8878501388,63630.3934456949,51629.4533730483,64390.4330480968,24868.2780111254,19255.2111055882,58517.1587254526,19690.8983781795,60133.2393416466,31744.0746660719,63787.3556534557,52221.9627320463,48050.6913969197,52788.0026120371,47375.4222527820,69022.4846984734,56498.6705933014,59790.4713418255,87004.8600320465,23855.7806348705,70132.2020705466,41060.4008198278,11165.1076709841,65844.6440838410,34836.4218377063,41556.1466323243,44829.1775005234,67223.8034371173,18893.5428829076,1919.2735446883,78747.7304648854,66814.9081667323,84663.4690600314,39758.8278890831,15013.2194427809,82862.7509568250,51624.2809908338,68805.5405649044,57821.1302510248,62410.3047554739,79803.3214346182,5277.9985100183,86906.4696244380,92255.3712021504,78962.0346473770,22393.3436601872,9620.2657289508,70605.9539884279,46388.2194060400,27709.5758251074,80015.3047132012,53312.6089507351,36987.7692826310,60705.2765013199,44839.1924525508,19985.7449857824,40572.3431412197,32351.8771407542,97527.5065861946,12519.2333417930,42446.0192074021,66048.5174013495,88438.0708512721,27448.6426872113,95293.1635530835,24880.9007918881,66085.5692110144,43395.9075058433,67157.8893168959,41585.6794264122,59811.9834284790,86836.4867175711,30472.5604280479,6196.5575591587,94332.1471703309,50744.2980163579,41071.5730387458,46201.5795936584,66434.0112696971,25996.0167575562,73747.6907883715,42076.8143361881,58020.7380654389,103348.1258009707,51371.8250189154,54535.8006653928,74629.0271969643,66755.5140183019,60738.2645011775
174,0,0,0,0,0,0,0,0,0,0,0,0,0,0,0,0,0,0,0,0,0,0,0,0,0,0,0,0,0,0,0,0,0,0,0,0,0,0,0,0,0,0,0,0,0,0,0,0,0,0,0,0,0,0,0,0,0,0,0,0,0,0,0,0,0,0,0,0,0,0,0,0,0,0,0,0,0,0,0,0,0,0,0,0,0,0,0,0,0,0,0,0,0,0,0,0,0,0,0,0,0,0,0,0,0,0,0,0,0,0,0,0,0,0,0,0,0,0,0,0,0,0,0,0,0,0,0,0,0,0,0,0,0,0,0,0,0,0,0,0,0,0,0,0,0,0,0,0,0,0,0,0,0,0,0,0,0,0,0,0,0,0,0,0,0,0,0,0,0,0,0,0,0,0,0,0,0,0,0,0,0,0,0,0,0,0,0,0,0,0,0,0,0,0,0,0,0,0,0,0
175,34127.8513151120,99515.6426966568,81225.6975145183,69139.6081719175,36209.5441864348,70729.8081907814,95391.1609159795,32110.6575487805,58779.6755858856,58985.5496617147,29982.8799030049,76631.2453601991,39.4213885524,61552.5457676829,59580.2330580814,85762.5026325222,33540.5472271334,23589.2707592759,74373.5962095230,49864.8170229013,73370.1291567727,51482.8297492947,43024.3451259295,35240.9222143849,52782.0527975909,47087.4486458974,17585.5517537998,19273.8946537816,40417.2257805042,66742.6918796850,43257.0838882145,86726.4831430697,22537.8828770088,38622.2145337845,16898.6826477229,66434.3943774481,41323.7833926622,58601.1002784543,15303.6857273250,72906.8669520428,88232.2457544362,50044.0720246930,31926.1652761378,43377.5162259268,30045.5248504707,86399.2662571954,33100.4967701906,46975.7061263492,61596.1580395858,25691.5357713862,75061.1801017389,84045.2055283563,12458.0075083585,54634.1236872393,63601.5757660392,49041.0115642434,30192.0143183925,24510.6787749204,9572.7484646477,44239.5839047405,27489.0835589182,51016.8011893421,50671.0854840878,36991.5508714860,13160.8851519041,42723.7095839465,64211.0295300060,68954.7467685145,59933.0418619898,41004.0200188792,40400.1166462215,76608.7313569156,10525.8343343249,52324.0730645064,24279.3207916989,20147.5800700310,90516.7700922740,39633.3816273217,35840.4095887482,24317.3626997737,65266.9468315733,65517.1370084577,40051.9249079748,19770.2769155217,8108.9801198789,43080.6403191384,79361.9867429711,55930.0165775752,23720.5766764588,58026.1712048647,50938.1158886124,66913.4409489913,67882.7482858378,34007.6852437707,21679.0359622891,81919.2010209354,40931.6068465581,60332.6391088299,81715.1728547119,25593.3855331825,32879.1215155596,63125.5628420677,94179.1256053853,33757.2316368806,29546.5232799709,50559.1009627508,37003.0482080115,29526.9541271401,56627.6363155276,55943.1740244238,34539.8513334833,16062.3672103568,50283.8320131953,38529.0388938426,79046.8360297124,34763.2927215091,36931.7886850075,48528.8169418934,17251.1164748565,66099.7223224527,16555.6370712987,56027.3561598303,26265.0811932323,58027.7282094859,72153.3244066179,52045.3085528143,71401.0668287279,69905.7773413455,30455.6772522953,68351.5548978312,10371.7526385491,78920.1045470940,54887.8055970439,23602.5642228270,40596.1588901109,46462.9661412671,8709.1883875092,42422.5154199203,46109.2714805945,17429.2465766876,35882.7433698844,59233.4607057378,49037.3126406369,60415.5135898003,7780.3819629648,30779.9418075980,84308.7226139038,67624.1718048122,65173.3633630849,39583.3355581137,70962.1795580661,53214.0332285477,35130.2448910080,54526.4404222964,61609.4506366751,48581.4457933330,28774.6577954361,28860.9057913981,48034.6201178609,37087.8034081719,27146.2774431592,78760.3229468292,30507.0719227655,14100.8376963604,67791.4209339823,25533.0138383241,26630.0114744163,16262.2806922699,5351.0405234106,65153.8883549469,30505.7544579434,46549.1282326568,35916.7689274125,65389.8048097911,14598.6409888728,66916.5399458973,40623.7406547887,36626.0992137545,13620.7575728248,56412.8966263285,23047.6889280696,37444.2584747551,55420.0441479468,20955.4339976829,30903.2062627456,61371.3897602154,46779.1862391314,33453.5028297402,29114.7684896108,33940.8701312227,25041.7816906584,47357.6811540528,8003.9902772107,44719.0434349473,70283.3948180196,17457.7096638079,52527.5506259871,45116.1406165632,42490.0908783617,41013.7659090777
176,58954.6996108705,75892.7591723080,81371.1293001354,73779.1906588404,13301.3210642926,87796.1835499209,80504.4333049380,37884.2338264992,77226.7420110245,39876.1043609681,37151.6210318427,51818.0745354421,27132.4299353663,54341.4923529893,68000.0746452164,65586.6939995075,53617.2846893316,13270.2542029716,51019.4404306965,65830.4700341318,58730.7477043610,27366.7939993241,33047.3097625837,26109.3604115334,54039.3070240331,70167.0903864305,13743.2588568975,43292.8592791523,21523.0832288904,79565.3861246405,53795.7605224092,62317.2615418603,46570.5751325504,52416.6947423833,33327.4471877932,69085.1571085379,39943.7675382945,45763.7181068111,26994.7262280310,54313.1826777283,70871.1573685150,65908.9004021097,8238.9229249324,41207.8022090228,26494.8948720864,63643.3625091218,56717.5629978260,67181.8183571119,38726.4463169292,25851.3571363133,53710.0551423240,70411.8888520008,12704.8881233220,73453.2395876592,62187.0280860423,33095.0527097775,15062.2390629890,2426.8190822626,22649.9088967552,19408.8253803474,44335.2043724105,57380.0727040047,29389.0634671020,61308.8670932854,36376.4185305094,46327.6566570215,47714.9228150695,78232.2024233934,75989.9073225580,65372.8440169844,55405.6544725142,51957.4189733996,33273.8457005319,47134.4870480804,45539.7222582700,21196.5490565413,66743.3401436956,61833.6444015996,22713.2274652795,49138.4434433325,44146.8866335606,84296.1512699419,17041.9075889799,28388.0717861219,20997.7196381182,61029.3306598161,62742.0650646106,69609.6899949049,30436.8685228944,61760.6645764935,62216.8278874287,73475.5109892440,82968.3399218466,31115.0865278786,5588.0284063249,58059.0300440125,44273.8010238808,71494.3869765439,63144.8367684317,18735.7517820126,13958.9896315731,52720.2033244103,71225.4496357813,34020.1275054138,41998.5855396420,38671.5737250092,46164.2220738217,54042.5430617912,40602.5255721236,53822.1446848433,51735.1197700520,40893.3174636070,68470.5191312014,33092.5132001825,56475.6369236738,36924.6619586381,12112.6959359887,40408.2935292732,21009.7266758546,47152.8866517921,14898.2219392404,46204.6821395674,49520.0155544419,36677.1066538556,48027.3597955831,33165.3213282848,54740.5556862900,47568.1084767337,54980.6956108588,68437.9451076072,15922.6273927095,58888.9802707572,31797.9994890105,10278.0424702026,64039.8033844100,23643.2717058382,33535.2697083872,27760.9238499957,67997.2892217482,8412.2021011999,22066.9294841877,60178.9840968635,48240.9471377983,66416.9396972692,27336.2766637986,6618.2728163995,68544.4148871491,44304.4161839851,52397.9302508334,59845.8457440453,50821.1213059677,62058.5324613994,15723.8666892937,71647.7774453416,75749.1496060549,62571.6782405090,31971.6680250026,9021.6928586549,52292.9969865654,28034.2090414685,9391.5995057385,64641.4438358739,52555.5141429228,21159.5264844445,74401.0270664452,26830.1636734457,663.7538886565,37924.0112929533,26659.6520032260,82086.0948358951,25459.0552128966,27627.3282354774,49925.4296776295,70023.5733209134,27351.5185716441,77829.3539454702,16082.7048768144,61253.0047277564,37773.5342515283,49114.6815390560,42184.2982215718,41668.3086501858,70864.7634737205,33615.4370330548,20033.1888754716,79518.7101680198,33582.5686435053,47151.0326089074,48059.3774443909,58653.0385598539,32545.3585274085,56063.2744322075,31775.8418105771,39546.5334401254,88530.1828944562,41498.7399037015,38120.0315815052,57944.5761263555,48765.2122699143,42277.5419072983
177,0,0,0,0,0,0,0,0,0,0,0,0,0,0,0,0,0,0,0,0,0,0,0,0,0,0,0,0,0,0,0,0,0,0,0,0,0,0,0,0,0,0,0,0,0,0,0,0,0,0,0,0,0,0,0,0,0,0,0,0,0,0,0,0,0,0,0,0,0,0,0,0,0,0,0,0,0,0,0,0,0,0,0,0,0,0,0,0,0,0,0,0,0,0,0,0,0,0,0,0,0,0,0,0,0,0,0,0,0,0,0,0,0,0,0,0,0,0,0,0,0,0,0,0,0,0,0,0,0,0,0,0,0,0,0,0,0,0,0,0,0,0,0,0,0,0,0,0,0,0,0,0,0,0,0,0,0,0,0,0,0,0,0,0,0,0,0,0,0,0,0,0,0,0,0,0,0,0,0,0,0,0,0,0,0,0,0,0,0,0,0,0,0,0,0,0,0,0,0,0
178,63353.0703459069,73709.5379683519,86625.7312041897,71226.9116434346,14045.6428809629,94023.7635316237,82520.6351446547,44059.1548248256,78328.6637224511,41084.8714424263,36564.2904406772,47519.5038326080,31913.2229310277,58722.7497932459,74111.3525806363,65699.1606671696,55668.6525864314,19213.9125757691,49324.5442513355,72066.4441237771,61144.9899583389,25442.2466519800,37510.4169809956,22197.9640050445,59686.9086446697,73105.2530651979,15094.1749277098,47048.0754677353,23971.9027416320,85813.6709676388,60034.2692116158,59356.9731855664,51728.2524927138,52710.0288766514,35354.3779870724,74731.7080139734,37008.0068301834,49032.9342826885,33133.6267160296,55352.5806401739,72134.4451752920,66411.7496805368,9613.1802134668,46685.6012721435,32286.0722393249,62257.7381507495,60065.9253209624,69012.4318146494,37703.4429261249,24689.4901656621,53379.9470706802,72942.8809855998,18080.5739419694,79573.0618895206,67407.5037638158,35893.8845703856,10840.2650850366,4040.1558324351,25536.3051514676,15824.0045686454,45769.5135212987,63424.9033900074,29896.2756368299,66375.4787972823,41680.8314723042,52282.6525135482,49752.7118372623,84356.0856529584,82234.8056717413,69116.3924381359,61647.6380036136,48646.7180217693,36868.5958139824,52036.3705554407,48193.4890724443,27445.5740324774,64486.9687967041,64480.4875685743,27094.4827411904,53542.2917732784,44167.8938150860,90437.5846338010,17240.9645055910,29103.1543151068,26661.0063904725,62248.5475240875,64406.0784588989,75872.7070345402,36694.0779035634,67571.6242434633,68454.2697755536,79445.2050219152,89230.4014496158,28438.0875812868,11812.5032415394,55795.7014654830,42271.8301713827,77711.9037498714,64031.6712611677,16832.9088250732,17457.6400158370,56439.2566160975,69619.7925696328,39923.5581979787,42414.7294771682,42439.3056193018,52394.3830415306,58978.7708353761,43040.5477096072,59061.3757124144,52981.3507717699,45412.5178870892,69619.5742889715,38374.1723337219,55314.4814880348,35078.8095613962,8724.9945444448,44965.0770079362,21929.2274285061,48207.2741915005,21133.8907391680,50224.1925880006,52804.4678262539,36800.0111091326,45585.2518522916,34771.7231165684,56543.9344105430,46728.3964249773,58929.3176293761,73790.9907572324,19650.9226155022,59175.9111630694,30825.5140163256,9204.1492667355,67218.2821831662,23369.0890284306,38061.7602450835,31308.2875244630,70437.6202412320,12079.3763944804,17202.9161811919,65720.4360999833,53743.5214748255,72381.5231077215,32888.3142807011,366.1220121419,70420.0375002637,42759.8736874195,55507.5521956073,61821.5710758314,51210.6799762377,68213.5343450839,9806.8762149193,77854.9081890823,82012.5861002020,68834.2842505603,30836.2314046997,4616.4066451238,58232.4798282383,32946.5295742972,14399.1884718629,67112.8933213948,55301.9747424879,27314.1670045379,72307.4318286349,32975.8496128511,9554.1200833476,40983.4913965902,30301.7364264140,88312.9315777913,22829.9736260764,29544.0343799075,56175.9592464550,75855.5614611182,29225.6135672424,84027.0181425113,14117.4117808584,65263.3727590704,41709.4199154847,53591.2663490043,44338.3946997775,47722.5975829750,77117.2089879809,34707.9336399267,16403.4794410029,85690.4629432551,37222.6669643321,47626.2076449667,49928.9907316355,63414.5837611180,32463.3540114497,62236.7281297600,36878.2493374171,44649.6208849549,94708.4296958692,46627.0342668963,41194.4988661125,64207.4376509681,54866.9045842753,48099.3617142129
179,0,0,0,0,0,0,0,0,0,0,0,0,0,0,0,0,0,0,0,0,0,0,0,0,0,0,0,0,0,0,0,0,0,0,0,0,0,0,0,0,0,0,0,0,0,0,0,0,0,0,0,0,0,0,0,0,0,0,0,0,0,0,0,0,0,0,0,0,0,0,0,0,0,0,0,0,0,0,0,0,0,0,0,0,0,0,0,0,0,0,0,0,0,0,0,0,0,0,0,0,0,0,0,0,0,0,0,0,0,0,0,0,0,0,0,0,0,0,0,0,0,0,0,0,0,0,0,0,0,0,0,0,0,0,0,0,0,0,0,0,0,0,0,0,0,0,0,0,0,0,0,0,0,0,0,0,0,0,0,0,0,0,0,0,0,0,0,0,0,0,0,0,0,0,0,0,0,0,0,0,0,0,0,0,0,0,0,0,0,0,0,0,0,0,0,0,0,0,0,0
180,0,0,0,0,0,0,0,0,0,0,0,0,0,0,0,0,0,0,0,0,0,0,0,0,0,0,0,0,0,0,0,0,0,0,0,0,0,0,0,0,0,0,0,0,0,0,0,0,0,0,0,0,0,0,0,0,0,0,0,0,0,0,0,0,0,0,0,0,0,0,0,0,0,0,0,0,0,0,0,0,0,0,0,0,0,0,0,0,0,0,0,0,0,0,0,0,0,0,0,0,0,0,0,0,0,0,0,0,0,0,0,0,0,0,0,0,0,0,0,0,0,0,0,0,0,0,0,0,0,0,0,0,0,0,0,0,0,0,0,0,0,0,0,0,0,0,0,0,0,0,0,0,0,0,0,0,0,0,0,0,0,0,0,0,0,0,0,0,0,0,0,0,0,0,0,0,0,0,0,0,0,0,0,0,0,0,0,0,0,0,0,0,0,0,0,0,0,0,0,0
181,0,0,0,0,0,0,0,0,0,0,0,0,0,0,0,0,0,0,0,0,0,0,0,0,0,0,0,0,0,0,0,0,0,0,0,0,0,0,0,0,0,0,0,0,0,0,0,0,0,0,0,0,0,0,0,0,0,0,0,0,0,0,0,0,0,0,0,0,0,0,0,0,0,0,0,0,0,0,0,0,0,0,0,0,0,0,0,0,0,0,0,0,0,0,0,0,0,0,0,0,0,0,0,0,0,0,0,0,0,0,0,0,0,0,0,0,0,0,0,0,0,0,0,0,0,0,0,0,0,0,0,0,0,0,0,0,0,0,0,0,0,0,0,0,0,0,0,0,0,0,0,0,0,0,0,0,0,0,0,0,0,0,0,0,0,0,0,0,0,0,0,0,0,0,0,0,0,0,0,0,0,0,0,0,0,0,0,0,0,0,0,0,0,0,0,0,0,0,0,0
182,48089.6140687971,102687.1298208022,105692.6587384242,44652.8224306354,32705.2961500558,95808.6058972480,111163.6440733786,57152.1030795830,49422.0116666883,70538.7118398594,6190.6870501978,72963.6711274234,28060.5924020445,82384.5408618966,85717.6591922123,95726.9150594387,30131.2872632292,39743.4249234172,78953.2299598369,75659.1963140079,89272.7965185300,55232.8097046634,61641.5702002484,16413.1906857342,77166.0806036972,49551.8033003947,17514.8060334922,30906.3061966246,52233.2026174566,92915.2958744797,69471.7325553567,87416.5089502517,43766.2638349778,23060.4182971462,14532.2049337550,91504.1416921978,15278.0753563732,75763.5843475663,40642.5160645585,84952.3137390536,101580.2961439607,36811.9454954001,38573.8962771400,66111.3387831472,51209.2982118191,92005.1609495424,39445.9060645892,41947.4117008587,67709.0173667222,8868.3140664791,83447.4599871364,100848.8428372322,27736.0349194781,79202.7833091937,87238.4178578215,63595.6311143466,21497.7561129320,27496.2157913278,16859.9094475272,44809.0081577223,19259.0217807491,76746.6818100273,59714.1089854267,55379.2015915332,37481.8914647041,67567.9717348238,78414.5996256121,95202.0810512194,85539.5366682724,49515.4059446532,66527.0485893241,76344.1193020975,23411.1373899221,73981.4985573933,26160.7569280300,41975.6948826467,93460.7889568953,40375.3006962851,52002.6870335234,39847.2763313368,74190.6217608834,89832.6858546037,47064.0230493732,12084.3414622369,31831.5288095758,33927.8047011931,93475.1397619325,82071.3128485595,48465.8351007032,83264.7822425720,77218.2495002270,92856.8134306283,93652.5234439939,10044.8419945814,32632.8784622619,84856.8768824489,15147.9708070668,86614.9732027464,93741.3126196974,13562.2871239816,44487.5103879603,82058.3597144716,99182.1370349029,56976.7929250199,13372.6323964798,68215.7977211701,62971.3024292124,47999.9215945004,71209.1908410461,79121.2174877900,25176.8955604895,34373.6304966457,40950.5273827222,59450.2075162535,85205.6448839729,8486.8520768078,38500.2552895983,68480.6845946880,11084.5121021658,77785.4382112601,35419.5101433364,75184.2077231184,32922.7593023006,66782.5902307049,74598.8887441845,63887.3887130047,85466.9615459304,76748.7739173351,41597.1466145013,92633.8475216315,21143.9790097193,89153.0416577440,60865.9848376913,21038.5159770781,45091.5475417916,53387.3751441890,29608.0854728169,57827.2242451464,45192.2720459468,24006.6902355391,21518.0659105321,83654.4273262251,72558.5355080511,86200.3511510431,34033.8375449536,32065.3574875337,99250.3124592564,72534.3754319248,82480.8837057784,35550.3841001036,81142.1161016657,79351.6336464490,27463.0923828449,79875.6392492728,87637.1846012991,74745.7988123728,2352.2455462558,26208.7879625075,73213.9069088882,55917.8811097611,39097.4239675265,95133.2696269677,32532.2125276945,37248.3910230245,44432.5178117885,48411.6190168341,33145.9060564209,22906.9139728676,21011.7020632397,90376.8534001546,10820.5500359096,58361.8471568821,62178.2465321507,90948.7076689963,12142.2138613431,93197.9705975159,44118.6422876979,47477.5290151795,28220.2261253291,77074.0352537079,20912.8481688609,62278.4928481963,81254.9543395044,19629.3662022443,17087.9450991748,86127.1584395489,63406.0270011731,18397.2818421685,24382.9919401712,50542.4404566099,6104.3248490647,73422.5513679501,32838.5227881009,66101.6494283038,94803.2153825853,39609.8533464324,68389.1154336871,71386.5653404629,68031.9579113789,65016.8054210553
183,0,0,0,0,0,0,0,0,0,0,0,0,0,0,0,0,0,0,0,0,0,0,0,0,0,0,0,0,0,0,0,0,0,0,0,0,0,0,0,0,0,0,0,0,0,0,0,0,0,0,0,0,0,0,0,0,0,0,0,0,0,0,0,0,0,0,0,0,0,0,0,0,0,0,0,0,0,0,0,0,0,0,0,0,0,0,0,0,0,0,0,0,0,0,0,0,0,0,0,0,0,0,0,0,0,0,0,0,0,0,0,0,0,0,0,0,0,0,0,0,0,0,0,0,0,0,0,0,0,0,0,0,0,0,0,0,0,0,0,0,0,0,0,0,0,0,0,0,0,0,0,0,0,0,0,0,0,0,0,0,0,0,0,0,0,0,0,0,0,0,0,0,0,0,0,0,0,0,0,0,0,0,0,0,0,0,0,0,0,0,0,0,0,0,0,0,0,0,0,0
184,35068.5341752815,97880.7808625155,76815.4767391939,73523.4802149091,36920.6426640992,67616.9820051111,91846.2447442809,27699.6409572133,62522.6872945849,56342.8922605037,34301.8529544309,76330.1985291597,3588.8566396295,57456.8082559217,55358.9447518673,83129.8241968095,37218.8307989560,21092.0590067675,72716.6182178110,46424.9840505899,69901.5513705410,50346.3442706974,39385.8673024026,38247.7769207111,48378.7358567300,49689.8639225761,19863.0335323698,21789.7100660921,38096.5654341454,62948.1219765888,39092.1556423266,85593.9463371772,21912.5774758097,42944.9142016192,21283.3383601176,62029.2331728299,45261.1981729473,55040.9665330229,10895.9919241766,70038.2130725101,85065.2632314091,54155.5948574606,31011.2134704597,39121.6251483203,26147.3863372012,84461.0988046077,35579.4656531488,50476.5510861831,59848.0903558975,29381.9128451017,72766.6168026009,80397.7664456004,11957.3471058655,51830.9180960918,59228.0939896981,46023.5795556218,32135.7920752213,24986.0913315822,13529.0845916571,43882.0096371584,31704.8421197664,46665.1189813281,48608.3414410906,36659.4652026003,11757.8171398392,38312.9485544472,61071.3441415552,64826.6158674701,56577.6484471694,42808.3582328215,36711.4894047708,75737.1199947874,14218.3113208692,48161.2350492848,27859.2891596206,16366.8504598689,88981.3632995668,42664.0375184380,32796.5356423971,25430.9320223941,62988.8034462559,62761.1495391092,38668.2536136413,23980.1189619521,5438.1017143331,47005.1986285892,76127.2025403776,52185.4061165815,19330.5019986571,53626.5800153218,46891.9279632752,62616.0710842227,64406.1499063218,37673.4637757201,20694.5075138741,80458.0036396309,45173.6605667163,56328.8707850864,78786.0895032598,28424.9933614812,30884.3698579928,59274.3048626269,92282.4669659764,29487.6786143448,33950.7392679063,46993.5477972345,32699.0629699864,29467.9419093722,53503.3108845579,51611.5573749961,38638.3541055152,17201.7333260473,54119.0856328438,34559.0395496342,77080.7886451086,38865.8905411251,36708.2261079784,44620.9099946427,20789.4882273967,63351.7068870590,13931.3361743099,52184.6985203095,29071.5410996961,55880.3519731929,70880.1614684531,49457.1345760137,68224.9715040586,67921.2499327611,32195.6048319085,63946.5751489081,12378.5067046906,76293.4270167318,53282.3430055291,25246.3732014422,43078.6614498539,44887.0765595913,10396.6891122845,39369.7541970348,49176.4487014264,18251.3274507380,38277.7331232135,54826.9551857720,44688.7151979782,56078.2200795553,1459.3889222999,30992.8161149269,80925.2046191639,65993.7777910573,61545.0889289243,43145.3144435160,68412.8264566683,48991.5760332717,36582.8449325032,51338.7657663025,57960.6855147340,44825.5149168361,32838.5576590745,29943.4559579237,43629.2942590272,33501.0970391373,25409.9312942743,75195.5850282888,33722.8010108740,10243.8901336290,72200.3909896253,21389.7127656312,26145.4245388380,19989.3880968556,10522.7411320397,61989.3742513156,33830.2368272043,44072.5237229057,32030.5432072897,61019.5676467129,18911.6080884110,62918.7401486934,39876.7663409803,38140.0097076202,16274.6782611323,52359.2286963640,27076.9970022994,33034.6382764650,51932.3558903502,25360.6616958008,33508.6014290038,58445.1820472598,43432.9781460662,37808.6133965451,33060.3420232953,34223.8463702773,29309.4927089160,43096.5083240261,7190.8695910553,40629.9571339628,67420.9116455375,16848.6700991119,49237.1947239364,41185.8163910647,38107.3303507637,36641.5634977240
185,56423.1968026043,77796.1248819161,79478.9830441397,74378.4980986220,16278.6980861649,84840.3220940411,80519.3591092073,35221.3108040624,76068.4999063417,40461.8081973955,36975.2245565755,54479.5166236017,24537.4935792388,53087.0626386506,65396.7691013776,66555.0475746705,52095.7116705250,11068.7255557239,52797.2132802414,62881.9922868867,58598.9455813802,29390.2135204418,31854.1642689596,27659.0944135715,51883.5664758222,68211.5102095581,13244.5550418030,41059.3614830311,21750.1972809749,76755.4114058809,51013.8119561550,64531.4683924085,43780.2292942169,51713.2557146371,31945.5114519039,66910.2443210517,40877.0087479899,45221.1510468052,24001.2098623133,54892.4634184332,71284.9123613916,65055.2226774337,9850.7894128709,39222.1158058883,24301.9776113760,65257.8890929356,54616.2277562415,65717.4087497421,40305.4177856646,26113.3492269669,54916.2873802110,70181.4605027318,9978.1166125760,70459.0233986003,60345.0373070407,32922.9446876688,17000.9384640944,6748.0437913089,21004.8485366155,22028.8539918742,43142.6191209684,54856.6389996469,30417.0268601504,58535.1649139920,33550.9205283775,43908.8062620986,47831.6624112896,75610.2387240158,73051.5616892729,63090.1670475837,52463.8161432179,54313.9758613139,31162.6526104943,45557.5754794892,43781.2832987389,18414.4101045190,68691.4520158631,60021.5716516928,21713.4859620539,46621.5250626341,45249.4381330065,81305.5576761097,18493.6352061244,27701.4962236994,18086.0467970768,59860.0843384242,62982.3099064034,66743.0493427211,27613.8463739253,59455.8169533176,59434.7245196457,71016.6391523797,80069.8007419396,32009.8611028163,2059.1774091789,60030.2716602995,44719.3302466188,68747.1789216966,63762.7186784375,19540.9286801951,13866.3508865048,51880.4351913503,72910.6935610285,31680.5488524452,41300.9352133042,37880.0576582492,43402.7243745998,51319.6697247619,40556.5849136180,51983.6402433472,50589.9530760272,38350.6387974386,67311.3316064507,31301.8335647572,58020.8373679268,37354.7780402360,14832.7258315384,39099.1752155570,20390.4350576064,47761.9332053861,11950.3004517140,45211.5189229503,47466.8884731341,37791.9843950150,50095.9128661709,33622.2279025215,54941.6199222393,49018.6732251129,52633.6876213838,66489.4539939537,14014.4367766458,59800.6201594829,33418.1629806031,11287.1314572567,61993.9772234414,25104.4418003115,31015.3643077481,27221.4580976273,66260.9505646355,11497.3028134011,24122.4483812596,58098.8454784133,46214.7055156511,63967.5188939988,24445.7066786630,9616.1506377798,68659.8909887882,46054.1642602224,51912.5316857780,58336.8212814177,51720.7268940697,59404.8451633630,18362.6113918589,68678.4987747342,72875.9514720949,59677.8103428321,32118.4715415733,11437.8037150963,49881.1242401370,26569.8519828625,9461.1258228226,64459.0812806356,50727.2095215714,18168.1350261643,74769.7675352872,24230.3979027311,4871.0490226459,36024.2638328897,24585.2449132735,79129.6197754034,26419.2806942319,28005.5427729370,46996.0222887512,67692.6528802058,26120.2612225833,75111.9124651775,18332.5249574266,58869.6366993868,35485.4947110671,47817.4223922040,40671.7581327328,39152.1131549168,67938.2206332205,32674.9921236359,21569.7167868761,76535.3423761706,32913.7802521142,46390.5240103808,46644.8459696058,55987.0501001787,32180.1887591392,53387.9794477497,29032.6171934785,37856.8491553141,85549.0058322563,38725.3425644751,37742.5363256306,55080.8770920617,46185.9403076849,39993.7419468634
186,0,0,0,0,0,0,0,0,0,0,0,0,0,0,0,0,0,0,0,0,0,0,0,0,0,0,0,0,0,0,0,0,0,0,0,0,0,0,0,0,0,0,0,0,0,0,0,0,0,0,0,0,0,0,0,0,0,0,0,0,0,0,0,0,0,0,0,0,0,0,0,0,0,0,0,0,0,0,0,0,0,0,0,0,0,0,0,0,0,0,0,0,0,0,0,0,0,0,0,0,0,0,0,0,0,0,0,0,0,0,0,0,0,0,0,0,0,0,0,0,0,0,0,0,0,0,0,0,0,0,0,0,0,0,0,0,0,0,0,0,0,0,0,0,0,0,0,0,0,0,0,0,0,0,0,0,0,0,0,0,0,0,0,0,0,0,0,0,0,0,0,0,0,0,0,0,0,0,0,0,0,0,0,0,0,0,0,0,0,0,0,0,0,0,0,0,0,0,0,0
187,34848.9133252407,98021.5190906042,75491.6192631666,74926.4803711632,37858.1013123210,66230.8576408869,91178.9624544079,26371.5090861034,63356.4035757613,56117.6925865080,35741.4233488516,76929.9376923492,5235.7959959782,56476.7095477986,53888.3359772431,82888.0972215699,38045.3507971896,21037.8111404883,72863.7382603950,44990.7026770782,69282.5825318903,50702.3466766646,38705.1563064362,39655.4502409193,47086.4043152813,50036.7883989075,21189.3380457111,22199.0989673666,38037.4176375427,61471.1156563991,37613.1142242031,85917.8545646587,21254.8004929064,44148.7236755298,22567.8141711777,60659.2350358246,46746.8252998262,54384.6173872802,11750.2354495950,69702.6721099705,84585.9060140900,55199.0630538535,31491.1206102395,38024.0826917765,25338.9106057656,84495.8099138784,35908.2499952577,51202.4120655427,59973.6994295313,30861.6826713750,72670.0881363061,79680.3013645017,12754.5196694059,50509.7689208062,57992.4766987965,45645.8261082435,33367.8622019166,25903.5341233449,15011.7538305225,44501.8066839997,32832.8834301738,45236.8201653539,48629.9404425535,36022.3229306066,10992.5871953188,36987.0169375251,60619.2831557005,63345.1754680203,55153.6273461840,42867.9364860159,35247.2532003225,76154.9955900415,15149.2553621756,47136.1580310527,28662.0215193302,15685.0164649238,89162.2530063224,43195.3501146937,32435.1023418851,25316.8956285419,62907.0676325461,61445.0837600671,38962.8193843891,25445.1617832836,4917.5559393841,47944.6540801906,75620.0693216235,50713.2142012224,18084.2974394330,52244.8180464726,45406.5545127607,61164.1150842817,62963.2438433137,39150.4112604601,21214.1800615206,80670.3306294396,46635.4884901686,54843.2503866442,78418.3363043214,29816.6963047039,30978.8567119924,58451.4637748501,92328.8284470161,28385.9881173097,35262.8882602507,46342.3603857567,31247.9423459431,28943.2294060945,53065.8099318823,50431.5624095111,39684.3926192168,17178.9001768428,55005.5923315327,33684.9219652870,77109.4454916162,40345.5467994649,37385.4667879643,43774.5596080124,22263.8783862746,63074.1936425103,13908.1474657970,51371.7845041095,29549.5509984642,55858.3315200097,71165.5602491914,49264.1039679054,67750.3735593108,67949.8379378159,32264.2210291461,62647.2988934983,13709.7898118727,76058.1506861386,53468.6598359222,26435.4986103096,43390.3589357121,45098.3703852300,10723.5727419714,38987.5260855957,49713.0139752977,19298.7549692483,39586.8666980436,53523.2690469311,43490.6336459012,54642.2858790607,287.1481127222,31813.8597102134,80343.5358222338,66156.3093963513,60847.3389626648,43908.1879112478,68215.5259508028,47520.9157331447,37701.4447233125,49943.8544920027,56497.4520974186,43353.0761499008,34320.3227529324,30992.1245490031,42260.4637395996,32860.4548520619,25630.4530306143,74524.2232589699,34350.8617629631,9590.4015437706,73561.7003620974,20416.8083296347,26785.1033343300,20890.3753217198,11859.8037737866,60595.4628089873,35279.3236022936,43935.5661879732,30549.6861521193,59604.2369679531,20350.5714114211,61433.1295913624,40383.0376746612,38108.1187253468,16791.3332386271,51411.2523351163,28100.1682614927,31719.8175008423,50489.9367766095,26735.6648180206,34859.3451110622,57096.3913655622,42900.6220338944,39046.9229267979,34027.3585957165,33789.5624607077,30763.9591041821,41633.5217933180,6849.2325686076,39665.7428910820,66081.8181698856,16249.5338461861,48724.6941815873,39702.0254404913,36703.2279043936,35414.0118041983
188,62065.7513410199,74441.7910623229,85456.5344632844,71579.6981241551,8714.3208537476,92465.7720873305,82222.7141285438,42579.7767688650,77764.8868280509,40947.4628378271,36358.1341480770,48724.7620125107,30532.7773021767,57790.3078577116,72660.7661769065,65868.4479211862,54869.1743501632,17805.2665839351,49918.6243487781,70509.9237990997,60730.8270791885,26032.4876502927,36535.4690097158,22859.3764025619,58393.3734131183,72123.0247219610,14286.4222694123,45876.7271882042,23463.1894061542,84294.7255201435,58522.2400876408,60263.1979520633,50297.8823772548,52317.1021993781,34527.4532874057,73441.4081306930,37427.5413821948,48385.8447264042,31573.1383031495,55280.5320169609,72021.4282315057,65982.3850424710,9126.2674995908,45438.7887790951,30937.0093649076,62790.7850393338,58988.6548611243,68273.9976899908,38112.2584172744,24583.5891724513,53645.7183864105,72507.3933185584,16586.0017665773,78013.8312511098,66243.9999663642,35344.0792683097,11510.9542344518,1836.0824504023,24494.5486683709,16775.7502940533,45097.2310234909,61999.4125164470,29900.2090696593,64965.2307351388,40222.1196761459,50887.8730638029,49421.7708864024,82900.7073620476,80680.2563676865,67962.2174982627,60092.5125625328,49625.7899239732,35715.9983393342,50956.8369213804,47252.9475817963,25925.5781764120,65230.7527740882,63556.5438228266,26118.1846698302,52249.1045276524,44332.6517901694,88877.4810106423,17229.9198815764,28554.0639600447,25142.2565249701,61645.8644312653,64185.8844212956,74336.4249987141,35166.9996691166,66227.5681750934,66943.0262866598,78048.3055950724,87685.4792456575,28760.9569923438,10283.7408065355,56533.9289881991,42445.7719409476,76212.6879544894,64006.7845723962,16862.7795290214,16642.7106499727,55682.1367130091,70211.5529543927,38542.9727651496,41975.5525362501,41653.9734804105,50887.4845789571,57589.5550820989,42597.4002585391,57889.6227057172,52362.6918248647,44092.2488702291,69039.1849732879,37178.1624743699,55786.1973672395,35194.9050951019,9512.8515737551,43974.3287120751,21292.2322516854,48121.6757364832,19578.9879069810,49382.0771302537,51734.8767471108,36922.8300334050,46354.5157592336,34518.6893368011,56280.8213011776,47109.9841508611,57728.2895237058,72590.0835297861,18418.1586580998,59295.8059991067,31201.3176809624,8835.1365193056,66181.3216682642,23533.5728045907,36733.4472951341,30556.4943598842,69563.0002032905,10780.8883867838,18152.9128559202,64460.9740993713,52492.3557130448,70985.8836671957,31388.0252996679,391.6143072057,70150.7818911399,43307.2363426653,54908.8881624433,61044.7943275356,51295.4168474583,66744.3236759483,11138.1805595563,76295.0686909994,80474.5579209631,67290.4516923800,30751.8417355626,6492.7436573753,56843.9915738257,31845.0706122705,13202.7723684156,66688.8454111307,54349.0277692086,25753.4269484666,72538.1966375209,31507.4381895324,6732.9222808879,39946.6935473017,29126.2524553457,86754.8666238157,23113.5946862969,29195.1621044730,54623.5042532006,74505.6042476602,28413.0703640972,82538.3329562171,14620.8462010078,64053.2736002072,40496.5834459646,52629.5266168738,43501.5846195643,46291.8081131842,75565.2985815080,34090.4071410677,16940.9398926599,84129.7259964800,36461.4249790132,47182.1481307085,49163.7486103291,62058.6393223048,32118.9739686752,60759.0491582491,35449.1576734075,43508.8858554899,93147.6937572370,45199.5029241796,40585.8671304040,62671.6795268938,53418.9264871495,46747.8225112671
189,0,0,0,0,0,0,0,0,0,0,0,0,0,0,0,0,0,0,0,0,0,0,0,0,0,0,0,0,0,0,0,0,0,0,0,0,0,0,0,0,0,0,0,0,0,0,0,0,0,0,0,0,0,0,0,0,0,0,0,0,0,0,0,0,0,0,0,0,0,0,0,0,0,0,0,0,0,0,0,0,0,0,0,0,0,0,0,0,0,0,0,0,0,0,0,0,0,0,0,0,0,0,0,0,0,0,0,0,0,0,0,0,0,0,0,0,0,0,0,0,0,0,0,0,0,0,0,0,0,0,0,0,0,0,0,0,0,0,0,0,0,0,0,0,0,0,0,0,0,0,0,0,0,0,0,0,0,0,0,0,0,0,0,0,0,0,0,0,0,0,0,0,0,0,0,0,0,0,0,0,0,0,0,0,0,0,0,0,0,0,0,0,0,0,0,0,0,0,0,0
190,0,0,0,0,0,0,0,0,0,0,0,0,0,0,0,0,0,0,0,0,0,0,0,0,0,0,0,0,0,0,0,0,0,0,0,0,0,0,0,0,0,0,0,0,0,0,0,0,0,0,0,0,0,0,0,0,0,0,0,0,0,0,0,0,0,0,0,0,0,0,0,0,0,0,0,0,0,0,0,0,0,0,0,0,0,0,0,0,0,0,0,0,0,0,0,0,0,0,0,0,0,0,0,0,0,0,0,0,0,0,0,0,0,0,0,0,0,0,0,0,0,0,0,0,0,0,0,0,0,0,0,0,0,0,0,0,0,0,0,0,0,0,0,0,0,0,0,0,0,0,0,0,0,0,0,0,0,0,0,0,0,0,0,0,0,0,0,0,0,0,0,0,0,0,0,0,0,0,0,0,0,0,0,0,0,0,0,0,0,0,0,0,0,0,0,0,0,0,0,0
191,0,0,0,0,0,0,0,0,0,0,0,0,0,0,0,0,0,0,0,0,0,0,0,0,0,0,0,0,0,0,0,0,0,0,0,0,0,0,0,0,0,0,0,0,0,0,0,0,0,0,0,0,0,0,0,0,0,0,0,0,0,0,0,0,0,0,0,0,0,0,0,0,0,0,0,0,0,0,0,0,0,0,0,0,0,0,0,0,0,0,0,0,0,0,0,0,0,0,0,0,0,0,0,0,0,0,0,0,0,0,0,0,0,0,0,0,0,0,0,0,0,0,0,0,0,0,0,0,0,0,0,0,0,0,0,0,0,0,0,0,0,0,0,0,0,0,0,0,0,0,0,0,0,0,0,0,0,0,0,0,0,0,0,0,0,0,0,0,0,0,0,0,0,0,0,0,0,0,0,0,0,0,0,0,0,0,0,0,0,0,0,0,0,0,0,0,0,0,0,0
192,0,0,0,0,0,0,0,0,0,0,0,0,0,0,0,0,0,0,0,0,0,0,0,0,0,0,0,0,0,0,0,0,0,0,0,0,0,0,0,0,0,0,0,0,0,0,0,0,0,0,0,0,0,0,0,0,0,0,0,0,0,0,0,0,0,0,0,0,0,0,0,0,0,0,0,0,0,0,0,0,0,0,0,0,0,0,0,0,0,0,0,0,0,0,0,0,0,0,0,0,0,0,0,0,0,0,0,0,0,0,0,0,0,0,0,0,0,0,0,0,0,0,0,0,0,0,0,0,0,0,0,0,0,0,0,0,0,0,0,0,0,0,0,0,0,0,0,0,0,0,0,0,0,0,0,0,0,0,0,0,0,0,0,0,0,0,0,0,0,0,0,0,0,0,0,0,0,0,0,0,0,0,0,0,0,0,0,0,0,0,0,0,0,0,0,0,0,0,0,0
193,0,0,0,0,0,0,0,0,0,0,0,0,0,0,0,0,0,0,0,0,0,0,0,0,0,0,0,0,0,0,0,0,0,0,0,0,0,0,0,0,0,0,0,0,0,0,0,0,0,0,0,0,0,0,0,0,0,0,0,0,0,0,0,0,0,0,0,0,0,0,0,0,0,0,0,0,0,0,0,0,0,0,0,0,0,0,0,0,0,0,0,0,0,0,0,0,0,0,0,0,0,0,0,0,0,0,0,0,0,0,0,0,0,0,0,0,0,0,0,0,0,0,0,0,0,0,0,0,0,0,0,0,0,0,0,0,0,0,0,0,0,0,0,0,0,0,0,0,0,0,0,0,0,0,0,0,0,0,0,0,0,0,0,0,0,0,0,0,0,0,0,0,0,0,0,0,0,0,0,0,0,0,0,0,0,0,0,0,0,0,0,0,0,0,0,0,0,0,0,0
194,35926.9598239566,96977.2292879210,75907.9553077229,74351.2561307168,36516.3658612669,67464.0242694680,90750.3901938634,26805.6808738816,63616.4394367685,55312.7584144651,35071.8358840210,75669.7066238130,5883.2678688470,56386.5997578705,54700.0343344034,82096.6477606393,38313.5202220927,20105.4004615314,71814.8295815318,46163.1242939227,68807.7906713648,49541.7966117148,38289.3779469805,38459.8184555777,47447.5525465515,50741.4684852927,19924.0459872195,22849.7923144278,37113.4607803960,62523.5667184745,38479.4687438407,84775.0087590679,22522.8107119938,43947.4584644923,22244.3387590346,61170.8207714455,45809.4314850314,53945.2696348191,9987.6789237255,68983.0316850466,83985.5791671659,55216.9914031735,30272.3386899417,38086.5197585276,25055.0561959715,83514.8194749662,36625.6703840118,51573.1385818492,58936.4720477495,29846.9048883427,71774.4105633968,79301.0679139937,11428.3841993084,51794.6575148440,58256.0534824061,44958.8903893466,32051.8632932673,24563.1062404815,14158.5810370166,43232.7091895515,32742.5376199515,45895.4308287954,47654.9339990202,37287.1178829516,12286.4460612984,37412.6955234753,59995.0058017811,64226.3327972403,56341.1419903926,43779.4170082927,36354.6029810115,74967.5234072017,15307.0528710549,47102.4267857251,28955.2851845143,15270.1698283803,88094.8645953847,43746.6415467930,31733.5040204094,26332.4174815083,62000.8226339832,62732.1941648084,37830.9204549227,24687.5813210648,3347.8459479894,48088.1458117284,75043.7590199130,51789.2569531425,18378.0016295892,52783.7483517121,46346.9121915541,61896.0438167148,64117.6426727277,38115.7229093349,19975.8169301039,79585.2584624176,45883.0444721040,55802.7109273192,77724.7256265517,28604.6272471552,29955.9096772742,58181.6793834629,91340.8523276284,28456.2635267639,34884.5154451794,45897.9395142566,31983.9428876583,30164.6350989172,52428.8916620699,50609.6770239303,39700.4071052762,18134.3467708172,55208.5124911132,33472.5670237915,76131.9520848071,39498.5736774204,36097.2763487176,43530.7395760089,21225.3894429896,62309.0796442224,12949.0844818439,51091.4847330383,30145.3265277520,54911.9624764477,70041.4268910124,48435.0073076472,67145.6002484188,66971.9367312664,33167.8271595010,63018.9838661445,12455.6116269368,75261.6656704039,52396.2290322591,25107.9038898405,44121.8702831828,44011.2309519828,11429.8183665731,38303.6769422454,50260.0206552664,17952.7988054523,38305.0152431699,53903.9932228984,43697.0477641514,55321.9565635632,2150.6017311242,30489.0609558898,79834.2059407698,65098.2225935721,60448.4771036858,44241.9295378142,67390.7451812806,48334.0147792556,36359.8417885478,51169.1918011308,57603.7706242646,44429.4413883372,33457.3681818330,29645.8330851803,42772.4870940039,32405.6034029703,24533.7516171847,74099.5422699109,34814.6648052496,9147.2486711445,73081.2792071111,20323.0421283488,25506.4739253235,21079.7648221090,11457.0500497541,61820.8624889650,34154.8225688714,43065.8071100663,31585.2784955208,60224.4980592985,19693.0342043529,62393.3039053132,39155.2340557682,39077.4907036831,17351.0180418243,51282.8830888757,28146.4182548050,32126.0565344959,51646.6757323301,26236.0238108625,33606.9417238459,58362.4658431625,42345.7080258117,38793.1162391993,34139.9259830615,34973.7098043236,30045.8348026725,42412.1572763416,7960.3902658907,39557.6005150895,67354.2163542121,17493.8807580357,48152.3720551181,40707.5888326336,37299.0211959157,35668.2289653888
195,0,0,0,0,0,0,0,0,0,0,0,0,0,0,0,0,0,0,0,0,0,0,0,0,0,0,0,0,0,0,0,0,0,0,0,0,0,0,0,0,0,0,0,0,0,0,0,0,0,0,0,0,0,0,0,0,0,0,0,0,0,0,0,0,0,0,0,0,0,0,0,0,0,0,0,0,0,0,0,0,0,0,0,0,0,0,0,0,0,0,0,0,0,0,0,0,0,0,0,0,0,0,0,0,0,0,0,0,0,0,0,0,0,0,0,0,0,0,0,0,0,0,0,0,0,0,0,0,0,0,0,0,0,0,0,0,0,0,0,0,0,0,0,0,0,0,0,0,0,0,0,0,0,0,0,0,0,0,0,0,0,0,0,0,0,0,0,0,0,0,0,0,0,0,0,0,0,0,0,0,0,0,0,0,0,0,0,0,0,0,0,0,0,0,0,0,0,0,0,0
196,47322.2616427902,93778.1029450662,94266.9511413587,56563.0416580144,24560.8004239481,88678.2600120322,99414.4313116820,46290.0637954748,58282.7404873703,59219.4360872516,18123.4138821437,66252.2397766737,20304.3725053189,70394.8758138241,75635.4956867367,84919.7290075855,35797.3264147688,27717.6928058808,69386.6786026195,67651.6250267629,77451.2491118968,45497.4094754979,49613.8422502462,17328.4322509056,65823.1882509009,53915.5541089105,4148.8906389872,29943.8313353131,40642.5816777593,84096.0991433222,59685.3103637522,79210.3355911377,39166.3292509058,33057.6270146297,15745.0085326667,80390.9464228900,24931.1658546838,63798.6289136511,30359.2670993638,73660.6377488232,90149.4781943397,46619.0199209186,27511.8851658022,54404.6819577617,39390.7975393862,82272.9314127539,41656.0823017894,48996.2403501401,57557.8654620187,8707.7801135634,72910.0796185913,88968.3976611564,15985.7966896232,72588.6985010338,75621.0361471010,51792.4981778826,14887.6773135623,16520.9511793265,9059.4298980723,35759.0282599551,25698.0423839653,66172.3908013535,48735.8228756383,52631.7245924054,30847.6163848226,56487.3870715674,66747.6446040466,85401.3041160384,77780.5613060692,51292.1968792996,57936.8782038815,68347.6811554590,20144.0442307032,62078.7647902987,28977.0104425322,30435.9513181771,84550.6317078462,45033.8232053341,40006.3848010134,37929.2827674401,63435.7948728968,83458.6643886722,36239.3282913350,9092.7685323242,21419.4437046924,42172.3835085454,81892.8987536010,73375.5870159941,37614.4387056256,72285.7814262644,67736.6872314376,82429.8951655804,85643.1537449924,16696.3062463000,20696.9108872821,75864.3891884583,26870.3864961133,77224.7660384970,82505.0775206705,8091.4230495070,32782.5610239028,70034.0216944639,89682.0731106698,45457.8373033854,22648.9334524982,56209.9614170346,52777.4765297907,45010.0855194392,59453.6432441613,67431.7845253552,32898.2589944538,30731.3515073582,49558.5093086527,47537.3838300104,75256.9447339073,19683.7422045964,28809.0392232292,56472.6073505278,3152.4696137672,66506.5361741119,23648.1767311763,63156.1952818037,34453.0472420447,55973.7899856609,65638.6948630510,52449.7736371637,73855.5007828303,66527.2450492420,41812.8287545220,81183.9074983449,9886.1455239522,78244.4215417091,50632.0396528220,10985.0754688976,48415.9183935239,42754.4904139169,24222.6948972745,45907.7423159426,50761.0587383360,12050.3861953508,18883.7621865040,72290.5964722007,60981.7403034557,75624.6731229739,25067.2469160743,22028.3734029085,87574.2559737373,62787.8476327874,70522.6694730504,41881.6605878565,70182.9714484431,69303.9376029406,20934.0287132195,72450.2694592250,79187.3107420596,66016.1633437876,13863.2853295925,17046.3272521759,62263.1232314747,43899.1377650351,27239.0241965573,83280.6622020772,36073.7393177220,26221.6353332241,56457.0161576826,36942.0876454940,21825.8470177017,22675.6146445327,14791.2788564530,83088.1589561183,12593.3264312719,46861.1434612744,53152.6443428756,80151.0789501352,9728.4279461673,83809.9811282191,34101.4401384499,48122.7170925450,25465.5490281475,65083.5058412118,24650.6045204804,51245.9697530819,73169.3537942721,14623.2896023741,13636.7868876988,79335.6011427431,51434.3892672474,27826.5316497359,29989.1130933918,48583.6942728342,13263.9749569746,63278.6357352746,25734.4369467348,54200.8230232710,88242.1773158924,34350.0674954601,56491.3962392094,62233.9747925823,57365.9278755316,53632.5288392855
197,57628.2770298991,83550.0971140821,93704.5456415884,60926.9072397924,13767.4613611341,94806.5389830781,92961.8386927844,48100.8531390129,68298.4068177894,51712.2958340795,25935.0083241867,55328.8278912693,28203.9801200242,67317.8598015833,78260.2305443937,76408.1777237694,46588.4943842832,25274.3285423418,59560.4321950734,73179.0209931826,71392.8028360314,35787.0179389494,46037.7185428806,13371.0448756722,65877.6368466719,64868.3350990515,8137.2380796986,40474.0539951506,34088.2511543422,88439.5185615922,63093.1167035912,68647.3867544247,48063.6524472244,42329.1134344617,26693.1628802110,80846.5905706235,26927.4804280198,58733.6034717794,34206.1722855625,66027.6823187713,82783.1652909703,56077.1913228882,19851.3594894255,53420.6619167458,38368.9674767072,72586.2588319571,52553.3572273876,59596.1298744451,48255.1348883004,13997.5175339532,64044.4210380768,83142.1252054043,17864.1925214559,79372.3364356147,74610.9992326464,45882.9542643890,6474.3734110436,9414.5918096187,18767.1880526025,25499.1872037746,36233.4214671693,68057.0218445836,40601.5934215127,62153.0631660670,38789.4620404523,57459.1009270412,60151.0434003054,88352.4225106784,83414.8855977033,62101.4218540011,63006.6705252560,57694.7133812490,30412.2119774484,59885.4966113015,39934.1362779966,31201.3780519725,74314.6492433527,55964.2510893023,35745.5169194530,48026.5729070390,54881.5166078783,90312.9487650355,27933.7641173559,19339.5617467331,25966.2383341106,52374.4171922096,74952.1897952534,78020.3450612921,39844.7523390886,73185.6889079660,71433.6263148731,84344.1164099760,90914.8866536917,18141.1440905239,17072.4539941708,65664.4961013277,31681.5119555857,80896.7951348567,74731.3021689668,7854.6679819642,26872.5600022759,65765.2063732200,79821.3181295456,45480.1638016263,32172.1042463959,51714.8604487793,55695.4591701465,54555.2788103881,53246.3374976000,66256.7370527130,43200.0166974519,40381.9835064273,59655.5409119112,45610.2888318629,65754.9768523652,24425.5727034909,19042.8742894554,53352.0046842601,12832.2886533494,58873.2689424310,24084.1953592140,59249.4448515370,45325.1647504767,47521.6673213548,55406.0822972945,45282.4270759684,67037.7332539269,57296.7250441348,52420.4327368766,80681.4017246812,15387.7683911271,69896.4764938433,41424.9200810445,2732.5556324854,59364.0779230022,34088.4152046118,33365.9355394893,40761.1869433966,61626.1836680768,10767.0911138858,10945.5586643858,72173.9065542149,60365.6757939741,77345.2160635573,31272.3278614556,12703.8643381488,80903.7519526558,53101.5214941722,65332.2301270069,52599.3042880786,61933.2234241643,72091.2186723913,10090.0884660323,78494.9319376015,84042.1900726032,70746.0549194772,20124.7558572738,6752.9731195226,63415.1000847800,40871.4533390868,22394.6059738304,77338.1538433515,47029.7484417486,28899.1121777046,61788.6393046645,37522.9748027899,15142.9934281038,33487.7628915521,24358.8554433670,89125.9282124261,12472.6869667524,39927.9746019036,57808.4870831576,81346.8137907165,20680.7582693997,87396.5659834663,24673.4360730439,58761.6620504234,35645.3162702527,62068.6559512804,35559.0756041474,52484.7914061847,78522.3149508433,25095.0977861387,7319.8222611748,85877.0339514556,46608.2874234239,37371.6443881228,40741.7063911074,58483.4759891247,22068.3423502221,66019.6142176615,33654.6103321136,52181.3676946418,94888.6481629390,43039.2751376573,51022.3669118146,66498.5924887268,59259.2330179144,53836.7692204874
198,0,0,0,0,0,0,0,0,0,0,0,0,0,0,0,0,0,0,0,0,0,0,0,0,0,0,0,0,0,0,0,0,0,0,0,0,0,0,0,0,0,0,0,0,0,0,0,0,0,0,0,0,0,0,0,0,0,0,0,0,0,0,0,0,0,0,0,0,0,0,0,0,0,0,0,0,0,0,0,0,0,0,0,0,0,0,0,0,0,0,0,0,0,0,0,0,0,0,0,0,0,0,0,0,0,0,0,0,0,0,0,0,0,0,0,0,0,0,0,0,0,0,0,0,0,0,0,0,0,0,0,0,0,0,0,0,0,0,0,0,0,0,0,0,0,0,0,0,0,0,0,0,0,0,0,0,0,0,0,0,0,0,0,0,0,0,0,0,0,0,0,0,0,0,0,0,0,0,0,0,0,0,0,0,0,0,0,0,0,0,0,0,0,0,0,0,0,0,0,0
199,0,0,0,0,0,0,0,0,0,0,0,0,0,0,0,0,0,0,0,0,0,0,0,0,0,0,0,0,0,0,0,0,0,0,0,0,0,0,0,0,0,0,0,0,0,0,0,0,0,0,0,0,0,0,0,0,0,0,0,0,0,0,0,0,0,0,0,0,0,0,0,0,0,0,0,0,0,0,0,0,0,0,0,0,0,0,0,0,0,0,0,0,0,0,0,0,0,0,0,0,0,0,0,0,0,0,0,0,0,0,0,0,0,0,0,0,0,0,0,0,0,0,0,0,0,0,0,0,0,0,0,0,0,0,0,0,0,0,0,0,0,0,0,0,0,0,0,0,0,0,0,0,0,0,0,0,0,0,0,0,0,0,0,0,0,0,0,0,0,0,0,0,0,0,0,0,0,0,0,0,0,0,0,0,0,0,0,0,0,0,0,0,0,0,0,0,0,0,0,0
200,0,0,0,0,0,0,0,0,0,0,0,0,0,0,0,0,0,0,0,0,0,0,0,0,0,0,0,0,0,0,0,0,0,0,0,0,0,0,0,0,0,0,0,0,0,0,0,0,0,0,0,0,0,0,0,0,0,0,0,0,0,0,0,0,0,0,0,0,0,0,0,0,0,0,0,0,0,0,0,0,0,0,0,0,0,0,0,0,0,0,0,0,0,0,0,0,0,0,0,0,0,0,0,0,0,0,0,0,0,0,0,0,0,0,0,0,0,0,0,0,0,0,0,0,0,0,0,0,0,0,0,0,0,0,0,0,0,0,0,0,0,0,0,0,0,0,0,0,0,0,0,0,0,0,0,0,0,0,0,0,0,0,0,0,0,0,0,0,0,0,0,0,0,0,0,0,0,0,0,0,0,0,0,0,0,0,0,0,0,0,0,0,0,0,0,0,0,0,0,0
201,0,0,0,0,0,0,0,0,0,0,0,0,0,0,0,0,0,0,0,0,0,0,0,0,0,0,0,0,0,0,0,0,0,0,0,0,0,0,0,0,0,0,0,0,0,0,0,0,0,0,0,0,0,0,0,0,0,0,0,0,0,0,0,0,0,0,0,0,0,0,0,0,0,0,0,0,0,0,0,0,0,0,0,0,0,0,0,0,0,0,0,0,0,0,0,0,0,0,0,0,0,0,0,0,0,0,0,0,0,0,0,0,0,0,0,0,0,0,0,0,0,0,0,0,0,0,0,0,0,0,0,0,0,0,0,0,0,0,0,0,0,0,0,0,0,0,0,0,0,0,0,0,0,0,0,0,0,0,0,0,0,0,0,0,0,0,0,0,0,0,0,0,0,0,0,0,0,0,0,0,0,0,0,0,0,0,0,0,0,0,0,0,0,0,0,0,0,0,0,0
202,56235.0554770129,94644.0867111369,105485.0547626665,47468.0768039007,25060.6001031094,100762.2447365662,106419.9354901710,58188.5583319027,58182.3076313340,65069.7981288845,14721.9646605952,64095.2387389235,32283.1734759651,80196.5335315033,87792.1842829931,89325.4038868206,39456.7133221887,37583.2503093711,71453.1671330196,79882.7954432375,84864.6645040050,48098.8918926331,59006.2266473758,8776.4112373581,77229.0251398859,58840.5788113674,15703.6179675111,38781.7937562362,47559.5272560352,96401.7307292359,71929.5208894172,79057.4055647338,50172.0171839118,31624.0123879792,22565.8373034931,91984.7980681834,13734.4307314778,72107.7730277717,42571.8394741869,79320.5434080914,96115.0165626173,45230.0919638981,33310.0377569100,65313.7731525686,50174.4046421128,84561.4299051421,48370.7812206646,51196.0303717758,60790.9178311465,5661.4831109201,76797.8073986310,96610.1412190201,27420.0261243607,84514.2866084278,86595.9804791876,59335.7543693549,13866.9489997306,22756.9942538143,20672.6092019915,37350.2715996656,28584.2991503038,78159.1849693289,53836.7698096836,62786.0555010344,42601.7402573718,68185.8297606039,73613.9200488180,97618.1568432527,89981.8195396314,58404.5439450731,70225.4222705371,67937.1903699535,30109.7509924509,72391.9130137492,35075.9899079932,41861.6365712899,85450.5381649956,49668.2761112870,48857.7663185100,47480.4427656252,67862.0245863483,95329.8459641522,41211.8452226964,13802.3483159509,33653.6621005329,43000.2988687503,88370.7009135310,85676.5565399360,49567.6524342734,84010.8553503076,80016.2549283996,94454.1812980569,97888.2271419928,5831.9805908289,29651.3576026117,76933.6641749446,18290.8546817654,89508.6318655106,87964.6423177442,7631.0622612695,40272.0284753827,78994.3450670392,91533.9966792116,56752.7158543780,22514.0994277397,64962.1452907011,64940.2712238815,55247.0256521294,66717.7829114100,78302.9890795473,34422.9811621647,41158.9843545599,49861.7559807118,57925.1007349405,77974.5131871271,11200.0110876620,31721.6556033795,66199.2306207644,12808.2385233501,72182.8119255653,34813.6732806495,72368.9290398539,41623.2219010824,60592.2319377885,66714.0012954663,58711.5949078925,80478.0780964534,69820.5660329019,50014.2247036008,92402.6597818283,22017.6862897004,82917.1200692815,54104.0448698736,16067.9191256635,54250.4958682123,47167.1600770764,35382.8445612393,54104.3769043595,54524.8028757816,21708.6047015093,12346.9478637822,83648.1672552787,72089.8002842370,87591.1263443812,37339.1919720340,25905.8141866590,94349.1933098630,65220.2200129837,78734.1169133941,44873.6608528787,75025.3462281843,81478.3798800052,19243.6988803330,84581.7828530938,91475.5979754365,78316.6851716504,8491.3457041151,19728.6161484806,74038.8186909397,53614.9822338485,35524.6819937755,90808.6127792675,41656.3780208808,38170.7357383588,48341.3226099223,48379.8544184463,28544.8903368390,30851.5054737757,26040.6545608138,95202.4811355594,350.3178121232,53388.0908409325,65458.3869924716,91983.7521754336,18320.8026152273,96091.2532572942,37456.7609274843,56066.7665738335,35300.0513033894,74909.7908684219,29926.2771124203,63005.4872243263,85416.2353906685,18595.9871499054,8571.1332264435,91322.3436939303,59910.8233397096,27347.2049947748,33688.5628152683,58254.4649367069,12922.9132565720,75435.2656997389,37588.4876674906,64576.8426373878,100175.9410645746,45604.7517053023,64439.7955073421,74537.8638904840,69330.5692482211,65047.0498026790
203,0,0,0,0,0,0,0,0,0,0,0,0,0,0,0,0,0,0,0,0,0,0,0,0,0,0,0,0,0,0,0,0,0,0,0,0,0,0,0,0,0,0,0,0,0,0,0,0,0,0,0,0,0,0,0,0,0,0,0,0,0,0,0,0,0,0,0,0,0,0,0,0,0,0,0,0,0,0,0,0,0,0,0,0,0,0,0,0,0,0,0,0,0,0,0,0,0,0,0,0,0,0,0,0,0,0,0,0,0,0,0,0,0,0,0,0,0,0,0,0,0,0,0,0,0,0,0,0,0,0,0,0,0,0,0,0,0,0,0,0,0,0,0,0,0,0,0,0,0,0,0,0,0,0,0,0,0,0,0,0,0,0,0,0,0,0,0,0,0,0,0,0,0,0,0,0,0,0,0,0,0,0,0,0,0,0,0,0,0,0,0,0,0,0,0,0,0,0,0,0
204,0,0,0,0,0,0,0,0,0,0,0,0,0,0,0,0,0,0,0,0,0,0,0,0,0,0,0,0,0,0,0,0,0,0,0,0,0,0,0,0,0,0,0,0,0,0,0,0,0,0,0,0,0,0,0,0,0,0,0,0,0,0,0,0,0,0,0,0,0,0,0,0,0,0,0,0,0,0,0,0,0,0,0,0,0,0,0,0,0,0,0,0,0,0,0,0,0,0,0,0,0,0,0,0,0,0,0,0,0,0,0,0,0,0,0,0,0,0,0,0,0,0,0,0,0,0,0,0,0,0,0,0,0,0,0,0,0,0,0,0,0,0,0,0,0,0,0,0,0,0,0,0,0,0,0,0,0,0,0,0,0,0,0,0,0,0,0,0,0,0,0,0,0,0,0,0,0,0,0,0,0,0,0,0,0,0,0,0,0,0,0,0,0,0,0,0,0,0,0,0
205,57580.1443301223,81419.0011021001,90278.4303935844,64406.9209435561,12457.4331710448,92662.2272191610,89578.3136816097,45095.4700772454,70518.5124394015,48466.2905698632,28779.1848648128,54195.9802225405,27184.2220181689,63759.4067170621,75300.5096847102,73446.6583701384,48154.6946270225,21838.7509905997,57147.4274799852,70912.3081394230,67948.6713256358,33278.2537060087,42476.4461316872,16831.8612609696,62548.6450830656,65989.3762667603,7999.9554347186,40731.2731819735,30646.0298908650,85823.8677241978,60334.8994245611,66829.0743442003,47185.2099104916,44852.3540834324,27952.6726263400,77543.4983609778,30470.0725595969,55200.8534802241,31775.9098210589,62827.5902926116,79542.6901317864,58555.0284750261,16510.3622591836,50003.8901492981,34998.1951548134,70101.9525084291,53290.2116047484,61384.6337341233,45558.4771586866,17006.5515118531,61190.4197684908,79681.3054335070,15465.8931348034,77477.0608671010,71160.7630213709,42397.5024394133,6640.5077433352,7209.9649593633,18915.0659141777,23374.0820332628,38075.6959056387,64988.8113527953,37478.9629653768,61529.5694070359,37582.9473390340,54274.8713509853,56762.5693872179,85435.7992540173,81149.2460572736,62624.1199411263,60651.9973178999,55990.8072665894,30553.2632244775,56365.8470013609,41018.6422831741,28153.7285200013,72188.1267530802,57221.7142430862,32180.1861417545,47860.4669085119,51910.3425917106,88413.8329627371,24811.6150722930,21310.7471839816,23909.7762627381,54470.9313099794,71629.6500120243,75502.8410735778,36979.1053579529,69953.3402584964,68710.7791385058,81247.6768051190,88530.8774987067,21661.1020796612,13618.3152515434,63507.6358693242,35053.2541186467,78143.8305003374,71571.0290731671,9412.2352211268,23346.0341323213,62205.7991057076,77439.3128371741,42205.6578943258,34560.8576511085,48156.3005313731,52865.0390856902,53983.4544954739,49801.0621759081,62801.6132493037,45222.6517340553,39981.7305828434,61822.3875641405,42128.6739251483,63171.0182860344,27751.2221969335,16516.4804126771,49797.7775126788,14265.2908976375,55664.6371345471,21102.3927790434,55684.2756257446,46026.4438299084,44506.1300435327,53272.0231506724,41959.7988527475,63688.7253548703,54579.8429021485,52692.6716082409,77271.6494734149,14287.0191767272,66880.2938386629,38673.6258763537,155.7980739862,60282.4004642070,31107.2020584463,32781.5553155112,37217.4599057947,63054.3973011393,8254.2586352578,13718.6404930680,68814.7738326177,56971.9451923557,74229.2708079980,29573.0757393941,9849.9823321218,77543.8009583649,50602.8193225665,61810.7637302282,54259.9160718482,58880.5690016220,69177.1155932851,10496.4210828868,76364.1520873543,81562.9691496704,68272.0726274444,23177.3295665485,4407.0185648178,60240.9295327368,37331.8532125562,18830.0693552065,73885.7497161572,48139.6350251971,26284.0817429206,65183.4270151451,34378.7483349451,11613.6579325348,34148.7961537164,24201.8536042768,86965.8893035826,15996.0186633100,36554.4274252049,55369.4824868690,78143.2948821869,21830.7464847256,84611.5869515868,21975.2140063782,59047.2919740229,35648.5533481765,58513.4164155568,36922.8798140115,49360.2927121077,76190.3284182489,26968.7961673219,10742.9841056737,83883.4421008585,43056.7609242996,39772.5992716492,42364.1527975896,58119.0911749280,24609.7068751302,63113.8792421252,32520.4243598468,48681.3372714486,92909.6718634629,42106.5794936270,47508.1400973997,63923.7988129673,56219.0146718547,50555.5497180372
206,0,0,0,0,0,0,0,0,0,0,0,0,0,0,0,0,0,0,0,0,0,0,0,0,0,0,0,0,0,0,0,0,0,0,0,0,0,0,0,0,0,0,0,0,0,0,0,0,0,0,0,0,0,0,0,0,0,0,0,0,0,0,0,0,0,0,0,0,0,0,0,0,0,0,0,0,0,0,0,0,0,0,0,0,0,0,0,0,0,0,0,0,0,0,0,0,0,0,0,0,0,0,0,0,0,0,0,0,0,0,0,0,0,0,0,0,0,0,0,0,0,0,0,0,0,0,0,0,0,0,0,0,0,0,0,0,0,0,0,0,0,0,0,0,0,0,0,0,0,0,0,0,0,0,0,0,0,0,0,0,0,0,0,0,0,0,0,0,0,0,0,0,0,0,0,0,0,0,0,0,0,0,0,0,0,0,0,0,0,0,0,0,0,0,0,0,0,0,0,0
207,0,0,0,0,0,0,0,0,0,0,0,0,0,0,0,0,0,0,0,0,0,0,0,0,0,0,0,0,0,0,0,0,0,0,0,0,0,0,0,0,0,0,0,0,0,0,0,0,0,0,0,0,0,0,0,0,0,0,0,0,0,0,0,0,0,0,0,0,0,0,0,0,0,0,0,0,0,0,0,0,0,0,0,0,0,0,0,0,0,0,0,0,0,0,0,0,0,0,0,0,0,0,0,0,0,0,0,0,0,0,0,0,0,0,0,0,0,0,0,0,0,0,0,0,0,0,0,0,0,0,0,0,0,0,0,0,0,0,0,0,0,0,0,0,0,0,0,0,0,0,0,0,0,0,0,0,0,0,0,0,0,0,0,0,0,0,0,0,0,0,0,0,0,0,0,0,0,0,0,0,0,0,0,0,0,0,0,0,0,0,0,0,0,0,0,0,0,0,0,0
208,62660.3842718461,82753.8717457715,99258.8914847249,57972.0021569099,13234.3763145457,101212.5259494017,95853.8651891247,54321.6500714016,69665.1362339532,54188.1496650641,26325.5476100653,52751.8208901090,34220.0293401913,72117.2252020630,84517.8452776380,77773.8564928046,49446.3308846171,30886.1099373712,59556.3536288875,79604.0930159244,74664.7403263067,36336.5062259281,50835.3575695330,8560.7148663625,71686.2442883951,68325.8201798361,14138.1357903871,45276.6654287394,37601.4982886462,94847.3123870967,69456.1351485823,67265.1663673731,53887.3636079126,43215.5459572967,30409.8769611366,86700.9190113535,23714.8769256061,62684.8752644563,40632.6282837484,68240.3715892647,85080.7171361495,56918.3759582059,23260.9644313700,59028.1125420973,44109.7378006076,72667.7407714432,56653.7881404144,61923.4411513426,49074.5857507095,14692.1262964809,65157.1346003390,86479.2791811898,24284.9794098586,85716.0506554085,80095.0792522593,49531.3285801901,1754.1008270598,14428.1087868949,24054.2484772510,25512.4605586439,38733.8354265596,74225.7338687669,42759.0465609601,67729.6412179059,44861.5740273908,63501.5448754103,63177.9246502703,94639.3430576403,89839.1888637228,66433.2070816112,69436.9272265623,56165.1808060366,35458.5420775017,65067.8168397166,43658.3125459294,37384.8600878808,73552.7437302108,59260.0949288585,40432.2757476574,53228.4718877689,56407.4051861007,96654.7736525662,30337.0104823983,22161.3879295993,32380.8101203339,54136.2527191098,77613.6572341621,84443.4182180942,46153.1974379632,79159.6181287344,77810.5506767657,90485.3171888738,97345.2798720408,15602.2348418579,22680.1264917351,65022.9025381519,29762.6047652385,87263.9945120232,76759.4888980590,7639.0449490167,31020.3408718515,70053.0937790950,79618.0560609021,51396.7480160601,33594.6800815270,56031.0873729245,62026.0190384902,60109.6418298148,56605.5863888475,71729.8324003609,45226.1911956942,45852.3270274625,61200.3160200193,51008.7289769182,66127.6374580293,22987.2110315117,20315.3659288247,58247.3205701981,17016.6393882182,61158.3775807176,30313.5597074338,63758.9403148518,49532.3702211652,49253.5338259063,54798.5877947611,48118.1407623809,69847.8142206740,58079.6363157316,57116.4850083384,86290.1564706057,21580.6898303357,71463.6802854196,42482.1256057071,9403.7854208201,63161.5577227340,35918.7785467847,39041.6257061633,44922.4187540733,64596.9946402816,17147.7912420151,1900.6272458168,77915.3152437713,66029.6484997155,83466.0739570221,37593.1886463416,15322.1728599994,83713.8698235721,53364.7821307243,69155.3441808218,55225.5146293926,63662.6039432612,78378.3923759675,8339.4488178135,84900.4190274714,90469.2147804684,77172.9417387931,20106.4131877611,9388.7865124293,69469.4495113307,45957.3455797845,27267.8554378984,80639.8186952459,50634.8436799093,35294.2916469136,59389.0402635142,43615.1327536464,19615.2612745392,37888.7370258297,29786.8230402233,95535.3644038196,10465.3157892369,43038.6783282610,64237.0253197392,87360.9316462788,24761.2563022847,93751.6262420738,26030.8451511437,63407.6614913283,40769.5427621260,66929.8885138264,38915.4222199608,58597.2158416054,84951.5228955209,27831.2836690123,2174.7638985584,92249.0453949397,50831.8279919614,38648.6502156132,43574.3427941859,63834.1833301275,23486.1869739354,72311.2117924936,39705.8787875400,57484.6253456607,101254.6530226344,48920.2930757360,54845.2266030023,72912.4757660025,65452.7113590935,59738.4070754391
209,0,0,0,0,0,0,0,0,0,0,0,0,0,0,0,0,0,0,0,0,0,0,0,0,0,0,0,0,0,0,0,0,0,0,0,0,0,0,0,0,0,0,0,0,0,0,0,0,0,0,0,0,0,0,0,0,0,0,0,0,0,0,0,0,0,0,0,0,0,0,0,0,0,0,0,0,0,0,0,0,0,0,0,0,0,0,0,0,0,0,0,0,0,0,0,0,0,0,0,0,0,0,0,0,0,0,0,0,0,0,0,0,0,0,0,0,0,0,0,0,0,0,0,0,0,0,0,0,0,0,0,0,0,0,0,0,0,0,0,0,0,0,0,0,0,0,0,0,0,0,0,0,0,0,0,0,0.0000000000,0,0,0,0,0,0,0,0,0,0,0,0,0,0,0,0,0,0,0,0,0,0,0,0,0,0,0,0,0,0,0,0,0,0,0,0,0,0,0,0,0,0,0
210,33041.3369036382,100993.2424528649,82951.8020033592,67553.9794995409,36949.1020582839,71377.0774339914,97286.6664282135,33831.7053454250,56873.7216002594,60737.2959122926,28534.8931442074,77683.7680770000,2076.6250783069,63458.3930500535,60986.9930398081,87503.0335134260,31645.7156731593,25354.3172803451,75868.4828478255,50725.4375082374,75258.6638439484,52843.1108136878,44932.1542750979,34851.6943098694,54539.7697224966,45417.8799070036,17757.5912047637,17703.3515678411,42112.8670205905,67810.1643893195,44623.6268612220,88055.3600474655,22172.0329219870,36774.6546255597,15113.3839436876,68100.4407833615,40263.5532703558,60500.6795584487,17056.5759349358,74699.8156009950,90076.4648270124,48135.2290674627,33263.4357694567,45249.1019235113,31961.5595537010,87967.3248422348,31487.0414673826,45102.3172625282,63125.3736278166,24879.3798674754,76726.0419829513,85950.6946991766,13856.0713456535,55132.7139394327,65406.5377990767,50869.3844113780,30409.4248882510,25411.4459386046,11640.1954648149,45356.8575816395,25596.4806215346,52576.3842603151,52293.4311531961,36399.2071545669,13325.9999987901,44447.2125852867,66054.7923936652,70272.5793312758,60730.4600378477,39588.6466387208,41429.3902955210,77858.8215256641,8661.2168009825,54219.4986266758,22404.7958722484,22064.0137009401,91968.2720577564,37859.6350134529,37680.9847798940,23220.1363188111,66932.2688606730,65975.7870396800,41505.8523770003,18499.3489304737,10024.1802065094,41164.6840586768,81218.1483500807,56973.0544058753,25506.3885386862,59674.8569382181,52200.2580008015,68397.6868769308,68745.0299128060,33180.4758342428,23091.8760315295,83352.4536932057,39572.8395430188,61554.7902538418,83517.8616757686,25361.2424346854,34511.2515827774,65041.7476588620,95733.0896923826,35623.0306013208,27802.6934856784,52460.1450612959,38510.6116619337,28860.5168085128,58470.9089166385,57781.4776663788,32628.6580046280,15056.0085359845,48371.4262516907,40443.3754813206,80625.4155724149,33563.7419454347,38022.7427993751,50445.1455369773,16628.1480495806,67870.5271462232,18369.0335318183,57943.4856827542,24572.1431524654,59665.1964398977,73535.1731844790,53789.3248440983,73249.2371173769,71493.7767196989,29092.4558007700,70103.5293533114,10885.9289316564,80661.0745633564,56383.0847823905,24015.0244222518,38968.2897380764,47960.3477808941,7717.3809612267,44260.1100812677,44322.0485193803,18277.3387013031,35839.6433079035,60980.6676931781,50864.0369427128,61951.6676705537,9236.2849518405,31738.7229163255,86185.7064502784,69115.6783255972,67078.2933239141,37702.7363974597,72688.5198406710,54625.2867377954,35555.2158092220,55234.3696069241,62584.7273177747,49640.5121359150,27627.5741188879,29483.1933049416,49704.4420690672,38992.8973063848,28731.5571521478,80658.7114531625,28699.5592393038,16015.2722722122,66121.5665327173,27428.2163848524,27856.0648733298,14373.2582131623,1644.5232105128,65835.6682836661,29933.4476165570,48273.1062818136,37084.1195053882,66974.4721193683,13211.2652272012,68130.0866034301,41881.0169684455,35321.2712409670,12057.7972763335,58322.8005407429,21131.5186455782,39179.0839426332,56301.6509990457,19326.8856688570,30768.2105134184,61925.8680487670,48657.3274140313,31630.2780149831,27198.7960572616,33111.1203075462,23676.9625663867,48811.0865984486,8217.9587409720,46624.7396271568,70793.6218726935,17163.0682413178,54396.7869689054,46298.6252139881,44104.3467498116,42820.1238816577
211,0,0,0,0,0,0,0,0,0,0,0,0,0,0,0,0,0,0,0,0,0,0,0,0,0,0,0,0,0,0,0,0,0,0,0,0,0,0,0,0,0,0,0,0,0,0,0,0,0,0,0,0,0,0,0,0,0,0,0,0,0,0,0,0,0,0,0,0,0,0,0,0,0,0,0,0,0,0,0,0,0,0,0,0,0,0,0,0,0,0,0,0,0,0,0,0,0,0,0,0,0,0,0,0,0,0,0,0,0,0,0,0,0,0,0,0,0,0,0,0,0,0,0,0,0,0,0,0,0,0,0,0,0,0,0,0,0,0,0,0,0,0,0,0,0,0,0,0,0,0,0,0,0,0,0,0,0,0,0,0,0,0,0,0,0,0,0,0,0,0,0,0,0,0,0,0,0,0,0,0,0,0,0,0,0,0,0,0,0,0,0,0,0,0,0,0,0,0,0,0
212,35709.5753004897,97185.7483115188,73369.0906384459,77015.6367194679,38298.4677681387,64912.7741375542,89428.1710178023,24248.9332403379,65277.1983565607,54848.0126088114,37791.8698217059,76763.1837063237,7299.4966049267,54481.0758841616,51915.3865623740,81583.5883266859,39970.9070651331,20070.9691178881,72048.3930607747,43513.3777395155,67582.7879985009,50197.1368597931,36965.1086973960,41109.8063260701,44962.0637979422,51533.6352087699,22461.9176400765,23807.6157912109,36995.5958898276,59762.2979905676,35684.5214063749,85337.7149876169,21548.1364695624,46263.0998594413,24692.1572729215,58549.3552593954,48606.0996148451,52655.7459370679,7599.9016664214,68297.5461588912,83020.4558835173,57251.6290001657,31211.7495348931,35961.9392527605,23499.9879572103,83527.3184389202,37403.6880587038,53045.3200817960,59139.7650722632,32633.1787650182,71543.1978301085,77886.4819742393,13136.9448244458,49391.4713452526,55874.9503593937,44212.0743958096,34388.9861067299,26349.6241015686,16944.2312988141,44401.3349875785,34926.1037982830,43172.9063894480,47672.8793246991,36279.3319936273,11263.7916668394,34864.4139377798,59092.3345344313,61430.5175379276,53710.2037177884,44057.9215434505,33636.2735103477,75715.0846238894,17167.9118802177,45113.5975905335,30579.0275315077,14008.9387536183,88383.5407728747,44877.0860377012,31041.7451224214,26345.6041965387,61804.8171830139,60332.4586467212,38391.9427430638,27447.0238864593,3579.5112664298,49940.3450480776,74028.9169882505,49043.2638373808,15967.7739173879,50140.6934752449,43551.9574373042,59138.5111916458,61440.7515446153,40894.6823528229,21052.1632535338,79938.2299509554,48643.1737010346,53010.1123223492,76973.7748245872,31235.8891442422,30156.8233135907,56573.2056600177,91372.0310276041,26325.1875072132,37385.7854315280,44623.6289093361,29222.3508917177,29397.2767463195,51559.5800972647,48330.4813379018,41741.2141422598,18369.6096341780,56965.2798515554,31778.3648159566,76136.8561408192,42286.8980291229,37391.3528136149,41883.3857759610,24006.4908385251,61738.5066198045,13065.8587324259,49504.4635226248,31201.0749094898,54837.0006166990,70540.0072635339,48039.4866006422,66195.9904232439,66982.7967829518,33485.8293962837,60522.9319806218,15041.9889426279,74764.0075576375,52723.1903933589,27386.0488031309,44857.6721388282,44399.1566608751,12345.2681776117,37557.8182946068,51394.3868978637,20016.7387439616,40773.5235451905,51398.9883971160,41383.9319559082,52588.7147122371,1228.4479021000,32071.2719108132,78676.3889557183,65366.3351098744,59076.9114500418,45783.6469200731,66969.9800815621,45548.7633286607,38479.4112638472,48606.2997378205,54879.6750718164,41684.8709099287,36248.3180714001,31653.2002002319,40149.7852167602,31167.0392228092,25004.3189796249,72773.4576378633,36126.5421779761,8029.6698695975,75673.8812752515,18449.8102846676,26770.7384957803,22881.1907166282,13976.2664914597,59254.8124709757,36883.7232445175,42785.9942696130,28819.8428493352,57525.5631372276,22402.7304279028,59600.6579580830,40117.0970987921,39197.6614269936,18518.9416285764,49439.0749286823,30150.2614502607,29595.9623305199,48975.0224748819,28841.0517355657,36157.6228283578,55895.7672008818,41303.7162627471,41167.9277138406,36044.6275580876,34358.6935565845,32789.4693835956,39636.2296309441,7903.5575178505,37686.4645029811,64903.6278066050,16685.5275198502,47142.7573244782,37927.7160090820,34614.1976482493,33299.4436555935
213,0,0,0,0,0,0,0,0,0,0,0,0,0,0,0,0,0,0,0,0,0,0,0,0,0,0,0,0,0,0,0,0,0,0,0,0,0,0,0,0,0,0,0,0,0,0,0,0,0,0,0,0,0,0,0,0,0,0,0,0,0,0,0,0,0,0,0,0,0,0,0,0,0,0,0,0,0,0,0,0,0,0,0,0,0,0,0,0,0,0,0,0,0,0,0,0,0,0,0,0,0,0,0,0,0,0,0,0,0,0,0,0,0,0,0,0,0,0,0,0,0,0,0,0,0,0,0,0,0,0,0,0,0,0,0,0,0,0,0,0,0,0,0,0,0,0,0,0,0,0,0,0,0,0,0,0,0,0,0,0,0,0,0,0,0,0,0,0,0,0,0,0,0,0,0,0,0,0,0,0,0,0,0,0,0,0,0,0,0,0,0,0,0,0,0,0,0,0,0,0
214,0,0,0,0,0,0,0,0,0,0,0,0,0,0,0,0,0,0,0,0,0,0,0,0,0,0,0,0,0,0,0,0,0,0,0,0,0,0,0,0,0,0,0,0,0,0,0,0,0,0,0,0,0,0,0,0,0,0,0,0,0,0,0,0,0,0,0,0,0,0,0,0,0,0,0,0,0,0,0,0,0,0,0,0,0,0,0,0,0,0,0,0,0,0,0,0,0,0,0,0,0,0,0,0,0,0,0,0,0,0,0,0,0,0,0,0,0,0,0,0,0,0,0,0,0,0,0,0,0,0,0,0,0,0,0,0,0,0,0,0,0,0,0,0,0,0,0,0,0,0,0,0,0,0,0,0,0,0,0,0,0,0,0,0,0,0,0,0,0,0,0,0,0,0,0,0,0,0,0,0,0,0,0,0,0,0,0,0,0,0,0,0,0,0,0,0,0,0,0,0
215,0,0,0,0,0,0,0,0,0,0,0,0,0,0,0,0,0,0,0,0,0,0,0,0,0,0,0,0,0,0,0,0,0,0,0,0,0,0,0,0,0,0,0,0,0,0,0,0,0,0,0,0,0,0,0,0,0,0,0,0,0,0,0,0,0,0,0,0,0,0,0,0,0,0,0,0,0,0,0,0,0,0,0,0,0,0,0,0,0,0,0,0,0,0,0,0,0,0,0,0,0,0,0,0,0,0,0,0,0,0,0,0,0,0,0,0,0,0,0,0,0,0,0,0,0,0,0,0,0,0,0,0,0,0,0,0,0,0,0,0,0,0,0,0,0,0,0,0,0,0,0,0,0,0,0,0,0,0,0,0,0,0,0,0,0,0,0,0,0,0,0,0,0,0,0,0,0,0,0,0,0,0,0,0,0,0,0,0,0,0,0,0,0,0,0,0,0,0,0,0
216,0,0,0,0,0,0,0,0,0,0,0,0,0,0,0,0,0,0,0,0,0,0,0,0,0,0,0,0,0,0,0,0,0,0,0,0,0,0,0,0,0,0,0,0,0,0,0,0,0,0,0,0,0,0,0,0,0,0,0,0,0,0,0,0,0,0,0,0,0,0,0,0,0,0,0,0,0,0,0,0,0,0,0,0,0,0,0,0,0,0,0,0,0,0,0,0,0,0,0,0,0,0,0,0,0,0,0,0,0,0,0,0,0,0,0,0,0,0,0,0,0,0,0,0,0,0,0,0,0,0,0,0,0,0,0,0,0,0,0,0,0,0,0,0,0,0,0,0,0,0,0,0,0,0,0,0,0,0,0,0,0,0,0,0,0,0,0,0,0,0,0,0,0,0,0,0,0,0,0,0,0,0,0,0,0,0,0,0,0,0,0,0,0,0,0,0,0,0,0,0
217,0,0,0,0,0,0,0,0,0,0,0,0,0,0,0,0,0,0,0,0,0,0,0,0,0,0,0,0,0,0,0,0,0,0,0,0,0,0,0,0,0,0,0,0,0,0,0,0,0,0,0,0,0,0,0,0,0,0,0,0,0,0,0,0,0,0,0,0,0,0,0,0,0,0,0,0,0,0,0,0,0,0,0,0,0,0,0,0,0,0,0,0,0,0,0,0,0,0,0,0,0,0,0,0,0,0,0,0,0,0,0,0,0,0,0,0,0,0,0,0,0,0,0,0,0,0,0,0,0,0,0,0,0,0,0,0,0,0,0,0,0,0,0,0,0,0,0,0,0,0,0,0,0,0,0,0,0,0,0,0,0,0,0,0,0,0,0,0,0,0,0,0,0,0,0,0,0,0,0,0,0,0,0,0,0,0,0,0,0,0,0,0,0,0,0,0,0,0,0,0
218,0,0,0,0,0,0,0,0,0,0,0,0,0,0,0,0,0,0,0,0,0,0,0,0,0,0,0,0,0,0,0,0,0,0,0,0,0,0,0,0,0,0,0,0,0,0,0,0,0,0,0,0,0,0,0,0,0,0,0,0,0,0,0,0,0,0,0,0,0,0,0,0,0,0,0,0,0,0,0,0,0,0,0,0,0,0,0,0,0,0,0,0,0,0,0,0,0,0,0,0,0,0,0,0,0,0,0,0,0,0,0,0,0,0,0,0,0,0,0,0,0,0,0,0,0,0,0,0,0,0,0,0,0,0,0,0,0,0,0,0,0,0,0,0,0,0,0,0,0,0,0,0,0,0,0,0,0,0,0,0,0,0,0,0,0,0,0,0,0,0,0,0,0,0,0,0,0,0,0,0,0,0,0,0,0,0,0,0,0,0,0,0,0,0,0,0,0,0,0,0
219,0,0,0,0,0,0,0,0,0,0,0,0,0,0,0,0,0,0,0,0,0,0,0,0,0,0,0,0,0,0,0,0,0,0,0,0,0,0,0,0,0,0,0,0,0,0,0,0,0,0,0,0,0,0,0,0,0,0,0,0,0,0,0,0,0,0,0,0,0,0,0,0,0,0,0,0,0,0,0,0,0,0,0,0,0,0,0,0,0,0,0,0,0,0,0,0,0,0,0,0,0,0,0,0,0,0,0,0,0,0,0,0,0,0,0,0,0,0,0,0,0,0,0,0,0,0,0,0,0,0,0,0,0,0,0,0,0,0,0,0,0,0,0,0,0,0,0,0,0,0,0,0,0,0,0,0,0,0,0,0,0,0,0,0,0,0,0,0,0,0,0,0,0,0,0,0,0,0,0,0,0,0,0,0,0,0,0,0,0,0,0,0,0,0,0,0,0,0,0,0
220,0,0,0,0,0,0,0,0,0,0,0,0,0,0,0,0,0,0,0,0,0,0,0,0,0,0,0,0,0,0,0,0,0,0,0,0,0,0,0,0,0,0,0,0,0,0,0,0,0,0,0,0,0,0,0,0,0,0,0,0,0,0,0,0,0,0,0,0,0,0,0,0,0,0,0,0,0,0,0,0,0,0,0,0,0,0,0,0,0,0,0,0,0,0,0,0,0,0,0,0,0,0,0,0,0,0,0,0,0,0,0,0,0,0,0,0,0,0,0,0,0,0,0,0,0,0,0,0,0,0,0,0,0,0,0,0,0,0,0,0,0,0,0,0,0,0,0,0,0,0,0,0,0,0,0,0,0,0,0,0,0,0,0,0,0,0,0,0,0,0,0,0,0,0,0,0,0,0,0,0,0,0,0,0,0,0,0,0,0,0,0,0,0,0,0,0,0,0,0,0
221,35259.8504205470,98069.9628849240,79471.9851067950,70781.3526015384,35596.2147638157,70079.7186907625,93486.2161616614,30375.6334022494,60699.1456974434,57248.0662557255,31522.9413783148,75642.8181519915,1191.9984724564,59624.9007380673,58157.7122821198,84033.7299852192,35448.7403400421,21854.1442457656,72914.7870262700,49014.7435779871,71474.0097623933,50180.7521120901,41104.6275476473,35778.0030902809,51000.5578094372,48769.2463745922,17668.7544760272,20894.0595265358,38749.8764984821,65665.3673644427,41887.8748026327,85442.0856652305,23019.3517995994,40504.5870403888,18740.9622744313,64743.5136840445,42491.5084763379,56691.7459628031,13557.5537449853,71120.9736890082,86387.3108160074,51974.8402963029,30674.2172637838,41482.4094405337,28110.9695686022,84858.6269041938,34736.8334064501,48860.4740631383,60104.3340827507,26665.7255079427,73417.1664175120,82127.9326574988,11240.7014591472,54149.9986795641,61770.7628606409,47217.6516541750,30141.0847494985,23767.0531113589,10740.0272803292,43207.9365797847,29408.7057782401,49440.3574710667,49081.1889358984,37636.1179191160,13229.9395218886,40980.4181303651,62368.0104368335,67619.4568161223,59137.6546367836,42442.7379452566,39388.3534785408,75411.4029542598,12415.4101650004,50405.7544603616,26168.6352667922,18214.0994841847,89100.6635363082,41419.9357300601,34005.4311653879,25487.7251544600,63624.4617093021,65063.0367243476,38657.3574727887,21182.8747426064,8116.1197921237,45013.1651404652,77503.7351401798,54885.4382799000,21922.0909153057,56355.0674539351,49670.8980751431,65408.2637772021,67014.9503538538,34969.2874717868,20371.3131709080,80524.6558209093,42377.4533122751,59100.1027762863,79917.5646562559,26014.1727500235,31290.8597936275,61192.7563161405,92652.3898096904,31869.0488180075,31344.2744578437,48648.1119992753,35491.4591178617,30266.0721533054,54785.8835633872,54079.8875226833,36472.2605635650,17199.7878598505,52211.2036383321,36595.1040143815,77496.2261246731,36070.7910547007,35940.5941626299,46594.3744504419,18105.8896003166,64339.5671337371,14769.8009300114,54094.6947004940,27983.1543066731,56418.1231547208,70816.9769984984,50318.1955676567,69552.4504096527,68347.0579189977,31858.8802485932,66573.3420342613,10243.6466634616,77191.5875246781,53436.1864942746,23384.8664990988,42240.5799052782,45014.3535053945,9954.7171756041,40589.5250297955,47907.2815743237,16797.0903078591,36075.5304548284,57461.4299784987,47186.3741745191,58859.3031989232,6041.1692396438,29947.5925738274,82426.0660829589,66171.1608479411,63257.0278476839,41476.2129787322,69250.9803961349,51790.3428328224,34848.8923130922,53828.1268282916,60630.1459771792,47527.4485438264,30046.6484785987,28395.5022396266,46345.0556888310,35172.0064844938,25620.7765758588,76852.0598969317,32329.8431158710,12167.0099929243,69511.2516855807,23616.3369279875,25517.0965842560,18167.9191161095,9190.6064708163,64472.5743752876,31234.8141806667,44846.5542992510,34767.7820375609,63782.2344139012,16136.5156231158,65689.1990083849,39445.2451997536,37963.5215485372,15257.5355624318,54482.0019395991,24982.2097687003,35691.4223605266,54542.3047579257,22666.2401225914,31204.0551112941,60823.2334208991,44896.9367464302,35316.5275063755,31047.3856339096,34825.1568084424,26518.2079816852,45894.0074236581,8201.9660634298,42791.7154910396,69773.1825388128,17914.7999826356,50655.5642107459,43937.6246141558,40861.2564369989,39185.0584489530
222,0,0,0,0,0,0,0,0,0,0,0,0,0,0,0,0,0,0,0,0,0,0,0,0,0,0,0,0,0,0,0,0,0,0,0,0,0,0,0,0,0,0,0,0,0,0,0,0,0,0,0,0,0,0,0,0,0,0,0,0,0,0,0,0,0,0,0,0,0,0,0,0,0,0,0,0,0,0,0,0,0,0,0,0,0,0,0,0,0,0,0,0,0,0,0,0,0,0,0,0,0,0,0,0,0,0,0,0,0,0,0,0,0,0,0,0.0000000000,0,0,0,0,0,0,0,0,0,0,0,0,0,0,0,0,0,0,0,0,0,0,0,0,0,0,0,0,0,0,0,0,0,0,0,0,0,0,0,0,0,0,0,0,0,0,0,0,0,0,0,0,0,0,0,0,0,0,0,0,0,0,0,0,0,0,0,0,0,0,0,0,0,0,0,0,0,0,0,0,0,0,0,0
223,0,0,0,0,0,0,0,0,0,0,0,0,0,0,0,0,0,0,0,0,0,0,0,0,0,0,0,0,0,0,0,0,0,0,0,0,0,0,0,0,0,0,0,0,0,0,0,0,0,0,0,0,0,0,0,0,0,0,0,0,0,0,0,0,0,0,0,0,0,0,0,0,0,0,0,0,0,0,0,0,0,0,0,0,0,0,0,0,0,0,0,0,0,0,0,0,0,0,0,0,0,0,0,0,0,0,0,0,0,0,0,0,0,0,0,0,0,0,0,0,0,0,0,0,0,0,0,0,0,0,0,0,0,0,0,0,0,0,0,0,0,0,0,0,0,0,0,0,0,0,0,0,0,0,0,0,0,0,0,0,0,0,0,0,0,0,0,0,0,0,0,0,0,0,0,0,0,0,0,0,0,0,0,0,0,0,0,0,0,0,0,0,0,0,0,0,0,0,0,0
224,0,0,0,0,0,0,0,0,0,0,0,0,0,0,0,0,0,0,0,0,0,0,0,0,0,0,0,0,0,0,0,0,0,0,0,0,0,0,0,0,0,0,0,0,0,0,0,0,0,0,0,0,0,0,0,0,0,0,0,0,0,0,0,0,0,0,0,0,0,0,0,0,0,0,0,0,0,0,0,0,0,0,0,0,0,0,0,0,0,0,0,0,0,0,0,0,0,0,0,0,0,0,0,0,0,0,0,0,0,0,0,0,0,0,0,0,0,0,0,0,0,0,0,0,0,0,0,0,0,0,0,0,0,0,0,0,0,0,0,0,0,0,0,0,0,0,0,0,0,0,0,0,0,0,0,0,0,0,0,0,0,0,0,0,0,0,0,0,0,0,0,0,0,0,0,0,0,0,0,0,0,0,0,0,0,0,0,0,0,0,0,0,0,0,0,0,0,0,0,0
225,56695.7500019823,78039.1497783689,81128.5085827117,72940.6288394941,15089.5403556452,86144.4823344186,81731.1873908973,36782.1227073770,75347.4313448913,41426.3109748505,35783.1025468724,54070.0999533839,24880.5427546140,54655.8112279644,66973.0666090225,67347.9274982405,51580.4353982433,12721.4239747810,53121.3321196667,64203.4901966644,59859.1807256514,29536.6568066623,33403.3989571260,26023.7858383696,53534.1855870205,67990.9516550109,12134.8041738813,41053.7693053754,22843.7848078651,78227.9015138957,52509.4982295691,64541.4716132686,44364.4712316743,50755.7464554864,31335.8038285898,68559.5535584798,39346.6776462331,46610.9206643241,25206.2841245887,55866.8856649980,72336.0926770148,64174.1281164620,10209.7743866500,40873.8264598545,25952.9206110229,65688.9914861350,54504.6195011382,65170.2428714405,40750.9104276114,24753.4748906437,55581.6492259693,71478.7527189237,10499.2105314872,71639.3691237140,61991.3741009204,34183.8063782701,15349.7786755307,3910.0989318668,20548.7364314825,21667.4460354491,42431.1571176666,56457.7150075766,31161.4050708408,59093.8379734466,34190.6065841352,45533.6284677672,48995.8810755814,77179.0334410956,74388.9756727442,63128.6371007349,53799.3769802288,54204.2795855209,31053.9902096318,47176.8481339738,43417.1629697669,19929.8777513760,68902.1110618438,59697.9360017094,23209.0144872074,46879.2038981190,45966.2174424271,82506.2360614915,18988.7868882897,26718.6173401590,18892.6626360776,59141.7104470998,64103.2391606597,68169.8373189826,29091.4074286448,61095.0522664575,60928.5851080610,72631.0234866812,81461.0945994534,30483.1741781928,3258.5320631913,60223.3490244974,43317.8168714472,70260.4527182365,64722.4987878040,18019.5375312906,15055.4443041659,53355.6242183980,73298.4520156693,33319.0175544783,40335.6192818575,39336.9367072747,44912.9337420699,51811.2855167087,41778.0647440064,53629.3312217873,49855.5865284004,38635.3188675488,66589.1810479533,32941.4965916324,58492.9615143284,35953.7619379697,14364.3033685746,40674.5133504088,19362.8084087431,48720.0349352455,13318.2410134813,46722.4140294883,47316.6903767677,38497.9631494460,50216.5151661219,34637.8316334894,56075.7018573914,49544.4805341680,52728.4117178390,68140.8297053735,13732.3234824545,60620.0969422389,33834.3650236893,9699.0227623766,61840.2152399330,25607.0570866612,31276.5747300154,28597.0411646541,65886.8206079651,9907.5676337599,22474.1269723611,59751.3311877518,47867.2934207232,65584.3682907874,25202.4564299719,8628.9597684574,69831.3623796576,46394.6775884237,53287.5262886101,57815.3740756774,52543.4358903505,60963.4857717169,16842.2949476347,69954.4688004503,74295.4547386087,61077.5446325763,30803.9411082269,9864.3990806981,51506.3197138719,28166.3428327751,9890.7335467127,65738.5991036265,50413.0507705737,19395.2020560781,73400.2345570549,25819.3596760811,4199.9035294437,35756.4804145981,24444.2544398504,80433.1742373332,24873.7281541573,29048.1271739027,48352.9893200760,69328.3339043268,25416.9855159627,76640.1720736638,18300.2966417427,58997.8010312572,35526.1644655683,49393.0568224520,40146.7643182857,40757.8361716696,69294.6366937479,31822.1728326958,19932.6291612866,77767.7555884535,34333.3272948552,45457.7859889182,46062.6520893457,56408.1620840992,31060.0352296413,54938.7253601719,29555.2719473346,39488.0853550276,86788.1132671249,39286.5492597220,39076.6374269880,56512.6470645066,47772.8642597721,41636.7445360044
226,0,0,0,0,0,0,0,0,0,0,0,0,0,0,0,0,0,0,0,0,0,0,0,0,0,0,0,0,0,0,0,0,0,0,0,0,0,0,0,0,0,0,0,0,0,0,0,0,0,0,0,0,0,0,0,0,0,0,0,0,0,0,0,0,0,0,0,0,0,0,0,0,0,0,0,0,0,0,0,0,0,0,0,0.0000000000,0,0,0,0,0,0,0,0,0,0,0,0,0,0,0,0,0,0,0,0,0,0,0,0,0,0,0,0,0,0,0,0,0,0,0,0,0,0,0,0,0,0,0,0,0,0,0,0,0,0,0,0,0,0,0,0,0,0,0,0,0,0,0,0,0,0,0,0,0,0,0,0,0,0,0,0,0,0,0,0,0,0,0,0,0,0,0,0,0,0,0,0,0,0,0,0,0,0,0,0,0,0,0,0,0,0,0,0,0,0,0,0,0,0,0,0
227,0,0,0,0,0,0,0,0,0,0,0,0,0,0,0,0,0,0,0,0,0,0,0,0,0,0,0,0,0,0,0,0,0,0,0,0,0,0,0,0,0,0,0,0,0,0,0,0,0,0,0,0,0,0,0,0,0,0,0,0,0,0,0,0,0,0,0,0,0,0,0,0,0,0,0,0,0,0,0,0,0,0,0,0,0,0,0,0,0,0,0,0,0,0,0,0,0,0,0,0,0,0,0,0,0,0,0,0,0,0,0,0,0,0,0,0,0,0,0,0,0,0,0,0,0,0,0,0,0,0,0,0,0,0,0,0,0,0,0,0,0,0,0,0,0,0,0,0,0,0,0,0,0,0,0,0,0,0,0,0,0,0,0,0,0,0,0,0,0,0,0,0,0,0,0,0,0,0,0,0,0,0,0,0,0,0,0,0,0,0,0,0,0,0,0,0,0,0,0,0
228,0,0,0,0,0,0,0,0,0,0,0,0,0,0,0,0,0,0,0,0,0,0,0,0,0,0,0,0,0,0,0,0,0,0,0,0,0,0,0,0,0,0,0,0,0,0,0,0,0,0,0,0,0,0,0,0,0,0,0,0,0,0,0,0,0,0,0,0,0,0,0,0,0,0,0,0,0,0,0,0,0,0,0,0,0,0,0,0,0,0,0,0,0,0,0,0,0,0,0,0,0,0,0,0,0,0,0,0,0,0,0,0,0,0,0,0,0,0,0,0,0,0,0,0,0,0,0,0,0,0,0,0,0,0,0,0,0,0,0,0,0,0,0,0,0,0,0,0,0,0,0,0,0,0,0,0,0,0,0,0,0,0,0,0,0,0,0,0,0,0,0,0,0,0,0,0,0,0,0,0,0,0,0,0,0,0,0,0,0,0,0,0,0,0,0,0,0,0,0,0
229,0,0,0,0,0,0,0,0,0,0,0,0,0,0,0,0,0,0,0,0,0,0,0,0,0,0,0,0,0,0,0,0,0,0,0,0,0,0,0,0,0,0,0,0,0,0,0,0,0,0,0,0,0,0,0,0,0,0,0,0,0,0,0,0,0,0,0,0,0,0,0,0,0,0,0,0,0,0,0,0,0,0,0,0,0,0,0,0,0,0,0,0,0,0,0,0,0,0,0,0,0,0,0,0,0,0,0,0,0,0,0,0,0,0,0,0,0,0,0,0,0,0,0,0,0,0,0,0,0,0,0,0,0,0,0,0,0,0,0,0,0,0,0,0,0,0,0,0,0,0,0,0,0,0,0,0,0,0,0,0,0,0,0,0,0,0,0,0,0,0,0,0,0,0,0,0,0,0,0,0,0,0,0,0,0,0,0,0,0,0,0,0,0,0,0,0,0,0,0,0
230,55006.3807994055,77978.9959553016,72985.5094137411,79811.7034200088,22031.8157068270,79257.2283658963,76457.2526402989,28801.2307685722,78517.4040775841,37836.3008318019,41542.9067914083,57306.8504075064,23460.1988103570,47208.0190341571,58908.1454308463,64475.6349051014,53864.7558665901,8029.1382157345,52816.1128024603,57270.1933505215,54379.1420506985,30519.8300192720,26190.1483902470,34091.4321972172,45286.0812502610,68687.1338394914,18078.3467419256,40940.1850392131,18996.7702153519,70586.3607799703,44791.1941480660,65710.9420688282,41233.5242911282,55239.4103794929,34366.0867966875,60305.6530772634,46786.3186030555,40404.7176078000,19180.9968743664,52068.4380976053,68012.2990239003,68198.7114092407,11781.2964439234,32704.3867454999,17710.4564378891,64737.0204205887,54755.2506410536,67515.6146930332,39982.8709071529,31433.9640047759,53477.8243217988,65731.4566789889,9806.5950550647,65363.6021758591,53893.5284618273,28936.6244457097,23601.9321973686,12112.3650860166,23215.3658468842,25239.4219501082,45777.0752838898,48305.5792119411,29017.6764517591,55951.4808553847,30947.2682670925,37308.7501987682,44158.7943486543,69139.8195949903,67362.7373205723,62561.3129417923,46825.8331732232,56029.3092092915,31662.9383607554,39349.8967421886,45044.3397000550,12267.4101727865,69051.1290946695,60962.9127652325,16570.0462100637,45364.8166530157,43687.9794753738,76110.9143382771,18754.2240008167,31611.1980813935,15401.4201181936,62378.7138869586,59419.5488668767,60740.8968030127,21534.6597165868,52839.4238113769,53208.1725759682,64433.6671074061,74178.5675621283,37935.0864652822,2392.9679449361,60517.3044948301,50070.9420829119,62448.8222796849,60948.1687385131,25528.8594337186,11244.2067239473,46557.6409483684,72525.6765147637,25064.6139689560,44945.4378221947,32740.2821254755,37141.8096878940,49065.8094902436,36668.5060728578,45542.7839093803,53240.0117416109,37110.0088219543,69803.4492718001,24947.3380822743,57380.6194141491,42740.6301351643,18749.3960202859,33218.5594566977,24650.2436476946,45076.9346132138,13753.8976929585,39709.2759336453,47834.8201348139,36393.5093013135,50959.3837285369,30871.4734509805,51362.1393607058,48237.9738142225,51965.6666894633,59970.2417852700,16128.3961085488,57645.2980627772,33356.7567550397,17600.9223433497,62242.1638465310,24950.7037102521,30038.7462348867,22704.3222870752,67362.9620242939,11582.8204563938,30732.0771777028,51523.4934271867,39668.3838135711,57380.2264166554,21618.1669577141,15179.9058359075,64830.1452993991,46081.4377555933,47136.4812673417,60079.7578836488,49616.0934850059,52969.6875555804,24811.7210683452,63224.9745634522,66892.5197683125,53783.3018169039,37204.0524988381,17996.7554584479,43279.9088329345,20609.9381172361,1801.5732753397,60117.5562288935,51711.1627747427,13464.0246196446,79903.5665716936,17737.9925718412,8823.6227860594,37035.5478989302,25439.1092838495,73556.1003666232,32449.5225818020,25264.1935762263,41294.4310541819,61078.0357654881,29039.9368353755,68762.5313866386,20613.6567595788,58012.4763997055,35286.2948574626,41906.7884541270,42609.9948614196,32594.4179467983,62187.8065172647,36004.1376366580,28022.7222526665,71230.0213930526,28042.8836139645,49859.5354715225,48732.5197422604,53976.2659989076,36526.4561691834,46980.6227874110,27037.5335578723,31566.7601233094,80204.3062926738,36347.4327580374,33293.7146085373,49078.3774117691,39675.1664663159,33377.6737674628
231,42061.3960332087,91055.2819820821,68981.3914643829,81048.9199310748,35314.0971633402,66059.3604363228,82840.3737181909,20290.5369374280,71612.3675708446,48263.2872928755,41605.8073806106,71905.2714197637,13400.1886768634,48453.2331186748,49659.7172044851,74965.3395110068,46306.4771862050,14031.2215227121,65972.3352382289,44200.2944201161,60949.9799248617,44722.0324579247,30366.5875412548,41616.9255354509,40433.1140434375,58224.8068398886,22804.8088020706,30474.7710138505,30678.8373047637,59160.6390508124,33992.5109235424,79629.0019081216,27317.8164713943,51625.2601104145,29804.4256698628,54626.4633867280,50975.7193451856,46046.5115025680,3973.5514055877,61630.9460331076,76331.9374117669,63139.2389596861,26419.2245523040,30371.6546176682,17056.6535383552,77228.8190360716,44094.6923509711,59524.7061587915,53057.3678534859,34750.7638358596,65073.8550493497,71349.1938896802,11421.9354559402,51407.0587042002,50922.2441996754,37539.8156205910,33372.9091435011,23700.5591674067,20452.9377822058,39866.4392805660,40585.5461006923,40097.8006700391,41437.9571763695,41829.8969907789,17277.7768981103,30694.4688123249,52401.1499656786,59553.2084092659,54427.0882382811,50657.3417495914,33884.8835912144,70284.9755156486,23305.8871318523,39231.1616290108,36939.9671221174,8246.7470235835,82344.1136436835,51514.9332875322,24395.5237397640,32868.5391938518,55368.5527374456,62274.9528398256,32862.2609711903,31026.8045665908,5619.7405232100,56077.6410828436,67344.9702409878,48744.3699993773,11596.0129184096,46389.5116890482,42253.0036751087,56355.2304426626,61745.1026038317,42730.7744492711,16882.7069836527,73980.6062343708,51998.9948757141,51743.9767737738,70293.6116410716,31806.8371449533,24227.3326093871,50183.6480757761,85083.0329026018,20799.8623962842,42258.2247320752,38005.0835661931,26826.0677698662,35299.2984034532,44869.7397891615,43089.8419678594,47629.5375388552,25006.4819229501,63207.3751305766,25479.9408001025,69839.0113498221,45225.7200590130,33209.9679556137,35531.7276831563,26227.9080614572,55106.7398645560,7661.0899702466,43094.6721374276,37852.8947819592,48503.0813879920,64775.8663864624,41497.1246629563,59505.8858539072,60701.1748855301,40111.1938056664,55980.1381072352,16191.6400704248,68153.9508606019,46798.1535175677,26338.9642038423,51548.4066700796,38587.0235836916,18997.8556225711,30889.5315128942,58033.0448505706,18583.2302920736,40228.2255199663,46923.5735785425,36264.3752106515,49552.4462101728,8461.9795125903,28681.8633350377,72022.7090921131,59339.5512310766,52511.1563124094,52213.0635529165,60397.3047559498,43362.6548589997,36546.6894588076,49812.9195371880,54785.9517639657,41491.4564716189,39177.8144174740,29499.7519018278,36340.2486381443,24526.8955011206,19542.7683070507,66185.6853438244,42689.4878498811,1237.9816184744,80084.1487685631,12447.4858350090,22770.3063888882,29079.0257027217,19038.1839599559,60350.8396979323,38117.4300210503,36324.3579977065,28581.0288751573,54142.6958517039,26490.2106548797,58285.3732549537,35231.2195959275,45737.2605728285,25120.3717096077,43323.3864260965,36103.9380593852,25400.0978129840,49425.7152551493,33382.0950639130,36127.1760418987,57555.9738449745,34619.2802537913,46396.1521826096,42122.9916235651,40381.5521810044,36453.2916460364,37307.1836908739,14552.8685200266,31619.5779161381,66581.4584310313,22728.9731953021,40455.6533754104,37214.0168010528,31299.7972586550,28404.6781225684
232,40749.2451971044,92120.9829996774,72336.7630616001,77693.7456017883,33957.6398215032,68056.7956567077,85528.0155854471,23576.7113413788,68728.0480748556,50077.9812646300,38252.0609933864,71790.0668250553,10645.8139629212,51610.7080954167,52703.9496334866,76852.1561778493,43450.3739017749,15043.3730104287,66976.1313720635,46336.8410536734,63557.8505415241,45108.0622575641,33095.1164238292,38841.8374444576,43789.4183021056,56025.5435092445,19984.5165407064,28144.1505366127,32022.2967610066,61771.9068585619,36864.6828684973,80238.8072212028,26629.9150559563,48366.0039297954,26530.2513729937,57948.6540410180,47784.7822337881,48722.7215503290,7703.0740884468,63699.0986794126,78688.4288367691,60018.1909744372,26212.9382123499,33671.8553372778,20046.3803395304,78516.9876818487,41904.0448302657,56785.0204277752,54071.7594704256,31575.9100913631,66636.6031810055,74120.6813766584,9153.2238188557,53013.3523374523,54276.8045684572,39664.4251840576,31089.7060809464,22105.5864196729,17095.3537619859,39490.6012971225,37413.0057221582,43292.6935474962,42652.7120818803,41341.1212244987,16357.4280255162,34023.8862687669,54696.0237134862,62520.5929352137,56574.8096230415,48903.9944393568,36146.8933944211,70635.5175339401,20404.0619169077,42450.1092828057,34125.7973242947,10149.1759597411,83302.8779847166,49040.8117953635,26441.4220604191,31300.5601076353,56878.2974338498,63931.6085327384,33295.9503613803,27677.1237100167,198.1827938796,53077.6206651390,69751.1088051010,51240.9577405546,14891.6378274428,49689.6192394526,45040.9853212531,59515.4290052894,64056.2110882434,39627.4360636508,16167.6972784635,74848.0852986650,48679.5092027615,54541.1720345420,72432.9107684955,28978.8743124114,25079.1581205853,53128.6876998331,86356.1750517809,24125.4983898391,38933.7999641019,40675.0060065780,29846.5451738763,34494.9544631088,47129.6049911191,46426.9956812132,44524.4395312890,23207.3475306859,60263.2217817501,28539.5624872861,71128.1647225322,41945.3362714962,32575.0084091092,38528.2192017563,23007.6221046903,57046.7268030154,7978.3014536485,46031.0968300113,35444.5805275107,49854.0096100731,65440.4637110329,43221.3573831942,61848.1940011067,61970.4080490411,38303.2445843440,59338.6902114206,13087.1114804605,70020.7693834548,47633.5086058018,24027.3594555556,49395.2327496483,39302.5908051177,16702.7695276272,33008.1912321275,55552.8694556349,16351.6518741388,37793.3868570198,50279.3252492747,39614.0047020292,52751.9217664292,9502.5541477531,27530.3741810832,74564.6026268860,60286.9392499767,55256.1906485114,49429.8967120975,62173.2665575578,46381.2212651011,34667.1587386507,51759.8500298128,57225.1996387772,43935.1266829655,35891.5609072195,27692.5697775004,39638.5955032302,27184.4760343041,19906.2335831718,68882.6576783283,40084.8281258279,3641.4892454976,76724.9362981189,15708.6311806028,21975.8730878503,26176.9128353928,15804.6205130880,62360.8468579613,35137.8145549623,37896.4255365395,30985.6549062440,57400.4971256659,23132.0050315136,61105.3816548887,35113.0308044632,44119.3199781205,22649.6355379303,46447.8269170940,33048.1434379442,28725.2128513890,51662.8464714822,30037.4054678247,33500.9531308675,59328.7329155016,37062.1614324891,43116.6045911160,39112.2018533254,39457.3362531533,33103.4801939718,40346.0992451180,12802.9096495766,34783.5863123550,68359.1307624867,21784.8784437605,42862.4373991151,39813.4044253010,34519.7802287405,31764.3599194261
233,0,0,0,0,0,0,0,0,0,0,0,0,0,0,0,0,0,0,0,0,0,0,0,0,0,0,0,0,0,0,0,0,0,0,0,0,0,0,0,0,0,0,0,0,0,0,0,0,0,0,0,0,0,0,0,0,0,0,0,0,0,0,0,0,0,0,0,0,0,0,0,0,0,0,0,0,0,0,0,0,0,0,0,0,0,0,0,0,0,0,0,0,0,0,0,0,0,0,0,0,0,0,0,0,0,0,0,0,0,0,0,0,0,0,0,0,0,0,0,0,0,0,0,0,0,0,0,0,0,0,0,0,0,0,0,0,0,0,0,0,0,0,0,0,0,0,0,0,0,0,0,0,0,0,0,0,0,0,0,0,0,0,0,0,0,0,0,0,0,0,0,0,0,0,0,0,0,0,0,0,0,0,0,0,0,0,0,0,0,0,0,0,0,0,0,0,0,0,0,0
234,58722.9018958190,78416.2653317592,86823.3328376236,68422.2857812949,11169.8049748993,91202.4750209204,85578.5395053861,42478.2506247868,73777.0092656893,44540.2483713669,32554.7569201306,52280.2162517418,27519.0620189541,59936.5535152420,72688.3824153194,69711.2747526291,50910.1544743861,18483.9319228115,53910.2372359664,69326.8158849758,63934.1517898170,30023.8065909775,38642.1352263838,20517.7480273926,59311.0436612611,68284.1660128231,10319.9644883618,42290.6940268608,26633.3377485466,83718.3241537735,58065.3587549703,64158.1645173876,47456.9039162925,48382.2768137425,30578.0240262137,74341.4634214809,34455.9810081467,51205.1340859492,30162.9843924557,58925.1725740793,75611.9151439935,62029.4638207905,12557.2405888767,46599.2612939791,31729.4955196353,66779.0695922655,55255.7370801987,64296.0495548034,42078.9180372263,20905.5184889196,57550.1668063701,75665.0272077471,14315.2366885421,76373.6349679336,67661.0838896083,38381.6308372950,9588.9907031310,1264.3539287355,20721.6869000698,20631.5720692935,41107.2394226865,62215.4478633606,33647.7507873962,62021.4909211799,37544.0968668414,51320.7228925622,52762.8705948192,82878.9984578540,79543.8949948196,64341.8722956011,58972.3145501915,53465.0831596073,32101.3629883799,52694.8833567052,43377.1997927113,25568.0394683432,69201.7233758375,59668.6198231639,28300.2584606561,48926.3377096642,48182.2997915701,87284.1080937016,21007.8705995672,24573.2882969429,22975.6166851223,57654.9036260879,67656.1930996396,73555.4266733305,34636.3042525941,66888.7167876790,66475.6256115843,78406.0643558538,86750.2349530993,25663.3987161376,10324.4378183720,60506.0032419538,39059.2484860079,75846.8320442379,67691.9756356687,13421.4569251026,19344.6873707951,58257.1606318542,74203.1576932834,39112.7130191244,38024.0411664610,44205.5418349380,50505.1721298530,54567.4704585020,45786.7405603574,59296.0064573443,48371.2235062730,40851.4829862906,65049.7152345054,38578.6201442789,59765.2904491544,31747.5983470674,13448.8098665914,46002.2240900478,17301.1789816675,51759.2400701570,18740.6031856533,51777.4752471082,47992.5952531141,40750.4761501125,50316.2238831648,37992.1536892668,59704.0272500337,51065.9222888387,54193.9926789241,73857.7319348112,14997.1729511335,63106.1286331561,35160.7658117791,6408.6863424347,62398.9693257751,27406.8606124366,33526.1174783146,33234.5494996975,65642.1568619469,12131.4301784547,16691.9359544532,65511.1359697186,53608.7135139556,71362.6360485180,29016.1559035799,6631.2724275969,73553.3501341802,47297.5099784897,57806.7053731754,57077.7913814244,55083.3052451770,66646.7770796921,11416.0768650949,74951.3299524140,79659.4476705023,66402.2165299034,27074.9074961351,5275.9949648520,57293.5431511046,33608.5847745117,14986.6952356572,69870.1482931364,50483.8268331906,24460.6863913202,69192.0944397525,31566.8675640996,7614.4176814548,36165.2998093804,25557.8508423888,85493.7981157853,19995.7943287385,32563.8228230563,53587.9705181632,75121.6479932003,24455.8466031175,82257.4458236600,18611.6396654124,60535.2280733454,36993.0151957057,54709.4786318039,39558.2123587798,46523.9819087178,74503.0253165422,30099.4043733762,14438.5671444093,82638.2015391700,39087.2955412631,43227.1683041635,45192.2116215997,58915.5411073225,28221.3403206071,60608.3162539002,32630.0621069255,45073.3005209559,91668.5390240132,42352.6257184427,43500.0356961232,61919.0004442433,53509.8115321979,47429.0305934878
235,59227.6349986085,77198.6998392558,85314.1257161332,70153.2561890012,11095.9999196113,90556.5163505047,83862.9640103239,41365.1745657878,75164.5015123743,42870.2985895415,34176.8488866061,51592.0080445819,27774.0760116203,58275.8407428640,71549.5766364793,68138.9083547275,52099.9671815845,17082.8883338580,52592.1387153972,68640.7054334893,62207.5724407507,28726.1189909779,36980.3475159479,22163.6314009010,57904.0304579152,69266.2570445939,11565.0231350303,42999.5231020058,24909.0455938525,82795.2089643419,57088.4938568798,63105.0930694202,47609.8612944220,49894.6939715725,31750.6885156299,72944.1251844821,36182.3694514339,49477.8352362589,29543.8176754784,57266.6395107228,73936.6728559238,63512.8922658662,10885.3242506833,45125.0394662705,30333.3243823472,65412.3472814482,56111.7786723102,65540.6373741513,40647.8884493491,22583.7688822584,56029.0054518335,73936.0926101425,14077.3228448491,75892.0826620774,66136.6166979712,36650.8289294104,11101.1766137385,422.0615251595,21627.6553483740,19642.5004351172,42421.3593759826,61011.9161995190,32034.6438229906,62244.4392323796,37591.1676940418,50045.0099688657,51047.8568182161,81759.5188932927,78841.3696701258,65083.5966921341,58255.3336739725,52490.3366296788,32836.7935164673,51100.2116498605,44413.6157704881,24515.9022437387,67996.0178411384,60721.5887760852,26621.6882439930,49414.1603137797,46618.9390309629,86783.6333448730,19422.1610311820,26008.3328462896,22712.1328348710,59017.7812089606,65957.1199812666,72707.4896680210,33665.5632452052,65554.2441287294,65506.5504389514,77164.2450347307,85967.0886006413,27393.4534862779,9035.8139967995,59298.0422305300,40780.7513067324,74844.3438924535,66045.2062569893,15146.4368685046,17616.4470004756,56546.1568175061,72875.6902091391,37787.1515460380,39516.0066617936,42494.4386089001,49496.6374550221,54840.5624729021,44060.4718898734,57771.3418088274,49725.7495821614,41275.3608467139,66427.2024760111,37044.1461282206,58360.8249843066,33464.2339662316,12350.7784894950,44355.3540436870,18685.3253760445,50099.9017245770,17844.4931738177,50083.1912807039,48859.2232986108,39175.4666166281,49138.6884729466,36298.4818737183,57998.4500056898,49611.5089608830,54856.5675613524,72368.7524219929,15551.7288991349,61514.9715968956,33719.0264423326,6754.2481468881,63310.7650609990,25872.5252497859,33922.5927407400,31511.9909115578,66749.6436893439,7943.4669949309,18135.5858858778,64072.5265834612,52148.9824320524,70112.9197764509,28876.5359581280,5354.1851602173,71843.8685384239,45950.5222535660,56077.0596044282,58288.0368689785,53481.6386745468,65547.5437387898,12263.3904569001,74336.0703441400,78826.7366392314,65593.9256568004,28749.2458217587,7027.2562025533,56016.2337031865,31998.4593129958,13337.9281605656,68142.3020358190,51503.7628690955,23776.5642494682,70914.8039618007,30386.2232877205,6457.0776632829,37077.9027271818,26248.8630182952,84845.6160667048,21725.5934946777,30855.9929488261,52832.8967839860,73802.5819860297,25650.8832079448,81226.6232276250,17293.3028812711,61183.8832897385,37627.0782372663,53057.3830042144,40714.1834712693,45306.0766962818,73768.2229514631,31470.8619749645,16098.6132047941,82090.4544547208,37369.3737549750,44711.4966019004,46418.3091673052,59272.7456165792,29782.2649228060,59524.5110016554,32760.9319800901,43509.0129197178,91117.2360579021,42507.1472469963,41769.5374002131,61055.4391401127,52341.6999980250,46079.2555951021
236,37710.9245130444,95157.4790273245,73372.9963155440,76777.9208862378,36241.0123363063,66558.1061263892,88117.0697437502,24318.1321788647,66317.4098983840,53047.4679358617,37419.7270827579,74609.7805005282,8105.0921177648,53655.1759289553,52656.7326344955,79810.0532406550,41010.0286673029,18080.4683231553,70010.9914019310,45029.8359853467,66202.5486058069,48073.9122600364,35645.7771299276,39685.6673552656,44879.1197902085,53142.0173422309,20915.9588556128,25305.9999023300,35051.8763780276,60988.9598488118,36556.9310988435,83232.4104000261,23684.5534871506,46634.0588024633,24890.4654251714,58725.7801842961,47730.7730996514,51316.8321112997,7441.0571909492,66603.6618352164,81479.8546289545,57947.5102846162,29060.3729005069,35374.8919502683,22351.1382513961,81553.9573473501,39012.6951741784,54230.5288136685,57107.8789169646,31635.5872784380,69651.7675240568,76641.0865596667,11110.6905660694,51193.1461201547,55621.1660202059,42542.2088413279,32614.0897827952,24305.1722587091,16339.6570340937,42248.9861221293,35461.7005826334,43630.0464018727,45690.3011493932,38423.6576540682,13392.1481519409,34902.7408771358,57511.8414745026,62301.0656850807,55250.1610578499,45897.4790115463,35022.4533183005,73583.1213768899,18024.6785682251,44373.4625789442,31641.6617129278,12618.2441062358,86334.3825039934,46290.6374275182,29335.1113203167,28267.8618125173,59898.3635093944,62131.5174283010,36279.5455596241,26946.8456598412,315.7985170438,50813.4974943016,72516.4626669102,50332.3425095065,15796.6767664002,50370.9148487501,44560.9129397712,59720.5192546264,62894.8376659765,39835.6962741843,18899.6869967014,77873.3519938792,48112.6194009586,54046.7578938816,75314.6681604677,29796.0555459579,28113.4407942025,55477.6113865750,89393.7431262941,25749.5032291673,37488.3999147085,43271.9564722067,29851.8750404222,31512.5387678886,49958.3029727349,47934.5769501305,42431.1553282695,20196.4200297513,57923.8508042737,30752.2390228228,74164.8933060447,41592.5698584250,35246.3998383549,40818.4869837583,22997.3948863379,59987.6976127553,11011.4733907592,48390.2199688313,32651.7553190067,52886.4810606610,68444.5635250654,46206.9208277392,64643.8456904717,65007.4644817360,35302.9573619421,60452.6828366008,13611.6078949975,72982.5239512363,50659.7930277481,25580.0662097265,46492.3716755473,42320.2298066203,13831.1104091008,35883.8841863044,52807.7452794385,18102.4257046721,39108.1531650750,51347.4032857694,41036.5431390902,53076.7394060055,3621.0882796290,29968.3305520808,77253.4344174139,63319.3129187635,57797.6461679744,46915.1027407138,65153.5231026574,46299.6723857936,36558.3526325453,50246.0044936124,56229.4787752427,42985.3640066093,35535.4681899597,29685.0037735539,40339.0148462983,29784.4375448781,22899.3788327649,71463.4933409798,37419.0687980875,8455.4366546003,75595.9745918883,17591.9791937721,24626.3523614291,23793.5882965758,14089.5046380187,60884.2074889087,35638.9043976970,40904.5132887297,30062.7478109398,57899.7999854645,22089.6954312374,60632.7662962989,37965.7911530920,41093.9612487459,19883.8354856179,48552.7750288038,30877.8069979512,29605.2416449936,50446.9440388580,28763.1978415027,34592.2155275777,57636.9516726780,39799.2104037848,41460.3725777002,36868.0356400017,36451.2444696800,32343.0971424175,40327.8400242601,9771.4529143232,36826.3536985021,66656.1911492687,18795.4268234738,45620.9876360905,39082.4558329379,34964.6782674976,33036.4894975608
237,0,0,0,0,0,0,0,0,0,0,0,0,0,0,0,0,0,0,0,0,0,0,0,0,0,0,0,0,0,0,0,0,0,0,0,0,0,0,0,0,0,0,0,0,0,0,0,0,0,0,0,0,0,0,0,0,0,0,0,0,0,0,0,0,0,0,0,0,0,0,0,0,0,0,0,0,0,0,0,0,0,0,0,0,0,0,0,0,0,0,0,0,0,0,0,0,0,0,0,0,0,0,0,0,0,0,0,0,0,0,0,0,0,0,0,0,0,0,0,0,0,0,0,0,0,0,0,0,0,0,0,0,0,0,0,0,0,0,0,0,0,0,0,0,0,0,0,0,0,0,0,0,0,0,0,0,0,0,0,0,0,0,0,0,0,0,0,0,0,0,0,0,0,0,0,0,0,0,0,0,0,0,0,0,0,0,0,0,0,0,0,0,0,0,0,0,0,0,0,0
238,57581.3115189653,83924.9820821551,94183.7356394844,60405.7404496083,14085.6709317860,95068.2566177015,93476.9672830183,48506.5637551387,67927.5023777710,52216.2401915327,25490.1506583490,55578.2886137228,28318.8650796134,67830.6950789367,78655.1478501669,76882.1336079508,46312.9237717879,25758.9616528646,59972.5622255815,73462.2430282143,71912.4518096091,36215.4563154771,46552.0269429031,12893.3509957919,66338.3948102072,64650.6970688854,8216.9798619044,40390.2894919541,34608.2422212887,88776.8730906818,63456.0719983291,68984.1810910121,48142.6484021757,41921.9704905534,26475.4647754094,81301.9176580966,26404.4209113937,59256.7385947137,34525.2723573914,66526.7587557948,83285.7331924768,55673.4308863868,20365.8077046763,53898.9916387340,38839.5007021517,73005.5260560638,52394.1628443788,59285.7622401389,48701.9759722533,13538.7679269795,64507.2181048057,83662.7425494009,18195.8983026546,79596.9210752422,75095.5950921311,46405.0125608247,6036.1493872053,9935.7206713229,18729.7763392821,25889.3090982916,35923.3447674946,68471.1168846172,41094.6110760433,62189.3559518159,38922.1681430526,57894.1533753876,60666.8782670990,88739.4634102722,83696.7472297082,61970.1820352936,63305.2389584461,58018.7709079350,30354.0838456995,60386.3259105562,39730.5873284298,31618.1479320440,74689.8435196048,55729.4385668149,36263.2365559691,48000.5854763415,55357.7692329494,90536.8571144643,28428.6283868574,19027.6685792794,26236.0178156718,52023.0210942923,75462.3999493250,78342.7693444095,40229.4726975286,73628.3074721879,71789.8758248012,84762.1283429688,91214.8235753613,17618.3419559824,17562.6757552210,66044.5171733514,31170.0553446274,81257.1262369929,75226.1908926086,6986.2247892863,27395.7096115065,66286.5948726873,80227.6125969548,45932.3502457653,31787.0775101156,52236.3939430980,56071.1971306131,54586.3076487258,53766.2002966110,66742.5597174406,42861.4563595279,40394.5914934770,59293.0951104365,46102.5123176200,66186.6968176682,23919.7625357284,19483.7012027511,53863.1813669575,12623.9746358798,59373.4177836716,24494.0966754605,59768.3819841331,45174.1226321494,48003.2283583731,55784.9295871954,45793.3625010817,67550.3174019169,57744.6866004510,52328.5730224569,81157.4557068622,15544.1976155451,70376.6122898728,41879.0457185218,775.8097355922,59176.6879724384,34568.3474972143,33411.1613512318,41284.0481386742,61365.8040077683,11137.1984646491,10634.7510637514,72640.1725565260,60839.1251167802,77766.9793592833,31483.9219447752,13184.4318450148,81417.0671607852,53524.7747417305,65855.3293709609,52308.4846492096,62417.5965709816,72478.9303575033,10206.5611240344,78756.1881885208,84357.9135684974,71062.3490607547,19654.6108676936,7191.4059712235,63847.9222791423,41378.0394204863,22911.2923594889,77858.2894184334,46819.0606599517,29249.6014332573,61274.0565606726,37953.8581205254,15666.0917060728,33350.3832708823,24353.2189422535,89390.6196835088,11949.8803916502,40443.1534313994,58121.2593269826,81783.8818416150,20489.1922402632,87761.7101332788,25127.5106931908,58665.7020501124,35602.2468326663,62580.1668274198,35317.9923221035,52909.9804983242,78815.1715029894,24789.2926401069,6861.0586126539,86116.0655919829,47130.6828330726,36982.6978860753,40460.5996963172,58482.6208570534,21668.6547361349,66406.4810747949,33780.5296150242,52677.5552507208,95124.5161948284,43128.8177221866,51545.3578061326,66831.5227794997,59669.3316172243,54289.4003721412
239,0,0,0,0,0,0,0,0,0,0,0,0,0,0,0,0,0,0,0,0,0,0,0,0,0,0,0,0,0,0,0,0,0,0,0,0,0,0,0,0,0,0,0,0,0,0,0,0,0,0,0,0,0,0,0,0,0,0,0,0,0,0,0,0,0,0,0,0,0,0,0,0,0,0,0,0,0,0,0,0,0,0,0,0,0,0,0,0,0,0,0,0,0,0,0,0,0,0,0,0,0,0,0,0,0,0,0,0,0,0,0,0,0,0,0,0,0,0,0,0,0,0,0,0,0,0,0,0,0,0,0,0,0,0,0,0,0,0,0,0,0,0,0,0,0,0,0,0,0,0,0,0,0,0,0,0,0,0,0,0,0,0,0,0,0,0,0,0,0,0,0,0,0,0,0,0,0,0,0,0,0,0,0,0,0,0,0,0,0,0,0,0,0,0,0,0,0,0,0,0
240,0,0,0,0,0,0,0,0,0,0,0,0,0,0,0,0,0,0,0,0,0,0,0,0,0,0,0,0,0,0,0,0,0,0,0,0,0,0,0,0,0,0,0,0,0,0,0,0,0,0,0,0,0,0,0,0,0,0,0,0,0,0,0,0,0,0,0,0,0,0,0,0,0,0,0,0,0,0,0,0,0,0,0,0,0,0,0,0,0,0,0,0,0,0,0,0,0,0,0,0,0,0,0,0,0,0,0,0,0,0,0,0,0,0,0,0,0,0,0,0,0,0,0,0,0,0,0,0,0,0,0,0,0,0,0,0,0,0,0,0,0,0,0,0,0,0,0,0,0,0,0,0,0,0,0,0,0,0,0,0,0,0,0,0,0,0,0,0,0,0,0,0,0,0,0,0,0,0,0,0,0,0,0,0,0,0,0,0,0,0,0,0,0,0,0,0,0,0,0,0
241,0,0,0,0,0,0,0,0,0,0,0,0,0,0,0,0,0,0,0,0,0,0,0,0,0,0,0,0,0,0,0,0,0,0,0,0,0,0,0,0,0,0,0,0,0,0,0,0,0,0,0,0,0,0,0,0,0,0,0,0,0,0,0,0,0,0,0,0,0,0,0,0,0,0,0,0,0,0,0,0,0,0,0,0,0,0,0,0,0,0,0,0,0,0,0,0,0,0,0,0,0,0,0,0,0,0,0,0,0,0,0,0,0,0,0,0,0,0,0,0,0,0,0,0,0,0,0,0,0,0,0,0,0,0,0,0,0,0,0,0,0,0,0,0,0,0,0,0,0,0,0,0,0,0,0,0,0,0,0,0,0,0,0,0,0,0,0,0,0,0,0,0,0,0,0,0,0,0,0,0,0,0,0,0,0,0,0,0,0,0,0,0,0,0,0,0,0,0,0,0
242,0,0,0,0,0,0,0,0,0,0,0,0,0,0,0,0,0,0,0,0,0,0,0,0,0,0,0,0,0,0,0,0,0,0,0,0,0,0,0,0,0,0,0,0,0,0,0,0,0,0,0,0,0,0,0,0,0,0,0,0,0,0,0,0,0,0,0,0,0,0,0,0,0,0,0,0,0,0,0,0,0,0,0,0,0,0,0,0,0,0,0,0,0,0,0,0,0,0,0,0,0,0,0,0,0,0,0,0,0,0,0,0,0,0,0,0,0,0,0,0,0,0,0,0,0,0,0,0,0,0,0,0,0,0,0,0,0,0,0,0,0,0,0,0,0,0,0,0,0,0,0,0,0,0,0,0,0,0,0,0,0,0,0,0,0,0,0,0,0,0,0,0,0,0,0,0,0,0,0,0,0,0,0,0,0,0,0,0,0,0,0,0,0,0,0,0,0,0,0,0
243,0,0,0,0,0,0,0,0,0,0,0,0,0,0,0,0,0,0,0,0,0,0,0,0,0,0,0,0,0,0,0,0,0,0,0,0,0,0,0,0,0,0,0,0,0,0,0,0,0,0,0,0,0,0,0,0,0,0,0,0,0,0,0,0,0,0,0,0,0,0,0,0,0,0,0,0,0,0,0,0,0,0,0,0,0,0,0,0,0,0,0,0,0,0,0,0,0,0,0,0,0,0,0,0,0,0,0,0,0,0,0,0,0,0,0,0,0,0,0,0,0,0,0,0,0,0,0,0,0,0,0,0,0,0,0,0,0,0,0,0,0,0,0,0,0,0,0,0,0,0,0,0,0,0,0,0,0,0,0,0,0,0,0,0,0,0,0,0,0,0,0,0,0,0,0,0,0,0,0,0,0,0,0,0,0,0,0,0,0,0,0,0,0,0,0,0,0,0,0,0
244,51916.8989791914,81625.2865198544,77099.6116572215,74922.0219670381,21169.5455936593,80093.2851414940,81514.7945621998,31352.5896163445,73686.5156288109,42572.0942221863,36492.1773661417,59259.6790537099,20036.5282205867,52022.9662279798,61567.0318978411,69082.3463891883,49209.1661276168,9265.0689569392,56513.4525258970,58167.4447851055,59444.4987226990,33530.0135942115,31143.8632836215,30156.2435793116,49069.4158996994,64565.8011867287,13187.0956175839,37057.1897635919,23679.2999512375,72419.0856350366,46782.2468158613,68784.2587450943,38930.2639987481,50193.4051747467,29481.3035701031,63999.2296841230,42187.6069627154,45480.4209466169,19124.0579145251,56884.8876117695,72948.0594871194,63212.3057823874,14008.9533062211,36852.0381481999,21714.7037851928,68716.8875053034,50774.7887996755,62867.7907583246,43816.6430417407,26585.5142202552,57836.0292953371,70809.4134757767,2678.6743085385,65554.7373641723,58125.6855148844,33957.5259265479,20350.2820671044,9669.1539065307,18327.2146735066,26824.1770943113,40868.9680677948,51233.8444716805,33283.6033191807,53696.3913522104,28666.6649579228,40568.0203408615,49151.4607646594,71721.8861598614,68364.9432211822,58945.7519471405,47778.0793956419,58755.2388931560,27436.7689100382,43944.5538237437,40549.9554882514,14406.2410395276,72594.7762632446,56626.8638261652,21644.0664698934,42153.9665267825,48074.1027883613,76421.4046229756,22134.7292874515,26532.1942438315,13117.6773708455,57518.0619297548,64405.2701455905,62267.1272309290,23359.9812198201,56296.6632524507,55187.7508588826,67497.3110884460,75497.5120815255,33380.1582491823,3970.7047110475,63980.8945760848,45181.1646269364,64574.0004411537,65771.3935057606,21120.2541004414,15753.5457454311,51569.5491661780,76450.4074863049,28623.5299119463,39883.0281758936,37794.6728513200,39243.7725902361,46550.8580616728,41686.5891968813,49813.6317837124,48338.7592805566,33865.5719694458,64955.6142830015,29439.1246430848,61405.0477420914,37877.8095770566,19735.4024186371,38061.2556758834,19594.2565001041,49845.0562846265,7447.0731706458,44684.6606310574,43729.0480563003,40693.0492330114,54195.2738471903,35622.9965919474,56345.2446532299,52308.5397921314,48411.8829503990,64036.3793232190,11188.2482577084,62269.4666263253,37034.1089998921,13739.0525981654,58220.2945384766,28618.8617260937,26597.2427863004,27772.3887792780,62969.4441896816,11801.0038450030,27468.4851933323,55412.4430130188,43702.5502322333,60484.1471830579,19492.8680282249,14604.0953038488,69858.9874747490,49759.3109437895,52212.4220414684,55441.7382183907,54211.5693734680,55470.1839905009,22676.9222138195,63888.7135397714,68377.6166282584,55132.2386576866,32258.1125199922,15616.6491947192,46526.3161281047,25463.0126332867,9833.6819568669,65191.3185587075,47341.9529928809,13322.2606019937,74924.5156756272,20640.7717383904,9117.5531573844,32614.5855158683,21016.1716730086,74382.0464128754,28011.6408001517,29988.1259614168,42356.2197759013,64454.5933138527,24039.5776442737,71002.8091787106,22818.8691821903,54579.6305250304,31424.0783613448,46713.4804348129,37878.6763927446,35616.0703670115,63290.4952510043,30963.2385334639,24187.8662989562,71686.8390189390,33120.1848773941,44816.4912189805,43969.6846701028,51290.7484118007,31459.8279039646,49415.7054076428,24271.0178503671,36102.0346997038,80708.4720045885,33902.6151325313,38365.7798529936,50625.1609271307,42465.1713171966,36979.9226496451
245,38144.5741153191,98813.6388536729,88747.8785322954,61295.6480808719,31908.5099588504,79168.4035092950,99255.5768053057,39822.7751792692,55408.7126835257,60865.7642132426,21880.2161506349,73461.2617259694,10709.6996206484,67329.1614446239,68020.7480307487,87353.8563726169,30984.3022353772,26362.7356474081,73906.4132110566,58469.0405765044,77146.0430458046,50284.1962721660,47609.2352760770,27232.5697541318,60205.8360021085,47288.4949116485,11583.6404551855,21203.2621211561,41973.9625161611,75402.7586625851,51763.7797059897,85079.2510231267,29210.8300347650,32728.0104172705,11277.9528543398,74242.1639078522,32669.7727361183,62757.3880577627,23109.5851537955,75160.0995871257,91115.3125401438,45258.0337748430,30961.2465201619,49921.5213935525,35624.9667939090,86426.5492368004,34066.1850944006,44634.3261678157,61475.0365833725,17096.7250901980,75965.6137990282,88257.6458001928,13434.0443340647,62900.3607066806,70685.5232817667,51959.2975218070,23907.2272009672,21357.0147140780,176.4308879404,41689.2229219700,22696.7421142824,59179.6340863308,51410.3369212064,42850.5886055062,21013.8857274823,50361.9035194845,67213.5995435043,77495.6799826004,68499.8598422664,43173.4936951135,49058.1715694364,74529.3551194038,11019.8315995034,58415.9306333028,22631.1197273864,25835.5263523142,89662.8483551694,38913.8978852423,39145.4642390708,28519.8162119846,66240.6748389072,73726.8131626579,39665.4583844846,11384.0166161017,14556.6407190590,39263.7432369571,82475.7544879598,64589.8395088295,31204.0440994121,65913.5371652591,59533.0168072374,75219.0751719422,76489.7706259549,25405.4443896179,21693.5997272812,80976.3604620905,32566.3425899529,68949.2110855117,84044.3127977662,18001.1259470829,34043.1407289080,68080.0973425230,94064.4625217120,40466.6928931907,22831.6749834224,54828.7052930922,45310.9694705486,35229.6569498760,59683.8013712950,62777.8535245355,30145.2517037132,20974.0982925740,46689.4642443832,44130.2844132164,79193.2883131285,26194.4354182511,34370.7200454931,53798.0693052705,8891.3451340909,68134.7203778518,20318.2971373262,61017.4700203487,26809.9992720643,58815.8153559373,70918.4846490202,53913.6009304745,74426.0943388875,70182.5103715290,33161.1996621513,75761.9492850835,9184.1851724719,80548.6404589096,54578.7376239971,18242.0724008285,41267.1992357071,46276.8391078021,14271.6217015908,45563.7207212263,45105.4811785778,14526.4571341453,28706.2892741523,66693.3211545120,56008.9132390443,68618.7858986363,16346.7254817098,27676.7771528296,87783.0914467645,67175.9703941722,69455.9771224627,37225.7990931658,72483.9002576374,61653.8292037508,29527.5043949614,63022.5666321862,70259.6971260368,57241.6715468316,20172.2254794231,24210.1383767299,55872.4967785118,41661.7499179451,28125.7729010788,82766.0099924693,29634.5341691868,20395.8039733515,60301.6420750677,31948.6774694109,25175.0736185969,15049.9879411671,8590.7534362925,73626.4758761599,22185.2578259614,48281.2319688160,44563.5942157221,73463.5294507743,10204.4942138221,75536.3298181669,38944.4473520778,39515.7412531167,16164.7294802726,62077.0626175675,19603.9962174600,45058.2240139500,64035.6823963629,13792.5857549827,23513.6780360166,69706.7943263600,50540.9169344016,27366.9733390156,25677.0674102925,39011.4868628296,16781.3313500203,55740.5199809146,15973.1160801683,50616.4126535686,78562.0665242464,24383.9275881847,56055.0556560045,53755.1822033795,50528.3721138908,48191.5726224578
246,0,0,0,0,0,0,0,0,0,0,0,0,0,0,0,0,0,0,0,0,0,0,0,0,0,0,0,0,0,0,0,0,0,0,0,0,0,0,0,0,0,0,0,0,0,0,0,0,0,0,0,0,0,0,0,0,0,0,0,0,0,0,0,0,0,0,0,0,0,0,0,0,0,0,0,0,0,0,0,0,0,0,0,0,0,0,0,0,0,0,0,0,0,0,0,0,0,0,0,0,0,0,0,0,0,0,0,0,0,0,0,0,0,0,0,0,0,0,0,0,0,0,0,0,0,0,0,0,0,0,0,0,0,0,0,0,0,0,0,0,0,0,0,0,0,0,0,0,0,0,0,0,0,0,0,0,0,0,0,0,0,0,0,0,0,0,0,0,0,0,0,0,0,0,0,0,0,0,0,0,0,0,0,0,0,0,0,0,0,0,0,0,0,0,0,0,0,0,0,0
247,55903.8802317169,77128.2643286039,73406.0616384139,79773.7019280225,21159.0280037138,80199.9820747801,76150.9861879134,29593.6181622131,79025.5052350800,37266.2888794640,41677.1777370808,56311.2924833646,24294.9125606624,47338.3390974916,59656.7414547290,63855.0471602087,54448.9222001399,9119.0081177684,51968.7321180102,58213.1430321823,54092.9220413710,29577.3825577641,26231.5166146424,33699.1098310885,45815.8243820056,69427.2422445803,18095.3110101578,41719.7244918228,18391.6342554150,71441.1455490570,45638.9814661240,64786.2092339717,42192.7307621846,55572.8602586970,34839.1677286917,60848.5736062098,46603.3522057114,40234.3743015413,20182.7638103583,51542.5833541403,67565.2759112989,68600.8447729236,10777.8990159027,33142.6917278437,18235.0228438843,63943.4865945888,55521.6534786462,68104.7480075167,39154.1779257584,31393.4050572593,52773.0903004849,65497.6199671467,10427.7184586923,66344.3693404485,54283.7237229456,28574.3346810284,23076.0619522219,11530.1440776673,23682.5254102622,24234.8317433808,46237.6389436512,49015.5992549204,28277.1474912584,56917.5961803654,31902.6042492735,37966.8360313241,43762.4883047826,69896.2472299054,68295.6352359163,63392.9558042026,47768.5066351233,55072.7353628888,32365.2745598937,39606.5115415476,45681.6411135218,13168.9927275541,68183.7525789137,61649.6363794365,16429.6645760860,46245.3686460522,42988.7590073777,77084.9367006818,17837.4755372463,31849.2885659201,16331.7102085859,62869.4057109960,59016.1117323539,61630.6657502568,22430.2412177003,53442.0098630773,54052.4463678322,65110.3632666324,75084.0671059731,37741.7445596073,1915.5797961058,59637.1964004596,50042.1125108815,63271.3609305317,60426.9255407255,25302.1665879224,21101.7871507954,46518.5769887606,71722.5024530982,25679.7937446875,45249.8771001566,32640.1174929842,37982.6953909631,50013.1733828483,36301.7835327856,45925.2120522254,53705.6338608497,37982.2685840206,70301.8399929241,25272.0585920488,56594.7950039852,42698.0781998305,17757.8885321073,33341.2872799465,24806.5412360050,44524.4325937062,7980.3594068213,39715.7508080646,48573.1397101555,35666.6217259289,50048.7945668233,30307.0441683978,50956.1045243205,47459.6319246991,52803.6728923508,60410.7968063276,16559.4405456044,57030.5999821105,32497.8472132916,17247.6435343949,63002.1223148882,24083.0003564747,30879.8913187576,22434.0852903830,68035.0783378911,11584.6864674117,30187.4504963449,52020.2355767391,40133.2513379930,58052.6492200435,22573.8614597809,14308.0888775578,64476.3794081258,45228.8189255395,46962.7214460427,60671.6141875436,48988.8558242260,53745.4135755242,24086.3692686699,64181.6939014300,67784.4120323393,54691.9350457359,37225.3372982580,17340.9893498321,43934.2929387418,20747.0337531820,3768.3525986836,59858.9212288550,52386.8090358689,14468.6128800940,79938.6784639927,18507.5541267433,7932.0934690478,37691.2508907176,26085.1708927105,74500.4428623783,32218.2507562532,24683.5820901742,42231.9404510774,61693.6897697941,29428.4761183934,69567.9428226559,19616.6223788835,58869.2421413462,36066.1044009717,42045.7977546205,43161.1460796969,33304.2735025491,63114.2339340181,36346.5203270633,27616.8179524860,72197.2064766976,27867.9388138863,50197.7782562489,49271.1323242611,54911.7239803797,36696.1458873879,47769.5306440028,27951.3780503114,31859.8997041042,81167.7393808494,37294.8716392279,33032.8679270404,49970.8778415302,40416.0220239501,33966.0794315973
248,54770.8016074867,78439.7175892311,74931.7382954821,77939.2056710759,20620.1491672530,80510.2636064207,78025.0457520663,30468.5153628142,77250.8034428057,39012.0466836090,39795.1717753598,56953.5932422648,23015.4271974067,49120.6335406723,60627.5019153207,65546.5806795664,52742.9142202320,11868.3105260298,53296.3422304974,58528.9544217127,55971.1459978046,30614.0918489970,28058.2358774567,32143.9547885687,47197.7824356612,67920.8664771903,16235.0230497204,40295.6147914902,20121.2984920507,72113.8722139841,46342.7262675431,65870.4246491673,41330.9889627089,53710.2696554794,33047.2787601095,62209.3886871115,44851.0046932942,42117.5742758193,20037.9299449065,53319.3290496158,69389.2037705742,66763.7776822923,11387.4733126853,34648.6613955604,19632.1253005188,65385.2150034862,54065.5651289106,66401.2267433705,40533.2647302086,29557.6326068913,54365.1885370528,67381.2947886929,8829.2030063799,66408.5475706253,55844.9291672254,30437.4286766866,21707.0606645427,10275.9621070930,21892.7832429007,24676.2485668933,44434.6257874997,50076.0986324438,29830.8297746121,56085.9783606362,31032.5978219008,39135.7580219267,45611.6137724901,70846.3223624769,68659.2417312504,62071.4293728412,48091.0015010453,56016.7383707374,30815.6603088891,41297.7396577368,44036.1699492243,13744.6779188116,69453.6110842863,60063.2658865552,18307.8519269447,45063.7919340950,44592.0499111661,77200.2322110615,19007.9472076603,29968.1060161163,15393.4377833899,61083.7685344948,60860.9877993085,62181.9602957513,22992.7018660847,54707.5003200161,54763.8286100469,66237.0888109010,75569.2566036412,35996.4742676669,93.5503288581,60873.7726875758,48202.7940240997,64046.2852202800,62205.7080637353,23581.7940392185,12213.2191682764,48377.4309038828,73143.0646339451,26931.7309362010,43379.8961613669,34513.4673970378,38712.6177563711,49083.2508728172,38162.2420832734,47495.2109942912,51904.5622785365,36782.8240296887,68520.8440095971,26901.5807305892,58053.5635393282,40864.2284956567,17914.9294931730,35127.0338794838,22922.4262290185,46282.3381477756,7749.8965617704,41558.5404864774,47070.2833612622,37234.5792912418,51192.0822126984,32060.5994194764,52800.5634625000,48935.8915353113,51501.8010251903,61912.4162966766,14754.2106937673,58729.4176812827,33810.4854864951,15649.5459458381,61531.8551150766,25385.6490576803,29604.2732383351,24316.0787661833,66427.4618148946,9725.8819832637,28844.9535003714,53448.6494920712,41605.2419954119,59188.9379798421,21728.1250011584,13793.6732557662,66338.7172918343,46546.8835673651,48846.2530458545,58972.0403602919,50676.5420934212,54650.8565062961,23104.6827205495,64417.4141766770,68325.7942003512,55170.2675482194,35366.7848836042,16215.1316720987,45108.4468836980,22522.0029420183,2964.3462986190,61740.6416899293,50787.7871184940,14226.0508462987,78077.4113248831,19455.7886041880,7571.5987131219,36072.4699529326,24464.3513384392,74803.5630090706,30502.2272778630,26427.4829708850,42584.8578428337,62935.5080976128,27590.7713377485,70390.5847042364,20292.8539763728,57613.0348985074,34647.0272434639,43822.4758633329,41427.1485309400,34371.1688007490,63510.5156628119,34488.6710530360,26078.7356689199,72363.1126188821,29751.1111085922,48337.0498944455,47524.5703262371,53923.7532044427,34811.7845310571,48642.7316978901,26904.1494794629,33519.0586203132,81356.4797911462,36376.6302105810,34915.0639322489,50516.1979636128,41410.7095040710,35259.2894428331
249,0,0,0,0,0,0,0,0,0,0,0,0,0,0,0,0,0,0,0,0,0,0,0,0,0,0,0,0,0,0,0,0,0,0,0,0,0,0,0,0,0,0,0,0,0,0,0,0,0,0,0,0,0,0,0,0,0,0,0,0,0,0,0,0,0,0,0,0,0,0,0,0,0,0,0,0,0,0,0,0,0,0,0,0,0,0,0,0,0,0,0,0,0,0,0,0,0,0,0,0,0,0,0,0,0,0,0,0,0,0,0,0,0,0,0,0,0,0,0,0,0,0,0,0,0,0,0,0,0,0,0,0,0,0,0,0,0,0,0,0,0,0,0,0,0,0,0,0,0,0,0,0,0,0,0,0,0,0,0,0,0,0,0,0,0,0,0,0,0,0,0,0,0,0,0,0,0,0,0,0,0,0,0,0,0,0,0,0,0,0,0,0,0,0,0,0,0,0,0,0
250,0,0,0,0,0,0,0,0,0,0,0,0,0,0,0,0,0,0,0,0,0,0,0,0,0,0,0,0,0,0,0,0,0,0,0,0,0,0,0,0,0,0,0,0,0,0,0,0,0,0,0,0,0,0,0,0,0,0,0,0,0,0,0,0,0,0,0,0,0,0,0,0,0,0,0,0,0,0,0,0,0,0,0,0,0,0,0,0,0,0,0,0,0,0,0,0,0,0,0,0,0,0,0,0,0,0,0,0,0,0,0,0,0,0,0,0,0,0,0,0,0,0,0,0,0,0,0,0,0,0,0,0,0,0,0,0,0,0,0,0,0,0,0,0,0,0,0,0,0,0,0,0,0,0,0,0,0,0,0,0,0,0,0,0,0,0,0,0,0,0,0,0,0,0,0,0,0,0,0,0,0,0,0,0,0,0,0,0,0,0,0,0,0,0,0,0,0,0,0,0
251,0,0,0,0,0,0,0,0,0,0,0,0,0,0,0,0,0,0,0,0,0,0,0,0,0,0,0,0,0,0,0,0,0,0,0,0,0,0,0,0,0,0,0,0,0,0,0,0,0,0,0,0,0,0,0,0,0,0,0,0,0,0,0,0,0,0,0,0,0,0,0,0,0,0,0,0,0,0,0,0,0,0,0,0,0,0,0,0,0,0,0,0,0,0,0,0,0,0,0,0,0,0,0,0,0,0,0,0,0,0,0,0,0,0,0,0,0,0,0,0,0,0,0,0,0,0,0,0,0,0,0,0,0,0,0,0,0,0,0,0,0,0,0,0,0,0,0,0,0,0,0,0,0,0,0,0,0,0,0,0,0,0,0,0,0,0,0,0,0,0,0,0,0,0,0,0,0,0,0,0,0,0,0,0,0,0,0,0,0,0,0,0,0,0,0,0,0,0,0,0
252,43859.9424428623,89004.9197546628,72493.1817041467,77669.6197546328,30955.0682456566,70635.3616375824,83562.6533189944,24344.6186563271,70571.2004359725,47353.8355872564,38270.0164479466,68509.4021286327,13047.2830462603,50537.9413655210,54060.2268970595,74144.7272358381,45385.7199559117,12070.1170787793,63849.1027372401,48805.0423208834,61517.8798120607,41853.4797102473,31306.5351722962,37094.8219533347,43973.6306712205,58642.7507957688,18352.0947992567,30730.1416952268,29077.1618706956,63781.1443859562,38535.0565960486,77009.6785636788,29892.0960466218,49371.6474749156,27574.7937199813,58432.5534180080,46907.5793990767,46798.9614525912,9629.1755140173,61135.5827745487,76358.9543254878,61415.6190216382,22930.9881364078,33160.7315103502,18821.6118663665,75487.9970891511,44553.1062281418,58854.5607598629,50956.1208755979,30686.1899871786,63743.7566089399,72280.6772511382,11824.4353097805,55835.1608827716,54113.4585395129,37196.3730614851,28735.7592109895,19209.9082879961,17359.8463804454,36223.9455118908,38737.6541883851,44302.8434405074,39624.4854794251,44614.2559766651,19607.8429767144,34514.3253736846,52339.5188836947,64016.5440736443,59036.2405246716,51817.1994543597,38508.3269926601,67370.6941469037,22407.1373529118,41583.5258600950,36157.0092676960,9005.7205181733,80155.9727225726,51428.1810584453,23979.0720901085,34332.6712601752,53967.2118502001,66728.9071520652,30056.1374415066,27684.9423287356,3014.0660154952,54745.9843106504,67479.9430962853,53379.5704348054,15711.7989259679,50307.2103455732,46828.1799946392,60601.4106326291,66377.7799821862,38518.9135567488,12924.6409287123,71678.1240073145,48347.5060086817,56311.2530403264,69916.4809365330,27331.4242787967,21960.0794919291,51598.8853419480,83317.7875789722,23830.0735977805,39643.9455357284,38769.7988360216,31278.7231799645,37735.0850099695,44757.4311390166,46091.4951960592,45994.6654862919,26163.9318058095,62019.2800613262,27345.2850198575,68103.3840721720,41415.3030929372,29341.7492005737,37142.3257753050,22311.8610793152,54396.8042645961,6676.5188340783,44505.9453773716,37931.2328766602,46874.5276885018,62225.5570431416,40453.5837859272,59524.6113518053,58943.3631597388,41205.4036714845,59434.9601706738,12146.4377067750,67305.6165332798,44468.9452911752,21703.1263123547,52057.5007823222,36114.7025724101,19409.1015209047,30563.4863566081,57922.4799609116,13946.5029130109,35599.0851666980,50459.4071174651,39420.9714245822,53735.8191674419,10279.7584513427,24434.2638143582,72433.1512743284,57145.9765391696,53408.9710440619,51455.2191596834,59407.3594798465,47793.3462547714,31970.8963649308,54370.7096722374,59422.9936889171,46128.5935757532,35406.4417388094,24939.7692180178,40285.4223926037,25346.5071877953,16678.0399127455,66947.3359994069,42357.1463344695,3285.0937617681,76945.0965590162,15260.7079675290,18762.6591753621,28123.6441395826,17146.6434414905,64929.2436424837,33758.3731845041,35052.3758459050,33216.7107941505,58187.2090711950,23555.4698652640,62840.1932791322,31830.3831433840,47105.3284936350,25148.0788935352,45305.9687707146,34672.4930014401,29267.3597223422,54048.9736605727,30623.0424716471,31543.7858959804,62056.0253176985,34905.5230899356,44053.0262574966,40799.4259868501,42672.1102494599,33083.5086835526,41725.4644385443,15863.9351403026,33792.3974267140,71085.5825116901,25018.5708465053,40645.3053092384,41840.4936803523,35474.2747257985,31817.1241090862
253,0,0,0,0,0,0,0,0,0,0,0,0,0,0,0,0,0,0,0,0,0,0,0,0,0,0,0,0,0,0,0,0,0,0,0,0,0,0,0,0,0,0,0,0,0,0,0,0,0,0,0,0,0,0,0,0,0,0,0,0,0,0,0,0,0,0,0,0,0,0,0,0,0,0,0,0,0,0,0,0,0,0,0,0,0,0,0,0,0,0,0,0,0,0,0,0,0,0,0,0,0,0,0,0,0,0,0,0,0,0,0,0,0,0,0,0,0,0,0,0,0,0,0,0,0,0,0,0,0,0,0,0,0,0,0,0,0,0,0,0,0,0,0,0,0,0,0,0,0,0,0,0,0,0,0,0,0,0,0,0,0,0,0,0,0,0,0,0,0,0,0,0,0,0,0,0,0,0,0,0,0,0,0,0,0,0,0,0,0,0,0,0,0,0,0,0,0,0,0,0
254,0,0,0,0,0,0,0,0,0,0,0,0,0,0,0,0,0,0,0,0,0,0,0,0,0,0,0,0,0,0,0,0,0,0,0,0,0,0,0,0,0,0,0,0,0,0,0,0,0,0,0,0,0,0,0,0,0,0,0,0,0,0,0,0,0,0,0,0,0,0,0,0,0,0,0,0,0,0,0,0,0,0,0,0,0,0,0,0,0,0,0,0,0,0,0,0,0,0,0,0,0,0,0,0,0,0,0,0,0,0,0,0,0,0,0,0,0,0,0,0,0,0,0,0,0,0,0,0,0,0,0,0,0,0,0,0,0,0,0,0,0,0,0,0,0,0,0,0,0,0,0,0,0,0,0,0,0,0,0,0,0,0,0,0,0,0,0,0,0,0,0,0,0,0,0,0,0,0,0,0,0,0,0,0,0,0,0,0,0,0,0,0,0,0,0,0,0,0,0,0
255,55891.5179612317,77670.9594517569,76841.5482594332,76615.3966902163,18456.3582338381,82647.7822980624,78742.0934097458,32662.5128831050,77116.0970661075,39174.3432007701,38836.1003303441,55419.4902654192,24019.7690087335,50642.8740206507,62810.9457200127,65522.9456600465,52840.9546286796,15839.2355688467,52573.9281736078,60670.8254012131,56747.7582668408,29542.9507495242,29463.9477144461,30266.5046919548,49221.4414085612,68457.0101543001,15116.6217709106,41014.0667920005,20314.3569446582,74313.5730238678,48544.1629657975,64797.8806152638,42771.9097507546,53171.3193063658,32902.5930258682,64247.5428762623,43287.4524125560,43139.3038179003,22039.0487153253,53559.3189205699,69799.2577443231,66373.2246246413,10036.6178736826,36576.1617298604,21640.1265202913,64837.4573668171,54706.9635703773,66493.3533107453,39914.0269723302,28265.3425526989,54118.1080339521,68254.2989321543,9494.0246358349,68462.6643564546,57718.7411365634,31110.4060966770,19662.5719870559,8153.3500256967,21803.4904997595,23030.3312815211,44222.2345129586,52239.7488044605,29558.2043193326,57539.2211588915,32486.8070680676,41264.5590930029,46168.6603838789,73033.5500675993,70812.0102580876,62925.0011461272,50236.7898444438,54787.1330537223,31327.4321610349,43003.2938681268,44303.4213575709,15944.5556191232,68628.7557556893,60444.5355182842,19460.4672639004,46134.6696127329,44383.3532290015,79272.8018994456,18182.5681715767,29262.8297565339,16864.0791828015,60920.2484131883,61379.7273240360,64370.7171178844,25188.1442603804,56797.4969357572,56965.3231512579,68383.0056472795,77747.0728513618,34420.5400485142,0.1107155014,60008.1924425442,46909.5638517023,66247.9583249687,62444.4501761875,21961.4526188933,12344.4841481275,49626.7306029765,72552.9731083336,29023.3155549688,42790.3842788967,35674.7449795356,40914.5117340683,50444.1195782600,38800.4653921334,49359.7269167410,51690.3080919429,37845.9776501474,68368.8313532972,28698.1645968151,57542.8123170484,39551.8474024876,16090.1137052218,36646.5597232834,22064.7789795866,46469.3486928494,9797.9551663611,42890.4850351870,47635.5147840263,36966.9411257071,50210.1192528675,32264.3242697275,53323.7725385908,48468.2139263229,52395.9229065495,63844.6000370730,14668.5029603503,58730.9157830259,33104.4548553669,13831.4432840025,62140.1568022920,24700.7670102776,30583.5217916703,25201.3879550325,66756.6859369617,8668.2657897401,26785.2290921408,55440.4161556078,43562.3098548401,61331.3018476423,23240.8617909470,11649.9111898674,66962.1099602333,45819.6193265923,49852.6376541971,59081.2687249848,50657.9409431847,56843.4643043382,20912.8148615301,66534.7499719622,70512.8554103137,57348.5612394526,34184.5777585400,14050.6958314188,47236.2049749596,24078.3178951354,4640.0206450156,62568.0269341319,51151.8838383721,16205.4367227434,76889.3485679323,21636.3396777136,8358.0381508057,36419.3486652490,24850.4542977583,76939.6594989161,28867.2709571039,26623.2435991215,44739.6551235504,65037.1447131249,27256.9360802858,72590.6745554163,18882.7942536569,58566.4795663337,35387.6209213756,45360.3193596773,41460.5638251011,36530.9889985318,65671.5568285887,34011.7574795625,24182.7070775573,74455.4422711021,30791.0123657346,47817.4290192801,47509.0672412871,55216.6723668643,33938.9207020001,50838.4883691717,28184.8199071924,35274.6007891513,83455.6151352466,37769.5967651123,35778.4610185929,52705.0732875994,43588.2299526242,37332.9856319672
256,0,0,0,0,0,0,0,0,0,0,0,0,0,0,0,0,0,0,0,0,0,0,0,0,0,0,0,0,0,0,0,0,0,0,0,0,0,0,0,0,0,0,0,0,0,0,0,0,0,0,0,0,0,0,0,0,0,0,0,0,0,0,0,0,0,0,0,0,0,0,0,0,0,0,0,0,0,0,0,0,0,0,0,0,0,0,0,0,0,0,0,0,0,0,0,0,0,0,0,0,0,0,0,0,0,0,0,0,0,0,0,0,0,0,0,0,0,0,0,0,0,0,0,0,0,0,0,0,0,0,0,0,0,0,0,0,0,0,0,0,0,0,0,0,0,0,0,0,0,0,0,0,0,0,0,0,0,0,0,0,0,0,0,0,0,0,0,0,0,0,0,0,0,0,0,0,0,0,0,0,0,0,0,0,0,0,0,0,0,0,0,0,0,0,0,0,0,0,0,0
257,0,0,0,0,0,0,0,0,0,0,0,0,0,0,0,0,0,0,0,0,0,0,0,0,0,0,0,0,0,0,0,0,0,0,0,0,0,0,0,0,0,0,0,0,0,0,0,0,0,0,0,0,0,0,0,0,0,0,0,0,0,0,0,0,0,0,0,0,0,0,0,0,0,0,0,0,0,0,0,0,0,0,0,0,0,0,0,0,0,0,0,0,0,0,0,0,0,0,0,0,0,0,0,0,0,0,0,0,0,0,0,0,0,0,0,0,0,0,0,0,0,0,0,0,0,0,0,0,0,0,0,0,0,0,0,0,0,0,0,0,0,0,0,0,0,0,0,0,0,0,0,0,0,0,0,0,0,0,0,0,0,0,0,0,0,0,0,0,0,0,0,0,0,0,0,0,0,0,0,0,0,0,0,0,0,0,0,0,0,0,0,0,0,0,0,0,0,0,0,0
258,0,0,0,0,0,0,0,0,0,0,0,0,0,0,0,0,0,0,0,0,0,0,0,0,0,0,0,0,0,0,0,0,0,0,0,0,0,0,0,0,0,0,0,0,0,0,0,0,0,0,0,0,0,0,0,0,0,0,0,0,0,0,0,0,0,0,0,0,0,0,0,0,0,0,0,0,0,0,0,0,0,0,0,0,0,0,0,0,0,0,0,0,0,0,0,0,0,0,0,0,0,0,0,0,0,0,0,0,0,0,0,0,0,0,0,0,0,0,0,0,0,0,0,0,0,0,0,0,0,0,0,0,0,0,0,0,0,0,0,0,0.0000000000,0,0,0,0,0,0,0,0,0,0,0,0,0,0,0,0,0,0,0,0,0,0,0,0,0,0,0,0,0,0,0,0,0,0,0,0,0,0,0,0,0,0,0,0,0,0,0,0,0,0,0,0,0,0,0,0,0,0,0
259,0,0,0,0,0,0,0,0,0,0,0,0,0,0,0,0,0,0,0,0,0,0,0,0,0,0,0,0,0,0,0,0,0,0,0,0,0,0,0,0,0,0,0,0,0,0,0,0,0,0,0,0,0,0,0,0,0,0,0,0,0,0,0,0,0,0,0,0,0,0,0,0,0,0,0,0,0,0,0,0,0,0,0,0,0,0,0,0,0,0,0,0,0,0,0,0,0,0,0,0,0,0,0,0,0,0,0,0,0,0,0,0,0,0,0,0,0,0,0,0,0,0,0,0,0,0,0,0,0,0,0,0,0,0,0,0,0,0,0,0,0,0,0,0,0,0,0,0,0,0,0,0,0,0,0,0,0,0,0,0,0,0,0,0,0,0,0,0,0,0,0,0,0,0,0,0,0,0,0,0,0,0,0,0,0,0,0,0,0,0,0,0,0,0,0,0,0,0,0,0
260,46437.0847146027,86783.6198814757,67048.6085702035,83190.2963344186,33133.3702046323,67959.5534421051,78772.1273179730,19403.3742184685,75484.2482844058,43868.2067482885,43806.3983082219,68309.3902892157,17385.6324345062,45100.0544400854,49475.8123309405,70574.0800315387,50210.9730882042,10003.1038588975,61732.8280837467,45986.2340498625,56816.3721633101,40828.8091888142,26333.5888178724,41679.3213670659,38563.4440434698,62539.6498585958,23241.3667637774,34730.5427913898,26362.3648882494,60022.7275283417,34421.2217069550,75557.0514383033,31575.1364412321,54789.0632958707,32958.9735155553,53141.7526065427,52150.1495654659,41966.1639004143,10917.4347126197,57261.6889070733,72053.8373776392,66654.8177230884,23111.6495998588,27613.8477208001,13412.1734737070,72895.9600623859,48408.2217146321,63541.2884014779,48823.6511540859,35966.3569082330,60692.3683603662,67359.2347867409,11490.8766009500,53883.5289327593,48594.4199644072,33176.5509016650,32569.9712208040,22037.7781597008,22899.1726393692,36587.6078931489,44006.5743134278,39417.7296527667,37145.3959912478,45981.4773629631,21625.4104848910,29284.4683046207,48093.7110662030,59557.6607238459,56140.8900715600,55049.1677257795,35557.5513928035,66367.9305313490,27164.1114201971,36078.3454676164,40886.9344071466,2409.4232501199,78113.6582804233,55713.1103137525,20011.3686485570,37263.5998985824,50996.3486754542,64649.5273343329,28985.8941519256,33225.4948282116,8616.2199908683,59801.9367481079,63088.7892109972,49883.1636518762,17937.4314073038,45107.7647511850,42814.8528957046,55733.3850429702,63161.7643408835,43643.8036460808,14366.7637813956,69790.9604200201,53812.0028169363,52225.8572338946,65940.9979243698,32091.4029860012,20150.3462113512,46410.4619113569,80752.1424068145,18314.3019793838,45140.6825248292,33918.2522244448,26935.0356780508,39573.7806750354,40547.4473039351,40551.6302107298,51184.1355639189,29387.8714516033,67006.9457811233,21939.5618007407,65507.9216872816,46824.3481002530,30234.3352802735,31850.6222257393,27712.7277692091,50718.4995457803,4986.0490344095,39311.6263639891,42079.2995150206,44165.7591003323,60687.8711420011,37104.6192240202,55219.1103409117,56378.5917006515,44497.5001632613,53977.8041337737,17546.7057901808,63761.1694528911,42649.3375955783,25706.6100108278,55875.3230757131,34516.9067360613,23252.0272523129,26521.8767901194,62229.4090245479,18061.8661893612,39617.0425532960,45039.0907519501,33904.5361345226,48796.4847035800,12845.8230981744,26339.9685666594,67844.3060813106,55126.8360439694,48494.7337921398,56190.1302792789,56002.2096002743,43296.4327194500,35063.8336033935,51848.3922308901,56002.1125130219,42777.3742215327,40840.4932697479,28009.6337426999,35133.2308177351,20426.2406987440,15863.2382125531,62124.9077066325,46806.6259795585,1963.7249861789,82490.3551452090,18549.8269133515,20135.5509176199,32935.5261842280,22367.6048133269,62250.8862373332,38706.8277806874,31949.7753572785,30078.5635785583,53085.3597678120,29086.6676650327,58682.9772835844,31757.1009013835,50132.3774926474,29306.1209538843,39893.2540869719,39752.2084842370,24100.5800482978,51020.0679796736,36137.6421250449,35925.4890599081,59796.7308662740,30373.0819325049,49491.3118328057,45836.3274131149,44682.5548713505,38618.5188630617,37224.9595361574,18926.6196415011,28315.8150081469,68787.0354489031,27064.1493867572,36193.3153424129,38234.2057647667,30587.0418781793,26381.3614701508
261,0,0,0,0,0,0,0,0,0,0,0,0,0,0,0,0,0,0,0,0,0,0,0,0,0,0,0,0,0,0,0,0,0,0,0,0,0,0,0,0,0,0,0,0,0,0,0,0,0,0,0,0,0,0,0,0,0,0,0,0,0,0,0,0,0,0,0,0,0,0,0,0,0,0,0,0,0,0,0,0,0,0,0,0,0,0,0,0,0,0,0,0,0,0,0,0,0,0,0,0,0,0,0,0,0,0,0,0,0,0,0,0,0,0,0,0,0,0,0,0,0,0,0,0,0,0,0,0,0,0,0,0,0,0,0,0,0,0,0,0,0,0,0,0,0,0,0,0,0,0,0,0,0,0,0,0,0,0,0,0,0,0,0,0,0,0,0,0,0,0,0,0,0,0,0,0,0,0,0,0,0,0,0,0,0,0,0,0,0,0,0,0,0,0,0,0,0,0,0,0
262,0,0,0,0,0,0,0,0,0,0,0,0,0,0,0,0,0,0,0,0,0,0,0,0,0,0,0,0,0,0,0,0,0,0,0,0,0,0,0,0,0,0,0,0,0,0,0,0,0,0,0,0,0,0,0,0,0,0,0,0,0,0,0,0,0,0,0,0,0,0,0,0,0,0,0,0,0,0,0,0,0,0,0,0,0,0,0,0,0,0,0,0,0,0,0,0,0,0,0,0,0,0,0,0,0,0,0,0,0,0,0,0,0,0,0,0,0,0,0,0,0,0,0,0,0,0,0,0,0,0,0,0,0,0,0,0,0,0,0,0,0,0,0,0,0,0,0,0,0,0,0,0,0,0,0,0,0,0,0,0,0,0,0,0,0,0,0,0,0,0,0,0,0,0,0,0,0,0,0,0,0,0,0,0,0,0,0,0,0,0,0,0,0,0,0,0,0,0,0,0
263,0,0,0,0,0,0,0,0,0,0,0,0,0,0,0,0,0,0,0,0,0,0,0,0,0,0,0,0,0,0,0,0,0,0,0,0,0,0,0,0,0,0,0,0,0,0,0,0,0,0,0,0,0,0,0,0,0,0,0,0,0,0,0,0,0,0,0,0,0,0,0,0,0,0,0,0,0,0,0,0,0,0,0,0,0,0,0,0,0,0,0,0,0,0,0,0,0,0,0,0,0,0,0,0,0,0,0,0,0,0,0,0,0,0,0,0,0,0,0,0,0,0,0,0,0,0,0,0,0,0,0,0,0,0,0,0,0,0,0,0,0,0,0,0,0,0,0,0,0,0,0,0,0,0,0,0,0,0,0,0,0,0,0,0,0,0,0,0,0,0,0,0,0,0,0,0,0,0,0,0,0,0,0,0,0,0,0,0,0,0,0,0,0,0,0,0,0,0,0,0
264,0,0,0,0,0,0,0,0,0,0,0,0,0,0,0,0,0,0,0,0,0,0,0,0,0,0,0,0,0,0,0,0,0,0,0,0,0,0,0,0,0,0,0,0,0,0,0,0,0,0,0,0,0,0,0,0,0,0,0,0,0,0,0,0,0,0,0,0,0,0,0,0,0,0,0,0,0,0,0,0,0,0,0,0,0,0,0,0,0,0,0,0,0,0,0,0,0,0,0,0,0,0,0,0,0,0,0,0,0,0,0,0,0,0,0,0,0,0,0,0,0,0,0,0,0,0,0,0,0,0,0,0,0,0,0,0,0,0,0,0,0,0,0,0,0,0,0,0,0,0,0,0,0,0,0,0,0,0,0,0,0,0,0,0,0,0,0,0,0,0,0,0,0,0,0,0,0,0,0,0,0,0,0,0,0,0,0,0,0,0,0,0,0,0,0,0,0,0,0,0
265,0,0,0,0,0,0,0,0,0,0,0,0,0,0,0,0,0,0,0,0,0,0,0,0,0,0,0,0,0,0,0,0,0,0,0,0,0,0,0,0,0,0,0,0,0,0,0,0,0,0,0,0,0,0,0,0,0,0,0,0,0,0,0,0,0,0,0,0,0,0,0,0,0,0,0,0,0,0,0,0,0,0,0,0,0,0,0,0,0,0,0,0,0,0,0,0,0,0,0,0,0,0,0,0,0,0,0,0,0,0,0,0,0,0,0,0,0,0,0,0,0,0,0,0,0,0,0,0,0,0,0,0,0,0,0,0,0,0,0,0,0,0,0,0,0,0,0,0,0,0,0,0,0,0,0,0,0,0,0,0,0,0,0,0,0,0,0,0,0,0,0,0,0,0,0,0,0,0,0,0,0,0,0,0,0,0,0,0,0,0,0,0,0,0,0,0,0,0,0,0
266,0,0,0,0,0,0,0,0,0,0,0,0,0,0,0,0,0,0,0,0,0,0,0,0,0,0,0,0,0,0,0,0,0,0,0,0,0,0,0,0,0,0,0,0,0,0,0,0,0,0,0,0,0,0,0,0,0,0,0,0,0,0,0,0,0,0,0,0,0,0,0,0,0,0,0,0,0,0,0,0,0,0,0,0,0,0,0,0,0,0,0,0,0,0,0,0,0,0,0,0,0,0,0,0,0,0,0,0,0,0,0,0,0,0,0,0,0,0,0,0,0,0,0,0,0,0,0,0,0,0,0,0,0,0,0,0,0,0,0,0,0,0,0,0,0,0,0,0,0,0,0,0,0,0,0,0,0,0,0,0,0,0,0,0,0,0,0,0,0,0,0,0,0,0,0,0,0,0,0,0,0,0,0,0,0,0,0,0,0,0,0,0,0,0,0,0,0,0,0,0
267,33706.4421745090,99627.6504163144,79968.9218564821,70479.6607088873,37004.2999542895,69363.6912875377,94745.6899684848,30848.7848127029,59504.7494383841,58717.1179855059,31367.9866530586,77165.4053351163,397.7798356623,60606.9616604875,58177.6978259776,85506.1524674690,34222.3962422942,23334.2017704361,74471.4297798813,48459.2930053726,72757.6783487014,51742.9086147600,42322.8826467950,36563.9986770591,51553.6235810000,47282.5495433199,18733.7089676566,19389.2876329754,40257.8089286061,65315.8791731063,41846.0192976673,87003.8876584666,21632.1034262547,39740.1448721402,18099.5452086589,65133.7077145609,42751.8961732716,57942.4803096705,14070.4509949513,72553.4412738586,87757.1337781015,50989.6026199024,32232.9033128097,42318.0453983755,29206.0510034245,86402.1031880448,33232.3016303235,47572.1916474590,61657.1159124815,27103.9974658855,74931.1239406127,83348.7453675084,12790.1867323793,53309.6633778102,62426.0721552416,48617.5271049591,31291.4578780212,25215.0831027293,10997.1880830634,44737.1767211811,28509.3869935524,49660.5047699223,50614.3892874029,36196.2060596382,12019.1529833816,41464.2444642480,63742.4707428276,67537.3929434270,58536.9622700947,40887.7531853959,38976.2540210298,76966.9593792170,11177.2406717217,51333.4718385500,24900.8864982180,19355.9008834150,90660.9062095727,40005.2644090311,35395.9653140973,23929.5061556902,65139.5535165015,64202.6090042848,40219.4429740642,21186.2114332323,7417.2531464832,43905.4553138711,78855.9035695457,54504.6403339486,22523.0212869998,56714.5710234208,49514.4038181028,65531.0359663944,66475.6608381859,35419.9833058636,21932.5711864755,82086.2196872759,42337.7879868553,58906.4105666543,81339.1112368082,26876.8301903429,32826.8050874888,62321.7322733870,94198.4969147330,32686.0501890722,30786.3211893818,49895.4639632447,35626.2411207068,28793.8246747525,56163.0098435116,54816.6083656187,35474.1157228233,15642.4546320097,51058.2606570734,37654.4357612438,79037.7419243118,36188.0311193357,37460.4429469115,47691.5250934154,18641.3130601214,65792.6600802101,16222.6959931120,55226.8668162210,26522.7763548031,57944.9734767921,72379.8587491496,51794.4113955420,70918.8135066795,69887.0407381020,30300.9197008768,67117.6340624390,11404.8231045548,78664.5410944852,54994.0310264357,24616.5088181423,40737.7524512861,46572.7735810911,8392.2471176102,41980.2025524299,46501.5662371778,18200.1508951379,37088.8374578675,57995.0349208086,47892.7041870933,59050.4253899722,5735.0267790417,31425.6309703599,83737.1191094522,67728.5492606527,64483.4825796989,40207.4783582227,70734.3844002341,51812.1846836243,36117.5322470999,53148.5117813402,60189.0679418823,47155.3792539734,30201.7479875248,29742.8584826507,46735.7951763045,36407.6820291926,27171.1625249909,78103.4021661685,30955.1195374961,13255.8299593017,69086.6137811664,24549.6691990541,27058.0049581224,16952.0533042329,7403.0984721766,63780.4268579774,31876.4025180914,46337.0816480948,34488.4510838263,64045.0408183770,15992.4997698858,65489.9527121571,40997.4108339129,36401.2157977582,13766.2383186312,55492.9878387124,23931.0188159812,36194.3693040656,54010.9677754563,22270.0336262163,32148.0839628045,60029.8953571299,46214.1757753536,34608.6098644483,29947.6402827224,33315.3957089586,26444.6305059091,45965.6161563266,6903.0251077778,43775.5560542718,68952.9848288587,16531.8493465040,51989.7574165407,43688.1611125968,41158.6175028103,39840.7674775584
268,0,0,0,0,0,0,0,0,0,0,0,0,0,0,0,0,0,0,0,0,0,0,0,0,0,0,0,0,0,0,0,0,0,0,0,0,0,0,0,0,0,0,0,0,0,0,0,0,0,0,0,0,0,0,0,0,0,0,0,0,0,0,0,0,0,0,0,0,0,0,0,0,0,0,0,0,0,0,0,0,0,0,0,0,0,0,0,0,0,0,0,0,0,0,0,0,0,0,0,0,0,0,0,0,0,0,0,0,0,0,0,0,0,0,0,0,0,0,0,0,0,0,0,0,0,0,0,0,0,0,0,0,0,0,0,0,0,0,0,0,0,0,0,0,0,0,0,0,0,0,0,0,0,0,0,0,0,0,0,0,0,0,0,0,0,0,0,0,0,0,0,0,0,0,0,0,0,0,0,0,0,0,0,0,0,0,0,0,0,0,0,0,0,0,0,0,0,0,0,0
269,0,0,0,0,0,0,0,0,0,0,0,0,0,0,0,0,0,0,0,0,0,0,0,0,0,0,0,0,0,0,0,0,0,0,0,0,0,0,0,0,0,0,0,0,0,0,0,0,0,0,0,0,0,0,0,0,0,0,0,0,0,0,0,0,0,0,0,0,0,0,0,0,0,0,0,0,0,0,0,0,0,0,0,0,0,0,0,0,0,0,0,0,0,0,0,0,0,0,0,0,0,0,0,0,0,0,0,0,0,0,0,0,0,0,0,0,0,0,0,0,0,0,0,0,0,0,0,0,0,0,0,0,0,0,0,0,0,0,0,0,0,0,0,0,0,0,0,0,0,0,0,0,0,0,0,0,0,0,0,0,0,0,0,0,0,0,0,0,0,0,0,0,0,0,0,0,0,0,0,0,0,0,0,0,0,0,0,0,0,0,0,0,0,0,0,0,0,0,0,0
270,0,0,0,0,0,0,0,0,0,0,0,0,0,0,0,0,0,0,0,0,0,0,0,0,0,0,0,0,0,0,0,0,0,0,0,0,0,0,0,0,0,0,0,0,0,0,0,0,0,0,0,0,0,0,0,0,0,0,0,0,0,0,0,0,0,0,0,0,0,0,0,0,0,0,0,0,0,0,0,0,0,0,0,0,0,0,0,0,0,0,0,0,0,0,0,0,0,0,0,0,0,0,0,0,0,0,0,0,0,0,0,0,0,0,0,0,0,0,0,0,0,0,0,0,0,0,0,0,0,0,0,0,0,0,0,0,0,0,0,0,0,0,0,0,0,0,0,0,0,0,0,0,0,0,0,0,0,0,0,0,0,0,0,0,0,0,0,0,0,0,0,0,0,0,0,0,0,0,0,0,0,0,0,0,0,0,0,0,0,0,0,0,0,0,0,0,0,0,0,0
271,0,0,0,0,0,0,0,0,0,0,0,0,0,0,0,0,0,0,0,0,0,0,0,0,0,0,0,0,0,0,0,0,0,0,0,0,0,0,0,0,0,0,0,0,0,0,0,0,0,0,0,0,0,0,0,0,0,0,0,0,0,0,0,0,0,0,0,0,0,0,0,0,0,0,0,0,0,0,0,0,0,0,0,0,0,0,0,0,0,0,0,0,0,0,0,0,0,0,0,0,0,0,0,0,0,0,0,0,0,0,0,0,0,0,0,0,0,0,0,0,0,0,0,0,0,0,0,0,0,0,0,0,0,0,0,0,0,0,0,0,0,0,0,0,0,0,0,0,0,0,0,0,0,0,0,0,0,0,0,0,0,0,0,0,0,0,0,0,0,0,0,0,0,0,0,0,0,0,0,0,0,0,0,0,0,0,0,0,0,0,0,0,0,0,0,0,0,0,0,0
272,0,0,0,0,0,0,0,0,0,0,0,0,0,0,0,0,0,0,0,0,0,0,0,0,0,0,0,0,0,0,0,0,0,0,0,0,0,0,0,0,0,0,0,0,0,0,0,0,0,0,0,0,0,0,0,0,0,0,0,0,0,0,0,0,0,0,0,0,0,0,0,0,0,0,0,0,0,0,0,0,0,0,0,0,0,0,0,0,0,0,0,0,0,0,0,0,0,0,0,0,0,0,0,0,0,0,0,0,0,0,0,0,0,0,0,0,0,0,0,0,0,0,0,0,0,0,0,0,0,0,0,0,0,0,0,0,0,0,0,0,0,0,0,0,0,0,0,0,0,0,0,0,0,0,0,0,0,0,0,0,0,0,0,0,0,0,0,0,0,0,0,0,0,0,0,0,0,0,0,0,0,0,0,0,0,0,0,0,0,0,0,0,0,0,0,0,0,0,0,0
273,33130.8737308487,99784.0046236034,77039.5273988791,73604.3853569388,38813.8544549213,66314.3533464852,93179.6636718652,27940.2886096692,61396.3135601029,58057.0634456733,34576.7314851979,78306.5754455398,2209.3500548962,58387.4347672103,54950.5626622925,84834.3114358549,36086.5494953683,22898.9895998710,74621.2443655419,45295.5151155148,71286.3575368941,52306.1802733184,40705.9086611770,39547.1751796023,48698.6759914868,48055.5383308608,21388.7037717188,20203.2378872691,39906.7724623063,62073.1223075679,38604.9453749351,87548.8844333698,19951.1323354811,42459.5187372927,21023.7360381745,62113.3591379486,46004.2040202810,56386.7261465463,11317.5482654839,71674.9922213617,86584.1111063450,53350.5527170353,32985.9015755251,39862.8580611457,27321.5996565539,86320.9636965965,33929.5561671358,49214.3417456387,61744.0941798253,30306.5971825724,74560.0682339369,81675.2896314709,13916.5298487306,50383.1154709886,59682.7998230739,47626.3490867360,33787.5659654019,26894.3265683367,14238.4363300343,45857.7044222802,31067.4209049189,46525.9536003649,50459.8626119848,34691.0612210833,9842.4371024686,38547.4349070685,62613.5948048924,64285.8260867543,55401.2177162938,40984.7478511573,35748.2481554519,77707.2741819116,13259.9132369363,49022.6969015158,26698.2569153181,17688.0506552094,90898.1659219661,41191.4269169759,34410.4647436653,23524.8590592036,64789.8007016178,61298.7095455505,40614.0902026273,24438.9144620751,8664.8939072258,46032.5392090235,77620.8339580539,51269.0879476632,19796.7362849264,53673.2368906109,46255.4250617266,62341.1828514243,63304.5302921526,38620.0922522677,22670.9010819851,82384.4287043046,45576.5313461287,55646.0699566431,80398.3107817622,29783.9146207057,32764.1690127747,60425.1230344042,94147.7741540312,30227.5555922433,33746.6526274137,48344.9868840837,32452.9106106810,27490.3356339734,55057.6948552128,52189.6529490535,37843.0904345933,15328.0919584697,53066.8431214949,35646.4892405019,78937.6132634958,39447.9952440169,38678.6876580413,45742.9599127920,21795.7978520328,65030.5965432099,15747.3016706333,53348.7441581572,27547.7217256258,57711.7871604428,72826.0612654673,51191.5074336213,69747.7525269876,69777.5651031341,30374.6955975473,64242.1672415217,13927.8198794258,78002.0052953206,55199.1242460260,26957.6071220545,41416.5955776997,46810.9407152079,8733.8760221988,40968.3528897745,47709.0338158649,20096.1195648148,39806.7697057905,55113.7835190117,45231.7802852210,55895.8340119468,2784.6537019740,32933.7750569249,82347.7327652619,67903.4596799704,62845.4270302625,41929.2006621097,70145.8957505657,48586.6713780238,38353.8997017164,50068.6575946208,56973.3351815643,43916.8666228817,33461.8588066620,31774.3683062516,43726.6983919358,34863.9909344578,27332.7275582109,76524.7674565468,32350.1627098237,11594.5088795907,72128.1236588710,22345.6326599141,28120.7475462405,18973.2455345801,10481.5680147404,60711.0704357052,34973.9783656018,45840.4661774438,31231.7287019120,60931.4999785616,19219.8034758106,62229.6284017839,41853.5544311377,36271.0247758668,14787.1164308866,53339.0586942804,26249.7763690138,33305.5553208509,50834.7372592918,25371.7032579505,34960.5306999904,57052.7199136515,44902.6111036146,37406.8336625610,32135.6777057105,32248.3227485560,29680.4057795502,42759.0863307919,6664.1734046987,41588.2996494377,66003.8264991349,14879.7477745814,50725.3675879220,40429.4110327118,38080.5909532840,37125.2081130392
274,0,0,0,0,0,0,0,0,0,0,0,0,0,0,0,0,0,0,0,0,0,0,0,0,0,0,0,0,0,0,0,0,0,0,0,0,0,0,0,0,0,0,0,0,0,0,0,0,0,0,0,0,0,0,0,0,0,0,0,0,0,0,0,0,0,0,0,0,0,0,0,0,0,0,0,0,0,0,0,0,0,0,0,0,0,0,0,0,0,0,0,0,0,0,0,0,0,0,0,0,0,0,0,0,0,0,0,0,0,0,0,0,0,0,0,0,0,0,0,0,0,0,0,0,0,0,0,0,0,0,0,0,0,0,0,0,0,0,0,0,0,0,0,0,0,0,0,0,0,0,0,0,0,0,0,0,0,0,0,0,0,0,0,0,0,0,0,0,0,0,0,0,0,0,0,0,0,0,0,0,0,0,0,0,0,0,0,0,0,0,0,0,0,0,0,0,0,0,0,0
275,0,0,0,0,0,0,0,0,0,0,0,0,0,0,0,0,0,0,0,0,0,0,0,0,0,0,0,0,0,0,0,0,0,0,0,0,0,0,0,0,0,0,0,0,0,0,0,0,0,0,0,0,0,0,0,0,0,0,0,0,0,0,0,0,0,0,0,0,0,0,0,0,0,0,0,0,0,0,0,0,0,0,0,0,0,0,0,0,0,0,0,0,0,0,0,0,0,0,0,0,0,0,0,0,0,0,0,0,0,0,0,0,0,0,0,0,0,0,0,0,0,0,0,0,0,0,0,0,0,0,0,0,0,0,0,0,0,0,0,0,0,0,0,0,0,0,0,0,0,0,0,0,0,0,0,0,0,0,0,0,0,0,0,0,0,0,0,0,0,0,0,0,0,0,0,0,0,0,0,0,0,0,0,0,0,0,0,0,0,0,0,0,0,0,0,0,0,0,0,0
276,0,0,0,0,0,0,0,0,0,0,0,0,0,0,0,0,0,0,0,0,0,0,0,0,0,0,0,0,0,0,0,0,0,0,0,0,0,0,0,0,0,0,0,0,0,0,0,0,0,0,0,0,0,0,0,0,0,0,0,0,0,0,0,0,0,0,0,0,0,0,0,0,0,0,0,0,0,0,0,0,0,0,0,0,0,0,0,0,0,0,0,0,0,0,0,0,0,0,0,0,0,0,0,0,0,0,0,0,0,0,0,0,0,0,0,0,0,0,0,0,0,0,0,0,0,0,0,0,0,0,0,0,0,0,0,0,0,0,0,0,0,0,0,0,0,0,0,0,0,0,0,0,0,0,0,0,0,0,0,0,0,0,0,0,0,0,0,0,0,0,0,0,0,0,0,0,0,0,0,0,0,0,0,0,0,0,0,0,0,0,0,0,0,0,0,0,0,0,0,0
277,0,0,0,0,0,0,0,0,0,0,0,0,0,0,0,0,0,0,0,0,0,0,0,0,0,0,0,0,0,0,0,0,0,0,0,0,0,0,0,0,0,0,0,0,0,0,0,0,0,0,0,0,0,0,0,0,0,0,0,0,0,0,0,0,0,0,0,0,0,0,0,0,0,0,0,0,0,0,0,0,0,0,0,0,0,0,0,0,0,0,0,0,0,0,0,0,0,0,0,0,0,0,0,0,0,0,0,0,0,0,0,0,0,0,0,0,0,0,0,0,0,0,0,0,0,0,0,0,0,0,0,0,0,0,0,0,0,0,0,0,0,0,0,0,0,0,0,0,0,0,0,0,0,0,0,0,0,0,0,0,0,0,0,0,0,0,0,0,0,0,0,0,0,0,0,0,0,0,0,0,0,0,0,0,0,0,0,0,0,0,0,0,0,0,0,0,0,0,0,0
278,0,0,0,0,0,0,0,0,0,0,0,0,0,0,0,0,0,0,0,0,0,0,0,0,0,0,0,0,0,0,0,0,0,0,0,0,0,0,0,0,0,0,0,0,0,0,0,0,0,0,0,0,0,0,0,0,0,0,0,0,0,0,0,0,0,0,0,0,0,0,0,0,0,0,0,0,0,0,0,0,0,0,0,0,0,0,0,0,0,0,0,0,0,0,0,0,0,0,0,0,0,0,0,0,0,0,0,0,0,0,0,0,0,0,0,0,0,0,0,0,0,0,0,0,0,0,0,0,0,0,0,0,0,0,0,0,0,0,0,0,0,0,0,0,0,0,0,0,0,0,0,0,0,0,0,0,0,0,0,0,0,0,0,0,0,0,0,0,0,0,0,0,0,0,0,0,0,0,0,0,0,0,0,0,0,0,0,0,0,0,0,0,0,0,0,0,0,0,0,0
279,48843.1522609237,84458.1801959938,65991.8362865054,84530.2516454397,32217.1522279342,69017.7697077915,76504.5238711625,19229.2658853552,77687.8125412071,41444.2003807793,45238.5746211036,66428.0932367445,19690.9434027277,43261.4636705008,49441.8358429110,68148.3980763448,52439.4190786529,10661.7908357808,59432.9319464672,47030.8548518240,54518.0483132495,38778.9193394931,24117.6329403601,42010.0145422119,37618.1910660118,64941.2975399285,23923.1933656547,37113.1705382041,24016.7078996983,60533.4996166249,34796.1364271362,73367.2379282546,33916.5793321197,56668.9900467552,34876.1578336585,52366.6609419331,53036.1909245795,39704.0448474738,9880.1891851278,54842.4927831754,69676.7581563894,68693.2872179182,21530.8053421890,26199.2382026468,11554.7693130656,70527.7692878327,50810.3058841041,65814.7233143854,46531.1551472109,36935.9651663280,58285.6503295716,65137.0070799042,12316.0120198854,55273.0737428817,47347.8601651641,30760.7999092283,32474.2414350283,21551.1810107339,24555.0898952663,34957.2664126559,46021.4372848790,39149.3429219612,34813.4907805455,48259.7068271723,24018.7341615991,28667.8373433343,45703.9548743832,59599.5188730991,57120.1231542306,57474.8387487907,36586.2317617533,64282.4110416826,29397.2692078045,34380.8145067222,43140.1132236418,500.9123074245,75817.4374006721,58067.8809975494,17587.5721322893,39686.8599410676,48598.3081188722,65967.2525498498,26970.4467295078,34697.1652636058,10830.1355800002,61942.7880567270,60723.6782124345,50570.1012270643,11393.3449311443,44473.3578318012,43215.9963836338,55437.1744957073,63966.9228105951,44420.7074857056,13494.7525434996,67523.8719647052,55023.9370729846,52549.3373502794,63528.5853798066,32599.8326646092,18012.3031197886,44323.3882031233,78384.9605395841,17179.9276785242,46900.8833296416,31658.6038694900,27201.7348122883,41921.0565508895,38151.0522105805,39206.0850545473,53252.3849063021,31812.4182178512,69179.5009424412,20062.9028454546,63141.5781764520,47944.9867218351,28830.1938287863,29842.3170966704,28874.3977290469,48293.1944416897,5566.8602297343,37227.1892143184,44448.5414613446,41797.0837367072,58491.9120894796,34686.7304175466,52839.1101285243,54019.5437278606,46922.7671213324,52905.5586838900,18782.9447789199,61335.5474142261,40420.2367237821,25774.4525934351,58281.8865908028,32351.4490983221,25638.9916907048,24104.6717559331,64582.3691863056,18325.5305634476,39585.2151140031,44059.4491002939,32693.5039133838,48445.9136165759,15271.2120317222,25375.0055420343,65519.4645381626,52847.2898375485,46265.4267827425,58448.2131430680,53579.0854268465,43351.4028708346,34556.4071607828,53008.9234904062,56714.1011470413,43568.2264712785,42014.3452345069,27553.3264688373,34590.2279235750,18180.0728921199,14080.1174616064,59865.1617609569,49129.3838297809,6539.7921005522,83966.8924289783,16049.5805359397,19053.5150374809,35158.4769553839,24403.6784225575,63318.0522649113,39335.5359817448,29551.3099797631,31051.9984724171,52552.1326212683,30766.7264952398,58943.1412521833,30013.1383156349,52555.9199068806,31664.7637481049,38018.8665789076,41875.7996804489,23605.4290869118,51947.9719512394,37861.3066055211,36142.9075652781,61050.4326843451,28021.6760408102,51345.4093595036,47982.2112319347,47043.3594685264,40050.5774770185,37302.2028680042,21350.0865630358,26555.7556940556,70008.5107580905,29448.7200036114,33830.1318285180,38904.3416671566,30359.8377570223,25427.6055113293
280,0,0,0,0,0,0,0,0,0,0,0,0,0,0,0,0,0,0,0,0,0,0,0,0,0,0,0,0,0,0,0,0,0,0,0,0,0,0,0,0,0,0,0,0,0,0,0,0,0,0,0,0,0,0,0,0,0,0,0,0,0,0,0,0,0,0,0,0,0,0,0,0,0,0,0,0,0,0,0,0,0,0,0,0,0,0,0,0,0,0,0,0,0,0,0,0,0,0,0,0,0,0,0,0,0,0,0,0,0,0,0,0,0,0,0,0,0,0,0,0,0,0,0,0,0,0,0,0,0,0,0,0,0,0,0,0,0,0,0,0,0,0,0,0,0,0,0,0,0,0,0,0,0,0,0,0,0,0,0,0,0,0,0,0,0,0,0,0,0,0,0,0,0,0,0,0,0,0,0,0,0,0,0,0,0,0,0,0,0,0,0,0,0,0,0,0,0,0,0,0
281,0,0,0,0,0,0,0,0,0,0,0,0,0,0,0,0,0,0,0,0,0,0,0,0,0,0,0,0,0,0,0,0,0,0,0,0,0,0,0,0,0,0,0,0,0,0,0,0,0,0,0,0,0,0,0,0,0,0,0,0,0,0,0,0,0,0,0,0,0,0,0,0,0,0,0,0,0,0,0,0,0,0,0,0,0,0,0,0,0,0,0,0,0,0,0,0,0,0,0,0,0,0,0,0,0,0,0,0,0,0,0,0,0,0,0,0,0,0,0,0,0,0,0,0,0,0,0,0,0,0,0,0,0,0,0,0,0,0,0,0,0,0,0,0,0,0,0,0,0,0,0,0,0,0,0,0,0,0,0,0,0,0,0,0,0,0,0,0,0,0,0,0,0,0,0,0,0,0,0,0,0,0,0,0,0,0,0,0,0,0,0,0,0,0,0,0,0,0,0,0
282,0,0,0,0,0,0,0,0,0,0,0,0,0,0,0,0,0,0,0,0,0,0,0,0,0,0,0,0,0,0,0,0,0,0,0,0,0,0,0,0,0,0,0,0,0,0,0,0,0,0,0,0,0,0,0,0,0,0,0,0,0,0,0,0,0,0,0,0,0,0,0,0,0,0,0,0,0,0,0,0,0,0,0,0,0,0,0,0,0,0,0,0,0,0,0,0,0,0,0,0,0,0,0,0,0,0,0,0,0,0,0,0,0,0,0,0,0,0,0,0,0,0,0,0,0,0,0,0,0,0,0,0,0,0,0,0,0,0,0,0,0,0,0,0,0,0,0,0,0,0,0,0,0,0,0,0,0,0,0,0,0,0,0,0,0,0,0,0,0,0,0,0,0,0,0,0,0,0,0,0,0,0,0,0,0,0,0,0,0,0,0,0,0,0,0,0,0,0,0,0
283,0,0,0,0,0,0,0,0,0,0,0,0,0,0,0,0,0,0,0,0,0,0,0,0,0,0,0,0,0,0,0,0,0,0,0,0,0,0,0,0,0,0,0,0,0,0,0,0,0,0,0,0,0,0,0,0,0,0,0,0,0,0,0,0,0,0,0,0,0,0,0,0,0,0,0,0,0,0,0,0,0,0,0,0,0,0,0,0,0,0,0,0,0,0,0,0,0,0,0,0,0,0,0,0,0,0,0,0,0,0,0,0,0,0,0,0,0,0,0,0,0,0,0,0,0,0,0,0,0,0,0,0,0,0,0,0,0,0,0,0,0,0,0,0,0,0,0,0,0,0,0,0,0,0,0,0,0,0,0,0,0,0,0,0,0,0,0,0,0,0,0,0,0,0,0,0,0,0,0,0,0,0,0,0,0,0,0,0,0,0,0,0,0,0,0,0,0,0,0,0
284,0,0,0,0,0,0,0,0,0,0,0,0,0,0,0,0,0,0,0,0,0,0,0,0,0,0,0,0,0,0,0,0,0,0,0,0,0,0,0,0,0,0,0,0,0,0,0,0,0,0,0,0,0,0,0,0,0,0,0,0,0,0,0,0,0,0,0,0,0,0,0,0,0,0,0,0,0,0,0,0,0,0,0,0,0,0,0,0,0,0,0,0,0,0,0,0,0,0,0,0,0,0,0,0,0,0,0,0,0,0,0,0,0,0,0,0,0,0,0,0,0,0,0,0,0,0,0,0,0,0,0,0,0,0,0,0,0,0,0,0,0,0,0,0,0,0,0,0,0,0,0,0,0,0,0,0,0,0,0,0,0,0,0,0,0,0,0,0,0,0,0,0,0,0,0,0,0,0,0,0,0,0,0,0,0,0,0,0,0,0,0,0,0,0,0,0,0,0,0,0
285,0,0,0,0,0,0,0,0,0,0,0,0,0,0,0,0,0,0,0,0,0,0,0,0,0,0,0,0,0,0,0,0,0,0,0,0,0,0,0,0,0,0,0,0,0,0,0,0,0,0,0,0,0,0,0,0,0,0,0,0,0,0,0,0,0,0,0,0,0,0,0,0,0,0,0,0,0,0,0,0,0,0,0,0,0,0,0,0,0,0,0,0,0,0,0,0,0,0,0,0,0,0,0,0,0,0,0,0,0,0,0,0,0,0,0,0,0,0,0,0,0,0,0,0,0,0,0,0,0,0,0,0,0,0,0,0,0,0,0,0,0,0,0,0,0,0,0,0,0,0,0,0,0,0,0,0,0,0,0,0,0,0,0,0,0,0,0,0,0,0,0,0,0,0,0,0,0,0,0,0,0,0,0,0,0,0,0,0,0,0,0,0,0,0,0,0,0,0,0,0
286,0,0,0,0,0,0,0,0,0,0,0,0,0,0,0,0,0,0,0,0,0,0,0,0,0,0,0,0,0,0,0,0,0,0,0,0,0,0,0,0,0,0,0,0,0,0,0,0,0,0,0,0,0,0,0,0,0,0,0,0,0,0,0,0,0,0,0,0,0,0,0,0,0,0,0,0,0,0,0,0,0,0,0,0,0,0,0,0,0,0,0,0,0,0,0,0,0,0,0,0,0,0,0,0,0,0,0,0,0,0,0,0,0,0,0,0,0,0,0,0,0,0,0,0,0,0,0,0,0,0,0,0,0,0,0,0,0,0,0,0,0,0,0,0,0,0,0,0,0,0,0,0,0,0,0,0,0,0,0,0,0,0,0,0,0,0,0,0,0,0,0,0,0,0,0,0,0,0,0,0,0,0,0,0,0,0,0,0,0,0,0,0,0,0,0,0,0,0,0,0
287,0,0,0,0,0,0,0,0,0,0,0,0,0,0,0,0,0,0,0,0,0,0,0,0,0,0,0,0,0,0,0,0,0,0,0,0,0,0,0,0,0,0,0,0,0,0,0,0,0,0,0,0,0,0,0,0,0,0,0,0,0,0,0,0,0,0,0,0,0,0,0,0,0,0,0,0,0,0,0,0,0,0,0,0,0,0,0,0,0,0,0,0,0,0,0,0,0,0,0,0,0,0,0,0,0,0,0,0,0,0,0,0,0,0,0,0,0,0,0,0,0,0,0,0,0,0,0,0,0,0,0,0,0,0,0,0,0,0,0,0,0,0,0,0,0,0,0,0,0,0,0,0,0,0,0,0,0,0,0,0,0,0,0,0,0,0,0,0,0,0,0,0,0,0,0,0,0,0,0,0,0,0,0,0,0,0,0,0,0,0,0,0,0,0,0,0,0,0,0,0
288,0,0,0,0,0,0,0,0,0,0,0,0,0,0,0,0,0,0,0,0,0,0,0,0,0,0,0,0,0,0,0,0,0,0,0,0,0,0,0,0,0,0,0,0,0,0,0,0,0,0,0,0,0,0,0,0,0,0,0,0,0,0,0,0,0,0,0,0,0,0,0,0,0,0,0,0,0,0,0,0,0,0,0,0,0,0,0,0,0,0,0,0,0,0,0,0,0,0,0,0,0,0,0,0,0,0,0,0,0,0,0,0,0,0,0,0,0,0,0,0,0,0,0,0,0,0,0,0,0,0,0,0,0,0,0,0,0,0,0,0,0,0,0,0,0,0,0,0,0,0,0,0,0,0,0,0,0,0,0,0,0,0,0,0,0,0,0,0,0,0,0,0,0,0,0,0,0,0,0,0,0,0,0,0,0,0,0,0,0,0,0,0,0,0,0,0,0,0,0,0
289,0,0,0,0,0,0,0,0,0,0,0,0,0,0,0,0,0,0,0,0,0,0,0,0,0,0,0,0,0,0,0,0,0,0,0,0,0,0,0,0,0,0,0,0,0,0,0,0,0,0,0,0,0,0,0,0,0,0,0,0,0,0,0,0,0,0,0,0,0,0,0,0,0,0,0,0,0,0,0,0,0,0,0,0,0,0,0,0,0,0,0,0,0,0,0,0,0,0,0,0,0,0,0,0,0,0,0,0,0,0,0,0,0,0,0,0,0,0,0,0,0,0,0,0,0,0,0,0,0,0,0,0,0,0,0,0,0,0,0,0,0,0,0,0,0,0,0,0,0,0,0,0,0,0,0,0,0,0,0,0,0,0,0,0,0,0,0,0,0,0,0,0,0,0,0,0,0,0,0,0,0,0,0,0,0,0,0,0,0,0,0,0,0,0,0,0,0,0,0,0
290,0,0,0,0,0,0,0,0,0,0,0,0,0,0,0,0,0,0,0,0,0,0,0,0,0,0,0,0,0,0,0,0,0,0,0,0,0,0,0,0,0,0,0,0,0,0,0,0,0,0,0,0,0,0,0,0,0,0,0,0,0,0,0,0,0,0,0,0,0,0,0,0,0,0,0,0,0,0,0,0,0,0,0,0,0,0,0,0,0,0,0,0,0,0,0,0,0,0,0,0,0,0,0,0,0,0,0,0,0,0,0,0,0,0,0,0,0,0,0,0,0,0,0,0,0,0,0,0,0,0,0,0,0,0,0,0,0,0,0,0,0,0,0,0,0,0,0,0,0,0,0,0,0,0,0,0,0,0,0,0,0,0,0,0,0,0,0,0,0,0,0,0,0,0,0,0,0,0,0,0,0,0,0,0,0,0,0,0,0,0,0,0,0,0,0,0,0,0,0,0
291,0,0,0,0,0,0,0,0,0,0,0,0,0,0,0,0,0,0,0,0,0,0,0,0,0,0,0,0,0,0,0,0,0,0,0,0,0,0,0,0,0,0,0,0,0,0,0,0,0,0,0,0,0,0,0,0,0,0,0,0,0,0,0,0,0,0,0,0,0,0,0,0,0,0,0,0,0,0,0,0,0,0,0,0,0,0,0,0,0,0,0,0,0,0,0,0,0,0,0,0,0,0,0,0,0,0,0,0,0,0,0,0,0,0,0,0,0,0,0,0,0,0,0,0,0,0,0,0,0,0,0,0,0,0,0,0,0,0,0,0,0,0,0,0,0,0,0,0,0,0,0,0,0,0,0,0,0,0,0,0,0,0,0,0,0,0,0,0,0,0,0,0,0,0,0,0,0,0,0,0,0,0,0,0,0,0,0,0,0,0,0,0,0,0,0,0,0,0,0,0
292,0,0,0,0,0,0,0,0,0,0,0,0,0,0,0,0,0,0,0,0,0,0,0,0,0,0,0,0,0,0,0,0,0,0,0,0,0,0,0,0,0,0,0,0,0,0,0,0,0,0,0,0,0,0,0,0,0,0,0,0,0,0,0,0,0,0,0,0,0,0,0,0,0,0,0,0,0,0,0,0,0,0,0,0,0,0,0,0,0,0,0,0,0,0,0,0,0,0,0,0,0,0,0,0,0,0,0,0,0,0,0,0,0,0,0,0,0,0,0,0,0,0,0,0,0,0,0,0,0,0,0,0,0,0,0,0,0,0,0,0,0,0,0,0,0,0,0,0,0,0,0,0,0,0,0,0,0,0,0,0,0,0,0,0,0,0,0,0,0,0,0,0,0,0,0,0,0,0,0,0,0,0,0,0,0,0,0,0,0,0,0,0,0,0,0,0,0,0,0,0
293,0,0,0,0,0,0,0,0,0,0,0,0,0,0,0,0,0,0,0,0,0,0,0,0,0,0,0,0,0,0,0,0,0,0,0,0,0,0,0,0,0,0,0,0,0,0,0,0,0,0,0,0,0,0,0,0,0,0,0,0,0,0,0,0,0,0,0,0,0,0,0,0,0,0,0,0,0,0,0,0,0,0,0,0,0,0,0,0,0,0,0,0,0,0,0,0,0,0,0,0,0,0,0,0,0,0,0,0,0,0,0,0,0,0,0,0,0,0,0,0,0,0,0,0,0,0,0,0,0,0,0,0,0,0,0,0,0,0,0,0,0,0,0,0,0,0,0,0,0,0,0,0,0,0,0,0,0,0,0,0,0,0,0,0,0,0,0,0,0,0,0,0,0,0,0,0,0,0,0,0,0,0,0,0,0,0,0,0,0,0,0,0,0,0,0,0,0,0,0,0
294,0,0,0,0,0,0,0,0,0,0,0,0,0,0,0,0,0,0,0,0,0,0,0,0,0,0,0,0,0,0,0,0,0,0,0,0,0,0,0,0,0,0,0,0,0,0,0,0,0,0,0,0,0,0,0,0,0,0,0,0,0,0,0,0,0,0,0,0,0,0,0,0,0,0,0,0,0,0,0,0,0,0,0,0,0,0,0,0,0,0,0,0,0,0,0,0,0,0,0,0,0,0,0,0,0,0,0,0,0,0,0,0,0,0,0,0,0,0,0,0,0,0,0,0,0,0,0,0,0,0,0,0,0,0,0,0,0,0,0,0,0,0,0,0,0,0,0,0,0,0,0,0,0,0,0,0,0,0,0,0,0,0,0,0,0,0,0,0,0,0,0,0,0,0,0,0,0,0,0,0,0,0,0,0,0,0,0,0,0,0,0,0,0,0,0,0,0,0,0,0
295,0,0,0,0,0,0,0,0,0,0,0,0,0,0,0,0,0,0,0,0,0,0,0,0,0,0,0,0,0,0,0,0,0,0,0,0,0,0,0,0,0,0,0,0,0,0,0,0,0,0,0,0,0,0,0,0,0,0,0,0,0,0,0,0,0,0,0,0,0,0,0,0,0,0,0,0,0,0,0,0,0,0,0,0,0,0,0,0,0,0,0,0,0,0,0,0,0,0,0,0,0,0,0,0,0,0,0,0,0,0,0,0,0,0,0,0,0,0,0,0,0,0,0,0,0,0,0,0,0,0,0,0,0,0,0,0,0,0,0,0,0,0,0,0,0,0,0,0,0,0,0,0,0,0,0,0,0,0,0,0,0,0,0,0,0,0,0,0,0,0,0,0,0,0,0,0,0,0,0,0,0,0,0,0,0,0,0,0,0,0,0,0,0,0,0,0,0,0,0,0
296,62286.2776823344,73886.6522277444,84714.2345674481,72417.3217999148,8967.8586614819,92133.3351143839,81391.8006146112,42055.0238162268,78405.9134738397,40138.3400091009,37114.8057360016,48459.5013355914,30667.8978968425,56980.7747310572,72100.4168593034,65118.2843115544,55412.8923008036,17202.6077035158,49308.1172989000,70167.2743264660,59891.8022818142,25431.5507190508,35733.3673856893,23696.3939924085,57709.4049266970,72566.1453655740,14857.5542667671,46198.5532591064,22621.4772288336,83833.1004248234,58048.0410132383,59797.7757691002,50362.1701788284,53019.5184441281,35064.5729268670,72755.9201773898,38268.9432570157,47544.7867978046,31309.1381777588,54480.5818374314,71213.8056596234,66671.4750307097,8289.4012434694,44729.4324636232,30287.1801648973,62154.1189666275,59374.1340068039,68843.9676052034,37436.9258442517,25366.3116376252,52922.5744151475,71667.1775789776,16570.0833695752,77764.6346537980,65499.0685778465,34501.3617000702,12344.1092258553,2107.4719492899,24919.4747160810,16367.5254075230,45700.4685275985,61413.1128187716,29118.7344382591,65053.1624847881,40248.3272331927,50273.8268660772,48588.8311159663,82345.7029203236,80325.0906783220,68292.0077661034,59741.6748151575,49204.6781273260,36056.2197346486,50182.6819070720,47725.1146734799,25469.5164611746,64682.1739935749,64034.3417943336,25315.0414677946,52466.2076096903,43584.1389052333,88615.2347165003,16452.8954572512,29212.1882311446,25063.5294299220,62273.8404920387,63363.7492240520,73914.7535830131,34724.9413729649,65575.3654537751,66467.1602471955,77436.2610416157,87289.3680850295,29598.3316206906,9856.5126273537,55984.3011919194,43268.6460481351,75716.2661065968,63214.6220180006,17673.2838447040,15811.2874357237,54848.2868312485,69596.6921001916,37917.0890818308,42665.5967128656,40822.3823550629,50404.4224978547,57704.5055908019,41757.3461763478,57147.6291569974,52985.9949521955,44285.5033407413,69674.8070813507,36444.9263175558,55128.2084447629,36011.4153872083,9049.6072625865,43176.3327965476,21923.6141588840,47320.0713778825,19235.3713720121,48557.5910653607,52127.1084350923,36165.6946213438,45822.0881203449,33694.7577877429,55454.1135261102,46423.1404397552,58023.8506492661,71860.5052908445,18712.9459490714,58534.3477639389,30517.9989819179,9581.9662152627,66591.7391126079,22792.7779258222,36921.6302604278,29721.1034153263,70066.4712118762,11041.4640221073,18949.7377397039,63758.6809425652,51785.4836190848,70372.7386178094,31345.5912358035,234.8979735819,69322.9435905332,42680.1142138969,54066.5295651137,61598.1574341892,50526.8263494830,66205.9086425491,11790.2910346603,75983.2408893540,80057.4940597879,66891.3744283603,31536.4727684817,8014.0228983533,56224.8056056387,31076.2040535975,12464.0391157987,65849.2270495342,54812.2944491063,25478.2714458999,73365.8496664986,30968.7477271701,5649.3300756545,40364.0545081420,29453.5872103273,86423.2442841692,23949.0958651878,28362.1847581287,54258.9178137013,73857.5826749087,28961.0904419682,82025.8835338580,14003.6602035294,64340.3489480526,40787.7500294633,51825.6362833224,44030.0090851273,45710.7056333178,75196.9833910767,34719.8334261212,17782.8776340742,83846.7214243400,35627.2360842304,47869.3621779259,49724.9570291859,62210.4591029948,32840.9909756048,60231.6199124939,35520.2735560127,42754.4783818190,92859.9881112082,45269.0164035106,39743.5761057327,62249.0267326721,52855.7935118272,46100.4124690687
297,64293.9294177619,72642.1136525950,86381.2635263116,72047.7371044415,13003.6428588043,94466.0825046529,81694.9788608802,44244.2430809143,79390.6059239818,40201.1247896617,37576.6104915723,46534.4143710202,32790.2952731864,58277.2490134955,74232.8669259875,64710.7497926916,56733.5945835842,19300.6220259448,48263.1359569073,72496.8032055527,60377.1694852594,24383.0179509877,37109.0113464715,22887.2728535721,59583.9550518980,74149.9922705217,16155.8075889218,48041.4240118509,23276.2442770490,86085.1393622720,60290.4341295680,58298.4193300075,52559.7221204405,53753.9970601115,36417.0089450540,74621.3749838230,37808.1149881847,48396.3229404214,33657.1141837520,54440.5058135283,71234.7707804492,67460.0744098412,8967.7608336800,46533.5129636475,32267.8266621164,61201.5814001395,61089.4634038654,70079.6074507492,36666.4229958657,25683.2486125354,52369.2500599325,72183.4393976253,18832.2292758094,80112.9965134089,67160.9398034035,35207.9137663823,11564.1832011170,5894.9410085362,26565.8092343150,14767.1907408412,46836.7266382072,63504.9200392674,28966.4659624582,67226.9886866814,42480.1571274177,52317.4219609151,48948.1634708238,84485.0060886126,82649.1974767348,70116.7793770725,62068.3659497482,47597.8468101525,37867.9054787217,51715.5101481777,49244.2668887947,27737.6729558358,63419.5567444674,65534.1081481521,26705.5969240880,54479.5440292781,43183.6856020163,90962.8404109608,16330.8121510658,30165.8140101949,27366.1092074142,63313.1836644053,63549.5867732729,76200.5908478242,37000.5955215730,67530.5803274170,68706.8536975514,79476.9940711755,89591.7565630539,29287.0137323410,12162.7843861842,54728.2752481433,43171.8852519995,77933.1504425545,63101.7665136452,17798.4606457309,16969.9676821335,55869.3790859640,68558.0505395318,39943.1142668108,43465.6935279099,41894.4236250199,52639.1462192404,59849.1207540995,42293.1999085111,58825.3118941158,54046.9040352631,46333.1642003650,70682.7891052793,38172.6945621775,54266.1010196799,36002.1119040872,10689.2991614661,44571.5990308808,22996.2593345097,47301.7131341810,21569.7729249971,49714.8829394161,53829.7137500462,35829.4963402323,44518.0350054969,33938.8257247834,55707.1818318926,45694.9577523710,59911.6156290348,73581.0619225738,20615.3815712483,58201.6624000970,29795.8860577032,10259.5079529391,68251.8767121781,22393.5325516907,38976.8979682791,30749.7580747117,71497.0929107803,13007.2482286119,17712.7811921394,65576.0082048189,53593.3075719686,72412.5628654904,33627.7344275216,683.6437982369,69583.3767367127,41703.1107945540,54840.0199681158,62887.6363892815,50247.8522371161,68371.3851843994,9978.8733604971,78322.5330993565,82346.3063819655,69192.8889014063,31821.4658005135,6154.1772623482,58256.0141392929,32657.9001973350,14246.0338393609,66348.7473535564,56351.1371408935,27825.5971542868,73179.5987817072,33145.2412155166,10011.1022078598,42015.9664084838,31292.0437596413,88756.3717731276,23700.7021739217,28759.0703421552,56579.9124539813,75820.8229341488,30288.9138701720,84223.3417368384,13074.0106069334,66242.0781032520,42685.9087679166,53170.4813904418,45400.6316171502,47816.1336377238,77515.1664552249,35773.8808776034,17172.8150156127,86191.9168321744,36665.0669990407,48677.3682127672,50995.3530007033,64311.3286014522,33502.3651796789,62412.8772300146,37711.1145742683,44389.0872551723,95204.3399710222,47461.4709317272,40538.8236991333,64534.9931242385,54987.8286517622,48074.3016590277
298,0,0,0,0,0,0,0,0,0,0,0,0,0,0,0,0,0,0,0,0,0,0,0,0,0,0,0,0,0,0,0,0,0,0,0,0,0,0,0,0,0,0,0,0,0,0,0,0,0,0,0,0,0,0,0,0,0,0,0,0,0,0,0,0,0,0,0,0,0,0,0,0,0,0,0,0,0,0,0,0,0,0,0,0,0,0,0,0,0,0,0,0,0,0,0,0,0,0,0,0,0,0,0,0,0,0,0,0,0,0,0,0,0,0,0,0,0,0,0,0,0,0,0,0,0,0,0,0,0,0,0,0,0,0,0,0,0,0,0,0,0,0,0,0,0,0,0,0,0,0,0,0,0,0,0,0,0,0,0,0,0,0,0,0,0,0,0,0,0,0,0,0,0,0,0,0,0,0,0,0,0,0,0,0,0,0,0,0,0,0,0,0,0,0,0,0,0,0,0,0
299,40768.9147882732,92248.7520459671,75832.4634462728,74207.3235807115,31758.0479833850,71097.8171599038,87667.9092842757,27174.6848577651,66464.2573666444,51179.7284030745,34763.4036073706,70679.9235506322,9276.3357108901,54515.0119940156,56311.9502801461,77965.9473393658,41292.7532622316,15787.5854433505,67084.7076076397,49500.0724468707,65616.9776488006,44629.8403500640,35415.8022985454,35393.5045734391,47283.1959204387,54830.6544236738,16549.2657325265,26940.6467016965,32709.5871329554,65201.5104298240,40425.3785127873,79881.0666653850,27509.8395017302,45373.7940065529,23548.3289331334,61518.6574050150,44160.3058105001,50909.0343103628,11060.6266870596,65062.8645547984,80389.0162527316,57328.2357930095,25300.4352289871,36887.8180356030,22813.8832710093,78921.0958765594,40783.5512365627,54783.0345788753,54236.3444266302,27952.7622190491,67386.0002899501,76392.2291600093,12768.9663816434,55790.0068031812,57659.7484151361,41189.9152751178,28038.9791602260,19803.3087046993,13654.0097239704,38244.5021592222,34656.1508525717,46916.4007457745,43102.7455932649,42275.4805871115,17256.5686881371,37585.2811837746,56367.3528101842,66106.1540066214,59730.6224152648,48330.9693362892,39408.3957019249,70018.9072259361,18349.4532196654,45480.7456371565,32087.0797445697,12914.6881583432,83324.6904416553,47475.0535326064,27994.1635630999,31096.9916616712,57595.6707877965,66727.4177996928,32968.4691469095,24173.8322800154,789.5707063710,50634.5495842030,71530.6555813413,54615.2692504101,18482.5388282575,53280.0993693525,48564.0652738490,63139.6930783637,67309.9931034425,36017.2290481980,14992.8676327851,74785.0575942664,45107.5332136516,58063.8227681791,73866.4512997960,25511.1900951270,25329.7825926592,55686.5752975594,86729.0500557672,27424.6151049236,35750.8152711897,42880.9747435514,33453.7540852123,35148.2699444238,48783.5445264131,49735.1738858097,41894.8764623858,22836.5859993539,57908.3305291447,31343.7981503846,71549.3689202127,38339.8647437732,31121.4725827009,41198.7319209374,19383.5906612096,58272.6436751691,8708.2082793648,48591.2947544920,34051.5730148659,50417.7524418821,65177.9132169699,44251.0985969254,63561.0680751687,62393.9002478056,37724.9620999664,62813.2070792121,9495.2835836587,71123.8849344092,47630.3775898387,20995.3660438568,48289.0906059303,39223.6709888460,15807.6693785631,34574.6737025172,53956.1854258969,13502.0004886998,34593.4802768706,53775.1376346255,42976.6082944179,56375.4553063321,8224.2145576461,25602.7736553082,76516.6086428579,60353.0592863823,57520.6028507514,47376.3103055962,63186.7885750060,49983.9272797745,31960.8597731844,54786.5969648347,60561.8859801619,47287.6288219701,32289.3402595966,25104.9226915832,43230.1094932098,29456.8163894605,19759.6097121203,71055.6139583340,38358.8880068074,7365.1090724704,73323.9024972682,18909.0198585134,20522.4362584003,24043.0010824313,13044.2830544556,65416.6511049617,31576.7381960683,38786.5245238019,34340.1246918740,61012.8122425084,19778.4022891113,64635.6762471866,34175.3603707190,43743.4391058236,21314.8786493622,49302.5695489822,30561.0633403965,32292.2593707646,54882.3219772565,26776.6787033768,30164.5022572793,62218.4594959113,38993.8082722748,40075.3278626679,36687.8444224615,39934.1963846821,29598.5544777371,43954.6456235707,12900.7408166021,37730.8050166716,71240.4661964835,22483.7414550440,44718.8246807959,43253.3887838908,38140.3387617339,35208.0411193724
300,0,0,0,0,0,0,0,0,0,0,0,0,0,0,0,0,0,0,0,0,0,0,0,0,0,0,0,0,0,0,0,0,0,0,0,0,0,0,0,0,0,0,0,0,0,0,0,0,0,0,0,0,0,0,0,0,0,0,0,0,0,0,0,0,0,0,0,0,0,0,0,0,0,0,0,0,0,0,0,0,0,0,0,0,0,0,0,0,0,0,0,0,0,0,0,0,0,0,0,0,0,0,0,0,0,0,0,0,0,0,0,0,0,0,0,0,0,0,0,0,0,0,0,0,0,0,0,0,0,0,0,0,0,0,0,0,0,0,0,0,0,0,0,0,0,0,0,0,0,0,0,0,0,0,0,0,0,0,0,0,0,0,0,0,0,0,0,0,0,0,0,0,0,0,0,0,0,0,0,0,0,0,0,0,0,0,0,0,0,0,0,0,0,0,0,0,0,0,0,0
301,0,0,0,0,0,0,0,0,0,0,0,0,0,0,0,0,0,0,0,0,0,0,0,0,0,0,0,0,0,0,0,0,0,0,0,0,0,0,0,0,0,0,0,0,0,0,0,0,0,0,0,0,0,0,0,0,0,0,0,0,0,0,0,0,0,0,0,0,0,0,0,0,0,0,0,0,0,0,0,0,0,0,0,0,0,0,0,0,0,0,0,0,0,0,0,0,0,0,0,0,0,0,0,0,0,0,0,0,0,0,0,0,0,0,0,0,0,0,0,0,0,0,0,0,0,0,0,0,0,0,0,0,0,0,0,0,0,0,0,0,0,0,0,0,0,0,0,0,0,0,0,0,0,0,0,0,0,0,0,0,0,0,0,0,0,0,0,0,0,0,0,0,0,0,0,0,0,0,0,0,0,0,0,0,0,0,0,0,0,0,0,0,0,0,0,0,0,0,0,0
302,0,0,0,0,0,0,0,0,0,0,0,0,0,0,0,0,0,0,0,0,0,0,0,0,0,0,0,0,0,0,0,0,0,0,0,0,0,0,0,0,0,0,0,0,0,0,0,0,0,0,0,0,0,0,0,0,0,0,0,0,0,0,0,0,0,0,0,0,0,0,0,0,0,0,0,0,0,0,0,0,0,0,0,0,0,0,0,0,0,0,0,0,0,0,0,0,0,0,0,0,0,0,0,0,0,0,0,0,0,0,0,0,0,0,0,0,0,0,0,0,0,0,0,0,0,0,0,0,0,0,0,0,0,0,0,0,0,0,0,0,0,0,0,0,0,0,0,0,0,0,0,0,0,0,0,0,0,0,0,0,0,0,0,0,0,0,0,0,0,0,0,0,0,0,0,0,0,0,0,0,0,0,0,0,0,0,0,0,0,0,0,0,0,0,0,0,0,0,0,0
303,0,0,0,0,0,0,0,0,0,0,0,0,0,0,0,0,0,0,0,0,0,0,0,0,0,0,0,0,0,0,0,0,0,0,0,0,0,0,0,0,0,0,0,0,0,0,0,0,0,0,0,0,0,0,0,0,0,0,0,0,0,0,0,0,0,0,0,0,0,0,0,0,0,0,0,0,0,0,0,0,0,0,0,0,0,0,0,0,0,0,0,0,0,0,0,0,0,0,0,0,0,0,0,0,0,0,0,0,0,0,0,0,0,0,0,0,0,0,0,0,0,0,0,0,0,0,0,0,0,0,0,0,0,0,0,0,0,0,0,0,0,0,0,0,0,0,0,0,0,0,0,0,0,0,0,0,0,0,0,0,0,0,0,0,0,0,0,0,0,0,0,0,0,0,0,0,0,0,0,0,0,0,0,0,0,0,0,0,0,0,0,0,0,0,0,0,0,0,0,0
304,0,0,0,0,0,0,0,0,0,0,0,0,0,0,0,0,0,0,0,0,0,0,0,0,0,0,0,0,0,0,0,0,0,0,0,0,0,0,0,0,0,0,0,0,0,0,0,0,0,0,0,0,0,0,0,0,0,0,0,0,0,0,0,0,0,0,0,0,0,0,0,0,0,0,0,0,0,0,0,0,0,0,0,0,0,0,0,0,0,0,0,0,0,0,0,0,0,0,0,0,0,0,0,0,0,0,0,0,0,0,0,0,0,0,0,0,0,0,0,0,0,0,0,0,0,0,0,0,0,0,0,0,0,0,0,0,0,0,0,0,0,0,0,0,0,0,0,0,0,0,0,0,0,0,0,0,0,0,0,0,0,0,0,0,0,0,0,0,0,0,0,0,0,0,0,0,0,0,0,0,0,0,0,0,0,0,0,0,0,0,0,0,0,0,0,0,0,0,0,0
305,61250.4638243315,74336.9946894492,83322.8812225600,73147.5276773155,10519.5306667570,90572.0677530980,80772.9667218885,40474.5680827507,78224.6077897506,39710.6750921101,37349.7389546960,49472.9708444340,29530.2866834057,55785.6670804083,70530.8033568560,64975.4037939517,54987.4529861450,15651.3439495775,49629.1859641616,68602.8435234108,59170.8642130355,25809.0545980169,34510.8994972991,24740.3013331088,56229.7483100385,71913.7606372160,14583.1680386349,45332.2326463338,21865.8003609026,82246.5765704213,56461.6517802262,60452.2255374250,49121.5966395584,53039.1337208986,34641.1525499886,71277.9745299364,39084.4907990196,46611.2607125432,29784.2443422650,54100.7839442711,70781.1161983667,66640.5644519776,10667.8104067501,43283.5709893622,28772.0412425700,62395.9846931361,58614.6273523162,68476.2969175595,37580.5094600873,25736.0340153533,52890.7414631725,70919.9403387422,15272.4971467377,76242.6969713050,64113.3924142049,33674.7253601767,13448.0325952428,1330.1151864176,24272.6008599870,17196.6479997034,45430.4653703516,59854.6707155159,28862.2349710465,63836.9414519546,38967.9981981415,48731.2138487141,47957.5017149664,80774.2415857757,78756.2923122917,67429.4303781547,58174.8003153978,49952.3126628486,35230.7714616545,48865.8058665471,47144.2953903699,23883.3406093931,65151.2953386303,63456.8260225885,24101.5283465993,51428.9979906984,43459.8862554130,87085.7251561495,16258.1901000870,29116.9941970254,23684.7378428236,62061.1672411245,62829.4915238094,72331.0796339698,33139.5221150753,64062.5916484876,64880.8463451282,75892.6126663988,85709.8784673388,30345.5602453263,8276.5328438948,56454.8248132188,43856.8805264781,74131.5199775335,62875.1958607921,18216.3165618118,14779.2731376018,53809.1532912882,69896.2673318171,36382.4783575962,42651.6786916666,39766.1138376642,48818.4081322288,56524.1010938811,41024.0164973936,55756.5004468851,52765.1104056223,43217.6174171766,69480.7614369116,35038.6650959686,55311.0953403086,36557.9645657046,9842.3357338363,41936.0972885022,21770.5584397938,46934.3419668022,17676.2612573323,47445.0176260583,51383.8151052148,36012.3570613092,46339.1296189635,33163.0442142964,54883.2464993497,46521.3331023597,57107.1677522468,70446.1465515817,17846.2849873223,58345.9519742907,30645.9677588521,9894.1262165467,65876.7351488388,22732.7161703479,35851.8023265334,28708.8410912193,69542.5372611842,10171.8322995851,20219.1837465545,62302.3586054249,50335.8080269999,68829.7505650607,29997.1750695164,2449.4216337062,68737.1705620446,42960.9733093102,53173.9514119925,61192.7386482209,50310.5113883783,64629.1473650772,13301.4731258849,74430.4902479642,78474.4145103171,65311.5203576476,31904.5762273875,7031.6464259747,54685.7194485669,29748.3176626554,11076.2759171234,65115.5429237488,54208.3873236727,23949.1651397690,73983.4000594417,29391.3531617981,2686.5604143177,39677.7302950303,28614.6013482891,84862.3863375036,24679.7120684837,27747.6882433782,52687.9326636000,72341.0925018037,28573.7118578095,80443.4397974398,14389.2257596498,63407.4624453740,39873.8219255347,50606.9636549614,43576.5602804517,44149.4794436091,73624.3757329682,34532.7418968430,18751.2644250158,82306.8011910470,34598.1208241078,47842.0758474107,49345.0958656392,61077.2379688754,32947.6341533212,58652.0263491068,34295.7369439722,41390.0529439272,91317.5541536116,44036.7833924954,38853.4097385515,60665.3233855300,51287.0021160867,44583.2602441645
306,38031.7745787419,95165.0149057625,77916.9435814634,72144.3200668145,33423.6381981594,70808.7001989400,90754.5386644640,28969.8944466647,63386.3533791359,54311.4226005919,32734.0536701327,73047.1642683361,6448.6076918104,57294.0250042296,57481.5754530070,81094.6128984136,38185.9942178676,18914.4658884934,70006.0976206273,49459.8207858614,68716.3790203570,47358.3136537790,38444.7738649552,35159.6791422408,49384.2879591350,51716.5551913829,16567.6271443126,23845.0669163563,35799.1534325781,65674.2872010578,41370.1354744973,82622.2288715672,25314.0270238569,42640.7647848787,20801.1780447032,63388.9130654576,42908.0009227918,53979.4890382359,12311.8870589165,68208.8351473061,83531.2285600966,54402.9889602444,27900.6355190189,39408.5899622906,25654.3188322691,81922.0452523342,37687.7222716898,51655.5585802300,57184.2100396778,26829.6028215149,70466.1158855847,79447.0326140727,8594.3748660074,55158.6009298585,59964.2833370982,44336.6829139875,28700.4614504927,21501.0864645654,11589.8527662005,40596.2542623718,31759.0261912979,48416.9685567312,46135.4589504583,40028.9994851956,15234.9158748779,39509.6261872842,59509.7247563025,67117.3773813869,59650.4855096426,45359.4845768868,39585.2643118443,72651.0274419814,15212.5897648957,48168.5913017397,28958.1066207524,15728.2928247638,86209.1540683250,44329.2163982635,31137.7816331873,28294.4391602742,60673.4459810651,66096.1053907462,35785.9740271930,22211.1544822328,3981.5616235689,47604.8191799238,74666.8159452887,54974.6573195801,20353.3716560080,55067.4170938018,49343.8697148715,64531.3608791769,67393.0880777604,35050.5937690222,17577.7321753482,77644.1178404786,43342.4664045816,58822.1807802670,77013.8315616017,25290.1260440461,28346.9050805437,58643.6686776451,89719.3110658996,29854.2496943737,33202.3839866373,45943.9844500390,34673.5692893285,32759.3207634324,51926.1038570610,52147.4891667998,38935.9332368918,20008.6716527619,54852.9533941206,34173.6854458779,74557.4042188340,36779.7547992448,33375.9611120194,44102.0481797983,18190.3884798556,61412.6003269415,11854.6932385181,51545.2807451723,30921.5308158979,53469.3644706709,67968.5947972231,47377.9389687688,66701.5389031212,65406.6703578060,34766.6966191663,64949.4295180593,9111.2182725000,74252.3065040357,50532.8472448920,21775.2858737561,45191.2733863932,42114.0928828558,12842.8563709673,37719.2901757173,50809.0549069205,14736.5208606267,34941.6059642487,55867.7015075974,45316.1844055315,57868.7677201903,8056.4996189009,27555.1426602323,79634.2363448371,63265.4974919189,60573.8412429254,44254.2797465151,66306.8801533856,51124.3834188889,33078.9354782680,54509.4781728988,60825.2866880610,47618.3528947418,30721.1279220900,26428.4589153153,45023.5517359322,32494.3237183270,22696.2327703086,74133.2741859421,35211.1271092476,9849.7055933134,71079.9708353179,21444.7447538832,22867.1511730478,20922.2883552390,10121.3155290256,65160.5668359522,30950.2171467450,41900.1097691857,34731.5639705913,62654.8071887106,17491.1228122499,65410.5682427247,36716.4228726655,40842.4831149434,18207.3709905861,52111.3256398117,27536.9438570607,34206.0457492317,54926.5760184285,24330.6461673665,30256.1389677614,61723.3367238789,42106.9061771693,37383.3191731726,33646.2471526160,37425.4599785407,27624.3787626578,45151.9900708025,10489.0403561387,40476.9457682045,70716.6641298499,20226.4857051817,47843.5107447322,43804.5139266526,39723.7165528238,37420.3898952165
307,0,0,0,0,0,0,0,0,0,0,0,0,0,0,0,0,0,0,0,0,0,0,0,0,0,0,0,0,0,0,0,0,0,0,0,0,0,0,0,0,0,0,0,0,0,0,0,0,0,0,0,0,0,0,0,0,0,0,0,0,0,0,0,0,0,0,0,0,0,0,0,0,0,0,0,0,0,0,0,0,0,0,0,0,0,0,0,0,0,0,0,0,0,0,0,0,0,0,0,0,0,0,0,0,0,0,0,0,0,0,0,0,0,0,0,0,0,0,0,0,0,0,0,0,0,0,0,0,0,0,0,0,0,0,0,0,0,0,0,0,0,0,0,0,0,0,0,0,0,0,0,0,0,0,0,0,0,0,0,0,0,0,0,0,0,0,0,0,0,0,0,0,0,0,0,0,0,0,0,0,0,0,0,0,0,0,0,0,0,0,0,0,0,0,0,0,0,0,0,0
308,43974.4720952914,93380.4438203844,88536.7005610726,61824.5956557320,26013.7328818102,82819.1876664029,95831.0069122605,40283.3311941762,59844.7632670888,56540.0682650427,22663.6549773270,67599.9329882682,14790.7076668745,65445.9950593176,69510.2103852376,82769.0866096230,36024.5375475278,23222.5440562542,68588.8831753373,61658.7928496132,73757.9621342172,44839.5347989205,45031.3803314740,23033.5961324640,60034.9590838347,52934.6023048071,5901.8498704397,27099.3170550768,37690.6692080276,77985.2371312130,53541.9497229412,79434.8465322066,34360.6695159271,35884.6843580530,15752.9023747938,74494.7444286550,30959.1878650508,59709.8178201447,24225.9469676353,70934.3354997320,87151.3488660138,49000.7959959770,25784.2921224696,48911.6672886306,34062.5567990655,81236.4799509232,39876.0937322680,49593.9945927395,56314.5176413776,14741.5348680414,71128.7052088328,85094.4261774827,10635.4460735100,66877.4606666146,70035.4987077296,48262.4633080293,18291.9677394555,15683.6673892833,4244.1368405256,35963.8245879580,26919.8668380390,60110.1787548926,46642.8057873272,48344.7603381662,25447.0184226102,50566.0137182832,63429.8509278589,79261.2585218466,71816.0158254561,49055.8036371670,51870.6591388816,68813.8676357303,16912.7828940876,56885.0374192778,28096.9966463506,24772.9542552015,84201.6125512358,44409.4719740114,35886.3106930248,34297.4595630727,61473.9987486063,77780.5956839525,34571.6602438305,12338.0631838893,15283.0325050154,43636.7986915066,78671.9419941021,67282.0509200311,31593.5129279649,66335.0710166015,61593.7666913754,76347.9360942274,79629.0617898794,22833.6762332017,17270.5896496038,75506.2310945842,32332.0254054373,71082.9172539438,79818.6672575063,13287.9704614997,29720.7143964392,65545.3379622469,88812.8432466029,39782.6324349582,25567.2049829111,51935.4856190800,46653.7079162364,40743.0698145123,55987.8365029070,61917.9273724993,34373.5852605352,26572.1839895444,51088.3290316955,42383.3238674527,74061.8424469636,25345.4590928353,28682.8167471162,51639.0181095928,10370.7424260559,63837.8676369317,18279.0724410985,58568.4771845229,32610.6051267582,54014.2190401328,65393.3633541401,49638.9983176964,70611.6533927939,65126.6777357874,39056.3118040146,75467.3267458328,3311.5653678689,76003.5804348292,49389.0303816061,12365.7693459159,47012.8779785390,41189.4286890049,19570.2291981465,42083.5646763035,50489.1798375047,9225.3496470010,23608.2666821870,66516.9724217537,55358.6527161068,69567.0363131727,19058.6205034774,21930.7862782221,84164.1503562015,61884.8751327127,66440.4339223061,42252.7382494262,67924.1211574779,63174.3489142914,23739.4936499026,66557.0903529486,73117.7228417326,59924.4915488758,19350.9601302557,18314.0432224785,56297.4489695536,39185.2028861833,23888.4800167487,79493.7732627451,35176.6261315208,20236.3627918666,61381.1534753681,31223.5943816717,19948.5808086911,20777.9592843380,10602.2206197377,77204.8311289654,18642.9045202402,43998.6128585513,47042.6230254010,74147.4936208095,9904.2432818924,77667.5406722242,33438.4129732638,45410.7343472504,22016.1032329893,60144.7423313791,24592.3039095066,45301.6800570092,67156.3506575630,16668.2606261630,18584.5463412498,73566.2101872829,47368.9463101541,30511.9527495075,30480.4024878738,44687.2017207973,17507.6800524349,57154.8918263896,20287.1334642842,49010.4529470291,82509.5944129067,29388.7272501647,52672.2009027211,56107.2691972173,51317.8095463893,47864.1579499937
309,0,0,0,0,0,0,0,0,0,0,0,0,0,0,0,0,0,0,0,0,0,0,0,0,0,0,0,0,0,0,0,0,0,0,0,0,0,0,0,0,0,0,0,0,0,0,0,0,0,0,0,0,0,0,0,0,0,0,0,0,0,0,0,0,0,0,0,0,0,0,0,0,0,0,0,0,0,0,0,0,0,0,0,0,0,0,0,0,0,0,0,0,0,0,0,0,0,0,0,0,0,0,0,0,0,0,0,0,0,0,0,0,0,0,0,0,0,0,0,0,0,0,0,0,0,0,0,0,0,0,0,0,0,0,0,0,0,0,0,0,0,0,0,0,0,0,0,0,0,0,0,0,0,0,0,0,0,0,0,0,0,0,0,0,0,0,0,0,0,0,0,0,0,0,0,0,0,0,0,0,0,0,0,0,0,0,0,0,0,0,0,0,0,0,0,0,0,0,0,0
310,61845.0011514051,73899.4402735514,83707.5959387329,73118.3143561827,9886.7846422663,91204.0537956140,80744.8421792070,41040.4375285929,78564.4128757861,39595.6653897768,37528.7757841963,48878.7724584530,30144.8171807260,56046.3864418746,71076.0356747028,64747.6187637039,55408.9282215315,16172.4618897794,49232.1225741692,69232.9799909650,59188.2276905562,25388.4071928078,34786.2891018761,24552.7220012017,56680.9557292655,72407.1109537898,14940.1691164521,45884.1616298624,21892.5823190790,82839.5183307383,57050.1952246021,59951.6645828096,49755.9950070427,53303.8692750310,35059.2430227788,71727.8461943866,39012.5329379835,46730.5334109291,30430.4346518248,53967.5426475253,70671.3580378183,66925.2757078703,10285.1936947858,43707.5950491639,29254.5207449753,62026.9368039332,59138.3049392418,68879.6374038951,37242.8377426833,25856.8496295276,52619.4527270551,70950.2653468988,15913.0940158855,76889.0175826081,64493.9408289230,33739.3037295153,13223.2170791289,1854.7040103017,24758.4015948924,16640.2930154039,45798.6883447634,60384.1083632955,28673.7385872823,64467.6543358112,39608.0970490237,49241.7729810933,47932.7968090267,81322.3966867736,79383.2130930895,67981.5949140156,58803.3434466097,49424.6734955477,35770.6229026354,49200.2243143579,47614.3753854978,24482.3412334618,64707.2967667782,63927.1433224715,24370.1015571056,52023.4646427075,43222.6234074706,87730.2028146239,16037.1390513783,29419.6800173642,24335.4140520225,62411.0839689440,62762.9557615808,72938.8710824269,33742.3324516473,64542.9495265562,65468.3919956638,76404.2637366576,86325.4985067510,30303.6927866130,8895.4356532083,56009.7914290455,43889.2203712708,74709.8054079597,62725.9529621986,18259.4633318361,14941.4329016167,53983.5712336905,69508.0131124336,36884.4244084941,42927.6028476689,39948.5267099512,49403.5243310613,57148.3436735592,41045.3402603234,56140.7021750069,53117.1093347857,43818.5053815814,69824.6116766312,35433.0064546515,54961.9801120572,36607.2717586827,9286.9697706100,42222.6953496729,22090.8607774629,46802.7713949831,18311.0664660591,47658.6879813422,51902.4380094445,35784.9839734705,45878.6082347460,33091.5278203897,54832.1961128532,46201.3854669825,57672.8770708991,70847.0682710497,18392.6057618470,58135.4676000923,30312.1210752934,10019.9261906639,66388.1221099170,22464.6783004651,36452.5717972041,28866.1765480916,69996.5276121289,10711.9704425713,19906.7516362117,62734.7595417430,50762.8953536844,69340.6770036916,30645.3263027932,1285.7288558789,68693.7109006774,42576.5947303308,53273.2696443452,61608.1223803006,50110.2703374264,65186.8223780467,12821.6377648083,75066.9985165470,79083.5909765001,65926.7384927674,32028.2568416890,6741.0253891820,55192.3942152612,30088.7447859922,11454.0284442206,65139.2225343243,54686.1639204388,24594.5677189486,74005.2629037338,29950.8093101468,3751.4752188005,40178.7059554340,29156.9864045181,85494.6410535568,24643.5623299613,27711.4455966436,53313.2939590443,72824.9601759855,28978.2904147759,81014.0513755066,13957.8376014736,63977.5177175863,40437.6460160973,50881.2183242287,44005.9489608600,44682.7149297604,74248.0678900388,34870.0197116339,18599.2412036753,82948.2546024061,34765.4160805993,48123.7148072064,49751.0084624928,61692.5630430172,33175.8550214244,59215.6659196056,34926.9080152351,41755.4827642431,91958.1147483484,44669.6769188484,38950.0664330737,61273.1457150378,51831.0768204659,45067.7175914585
311,0,0,0,0,0,0,0,0,0,0,0,0,0,0,0,0,0,0,0,0,0,0,0,0,0,0,0,0,0,0,0,0,0,0,0,0,0,0,0,0,0,0,0,0,0,0,0,0,0,0,0,0,0,0,0,0,0,0,0,0,0,0,0,0,0,0,0,0,0,0,0,0,0,0,0,0,0,0,0,0,0,0,0,0,0,0,0,0,0,0,0,0,0,0,0,0,0,0,0,0,0,0,0,0,0,0,0,0,0,0,0,0,0,0,0,0,0,0,0,0,0,0,0,0,0,0,0,0,0,0,0,0,0,0,0,0,0,0,0,0,0,0,0,0,0,0,0,0,0,0,0,0,0,0,0,0,0,0,0,0,0,0,0,0,0,0,0,0,0,0,0,0,0,0,0,0,0,0,0,0,0,0,0,0,0,0,0,0,0,0,0,0,0,0,0,0,0,0,0,0
312,0,0,0,0,0,0,0,0,0,0,0,0,0,0,0,0,0,0,0,0,0,0,0,0,0,0,0,0,0,0,0,0,0,0,0,0,0,0,0,0,0,0,0,0,0,0,0,0,0,0,0,0,0,0,0,0,0,0,0,0,0,0,0,0,0,0,0,0,0,0,0,0,0,0,0,0,0,0,0,0,0,0,0,0,0,0,0,0,0,0,0,0,0,0,0,0,0,0,0,0,0,0,0,0,0,0,0,0,0,0,0,0,0,0,0,0,0,0,0,0,0,0,0,0,0,0,0,0,0,0,0,0,0,0,0,0,0,0,0,0,0,0,0,0,0,0,0,0,0,0,0,0,0,0,0,0,0,0,0,0,0,0,0,0,0,0,0,0,0,0,0,0,0,0,0,0,0,0,0,0,0,0,0,0,0,0,0,0,0,0,0,0,0,0,0,0,0,0,0,0
313,0,0,0,0,0,0,0,0,0,0,0,0,0,0,0,0,0,0,0,0,0,0,0,0,0,0,0,0,0,0,0,0,0,0,0,0,0,0,0,0,0,0,0,0,0,0,0,0,0,0,0,0,0,0,0,0,0,0,0,0,0,0,0,0,0,0,0,0,0,0,0,0,0,0,0,0,0,0,0,0,0,0,0,0,0,0,0,0,0,0,0,0,0,0,0,0,0,0,0,0,0,0,0,0,0,0,0,0,0,0,0,0,0,0,0,0,0,0,0,0,0,0,0,0,0,0,0,0,0,0,0,0,0,0,0,0,0,0,0,0,0,0,0,0,0,0,0,0,0,0,0,0,0,0,0,0,0,0,0,0,0,0,0,0,0,0,0,0,0,0,0,0,0,0,0,0,0,0,0,0,0,0,0,0,0,0,0,0,0,0,0,0,0,0,0,0,0,0,0,0
314,58371.5678186142,80913.3788907006,90731.1360233866,64350.4330603802,11751.1995457850,93443.7897501229,89549.6424422879,45735.9808196954,70983.8181043926,48346.3018128160,29051.6064516134,53504.3418437804,28011.9987755113,64050.0421782212,75947.8841503021,73193.0881356676,48749.9155534822,22303.6549187143,56709.6483766307,71682.4536025500,67969.9184778552,32859.7102324525,42758.5547211196,16447.6695182022,63063.1106494020,66659.5539374883,8746.3475930019,41495.1063703613,30665.0431513881,86543.7219437775,61031.0183941946,66254.1232396853,48012.1263654535,45232.6708184629,28587.0380917276,78069.0791982931,30331.4312863419,55329.2486859076,32534.2050704207,62683.4637364258,79421.6108633189,58951.6364064114,16444.2583989069,50468.2936133828,35496.9891445838,69686.2942690116,54007.7894129492,61942.0519837737,45203.5602511507,17206.0627245913,60893.7721016806,79718.4924573810,16242.4308978634,78280.1065387450,71596.9133544557,42461.0286136054,10617.5141857645,7686.8623837580,19673.8949237088,22845.8429167034,38614.7325966130,65606.4602052306,37291.8651402820,62350.7350332618,38412.1041252608,54854.7651611914,56736.9604403893,86093.2492115163,81918.6891278339,63367.0684206104,61412.8260622187,55391.7194143314,31323.1018339796,56733.7925672924,41687.4025204599,28790.1313315304,71680.3180136883,57870.1051602344,32430.9079205789,48658.3035755727,51658.1793261717,89216.0837268707,24619.7092792332,21806.7826262642,24710.5263692743,54961.9943292070,71557.9375398942,76239.4819671175,37658.2136320247,70511.5488020751,69412.7247292475,81854.3833714764,89285.3822992564,21559.6832623747,14082.3723164767,63005.6243518060,35084.9041903832,78838.7501115308,71406.8747838255,9466.7714639571,23467.2208302731,62398.5516012017,76996.1525390803,42751.3946796756,34973.0310201256,48346.8893472963,53547.2505037901,54802.3476004538,49823.2264643335,63234.8310853639,45727.2530042869,40791.4582691029,62298.8884080001,42542.4849609205,62783.8453094398,27810.8861463381,16084.8629747788,50103.4608128187,14843.8879824540,55524.5080855506,21764.4366740276,55915.7554363294,46746.2862272170,44271.3524612827,52762.4948118859,41886.3984406941,63634.5488313767,54233.7374763483,53458.0459489149,77736.7709906313,15113.0251812472,66648.9508696046,38335.0798224553,290.2436156320,60979.0604170258,30853.6270266113,33598.2020314368,37368.5604023744,63676.9021537452,9037.4736844658,13089.5921428303,69311.9899594558,57450.2218022360,74830.2950496415,30392.4181380059,9513.4364297346,77497.7117282396,50187.7924625094,61920.5836354925,54839.9317875104,58664.3509039568,69836.9295093276,9667.1970171898,77147.9939105128,82304.7976752845,69015.9273790248,23367.5189215011,3001.2771084324,60823.4327031740,37672.9352366462,19100.8940747222,73914.7708549741,48807.3846690831,27018.3455459689,65200.5957151094,34979.9023233602,11745.9614608237,34868.4750764502,24991.0286967708,87746.2002103586,15891.4942093794,36516.4183191959,56120.0347806512,78712.1735435226,22474.0992225808,85299.3026975418,21607.7071637947,59812.5259185676,36431.7009658566,58814.9893129421,37547.3893556794,49962.7626774353,76952.3322170678,27492.9381158937,10355.7221670538,84678.8340243850,43225.8541765141,40184.3104753921,42947.1278492355,58929.3356942731,24972.1969362429,63776.6287092745,33349.5523164893,49074.4768033481,93705.7978218661,42934.1527245626,47607.8928797362,64652.7293253249,56846.6922368738,51095.7879569414
315,51703.2179059037,88240.9443263327,92148.7166213851,60004.8404000508,19136.4170243669,90119.3970275547,94846.6666197203,45184.4453902309,63771.0862896630,54247.9543813650,22752.4866711639,60882.1714912143,22678.6289775221,67093.2767924926,75074.3342869508,79697.0137176298,41308.5877290692,24358.8064898080,63883.5689284047,68698.7842867343,72994.5709311923,39996.4139306668,46019.9459196026,16120.4004887039,63930.7097018432,59261.5524506179,1198.9063762321,34555.6899072796,35898.0797536929,84490.5229915053,59499.6438657495,73680.2734869243,42370.2585769618,38333.8448509545,21150.4195457272,78735.1653992884,26991.9838751762,59676.7006055530,30223.3070356112,68676.0221369534,85266.3409845591,51972.3887408950,22346.4163413873,51971.4646255719,36832.9295061769,76793.7110252628,46754.5134939444,54535.2242877146,52132.0191187334,11661.6131057475,67590.0949834138,84613.3762920322,14342.3069694598,74412.2558948205,73253.7267351373,47320.1199377740,10317.7636691666,11261.3883006980,12844.8366542492,30218.5301249620,31237.7645434149,65197.2119112474,43562.3985867650,56335.4550142777,33326.9062067467,55009.3315544042,62083.3663090058,85034.3919241854,78910.4942294331,56238.5662561659,58688.2418744570,62833.1799625439,24485.3748463723,59132.2439330156,34292.6274996690,28629.5315012837,79012.6479258492,50442.0292363264,36072.2554826260,42112.9577938746,58181.7512868250,85340.8072021811,30980.2232756095,14545.5625224063,21552.5906063931,47684.5605390443,77138.8411843905,73920.7088182849,36660.5199900892,70828.9253495545,67735.4922470697,81512.4287800819,86571.7755372251,18202.0267674657,16662.9155906125,70327.5670776204,30297.3536754033,77232.6587979878,77488.4180163318,7706.6221474552,28183.5771976980,66239.8520502665,84179.3645820374,43447.0595638610,27967.5772879762,52280.7150945131,52296.2877025746,48726.7698960530,54904.1083858292,64963.9217632060,38419.6898798127,34518.6084492917,55057.4238779846,44635.0671730176,69806.0683772756,22938.6553490487,23282.8044719087,53102.6767515010,7413.7020841261,61511.1633766831,21532.7264433596,59487.1948345704,39509.1535451785,50734.3183877577,60099.6991605087,47564.0834208095,69130.4875815087,61122.7539024661,46507.1244534023,79068.2525497335,10211.7488313876,73059.9062160482,45216.6326648349,3979.0090499991,53645.9583951628,37436.0113245349,27577.3976037150,41680.6978784799,56232.2305296796,8389.8429065718,15741.1718060339,70336.0904748995,58750.7747882126,74591.9205564806,26317.1520162601,16519.9840749135,82918.2440067334,57301.3357148100,66371.1632951977,47408.7246857087,65016.6646256742,68812.8487980451,16004.5189998954,73817.4328820197,79864.1680011127,66592.9763276946,17669.1527625244,11543.2883648322,60899.8909965588,40494.8619156449,22926.9859751665,78875.1457957931,41408.3867896500,25356.7499543358,60314.0367250216,35129.4558544080,16821.7533092016,27647.6965211346,18468.1942943520,84467.5719349614,12966.6607580688,42028.1679249435,53645.8433211119,78862.4308653903,15049.6335952890,83783.9188630037,28621.6255192994,52851.4680498151,29721.2472143338,61791.8338986003,30103.9764376937,49876.2114069227,74124.7133466788,20149.8432649510,10944.1645012983,81017.6887432774,47356.4896602274,33169.9926994172,35513.3878441593,52597.6505244494,18232.6144763719,62744.2656844219,28168.5035754195,51296.3597818096,89999.9913133221,37386.2662615328,52194.9395053821,62534.5251482567,56362.3219544937,51760.8019948997
316,0,0,0,0,0,0,0,0,0,0,0.0000000000,0,0,0,0,0,0,0,0,0,0,0,0,0,0,0,0,0,0,0,0,0,0,0,0,0,0,0,0,0,0,0,0,0,0,0,0,0,0,0,0,0,0,0,0,0,0,0,0,0,0,0,0,0,0,0,0,0,0,0,0,0,0,0,0,0,0,0,0,0,0,0,0,0,0,0,0,0,0,0,0,0,0,0,0,0,0,0,0,0,0,0,0,0,0,0,0,0,0,0,0,0,0,0,0,0,0,0,0,0,0,0,0,0,0,0,0,0,0,0,0,0,0,0,0,0,0,0,0,0,0,0,0,0,0,0,0,0,0,0,0,0,0,0,0,0,0,0,0,0,0,0,0,0,0,0,0,0,0,0,0,0,0,0,0,0,0,0,0,0,0,0,0,0,0,0,0,0,0,0,0,0,0,0,0,0,0,0,0,0
317,0,0,0,0,0,0,0,0,0,0,0,0,0,0,0,0,0,0,0,0,0,0,0,0,0,0,0,0,0,0,0,0,0,0,0,0,0,0,0,0,0,0,0,0,0,0,0,0,0,0,0,0,0,0,0,0,0,0,0,0,0,0,0,0,0,0,0,0,0,0,0,0,0,0,0,0,0,0,0,0,0,0,0,0,0,0,0,0,0,0,0,0,0,0,0,0,0,0,0,0,0,0,0,0,0,0,0,0,0,0,0,0,0,0,0,0,0,0,0,0,0,0,0,0,0,0,0,0,0,0,0,0,0,0,0,0,0,0,0,0,0,0,0,0,0,0,0,0,0,0,0,0,0,0,0,0,0,0,0,0,0,0,0,0,0,0,0,0,0,0,0,0,0,0,0,0,0,0,0,0,0,0,0,0,0,0,0,0,0,0,0,0,0,0,0,0,0,0,0,0
318,0,0,0,0,0,0,0,0,0,0,0,0,0,0,0,0,0,0,0,0,0,0,0,0,0,0,0,0,0,0,0,0,0,0,0,0,0,0,0,0,0,0,0,0,0,0,0,0,0,0,0,0,0,0,0,0,0,0,0,0,0,0,0,0,0,0,0,0,0,0,0,0,0,0,0,0,0,0,0,0,0,0,0,0,0,0,0,0,0,0,0,0,0,0,0,0,0,0,0,0,0,0,0,0,0,0,0,0,0,0,0,0,0,0,0,0,0,0,0,0,0,0,0,0,0,0,0,0,0,0,0,0,0,0,0,0,0,0,0,0,0,0,0,0,0,0,0,0,0,0,0,0,0,0,0,0,0,0,0,0,0,0,0,0,0,0,0,0,0,0,0,0,0,0,0,0,0,0,0,0,0,0,0,0,0,0,0,0,0,0,0,0,0,0,0,0,0,0,0,0
319,0,0,0,0,0,0,0,0,0,0,0,0,0,0,0,0,0,0,0,0,0,0,0,0,0,0,0,0,0,0,0,0,0,0,0,0,0,0,0,0,0,0,0,0,0,0,0,0,0,0,0,0,0,0,0,0,0,0,0,0,0,0,0,0,0,0,0,0,0,0,0,0,0,0,0,0,0,0,0,0,0,0,0,0,0,0,0,0,0,0,0,0,0,0,0,0,0,0,0,0,0,0,0,0,0,0,0,0,0,0,0,0,0,0,0,0,0,0,0,0,0,0,0,0,0,0,0,0,0,0,0,0,0,0,0,0,0,0,0,0,0,0,0,0,0,0,0,0,0,0,0,0,0,0,0,0,0,0,0,0,0,0,0,0,0,0,0,0,0,0,0,0,0,0,0,0,0,0,0,0,0,0,0,0,0,0,0,0,0,0,0,0,0,0,0,0,0,0,0,0
320,0,0,0,0,0,0,0,0,0,0,0,0,0,0,0,0,0,0,0,0,0,0,0,0,0,0,0,0,0,0,0,0,0,0,0,0,0,0,0,0,0,0,0,0,0,0,0,0,0,0,0,0,0,0,0,0,0,0,0,0,0,0,0,0,0,0,0,0,0,0,0,0,0,0,0,0,0,0,0,0,0,0,0,0,0,0,0,0,0,0,0,0,0,0,0,0,0,0,0,0,0,0,0,0,0,0,0,0,0,0,0,0,0,0,0,0,0,0,0,0,0,0,0,0,0,0,0,0,0,0,0,0,0,0,0,0,0,0,0,0,0,0,0,0,0,0,0,0,0,0,0,0,0,0,0,0,0,0,0,0,0,0,0,0,0,0,0,0,0,0,0,0,0,0,0,0,0,0,0,0,0,0,0,0,0,0,0,0,0,0,0,0,0,0,0,0,0,0,0,0
321,0,0,0,0,0,0,0,0,0,0,0,0,0,0,0,0,0,0,0,0,0,0,0,0,0,0,0,0,0,0,0,0,0,0,0,0,0,0,0,0,0,0,0,0,0,0,0,0,0,0,0,0,0,0,0,0,0,0,0,0,0,0,0,0,0,0,0,0,0,0,0,0,0,0,0,0,0,0,0,0,0,0,0,0,0,0,0,0,0,0,0,0,0,0,0,0,0,0,0,0,0,0,0,0,0,0,0,0,0,0,0,0,0,0,0,0,0,0,0,0,0,0,0,0,0,0,0,0,0,0,0,0,0,0,0,0,0,0,0,0,0,0,0,0,0,0,0,0,0,0,0,0,0,0,0,0,0,0,0,0,0,0,0,0,0,0,0,0,0,0,0,0,0,0,0,0,0,0,0,0,0,0,0,0,0,0,0,0,0,0,0,0,0,0,0,0,0,0,0,0
322,0,0,0,0,0,0,0,0,0,0,0,0,0,0,0,0,0,0,0,0,0,0,0,0,0,0,0,0,0,0,0,0,0,0,0,0,0,0,0,0,0,0,0,0,0,0,0,0,0,0,0,0,0,0,0,0,0,0,0,0,0,0,0,0,0,0,0,0,0,0,0,0,0,0,0,0,0,0,0,0,0,0,0,0,0,0,0,0,0,0,0,0,0,0,0,0,0,0,0,0,0,0,0,0,0,0,0,0,0,0,0,0,0,0,0,0,0,0,0,0,0,0,0,0,0,0,0,0,0,0,0,0,0,0,0,0,0,0,0,0,0,0,0,0,0,0,0,0,0,0,0,0,0,0,0,0,0,0,0,0,0,0,0,0,0,0,0,0,0,0,0,0,0,0,0,0,0,0,0,0,0,0,0,0,0,0,0,0,0,0,0,0,0,0,0,0,0,0,0,0
323,0,0,0,0,0,0,0,0,0,0,0,0,0,0,0,0,0,0,0,0,0,0,0,0,0,0,0,0,0,0,0,0,0,0,0,0,0,0,0,0,0,0,0,0,0,0,0,0,0,0,0,0,0,0,0,0,0,0,0,0,0,0,0,0,0,0,0,0,0,0,0,0,0,0,0,0,0,0,0,0,0,0,0,0,0,0,0,0,0,0,0,0,0,0,0,0,0,0,0,0,0,0,0,0,0,0,0,0,0,0,0,0,0,0,0,0,0,0,0,0,0,0,0,0,0,0,0,0,0,0,0,0,0,0,0,0,0,0,0,0,0,0,0,0,0,0,0,0,0,0,0,0,0,0,0,0,0,0,0,0,0,0,0,0,0,0,0,0,0,0,0,0,0,0,0,0,0,0,0,0,0,0,0,0,0,0,0,0,0,0,0,0,0,0,0,0,0,0,0,0
324,62551.8436473430,74907.7349385811,87407.1275570094,69985.2754607411,14717.2603188608,94006.9584842188,83769.9717704426,44385.7904297339,77088.5150700523,42362.3786817676,35268.8776065966,48439.7762922942,31250.8331632860,59697.3952918668,74499.8496147021,66998.1435937990,54514.1994422127,19695.5721645314,50568.2220798610,72070.4122828613,62362.7436287569,26692.9610150603,38453.9437237942,21057.1413690056,60329.2877168051,72044.4364171120,13974.7870313278,46134.5653632686,25152.5480402116,86018.8498541137,60265.7969246405,60481.4151401697,51136.3076052380,51434.8317674802,34218.9347252686,75377.7431561318,35781.6648862938,50164.0680577549,33033.9879031090,56639.5295409392,73416.9266379216,65142.0173834390,10785.3413061046,47384.7543883557,32855.7191081014,63514.7744888468,59071.8403455078,67830.4422482148,38985.2890772374,23390.5925982244,54675.2831720132,74154.8098498430,17666.9682309605,79425.0223511778,68194.4885255347,37062.9904232251,9692.5517862613,3027.7405729168,24535.5182959184,16952.3956214771,44566.6140527228,63864.5718083812,31188.9567155845,65743.6855778020,41149.4941156305,52778.1973312427,50992.3857353425,84733.5918643364,82257.4530602194,68181.6884105331,61667.8920026545,49733.6836227772,35944.0199594965,52899.5243216485,47112.9033535763,27661.5632672424,65681.8458305909,63386.7282003105,28035.4385910331,52750.7672593367,45467.0299088776,90307.9621698226,18529.7885780944,27867.0629342279,26300.8580142515,61020.6163824526,65671.0585408485,76009.1737939457,36878.4675195973,68145.1587319890,68687.1934284865,79935.2309288515,89320.9929980014,27184.7270770724,12025.0322272821,56993.7493536153,40992.4293599053,77980.6451700462,65323.6001000185,15535.5840357472,18496.1061271025,57518.1155360380,70862.0733699663,40444.0016450013,41149.0708773640,43501.7900584306,52643.5142561106,58314.8233823736,44247.7766227040,59840.2131868377,51759.4178029664,44657.3139288870,68384.5593060461,39128.5610443852,56584.4703924438,33791.1772286026,9945.3745195122,45897.8272365161,20725.4879133249,49492.3023685807,21179.6850716738,51255.3425125196,51806.6454997038,38098.9251407827,46773.5790367874,36027.5778510489,57799.8562237897,48012.9925701076,58039.1183834543,74540.0259901454,18825.5513686419,60474.9614044100,32112.5163720466,7949.3791151624,66194.0390753780,24668.2573973443,37321.1860803641,32386.5291127363,69316.6740159171,11362.5534545008,16228.7176342959,66404.3858817194,54437.4560171488,72874.0593625312,32464.1043471248,1689.0585653903,71675.3395023408,44015.8331582984,56659.9077074658,60656.1960908343,52508.8784608269,68560.9845742141,9241.7422946122,77807.2128810590,82140.1426459771,68933.3682255836,29537.0389103428,2766.4420033656,58737.9587404039,33790.0279450563,15153.3214206803,68328.0321329141,54226.7091280160,27240.7169346367,71039.1061182822,33332.0736008459,7441.1751180925,39966.8365486444,29402.9633448206,88295.6364030832,21566.3874375610,30776.0104006476,56220.7505041533,76420.1249386719,28087.0970254123,84324.5195621380,15393.3850758221,64380.2993515390,40837.2057124049,54545.4272869559,43204.0697527379,48153.9785584770,77162.7251120760,33489.9188413202,15207.7300896748,85594.7591616889,38297.2134020451,46360.8234836406,48760.9033979051,62700.3356548078,31183.0430483134,62564.4622495543,36292.1435562895,45458.2023383084,94618.7506130242,46032.1212256359,42341.1454660095,64347.8825005637,55262.7931429840,48663.2515272294
325,0,0,0,0,0,0,0,0,0,0,0,0,0,0,0,0,0,0,0,0,0,0,0,0,0,0,0,0,0,0,0,0,0,0,0,0,0,0,0,0,0,0,0,0,0,0,0,0,0,0,0,0,0,0,0,0,0,0,0,0,0,0,0,0,0,0,0,0,0,0,0,0,0,0,0,0,0,0,0,0,0,0,0,0,0,0,0,0,0,0,0,0,0,0,0,0,0,0,0,0,0,0,0,0,0,0,0,0,0,0,0,0,0,0,0,0,0,0,0,0,0,0,0,0,0,0,0,0,0,0,0,0,0,0,0,0,0,0,0,0,0,0,0,0,0,0,0,0,0,0,0,0,0,0,0,0,0,0,0,0,0,0,0,0,0,0,0,0,0,0,0,0,0,0,0,0,0,0,0,0,0,0,0,0,0,0,0,0,0,0,0,0,0,0,0,0,0,0,0,0
326,0,0,0,0,0,0,0,0,0,0,0,0,0,0,0,0,0,0,0,0,0,0,0,0,0,0,0,0,0,0,0,0,0,0,0,0,0,0,0,0,0,0,0,0,0,0,0,0,0,0,0,0,0,0,0,0,0,0,0,0,0,0,0,0,0,0,0,0,0,0,0,0,0,0,0,0,0,0,0,0,0,0,0,0,0,0,0,0,0,0,0,0,0,0,0,0,0,0,0,0,0,0,0,0,0,0,0,0,0,0,0,0,0,0,0,0,0,0,0,0,0,0,0,0,0,0,0,0,0,0,0,0,0,0,0,0,0,0,0,0,0,0,0,0,0,0,0,0,0,0,0,0,0,0,0,0,0,0,0,0,0,0,0,0,0,0,0,0,0,0,0,0,0,0,0,0,0,0,0,0,0,0,0,0,0,0,0,0,0,0,0,0,0,0,0,0,0,0,0,0
327,0,0,0,0,0,0,0,0,0,0,0,0,0,0,0,0,0,0,0,0,0,0,0,0,0,0,0,0,0,0,0,0,0,0,0,0,0,0,0,0,0,0,0,0,0,0,0,0,0,0,0,0,0,0,0,0,0,0,0,0,0,0,0,0,0,0,0,0,0,0,0,0,0,0,0,0,0,0,0,0,0,0,0,0,0,0,0,0,0,0,0,0,0,0,0,0,0,0,0,0,0,0,0,0,0,0,0,0,0,0,0,0,0,0,0,0,0,0,0,0,0,0,0,0,0,0,0,0,0,0,0,0,0,0,0,0,0,0,0,0,0,0,0,0,0,0,0,0,0,0,0,0,0,0,0,0,0,0,0,0,0,0,0,0,0,0,0,0,0,0,0,0,0,0,0,0,0,0,0,0,0,0,0,0,0,0,0,0,0,0,0,0,0,0,0,0,0,0,0,0
328,43540.0199196322,89817.8579627917,67110.0017971911,82930.1065135247,35587.0935397154,65559.4603692091,80891.5275118921,18615.8138314195,73626.2895769450,46685.6504128189,43485.7911723565,71335.0279772114,15414.9608157772,46409.9595807818,48266.2355284864,73335.0324247317,48317.7725704875,13083.9307927813,64783.9547999418,43628.2274583757,59031.2857473700,43905.6269527621,28421.2702278772,42869.9221605244,38561.0807462856,60043.7139938240,24147.0642471429,32359.3234716030,29378.3839700015,58175.3513571871,32803.0946666090,78640.9765130736,28555.0701515493,53655.1726365149,31828.8044336613,52851.1330819420,52602.2535652461,44109.5125845320,4887.5136152676,59926.3600005046,74501.8221263556,65182.3278253102,26031.3774914802,28354.6905411488,15043.9991820360,75885.1557883930,45919.3703767720,61508.2003143063,51878.4649353117,36372.8409794327,63602.0188130807,69376.4512054226,12533.6058338602,51211.1539472181,48971.4769797627,35832.1968638604,34276.1218248955,24197.3723273439,22357.8108421286,39511.1186515289,42627.8317899950,38532.4778644061,40173.8460548556,42916.2601034055,18697.6490523214,28913.8103443755,50605.3230255638,58233.4193374866,53827.4830897071,52311.6004857133,33242.9236303072,69448.7409032551,25331.7035527530,37190.6998495517,38945.2620987969,5061.2474461114,81167.1018869822,53427.4908252263,22757.7672506836,34474.7570151284,53931.4380916871,62026.6095741248,32058.4927336119,32896.9580530966,7254.9503124121,58111.2600994141,65498.1739480094,47870.9725504074,16388.1274279286,44660.0144766845,41129.1139688251,54822.7041611101,61007.4893804059,44271.5944803348,16922.0078444178,72857.6606231010,53797.0173126199,50598.1530557310,68554.1631762168,33122.7945462048,23235.7633241371,48168.8717970518,83742.6408613929,18801.7517266669,44256.7901026089,36074.3501795683,25498.4010369042,36560.1005765837,43094.1434807050,41104.6264822554,49672.2865602322,26724.5586441926,65232.5161507482,23447.3435044373,68499.7866001176,46965.3528152681,33039.7571697765,33508.4764771067,27911.0844572083,53464.0085174480,7463.3429238715,41082.9793411867,39753.3181742992,47154.9763941630,63771.0079660255,39972.7181449098,57687.0662057506,59379.9431485915,41799.3032698762,54090.2682576493,17797.4924983657,66536.1125889708,45726.4770159261,27293.2793165608,53354.5916161359,37601.8957358772,20896.5150694138,29196.9637220784,59945.1082970848,19544.7974561772,41221.6260460106,45053.1109111883,34300.8761478604,47973.6612039407,10222.1757344516,28858.8080791467,70124.4176767133,58188.0720273669,50549.7802965039,54208.0154771945,58826.6763718405,42003.7957930782,37159.6646736923,49373.7637669596,53952.0758004164,40676.6939157212,40928.8444950428,30094.8232466622,34619.7468747106,22614.5964511549,18885.5984061193,64236.3520869435,44643.1191621593,835.1939137040,82016.7825494317,20472.5880146364,22774.0161818784,31102.5548842909,21071.4945383874,59848.1348394315,39548.6363214578,34886.7165131110,27842.7747002542,52479.4532837368,28434.2128187529,57111.5300625951,34739.5361269933,47341.3743809525,27052.8061534686,41281.4924451988,38144.3526400243,23634.9928785371,48764.0692854824,35358.6581488680,37274.0238239230,57231.4715446650,32777.8768497763,48419.4684481485,44158.8186696747,41685.9548847317,38321.7505635429,35934.4201144027,16313.4766004851,29576.3061297157,66241.9147540157,24111.7944861752,38622.8876138935,36274.4946187250,29710.2848300485,26489.2333494891
329,0,0,0,0,0,0,0,0,0,0,0,0,0,0,0,0,0,0,0,0,0,0,0,0,0,0,0,0,0,0,0,0,0,0,0,0,0,0,0,0,0,0,0,0,0,0,0,0,0,0,0,0,0,0,0,0,0,0,0,0,0,0,0,0,0,0,0,0,0,0,0,0,0,0,0,0,0,0,0,0,0,0,0,0,0,0,0,0,0,0,0,0,0,0,0,0,0,0,0,0,0,0,0,0,0,0,0,0,0,0,0,0,0,0,0,0,0,0,0,0,0,0,0,0,0,0,0,0,0,0,0,0,0,0,0,0,0,0,0,0,0,0,0,0,0,0,0,0,0,0,0,0,0,0,0,0,0,0,0,0,0,0,0,0,0,0,0,0,0,0,0,0,0,0,0,0,0,0,0,0,0,0,0,0,0,0,0,0,0,0,0,0,0,0,0,0,0,0,0,0
330,63716.5375948051,74687.7076458774,89165.6367212218,68987.1193643763,11811.2732689871,95834.8654436403,84760.8212423057,46281.3493678618,77188.5348308394,43211.8561929400,34966.2342363656,47544.0113106470,32623.3127063630,61280.5968889013,76393.3463681104,67486.3185826397,54954.1298994244,21572.7380284281,50556.3160027441,73907.3676476090,63478.2238107135,26754.9824682365,40072.7267032035,19772.7240422922,62162.1307469453,72726.8029010533,14631.5808381650,47131.3560348252,26391.5984762673,87905.4176753630,62156.2235601455,60031.9726004898,52568.4303006749,51337.5975760184,34740.1660703937,77209.5601952782,34735.2705100232,51504.9410787113,34837.4142753627,57405.0183405857,74216.4990084609,65076.4169517468,12072.6123989221,49190.4455069145,34712.9692584288,63565.3688267890,59907.0711729531,68171.8278722034,39226.9660630096,23008.6909117153,55061.9280162277,75287.2427048458,19304.8266079394,81194.7400114892,69948.8325751390,38323.1103162970,8462.9296308729,6151.9884705995,25406.7597801145,16614.3372037076,44848.5283315330,65752.6594574761,31910.7262659996,67125.4222255124,42649.7169054907,54656.3401990543,52031.3948311198,86627.8569168336,84100.2105597558,69126.4639830116,63511.3846899516,49192.4929933593,36933.6415771081,54595.2634849179,47763.5784957441,29552.2272213866,65453.7945770471,63992.1160151569,29657.1838909939,53934.9300496103,45982.5346599724,92086.1340657142,19324.3299440931,28036.0223404330,27960.0875931292,61185.4051969880,66588.0616577691,77883.7288681990,38764.1538912743,70003.5292624011,70577.5714139478,81815.2579603336,91183.9973823117,26265.1492546375,13918.8149126946,56782.6405871208,40217.8851333563,79874.0752602509,66031.6102778722,15046.4298170579,20002.3397811366,58954.5933798231,70831.0081378880,42315.7703377227,41129.4464835942,44966.2874402783,54535.8427662186,59662.2616327383,45401.8203541751,61599.7936998058,51956.9767103611,45898.0568876848,68512.9042995370,40902.5824735710,56719.5602450098,33097.9077309808,10007.7298704085,47527.8733650890,21060.3081394578,50278.7791961646,23040.9991161988,52765.6665886435,52639.2865921730,38674.6553061875,46535.9104601349,37004.3989804714,58765.6418849126,48270.2799590091,59066.9456050615,76318.9552972053,20021.3283580922,61024.7065436172,32413.3862268125,8205.4587299600,66961.9307895586,25241.1253936669,38588.9366746236,33827.9484239632,69846.3661902404,12753.3360697884,14654.0961660135,68218.6140496216,56246.2197164390,74753.4419807846,34067.1143855235,2800.0881197974,72640.6264075121,44075.0450097609,57954.0714643862,61057.2704329756,53105.7867006809,70456.3416080077,10932.8421923478,79623.8790721860,84012.5119060285,70799.4947332922,29100.1079500185,2996.7300096078,60614.2012314364,35501.1816997290,16921.8848406876,69451.0026739810,54884.3713792222,29058.3877998579,70175.3873853562,35226.7316931872,9246.5738049559,40772.3021816601,30449.1964247642,90123.6628440781,20713.7754688911,31855.7432387963,58072.6694261920,78281.4938283542,28613.3055593718,86219.4605547767,15665.5866990943,65416.6721479498,41908.9167891596,56152.3014026143,43715.1463256025,50042.7163029132,79013.2178371910,33727.1320713574,14088.7107939008,87389.7332569898,39743.3183569092,46337.3346176860,49162.0749767584,63983.7905973496,31069.2783968341,64460.0335003884,37741.8538069705,47196.5607845697,96415.8825935625,47464.2299729093,43651.0051335505,66223.7885645217,57155.4674635783,50523.7359203789
331,0,0,0,0,0,0,0,0,0,0,0,0,0,0,0,0,0,0,0,0,0,0,0,0,0,0,0,0,0,0,0,0,0,0,0,0,0,0,0,0,0,0,0,0,0,0,0,0,0,0,0,0,0,0,0,0,0,0,0,0,0,0,0,0,0,0,0,0,0,0,0,0,0,0,0,0,0,0,0,0,0,0,0,0,0,0,0,0,0,0,0,0,0,0,0,0,0,0,0,0,0,0,0,0,0,0,0,0,0,0,0,0,0,0,0,0,0,0,0,0,0,0,0,0,0,0,0,0,0,0,0,0,0,0,0,0,0,0,0,0,0,0,0,0,0,0,0,0,0,0,0,0,0,0,0,0,0,0,0,0,0,0,0,0,0,0,0,0,0,0,0,0,0,0,0,0,0,0,0,0,0,0,0,0,0,0,0,0,0,0,0,0,0,0,0,0,0,0,0,0
332,0,0,0,0,0,0,0,0,0,0,0,0,0,0,0,0,0,0,0,0,0,0,0,0,0,0,0,0,0,0,0,0,0,0,0,0,0,0,0,0,0,0,0,0,0,0,0,0,0,0,0,0,0,0,0,0,0,0,0,0,0,0,0,0,0,0,0,0,0,0,0,0,0,0,0,0,0,0,0,0,0,0,0,0,0,0,0,0,0,0,0,0,0,0,0,0,0,0,0,0,0,0,0,0,0,0,0,0,0,0,0,0,0,0,0,0,0,0,0,0,0,0,0,0,0,0,0,0,0,0,0,0,0,0,0,0,0,0,0,0,0,0,0,0,0,0,0,0,0,0,0,0,0,0,0,0,0,0,0,0,0,0,0,0,0,0,0,0,0,0,0,0,0,0,0,0,0,0,0,0,0,0,0,0,0,0,0,0,0,0,0,0,0,0,0,0,0,0,0,0
333,0,0,0,0,0,0,0,0,0,0,0,0,0,0,0,0,0,0,0,0,0,0,0,0,0,0,0,0,0,0,0,0,0,0,0,0,0,0,0,0,0,0,0,0,0,0,0,0,0,0,0,0,0,0,0,0,0,0,0,0,0,0,0,0,0,0,0,0,0,0,0,0,0,0,0,0,0,0,0,0,0,0,0,0,0,0,0,0,0,0,0,0,0,0,0,0,0,0,0,0,0,0,0,0,0,0,0,0,0,0,0,0,0,0,0,0,0,0,0,0,0,0,0,0,0,0,0,0,0,0,0,0,0,0,0,0,0,0,0,0,0,0,0,0,0,0,0,0,0,0,0,0,0,0,0,0,0,0,0,0,0,0,0,0,0,0,0,0,0,0,0,0,0,0,0,0,0,0,0,0,0,0,0,0,0,0,0,0,0,0,0,0,0,0,0,0,0,0,0,0
334,0,0,0,0,0,0,0,0,0,0,0,0,0,0,0,0,0,0,0,0,0,0,0,0,0,0,0,0,0,0,0,0,0,0,0,0,0,0,0,0,0,0,0,0,0,0,0,0,0,0,0,0,0,0,0,0,0,0,0,0,0,0,0,0,0,0,0,0,0,0,0,0,0,0,0,0,0,0,0,0,0,0,0,0,0,0,0,0,0,0,0,0,0,0,0,0,0,0,0,0,0,0,0,0,0,0,0,0,0,0,0,0,0,0,0,0,0,0,0,0,0,0,0,0,0,0,0,0,0,0,0,0,0,0,0,0,0,0,0,0,0,0,0,0,0,0,0,0,0,0,0,0,0,0,0,0,0,0,0,0,0,0,0,0,0,0,0,0,0,0,0,0,0,0,0,0,0,0,0,0,0,0,0,0,0,0,0,0,0,0,0,0,0,0,0,0,0,0,0,0
335,54426.7433621189,96137.9934483976,105212.0818957078,46988.3066777840,26380.9613099436,99493.1579648346,107122.7461796558,57611.2175690476,56461.3751215587,65910.0211138626,13010.5753643237,65814.9809889130,31030.8012673379,80316.9735776208,87051.5399545515,90406.3932091734,37545.1075647490,37602.6812755178,72797.7468236347,78731.9269708209,85478.2447250710,49329.3977781663,59193.6211843439,9058.5526210236,76876.4177539731,56921.4154898732,15395.7900197263,36996.3336411794,48183.5545500400,95398.8638590152,71098.8103647522,80632.7611433175,48615.3606917081,29928.8404230039,20730.8337134339,91562.3923905114,13799.1502592162,72540.0341579386,41778.2069372157,80212.2289194487,96978.2131938005,43582.7807116779,34030.6130221497,65121.1260576733,49998.8361381107,85897.4989296254,46468.8072806598,49337.7357968507,61980.0064191445,2095.6152479229,77932.1435681786,97193.7043995693,26978.4629379502,83172.8898355860,86397.7281219117,59886.8928885969,15113.1062079330,23277.4131998406,19386.2109216784,38650.2489090162,26673.2200439560,77538.1260178740,54760.2819339519,61086.6515840557,41238.6635493643,67709.2693869139,74307.2266332492,96819.1263605063,88798.8208513523,56507.3838879001,69160.6526874935,69522.7110584874,28464.5142148591,72375.7240904266,33171.8737797623,41467.7462494174,86933.4868437485,47749.6344677341,49135.0440890552,45736.8114738571,68911.3631701433,93961.9326448872,42104.4536203104,11992.6485698811,32838.1494816058,41193.9677719900,89145.8529131215,84643.9278504280,48956.6830411928,83527.9944826047,79129.9103965214,93811.8890771624,96747.6324852738,5543.1888391507,29808.1571398714,78390.9016682033,17507.9561501624,88612.4902373795,88896.1522011550,8133.4938787845,40767.7363296372,79303.3428213655,92924.5509459737,56425.5892332981,20677.9372551741,65295.5577314651,64193.3438134470,53566.3107585966,67332.4133937079,78132.4998510966,32563.3629226872,39529.6910360497,48100.0142801514,57871.4192798117,79253.9432967132,10226.0244245708,32824.4854598972,66322.0230678465,11670.1115668312,73061.8073579114,34486.8109089683,72616.0581028386,39741.5600813097,61600.7391215439,68156.7815727717,59474.4578919254,81220.8563626097,71019.2712616322,48168.3113306530,92125.0218394131,21273.8626345433,83954.8275175535,55246.8498513925,16558.5833021482,52331.8118294075,48164.0253420415,33892.7072273084,54523.7922796015,52620.8368981654,21629.7876804076,14151.0016826608,83316.6422829695,71839.3432361262,86983.7693032152,36270.4909768182,26818.4158079931,95081.4012031280,66513.3623811778,79193.7462571115,42981.5237097593,76029.1802309495,80721.8065001704,20717.1991322131,83347.6064917408,90404.0767282489,77283.9912639764,6763.6762746122,20684.5050428959,73529.0365912053,53718.6936465439,35851.6986978581,91407.7123170860,39738.8427071745,37553.0045231691,47640.3300541589,47991.9569221455,29077.1245330940,29045.9217408674,24618.8794346232,93953.4958408782,3119.2301689810,54094.7395773201,64464.5187430484,91450.4982539559,16665.9811467032,95199.9665624928,38545.3268043763,54202.1102013755,33616.3528330470,75019.1933445088,28013.5055930464,62498.6875757930,84281.1231508606,16689.8478407923,10077.3166598141,90005.4438283742,60289.9260282647,25561.2595225141,31772.0485991665,56507.4859649303,11010.4392820875,74694.1855863756,36271.3776345183,64535.3912021695,98832.1220440735,44105.8508828376,64928.0560033607,73579.3215289331,68720.7028367627,64683.9622936005
336,0,0,0,0,0,0,0,0,0,0,0,0,0,0,0,0,0,0,0,0,0,0,0,0,0,0,0,0,0,0,0,0,0,0,0,0,0,0,0,0,0,0,0,0,0,0,0,0,0,0,0,0,0,0,0,0,0,0,0,0,0,0,0,0,0,0,0,0,0,0,0,0,0,0,0,0,0,0,0,0,0,0,0,0,0,0,0,0,0,0,0,0,0,0,0,0,0,0,0,0,0,0,0,0,0,0,0,0,0,0,0,0,0,0,0,0,0,0,0,0,0,0,0,0,0,0,0,0,0,0,0,0,0,0,0,0,0,0,0,0,0,0,0,0,0,0,0,0,0,0,0,0,0,0,0,0,0,0,0,0,0,0,0,0,0,0,0,0,0,0,0,0,0,0,0,0,0,0,0,0,0,0,0,0,0,0,0,0,0,0,0,0,0,0,0,0,0,0,0,0
337,0,0,0,0,0,0,0,0,0,0,0,0,0,0,0,0,0,0,0,0,0,0,0,0,0,0,0,0,0,0,0,0,0,0,0,0,0,0,0,0,0,0,0,0,0,0,0,0,0,0,0,0,0,0,0,0,0,0,0,0,0,0,0,0,0,0,0,0,0,0,0,0,0,0,0,0,0,0,0,0,0,0,0,0,0,0,0,0,0,0,0,0,0,0,0,0,0,0,0,0,0,0,0,0,0,0,0,0,0,0,0,0,0,0,0,0,0,0,0,0,0,0,0,0,0,0,0,0,0,0,0,0,0,0,0,0,0,0,0,0,0,0,0,0,0,0,0,0,0,0,0,0,0,0,0,0,0,0,0,0,0,0,0,0,0,0,0,0,0,0,0,0,0,0,0,0,0,0,0,0,0,0,0,0,0,0,0,0,0,0,0,0,0,0,0,0,0,0,0,0
338,43203.9381346042,140734.3390932864,129388.8105692472,72293.7233577679,70747.6813237517,101402.0525754457,145291.8627265585,81069.6593418643,10996.4850954501,106448.5932124968,31903.7683752858,110646.3127652539,50457.2463123001,112128.8756100748,103560.3423954200,132509.6379431396,19016.8337065315,72408.0716824323,116802.5900900428,86576.6652141580,123182.8986636554,92962.3220063101,93355.3832545023,52792.3518168361,101727.9651704361,27249.2793391998,53212.3683030979,36969.1692761797,87608.8386531365,105032.2370625479,87644.4481033796,125466.6844429551,51664.2705672999,15009.8097011001,34777.8477582750,113935.4108220653,41151.4348585891,108707.1132561376,65056.3247776900,120851.4361650708,137030.8723868783,373.7166335747,75139.4729683375,93674.0695695341,80643.9952192979,129788.9929334587,30240.5326515376,13423.9418176169,105202.5489613422,43683.5657669498,120588.6903263167,134220.0147686590,59475.0210214215,84861.2465435635,113027.3096549935,97970.3615157637,59563.9904251949,64205.8268996808,45861.9357546390,82755.3525887963,23389.5944386033,97479.6793854139,96312.6427984405,53762.2080410151,53196.3492129338,91443.7216656591,113207.6039019312,111136.7203332978,94410.1039665338,36014.8753041447,80737.4570796199,114379.2832632578,40558.7893230206,102822.0651395517,27843.3151988876,70726.7814436564,131504.0313652224,22297.1504685496,85187.6486836686,42360.1703045429,111074.5295986294,93377.8041604289,83904.1944760480,38596.2025638729,58685.3074399824,12044.1552487939,128469.1979660003,94729.3830237731,73463.9927016287,105463.7375594888,93367.8282745487,111742.7542352199,102637.6506602414,44486.3860340769,67186.1431181789,122882.5329026472,33022.5134020459,101517.1238299495,129734.7465049631,51577.5913784638,79638.7274110085,113655.1802845212,137077.8336819931,84042.4223489621,25131.8045197544,100726.9067783976,83492.9064865935,49700.6843919810,105700.6209681513,105828.2769212110,16081.8855124048,44430.3586900093,8444.6227971617,89138.3070041988,122857.2904193100,36834.6536647366,76187.7840443857,99114.4401164633,45960.8207269245,113748.3196699801,66146.8734937737,106557.9886476146,30901.3510483789,103605.7695312877,112621.7473907381,99556.1636041547,120412.0440578281,114193.6932063815,37067.5487648633,117026.8595617306,52922.4567591571,125788.8769680671,98288.3943353768,58342.6016037642,28642.7994121590,90437.6141507214,46385.5178904331,91607.0793241386,20613.1329380718,58935.6092880516,58834.3082765623,107956.9119168911,98835.9923899046,106225.0342413502,56659.7466862667,69529.6886714116,133824.0360638279,110290.1098841168,115376.1790057467,15588.0009361278,117712.1160193963,97577.5839382752,65494.9885221656,88225.4655472955,98820.0458935417,88351.2435064523,38145.5947408683,63982.5434193509,95992.4769198286,87390.5068797905,73792.1156096309,128773.8714542586,25124.7414949346,64710.6337055484,62390.5780979025,76063.4117854698,69374.1954415152,34905.0074091230,44929.2487063080,97062.3710310761,48114.6104470406,93916.3615455613,78549.8662366281,111747.2118597044,40057.9833876821,107554.2092568699,81657.5323072803,38531.7483414527,40437.8023021672,107013.6165176126,27596.7299933735,86406.5825911667,91771.3013282311,33350.9320295413,54960.5165235011,91529.3744198600,96555.5707722725,19919.9984611230,21714.1046510204,48228.6759890742,35198.5752926861,92601.7242496488,51641.3878572449,95298.6626073907,98481.6930885777,50990.6782912562,102098.5892358316,86946.4632228720,89952.1542685169,90668.4472720678
339,0,0,0,0,0,0,0,0,0,0,0,0,0,0,0,0,0,0,0,0,0,0,0,0,0,0,0,0,0,0,0,0,0,0,0,0,0,0,0,0,0,0,0,0,0,0,0,0,0,0,0,0,0,0,0,0,0,0,0,0,0,0,0,0,0,0,0,0,0,0,0,0,0,0,0,0,0,0,0,0,0,0,0,0,0,0,0,0,0,0,0,0,0,0,0,0,0,0,0,0,0,0,0,0,0,0,0,0,0,0,0,0,0,0,0,0,0,0,0,0,0,0,0,0,0,0,0,0,0,0,0,0,0,0,0,0,0,0,0,0,0,0,0,0,0,0,0,0,0,0,0,0,0,0,0,0,0,0,0,0,0,0,0,0,0,0,0,0,0,0,0,0,0,0,0,0,0,0,0,0,0,0,0,0,0,0,0,0,0,0,0,0,0,0,0,0,0,0,0,0
340,66609.8700549268,72850.1512153393,91016.7139258542,69096.5200386851,6026.9880589028,98771.5327391820,84825.5670511282,48902.2636383405,79010.5131404193,43099.5794002202,36330.0543847641,44944.9504650912,35637.4288105916,62647.4819693691,78934.5828681643,66697.9057803460,57205.5439327671,24013.6806023961,49041.6700203170,76828.3884700189,63810.4540421149,25462.5525915338,41574.0434841004,19540.9644949179,64310.1383021248,75215.5271374049,17246.7967911476,49914.1948070794,27117.5880004658,90658.8900989208,64881.8929671547,57918.4354292515,55599.2491614318,52934.8700768593,37116.7689798305,79344.1334165211,34852.5428127684,52324.2009571649,37810.0816533245,57102.1974836863,73944.7295711677,66693.0638640195,13166.6688536000,51241.0353362674,37007.3189250476,62114.8781950492,62547.1604396511,70297.2040239501,38125.6315312667,24348.2183063776,54134.9834397822,75635.7482942922,22362.5384029640,84200.8240948786,71797.6161183474,39015.3093093391,8805.0771533377,9183.7837126566,28127.4868240829,14881.0905660305,46938.4948408006,68225.6080226109,31634.4771093059,70135.5023197114,45700.3983631965,57051.1717461825,52240.2150971334,89182.7872501208,87009.3356982080,71855.1715133402,66419.8556699207,46983.8696420078,39721.4065961941,56278.3492084627,50243.4598851399,32289.8548913434,63615.8637962724,66409.5857211557,31207.1411225063,56843.9617473107,45288.6330911592,95084.8822025929,19325.3305481728,30054.4065435262,31015.2218834310,63106.5034269100,66538.8907790406,80701.6683758430,41533.7293027515,72269.2349472722,73302.1007549794,84211.9465941994,94041.9129652457,26688.7680351331,16650.3056193475,54980.0047566348,40808.7141161782,82560.2737398179,65612.3917197544,16366.7519383269,21358.0666411916,59970.9493013575,69254.6223729580,44679.2005303706,42857.1502534346,46077.5025530367,57242.8332037436,62658.3954464247,45853.2829576464,63473.2208681840,53932.5181317905,48843.7438773180,70379.5033851539,42853.7671141952,55404.4963801045,33864.6476734030,9168.2880720521,49040.2768003094,23312.4299799122,50030.8872214467,25915.0630071005,53966.0695715626,55282.7163439142,38110.2601730346,44719.1344911151,37152.1149046113,58820.9785900750,47159.9096119203,61865.8276524633,78247.5308472424,22968.4103076095,60348.1389372743,31441.5344134926,10630.6753141773,69536.2221593903,24773.8426087223,41552.6625613213,34928.6324557686,72180.1612388168,15791.2494045762,13787.9049086920,70284.7500532872,58300.5853233715,77147.5506371915,37128.6073881710,4432.7148287949,72671.6415552926,42681.4587272246,58659.9032726056,63258.1418255327,52525.2275254324,73050.4532699305,8162.8126085383,82578.2994415214,86838.7084901681,73648.8410289816,30301.9226873087,3006.9882902509,62992.0621134976,37269.9282614792,18968.7361629631,69788.5520126294,57362.6512450405,32013.2959326981,70532.8380468887,37814.3522276656,11530.2727612383,43405.4443788192,33286.7154925651,93060.2265901479,21329.0961988563,32227.6440691397,60962.6684322039,80559.8914281762,31015.8425758015,88873.0112853301,14889.2976671762,68219.2057787602,44750.6754630201,57587.9771562080,46060.4381624189,52530.5578723203,81905.3296420367,35797.9426085306,14352.5090731293,90371.5303477273,40829.2974715827,48045.0922718255,51379.2679559993,66947.4489769883,32715.9618884731,67078.4787507831,40780.5473332644,49020.1220446690,99395.2241723722,50495.7617076239,44426.1933965723,69037.2488788803,59689.2076066838,52813.9335275122
341,0,0,0,0,0,0,0,0,0,0,0,0,0,0,0,0,0,0,0,0,0,0,0,0,0,0,0,0,0,0,0,0,0,0,0,0,0,0,0,0,0,0,0,0,0,0,0,0,0,0,0,0,0,0,0,0,0,0,0,0,0,0,0,0,0,0,0,0,0,0,0,0,0,0,0,0,0,0,0,0,0,0,0,0,0,0,0,0,0,0,0,0,0,0,0,0,0,0,0,0,0,0,0,0,0,0,0,0,0,0,0,0,0,0,0,0,0,0,0,0,0,0,0,0,0,0,0,0,0,0,0,0,0,0,0,0,0,0,0,0,0,0,0,0,0,0,0,0,0,0,0,0,0,0,0,0,0,0,0,0,0,0,0,0,0,0,0,0,0,0,0,0,0,0,0,0,0,0,0,0,0,0,0,0,0,0,0,0,0,0,0,0,0,0,0,0,0,0,0,0
342,0,0,0,0,0,0,0,0,0,0,0,0,0,0,0,0,0,0,0,0,0,0,0,0,0,0,0,0,0,0,0,0,0,0,0,0,0,0,0,0,0,0,0,0,0,0,0,0,0,0,0,0,0,0,0,0,0,0,0,0,0,0,0,0,0,0,0,0,0,0,0,0,0,0,0,0,0,0,0,0,0,0,0,0,0,0,0,0,0,0,0,0,0,0,0,0,0,0,0,0,0,0,0,0,0,0,0,0,0,0,0,0,0,0,0,0,0,0,0,0,0,0,0,0,0,0,0,0,0,0,0,0,0,0,0,0,0,0,0,0,0,0,0,0,0,0,0,0,0,0,0,0,0,0,0,0,0,0,0,0,0,0,0,0,0,0,0,0,0,0,0,0,0,0,0,0,0,0,0,0,0,0,0,0,0,0,0,0,0,0,0,0,0,0,0,0,0,0,0,0
343,0,0,0,0,0,0,0,0,0,0,0,0,0,0,0,0,0,0,0,0,0,0,0,0,0,0,0,0,0,0,0,0,0,0,0,0,0,0,0,0,0,0,0,0,0,0,0,0,0,0,0,0,0,0,0,0,0,0,0,0,0,0,0,0,0,0,0,0,0,0,0,0,0,0,0,0,0,0,0,0,0,0,0,0,0,0,0,0,0,0,0,0,0,0,0,0,0,0,0,0,0,0,0,0,0,0,0,0,0,0,0,0,0,0,0,0,0,0,0,0,0,0,0,0,0,0,0,0,0,0,0,0,0,0,0,0,0,0,0,0,0,0,0,0,0,0,0,0,0,0,0,0,0,0,0,0,0,0,0,0,0,0,0,0,0,0,0,0,0,0,0,0,0,0,0,0,0,0,0,0,0,0,0,0,0,0,0,0,0,0,0,0,0,0,0,0,0,0,0,0
344,55637.3891059789,108087.7239078979,117132.2360702948,67419.9268403731,39155.4023174253,106321.9409137149,120613.9172498956,68681.1099230550,47164.9780519611,79362.7910666823,14989.9962973446,76379.3828321747,39330.5285303050,93261.6644105559,97202.3261386479,103605.1911877642,33477.0188235200,50497.2376163250,85377.5795411039,86603.5967043503,98956.4066871479,62255.6814024589,72288.0484881500,18660.0557547341,88625.5995609544,52806.2062645488,28053.3876442177,39430.7433905093,61668.8947461171,104089.1889493648,80922.2885705625,92179.0040422150,53624.0033047187,21248.0934696619,23934.6197971246,103015.9462090855,6503.2881898667,85914.7641283365,52175.9322315938,93633.1508792084,110419.4038369622,33699.4770452424,47518.0526865184,77396.8434983829,62397.4575158183,98490.2258160931,45202.7112174273,42628.4030007571,74985.4825462440,14672.4498175455,91039.9249003941,110659.9004892475,38968.4979808336,89558.5329819480,98586.3854855679,73345.7360291428,28111.6536763479,36748.4070879901,28356.1092811297,51427.6711851531,23589.2572307517,88280.9184609454,68154.4291425905,63976.9574510194,48283.6090351119,79078.4798891182,87798.3813425980,106631.3398683209,96354.1126395957,55112.7108278981,77697.0032611129,81043.9315811026,33571.0778323179,85059.4023313997,32607.3703740734,53342.3804132979,98950.1268857927,43853.2942188728,62373.2809522255,48436.4569411075,82162.2543316239,100017.8643864717,55521.4265151792,17912.7432122704,43367.0687588198,33633.3772607079,102626.5823782040,93228.5693148286,59992.1079254773,94790.6874559862,88597.7959321304,104379.3345138327,104539.8199546522,10399.2067844321,42963.5826519869,90538.3219059522,235.1829132025,97960.0776816464,102284.2465397623,21624.6509519957,54209.0484339039,92542.0136613717,105319.8889474972,68364.5062109989,15891.9133560600,78576.5037381188,74483.7836795473,56921.2572698164,80812.8042813414,90421.4371670284,26744.0546082963,44088.3268386862,39546.0994253279,70517.5385798835,92023.5773080484,3730.7636286258,46011.0737164453,79295.3495695960,22377.2049820383,86491.4507952882,46645.2739232396,85778.0182639154,39669.0608074522,74906.8213163900,80385.9176568916,72956.7326952085,94708.4348312226,83997.5322058248,48741.9836709522,104062.0947682110,32537.7748181854,97220.1794657724,68349.2617167404,30032.4564400255,49560.5229147828,61485.1897638367,40201.9974311511,67900.2607008197,47412.5447033048,34523.9009263165,25119.3851986811,95109.6961719824,83925.3448152877,97733.5396105577,45451.5757807284,40216.8078254020,108570.7863372320,79257.2099408154,92588.1440418703,37596.6030384625,89339.8286558120,90835.1325275346,33104.1496714579,90578.8607267240,98700.3775607904,85931.9387997071,9246.3510121440,34045.5617871710,84740.3939394487,66689.9820256235,49174.3842617564,104880.5392320072,37690.9051197299,48744.8741462229,68313.2666627939,59813.4484162215,42545.4570754870,31733.5189497373,32165.8803317820,100979.8129877558,15589.1030793829,67585.3440787509,73481.0679048261,102484.8196610321,23225.2114539438,104534.4289396498,51748.9392981702,54045.8528162649,37842.4240070940,87952.0245685473,27418.1753905135,73793.3827776582,92207.6264692710,18656.7444284604,22606.0195890076,96527.3277935965,73624.3407715658,18800.8806171613,28584.3524805875,58782.4227452941,12844.4926697650,84922.7999673871,43868.3959597457,77185.1190154062,105055.7064370397,49858.4657205085,78349.5706907677,82697.8518213141,79568.5667986970,76459.0815819956
345,0,0,0,0,0,0,0,0,0,0,0,0,0,0,0,0,0,0,0,0,0,0,0,0,0,0,0,0,0,0,0,0,0,0,0,0,0,0,0,0,0,0,0,0,0,0,0,0,0,0,0,0,0,0,0,0,0,0,0,0,0,0,0,0,0,0,0,0,0,0,0,0,0,0,0,0,0,0,0,0,0,0,0,0,0,0,0,0,0,0,0,0,0,0,0,0,0,0,0,0,0,0,0,0,0,0,0,0,0,0,0,0,0,0,0,0,0,0,0,0,0,0,0,0,0,0,0,0,0,0,0,0,0,0,0,0,0,0,0,0,0,0,0,0,0,0,0,0,0,0,0,0,0,0,0,0,0,0,0,0,0,0,0,0,0,0,0,0,0,0,0,0,0,0,0,0,0,0,0,0,0,0,0,0,0,0,0,0,0,0,0,0,0,0,0,0,0,0,0,0
346,61621.6251801002,75413.1858874718,86564.2743467330,70255.2042257283,8595.2763263407,92885.8752727590,83543.9129918243,43326.5979838610,76687.7092845991,42249.8194502530,35124.9987166557,49282.3589973391,30243.7546645707,59025.6673769963,73457.3863901861,67102.1260603160,53937.0519636715,18704.9960053380,50970.7795010499,70950.7721927492,62055.5252315817,27081.9001158714,37758.0705959502,21566.3525432078,59401.2947636572,71337.2143926317,13351.5147224697,45283.7138607044,24786.6355834178,84926.3311830595,59180.0199803049,61109.5691044889,50101.5940854906,51156.0045922639,33613.4623716139,74449.9379626934,36103.7455389842,49694.7140935851,31910.8732389636,56572.9125022522,73321.6291428538,64838.4011636961,10450.7560470733,46493.1024010815,31896.5908376174,63876.3627965371,58292.9844794772,67300.6244046349,39253.7881378642,23318.2056744964,54846.3084547281,73831.9161012388,16573.4124029568,78302.7451695934,67357.8257854809,36664.3421014547,10232.8065517758,1120.8434180528,23763.3813997411,17580.1132444072,44080.0130266091,62841.3392239836,31173.8166127137,64725.7297612656,40092.5276679325,51778.9605603269,50744.3158944209,83686.9002862629,81139.0920849173,67348.7809252828,60549.6370725534,50411.6304281008,35101.8893269130,52125.2372182257,46430.2759191943,26576.7593479981,66194.2397717150,62720.5164818234,27344.8095673761,51814.1896435255,45565.8255186164,89185.1868920279,18501.6676575241,27463.2739018290,25198.9446631477,60589.1764487378,65500.2091775034,74904.4866313687,35784.8615040913,67179.8452998611,67601.2696300563,78930.8222282926,88209.5360386589,27436.5662233104,10951.5363119009,57500.5242266208,41131.9240855820,76902.8228082328,65290.3869819294,15564.0922635910,17928.0584482224,56970.2802497682,71266.4903805576,39458.4365271701,40833.6266203943,42937.0970397193,51562.4158391170,57310.7203723898,43921.9664497695,58999.0605157227,51314.3641139542,43698.9341663465,67970.5751242274,38276.1277364552,56901.4147805530,33887.6647656879,10427.7818977899,45188.1392907988,20247.8551355484,49416.0317732023,20066.9124851225,50648.8829069194,51031.4718696251,38167.3038156858,47299.8044886753,35834.8916495280,57599.0145134301,48264.6298450505,57170.2653239395,73675.9535449575,17906.7744213006,60543.6374835927,32355.3416811629,7638.3114760825,65445.9700219680,24761.6756198801,36354.0683001447,31849.3729727559,68687.5271132081,10374.1636636622,16959.5407391334,65499.7230571430,53540.8845088836,71871.2341085350,31376.2830284065,1536.9595862599,71469.7885942097,44383.5044018460,56223.5677087167,60097.0484949106,52552.2404731003,67505.6268866920,10262.8684857164,76684.8779595559,81033.9306358338,67823.4189372395,29482.8591373993,4376.2361931017,57742.1548299975,33007.4071502083,14329.0339670388,68013.5033348254,53537.2219462465,26118.2200435061,71219.8400627115,32284.6064311826,8604.1393384142,39210.9396576219,28539.5001340895,87174.5596142140,21790.0201541713,30517.8321481610,55104.8421579097,75449.6267916912,27487.4275874553,83253.9136711811,15706.6549425842,63506.1911351928,39954.2539674724,53854.0060727073,42595.9337318653,47129.6204365800,76046.4506940118,33038.8966710939,15630.1217257130,84471.5932734853,37751.0102345589,46043.1847091464,48207.2790984890,61720.8011681238,30934.4582770668,61503.5873127198,35253.9578495667,44642.6287740876,93495.5953164064,44998.2124738508,41900.2468925256,63244.2036939435,54224.5330368178,47696.1647334384
347,0,0,0,0,0,0,0,0,0,0,0,0,0,0,0,0,0,0,0,0,0,0,0,0,0,0,0,0,0,0,0,0,0,0,0,0,0,0,0,0,0,0,0,0,0,0,0,0,0,0,0,0,0,0,0,0,0,0,0,0,0,0,0,0,0,0,0,0,0,0,0,0,0,0,0,0,0,0,0,0,0,0,0,0,0,0,0,0,0,0,0,0,0,0,0,0,0,0,0,0,0,0,0,0,0,0,0,0,0,0,0,0,0,0,0,0,0,0,0,0,0,0,0,0,0,0,0,0,0,0,0,0,0,0,0,0,0,0,0,0,0,0,0,0,0,0,0,0,0,0,0,0,0,0,0,0,0,0,0,0,0,0,0,0,0,0,0,0,0,0,0,0,0,0,0,0,0,0,0,0,0,0,0,0,0,0,0,0,0,0,0,0,0,0,0,0,0,0,0,0
348,0,0,0,0,0,0,0,0,0,0,0,0,0,0,0,0,0,0,0,0,0,0,0,0,0,0,0,0,0,0,0,0,0,0,0,0,0,0,0,0,0,0,0,0,0,0,0,0,0,0,0,0,0,0,0,0,0,0,0,0,0,0,0,0,0,0,0,0,0,0,0,0,0,0,0,0,0,0,0,0,0,0,0,0,0,0,0,0,0,0,0,0,0,0,0,0,0,0,0,0,0,0,0,0,0,0,0,0,0,0,0,0,0,0,0,0,0,0,0,0,0,0,0,0,0,0,0,0,0,0,0,0,0,0,0,0,0,0,0,0,0,0,0,0,0,0,0,0,0,0,0,0,0,0,0,0,0,0,0,0,0,0,0,0,0,0,0,0,0,0,0,0,0,0,0,0,0,0,0,0,0,0,0,0,0,0,0,0,0,0,0,0,0,0,0,0,0,0,0,0
349,0,0,0,0,0,0,0,0,0,0,0,0,0,0,0,0,0,0,0,0,0,0,0,0,0,0,0,0,0,0,0,0,0,0,0,0,0,0,0,0,0,0,0,0,0,0,0,0,0,0,0,0,0,0,0,0,0,0,0,0,0,0,0,0,0,0,0,0,0,0,0,0,0,0,0,0,0,0,0,0,0,0,0,0,0,0,0,0,0,0,0,0,0,0,0,0,0,0,0,0,0,0,0,0,0,0,0,0,0,0,0,0,0,0,0,0,0,0,0,0,0,0,0,0,0,0,0,0,0,0,0,0,0,0,0,0,0,0,0,0,0,0,0,0,0,0,0,0,0,0,0,0,0,0,0,0,0,0,0,0,0,0,0,0,0,0,0,0,0,0,0,0,0,0,0,0,0,0,0,0,0,0,0,0,0,0,0,0,0,0,0,0,0,0,0,0,0,0,0,0
350,0,0,0,0,0,0,0,0,0,0,0,0,0,0,0,0,0,0,0,0,0,0,0,0,0,0,0,0,0,0,0,0,0,0,0,0,0,0,0,0,0,0,0,0,0,0,0,0,0,0,0,0,0,0,0,0,0,0,0,0,0,0,0,0,0,0,0,0,0,0,0,0,0,0,0,0,0,0,0,0,0,0,0,0,0,0,0,0,0,0,0,0,0,0,0,0,0,0,0,0,0,0,0,0,0,0,0,0,0,0,0,0,0,0,0,0,0,0,0,0,0,0,0,0,0,0,0,0,0,0,0,0,0,0,0,0,0,0,0,0,0,0,0,0,0,0,0,0,0,0,0,0,0,0,0,0,0,0,0,0,0,0,0,0,0,0,0,0,0,0,0,0,0,0,0,0,0,0,0,0,0,0,0,0,0,0,0,0,0,0,0,0,0,0,0,0,0,0,0,0
351,0,0,0,0,0,0,0,0,0,0,0,0,0,0,0,0,0,0,0,0,0,0,0,0,0,0,0,0,0,0,0,0,0,0,0,0,0,0,0,0,0,0,0,0,0,0,0,0,0,0,0,0,0,0,0,0,0,0,0,0,0,0,0,0,0,0,0,0,0,0,0,0,0,0,0,0,0,0,0,0,0,0,0,0,0,0,0,0,0,0,0,0,0,0,0,0,0,0,0,0,0,0,0,0,0,0,0,0,0,0,0,0,0,0,0,0,0,0,0,0,0,0,0,0,0,0,0,0,0,0,0,0,0,0,0,0,0,0,0,0,0,0,0,0,0,0,0,0,0,0,0,0,0,0,0,0,0,0,0,0,0,0,0,0,0,0,0,0,0,0,0,0,0,0,0,0,0,0,0,0,0,0,0,0,0,0,0,0,0,0,0,0,0,0,0,0,0,0,0,0
352,0,0,0,0,0,0,0,0,0,0,0,0,0,0,0,0,0,0,0,0,0,0,0,0,0,0,0,0,0,0,0,0,0,0,0,0,0,0,0,0,0,0,0,0,0,0,0,0,0,0,0,0,0,0,0,0,0,0,0,0,0,0,0,0,0,0,0,0,0,0,0,0,0,0,0,0,0,0,0,0,0,0,0,0,0,0,0,0,0,0,0,0,0,0,0,0,0,0,0,0,0,0,0,0,0,0,0,0,0,0,0,0,0,0,0,0,0,0,0,0,0,0,0,0,0,0,0,0,0,0,0,0,0,0,0,0,0,0,0,0,0,0,0,0,0,0,0,0,0,0,0,0,0,0,0,0,0,0,0,0,0,0,0,0,0,0,0,0,0,0,0,0,0,0,0,0,0,0,0,0,0,0,0,0,0,0,0,0,0,0,0,0,0,0,0,0,0,0,0,0
353,0,0,0,0,0,0,0,0,0,0,0,0,0,0,0,0,0,0,0,0,0,0,0,0,0,0,0,0,0,0,0,0,0,0,0,0,0,0,0,0,0,0,0,0,0,0,0,0,0,0,0,0,0,0,0,0,0,0,0,0,0,0,0,0,0,0,0,0,0,0,0,0,0,0,0,0,0,0,0,0,0,0,0,0,0,0,0,0,0,0,0,0,0,0,0,0,0,0,0,0,0,0,0,0,0,0,0,0,0,0,0,0,0,0,0,0,0,0,0,0,0,0,0,0,0,0,0,0,0,0,0,0,0,0,0,0,0,0,0,0,0,0,0,0,0,0,0,0,0,0,0,0,0,0,0,0,0,0,0,0,0,0,0,0,0,0,0,0,0,0,0,0,0,0,0,0,0,0,0,0,0,0,0,0,0,0,0,0,0,0,0,0,0,0,0,0,0,0,0,0
354,0,0,0,0,0,0,0,0,0,0,0,0,0,0,0,0,0,0,0,0,0,0,0,0,0,0,0,0,0,0,0,0,0,0,0,0,0,0,0,0,0,0,0,0,0,0,0,0,0,0,0,0,0,0,0,0,0,0,0,0,0,0,0,0,0,0,0,0,0,0,0,0,0,0,0,0,0,0,0,0,0,0,0,0,0,0,0,0,0,0,0,0,0,0,0,0,0,0,0,0,0,0,0,0,0,0,0,0,0,0,0,0,0,0,0,0,0,0,0,0,0,0,0,0,0,0,0,0,0,0,0,0,0,0,0,0,0,0,0,0,0,0,0,0,0,0,0,0,0,0,0,0,0,0,0,0,0,0,0,0,0,0,0,0,0,0,0,0,0,0,0,0,0,0,0,0,0,0,0,0,0,0,0,0,0,0,0,0,0,0,0,0,0,0,0,0,0,0,0,0
355,0,0,0,0,0,0,0,0,0,0,0,0,0,0,0,0,0,0,0,0,0,0,0,0,0,0,0,0,0,0,0,0,0,0,0,0,0,0,0,0,0,0,0,0,0,0,0,0,0,0,0,0,0,0,0,0,0,0,0,0,0,0,0,0,0,0,0,0,0,0,0,0,0,0,0,0,0,0,0,0,0,0,0,0,0,0,0,0,0,0,0,0,0,0,0,0,0,0,0,0,0,0,0,0,0,0,0,0,0,0,0,0,0,0,0,0,0,0,0,0,0,0,0,0,0,0,0,0,0,0,0,0,0,0,0,0,0,0,0,0,0,0,0,0,0,0,0,0,0,0,0,0,0,0,0,0,0,0,0,0,0,0,0,0,0,0,0,0,0,0,0,0,0,0,0,0,0,0,0,0,0,0,0,0,0,0,0,0,0,0,0,0,0,0,0,0,0,0,0,0
356,64296.6660132177,76157.0331360609,92538.2425979847,66013.6279605546,12063.5442407860,98254.7145744469,87795.5219214447,49261.0192319254,75724.9153748243,46140.2067418938,32979.0174515796,47849.5783171674,33791.8131056552,64686.9031321853,79429.3125087669,69979.0338572638,54118.6636688161,24753.9096780979,52394.4935841993,76380.6639226179,66630.9494228157,28809.8852089549,43482.2374010267,16586.9352819529,65450.3769465215,72301.5292540165,14642.8360790519,47397.5404860184,29664.1073112650,90691.9475462822,64996.3024039742,61141.4660017556,53800.1514730175,49605.6690998375,34145.3933625765,80499.1057176729,31749.7446946637,54820.3600879996,37215.6262440831,60229.1789221537,77063.8921416384,63364.4418348681,15408.1823154365,52519.2093560098,37951.7055167015,65469.3063081996,59805.5581214855,67131.3969309539,41457.3131785059,20999.4679100877,57442.7939749406,78449.4791338500,21259.1976329374,83380.2258484259,73324.0425415458,41596.1083672176,9436.3081774121,8664.3768423546,25574.3389343197,18230.1714228786,43768.5826823965,68851.1485635933,34735.3554891891,68203.4289147500,44083.6093420083,57817.7030699093,55126.2503478340,89647.3889706202,86597.1995610994,69227.2225759079,66024.0349665628,50169.7806498425,37234.7661351048,57996.2141738318,47341.2332764096,32426.2576142615,66924.2801717899,63437.7961345017,33066.7481535729,54581.2375364970,48540.2023959618,94297.7625767938,22279.7417875482,26873.2952456246,29894.6711614477,59856.1048418162,69560.1419642963,80571.6924867063,41570.6856945688,73234.2487640754,73413.4774468940,84963.3383342763,93790.6344934930,23460.3054165713,16891.1181340365,58297.7584680713,37543.8029053330,82754.7886100338,68785.0144998767,13024.7638988030,23398.9551482296,62316.8499164045,72602.1140038200,45507.0230996025,39558.1852671876,48342.3028696476,57407.0676233233,60670.9123350545,48595.3883724426,64971.3863635654,50706.5780082071,46696.8685878332,67108.8726333962,44262.9629537502,58757.5705643078,30555.1891042883,12387.0614858430,50937.4223936769,20292.8299239963,53133.2338645596,25720.4114060852,56156.1681893331,52552.7729321802,41320.1981002319,48037.0021614166,40061.7420821968,61789.5218155080,50495.0159886958,59361.7275034269,79675.5051177978,20938.3963870451,63599.7982252062,34749.3579245481,7976.0558195630,66712.2295854851,27937.3870182213,39480.7133551035,37198.0953499702,69140.3465824092,14277.3978317750,11265.3015150568,71535.9584604768,59571.0298403236,77905.6108372823,35809.9512814857,7393.0085295765,75656.0090650036,46036.1636893094,61239.4326244941,60136.6664541916,55747.0278177816,73444.5640886832,4411.5892895542,82000.1617721299,86682.6443708722,73433.9720461174,26946.9838070752,2460.9620021882,63783.2531184125,38896.5288284140,20284.8604391749,72607.4611111317,54451.3458308239,31512.8958093365,67351.0846118539,38255.9784486940,12577.1950113832,40680.5063162888,30916.0817485044,92546.3247736768,18038.6731584294,35007.4843224406,60633.4795778494,81502.9006891991,28082.3933331409,89136.5982486133,18125.0405446171,65715.6116759469,42354.6881545502,59561.1349741445,43049.6608847226,53139.8562957334,81553.0156533089,32631.6511101055,11144.2645922549,89670.2681745422,43113.4122734637,44738.9234871435,48275.6334822753,64832.8966027060,29405.2950595448,67426.5925587624,39068.1369561611,50580.6253007247,98701.0628544258,48710.0302264931,46951.4409246855,68927.0168994088,60208.6383837441,53750.4660364802
357,0,0,0,0,0,0,0,0,0,0,0,0,0,0,0,0,0,0,0,0,0,0,0,0,0,0,0,0,0,0,0,0,0,0,0,0,0,0,0,0,0,0,0,0,0,0,0,0,0,0,0,0,0,0,0,0,0,0,0,0,0,0,0,0,0,0,0,0,0,0,0,0,0,0,0,0,0,0,0,0,0,0,0,0,0,0,0,0,0,0,0,0,0,0,0,0,0,0,0,0,0,0,0,0,0,0,0,0,0,0,0,0,0,0,0,0,0,0,0,0,0,0,0,0,0,0,0,0,0,0,0,0,0,0,0,0,0,0,0,0,0,0,0,0,0,0,0,0,0,0,0,0,0,0,0,0,0,0,0,0,0,0,0,0,0,0,0,0,0,0,0,0,0,0,0,0,0,0,0,0,0,0,0,0,0,0,0,0,0,0,0,0,0,0,0,0,0,0,0,0
358,0,0,0,0,0,0,0,0,0,0,0,0,0,0,0,0,0,0,0,0,0,0,0,0,0,0,0,0,0,0,0,0,0,0,0,0,0,0,0,0,0,0,0,0,0,0,0,0,0,0,0,0,0,0,0,0,0,0,0,0,0,0,0,0,0,0,0,0,0,0,0,0,0,0,0,0,0,0,0,0,0,0,0,0,0,0,0,0,0,0,0,0,0,0,0,0,0,0,0,0,0,0,0,0,0,0,0,0,0,0,0,0,0,0,0,0,0,0,0,0,0,0,0,0,0,0,0,0,0,0,0,0,0,0,0,0,0,0,0,0,0,0,0,0,0,0,0,0,0,0,0,0,0,0,0,0,0,0,0,0,0,0,0,0,0,0,0,0,0,0,0,0,0,0,0,0,0,0,0,0,0,0,0,0,0,0,0,0,0,0,0,0,0,0,0,0,0,0,0,0
359,0,0,0,0,0,0,0,0,0,0,0,0,0,0,0,0,0,0,0,0,0,0,0,0,0,0,0,0,0,0,0,0,0,0,0,0,0,0,0,0,0,0,0,0,0,0,0,0,0,0,0,0,0,0,0,0,0,0,0,0,0,0,0,0,0,0,0,0,0,0,0,0,0,0,0,0,0,0,0,0,0,0,0,0,0,0,0,0,0,0,0,0,0,0,0,0,0,0,0,0,0,0,0,0,0,0,0,0,0,0,0,0,0,0,0,0,0,0,0,0,0,0,0,0,0,0,0,0,0,0,0,0,0,0,0,0,0,0,0,0,0,0,0,0,0,0,0,0,0,0,0,0,0,0,0,0,0,0,0,0,0,0,0,0,0,0,0,0,0,0,0,0,0,0,0,0,0,0,0,0,0,0,0,0,0,0,0,0,0,0,0,0,0,0,0,0,0,0,0,0
360,45117.8158903752,96059.8323567237,94603.5812743980,55805.4509299005,26953.5074079002,87497.1759033178,100968.9837890471,46275.7744744442,56110.8191048199,61036.5955504514,16844.2703533186,68655.1011303707,19018.8913905803,71319.0384801617,75304.2162679088,86887.5644167509,33433.1829793378,28828.2185477895,71605.5537449986,66658.0496901946,78957.3574718507,47718.9984315921,50722.0549221863,18918.9409552193,66098.5892529371,51509.5769187937,7571.2048065799,27691.4647717575,42356.9601161918,83346.8491929093,59225.9855756658,81554.0484149380,37389.3188860454,31140.8156694544,13340.5188863738,80534.2919934427,25075.8128487946,65141.6030421313,30031.8830396422,75475.3405835220,91893.2945888141,44608.9265616052,29498.5162822375,54954.5368130265,40057.3674531296,84460.1189491807,39273.3860312950,46678.1521181318,59696.0946477876,8991.1662049369,74954.2510778471,90410.5900052413,16586.7191340072,71275.1936949970,76095.6667615435,53337.9153788273,17254.9556082727,18610.3163150066,11246.5673837452,38075.9956182820,23421.0671092457,66039.1671957061,50690.1411443199,50643.5325414197,29400.2571979829,56600.5200386375,68378.5166701550,84972.1812330672,76737.2258704950,48936.0067754217,57086.6718351756,70708.2530126113,18019.6764227047,62848.0372467621,26571.3584436806,30834.9223785439,86835.9377888672,42632.1615726085,41310.5047113168,35800.4118546067,65434.7223888166,82109.1689372457,38265.8287859014,13519.3303359840,21106.3268147409,39967.1574088233,83563.9054789143,72579.1191135185,37581.3462454491,72353.1696531009,67180.1354210405,82243.1125237135,84671.7941788756,17275.0479657028,22182.5415317844,78145.8441862588,26268.8023661895,76647.5579106352,84335.4141103777,10168.5461315792,34444.4735883280,71201.5624087395,91898.0051611549,45848.4313554727,20720.3235436113,57467.5689743756,52465.9675722511,43029.3297577785,61028.9915516465,67966.8777072700,30678.9000059379,28763.5554268991,47373.2471498569,48325.5543769706,77414.5892495142,19286.9565916327,31074.8374369971,57455.6175856919,301.1347153127,68332.5231880140,24266.2917917827,64271.6677868146,32080.4299945749,57966.8161756492,67929.6009086385,54223.1519847290,75514.9977905370,68643.2136245612,39522.3838363924,81534.7193947946,10011.0091781058,80187.6783783990,52763.8515051620,13319.3225889260,46014.7711765759,44814.6262405773,22464.3181518228,47338.5159810975,48374.4999365791,13589.0755176521,20973.7534817060,72581.6685479272,61421.7270881591,75498.7578501903,24202.4275423982,24274.8117532473,89185.2106531411,64986.9059636170,71872.4646494049,39535.2431527906,72117.3145326501,68953.8491571197,23325.2512147099,71318.7670983757,78327.4441254843,65219.9976454609,13283.6891169098,19412.1720425076,62309.8629670725,44935.2908153038,28789.0972480708,84754.2989349503,33667.5630691252,26260.5751093891,55467.2056160961,37290.7029666665,23748.4667165437,20332.1570988323,13018.9690064493,81937.6765383792,13799.1717698558,48612.3144315022,52424.3025480109,80130.9543826686,12468.7797660885,83237.7381343431,36304.4801970519,45819.0869742797,23345.9013344460,66011.5319991766,22256.4616382672,51328.1578347447,72203.9400542942,12416.7865364214,15701.5308559940,78069.1998825567,52776.6239240786,25854.2532335867,27639.1266981108,46495.2021782569,11785.7876002313,62960.2450074608,24349.6290582141,54969.1757009090,86936.5244904467,32656.9874469973,57936.1266729921,61561.8430092138,57267.2190567921,53930.2040578527
361,0,0,0,0,0,0,0,0,0,0,0,0,0,0,0,0,0,0,0,0,0,0,0,0,0,0,0,0,0,0,0,0,0,0,0,0,0,0,0,0,0,0,0,0,0,0,0,0,0,0,0,0,0,0,0,0,0,0,0,0,0,0,0,0,0,0,0,0,0,0,0,0,0,0,0,0,0,0,0,0,0,0,0,0,0,0,0,0,0,0,0,0,0,0,0,0,0,0,0,0,0,0,0,0,0,0,0,0,0,0,0,0,0,0,0,0,0,0,0,0,0,0,0,0,0,0,0,0,0,0,0,0,0,0,0,0,0,0,0,0,0,0,0,0,0,0,0,0,0,0,0,0,0,0,0,0,0,0,0,0,0,0,0,0,0,0,0,0,0,0,0,0,0,0,0,0,0,0,0,0,0,0,0,0,0,0,0,0,0,0,0,0,0,0,0,0,0,0,0,0
362,0,0,0,0,0,0,0,0,0,0,0,0,0,0,0,0,0,0,0,0,0,0,0,0,0,0,0,0,0,0,0,0,0,0,0,0,0,0,0,0,0,0,0,0,0,0,0,0,0,0,0,0,0,0,0,0,0,0,0,0,0,0,0,0,0,0,0,0,0,0,0,0,0,0,0,0,0,0,0,0,0,0,0,0,0,0,0,0,0,0,0,0,0,0,0,0,0,0,0,0,0,0,0,0,0,0,0,0,0,0,0,0,0,0,0,0,0,0,0,0,0,0,0,0,0,0,0,0,0,0,0,0,0,0,0,0,0,0,0,0,0,0,0,0,0,0,0,0,0,0,0,0,0,0,0,0,0,0,0,0,0,0,0,0,0,0,0,0,0,0,0,0,0,0,0,0,0,0,0,0,0,0,0,0,0,0,0,0,0,0,0,0,0,0,0,0,0,0,0,0
363,0,0,0,0,0,0,0,0,0,0,0,0,0,0,0,0,0,0,0,0,0,0,0,0,0,0,0,0,0,0,0,0,0,0,0,0,0,0,0,0,0,0,0,0,0,0,0,0,0,0,0,0,0,0,0,0,0,0,0,0,0,0,0,0,0,0,0,0,0,0,0,0,0,0,0,0,0,0,0,0,0,0,0,0,0,0,0,0,0,0,0,0,0,0,0,0,0,0,0,0,0,0,0,0,0,0,0,0,0,0,0,0,0,0,0,0,0,0,0,0,0,0,0,0,0,0,0,0,0,0,0,0,0,0,0,0,0,0,0,0,0,0,0,0,0,0,0,0,0,0,0,0,0,0,0,0,0,0,0,0,0,0,0,0,0,0,0,0,0,0,0,0,0,0,0,0,0,0,0,0,0,0,0,0,0,0,0,0,0,0,0,0,0,0,0,0,0,0,0,0
364,0,0,0,0,0,0,0,0,0,0,0,0,0,0,0,0,0,0,0,0,0,0,0,0,0,0,0,0,0,0,0,0,0,0,0,0,0,0,0,0,0,0,0,0,0,0,0,0,0,0,0,0,0,0,0,0,0,0,0,0,0,0,0,0,0,0,0,0,0,0,0,0,0,0,0,0,0,0,0,0,0,0,0,0,0,0,0,0,0,0,0,0,0,0,0,0,0,0,0,0,0,0,0,0,0,0,0,0,0,0,0,0,0,0,0,0,0,0,0,0,0,0,0,0,0,0,0,0,0,0,0,0,0,0,0,0,0,0,0,0,0,0,0,0,0,0,0,0,0,0,0,0,0,0,0,0,0,0,0,0,0,0,0,0,0,0,0,0,0,0,0,0,0,0,0,0,0,0,0,0,0,0,0,0,0,0,0,0,0,0,0,0,0,0,0,0,0,0,0,0
365,0,0,0,0,0,0,0,0,0,0,0,0,0,0,0,0,0,0,0,0,0,0,0,0,0,0,0,0,0,0,0,0,0,0,0,0,0,0,0,0,0,0,0,0,0,0,0,0,0,0,0,0,0,0,0,0,0,0,0,0,0,0,0,0,0,0,0,0,0,0,0,0,0,0,0,0,0,0,0,0,0,0,0,0,0,0,0,0,0,0,0,0,0,0,0,0,0,0,0,0,0,0,0,0,0,0,0,0,0,0,0,0,0,0,0,0,0,0,0,0,0,0,0,0,0,0,0,0,0,0,0,0,0,0,0,0,0,0,0,0,0,0,0,0,0,0,0,0,0,0,0,0,0,0,0,0,0,0,0,0,0,0,0,0,0,0,0,0,0,0,0,0,0,0,0,0,0,0,0,0,0,0,0,0,0,0,0,0,0,0,0,0,0,0,0,0,0,0,0,0
366,0,0,0,0,0,0,0,0,0,0,0,0,0,0,0,0,0,0,0,0,0,0,0,0,0,0,0,0,0,0,0,0,0,0,0,0,0,0,0,0,0,0,0,0,0,0,0,0,0,0,0,0,0,0,0,0,0,0,0,0,0,0,0,0,0,0,0,0,0,0,0,0,0,0,0,0,0,0,0,0,0,0,0,0,0,0,0,0,0,0,0,0,0,0,0,0,0,0,0,0,0,0,0,0,0,0,0,0,0,0,0,0,0,0,0,0,0,0,0,0,0,0,0,0,0,0,0,0,0,0,0,0,0,0,0,0,0,0,0,0,0,0,0,0,0,0,0,0,0,0,0,0,0,0,0,0,0,0,0,0,0,0,0,0,0,0,0,0,0,0,0,0,0,0,0,0,0,0,0,0,0,0,0,0,0,0,0,0,0,0,0,0,0,0,0,0,0,0,0,0
367,0,0,0,0,0,0,0,0,0,0,0,0,0,0,0,0,0,0,0,0,0,0,0,0,0,0,0,0,0,0,0,0,0,0,0,0,0,0,0,0,0,0,0,0,0,0,0,0,0,0,0,0,0,0,0,0,0,0,0,0,0,0,0,0,0,0,0,0,0,0,0,0,0,0,0,0,0,0,0,0,0,0,0,0,0,0,0,0,0,0,0,0,0,0,0,0,0,0,0,0,0,0,0,0,0,0,0,0,0,0,0,0,0,0,0,0,0,0,0,0,0,0,0,0,0,0,0,0,0,0,0,0,0,0,0,0,0,0,0,0,0,0,0,0,0,0,0,0,0,0,0,0,0,0,0,0,0,0,0,0,0,0,0,0,0,0,0,0,0,0,0,0,0,0,0,0,0,0,0,0,0,0,0,0,0,0,0,0,0,0,0,0,0,0,0,0,0,0,0,0
368,0,0,0,0,0,0,0,0,0,0,0,0,0,0,0,0,0,0,0,0,0,0,0,0,0,0,0,0,0,0,0,0,0,0,0,0,0,0,0,0,0,0,0,0,0,0,0,0,0,0,0,0,0,0,0,0,0,0,0,0,0,0,0,0,0,0,0,0,0,0,0,0,0,0,0,0,0,0,0,0,0,0,0,0,0,0,0,0,0,0,0,0,0,0,0,0,0,0,0,0,0,0,0,0,0,0,0,0,0,0,0,0,0,0,0,0,0,0,0,0,0,0,0,0,0,0,0,0,0,0,0,0,0,0,0,0,0,0,0,0,0,0,0,0,0,0,0,0,0,0,0,0,0,0,0,0,0,0,0,0,0,0,0,0,0,0,0,0,0,0,0,0,0,0,0,0,0,0,0,0,0,0,0,0,0,0,0,0,0,0,0,0,0,0,0,0,0,0,0,0
369,0,0,0,0,0,0,0,0,0,0,0,0,0,0,0,0,0,0,0,0,0,0,0,0,0,0,0,0,0,0,0,0,0,0,0,0,0,0,0,0,0,0,0,0,0,0,0,0,0,0,0,0,0,0,0,0,0,0,0,0,0,0,0,0,0,0,0,0,0,0,0,0,0,0,0,0,0,0,0,0,0,0,0,0,0,0,0,0,0,0,0,0,0,0,0,0,0,0,0,0,0,0,0,0,0,0,0,0,0,0,0,0,0,0,0,0,0,0,0,0,0,0,0,0,0,0,0,0,0,0,0,0,0,0,0,0,0,0,0,0,0,0,0,0,0,0,0,0,0,0,0,0,0,0,0,0,0,0,0,0,0,0,0,0,0,0,0,0,0,0,0,0,0,0,0,0,0,0,0,0,0,0,0,0,0,0,0,0,0,0,0,0,0,0,0,0,0,0,0,0
370,0,0,0,0,0,0,0,0,0,0,0,0,0,0,0,0,0,0,0,0,0,0,0,0,0,0,0,0,0,0,0,0,0,0,0,0,0,0,0,0,0,0,0,0,0,0,0,0,0,0,0,0,0,0,0,0,0,0,0,0,0,0,0,0,0,0,0,0,0,0,0,0,0,0,0,0,0,0,0,0,0,0,0,0,0,0,0,0,0,0,0,0,0,0,0,0,0,0,0,0,0,0,0,0,0,0,0,0,0,0,0,0,0,0,0,0,0,0,0,0,0,0,0,0,0,0,0,0,0,0,0,0,0,0,0,0,0,0,0,0,0,0,0,0,0,0,0,0,0,0,0,0,0,0,0,0,0,0,0,0,0,0,0,0,0,0,0,0,0,0,0,0,0,0,0,0,0,0,0,0,0,0,0,0,0,0,0,0,0,0,0,0,0,0,0,0,0,0,0,0
371,54894.1061579211,78223.2711085290,74236.0594689383,78625.6759975650,21085.2694100449,80092.2096090846,77431.3014523359,29889.1084639131,77738.7836810935,38544.7015162341,40442.6660263563,57027.1235372928,23203.0707758606,48422.7928376538,60029.6529792764,65117.6370783867,53179.2751808350,10494.9579963508,53070.5427090448,58107.5003115881,55368.8777675938,30519.1147700652,27371.3852863363,32840.2669277676,46519.5427894494,68234.1161194845,16910.9387992499,40562.0372502098,19663.9927834892,71591.2224571452,45809.4958154460,65759.8026914285,41332.0277638123,54286.3570019062,33549.1789548587,61534.9179182486,45553.4845038163,41476.6904870093,19753.5095845926,52828.7011475511,68857.6669568002,67308.7184169318,11446.4085629281,33954.0678513960,18948.6975752576,65101.9964986590,54350.3853446323,66836.1136218944,40280.4584083283,30244.5735280621,53997.9890378602,66761.0374244292,9185.8069188179,66067.4339090843,55145.7816332499,29861.8813332026,22375.8078289484,10915.4450394556,22392.5362486998,24817.6295188860,44946.4302578055,49457.4714661992,29483.6802660461,56076.4599590746,31034.4723882824,38493.7672140763,45053.5887244638,70253.8355442196,68224.2686120596,62286.3457626584,47666.1571030966,55966.6106943400,31151.2365413460,40593.2664734605,44431.7095411881,13229.2467907906,69257.0244082285,60422.7177639780,17656.5788956912,45208.8268608182,44217.7229700985,76843.2877209631,18847.5104386544,30580.3789103630,15414.4981402431,61580.6509829200,60307.7557688529,61691.9404084225,22490.5175230013,54048.6582503951,54229.5853312473,65605.4762570913,75099.0011538044,36699.5614148319,1189.1355671740,60692.5943444669,48887.7594058357,63496.3317715843,61713.5413545431,24286.1299897121,11796.6049213315,47704.7430139332,72871.2427982705,26272.4879486188,43967.5291421585,33853.9235121891,38171.2879903818,49114.8039820577,37590.1597734347,46795.2379468413,52414.6822683739,36935.0983526957,69013.9146211608,26197.8122296019,57760.9692361108,41551.4635317524,18152.7217229314,34430.0493497384,23561.8826331453,45806.1750340385,7464.3341623770,40877.2835592170,47380.5464333917,36880.2803378512,51053.4727925829,31587.2413041731,52247.8238951200,48633.3798093205,51706.1118865428,61219.0894629406,15267.5408129372,58295.4603169642,33589.5006742148,16348.5899028663,61824.8073846467,25167.1342358356,29792.1937122869,23704.2973962992,66800.0082170508,10404.6228553146,29510.3883365963,52764.0882180307,40914.7334709494,58555.0284317376,21715.0322699112,14243.5650779847,65763.8022169909,46325.1530484235,48206.6411312704,59404.0644002988,50249.7907841125,54067.8809953912,23691.2452413124,64021.2194164044,67839.0439218473,54700.3090127001,36042.2497244268,16832.0265270933,44466.0309373634,21823.9155845884,2161.0313237370,61128.6971553789,51154.5479144975,13967.9699522558,78750.2356019155,18854.7236440798,7952.9294598624,36450.5700944605,24842.3884254183,74387.3485162215,31206.5982099437,25960.8323022980,42149.8628938423,62281.3025069793,28136.5600578747,69828.9414261812,20340.9875754903,57795.2480773217,34910.0108332086,43123.8772827215,41883.3075624621,33749.2702940182,63065.3739140964,35058.4495889199,26772.8282870149,71989.5835133136,29110.6551488230,48910.5623732491,47990.2681984465,53981.2733863135,35448.2445402087,48066.9321871557,26982.5854387046,32814.6310566905,80976.2799413816,36400.8157070016,34302.0086974512,50026.6242896246,40805.6483747271,34594.2282135530
372,0,0,0,0,0,0,0,0,0,0,0,0,0,0,0,0,0,0,0,0,0,0,0,0,0,0,0,0,0,0,0,0,0,0,0,0,0,0,0,0,0,0,0,0,0,0,0,0,0,0,0,0,0,0,0,0,0,0,0,0,0,0,0,0,0,0,0,0,0,0,0,0,0,0,0,0,0,0,0,0,0,0,0,0,0,0,0,0,0,0,0,0,0,0,0,0,0,0,0,0,0,0,0,0,0,0,0,0,0,0,0,0,0,0,0,0,0,0,0,0,0,0,0,0,0,0,0,0,0,0,0,0,0,0,0,0,0,0,0,0,0,0,0,0,0,0,0,0,0,0,0,0,0,0,0,0,0,0,0,0,0,0,0,0,0,0,0,0,0,0,0,0,0,0,0,0,0,0,0,0,0,0,0,0,0,0,0,0,0,0,0,0,0,0,0,0,0,0,0,0
373,0,0,0,0,0,0,0,0,0,0,0,0,0,0,0,0,0,0,0,0,0,0,0,0,0,0,0,0,0,0,0,0,0,0,0,0,0,0,0,0,0,0,0,0,0,0,0,0,0,0,0,0,0,0,0,0,0,0,0,0,0,0,0,0,0,0,0,0,0,0,0,0,0,0,0,0,0,0,0,0,0,0,0,0,0,0,0,0,0,0,0,0,0,0,0,0,0,0,0,0,0,0,0,0,0,0,0,0,0,0,0,0,0,0,0,0,0,0,0,0,0,0,0,0,0,0,0,0,0,0,0,0,0,0,0,0,0,0,0,0,0,0,0,0,0,0,0,0,0,0,0,0,0,0,0,0,0,0,0,0,0,0,0,0,0,0,0,0,0,0,0,0,0,0,0,0,0,0,0,0,0,0,0,0,0,0,0,0,0,0,0,0,0,0,0,0,0,0,0,0
374,56194.4715115854,108794.4751262151,118148.6504835691,65399.2651483326,39989.0492714964,107150.9989332939,121571.6113417250,69684.2408247634,46869.6340830927,80294.2130597369,9624.3514847811,76960.1830687022,40270.8172687154,94279.0068971070,98174.3735619232,104476.4940959005,33733.2928453570,51513.8294244953,86163.2260129240,87488.9170091848,99927.8361478028,63092.9393299728,73300.1910270057,19363.7620535546,89640.3268213612,52985.7279400345,29070.1843303816,40104.7297410628,62635.8766376041,105004.4158471655,81886.6400417177,92847.3433304177,54400.9021037695,21152.5191649079,24733.7834532726,104024.1259997885,7136.1880804388,86908.3180943417,53167.3779563923,94553.3509245423,111345.4586632121,33375.7216051939,48469.3444858991,78418.0156737640,63419.1609922964,99274.4902214842,45621.0126876215,42609.5572004578,75830.0634697275,15685.5125155136,91897.2573689914,111636.2626972400,39989.6944417970,90372.3653866256,99606.5469284808,74323.9379843468,28985.3832922046,37721.5066261697,29336.5923020992,52251.3100208245,24005.4605817397,89272.5810516246,69069.2007693693,64622.4816166405,49162.8614235219,80086.7608926315,88756.7418294696,107590.1021318327,97221.4129952006,55495.2112320782,78614.2438330415,81714.4637842453,34401.7862261705,86080.3880498467,33129.3912037533,54361.3969194863,99666.5845761118,44076.6832470669,63377.7263377765,49099.1458159246,83045.2216797427,100810.1333032377,56443.7130157143,18866.8045194346,44366.0438099682,33568.0556322486,103570.7105530374,94142.2454169131,60996.2124252221,95795.1198310147,89547.5458391626,105363.7894150394,105415.4229188533,11187.3049227897,43970.5857129123,91271.7888813723,97.4746173278,98903.1146091990,103194.9623063795,22584.9167599255,55190.8852015190,93547.7110337301,106078.5460080353,69383.0881257692,16292.7152823416,79578.8071332709,75464.8170367354,57604.2738747718,81782.9774074313,91442.4891297217,26895.0020626672,44861.3882518052,39352.2652973300,71538.5718505643,92831.9452851084,5468.7384612812,46892.0226308891,80311.6218943569,23395.6705957960,87414.6655209987,47666.7088674241,86787.7680515156,40189.0023922957,75801.2950884352,81131.9705921170,73902.6551006889,95658.4571828659,84836.2918981538,49274.2860344348,105079.1279294526,33554.6490982712,98104.3271959724,69209.8304163680,31004.0136101158,49854.8009030726,62384.7422728687,41065.1080282316,68892.9742008059,47514.5040683938,35538.1055494677,25842.2626453080,96124.8272254397,84944.8595510912,98724.1941122427,46412.7525666547,41137.8263746604,109522.9979045073,80065.1399161872,93579.2664654847,37718.8890489159,90233.6865106967,91807.0362222888,33908.1057316595,91433.2740242448,99600.1735820837,86850.5623131037,10261.6020282794,34961.5341362010,85744.5799834817,67705.8010035566,50171.4024965155,105854.3909899548,38082.1504367135,49754.9480013866,66375.4542032808,60831.2688242426,43519.7823790870,32454.9180241783,33096.0429454721,101820.3939249604,16473.1853474182,68540.4881957958,74418.8798357276,103482.8712974495,24158.9941634474,105475.6175167782,52630.1899063433,54516.9801904156,38616.7392040125,88969.5129286573,27974.4901398523,74800.7072465395,93093.2463927532,19455.5123917308,23454.0457149409,97344.7803671661,74621.8733241173,18953.2655763519,28944.8797706678,59399.3245191980,13748.0525127822,85899.5892848010,44776.3497898281,78206.2392047618,105854.6335436204,50677.8008582882,79336.0859201296,83636.1603766679,80564.3956365574,77474.9603299732
375,0,0,0,0,0,0,0,0,0,0,0,0,0,0,0,0,0,0,0,0,0,0,0,0,0,0,0,0,0,0,0,0,0,0,0,0,0,0,0,0,0,0,0,0,0,0,0,0,0,0,0,0,0,0,0,0,0,0,0,0,0,0,0,0,0,0,0,0,0,0,0,0,0,0,0,0,0,0,0,0,0,0,0,0,0,0,0,0,0,0,0,0,0,0,0,0,0,0,0,0,0,0,0,0,0,0,0,0,0,0,0,0,0,0,0,0,0,0,0,0,0,0,0,0,0,0,0,0,0,0,0,0,0,0,0,0,0,0,0,0,0,0,0,0,0,0,0,0,0,0,0,0,0,0,0,0,0,0,0,0,0,0,0,0,0,0,0,0,0,0,0,0,0,0,0,0,0,0,0,0,0,0,0,0,0,0,0,0,0,0,0,0,0,0,0,0,0,0,0,0
376,0,0,0,0,0,0,0,0,0,0,0,0,0,0,0,0,0,0,0,0,0,0,0,0,0,0,0,0,0,0,0,0,0,0,0,0,0,0,0,0,0,0,0,0,0,0,0,0,0,0,0,0,0,0,0,0,0,0,0,0,0,0,0,0,0,0,0,0,0,0,0,0,0,0,0,0,0,0,0,0,0,0,0,0,0,0,0,0,0,0,0,0,0,0,0,0,0,0,0,0,0,0,0,0,0,0,0,0,0,0,0,0,0,0,0,0,0,0,0,0,0,0,0,0,0,0,0,0,0,0,0,0,0,0,0,0,0,0,0,0,0,0,0,0,0,0,0,0,0,0,0,0,0,0,0,0,0,0,0,0,0,0,0,0,0,0,0,0,0,0,0,0,0,0,0,0,0,0,0,0,0,0,0,0,0,0,0,0,0,0,0,0,0,0,0,0,0,0,0,0
377,0,0,0,0,0,0,0,0,0,0,0,0,0,0,0,0,0,0,0,0,0,0,0,0,0,0,0,0,0,0,0,0,0,0,0,0,0,0,0,0,0,0,0,0,0,0,0,0,0,0,0,0,0,0,0,0,0,0,0,0,0,0,0,0,0,0,0,0,0,0,0,0,0,0,0,0,0,0,0,0,0,0,0,0,0,0,0,0,0,0,0,0,0,0,0,0,0,0,0,0,0,0,0,0,0,0,0,0,0,0,0,0,0,0,0,0,0,0,0,0,0,0,0,0,0,0,0,0,0,0,0,0,0,0,0,0,0,0,0,0,0,0,0,0,0,0,0,0,0,0,0,0,0,0,0,0,0,0,0,0,0,0,0,0,0,0,0,0,0,0,0,0,0,0,0,0,0,0,0,0,0,0,0,0,0,0,0,0,0,0,0,0,0,0,0,0,0,0,0,0
378,0,0,0,0,0,0,0,0,0,0,0,0,0,0,0,0,0,0,0,0,0,0,0,0,0,0,0,0,0,0,0,0,0,0,0,0,0,0,0,0,0,0,0,0,0,0,0,0,0,0,0,0,0,0,0,0,0,0,0,0,0,0,0,0,0,0,0,0,0,0,0,0,0,0,0,0,0,0,0,0,0,0,0,0,0,0,0,0,0,0,0,0,0,0,0,0,0,0,0,0,0,0,0,0,0,0,0,0,0,0,0,0,0,0,0,0,0,0,0,0,0,0,0,0,0,0,0,0,0,0,0,0,0,0,0,0,0,0,0,0,0,0,0,0,0,0,0,0,0,0,0,0,0,0,0,0,0,0,0,0,0,0,0,0,0,0,0,0,0,0,0,0,0,0,0,0,0,0,0,0,0,0,0,0,0,0,0,0,0,0,0,0,0,0,0,0,0,0,0,0
379,0,0,0,0,0,0,0,0,0,0,0,0,0,0,0,0,0,0,0,0,0,0,0,0,0,0,0,0,0,0,0,0,0,0,0,0,0,0,0,0,0,0,0,0,0,0,0,0,0,0,0,0,0,0,0,0,0,0,0,0,0,0,0,0,0,0,0,0,0,0,0,0,0,0,0,0,0,0,0,0,0,0,0,0,0,0,0,0,0,0,0,0,0,0,0,0,0,0,0,0,0,0,0,0,0,0,0,0,0,0,0,0,0,0,0,0,0,0,0,0,0,0,0,0,0,0,0,0,0,0,0,0,0,0,0,0,0,0,0,0,0,0,0,0,0,0,0,0,0,0,0,0,0,0,0,0,0,0,0,0,0,0,0,0,0,0,0,0,0,0,0,0,0,0,0,0,0,0,0,0,0,0,0,0,0,0,0,0,0,0,0,0,0,0,0,0,0,0,0,0
380,0,0,0,0,0,0,0,0,0,0,0,0,0,0,0,0,0,0,0,0,0,0,0,0,0,0,0,0,0,0,0,0,0,0,0,0,0,0,0,0,0,0,0,0,0,0,0,0,0,0,0,0,0,0,0,0,0,0,0,0,0,0,0,0,0,0,0,0,0,0,0,0,0,0,0,0,0,0,0,0,0,0,0,0,0,0,0,0,0,0,0,0,0,0,0,0,0,0,0,0,0,0,0,0,0,0,0,0,0,0,0,0,0,0,0,0,0,0,0,0,0,0,0,0,0,0,0,0,0,0,0,0,0,0,0,0,0,0,0,0,0,0,0,0,0,0,0,0,0,0,0,0,0,0,0,0,0,0,0,0,0,0,0,0,0,0,0,0,0,0,0,0,0,0,0,0,0,0,0,0,0,0,0,0,0,0,0,0,0,0,0,0,0,0,0,0,0,0,0,0
381,0,0,0,0,0,0,0,0,0,0,0,0,0,0,0,0,0,0,0,0,0,0,0,0,0,0,0,0,0,0,0,0,0,0,0,0,0,0,0,0,0,0,0,0,0,0,0,0,0,0,0,0,0,0,0,0,0,0,0,0,0,0,0,0,0,0,0,0,0,0,0,0,0,0,0,0,0,0,0,0,0,0,0,0,0,0,0,0,0,0,0,0,0,0,0,0,0,0,0,0,0,0,0,0,0,0,0,0,0,0,0,0,0,0,0,0,0,0,0,0,0,0,0,0,0,0,0,0,0,0,0,0,0,0,0,0,0,0,0,0,0,0,0,0,0,0,0,0,0,0,0,0,0,0,0,0,0,0,0,0,0,0,0,0,0,0,0,0,0,0,0,0,0,0,0,0,0,0,0,0,0,0,0,0,0,0,0,0,0,0,0,0,0,0,0,0,0,0,0,0
382,0,0,0,0,0,0,0,0,0,0,0,0,0,0,0,0,0,0,0,0,0,0,0,0,0,0,0,0,0,0,0,0,0,0,0,0,0,0,0,0,0,0,0,0,0,0,0,0,0,0,0,0,0,0,0,0,0,0,0,0,0,0,0,0,0,0,0,0,0,0,0,0,0,0,0,0,0,0,0,0,0,0,0,0,0,0,0,0,0,0,0,0,0,0,0,0,0,0,0,0,0,0,0,0,0,0,0,0,0,0,0,0,0,0,0,0,0,0,0,0,0,0,0,0,0,0,0,0,0,0,0,0,0,0,0,0,0,0,0,0,0,0,0,0,0,0,0,0,0,0,0,0,0,0,0,0,0,0,0,0,0,0,0,0,0,0,0,0,0,0,0,0,0,0,0,0,0,0,0,0,0,0,0,0,0,0,0,0,0,0,0,0,0,0,0,0,0,0,0,0
383,0,0,0,0,0,0,0,0,0,0,0,0,0,0,0,0,0,0,0,0,0,0,0,0,0,0,0,0,0,0,0,0,0,0,0,0,0,0,0,0,0,0,0,0,0,0,0,0,0,0,0,0,0,0,0,0,0,0,0,0,0,0,0,0,0,0,0,0,0,0,0,0,0,0,0,0,0,0,0,0,0,0,0,0,0,0,0,0,0,0,0,0,0,0,0,0,0,0,0,0,0,0,0,0,0,0,0,0,0,0,0,0,0,0,0,0,0,0,0,0,0,0,0,0,0,0,0,0,0,0,0,0,0,0,0,0,0,0,0,0,0,0,0,0,0,0,0,0,0,0,0,0,0,0,0,0,0,0,0,0,0,0,0,0,0,0,0,0,0,0,0,0,0,0,0,0,0,0,0,0,0,0,0,0,0,0,0,0,0,0,0,0,0,0,0,0,0,0,0,0
384,0,0,0,0,0,0,0,0,0,0,0,0,0,0,0,0,0,0,0,0,0,0,0,0,0,0,0,0,0,0,0,0,0,0,0,0,0,0,0,0,0,0,0,0,0,0,0,0,0,0,0,0,0,0,0,0,0,0,0,0,0,0,0,0,0,0,0,0,0,0,0,0,0,0,0,0,0,0,0,0,0,0,0,0,0,0,0,0,0,0,0,0,0,0,0,0,0,0,0,0,0,0,0,0,0,0,0,0,0,0,0,0,0,0,0,0,0,0,0,0,0,0,0,0,0,0,0,0,0,0,0,0,0,0,0,0,0,0,0,0,0,0,0,0,0,0,0,0,0,0,0,0,0,0,0,0,0,0,0,0,0,0,0,0,0,0,0,0,0,0,0,0,0,0,0,0,0,0,0,0,0,0,0,0,0,0,0,0,0,0,0,0,0,0,0,0,0,0,0,0
385,0,0,0,0,0,0,0,0,0,0,0,0,0,0,0,0,0,0,0,0,0,0,0,0,0,0,0,0,0,0,0,0,0,0,0,0,0,0,0,0,0,0,0,0,0,0,0,0,0,0,0,0,0,0,0,0,0,0,0,0,0,0,0,0,0,0,0,0,0,0,0,0,0,0,0,0,0,0,0,0,0,0,0,0,0,0,0,0,0,0,0,0,0,0,0,0,0,0,0,0,0,0,0,0,0,0,0,0,0,0,0,0,0,0,0,0,0,0,0,0,0,0,0,0,0,0,0,0,0,0,0,0,0,0,0,0,0,0,0,0,0,0,0,0,0,0,0,0,0,0,0,0,0,0,0,0,0,0,0,0,0,0,0,0,0,0,0,0,0,0,0,0,0,0,0,0,0,0,0,0,0,0,0,0,0,0,0,0,0,0,0,0,0,0,0,0,0,0,0,0
386,43756.6468885722,92648.0507822809,86670.6545656591,63673.9395234587,26033.6704452770,81397.7995774919,94289.7087004105,38440.1256085196,61046.1619611150,55238.9770053633,24470.7243346577,67411.5556774094,13744.1307656769,63655.3192741628,67728.7350548119,81574.2131791460,36960.2884316646,21562.7333746810,67770.1260382059,60143.0959569263,72202.5086728725,44111.6867106020,43313.3863991610,24481.3502362704,58169.3624735857,53475.5744215311,7974.7376702274,27158.6387292536,36359.8707650406,76343.0852398538,51800.2788817915,78893.9531253019,33567.8087908684,37403.9392771867,16845.3221155136,72635.4417290594,32788.0477563036,58079.0100407820,22458.0586087744,69605.4156957479,85746.0796695314,50402.3087474371,24855.1746741582,47057.6588367018,32229.8316921033,80337.2521625179,40214.9976218569,50578.5541813549,55392.6456804615,16561.9798844697,70040.0244176835,83495.2805494679,8845.9359613802,65557.2096355555,68173.7755765698,46766.9133731314,19019.9391587362,15191.8964771483,4316.3223360684,35526.9119584318,28150.1969926364,58285.8916705477,45512.2066529675,47742.3566363440,24381.3829252705,48708.6155906721,61966.3454146069,77505.3933528022,70320.4099728121,49213.6592585843,50288.7232061069,68357.8895343878,16969.1391728556,55061.9145098160,28780.7571777364,22910.9844605823,83490.8790264384,45078.9667017902,34276.6654365845,34010.5088139011,60350.0951582217,76475.3420799395,33600.1151740657,14073.0340803479,13524.5059429512,44848.0337483481,77219.6010855105,65664.5804147819,29753.1597537436,64482.2641159507,59882.3097575867,74533.2233682337,78090.3545108642,24601.0161812442,15942.4679753357,74802.2285933116,34195.8873972158,69376.1217612093,78492.4894609510,14644.1169610653,28392.0172199168,63832.6836130124,87952.7879540546,37918.2616102418,27141.4037966898,50272.4156136328,44870.5996215867,40169.7570475496,54497.4322224721,60061.0866232449,35619.2604383056,26116.5428926830,52297.2287656519,40570.1932153848,73126.7966772746,27210.6364603939,28198.7846458733,49871.6144445768,8102.9001156340,62530.2155929922,16455.9644152469,56840.8014889118,32968.1409636436,52903.1803178326,64735.6342453236,48316.0070402941,69159.4246657906,64147.1938380879,39071.9792581857,73601.3653843411,2291.8777407319,74791.2840744006,48482.7756644631,12685.2151607512,47443.1275863775,40218.6102818866,18955.3048705121,40529.6323726042,51239.6930879828,8351.5828669579,24687.0544424818,64651.1685472581,53495.6512468972,67741.1475753333,17576.4435442331,21533.9262175652,82665.8136968764,61047.0917840138,64806.8101420811,43200.4655477345,66715.1599421149,61398.5764870589,24202.1218336513,65117.0596960438,71526.8009553851,58310.8126026679,21216.9447933724,18399.8276520963,54446.7074999219,37447.7687154572,22516.5116817114,77915.2840313402,35807.4715786116,18385.1800095223,63199.4817137290,29358.3504087312,19044.4081026730,21235.8081525974,10441.9541328264,75768.2173817981,20279.3546062364,42673.9826810931,45407.5136095174,72305.1057235169,11230.0626700232,75957.5332878440,32760.9421173916,45417.9255125974,21901.1689922506,58357.0835929807,25533.5820402301,43446.9708310906,65621.4516138844,18167.4632778250,19785.4824966668,72206.6985195645,45754.0345524687,32022.6384204586,31513.8553076761,44254.6919201454,19302.3785607365,55371.6622507793,19225.8661751375,47189.8276997900,81169.7660413991,28541.2002455150,51105.2900271692,54442.0084566525,49487.7102386829,45998.1643353787
387,0,0,0,0,0,0,0,0,0,0,0,0,0,0,0,0,0,0,0,0,0,0,0,0,0,0,0,0,0,0,0,0,0,0,0,0,0,0,0,0,0,0,0,0,0,0,0,0,0,0,0,0,0,0,0,0,0,0,0,0,0,0,0,0,0,0,0,0,0,0,0,0,0,0,0,0,0,0,0,0,0,0,0,0,0,0,0,0,0,0,0,0,0,0,0,0,0,0,0,0,0,0,0,0,0,0,0,0,0,0,0,0,0,0,0,0,0,0,0,0,0,0,0,0,0,0,0,0,0,0,0,0,0,0,0,0,0,0,0,0,0,0,0,0,0,0,0,0,0,0,0,0,0,0,0,0,0,0,0,0,0,0,0,0,0,0,0,0,0,0,0,0,0,0,0,0,0,0,0,0,0,0,0,0,0,0,0,0,0,0,0,0,0,0,0,0,0,0,0,0
388,0,0,0,0,0,0,0,0,0,0,0,0,0,0,0,0,0,0,0,0,0,0,0,0,0,0,0,0,0,0,0,0,0,0,0,0,0,0,0,0,0,0,0,0,0,0,0,0,0,0,0,0,0,0,0,0,0,0,0,0,0,0,0,0,0,0,0,0,0,0,0,0,0,0,0,0,0,0,0,0,0,0,0,0,0,0,0,0,0,0,0,0,0,0,0,0,0,0,0,0,0,0,0,0,0,0,0,0,0,0,0,0,0,0,0,0,0,0,0,0,0,0,0,0,0,0,0,0,0,0,0,0,0,0,0,0,0,0,0,0,0,0,0,0,0,0,0,0,0,0,0,0,0,0,0,0,0,0,0,0,0,0,0,0,0,0,0,0,0,0,0,0,0,0,0,0,0,0,0,0,0,0,0,0,0,0,0,0,0,0,0,0,0,0,0,0,0,0,0,0
389,0,0,0,0,0,0,0,0,0,0,0,0,0,0,0,0,0,0,0,0,0,0,0,0,0,0,0,0,0,0,0,0,0,0,0,0,0,0,0,0,0,0,0,0,0,0,0,0,0,0,0,0,0,0,0,0,0,0,0,0,0,0,0,0,0,0,0,0,0,0,0,0,0,0,0,0,0,0,0,0,0,0,0,0,0,0,0,0,0,0,0,0,0,0,0,0,0,0,0,0,0,0,0,0,0,0,0,0,0,0,0,0,0,0,0,0,0,0,0,0,0,0,0,0,0,0,0,0,0,0,0,0,0,0,0,0,0,0,0,0,0,0,0,0,0,0,0,0,0,0,0,0,0,0,0,0,0,0,0,0,0,0,0,0,0,0,0,0,0,0,0,0,0,0,0,0,0,0,0,0,0,0,0,0,0,0,0,0,0,0,0,0,0,0,0,0,0,0,0,0
390,0,0,0,0,0,0,0,0,0,0,0,0,0,0,0,0,0,0,0,0,0,0,0,0,0,0,0,0,0,0,0,0,0,0,0,0,0,0,0,0,0,0,0,0,0,0,0,0,0,0,0,0,0,0,0,0,0,0,0,0,0,0,0,0,0,0,0,0,0,0,0,0,0,0,0,0,0,0,0,0,0,0,0,0,0,0,0,0,0,0,0,0,0,0,0,0,0,0,0,0,0,0,0,0,0,0,0,0,0,0,0,0,0,0,0,0,0,0,0,0,0,0,0,0,0,0,0,0,0,0,0,0,0,0,0,0,0,0,0,0,0,0,0,0,0,0,0,0,0,0,0,0,0,0,0,0,0,0,0,0,0,0,0,0,0,0,0,0,0,0,0,0,0,0,0,0,0,0,0,0,0,0,0,0,0,0,0,0,0,0,0,0,0,0,0,0,0,0,0,0
391,0,0,0,0,0,0,0,0,0,0,0,0,0,0,0,0,0,0,0,0,0,0,0,0,0,0,0,0,0,0,0,0,0,0,0,0,0,0,0,0,0,0,0,0,0,0,0,0,0,0.0000000000,0,0,0,0,0,0,0,0,0,0,0,0,0,0,0,0,0,0,0,0,0,0,0,0,0,0,0,0,0,0,0,0,0,0,0,0,0,0,0,0,0,0,0,0,0,0,0,0,0,0,0,0,0,0,0,0,0,0,0,0,0,0,0,0,0,0,0,0,0,0,0,0,0,0,0,0,0,0,0,0,0,0,0,0,0,0,0,0,0,0,0,0,0,0,0,0,0,0,0,0,0,0,0,0,0,0,0,0,0,0,0,0,0,0,0,0,0,0,0,0,0,0,0,0,0,0,0,0,0,0,0,0,0,0,0,0,0,0,0,0,0,0,0,0,0,0,0,0,0,0
392,0,0,0,0,0,0,0,0,0,0,0,0,0,0,0,0,0,0,0,0,0,0,0,0,0,0,0,0,0,0,0,0,0,0,0,0,0,0,0,0,0,0,0,0,0,0,0,0,0,0,0,0,0,0,0,0,0,0,0,0,0,0,0,0,0,0,0,0,0,0,0,0,0,0,0,0,0,0,0,0,0,0,0,0,0,0,0,0,0,0,0,0,0,0,0,0,0,0,0,0,0,0,0,0,0,0,0,0,0,0,0,0,0,0,0,0,0,0,0,0,0,0,0,0,0,0,0,0,0,0,0,0,0,0,0,0,0,0,0,0,0,0,0,0,0,0,0,0,0,0,0,0,0,0,0,0,0,0,0,0,0,0,0,0,0,0,0,0,0,0,0,0,0,0,0,0,0,0,0,0,0,0,0,0,0,0,0,0,0,0,0,0,0,0,0,0,0,0,0,0
393,36299.3328315404,97175.1016319184,79876.3561599763,70271.7492513594,34412.2615763083,71175.1965805946,93156.1336264173,30827.7501242350,60984.7112600395,56607.1053492183,30935.9527420192,74542.2331730972,3223.2776758118,59612.4822737052,58895.2963363597,83381.7652020480,35786.0774963718,21213.2064558750,72027.7555211650,50051.2602424764,71116.7537934108,49202.2123253255,40842.7368962771,34676.6284508219,51371.7325820477,49473.6083130426,16489.0565441773,21653.5687723985,38031.1328505693,66604.2988009598,42669.9888137665,84456.8580240240,24206.1094868854,40376.8462055065,18553.8166265538,65231.8941177819,41636.0346887931,56381.1558835507,14037.3575340517,70543.9425614078,85907.6439455419,52042.9650466537,29668.0585912458,41620.9023802678,28006.8309799924,84029.5630260110,35483.7375816542,49263.7619516222,59239.0910522542,25727.5702396980,72675.5902329483,81847.5604725120,10204.0715964087,55288.1624125212,62054.2283031329,46701.2928442434,28942.4036241732,22600.2604328587,9963.7033432129,42118.0153675326,29416.7310621038,50054.1209524802,48290.7759078895,38804.0620510689,14436.5009151926,41412.1496600636,61885.9798139191,68414.7292361100,60190.5475090032,43335.2909086389,40365.4480593592,74386.0882724716,12829.4605698787,50451.2857835964,26567.1479905507,18083.5289792623,88187.2251318427,42002.2934874278,33512.1018506887,26509.0274552821,62881.3838248649,66206.0959898881,37727.9934797288,20511.3200491157,7944.9528895986,45210.6135042247,77051.3224606221,55842.0943896236,22293.5886648759,56868.9004112257,50513.8593839053,66079.3468791982,68041.0927378323,34017.1350232232,19388.5491836890,79598.1317776557,41702.9515548687,59960.0733872547,79357.6081774236,24889.4912399759,30498.1975782142,61024.6578411411,91813.0363189969,32035.3930173155,31055.4773812895,48345.3677792354,36171.1743673754,31415.3437119473,54302.0848522436,54297.8980399571,36565.0128074919,18228.1636936454,52453.5617556036,36518.1300679772,76674.6833943132,35303.3190958268,34836.6780013252,46468.4435715678,17132.7157885381,63727.2122770272,14202.9774275170,53925.9234128881,28650.0814625684,55644.9193716881,69857.6103277801,49664.9166252473,69080.8220500485,67531.6713007719,32770.7272867199,66944.5845277652,9049.3567256130,76539.4055441984,52543.5696459694,22179.0617503731,42980.4831701279,44119.1520912342,10926.1157878233,40091.1943949880,48472.8482840276,15609.8299477679,34902.6426683166,57844.5753453956,47434.5414520999,59488.0856864302,7473.7583841728,28800.6944885836,82030.2374596782,65280.1011318141,62974.3442891106,41859.3919340215,68578.8571255330,52529.3161448223,33642.4204082989,54912.4459918658,61613.7682225159,48482.2389337384,29262.8513761399,27195.7045700559,46841.7945826785,34893.7017959564,24776.8804253093,76535.0418732710,32859.5090495327,12134.2642769940,69092.1581715510,23689.4876902231,24450.8756491072,18526.3105716397,9689.7365355540,65559.9721131081,30194.6753968001,44165.1898788518,35683.7088957947,64360.9802575787,15585.0181111597,66550.4680288798,38408.6759936052,38912.3753563211,16001.6293854384,54442.6344373029,25145.9333420330,36113.8570963611,55567.3126298395,22270.9100863421,30050.9962060593,61946.0472816110,44504.1391838396,35145.7138895841,31250.1193037259,35942.5889217046,25884.6233552523,46605.4615943628,9401.6419287644,42787.1049418959,70903.7293366597,19102.0595854961,50236.2411630714,44832.7991870929,41428.2265489012,39482.2296648165
394,0,0,0,0,0,0,0,0,0,0,0,0,0,0,0,0,0,0,0,0,0,0,0,0,0,0,0,0,0,0,0,0,0,0,0,0,0,0,0,0,0,0,0,0,0,0,0,0,0,0,0,0,0,0,0,0,0,0,0,0,0,0,0,0,0,0,0,0,0,0,0,0,0,0,0,0,0,0,0,0,0,0,0,0,0,0,0,0,0,0,0,0,0,0,0,0,0,0,0,0,0,0,0,0,0,0,0,0,0,0,0,0,0,0,0,0,0,0,0,0,0,0,0,0,0,0,0,0,0,0,0,0,0,0,0,0,0,0,0,0,0,0,0,0,0,0,0,0,0,0,0,0,0,0,0,0,0,0,0,0,0,0,0,0,0,0,0,0,0,0,0,0,0,0,0,0,0,0,0,0,0,0,0,0,0,0,0,0,0,0,0,0,0,0,0,0,0,0,0,0
395,0,0,0,0,0,0,0,0,0,0,0,0,0,0,0,0,0,0,0,0,0,0,0,0,0,0,0,0,0,0,0,0,0,0,0,0,0,0,0,0,0,0,0,0,0,0,0,0,0,0,0,0,0,0,0,0,0,0,0,0,0,0,0,0,0,0,0,0,0,0,0,0,0,0,0,0,0,0,0,0,0,0,0,0,0,0,0,0,0,0,0,0,0,0,0,0,0,0,0,0,0,0,0,0,0,0,0,0,0,0,0,0,0,0,0,0,0,0,0,0,0,0,0,0,0,0,0,0,0,0,0,0,0,0,0,0,0,0,0,0,0,0,0,0,0,0,0,0,0,0,0,0,0,0,0,0,0,0,0,0,0,0,0,0,0,0,0,0,0,0,0,0,0,0,0,0,0,0,0,0,0,0,0,0,0,0,0,0,0,0,0,0,0,0,0,0,0,0,0,0
396,0,0,0,0,0,0,0,0,0,0,0,0,0,0,0,0,0,0,0,0,0,0,0,0,0,0,0,0,0,0,0,0,0,0,0,0,0,0,0,0,0,0,0,0,0,0,0,0,0,0,0,0,0,0,0,0,0,0,0,0,0,0,0,0,0,0,0,0,0,0,0,0,0,0,0,0,0,0,0,0,0,0,0,0,0,0,0,0,0,0,0,0,0,0,0,0,0,0,0,0,0,0,0,0,0,0,0,0,0,0,0,0,0,0,0,0,0,0,0,0,0,0,0,0,0,0,0,0,0,0,0,0,0,0,0,0,0,0,0,0,0,0,0,0,0,0,0,0,0,0,0,0,0,0,0,0,0,0,0,0,0,0,0,0,0,0,0,0,0,0,0,0,0,0,0,0,0,0,0,0,0,0,0,0,0,0,0,0,0,0,0,0,0,0,0,0,0,0,0,0
397,0,0,0,0,0,0,0,0,0,0,0,0,0,0,0,0,0,0,0,0,0,0,0,0,0,0,0,0,0,0,0,0,0,0,0,0,0,0,0,0,0,0,0,0,0,0,0,0,0,0,0,0,0,0,0,0,0,0,0,0,0,0,0,0,0,0,0,0,0,0,0,0,0,0,0,0,0,0,0,0,0,0,0,0,0,0,0,0,0,0,0,0,0,0,0,0,0,0,0,0,0,0,0,0,0,0,0,0,0,0,0,0,0,0,0,0,0,0,0,0,0,0,0,0,0,0,0,0,0,0,0,0,0,0,0,0,0,0,0,0,0,0,0,0,0,0,0,0,0,0,0,0,0,0,0,0,0,0,0,0,0,0,0,0,0,0,0,0,0,0,0,0,0,0,0,0,0,0,0,0,0,0,0,0,0,0,0,0,0,0,0,0,0,0,0,0,0,0,0,0
398,47117.1512359694,85776.2352092341,70047.2738120873,80424.1143277832,30011.9048347665,71102.5040387723,79914.2049533018,22761.2424416647,74217.5441277071,43757.5212708478,41139.7668319858,66151.7800688482,16692.2169630711,47254.8497430776,52866.5439681980,70544.0921350761,49050.5944225549,12793.3502094964,60643.8937649773,49151.6443696585,57859.2425002990,39060.1907806899,27728.2686943070,38317.7831917885,41630.3924537560,62263.4017960262,19986.0773225724,34353.2149649596,25629.5477974423,63382.3442336178,37809.3199132780,74070.8165338726,32770.2649546332,52765.3992843546,31030.1109020497,56310.2576546232,49019.6608482427,43167.6631973916,10390.9378712085,57486.1449247248,72679.6684782592,64950.1663595796,20665.9108581694,30305.1666935305,15593.7512936283,72131.3061884164,48160.7481582863,62530.1737244165,47732.8188729564,32885.0796902194,60251.9218578910,68661.9545203256,13076.1688623411,56798.3218559341,51442.3581410495,33525.7244396926,29173.8971300502,18735.9986534162,20539.0944851646,34122.0018082295,42267.3989168780,42768.3646738591,36269.9204960529,47392.1820914511,22572.3595097943,32516.6384681733,48660.7044290333,62954.6671618855,59333.5818794702,55286.0461723324,38743.9475767621,64621.3892214470,26084.7938445716,38443.6111935290,39832.6764546464,5379.2441834001,76987.4744026265,55096.6459964968,20304.3943215086,37692.2790077627,50489.7452482238,67615.0009793663,27206.8963933485,30607.2848087944,7799.9130348736,58360.4499944327,63800.0406140726,53199.5515383299,14454.6429313700,48340.5543574134,46197.4725774107,59081.4261626865,66430.7229963471,40448.7909746604,11335.0935728546,68562.6397755261,50924.2746110402,55616.0857793353,66257.4841857231,28775.0439368546,18766.2552289573,48092.6813775749,79972.6453681059,21237.5552244656,42916.7331371424,35147.8543679712,30332.9988705640,40700.8484201917,41078.9974274634,43310.0860740117,49561.9218284240,29594.6588886209,65650.6994171709,24062.2175724146,64741.8134228824,43858.5001683404,27528.4570495604,33720.6362027646,24776.7959666293,50771.9261126680,441.3945788014,41008.9854944386,41581.2728099224,43461.9255907402,59240.5926261142,36877.4152575709,55844.9066320608,55585.1264797607,44681.3243784377,56963.6157623368,14676.8742300808,63707.7732359738,41350.6164307977,22307.7522521941,55661.8963459987,33064.4455149230,22981.3654394564,26888.8025434296,61593.5714298596,14675.0680203410,36217.8243123277,48086.3252958053,36779.3456891827,52129.3833173921,13347.0213679077,23272.1293535861,68761.2849940914,53969.9242542429,49794.1404391003,55128.1706861307,55833.1092256900,46693.2087552855,31746.7317057413,54938.5039056310,59307.9010201023,46062.2542169112,37918.0610023136,24684.8663554378,38398.7530567862,21763.4617547075,13839.8464823985,63307.3681850254,46034.6607311361,4732.9104485916,79871.1870159471,12737.6192568307,17195.7003890972,31795.2931635997,20736.7531210046,65391.5253116593,35439.4332249684,31521.4820525030,33301.4303675918,56360.9458114088,26752.5796009043,62078.0225579881,29474.2709236971,50511.7454125121,28790.0738774140,41993.7709265981,38289.3289960232,27375.0484193601,54241.4009044697,33862.7443091786,32541.7674458354,62815.3155054366,31236.3250390923,47424.0134530150,44425.0544197172,45716.7509156522,35952.6111810989,40622.3161482698,19194.8814001667,30601.4378998591,71823.2765964325,28027.3813693846,36968.9062826608,41562.0113854688,33943.0454393209,29435.7773440315
399,37931.0905270324,97891.4529432435,86458.6584392935,63585.9912567171,31859.8627258035,77395.9752989255,97382.1217640927,37534.5980405387,57060.6479603382,59325.7184211741,24169.1316039247,73171.9865472024,8943.1781305544,65165.8496943275,65804.9325944224,85902.7598384443,32388.2719247534,24537.0515612829,72903.8783818355,56551.2757459826,75274.6979533781,49418.8977818914,45580.2365052958,28695.8013181097,57917.3887903701,48116.8625024706,11941.0120874073,21400.6341541064,40454.5860619283,73353.7573586524,49573.6274383937,84384.7272311353,28147.4263652776,34802.0939047238,13153.6601960153,71953.7954699478,34773.7441232298,60811.7162351075,20833.0254869365,73564.2696257047,89411.7995354904,47165.4589660471,29953.1165191079,47675.5972208582,33451.8925148126,85320.0507306896,34645.3528505685,46045.9014696414,60371.6850993065,19015.1764432781,74650.3755704513,86321.7869574134,11713.5440209101,61235.0374183174,68410.5655962528,50206.2797843114,24535.0615379609,20856.0961913988,365.5988588644,41156.4161059073,24528.4030284469,56915.0821311228,50090.7070682754,42103.3384306799,19488.6132858695,48071.7773546613,65467.9240023806,75314.7965879880,66622.1296971397,43486.4821287240,47041.8624890348,73937.7617376793,11249.1738571057,56214.3317995779,23753.3649813942,23627.5585761813,88770.9979017822,39933.4149120634,37293.9775252301,28194.0202075864,64897.9807481567,72095.7916551742,38564.5114758034,13658.6800526578,12268.2873990278,40971.3487644648,80723.9262592640,62558.4112238094,28913.8021905834,63628.1664531067,57385.9967777084,72972.1939100804,74568.0197219007,27330.4057456345,20359.7838638416,80098.3734791498,34826.4334152879,66817.7805589367,82441.5831801136,19205.7973302875,32569.6990610033,66021.1587083078,92997.5814073316,38203.9962515115,25007.2834696562,52856.3189462803,43070.9380216889,34504.8686434469,57918.9088351489,60516.0290380889,31936.8952904502,20363.3528542492,48370.5457636163,41968.0644918334,78052.0392873515,28393.7326041208,33807.6890145935,51685.7290611613,10568.4430946984,66574.0657117854,18289.2263293964,58948.1853872190,27437.9236337951,57501.3235151564,70101.8603738383,52363.3985472323,72683.7222247397,69000.5217049233,33280.8676008034,73474.6608631123,7731.0061153912,79083.9444526527,53505.8933970651,18452.4574515983,41957.4318670316,45152.8064746153,13326.5025481262,43757.7184577924,46215.2689987226,13814.7459621405,29742.7693085366,64404.5184706042,53737.2176267894,66357.6090588164,14227.2259873255,27226.2415878078,85970.6105768834,66159.6526769804,67496.8064362862,38615.6756508467,71032.9587961937,59439.0096832363,29919.3748472268,61206.0878600502,68267.1827834230,55203.9578038977,22355.0663261190,24225.9920517123,53586.0760910831,39623.4246137044,26651.5452064532,80860.4611055089,30637.2217566793,18128.7135089169,62581.3321897777,29697.1178513880,24241.6401784077,15919.5953550808,6957.3085661134,71828.7915136161,23847.6288588593,46745.3667916635,42475.3409632647,71188.6086889043,14744.7709765666,73406.9716246828,38163.8920204680,39620.7210517704,16084.2326639101,59923.6790585713,21112.5470398657,42768.0932651915,62103.3439625167,15999.0456141030,24635.8557468917,68001.5663134745,48641.5028193919,29458.9649391739,27242.2564881647,38494.9362444945,19063.9444464448,53512.5166430630,14365.1701214459,48429.2257660376,76892.3735905965,23207.7107354544,54203.1306721726,51651.8784964967,48253.7285469492,45908.6917091552
400,0,0,0,0,0,0,0,0,0,0,0,0,0,0,0,0,0,0,0,0,0,0,0,0,0,0,0,0,0,0,0,0,0,0,0,0,0,0,0,0,0,0,0,0,0,0,0,0,0,0,0,0,0,0,0,0,0,0,0,0,0,0,0,0,0,0,0,0,0,0,0,0,0,0,0,0,0,0,0,0,0,0,0,0,0,0,0,0,0,0,0,0,0,0,0,0,0,0,0,0,0,0,0,0,0,0,0,0,0,0,0,0,0,0,0,0,0,0,0,0,0,0,0,0,0,0,0,0,0,0,0,0,0,0,0,0,0,0,0,0,0,0,0,0,0,0,0,0,0,0,0,0,0,0,0,0,0,0,0,0,0,0,0,0,0,0,0,0,0,0,0,0,0,0,0,0,0,0,0,0,0,0,0,0,0,0,0,0,0,0,0,0,0,0,0,0,0,0,0,0
401,50715.0052047497,82950.9950601465,77817.8369404023,73873.2481734616,21721.6775703812,79781.9793321367,82830.0494470973,31614.9672598575,72300.1451854788,43961.8166773479,35305.8004924023,60327.6302680999,18818.2147124979,53062.5022092881,61799.1875727158,70476.6081770746,47814.8155490060,10373.8321093915,57849.4884816218,57893.3445335047,60751.3628663357,34794.5710262153,32277.6605704635,29635.3733284436,49685.8519791948,63204.6920394291,12204.9119334202,35733.2611287715,25069.8031713629,72393.0684085009,46834.9913631608,70035.9208380931,37899.8564045416,48867.6563807313,28099.3423940582,64569.6394743799,41328.2577817429,46731.2218854812,18747.8091802877,58269.1385627126,74314.9565784149,61856.0154590208,15237.5925077377,37618.3408856232,22478.9814726677,70079.2702484217,49432.4659492016,61473.4397467944,45170.2465359748,25592.9888723998,59225.3585860617,72090.0242960624,8466.3108159173,65084.5430106544,58900.4728042438,35295.6483556735,20158.5528154754,9969.8564923165,16943.7011865047,27877.2377249913,39491.8480726887,51563.1475680028,34671.2062979901,52658.3109315637,27665.1971342418,41021.9497854874,50501.7961690190,71921.0322260018,68108.2395163670,57652.1784071982,47535.4639772429,59957.5835913892,26073.7860800800,44881.7985645453,39160.5236304954,14708.4106937225,73909.4581217730,55246.5503291379,22896.3960347801,40937.0748965372,49465.0565176413,75973.0753888530,23461.2119049893,25269.6416237205,12232.0066776578,56134.5975314307,65758.4960131240,62162.8681872910,23458.4515487828,56792.3604034950,55223.1551710739,67852.3506054467,75322.4509892954,32555.7621528187,6227.5218873406,65287.4355987935,44141.5444889696,64641.0962933286,67155.2639249566,20409.0670553978,17147.2116578654,52737.6991717059,77806.8162875101,29209.1705313332,38573.4603640224,39009.4824863737,39346.5376570695,45465.4601727703,43026.4749859477,50610.3338431639,46960.8656061173,32651.4711689084,63570.8453201725,30352.7434790485,62772.1913606888,36862.0255244289,20714.8254397838,39124.0644292207,18410.2055429632,51233.0753430526,7596.8064408617,45825.8797509180,42373.4171815677,42081.0839150626,55475.2119979496,37011.2472107613,57699.0679734719,53680.6791259240,47131.9966112348,64742.9456015700,9811.3084974837,63663.5135493931,38375.2547174034,13365.2606198822,56871.3206555058,29965.0420074223,25358.0443445476,29076.2849310054,61584.5274481212,10513.7246587183,27227.7747598890,56059.8648877123,44416.1594063882,60858.5757729031,18574.1194602845,15308.2905101682,71194.3100633602,51095.1282597369,53463.2916912042,54047.4295108047,55605.8404409266,55660.7988713300,22852.8538730723,63544.8153660151,68255.4016994338,54987.1028524605,31183.5765181109,15791.6248285141,46964.9253832029,26545.7044776519,11227.1377482050,66484.8173803012,45959.9888379543,13023.8844610742,73807.1859669851,21072.6681739010,10139.9798712314,31230.9632970833,19636.4563881807,74072.1857962187,27260.4695975050,31377.4755993807,42155.5437795191,64915.4862050678,22686.3898848435,71098.3651878270,23991.2873500243,53316.5916936333,30107.1499212899,47751.2337602398,36485.1884833576,36006.9724908030,63066.5673168872,29633.2185495674,23733.9319650414,71280.5771578993,34378.5100021785,43488.3861742970,42577.5998488118,50166.4466239614,30247.5368354352,49595.4968609103,23176.2559576547,37022.0949729679,80308.0173293494,32851.0206045493,39663.2374791173,50542.9502367748,42766.7613945551,37554.6253008804
402,0,0,0,0,0,0,0,0,0,0,0,0,0,0,0,0,0,0,0,0,0,0,0,0,0,0,0,0,0,0,0,0,0,0,0,0,0,0,0,0,0,0,0,0,0,0,0,0,0,0,0,0,0,0,0,0,0,0,0,0,0,0,0,0,0,0,0,0,0,0,0,0,0,0,0,0,0,0,0,0,0,0,0,0,0,0,0,0,0,0,0,0,0,0,0,0,0,0,0,0,0,0,0,0,0,0,0,0,0,0,0,0,0,0,0,0,0,0,0,0,0,0,0,0,0,0,0,0,0,0,0,0,0,0,0,0,0,0,0,0,0,0,0,0,0,0,0,0,0,0,0,0,0,0,0,0,0,0,0,0,0,0,0,0,0,0,0,0,0,0,0,0,0,0,0,0,0,0,0,0,0,0,0,0,0,0,0,0,0,0,0,0,0,0,0,0,0,0,0,0
403,0,0,0,0,0,0,0,0,0,0,0,0,0,0,0,0,0,0,0,0,0,0,0,0,0,0,0,0,0,0,0,0,0,0,0,0,0,0,0,0,0,0,0,0,0,0,0,0,0,0,0,0,0,0,0,0,0,0,0,0,0,0,0,0,0,0,0,0,0,0,0,0,0,0,0,0,0,0,0,0,0,0,0,0,0,0,0,0,0,0,0,0,0,0,0,0,0,0,0,0,0,0,0,0,0,0,0,0,0,0,0,0,0,0,0,0,0,0,0,0,0,0,0,0,0,0,0,0,0,0,0,0,0,0,0,0,0,0,0,0,0,0,0,0,0,0,0,0,0,0,0,0,0,0,0,0,0,0,0,0,0,0,0,0,0,0,0,0,0,0,0,0,0,0,0,0,0,0,0,0,0,0,0,0,0,0,0,0,0,0,0,0,0,0,0,0,0,0,0,0
404,0,0,0,0,0,0,0,0,0,0,0,0,0,0,0,0,0,0,0,0,0,0,0,0,0,0,0,0,0,0,0,0,0,0,0,0,0,0,0,0,0,0,0,0,0,0,0,0,0,0,0,0,0,0,0,0,0,0,0,0,0,0,0,0,0,0,0,0,0,0,0,0,0,0,0,0,0,0,0,0,0,0,0,0,0,0,0,0,0,0,0,0,0,0,0,0,0,0,0,0,0,0,0,0,0,0,0,0,0,0,0,0,0,0,0,0,0,0,0,0,0,0,0,0,0,0,0,0,0,0,0,0,0,0,0,0,0,0,0,0,0,0,0,0,0,0,0,0,0,0,0,0,0,0,0,0,0,0,0,0,0,0,0,0,0,0,0,0,0,0,0,0,0,0,0,0,0,0,0,0,0,0,0,0,0,0,0,0,0,0,0,0,0,0,0,0,0,0,0,0
405,52634.5492211857,82869.6279336488,83513.6508814764,69005.6510461210,17611.3692146836,85077.0351400921,86304.3979883458,37527.4437250005,70370.1276113421,46290.6490022501,31210.3902064217,58121.7466142544,21142.4560341682,58083.1666773881,67699.0790344502,72304.5451502253,46633.5460891421,15385.9274802842,58011.6190863943,63277.7987553210,64348.9745677786,34332.4102073834,37004.6915596649,23751.6727520890,55491.4717408589,63234.1829098198,7467.0084999827,36581.4556105825,27589.4196187982,78110.7694829291,52638.2924377553,69169.0976377068,41012.2441438535,45878.9472243377,26365.8949419123,70412.2145803716,35918.3840195978,50805.4161611958,24108.6433195562,60724.7103917572,77125.0569482194,59247.3313467644,15168.4003424408,43253.3496190094,28123.5442678491,70626.5593725863,49872.4795180079,60210.2470586233,45699.4621756922,20630.7543288036,60560.7783830249,75889.5870437579,9607.9453727912,70059.2054127859,64518.2217847940,38684.6488449915,14344.9998502126,7841.1557218730,15663.4527714693,25943.0325516063,37452.1350897994,57482.0225023951,36127.4976541354,55623.9883937667,31052.1867820105,46922.6356318516,53648.0425404728,77807.1231441254,73511.2564241300,58678.9109291631,52987.6344298353,58703.1411245996,26476.5990937638,50192.6471546412,38557.9454499616,20627.6256991527,73711.6093159868,54858.1525789893,27108.6410657554,42816.4169662596,50939.5222488686,80984.0845475532,23960.2010678694,21861.8020364153,16545.7359689490,54163.7640831582,68812.2540716952,67795.6302968125,29315.2092892431,62678.0355109736,61007.4566288963,73771.5213476434,80849.7788929586,27077.4784350922,7687.2785655723,65023.1722487312,39280.7915616784,70447.6562103346,69591.8726089678,14732.9016371056,19690.3816692918,57257.6318771883,78216.1013123897,35037.6504300272,35464.4815614304,43328.4390851631,45190.1464129038,48209.5583986374,46343.6318715215,56195.3556297246,44879.0955080483,34656.6615176483,61611.8096494036,35733.2514695846,63446.0331402108,31931.2195423578,18589.1287460266,44090.1996459128,14553.7447429843,53589.7343882103,13509.2986946772,50481.7551363845,42649.8433805334,43472.3002161092,54963.3427234246,39460.0967860032,60768.2990220461,54512.6742632952,48376.6030637472,70454.1272592611,9091.8736897348,65567.0508201615,38775.8394679000,7455.2079220787,57154.2156839506,30576.2439931709,27299.0151673315,32856.0636169677,61009.0889221156,2490.9496529253,21358.1899153552,61836.8609961619,50120.1399918796,66776.7316801123,22519.6486691960,12139.7957170879,74470.0723581647,51296.6563117382,57517.4354232249,52864.8783428195,57488.5221260370,61545.6008097843,17613.8156542466,68793.7178485674,73861.0198397963,60572.7418149007,26520.3117101244,10709.8493353880,52870.8698563125,31484.2722587426,14139.6141649182,70188.4671221647,45586.1870612413,18574.6778599404,69229.5189557840,26975.7774413869,9332.2297475020,30987.4537172775,19860.0568676798,79374.7770473291,21643.0273720833,33845.3636053736,47681.2162462739,70815.5790330620,20437.2132987260,76924.6311571623,22990.9224305715,54686.9668904415,31140.2174939511,52783.9211136420,35199.7210836103,41922.1772136609,68528.3696798067,26877.3487073160,17821.3087376607,76391.4441009908,38457.5451835534,40561.9322239738,41095.7541206989,52639.4012055596,26368.8964426068,55476.8202182394,26170.0048387615,42380.0649333071,85421.8740127427,35907.9286795969,43421.4731310230,56211.8523792635,48683.7875951424,43392.2747616976
406,0,0,0,0,0,0,0,0,0,0,0,0,0,0,0,0,0,0,0,0,0,0,0,0,0,0,0,0,0,0,0,0,0,0,0,0,0,0,0,0,0,0,0,0,0,0,0,0,0,0,0,0,0,0,0,0,0,0,0,0,0,0,0,0,0,0,0,0,0,0,0,0,0,0,0,0,0,0,0,0,0,0,0,0,0,0,0,0,0,0,0,0,0,0,0,0,0,0,0,0,0,0,0,0,0,0,0,0,0,0,0,0,0,0,0,0,0,0,0,0,0,0,0,0,0,0,0,0,0,0,0,0,0,0,0,0,0,0,0,0,0,0,0,0,0,0,0,0,0,0,0,0,0,0,0,0,0,0,0,0,0,0,0,0,0,0,0,0,0,0,0,0,0,0,0,0,0,0,0,0,0,0,0,0,0,0,0,0,0,0,0,0,0,0,0,0,0,0,0,0
407,0,0,0,0,0,0,0,0,0,0,0,0,0,0,0,0,0,0,0,0,0,0,0,0,0,0,0,0,0,0,0,0,0,0,0,0,0,0,0,0,0,0,0,0,0,0,0,0,0,0,0,0,0,0,0,0,0,0,0,0,0,0,0,0,0,0,0,0,0,0,0,0,0,0,0,0,0,0,0,0,0,0,0,0,0,0,0,0,0,0,0,0,0,0,0,0,0,0,0,0,0,0,0,0,0,0,0,0,0,0,0,0,0,0,0,0,0,0,0,0,0,0,0,0,0,0,0,0,0,0,0,0,0,0,0,0,0,0,0,0,0,0,0,0,0,0,0,0,0,0,0,0,0,0,0,0,0,0,0,0,0,0,0,0,0,0,0,0,0,0,0,0,0,0,0,0,0,0,0,0,0,0,0,0,0,0,0,0,0,0,0,0,0,0,0,0,0,0,0,0
408,0,0,0,0,0,0,0,0,0,0,0,0,0,0,0,0,0,0,0,0,0,0,0,0,0,0,0,0,0,0,0,0,0,0,0,0,0,0,0,0,0,0,0,0,0,0,0,0,0,0,0,0,0,0,0,0,0,0,0,0,0,0,0,0,0,0,0,0,0,0,0,0,0,0,0,0,0,0,0,0,0,0,0,0,0,0,0,0,0,0,0,0,0,0,0,0,0,0,0,0,0,0,0,0,0,0,0,0,0,0,0,0,0,0,0,0,0,0,0,0,0,0,0,0,0,0,0,0,0,0,0,0,0,0,0,0,0,0,0,0,0,0,0,0,0,0,0,0,0,0,0,0,0,0,0,0,0,0,0,0,0,0,0,0,0,0,0,0,0,0,0,0,0,0,0,0,0,0,0,0,0,0,0,0,0,0,0,0,0,0,0,0,0,0,0,0,0,0,0,0
409,0,0,0,0,0,0,0,0,0,0,0,0,0,0,0,0,0,0,0,0,0,0,0,0,0,0,0,0,0,0,0,0,0,0,0,0,0,0,0,0,0,0,0,0,0,0,0,0,0,0,0,0,0,0,0,0,0,0,0,0,0,0,0,0,0,0,0,0,0,0,0,0,0,0,0,0,0,0,0,0,0,0,0,0,0,0,0,0,0,0,0,0,0,0,0,0,0,0,0,0,0,0,0,0,0,0,0,0,0,0,0,0,0,0,0,0,0,0,0,0,0,0,0,0,0,0,0,0,0,0,0,0,0,0,0,0,0,0,0,0,0,0,0,0,0,0,0,0,0,0,0,0,0,0,0,0,0,0,0,0,0,0,0,0,0,0,0,0,0,0,0,0,0,0,0,0,0,0,0,0,0,0,0,0,0,0,0,0,0,0,0,0,0,0,0,0,0,0,0,0
410,0,0,0,0,0,0,0,0,0,0,0,0,0,0,0,0,0,0,0,0,0,0,0,0,0,0,0,0,0,0,0,0,0,0,0,0,0,0,0,0,0,0,0,0,0,0,0,0,0,0,0,0,0,0,0,0,0,0,0,0,0,0,0,0,0,0,0,0,0,0,0,0,0,0,0,0,0,0,0,0,0,0,0,0,0,0,0,0,0,0,0,0,0,0,0,0,0,0,0,0,0,0,0,0,0,0,0,0,0,0,0,0,0,0,0,0,0,0,0,0,0,0,0,0,0,0,0,0,0,0,0,0,0,0,0,0,0,0,0,0,0,0,0,0,0,0,0,0,0,0,0,0,0,0,0,0,0,0,0,0,0,0,0,0,0,0,0,0,0,0,0,0,0,0,0,0,0,0,0,0,0,0,0,0,0,0,0,0,0,0,0,0,0,0,0,0,0,0,0,0
411,0,0,0,0,0,0,0,0,0,0,0,0,0,0,0,0,0,0,0,0,0,0,0,0,0,0,0,0,0,0,0,0,0,0,0,0,0,0,0,0,0,0,0,0,0,0,0,0,0,0,0,0,0,0,0,0,0,0,0,0,0,0,0,0,0,0,0,0,0,0,0,0,0,0,0,0,0,0,0,0,0,0,0,0,0,0,0,0,0,0,0,0,0,0,0,0,0,0,0,0,0,0,0,0,0,0,0,0,0,0,0,0,0,0,0,0,0,0,0,0,0,0,0,0,0,0,0,0,0,0,0,0,0,0,0,0,0,0,0,0,0,0,0,0,0,0,0,0,0,0,0,0,0,0,0,0,0,0,0,0,0,0,0,0,0,0,0,0,0,0,0,0,0,0,0,0,0,0,0,0,0,0,0,0,0,0,0,0,0,0,0,0,0,0,0,0,0,0,0,0
412,52530.0973592941,108291.8002314820,114743.6943325660,71256.6295216236,38851.1567695857,103207.9942354358,119406.3653028905,66123.8689655305,45711.3567088504,78380.3296451769,8936.6885266061,77105.8186819115,36437.3632280197,91334.0612136014,94426.9832528926,102996.1943614036,30770.4042840119,48620.6028609341,85236.5252332263,83567.2668433960,97637.6050320129,61875.7875305438,70487.3040318374,19145.0658027834,86210.9492629326,50210.4704054970,26228.6477169461,36266.3515510678,60419.4811314553,101115.7115495303,78112.7298640447,92553.6141728383,50471.2549453009,19378.6424411346,20794.2003166174,100505.0522360387,10481.6752719215,84374.4929787010,49526.9317029294,92719.9532829582,109456.7807453345,32377.7026963206,46426.5809354481,75172.0276768535,60250.4982985077,98346.4599600763,42238.9231028136,40462.9792738970,74549.5578835274,13071.0113494670,90519.1152342398,109289.8249571362,36779.3431652161,86430.5838070276,96303.2409258398,71978.8156264384,27637.4389119091,35495.1673134479,25655.0795828776,51140.6505990929,20654.6846906334,85622.9286575625,67299.8140303310,60819.7062176889,45238.1279490234,76573.9917484249,86600.3596640189,103795.5550096349,93287.7103389603,52189.9984908960,74729.7813741777,81418.7339856971,30458.9519219813,82997.7092564028,29537.1719906386,51040.5274748293,99117.4746633147,41187.7413105851,60708.5608742776,45274.4607234136,81497.8440575961,96874.2022378351,54632.8880846440,15097.2456938041,40784.4998085730,31605.6717634849,101534.5412956156,90251.7115893529,57448.2002608890,92239.9861218164,85728.6450411246,101671.4846104276,101486.3775743401,10749.4789750627,41288.4776443557,90636.4074329789,3495.1905345030,95066.7599708375,101430.4146379294,20586.4600632355,52827.5678468007,90838.1056224167,105293.7314482142,66040.3788436542,13012.3011784846,76929.1823872964,71759.9135034371,53754.6413263444,79516.1698989073,88183.9352358510,24257.8303261956,40933.5166249684,37829.0188329850,68460.0843157858,91764.3919905606,2352.1935294387,45413.2047889889,77401.7309368231,20124.4874015190,85561.9937704546,44464.8686915254,84012.4155117406,36597.0456459807,74177.7286385474,80435.7570881021,71870.8437853788,93574.3820601059,83585.0244428003,45655.9604720410,101688.8773042785,30208.8041766615,96537.9828053140,67831.0900444829,28823.7803675460,46770.0037929577,60739.9014636178,37130.8919963425,66383.0447115180,44974.5187671222,32737.2728642958,25439.4818995205,92700.6683703570,81623.0204107604,95066.9942751895,42636.3627665491,39374.2435184686,107412.5301896913,79010.7311722133,91072.4516871542,35134.6699398455,88602.6322114660,88059.7709062240,32983.5634812262,87494.2865311775,95692.0136711026,82967.7561239433,7099.9659944366,33263.0206929770,82189.2292057875,64815.6066724559,47628.6516847099,103536.5709309901,34768.1549953815,46277.7322813268,71256.6992655801,57474.2602601800,41262.5667160009,28565.1131704854,29243.3260508485,97878.1853689630,15217.5806657397,66430.8627429408,70572.6653656641,99874.0134344671,20321.4317570071,101634.6085407200,51135.4943354448,51017.1619769200,34687.9985597440,86022.6037148422,24320.9976488902,71279.2216244389,89171.7071129337,15515.5794070756,22333.1245708743,93402.4977110106,72043.6595359417,16363.8360091721,25718.5737136881,55637.4955376873,9869.7813357855,82173.4137790936,40882.0888135320,75118.0121116706,101916.4508111305,46735.1451073631,76893.3124206280,79790.1757423217,76943.6918703420,74069.4605946022
413,0,0,0,0,0,0,0,0,0,0,0,0,0,0,0,0,0,0,0,0,0,0,0,0,0,0,0,0,0,0,0,0,0,0,0,0,0,0,0,0,0,0,0,0,0,0,0,0,0,0,0,0,0,0,0,0,0,0,0,0,0,0,0,0,0,0,0,0,0,0,0,0,0,0,0,0,0,0,0,0,0,0,0,0,0,0,0,0,0,0,0,0,0,0,0,0,0,0,0,0,0,0,0,0,0,0,0,0,0,0,0,0,0,0,0,0,0,0,0,0,0,0,0,0,0,0,0,0,0,0,0,0,0,0,0,0,0,0,0,0,0,0,0,0,0,0,0,0,0,0,0,0,0,0,0,0,0,0,0,0,0,0,0,0,0,0,0,0,0,0,0,0,0,0,0,0,0,0,0,0,0,0,0,0,0,0,0,0,0,0,0,0,0,0,0,0,0,0,0,0
414,0,0,0,0,0,0,0,0,0,0,0,0,0,0,0,0,0,0,0,0,0,0,0,0,0,0,0,0,0,0,0,0,0,0,0,0,0,0,0,0,0,0,0,0,0,0,0,0,0,0,0,0,0,0,0,0,0,0,0,0,0,0,0,0,0,0,0,0,0,0,0,0,0,0,0,0,0,0,0,0,0,0,0,0,0,0,0,0,0,0,0,0,0,0,0,0,0,0,0,0,0,0,0,0,0,0,0,0,0,0,0,0,0,0,0,0,0,0,0,0,0,0,0,0,0,0,0,0,0,0,0,0,0,0,0,0,0,0,0,0,0,0,0,0,0,0,0,0,0,0,0,0,0,0,0,0,0,0,0,0,0,0,0,0,0,0,0,0,0,0,0,0,0,0,0,0,0,0,0,0,0,0,0,0,0,0,0,0,0,0,0,0,0,0,0,0,0,0,0,0
415,65364.0385008063,70759.8294078881,84653.4380947443,74369.3207777871,14564.4900467015,94057.8250621351,79374.0107875469,43315.6843447089,81417.8221641964,37874.7534089832,39803.6254922083,45361.3447059794,33665.0487857770,56279.1218047148,73146.5058717666,62447.8460798246,58548.9783881517,18273.6091762889,46250.5843091104,72072.4907427500,58078.7216796770,22361.9262465492,35182.6934466583,25158.4137471496,58096.6091334689,75746.4870789318,17968.4121817176,49353.4673128088,21034.3976284189,85298.1740877119,59488.6746907986,56619.9830897873,53246.3147484466,55892.9751491998,38205.3609449415,73112.7908779741,40125.4028813764,46193.2290978888,33517.7626253169,52119.6078208053,68910.8402507236,69579.0139461517,7766.8824767135,44975.2485207966,30970.9206145352,59141.1113026798,62551.3357751599,71956.0293553052,34514.8052565807,27941.0111905487,50144.1632264078,69888.7092024479,19385.9277825786,79949.4966261289,65436.7635998853,32967.0169643505,13862.9727775628,7148.5707916220,28100.6452198414,13191.2027731443,48773.3348131894,62345.6723966947,26651.9583992950,67967.2018202660,43078.6073243097,51083.0909162065,46634.4074337745,83407.8089813681,82181.3362484581,71449.3022423006,61630.2676279078,46023.9082632597,39220.7264152786,49889.5090963605,50899.4148789702,27084.2140291071,61549.2941549269,67207.1867102931,24813.7079239975,55542.5595328666,40915.4352454998,90756.9963367092,14008.0394484423,32196.9990508065,27730.4871178233,65309.0738775291,61223.4820844838,75541.1490420756,36345.2721482796,66145.5826418104,67890.3133526217,78217.3507914403,88999.4899554567,31613.3909972860,11816.4847496817,52852.3166631195,45494.6869100800,77045.1117460605,60787.9305525560,20086.8232160630,14973.6946444505,53729.0027060442,66545.1560625593,38698.4426795363,45574.7419636435,39786.2833278845,51821.8738480579,60659.6214573224,40007.6308084526,57121.7113006926,56029.2164763976,47340.2595575303,72696.7350652327,36544.4694819605,52160.0481460895,38317.3666051559,7778.1570181022,42649.0252746545,24958.0331597316,44978.9185883323,21282.3563817850,47643.2136451755,55305.7357431380,33545.3115491164,42675.7723375630,31617.2484098827,53384.0618842951,43529.3707574244,61162.4893107072,71910.8006437959,21861.6346595122,55921.3915708895,27621.1153229805,12371.5048796605,69772.4732222735,20115.1189457752,39974.3450814155,28634.7956910174,73228.8426581229,14181.6279833667,19855.5649861231,64015.1081540753,52031.1857631190,71155.2171542934,34066.4985019978,949.7698420125,67260.0893984277,39651.1895433930,52609.0318835128,64726.1476593472,47956.2151123338,67360.6039010708,11808.4863221981,77982.6371882430,81696.1520304303,68606.5969694099,34089.8867169204,7489.6718264481,56994.8642689325,30901.6762040262,12816.2713763183,64051.8478225355,57989.0592028646,27680.1478377370,75506.2470996152,32210.8283637757,9391.2218644270,43545.2969649501,32613.7565994484,88353.3152722858,26027.1631559385,26455.7086008693,56108.7957275640,74442.4763231036,32093.1579417660,83280.8535325221,10968.2927414741,67472.7940460178,43925.9735681192,51206.2109862675,47177.2294358162,46699.4310112501,77012.3962266011,37754.8001670838,19484.0492136366,85929.5893720842,34546.1588204347,50784.4933347407,52845.6946452232,65212.4581082713,35662.6037813954,61443.5773555885,38425.9706407599,42659.3640406165,94924.3121332746,48164.2683472299,38321.2529960569,63883.5051151061,53915.7052191784,46734.9459376723
416,0,0,0,0,0,0,0,0,0,0,0,0,0,0,0,0,0,0,0,0,0,0,0,0,0,0,0,0,0,0,0,0,0,0,0,0,0,0,0,0,0,0,0,0,0,0,0,0,0,0,0,0,0,0,0,0,0,0,0,0,0,0,0,0,0,0,0,0,0,0,0,0,0,0,0,0,0,0,0,0,0,0,0,0,0,0,0,0,0,0,0,0,0,0,0,0,0,0,0,0,0,0,0,0,0,0,0,0,0,0,0,0,0,0,0,0,0,0,0,0,0,0,0,0,0,0,0,0,0,0,0,0,0,0,0,0,0,0,0,0,0,0,0,0,0,0,0,0,0,0,0,0,0,0,0,0,0,0,0,0,0,0,0,0,0,0,0,0,0,0,0,0,0,0,0,0,0,0,0,0,0,0,0,0,0,0,0,0,0,0,0,0,0,0,0,0,0,0,0,0
417,0,0,0,0,0,0,0,0,0,0,0,0,0,0,0,0,0,0,0,0,0,0,0,0,0,0,0,0,0,0,0,0,0,0,0,0,0,0,0,0,0,0,0,0,0,0,0,0,0,0,0,0,0,0,0,0,0,0,0,0,0,0,0,0,0,0,0,0,0,0,0,0,0,0,0,0,0,0,0,0,0,0,0,0,0,0,0,0,0,0,0,0,0,0,0,0,0,0,0,0,0,0,0,0,0,0,0,0,0,0,0,0,0,0,0,0,0,0,0,0,0,0,0,0,0,0,0,0,0,0,0,0,0,0,0,0,0,0,0,0,0,0,0,0,0,0,0,0,0,0,0,0,0,0,0,0,0,0,0,0,0,0,0,0,0,0,0,0,0,0,0,0,0,0,0,0,0,0,0,0,0,0,0,0,0,0,0,0,0,0,0,0,0,0,0,0,0,0,0,0
418,0,0,0,0,0,0,0,0,0,0,0,0,0,0,0,0,0,0,0,0,0,0,0,0,0,0,0,0,0,0,0,0,0,0,0,0,0,0,0,0,0,0,0,0,0,0,0,0,0,0,0,0,0,0,0,0,0,0,0,0,0,0,0,0,0,0,0,0,0,0,0,0,0,0,0,0,0,0,0,0,0,0,0,0,0,0,0,0,0,0,0,0,0,0,0,0,0,0,0,0,0,0,0,0,0,0,0,0,0,0,0,0,0,0,0,0,0,0,0,0,0,0,0,0,0,0,0,0,0,0,0,0,0,0,0,0,0,0,0,0,0,0,0,0,0,0,0,0,0,0,0,0,0,0,0,0,0,0,0,0,0,0,0,0,0,0,0,0,0,0,0,0,0,0,0,0,0,0,0,0,0,0,0,0,0,0,0,0,0,0,0,0,0,0,0,0,0,0,0,0
419,0,0,0,0,0,0,0,0,0,0,0,0,0,0,0,0,0,0,0,0,0,0,0,0,0,0,0,0,0,0,0,0,0,0,0,0,0,0,0,0,0,0,0,0,0,0,0,0,0,0,0,0,0,0,0,0,0,0,0,0,0,0,0,0,0,0,0,0,0,0,0,0,0,0,0,0,0,0,0,0,0,0,0,0,0,0,0,0,0,0,0,0,0,0,0,0,0,0,0,0,0,0,0,0,0,0,0,0,0,0,0,0,0,0,0,0,0,0,0,0,0,0,0,0,0,0,0,0,0,0,0,0,0,0,0,0,0,0,0,0,0,0,0,0,0,0,0,0,0,0,0,0,0,0,0,0,0,0,0,0,0,0,0,0,0,0,0,0,0,0,0,0,0,0,0,0,0,0,0,0,0,0,0,0,0,0,0,0,0,0,0,0,0,0,0,0,0,0,0,0
420,0,0,0,0,0,0,0,0,0,0,0,0,0,0,0,0,0,0,0,0,0,0,0,0,0,0,0,0,0,0,0,0,0,0,0,0,0,0,0,0,0,0,0,0,0,0,0,0,0,0,0,0,0,0,0,0,0,0,0,0,0,0,0,0,0,0,0,0,0,0,0,0,0,0,0,0,0,0,0,0,0,0,0,0,0,0,0,0,0,0,0,0,0,0,0,0,0,0,0,0,0,0,0,0,0,0,0,0,0,0,0,0,0,0,0,0,0,0,0,0,0,0,0,0,0,0,0,0,0,0,0,0,0,0,0,0,0,0,0,0,0,0,0,0,0,0,0,0,0,0,0,0,0,0,0,0,0,0,0,0,0,0,0,0,0,0,0,0,0,0,0,0,0,0,0,0,0,0,0,0,0,0,0,0,0,0,0,0,0,0,0,0,0,0,0,0,0,0,0,0
421,55607.6515388357,77914.0034674212,76660.2962312634,76667.7542570066,18775.4126805946,82325.4077998565,78786.5435950509,32381.7388268804,76978.3011637796,39297.1995113567,38820.2887672717,55732.7157922797,23742.7112287473,50545.2168147287,62538.2610155620,65674.2125037987,52670.4050958156,15413.8841299729,52810.5363062262,60349.2183660484,56781.3680949674,29814.0138373138,29385.4640457830,30434.1653218812,49009.0489964448,68234.0289504938,15118.2303774186,40768.7128674415,20425.9323333368,74012.5851880870,48246.6938416933,65072.0511520557,42461.6332189435,53090.2142412543,32761.1960667921,64031.2753284043,43384.9560641866,43131.2808562352,21708.0647269543,53673.2327052582,69889.8874837358,66271.1153324792,10326.3183639895,36388.8376055010,21429.9222833934,65054.7620482351,54471.2923409218,66324.6340452333,40137.4926691801,28306.5769285536,54297.7199771521,68273.2452741838,9237.1320451534,68133.0844749380,57545.8164326189,31156.0558752169,19876.1247324884,8392.3936433642,21650.1858387771,23349.3153342075,44092.4473993012,51978.0441481898,29737.0170505714,57228.6378102156,32174.9449666552,41017.6485693486,46235.1762740488,72758.2905116186,70492.2196342022,62667.2251878450,49915.9030138535,55075.6805053632,31103.1791020493,42867.5140979372,44110.4976580465,15644.6608961153,68877.5655184606,60239.2709321262,19422.6773056457,45854.7489410219,44556.9568967022,78944.1798935204,18423.3644191885,29203.0903217759,16548.6895577885,60785.4411864985,61453.6131285095,64061.4908923830,24883.4353805002,56564.7748736002,56668.0019522616,68129.5027730884,77433.4230882528,34519.5060256103,0.0000000000,60260.9638824663,46954.2628315276,65955.6262109511,62559.3190374512,22066.9273889068,12455.3894420209,49580.0592422693,72775.6138412506,28789.1209913679,42715.6734790498,35641.5897669192,40619.7589877348,50140.0264063257,38853.3614459409,49188.6563197722,51561.7220990940,37566.0124315525,68232.9458180714,28540.7026745456,57755.2658402262,39599.2181886329,16418.0357593202,36547.8730304396,22026.6391799134,46589.9092325385,9469.7864643292,42828.0863003782,47407.7421609701,37146.9077435527,50474.4665761726,32379.7583571751,53396.2588886326,48674.7056281164,52133.4344568167,63657.3846102269,14508.4746891485,58878.3064902495,33336.8081888452,13979.1391356034,61908.6536751722,24928.4432514317,30310.3132082331,25211.2345472125,66558.1142291475,8646.5460822954,27004.6403948499,55237.1886573157,43367.8922240471,61079.2471472634,22924.2384348199,11973.4529009343,67020.4731075880,46056.1767683322,49848.0427244153,58909.8174810394,50807.2712480972,56563.9567269692,21191.5299632618,66209.8813853158,70202.7953122540,57035.1783635120,34206.9270881939,14311.0368943861,46989.8168744085,23969.5240484952,4519.1617897071,62593.9811765724,50947.9296859913,15874.1727829958,76916.7919505293,21365.1280932985,8991.3182551217,36215.4729273569,24638.7204538260,76617.1002836892,28977.8476711221,26737.8738126576,44420.4593853436,64800.5593641602,27140.3252684773,72302.4816833640,19183.1272988678,58298.4763765779,35139.1114775130,45259.1189254286,41297.0135986168,36270.9283205049,65353.4781431252,33918.2441686973,24354.2211448915,74128.2055448115,30777.4025150881,47732.7893203532,47352.8428148302,54918.0853102380,33907.6593152444,50556.0027104737,27885.1082103745,35127.1936656180,83128.9079252392,37462.4268210130,35795.1956342952,52395.9813504059,43319.1056930090,37105.0371920043
422,0,0,0,0,0,0,0,0,0,0,0,0,0,0,0,0,0,0,0,0,0,0,0,0,0,0,0,0,0,0,0,0,0,0,0,0,0,0,0,0,0,0,0,0,0,0,0,0,0,0,0,0,0,0,0,0,0,0,0,0,0,0,0,0,0,0,0,0,0,0,0,0,0,0,0,0,0,0,0,0,0,0,0,0,0,0,0,0,0,0,0,0,0,0,0,0,0,0,0,0,0,0,0,0,0,0,0,0,0,0,0,0,0,0,0,0,0,0,0,0,0,0,0,0,0,0,0,0,0,0,0,0,0,0,0,0,0,0,0,0,0,0,0,0,0,0,0,0,0,0,0,0,0,0,0,0,0,0,0,0,0,0,0,0,0,0,0,0,0,0,0,0,0,0,0,0,0,0,0,0,0,0,0,0,0,0,0,0,0,0,0,0,0,0,0,0,0,0,0,0
423,53064.4739340790,79818.5924865903,71532.4559319987,80467.0406556753,24444.8215100042,76770.9831498585,76778.7005221845,26580.8145789765,77761.4227075485,38907.7451659623,41824.5408807676,59686.5958438051,21794.3234855231,46468.8954923250,56753.7608319568,65648.3927647743,52915.2039621315,5740.3358436851,54656.7554353105,54784.4253467120,54671.5366810900,32688.4090023626,25742.7802337419,35610.1479877494,43609.6325056575,67258.5983874518,18776.8923602277,39414.4056519728,20246.9401009724,68231.0289280573,42453.6203320493,67798.4245400872,39056.7430793988,54981.0806604527,33774.1820230204,58585.6067692944,47817.4832735590,40428.7423464651,16688.7346061922,52995.1581894505,68710.5795195318,67741.6509663778,14231.9152410223,31263.1229373848,16142.8582228962,66406.4517965827,53254.7692189778,66537.8590907122,41778.2488871887,32174.0741189048,54896.8162616511,65875.3338975663,9069.6390484041,62848.2562203393,52525.7352327290,29493.3681606864,25423.0823002247,14109.8529986604,22698.2805098059,27706.5694249883,45190.1145015303,46234.8868303050,30579.7004430360,53737.9327397228,28796.1996103477,35358.9772091779,44755.1722210308,66966.7549926013,64888.6301332424,60843.3406748300,44340.9638540219,58235.5256773960,30404.4303431180,38322.1744755541,43952.1890993631,9866.0021743201,70946.6312273055,59703.1583178075,16675.2889176062,43490.9260368139,45103.2715021719,73597.8476269177,20860.2384677310,31661.8562434740,13406.1807913757,61684.3880951364,60010.9389933522,58329.0803811177,19126.8069665133,50993.9100729035,50874.3362018128,62423.5024381057,71741.6257012920,39008.1846417796,6554.0746899373,62457.1796177924,50734.9509281815,60151.9798538706,61852.0881339892,26721.5764171184,12816.0151064934,46237.2426304909,74220.3790628342,23238.4599566373,44781.8593034818,32612.8784394100,34820.1693225431,46935.1552536209,37206.7603309237,44204.3134681343,52626.4529955185,35275.3034238211,69080.8547415488,23810.5677891144,59031.6496091895,43451.4609725040,21262.6102269503,32535.2658629523,24948.0270996007,46086.2962812467,8878.7793006964,39291.8436132862,46430.4406465495,37899.2923293447,53004.1033459800,31948.5065551981,51971.1209681929,49874.6947098659,50233.6817053523,58480.6711812076,15793.5326746513,58807.8253745156,35252.6797501425,19116.0164963152,60755.9617979981,26889.8819671869,28327.9129173373,23065.6618958160,66141.9880538007,12436.5691141758,32568.9374565018,49914.2544907389,38148.7282856480,55382.3606234147,19481.5888702725,17599.5257329951,65285.3352270083,47943.4122602933,47153.5822583080,59100.8737582683,50822.4778444410,50764.2147812446,26993.6021130024,60724.6109172497,64476.7297857682,51343.4558327542,37775.9579457713,20078.9280109763,41330.9450220778,19969.2825449896,6275.1072390085,60331.2936505645,50494.4058589005,11010.6461907010,80381.1109712959,15593.5763798876,11279.3191688959,35904.9732699638,24381.4032635028,71068.2093725555,33623.6911254217,26408.3767996842,38816.2950455115,59198.7269529418,28704.0324481809,66495.9258497443,23012.4057962554,56212.3829661726,33770.3302088087,41157.5823824292,41774.1670841147,30540.2029031130,59722.2981166858,35763.9346569496,29587.4834233019,68721.0025366359,28126.5958791491,49596.9270165796,47921.0833212620,51891.4196653519,36733.3120790569,44752.2069604579,25065.1141608202,30474.9506935221,77697.9672275107,34224.8761758294,33571.1572434808,46663.9317034957,37547.6566865230,31588.9193594593
424,0,0,0,0,0,0,0,0,0,0,0,0,0,0,0,0,0,0,0,0,0,0,0,0,0,0,0,0,0,0,0,0,0,0,0,0,0,0,0,0,0,0,0,0,0,0,0,0,0,0,0,0,0,0,0,0,0,0,0,0,0,0,0,0,0,0,0,0,0,0,0,0,0,0,0,0,0,0,0,0,0,0,0,0,0,0,0,0,0,0,0,0,0,0,0,0,0,0,0,0,0,0,0,0,0,0,0,0,0,0,0,0,0,0,0,0,0,0,0,0,0,0,0,0,0,0,0,0,0,0,0,0,0,0,0,0,0,0,0,0,0,0,0,0,0,0,0,0,0,0,0,0,0,0,0,0,0,0,0,0,0,0,0,0,0,0,0,0,0,0,0,0,0,0,0,0,0,0,0,0,0,0,0,0,0,0,0,0,0,0,0,0,0,0,0,0,0,0,0,0
425,67170.3854789702,73195.4633900015,92463.6954649527,68064.5478333103,6000.5076509512,99989.7853734173,85962.6992761799,50274.4645996821,78728.3653080511,44204.7216938776,35847.7079778992,44768.4675233270,36408.4756286214,64059.6080939252,80328.9617277919,67549.6598157863,57204.2863492204,25420.0810247040,49580.5833788701,78059.7427632207,65027.0420970972,26158.2650444537,43003.1324343149,18471.3720965713,65754.1390763694,75378.2290348757,17611.4817227621,50355.4045727089,28447.6490455596,91987.6758328599,66220.8510135887,58102.5866591562,56399.9666854530,52546.8530766044,37227.5349544940,80789.1390646297,33853.7827490279,53654.0004029837,38993.0882437820,58135.8936934051,74980.5773258780,66304.2850521635,14579.1703774239,52688.4599762088,38437.7670974077,62674.7913263010,62842.9729999910,70203.5803226130,38874.8110467287,23893.2139421250,54939.0909028538,76852.8388229020,23383.7425051360,85340.4056291076,73244.7915585119,40327.0334757121,8114.5504300579,10296.6343319954,28536.9963418627,15423.2652514717,46841.2344753569,69633.3894971244,32704.6627111520,70882.7024926770,46569.9604013039,58471.0919125178,53429.8970965236,90574.4114819729,88250.1690015714,72229.7940974737,67660.8797790567,47113.9359025360,40177.2140286537,57718.9155831083,50414.7084359514,33620.3973491645,63966.2964521571,66521.4009231482,32642.5407096769,57429.2080006634,46193.5774781430,96234.9252597236,20511.2294949607,29945.5629231952,32045.0849325489,62890.9290955168,67648.0672769363,81999.8857950135,42852.6676141569,73705.1201444691,74641.9213613742,85632.9195674081,95317.8161383707,25823.2918727847,17975.7498757148,55357.3892368037,39976.0174681646,83914.3640470616,66601.8461209815,15962.0138287929,22782.7512058815,61333.8123016458,69745.7474061004,46102.3675633920,42552.1488339041,47459.2029339697,58588.2621865989,63379.0820131596,47107.8188932388,64921.1144605948,53756.9795588495,49485.1245572905,70127.3987905485,44302.5038159530,56035.4775656918,33116.7052979119,10199.5078483486,50469.0588548213,23377.8130961199,51087.4958622896,27176.8882221078,55358.4480477476,55585.9633824903,39072.2059433011,45099.4967407596,38337.8103256129,59964.5094335726,47892.5615628206,62317.0096678020,79696.1120387935,23643.5142129745,61246.9941296915,32259.2956867182,10941.3080531111,69771.4054801378,25799.0011122466,42226.7840649713,36313.6583971230,72227.4308537035,16653.3422869871,12560.0385126228,71732.1247466727,59748.0727590163,78568.6445400421,38100.0673669221,6843.8416811131,73802.4038196239,43288.7277619449,59964.8848942358,63218.3388843663,53465.4732343613,74431.7344129832,5553.3368920459,83779.9457924483,88132.6927847977,74929.4311984180,29757.2051296455,3833.6091807684,64414.7720848631,38715.9368475998,20413.0526132408,71004.4941013525,57526.8345886067,33214.2451013254,69586.6653955251,39193.8785286253,12947.2333045086,43710.1133510145,33804.7513781557,94278.5466782241,20564.8108178815,33475.9177551298,62216.9376845584,81994.8542712089,31158.5064971442,90237.9702541635,15861.4230884757,68671.6280024871,45260.3808836273,59008.2746901371,46135.6389125063,53934.4014832665,83158.5887230349,35706.6678999098,13506.9363201286,91543.5125563281,42209.2363348171,47721.9732050975,51359.9638572630,67609.4023693310,32387.6654861210,68452.8476880777,41609.9083252497,50467.1707445049,100570.0664607072,51300.1887413167,45750.9790659614,70337.3967647843,61084.1767728053,54246.4740204367
426,15657.7255764951,122882.7304176583,96276.7404104381,62605.4125980724,56694.3061065183,69951.5499234967,117631.4987409975,49061.1474215589,38581.2199371878,82508.2809903676,31276.1849024484,98301.7574652096,22121.5894909134,81727.2329840683,69907.2595133253,109298.8421813768,14677.0427802802,47130.6356760063,97791.0461642258,53349.8294103438,95842.1789209166,74551.5639272608,65207.1155955378,47902.1259510661,69242.4530161204,23486.0766446503,36257.8757698724,2624.2041144302,64029.2589709931,71816.1887819801,54091.9492388632,109625.1767586210,18086.3145296585,27788.0600067835,18364.7754998122,80711.2417947512,46083.7353410215,80898.0797262146,34622.5785017591,96279.8750998131,111252.9393427683,33747.0533610761,54990.7165315718,62712.2388071086,51642.3032517572,109953.0183455397,9496.9218579681,25717.4828179343,85088.5844743158,35948.9876670940,98682.8673837954,106018.3446516296,35780.1717730661,53039.6962089161,80721.5047492274,72268.6394781641,47881.7207155542,46104.4777463040,25375.5270381756,66425.4497109560,17555.6970770488,64145.0746971111,74281.4764015736,24259.4673956879,20562.3245616435,59008.4962593878,87284.1248942675,77515.7623620162,61773.2027590884,18368.4635659507,47087.5393550603,99211.7159260750,14037.0702865785,72192.9389786466,7932.7180300278,42280.1553985573,113817.2200973883,16686.6574894105,59042.4776377886,9446.3895692211,88888.7192740006,62608.2722659616,63400.2475439018,27144.4800247421,31006.6591772907,25248.5941306635,102281.3316422045,61326.2871834760,42435.3691975397,72292.3600776542,59703.2904753950,78111.8597725737,70097.7400595467,42573.5254240707,44980.5355217234,105172.4113525708,41402.9325535247,67926.2584955898,105032.4266753729,40681.8763216037,56493.5329752773,84490.2872032833,117710.3264958074,53317.4449249448,24810.9719307855,72877.1615367023,50373.8685139696,17920.2513001907,79725.9516769698,74043.2991854389,20223.1468344585,11284.1082753686,31099.9423676621,59696.4239770272,102615.4325897797,38685.5674506450,59079.8886518865,69802.4813857092,31247.8014221435,89563.6563916781,40011.2298365411,77479.3864661200,960.6133491743,81645.9803647941,95256.6243253922,75589.9098057580,94417.7757176491,93486.1487679505,9093.8230297719,84218.6937041339,31422.7556638944,102457.7556671070,78315.0963584848,42921.0690675232,16976.9364499210,69899.9294785944,15949.0784435958,65613.5038083565,23183.3260212414,39089.7686599013,51322.1445883147,75264.9012315878,67071.6119737503,72710.1967201019,26657.5373309175,52460.8000698249,106947.4901777542,91036.6846025488,87265.6461266459,19083.4203555558,94530.8262172124,63961.2657177256,53841.6625409984,55616.8246117026,65710.1237466269,54784.5022920805,34670.3852522581,48982.7157551813,63115.2931601946,59436.5866190741,50724.6827394147,100982.9013095816,8801.9211813982,36239.1124693879,59406.7707009733,46283.7016461943,49392.8774491156,10352.6619159710,20655.5449330427,65139.8076495577,42121.9128145304,70130.9228414134,44935.6192495343,78284.4876267983,23499.1377937268,74044.1264295460,63385.0949464004,15219.3819920894,10030.2831207429,76901.9159175643,12692.5162187418,54237.5186907342,58700.9081958991,22720.6243188784,46081.9038837706,59958.9123853909,69557.2590040195,24878.1614566388,14336.0329942449,18848.7156836272,29160.0163461668,59106.4406269379,20684.0659474346,65197.8890801791,67758.3358202108,17481.0317183010,75387.2367019651,53282.0385521714,56995.5413914061,58930.7937375449
427,0,0,0,0,0,0,0,0,0,0,0,0,0,0,0,0,0,0,0,0,0,0,0,0,0,0,0,0,0,0,0,0,0,0,0,0,0,0,0,0,0,0,0,0,0,0,0,0,0,0,0,0,0,0,0,0,0,0,0,0,0,0,0,0,0,0,0,0,0,0,0,0,0,0,0,0,0,0,0,0,0,0,0,0,0,0,0,0,0,0,0,0,0,0,0,0,0,0,0,0,0,0,0,0,0,0,0,0,0,0,0,0,0,0,0,0,0,0,0,0,0,0,0,0,0,0,0,0,0,0,0,0,0,0,0,0,0,0,0,0,0,0,0,0,0,0,0,0,0,0,0,0,0,0,0,0,0,0,0,0,0,0,0,0,0,0,0,0,0,0,0,0,0,0,0,0,0,0,0,0,0,0,0,0,0,0,0,0,0,0,0,0,0,0,0,0,0,0,0,0
428,14556.2399578396,129702.6433747903,101946.5466009091,61398.4933778458,62865.8558413724,72093.3133170463,124560.8484318215,55461.7799496467,32840.0512880869,89540.8651916042,34153.8474883809,104584.5978486015,29158.1808415053,88393.0600234269,74818.4123035428,116330.6197248160,11779.3537577222,54156.9287126930,104642.2467565876,57049.2753795504,102811.0115941145,81293.9854696862,72169.1811380432,52546.8329452152,75356.3521691079,16467.8058837725,42430.7224581894,11499.0602879831,71036.2976906254,75481.0452966550,59382.3435793436,116273.4770625143,22732.7925566214,26933.6631508604,23325.8963115621,86324.4244030108,48874.3430621074,87856.2956421853,41482.0280915991,103319.8591598486,118274.0228732219,29973.4220280900,61768.7452088194,69326.8386161779,58574.9209001342,116870.1632542624,1352.9317527936,19814.6880795831,91979.2835781870,40603.8980966076,105676.3497617192,112917.0499769570,42679.5032593090,55401.1735662452,86876.1729089329,79306.6189885118,53592.4943007527,52605.0612055640,31700.4038302423,72939.4505881066,18968.7810484628,69704.2980431649,81247.6247066283,24787.1665095018,27042.4312775482,65188.4061968964,94312.6155360991,81930.7150141116,64819.0593109189,12972.9960378358,51729.3472555989,105773.3421849993,20766.1954515533,78842.3918653203,10386.0231656728,49279.7310719124,120612.0962030438,10009.1391889222,66081.0436813778,13108.5197619001,95882.1127989136,64297.6459675678,70248.7002742923,31933.7442032379,38046.6398736878,21324.7456748028,109294.9944313450,65276.4543293921,49138.5988723123,77976.9297961521,64452.8457030872,83109.2991079177,73060.1615022936,46489.1605059476,51846.5356353822,111952.5544663726,43252.6625571251,72260.7849283460,112071.5336024807,46079.2481273722,63467.6623692174,91325.8858688681,124612.5301986447,60019.0616070158,26679.4643727394,79844.5844915282,56201.3635597806,20110.0807941224,86757.2179037703,80404.9757643015,18897.2127221953,17751.9517490332,26078.9287540761,66560.2107591983,109543.4319774731,41664.3759246414,65614.4429991732,76652.8380439435,36900.5650697520,96601.4474665252,47043.9855138239,84337.9352049411,5146.4008965852,88621.5791440850,101988.1015947037,82619.0260471208,101441.0651677939,100423.8667443292,8359.8017730133,90119.1964764388,38056.7616400029,109489.1436781506,85180.4497150028,49043.3699798245,10071.8927210736,76774.9628489161,22970.4861097030,72650.9965640109,16385.2821632593,45678.3300207484,56486.0761403585,81256.0174506326,73463.9393652735,77998.6241649881,33625.3740470940,58927.1944792372,113931.0737861232,97888.8039537306,94194.3445392647,14129.0877024324,101556.1105108133,69050.3197331968,59662.5919721097,58633.7985454910,69247.6488890730,59084.5295415347,38431.5335371021,55161.5019257679,69045.8751352572,66421.4122440184,57675.4869121586,107918.3475800625,4036.9314732852,43255.1149698684,57666.9430419180,53159.3261615527,56114.9103852952,16271.8850055916,27341.4882351154,67601.9966164642,46750.4628296703,77151.6094137542,50122.8954201981,83638.2773567505,29028.3983326866,78171.7394805313,70059.6786691718,11627.9175966045,17060.7176964199,83627.8156989226,15652.4220113100,60550.5244925682,62196.5888841842,26857.4098510825,51324.2077787029,62157.4915243413,76569.4418514600,25334.0448284022,14323.2115169959,19137.3155629213,32993.3976742816,64476.9154067901,27605.0738330924,71958.3732308543,69438.8197890336,23303.4627205218,82403.2438520006,58052.0234740959,62903.9248462884,65365.1498447731
429,10981.6491840980,133140.5295509522,101690.2413228965,65294.1084799366,67001.2135150831,69171.4237924721,126359.9018808588,56312.3173445753,33850.5494267503,92275.2363867445,38974.8607189176,108646.8414824542,31996.2604844758,89580.5774972236,73880.2179038906,119056.1495033001,15773.6528108467,57000.0780915026,108024.5903710618,55226.1970673730,104780.9814073797,84870.5188287029,74160.1433403701,57247.0263724407,75711.5101775431,14169.5591726144,46554.0245673355,14458.6049500083,73975.2127361903,73529.7833156792,58886.2670415319,119974.8963603866,22331.2582691132,31190.3703118073,27892.0791374277,86044.5037908614,53687.6771772979,89802.8042051390,43285.2007141101,105863.5377941367,120516.8573755191,32806.9381188409,65297.3630042672,70468.2591538971,60498.1869150077,120098.3841920486,545.6477453713,20991.6251261956,95280.7197537702,45288.7665943461,108654.9488562122,114626.6791032360,46002.0863251542,52699.4716911144,87250.3357230390,81785.6890922341,57974.6352575252,56473.9557847048,35707.8867979511,76795.4449993365,23748.3024506369,69427.6289981373,84346.5755291204,21529.9242847111,28350.3304615023,65673.0672574233,96642.0085136690,80534.3838500719,62490.4398836068,11483.1709216387,50697.0242569511,109578.1579445365,24400.7264673367,80020.4094800916,15162.6600183282,51508.7999158090,124096.3308404835,10589.5701262990,68596.2885033907,12866.9232913860,98866.3371276638,61157.5413002616,73649.5749742600,36573.6398144050,40729.0891646921,24283.9407452307,111490.7037445156,63586.9633438251,50543.6544818474,77803.5272888772,63421.3505857087,82219.1190850897,70636.7142460721,51280.9850576712,55226.7004433227,115463.2232792940,47995.0384338439,70837.8193464858,114550.4525752261,50576.7012586693,66554.9709869235,92886.7273583642,127876.6271968092,61363.1345476966,31462.2085483305,81841.4792044921,56298.9589663266,18084.1634725329,89124.7897942120,81092.6022721663,23154.5687044866,19376.4699241879,28016.8238497149,68252.0808778049,112744.7947174253,46485.1523446656,69449.6128987775,78281.6547503554,41287.0620520875,99250.7224413991,49845.0346096806,85972.1901903667,8657.2203754821,91682.1006378775,105576.8296898562,85396.0674862779,103715.8912491594,103601.2716409956,3318.5123115348,90159.7457838073,41788.2553487312,112222.7498758338,88540.1720279624,53204.0542770039,8175.9152382867,80118.1302274835,25543.6249840577,75129.4618221822,16024.5384943552,49458.0721633876,61067.8048004654,81433.7099855438,74220.1635514625,77407.3022343493,35819.1145453842,62828.8748897233,115955.7688501645,101271.1944067995,96023.9362212332,16677.6080099791,104351.8523837749,68303.9482765335,63997.6606726347,56324.0443651835,67233.2418255442,57708.6103582532,43229.2071729158,59288.8648498993,69194.6133906846,68522.5697056728,60845.3156764758,109754.3898250631,9843.7768854118,45606.4777177739,61350.6889650286,54934.2321153061,59729.0933631131,20449.7191291694,31019.2161802523,64889.2116527936,51448.1262126449,80002.1269056932,49599.5598698836,83092.9239952561,33444.1206563237,76558.3616285224,73733.1593379113,7484.7383026392,20101.0079802881,84948.3058842273,20450.4845078010,61243.4368605626,60191.5340342477,31596.0834027915,55877.9960802565,59315.7798579003,78795.7549696255,29933.3300728360,18993.2772408935,16004.9506501772,37779.0051809121,64030.1751627514,29723.7295206360,73383.4696899430,66270.9650987781,23943.5100312414,84645.6338705315,57079.8433616417,63055.8960080429,66217.5178699467
430,0,0,0,0,0,0,0,0,0,0,0,0,0,0,0,0,0,0,0,0,0,0,0,0,0,0,0,0,0,0,0,0,0,0,0,0,0,0,0,0,0,0,0,0,0,0,0,0,0,0,0,0,0,0,0,0,0,0,0,0,0,0,0,0,0,0,0,0,0,0,0,0,0,0,0,0,0,0,0,0,0,0,0,0,0,0,0,0,0,0,0,0,0,0,0,0,0,0,0,0,0,0,0,0,0,0,0,0,0,0,0,0,0,0,0,0,0,0,0,0,0,0,0,0,0,0,0,0,0,0,0,0,0,0,0,0,0,0,0,0,0,0,0,0,0,0,0,0,0,0,0,0,0,0,0,0,0,0,0,0,0,0,0,0,0,0,0,0,0,0,0,0,0,0,0,0,0,0,0,0,0,0,0,0,0,0,0,0,0,0,0,0,0,0,0,0,0,0,0,0
431,13248.4451378300,129188.2759157558,100521.9177409465,62757.9420031022,62703.1462003357,70610.9679963394,123508.1901275310,54187.8189201844,34300.4977609949,88753.8368064355,34858.4003043001,104381.6944039324,28368.8835265804,87195.5446170142,73327.6553540756,115545.0377198518,13182.3061288398,53395.0125804530,104101.6007898312,55523.4271497379,101799.0591557485,80835.4506807800,71155.1917358907,52879.3953534736,74007.9589689130,17250.6499278956,42255.2679990922,10676.8957044742,70315.6275656309,73955.0773697377,57924.9331504675,115878.4653338117,21257.9664667056,28205.7661567138,23499.9047895570,84895.0573019413,49627.7628330036,86835.1378708429,40401.0959320261,102473.3998064094,117339.3758543232,31488.2896502220,61283.3867585453,68114.5169584511,57537.2969625420,116267.7437048908,1207.1832792950,21272.7644435263,91403.0515869037,40916.6811068452,104977.5375845817,111840.8304771970,42094.3320945207,53903.5959531866,85533.2568495444,78434.8007846501,53601.8382003243,52284.6330749716,31447.8026554761,72617.2974832303,19857.1670087427,68272.1194835161,80589.1367539475,23374.1035054115,25825.4562953578,63856.8634768938,93399.2073468610,80415.6408105060,63300.2979725978,12660.6012871071,50228.5057445969,105428.9031309003,20294.1408364550,77640.5273197446,10899.6948529423,48319.7330637657,120117.1429265464,11332.5577488898,65216.0399394532,11618.6039124539,95183.7895153597,62840.2197749240,69709.4903179162,32190.0223634785,37216.6734445975,22838.0356043190,108345.6741801545,63752.2517738162,47971.2364642424,76558.3198535929,62954.4963621199,81622.9624593849,71544.4159019882,46996.4073565767,51291.5483866282,111468.4629163777,44171.6099038225,70744.0519347168,111206.2261536722,46185.7428249061,62799.3984431384,90210.5191370547,124025.2668116006,58844.9973551836,27544.1650734440,78834.6093181160,54810.2628810608,18593.1632628856,85853.4630707464,79111.4090949664,20187.4049738633,16571.7525719209,27596.1594689956,65468.3983904499,108929.5155645254,42367.4441779265,65279.7712025114,75549.5665218364,36910.8865888564,95787.6637486632,46262.7850424192,83238.1197734526,4132.7841977806,87950.1487671693,101538.3024942101,81844.8429353137,100513.0725969033,99799.2871430767,5986.7374617733,88729.4762849564,37657.0907680682,108705.3403097490,84627.2050129340,48894.0026833795,10675.1902476712,76212.9635799995,22075.6838393270,71776.9462130631,17612.5067513921,45307.9845498273,56674.9731213165,79883.2679925751,72180.3955778951,76536.2552333965,32638.5024994611,58626.4930735695,112935.4064721747,97347.2579901746,93144.5750432811,15654.7124398112,100792.1284513406,67573.0706159929,59636.4351738749,57114.9250163616,67722.0432576141,57568.3400951910,38959.1045021028,54992.2456560027,67666.1163065937,65434.9767593465,57036.8120445137,106872.6950481986,6681.1591242516,42325.8870676598,59074.1594513230,52080.9232079412,55667.2407180745,16111.7163241215,26903.6074864151,66103.1240592715,47080.1816414526,76401.3585496305,48659.8854244830,82181.0464960674,29061.0283005647,76649.5879396145,69644.5639002399,10724.8146897166,16310.5859470355,82457.0469318229,16207.2534940749,59251.3362676983,60671.0397534463,27258.6396826351,51484.6184166911,60669.6414774854,75621.6850397825,26422.2464813610,15384.1567568881,17721.2110703499,33489.5691297672,63025.6512150450,26585.6841846493,70806.9225434218,67983.7042033195,21955.1120463990,81461.7659149584,56556.2689351500,61522.6745346011,64096.0205723070
432,12127.8520720164,130166.9795959443,100447.7148403425,63823.8190178240,63880.8184124614,69773.1277194939,124022.1506332483,54420.4846728983,34520.1178014476,89533.3016869797,36212.4181389998,105536.2407717008,29177.6270491478,87532.2955656926,73052.5916951920,116322.2453833589,14197.4908388132,54205.2736359702,105065.0289333769,54987.9653919758,102360.7870124841,81854.5018296317,71720.8652442119,54210.9298417966,74103.5867341232,16566.1183846439,43432.9383095963,11528.9489302643,71153.4269648091,73392.0462542746,57770.2594362811,116931.5878256494,21081.7429074258,29357.4019942704,24805.5293254732,84811.2319311033,50978.3839026674,87389.3048457095,40906.6610378974,103198.7326245000,117979.4168176974,32216.7603702225,62289.9516163128,68435.0626684865,58081.7943020688,117187.4157178204,209.7645258965,21506.8164133600,92343.8233012833,42246.0123087527,105826.5575295780,112328.7952582690,43043.6265862732,53119.1079320892,85636.7220357790,79141.0583270305,54848.9599884088,53388.7647485649,32596.3790612560,73715.7325202510,21182.9853240527,68184.7012199415,81472.5436392146,22391.4347636388,26174.2134334142,63986.9951385035,94063.1952957826,80012.2453511908,62626.0992043892,11363.8752452597,49915.1624682226,106511.3639093913,21341.9653236538,77973.2644596562,12256.5418493957,48951.6085263203,121109.0460398188,11338.0110384348,65932.1440388804,11427.9485970586,96034.4326582403,61938.1746202276,70679.1936691682,33510.2352770833,37979.7660106414,23581.8433855535,108972.0375481764,63259.2722450000,48362.9263728926,76502.9778422236,62648.7201111516,81364.0720777367,70847.0323496108,48349.6546740430,52256.4905168517,112467.9806824895,45494.1994264580,70329.8577735209,111913.2905931656,47465.3873757715,63679.7902436788,90654.5184980365,124955.0006361633,59222.0533438197,28876.8066391087,79402.6423088582,54825.1948083933,17928.2198444060,86528.0849519532,79303.5722578036,21323.2051520477,17002.7720283220,28060.8624893702,65947.2212766590,109841.6639963771,43721.8397855367,66372.9198331349,76011.5692279076,38162.8536743775,96542.9639428895,47060.7810964169,83702.5092923554,6249.3829990536,88822.5340435643,102560.0730601772,82636.4097676976,101161.7313030348,100704.7493883042,3682.1969827417,88738.0507819725,38724.9016880077,109484.7865444392,85584.6759050593,50080.7090661895,9893.2600597460,77165.9917394672,22804.5625780732,72482.7703439536,17421.4054980619,46387.9368987477,57975.4830055627,79929.3278696640,72390.8813169181,76361.2983449693,33256.7054347764,59739.0746523184,113513.2100768187,98310.8371862107,93665.7052516524,16243.2853910295,101589.1808794090,67350.7914533136,60869.8172577072,56442.6904350038,67138.6895555433,57161.4153483520,40313.9074445474,56168.6602282485,67700.7007300352,66031.8334287161,57941.0482676059,107396.4581787641,7794.1647599830,42992.5650577330,60076.0918083038,52581.3934658622,56698.6538669889,17321.5981227863,27959.7257406752,65322.1004504314,48411.7522097614,77213.8787320507,48491.8879111755,82020.7341549483,30324.0268102508,76183.3339890036,70691.6676948381,9384.3186069237,17182.7480179334,82831.3476079926,17564.2282894108,59440.1212355307,60086.9658364288,28603.5358089669,52778.4051609464,59849.8898469586,76255.3328978420,27685.3311172150,16654.6577833030,16746.5409717244,34842.7175339364,62887.4563219651,27179.0960673226,71209.6698762523,67076.0926550311,22095.1372923731,82100.3565088789,56264.2135421716,61556.1163788153,64332.2814849914
433,14453.0810591990,126495.6024586875,99079.8623720564,62102.3387661383,60000.6416720587,70774.3362676015,121206.6678762200,52287.6205213014,35658.4369624241,86189.2657349152,32827.3145173980,101670.9495653113,25801.8456721984,85126.1903129065,72264.5413152796,112979.9174645010,12975.5618767913,50811.9164972660,101415.9611107637,55007.0041350382,99446.2397779434,78129.4465232161,68805.5902656249,50427.1618448652,72300.4732428342,19804.7860602210,39552.3376042434,8128.6059167024,67707.7652078727,73474.3322786984,56656.7104509087,113163.8950851047,20172.5743002849,27343.8824594421,20964.7067512799,83477.4103535841,47638.6077591346,84493.9211873702,38144.4442113984,99954.2329353499,114900.7322157031,31830.5810943784,58582.0992841394,66076.4817066469,55218.3396907100,113603.7079745511,6115.3033397294,22679.5918310849,88728.7298056609,38457.5378976571,102358.3647922073,109571.7437048361,39420.3022889566,53957.4446872895,83806.6663143020,75936.7996159213,50953.2589409249,49566.0120144641,28734.3280147838,69898.6543762124,18187.7885866837,66873.1590668184,77948.6226430432,24056.7444692710,23818.5106728622,62103.0828944689,90939.5680451457,79596.5922539789,63079.2178796710,15243.8170230894,49269.6443776688,102710.7759164632,17584.9341841766,75580.5748165408,8812.9214316315,45908.2601695338,117419.4933776054,13226.5860290807,62711.8837112772,10764.5204110242,92564.1279027003,63177.9362737620,67022.4176793232,29697.4899980293,34682.0269416478,23205.0563079027,105922.1435094024,63133.6616267124,45852.9010913616,75097.2853900279,61961.0098882860,80522.6808147940,71367.1917898609,44709.6605159719,48608.2140432748,108768.2070454970,42451.0838283732,69955.4054614498,108702.9267502121,43585.6699686719,60162.8344100672,88000.0187922220,121355.5834985021,56736.1293466843,25780.7555711334,76479.8692140856,53252.3672829266,18553.2360858122,83384.5791845160,77252.2385344050,19446.5367324468,14508.8933244171,28532.0778019729,63224.0602452447,106269.9536264626,40319.2581503372,62561.2253306554,73321.5120478496,34268.6468759928,93242.7216783098,43692.2907740227,81004.3636450541,107.5822792156,85316.2241126685,98831.1285180292,79271.2135754781,98067.7516419467,97143.9832031917,9409.7289571402,87153.8529429252,34941.2976801031,106138.8822901999,81944.9854183425,46195.6619042889,13314.0930576302,73533.2955531717,19597.2631234876,69280.8086204399,19673.7866616629,42590.4303204592,54118.4612363576,78251.3473285119,70297.9660280885,75285.3039394662,30258.8337915853,55908.2025910696,110563.0835432721,94661.7472957940,90839.9133314816,16468.6659321692,98212.1029943691,66416.7412016634,56972.8715131108,56898.4021307812,67292.1000814810,56781.6144999368,36704.0163565622,52289.0540231665,66061.7887980837,63052.7381427329,54385.8997390850,104562.2564908772,4888.5055969362,39881.9234267380,58619.5134145259,49818.5040993610,52958.5039787425,13426.5123950239,24190.8867089963,66130.7072926845,44629.4451905343,73811.8025000642,47431.0237714070,80899.6462273615,26434.7322234220,75961.6476821932,66931.6390115081,12803.5828496846,13711.5568746150,80339.0208656516,14079.3751576696,57411.6423698720,60251.7463862329,24899.1824785486,48912.7573123228,60799.5978187030,73196.6597026527,25096.1752982902,14118.1399829494,18444.8862544844,31210.6069140012,61721.5186620627,24247.9111916671,68656.5551490724,68330.1141614826,20299.8276075333,79030.1660576329,55545.3113739871,59926.1030427593,62181.2358627236
434,23902.4431785915,119364.6270403801,100155.4851259121,55173.3011431551,51444.6292915554,77466.1182625920,117704.7715204927,51747.9260016404,36548.0196706073,80792.9046363001,23017.3721684938,93199.5473058896,21664.6085334032,83231.8390855836,75084.0477357875,107466.3893623241,11245.6029463120,45569.3474148717,94469.7474289766,59925.0533624942,95688.5621807056,70825.8157519700,65301.0302199857,40595.6445046498,72402.1223717007,26967.2507645322,31141.2100631573,8947.3343143858,61987.3742869348,78293.2065351478,58895.2687364467,105475.0542144240,24660.1979089604,20649.0008528123,11421.3299469112,84769.9186539170,37839.5002201996,80908.1110929082,35928.3930127138,94907.6882109408,110451.1303879291,29051.1130399337,51520.5236132907,64555.3559720310,52120.3897029365,106967.0622131018,14916.1771272064,24683.9676395736,82014.5465242794,28642.2692917226,96320.0907721238,106327.2084212294,33197.4134989490,60517.1391886914,83703.1571005447,71214.4639264204,41826.6462862297,41731.2175868535,20834.6921815624,61972.8515865945,9540.7503862306,68420.1899845788,71764.0598750231,32527.5429749981,24050.4534341177,62118.5683193591,86433.4034342406,83234.6562310141,68782.7194959436,24906.8854076214,52818.1104295868,94810.9320497176,11807.3082235480,73825.1876826236,294.7968133699,42322.3205054413,110204.0927949091,18367.7220300951,58064.6223435279,17308.2213984740,86558.0734946268,70361.7742949422,60201.4810803431,19963.9842372292,30375.6932551394,21273.5246871618,101622.0504392752,67616.2071778595,44257.2811194614,76283.1819499499,65164.9962864349,83121.4223649630,77121.4214227807,34744.9218063112,42041.9666553969,101513.3715305528,33077.3574346753,73789.9165692257,103757.4446852542,34192.4378211675,54168.7333357656,85247.0480598900,114619.2350820797,54953.0984053027,16517.8008767684,72863.0440085358,54336.7195124364,25914.9605081093,78850.6321602096,76555.4130104699,13977.9531094242,15916.6233448594,28201.0661581465,60502.0422373149,99715.7033102220,30470.3974429917,54720.1203815057,70583.5262682615,25181.6803972706,87995.6634492081,38728.5505894949,78159.0942821654,8195.3537826405,79174.4760710606,91426.2528777350,73827.1998302090,93636.7867995634,90677.2029186842,17082.3474334917,87724.1401703592,27697.5805366261,100635.4126080892,75128.4816067216,37637.2269910055,21380.9723578428,66804.0292793367,17069.9828333589,64632.8887386530,24549.9564557427,35068.2250813747,44530.4492372610,78643.4062382238,69558.4574069339,77343.0427461806,27542.0379786885,47943.1299526782,106617.5554224753,87738.3199908907,87460.6658747730,17271.8019804811,92605.7752113494,68948.5040530156,47947.3942353571,62685.1823522369,72327.7806040044,60791.7508824284,26737.5299782052,43783.0422579814,66721.3459124563,59380.4805995054,48264.6724335563,101069.0101643644,9137.7008355516,36206.5351537376,52328.3629544778,47214.8555903072,45738.5066924043,11480.5114290402,17555.3749811511,72499.0337457367,34797.1624114167,68242.1936324909,50016.7620524626,82780.9857644145,17316.5759533914,80082.0080965063,59456.1099176306,22768.9375410669,11146.1155720484,78204.3628866107,7365.0964474482,57080.6558385883,65398.3114255938,14961.6034037532,39386.2041616573,67484.5185976690,69090.0145594430,17048.8361091788,7799.6154020841,27165.8694837042,21244.0063966500,63732.8905343941,22326.4726660396,66450.5392462567,75498.7208025792,22643.5944744956,74823.2984409385,58785.4364330850,60713.1570278679,61384.1262544803
435,0,0,0,0,0,0,0,0,0,0,0,0,0,0,0,0,0,0,0,0,0,0,0,0,0,0,0,0,0,0,0,0,0,0,0,0,0,0,0,0,0,0,0,0,0,0,0,0,0,0,0,0,0,0,0,0,0,0,0,0,0,0,0,0,0,0,0,0,0,0,0,0,0,0,0,0,0,0,0,0,0,0,0,0,0,0,0,0,0,0,0,0,0,0,0,0,0,0,0,0,0,0,0,0,0,0,0,0,0,0,0,0,0,0,0,0,0,0,0,0,0,0,0,0,0,0,0,0,0,0,0,0,0,0,0,0,0,0,0,0,0,0,0,0,0,0,0,0,0,0,0,0,0,0,0,0,0,0,0,0,0,0,0,0,0,0,0,0,0,0,0,0,0,0,0,0,0,0,0,0,0,0,0,0,0,0,0,0,0,0,0,0,0,0,0,0,0,0,0,0
436,0,0,0,0,0,0,0,0,0,0,0,0,0,0,0,0,0,0,0,0,0,0,0,0,0,0,0,0,0,0,0,0,0,0,0,0,0,0,0,0,0,0,0,0,0,0,0,0,0,0,0,0,0,0,0,0,0,0,0,0,0,0,0,0,0,0,0,0,0,0,0,0,0,0,0,0,0,0,0,0,0,0,0,0,0,0,0,0,0,0,0,0,0,0,0,0,0,0,0,0,0,0,0,0,0,0,0,0,0,0,0,0,0,0,0,0,0,0,0,0,0,0,0,0,0,0,0,0,0,0,0,0,0,0,0,0,0,0,0,0,0,0,0,0,0,0,0,0,0,0,0,0,0,0,0,0,0,0,0,0,0,0,0,0,0,0,0,0,0,0,0,0,0,0,0,0,0,0,0,0,0,0,0,0,0,0,0,0,0,0,0,0,0,0,0,0,0,0,0,0
437,17980.1407134527,121208.4282336637,96569.3678839883,60943.4404473635,54641.7444291733,71599.6256251636,116824.5440920065,48918.8781518617,38607.4466694607,81223.9891714804,28990.9058095920,96300.3838481338,20930.1126818876,81288.9618738938,70617.2049154951,108004.7032953360,13998.5160191279,45826.3692559279,96148.9139230604,54573.8164726383,94962.2212789854,72807.3027744052,64359.4160797742,45573.1558700992,69283.2148969519,24903.2164635977,34194.1869452519,2314.7636827230,62645.9849392813,73014.4503581915,54651.1284797329,107813.1170380017,19214.6483349064,26191.7604085371,16033.4996171076,81050.9844882646,43787.4878885073,80048.2568657293,34016.1239947391,95090.0777008040,110215.0372297744,32967.8903720980,53276.1763955216,62346.7270338444,50870.2645369566,108390.9789288665,11218.9171496552,25932.1417673499,83492.6653421911,33615.8803010859,97257.3096360489,105268.0581444776,34201.6794960145,54663.0693251984,80719.7766845919,71135.4815799486,45693.1509273335,44194.2497081902,23361.6878981707,64527.9073075910,15581.5869916262,64538.9072744590,72800.9994199267,26370.5872102600,20510.7648139793,59018.5003861566,86217.6117422875,78427.3524433321,63187.0245311919,20494.5194802586,47970.9343728807,97344.9768604376,12272.0245632897,71780.3771192529,8527.6225706558,41362.6095670390,112119.2496058675,17516.2296909671,57908.1871381759,11217.8401121909,87464.1025838746,64375.1899145360,61755.7716577436,24813.3359567368,29858.1429320652,24621.1009928927,101274.6165816642,62442.8908757363,42013.3759448296,72601.9028565100,60504.8948799394,78770.0571714264,71522.0085407443,40226.2579285606,43357.2976537467,103461.1079803610,39212.9180482732,68884.6090160920,103872.1791145106,38428.8277146685,55032.3661250149,83845.3685259523,116128.0038808159,52873.1475170138,22676.1118233461,72011.7734133651,50640.8403581065,19804.9119273133,78646.1057663250,73891.6727414553,18867.9001219306,11462.2448313087,30834.6818069087,59031.5735194567,101069.2147841300,36381.3702642454,57192.4098752796,69147.3185921834,29032.4839739631,88320.9972546243,38749.8500166070,76806.0582863749,3551.9119718899,80183.0122465071,93504.4266015130,74287.3773663287,93374.6336983938,91955.1421701684,11437.9489719529,84383.5127505952,29589.1367728221,101162.2974316279,76689.0815709351,40844.3437708622,18565.5933286580,68285.5569958679,15063.9886510187,64489.5838919990,24031.7738341280,37229.0079931414,49041.9277535782,75381.2310694866,66903.3759104261,73234.1128420300,25874.3839479206,50534.4291137271,106028.6887693113,89395.6330264640,86471.0994402251,18979.7115709727,93205.7560440021,64598.3137661462,51682.2312925847,57052.5459000533,66961.4213232193,55784.4674402978,32327.6048022542,46929.4976165004,63288.8356266541,58539.2107916552,49221.0670848893,100169.8735819900,8849.9402986348,35275.3252731620,57885.1909726440,45620.7304277107,47630.0715513846,14252.7431756801,18855.3361284565,66712.4506708346,39790.0119086289,68792.0126390055,45575.4799294725,78767.3135058178,21247.3430113321,75072.7642575267,61587.8967021892,17523.9095001685,8893.8963610557,76401.0881341590,10517.5754016136,54155.4900156404,59980.0752628501,20374.4664846169,43809.3728762786,61608.9472229518,68569.3164470102,23006.6345938425,12798.2121692307,21033.4838980474,26817.6957009728,59612.2243753799,20046.8106208337,64667.2531768866,69519.5810788825,18003.1272139527,74381.8412992576,54090.5114540131,57195.2289668282,58739.2610148202
438,11810.5942703288,129734.2426739858,99852.9181666850,64168.6832218940,63563.1666426376,69319.9431397008,123459.6583468053,53828.3308257860,35102.0903704053,89030.2252943596,36227.2684226678,105200.1455248637,28688.9936976828,86947.6994602616,72472.8689474964,115817.9200875406,14564.0700791389,53713.1824413576,104626.2288454302,54448.8253817942,101806.7307604726,81441.5525860147,71168.2234756536,54071.0764789021,73506.2057560779,17107.7229407945,43117.5163580454,11069.0184561754,70669.0257678454,72859.4217662457,57179.5797622870,116534.6040955050,20490.8063088524,29646.2569745485,24625.0246257259,84216.7923011571,51009.8983998563,86834.1610661872,40345.2671768105,102680.4712737292,117440.6747690847,32700.1642330233,61872.1959689703,67849.2507105456,57525.8703707835,116730.6663000615,608.2749640681,22085.7954258831,91896.0185579255,42102.7356773049,105344.7068371309,111762.3757678016,42602.7454032545,52646.5941258868,85039.4295166331,78618.5700848642,54591.6401693736,53023.1873901705,32262.6432914891,73345.2406861318,21285.5707582533,67590.3113675637,81003.3048947282,21996.3951658801,25593.4326763821,63390.3221930959,93530.1905728686,79449.7176994764,62120.5734491128,11591.2710755587,49339.3147286988,106130.4748356247,20953.7270222350,77388.4157072680,12230.5422866143,48413.3802914486,120682.3326748425,11932.0129374902,65412.6890311535,10835.7748128125,95553.3666190298,61509.8846591758,70244.3665559280,33350.8665824077,37475.5324056535,24058.9574932217,108430.5129186539,62711.9304256579,47785.0938624693,75907.3233445885,62072.3312943365,80782.7319472847,70348.2325744206,48279.4360235355,51821.0289751617,112044.9095664320,45600.9239011168,69768.8520803234,111390.2227169949,47244.5879687514,63210.3701429903,90082.1234484929,124502.0278208546,58642.1347489142,28963.9454343251,78850.2102793816,54227.7482218821,17414.8474143606,85997.7217257917,78708.9862900514,21622.2477179090,16434.9442293226,28607.1617183833,65380.3043675771,109382.1893098174,43733.4673074338,65999.8036666061,75441.9328526406,37912.7656179546,96032.8660290598,46565.6045850146,83133.0515206114,5692.3392476596,88349.1274114687,102147.7210732525,82137.1066365871,100625.1402844363,100242.9735539764,3277.0228479377,88140.7783234451,38340.8483858846,108981.2317207994,85143.9698268517,49771.2033089421,10419.0956542328,76723.7884908305,22294.9227391719,71960.4197912336,18018.2401201762,46009.2770333060,57781.1762471550,79331.6894357289,71797.2375323981,75772.3314203431,32717.3956098538,59377.9830653653,112961.9626842145,97872.2829147933,93104.7708009615,16759.8560801206,101090.9816648302,66765.6608536860,60598.7068277557,55936.3907879546,66610.4842508236,56598.8904671565,40254.5796528274,55850.7218505629,67103.1065636077,65485.3687889443,57480.7691121553,106835.7512042573,8101.6421087711,42462.7212644896,60455.0857727044,52018.3648625944,56293.3119705923,17042.2814891402,27572.4311679593,64848.9060040498,48272.5228090111,76721.1480794564,47901.9434860321,81430.7468531315,30087.5435674106,75631.3419126800,70293.2129560055,9332.8869712445,16721.8884479014,82250.6255549737,17536.8797457397,58845.5628326443,59558.6959557941,28502.2608435670,52575.1553375447,59389.8367658111,75716.0917843674,27876.7269815041,16838.1352440903,16345.9864395106,34773.6014715307,62295.7773537667,26635.8924295038,70632.4027820233,66650.2793525203,21499.6697429656,81562.0038482858,55686.0453479274,60958.5209280350,63740.1824820264
439,0,0,0,0,0,0,0,0,0,0,0,0,0,0,0,0,0,0,0,0,0,0,0,0,0,0,0,0,0,0,0,0,0,0,0,0,0,0,0,0,0,0,0,0,0,0,0,0,0,0,0,0,0,0,0,0,0,0,0,0,0,0,0,0,0,0,0,0,0,0,0,0,0,0,0,0,0,0,0,0,0,0,0,0,0,0,0,0,0,0,0,0,0,0,0,0,0,0,0,0,0,0,0,0,0,0,0,0,0,0,0,0,0,0,0,0,0,0,0,0,0,0,0,0,0,0,0,0,0,0,0,0,0,0,0,0,0,0,0,0,0,0,0,0,0,0,0,0,0,0,0,0,0,0,0,0,0,0,0,0,0,0,0,0,0,0,0,0,0,0,0,0,0,0,0,0,0,0,0,0,0,0,0,0,0,0,0,0,0,0,0,0,0,0,0,0,0,0,0,0
440,60842.1614316367,91502.5336592160,106901.7298736805,48341.0983663605,22754.5682649883,104374.6738197139,105436.0740804111,60399.0952591643,62149.3819553725,63812.3636878499,18839.4604993187,60281.7772946367,35992.0008103288,80720.7999508637,90295.4799533573,87361.6269536876,44044.4503583565,38561.4864521229,68781.4396962949,83271.6569124248,84146.6610328200,45833.6394723925,59436.0158370096,230.8849541969,78878.4022358720,63472.1696655146,17888.1346240544,43364.2057983089,46954.6590920312,99462.8612716413,74656.0392241069,75686.7051789614,54379.8988525570,35579.4510715340,27217.5864489654,93766.4396008862,14076.6444486900,71882.9011144237,45317.4590623582,77886.7895125860,94726.0043392213,49018.5159370814,32588.1930395932,66625.7027011385,51512.1727934987,81891.6353730969,53068.3238879577,55578.3604902154,58591.9175032072,9634.3360342109,74710.1256894517,95947.4208503583,29566.6854851048,88283.4133283547,87867.1833233793,58855.0427059973,12228.4549200715,22771.0455848560,24532.8351519378,34950.9940929949,33174.6683308720,80413.9959910994,52401.1563035593,67226.8943172584,46474.3098518594,70140.1411023159,72716.8283974506,100237.1884792271,93426.3456003525,63101.1652544397,73450.1174814628,64550.3417000850,34497.6812689213,73265.5071494200,39773.5058060957,43748.9731398257,82351.2094202814,54296.3114943471,49121.1083219091,51998.2914804388,66030.7011068796,99144.0053080348,39941.3225644554,18440.6126953040,36505.5815591202,47230.8244865823,87226.5372181907,88812.2720078655,51887.2831346109,85943.9121565595,82848.2605411764,96729.9818024249,101238.2056988225,10661.0674357100,30408.3793362692,73922.1067086195,20324.2680279715,92348.5635571183,86407.3132996465,8915.8816892880,40055.5029918852,79058.7845281430,88698.2180170427,58407.0167151672,26873.7313054205,65008.2110085229,67501.5201977455,59661.3379752977,66045.5433314015,79526.6297126017,38825.2049927663,45502.1959333730,53954.6328550069,58938.9341355689,75477.2124423844,13983.0505621269,29963.0352466983,66758.0158003328,16579.6757698458,70800.4542554621,36614.3623403641,72604.1753646305,46312.1558327052,58896.3926298793,63763.7197832622,57683.4116176951,79434.8482364331,67568.9032918087,54669.0169007580,93849.1343619667,24875.3815441599,81082.5540059389,52060.8831926048,16434.2799358889,58931.5947993211,45567.2785496726,39503.2199399867,53983.0568001976,59072.6056607690,23186.5477442566,12347.0098262176,85235.3818921132,73515.9076901039,89798.7542596267,40671.2643876108,24789.1123886389,93306.7062432086,62711.3925971878,78422.2602508372,49377.3152661257,73299.6511619107,84026.4404985885,16571.8933224166,88135.8811374985,94686.8480072632,81462.0481774266,12761.5401748756,18668.1368114022,76053.2391699732,54273.6950645283,35782.9987099966,90116.1229429426,46341.6020318331,40573.8369480542,49750.1783866583,50212.2018304426,28391.9595866009,35464.6204956433,30083.2249672159,98777.8247403146,6063.8994271724,52533.0115944628,68544.4142869622,94017.8245709477,22761.5972219187,98913.0601341412,35674.2096858978,60740.6073842309,39737.8231359678,75474.2645371598,34619.7370937213,65043.0204065059,88766.3871701040,23293.0545459133,11515.2380224067,95037.5992532284,59862.9708538130,31555.2751212573,38305.0480894084,62772.4490848089,17537.5563899511,77960.2570654828,41392.2736300920,65535.4498548156,103939.3583507866,49717.3806080734,64098.8339293389,77532.7234621315,71579.9900669945,66753.1848108122
441,16026.9183228499,123364.0634412332,97195.7474780250,61830.7584436370,56948.6823497164,70746.2527340604,118403.0542979722,49942.5815066939,37676.5275150521,83144.1911160806,30886.4372200756,98594.7672103549,22772.6413317212,82569.6124329460,70830.1726072407,109932.7114890179,13762.5099985433,47755.7527643114,98286.7014448978,54233.0418571621,96595.5850982489,74996.7654993100,65966.1450120090,47816.4383184172,70144.1923505370,22875.3932425160,36502.5233189048,3966.4004113685,64628.8716574954,72701.4118618918,55016.7874523111,110035.8403812130,18990.0882984213,27005.4886757328,18281.6462287632,81631.9664509220,45705.5027139436,81657.9125510600,35428.1101730732,96947.2974582071,111965.8153525121,32832.2210279747,55449.2175994330,63564.8283686244,52417.0749920213,110484.6225031627,9005.4552239676,24827.9054331074,85604.4855593606,35852.0762365805,99269.0415018259,106802.2150713712,36297.4907568595,53843.5084118769,81619.8817076749,72951.8610625175,48015.3681365367,46455.0540263698,25655.0160920234,66785.2930779328,16931.3778753136,65067.3400633537,74844.9634320378,24865.0310337657,21446.2800480429,59906.9045397505,87987.8565797560,78429.1057316193,62624.2266404651,18172.1841119128,48003.9194287826,99591.1136364198,14452.8360676913,73038.9019150354,11642.8025825511,43018.3151984852,114286.9467897279,15891.6787126453,59723.9611669030,10245.8871747412,89474.7856578216,63366.5645683013,63892.8458192817,27056.6596866823,31676.8826643102,24327.5966051879,103002.4044536334,62222.1491582017,43276.2471998225,73211.7179691487,60623.2204721583,79035.8401378472,70945.9416817571,42357.4594717568,45480.4184458222,105635.3684395237,40900.0534887737,68836.5680060016,105709.3863142439,40739.3714482457,57062.8798957315,85295.2214234311,118233.4004188257,54156.4152926669,24273.7909989266,73632.6566322339,51290.4476790040,18655.2148204758,80425.3868667495,74925.5987461899,19389.4148416526,12181.6134234468,30177.7740770237,60495.2913822573,103153.5042859651,38323.6985943944,59445.3364558450,70604.3272110454,31352.6342412240,90213.8182254038,40649.0843329439,78278.1189039850,3.0800011442,82216.8630741602,95698.6835223787,76219.1290459411,95128.4738123733,94030.2161894161,9289.1299876616,85130.4263140222,31815.1661662586,103090.9086191579,78817.1925458136,43155.9833832787,16432.6483750338,70406.6994979110,16677.4194472617,66298.8478425775,22399.5274651761,39468.6428245014,51338.8292701865,76172.9763036154,67951.5277695683,73634.9280693555,27421.8059129934,52801.9739405734,107691.7331257493,91532.5666768928,88038.7585276348,18165.5733009056,95153.4026397940,64885.6790621557,54004.6408712455,56464.2478115211,66588.3476752000,55692.1682413162,34418.2136178922,49236.2521217871,64026.9319780058,60182.8648712655,51276.3818207827,101752.4493445738,7883.6348585605,36963.5690090063,58594.2472458286,47080.9235560224,49826.4459635501,10454.3442154443,21060.9507716995,65955.2284699567,42027.8186776013,70747.0481684349,45860.1927791299,79208.8329277724,23560.2427494847,74948.2676018728,63801.9259095820,15265.4217953359,10671.8467384433,77733.3953492436,12213.7534024868,55126.3094625472,59575.5573885088,22499.5219606962,46111.0064094586,60754.2437204271,70281.3110814881,24194.0923098814,13557.1719982354,19402.8698096893,28907.8931217576,60030.9366303706,21475.2070312131,66023.1645559635,68517.9229471158,18403.9338179180,76107.0991454937,54201.8896819682,57908.5839754995,59807.2363765756
442,0,0,0,0,0,0,0,0,0,0,0,0,0,0,0,0,0,0,0,0,0,0,0,0,0,0,0,0,0,0,0,0,0,0,0,0,0,0,0,0,0,0,0,0,0,0,0,0,0,0,0,0,0,0,0,0,0,0,0,0,0,0,0,0,0,0,0,0,0,0,0,0,0,0,0,0,0,0,0,0,0,0,0,0,0,0,0,0,0,0,0,0,0,0,0,0,0,0,0,0,0,0,0,0,0,0,0,0,0,0,0,0,0,0,0,0,0,0,0,0,0,0,0,0,0,0,0,0,0,0,0,0,0,0,0,0,0,0,0,0,0,0,0,0,0,0,0,0,0,0,0,0,0,0,0,0,0,0,0,0,0,0,0,0,0,0,0,0,0,0,0,0,0,0,0,0,0,0,0,0,0,0,0,0,0,0,0,0,0,0,0,0,0,0,0,0,0,0,0,0
443,0,0,0,0,0,0,0,0,0,0,0,0,0,0,0,0,0,0,0,0,0,0,0,0,0,0,0,0,0,0,0,0,0,0,0,0,0,0,0,0,0,0,0,0,0,0,0,0,0,0,0,0,0,0,0,0,0,0,0,0,0,0,0,0,0,0,0,0,0,0,0,0,0,0,0,0,0,0,0,0,0,0,0,0,0,0,0,0,0,0,0,0,0,0,0,0,0,0,0,0,0,0,0,0,0,0,0,0,0,0,0,0,0,0,0,0,0,0,0,0,0,0,0,0,0,0,0,0,0,0,0,0,0,0,0,0,0,0,0,0,0,0,0,0,0,0,0,0,0,0,0,0,0,0,0,0,0,0,0,0,0,0,0,0,0,0,0,0,0,0,0,0,0,0,0,0,0,0,0,0,0,0,0,0,0,0,0,0,0,0,0,0,0,0,0,0,0,0,0,0
444,11873.7321250318,133170.6063774205,102372.0534903825,64425.0599775906,66818.5868355186,70058.6857618001,126740.0655841138,56833.6191486942,33050.0900304938,92467.3802167548,38371.2762092045,108493.1889861688,32137.5457576060,90059.3039146543,74633.2689764289,119253.5545786204,14933.3133026161,57159.3176974530,108066.9902537947,56054.0576331926,105127.6230017366,84859.1090957110,74497.0193274069,56810.0003550673,76310.5670991096,13776.4792666963,46370.5561919305,14518.4915236173,74118.5636647580,74369.7978936623,59587.6784444092,119932.4807163364,22987.7689618075,30365.1176854177,27527.1245797705,86726.9624116904,53056.9797869503,90151.3996567302,43641.6673302416,106097.9974215740,120813.5092478911,31915.2396840476,65294.8945805795,70949.8207502669,60842.9478972875,120180.4121686287,105.1700529106,20163.3802511176,95342.0576068808,44861.3813280781,108794.9611893009,115021.5027763412,46044.6088939227,53578.4441317779,87849.1877228678,82029.4891410385,57699.0042399729,56373.7830087143,35556.3652876639,76703.4687411638,23083.8152348408,70106.3132551149,84455.2184289483,22420.3288749345,28772.8553142265,66251.3538722627,96918.6454731731,81331.7605231914,63352.7050406101,12382.7091913717,51453.4317920263,109505.0337135863,24341.6449825739,80498.6695079412,14661.5117182440,51791.7366063700,124113.6423877502,9766.9378586896,68829.3106118347,13459.0650561491,99003.8698013327,62048.8709470677,73682.2296105161,36172.5977641775,40913.0664499168,23391.3447118788,111795.5261168430,64406.1604691479,50973.9066953064,78471.5928193499,64181.5660067522,82968.6671719801,71504.7816180907,50761.9136671850,55259.2775927708,115472.8653688264,47295.4982579356,71636.1064426462,114799.2804257123,50250.2595862752,66662.2820831965,93304.3081568427,127950.4409139496,61808.7733591385,30796.5225497585,82179.1463731978,56926.3507802334,18903.2931888510,89392.5610250305,81645.9300581317,22334.9493905941,19719.4692682510,27150.6196044432,68641.1089152036,112832.7045402877,45878.9612590767,69362.5443206371,78684.5068928344,41005.9499967613,99462.1403344877,50009.9947722996,86375.8199744307,8367.0092379116,91800.9620063248,105564.5850312913,85577.7549242571,104004.3215468204,103694.0082835026,4640.7533692818,90803.2679600158,41721.5400948882,112417.7061970392,88585.9419205114,53009.9091110001,7484.1080780043,80166.6703361424,25728.8276182235,75371.8306813102,15328.6049758455,49381.4923958516,60701.4725398251,82057.8613825747,74761.7851064295,78124.1229177301,36096.0439014752,62720.4927157516,116293.6032042143,101312.8661769282,96394.8820932964,15786.1091157112,104532.3516084738,69035.8131678894,63741.7114270710,57184.4530325270,68076.7984482802,58500.0359917120,42702.4731710843,59107.5165588431,69819.6870227356,68837.1546736713,60931.3736117346,110126.1224236026,9099.8937857951,45861.7814006531,60469.8183839094,55303.2122363564,59702.1663692189,20226.9532704009,30958.4275345464,65769.6159412057,51012.5786217167,80166.6028261770,50300.4200504176,83805.6116821327,33148.1812432550,77373.4459213352,73693.2861202260,9155.1331193058,20172.0654389480,85404.6150526536,19925.0899480543,61790.2571427889,61033.4329830276,31129.1073818977,55525.4123822890,60200.2682951148,79089.1841323606,29179.4836603816,18273.6942446240,16889.7155708003,37267.9150301682,64727.4823953785,30006.1209506973,73819.6945408222,67162.7287688250,24460.8518850835,84937.2275380415,57832.3445307726,63678.6695723768,66742.4302060483
445,0,0,0,0,0,0,0,0,0,0,0,0,0,0,0,0,0,0,0,0,0,0,0,0,0,0,0,0,0,0,0,0,0,0,0,0,0,0,0,0,0,0,0,0,0,0,0,0,0,0,0,0,0,0,0,0,0,0,0,0,0,0,0,0,0,0,0,0,0,0,0,0,0,0,0,0,0,0,0,0,0,0,0,0,0,0,0,0,0,0,0,0,0,0,0,0,0,0,0,0,0,0,0,0,0,0,0,0,0,0,0,0,0,0,0,0,0,0,0,0,0,0,0,0,0,0,0,0,0,0,0,0,0,0,0,0,0,0,0,0,0,0,0,0,0,0,0,0,0,0,0,0,0,0,0,0,0,0,0,0,0,0,0,0,0,0,0,0,0,0,0,0,0,0,0,0,0,0,0,0,0,0,0,0,0,0,0,0,0,0,0,0,0,0,0,0,0,0,0,0
446,10872.8821475969,131805.0280951275,100723.9729457793,65143.6913769669,65730.5877985989,68896.2416059259,125093.8641342384,55148.0646274733,34579.0762400753,90943.5174320354,38111.5024033489,107361.4275118403,30657.9567284541,88379.9211312398,73049.6202387147,117725.4596047222,15525.4984150208,55663.6547075013,106687.8758460476,54605.8648504326,103497.8040228660,83541.6055758861,72872.1434865744,56165.8927711419,74629.6917925732,15422.1012522235,45285.6651781499,13122.8105688878,72637.4952211307,72953.3702779525,57954.5132010805,118652.2411610828,21330.5680711524,30847.7685992828,26753.5094359415,85079.5867238413,52861.8725216562,88520.4164645063,42005.6216516386,104540.5662791044,119212.9128501173,33034.9295665710,63967.1202062256,69269.7352930503,59213.5420634519,118759.2217340459,24.1279065733,21642.9272158325,93942.5394295529,44200.7609047053,107317.0976663561,113368.8126171128,44665.9063365383,52341.7504661928,86168.1763889312,80464.8857294666,56758.3934641640,55169.5661699807,34426.1509847458,75487.4613006472,23004.4465519456,68457.0581496704,83007.2788339333,21333.5004053340,27107.5676400808,64567.1266511077,95330.9790352139,79814.2417415725,62019.3820514955,13649.1883253823,49875.8830350944,108263.7251458339,23086.9847863400,78819.3209543253,14189.6013943208,50199.1378755581,122762.4649153251,11279.7517310386,67272.6201029577,11780.5254763650,97528.2879220495,60958.0946113151,72314.0865429106,35463.1275391213,39395.4246773448,24451.5957607820,110189.7610191310,62935.4060622716,49307.0589460512,76815.9652085213,62607.6387450975,81380.4160246693,70198.0829682956,50294.2473313422,53891.4572891882,114130.4970295065,47299.0665604686,70120.9859354256,113231.2409990256,49398.0857533089,65215.6377890709,91642.5052820481,126537.7357396292,60137.3524382552,30710.5323486652,80553.9420996424,55253.4836794755,17452.1336380390,87810.8833864411,79959.7139611589,22803.1416224859,18088.0783997274,28499.0112299169,66990.4307375822,111405.5068071011,45622.2361443070,68140.2731622467,77028.2045870519,40077.3866157122,97922.5783593903,48509.1310655314,84719.2929396155,7499.3413711236,90343.0756628174,104247.8676526512,84062.6767657156,102408.8973951818,102261.9231239771,1529.9577472715,89135.7534251918,40474.1684431096,110891.6067834911,87203.2258685450,51940.3201680729,8697.0821011960,78780.9826066671,24209.4608709704,73808.2099840317,16979.7049547963,48146.3859495995,59919.8954872676,80383.4564159182,73075.4444114259,76502.7229136755,34506.8007461139,61527.0445556878,114668.6099988474,99934.5757063830,94752.7683656180,16936.0352462418,103018.3896589287,67428.9909056683,62768.0760314370,55844.0792203455,66672.1557447455,56973.8554730022,42254.9440015676,58018.1553156958,68145.7614855208,67224.9882485531,59506.1334716430,108483.7416744397,9334.2716669016,44288.0922960528,61291.3287957650,53661.3992675214,58403.8344740795,19212.0290275424,29704.6412505034,64541.1953604791,50366.7251016187,78666.4596983950,48667.4818966057,82180.4602158901,32247.3581358654,75892.0402065126,72410.5118179580,8409.3111342778,18763.3179429109,83730.4827576736,19494.8634507788,60103.9246626373,59624.5136551987,30556.4266675289,54719.3363607153,59008.9122251105,77490.2833540753,29374.2403536996,18372.8820228464,15737.1496056885,36787.5682474400,63090.9607711807,28412.7573836462,72151.3167338385,66083.7390852773,22775.1693670110,83339.5782163649,56249.2496044726,62004.1304539458,65056.6753276535
447,0,0,0,0,0,0,0,0,0,0,0,0,0,0,0,0,0,0,0,0,0,0,0,0,0,0,0,0,0,0,0,0,0,0,0,0,0,0,0,0,0,0,0,0,0,0,0,0,0,0,0,0,0,0,0,0,0,0,0,0,0,0,0,0,0,0,0,0,0,0,0,0,0,0,0,0,0,0,0,0,0,0,0,0,0,0,0,0,0,0,0,0,0,0,0,0,0,0,0,0,0,0,0,0,0,0,0,0,0,0,0,0,0,0,0,0,0,0,0,0,0,0,0,0,0,0,0,0,0,0,0,0,0,0,0,0,0,0,0,0,0,0,0,0,0,0,0,0,0,0,0,0,0,0,0,0,0,0,0,0,0,0,0,0,0,0,0,0,0,0,0,0,0,0,0,0,0,0,0,0,0,0,0,0,0,0,0,0,0,0,0,0,0,0,0,0,0,0,0,0
448,11258.6694480279,130554.6365444575,100086.3187305453,64688.3779392756,64457.4842774526,69002.9631842520,124048.2378084641,54262.9768574963,35000.3803675091,89760.6733126650,37074.9395737898,106086.6363021968,29447.5389817854,87437.8972876604,72574.8058444902,116545.6188591041,15055.3637380514,54463.0271049358,105440.9119501630,54368.5776060643,102422.9925365351,82280.4416779897,71789.9513073678,54977.4900417347,73851.8705976278,16477.5282262514,44013.0822965620,11874.6811484033,71429.3254414739,72755.3271081298,57366.5990854705,117385.5261635241,20691.5226406856,30246.1323981171,25536.6175618970,84445.6124919112,51848.2361821644,87447.6381367977,40942.7422081063,103382.8938425159,118098.0044656801,32956.3466975359,62707.5775814595,68332.8130496847,58138.7182938319,117525.6695306043,222.2300200804,22008.9013005574,92701.4867604012,43009.6456916297,106107.6560051722,112337.1472647035,43417.6293312602,52375.0669823692,85388.2775166705,79313.3138114388,55501.1872436732,53895.6933320800,33151.7426527155,74214.3671048213,22074.3234923531,67819.4794879433,81783.8085463056,21568.1585859818,26114.7445142667,63759.5652345228,94201.6942855134,79460.7868170067,61933.9969533960,10680.1605158329,49420.3151317257,106992.6739190040,21815.4078076145,77877.5246846150,13096.7838442079,49075.3406001002,121508.5328414577,11744.5482436733,66114.1789833795,11064.8257667511,96317.6299099018,61140.7298571592,71063.7798578733,34260.2166558014,38207.6389837546,24332.8196635153,109081.1159109567,62661.1038087280,48315.4494990772,76155.9914393535,62155.0225107878,80894.5371048030,70142.5697724534,49166.6413949814,52640.6383367560,112874.5378482728,46387.2393900428,69773.6494117827,112082.8052968975,48157.4221459907,63991.3290820443,90633.9078110421,125301.2633090131,59160.7084360224,29764.6625515114,79472.1465136836,54526.7709565752,17262.0535778999,86675.4288390660,79113.6165019834,22209.4753481001,17020.4750169494,28677.4173465498,65955.2289774367,110174.0980525808,44583.1437015234,66867.5135383383,76005.7183014206,38823.4499501499,96750.8195175455,47311.2994015058,83697.1519417247,7437.0566394183,89124.0099942772,102986.7541329729,82874.0647069009,101288.0638864974,101032.2854263118,2045.6922652459,88429.0804633169,39202.8637947892,109710.3783478672,85957.0758695798,50668.5850215242,9762.3974306804,77535.5680180877,23021.9020463305,72655.7487297621,17679.5445689287,46874.2690932326,58693.8930392255,79645.1131337073,72214.1742288421,75941.8409600028,33379.4509659778,60252.7889775682,113586.2040431998,98687.3252494589,93699.4781183068,16934.4482320198,101829.2125621776,66904.7825026957,61505.8631200702,55752.4625274319,66492.1494008178,56611.5981082513,41137.5471703548,56745.0720902933,67411.3803424146,66124.8126864272,58273.2741039468,107430.7937574794,8682.1195897625,43144.7534753513,60920.0806205506,52608.5435486252,57139.0836400563,17949.2063784797,28433.4587927610,64578.2164799153,49178.7615439157,77468.7658190561,48083.1024314980,81609.2405348727,30999.6454477307,75597.8299243021,71143.7664172233,10208.5440680373,17521.3557426200,82763.3199789492,18404.8447895472,59252.0973193988,59441.0769736896,29398.9775750338,53488.1249616699,59088.7475819735,76373.5143691055,28587.7258080184,17556.8170409929,15930.4108222136,35660.0808715047,62492.4905101499,27290.1586113226,71163.2585492593,66275.9340415428,21903.2819798942,82221.3331599416,55779.8655003393,61267.4730142155,64174.3544309435
449,15775.8578140505,126456.8847924004,100144.8058120205,60692.9220973166,59620.2363806191,72179.4790727765,121755.9002958020,53145.1797236563,34618.8605733917,86440.1060088561,31709.8816752035,101330.9193112344,26090.9714865753,85864.0393407671,73465.9577577315,113225.5548393101,11596.1872203822,51045.3805357229,101404.9277551926,56339.4958932223,99950.4547016206,78036.8278084137,69320.7480328837,49608.0322027092,73252.6785535985,19639.9899029125,39180.3182316349,8570.9255474453,67890.1141063319,74809.6865800129,57797.2053265133,113007.2708324267,21407.0589611225,25940.5745535588,20244.2118250195,84554.8343318502,46504.6500420815,85012.4811659573,38764.4652027801,100268.5164338084,115312.4924364015,30504.5732950378,58518.4201564075,66841.4422270043,55768.8591138181,113655.2393988488,6802.6263733043,21687.5658006095,88755.0887584829,37645.5853692928,102511.7498331949,110151.2342707831,39466.2934644729,55357.4129481368,84746.2429308418,76284.3490665416,50412.2210499293,49336.9378033971,28435.6098472060,69671.4132805004,16915.6987802551,67962.1435046486,78062.2887595673,25455.6022634099,24648.7975423842,63035.6449818857,91330.9107676198,80861.9059279041,64453.1688247120,15921.4593073856,50507.5705920477,102505.1167105353,17524.0804951617,76327.4620289439,7697.4095570723,46372.3655985023,117361.6046420791,12546.0804375893,63055.9783855537,12088.9122856083,92718.0948351977,64588.6250404542,67012.9699012240,28922.3824140966,35004.9563776185,21893.4545385491,106352.0482958009,64445.5604197302,46573.7817289872,76159.3090559304,63185.0041650424,81711.2164429617,72745.3008761669,43748.9196661099,48618.7557490273,108699.7538119198,41209.8443334317,71229.5938835048,109037.0308052846,42954.5026285167,60290.5884065942,88632.3535761923,121391.0915535100,57456.5602926989,24547.0474019216,76987.4719643335,54281.7892141825,19955.8760761316,83766.5430248935,78122.8723666326,18036.3622975608,15345.0643888754,27354.1159881886,63836.4542192634,106333.8650640843,39212.6205439589,62346.2169004841,73943.5979435173,33718.3343560065,93521.8138580886,43951.4087595887,81619.4629664515,363.1501022087,85442.5383051866,98728.8303587427,79509.2879026452,98474.4394496617,97219.7203907570,8709.4567130940,88164.2770538117,34793.1634344342,106383.3308793280,81948.3021191954,45800.3031397857,13326.6994185420,73546.5566496872,20031.0659629038,69632.8513555972,19048.9541310287,42411.4694982908,53420.9462324168,79238.1537542973,71157.5336160791,76425.9875674875,30775.4629075882,55659.8377852616,111046.1921797367,94652.0580637911,91391.1685415291,15288.7743187787,98435.9696860910,67591.0442314159,56465.7174751989,58273.7056151315,68636.6432404202,58059.3959559333,35719.6797373132,51913.7367772867,67064.9855591532,63537.5709591676,54483.5877250296,105105.6908991696,2561.7649237255,40315.2051852550,57208.8767803102,50422.9723556780,52857.0350169837,13017.2530117943,24086.4633999887,67527.9634283793,43808.8208569320,74024.8848730341,48589.3198156423,82028.4666425306,25855.8154886553,77257.1625637704,66796.1728031655,13852.3287189377,13995.9372505442,81043.7788708509,13001.0720399388,58300.6444151455,61599.0883588220,23993.0041522003,48237.2986387209,62203.5245005529,73632.1350708530,23747.3486991952,12747.5023466605,19837.5167278643,30242.2298910401,62847.4552469922,24819.8591754441,69341.2285409824,69740.8598949124,21330.5477831768,79456.6019859433,56766.5243712444,60935.2066032932,63025.0982256682
450,15248.1769028772,126027.3763257432,99296.8241183784,61404.7619419090,59383.0399603164,71408.9977184399,121056.2195146368,52341.3660032042,35460.2019158051,85866.2261585924,32016.5569755410,101070.8064282210,25493.2284158773,85096.8877170453,72606.4940502950,112654.7385622529,12414.2343047290,50477.6173103080,100960.3841288358,55500.4439937784,99267.9861509261,77634.9422959784,68633.0388407374,49666.6741529200,72425.8670518597,20157.9928285781,38936.0916190146,9335.7302299736,67347.6335967118,73971.5280691152,56940.1551954414,112641.4637118258,20549.1269789664,26626.4658707742,20226.3752944286,83704.9372223450,46827.1896242723,84323.9874056001,38035.0385876623,99666.2137467922,114668.1656029240,31348.8238111680,58099.9119290700,66065.1872631056,55066.7313390534,113178.7208189422,7187.2736178813,22517.9353145983,88290.8199386940,37698.0559826391,101984.4282823901,109439.8936754442,38988.4784125032,54575.0333716438,83922.5041071025,75666.6115592190,50276.0466383410,49009.3145063766,28145.1479793256,69344.1368104644,17385.5223136701,67110.5502608278,77553.6448347183,24791.3639207960,23849.6212862909,62213.1358211623,90694.7364479506,80006.2190366563,63638.0145674207,15951.4411119645,49649.3859492214,102166.6287241401,17094.1940112922,75557.1848337167,8000.9463762251,45703.5359133753,116942.1225390701,13278.5817663060,62439.1171704951,11250.9861675242,92190.2376521149,63844.9699432999,66566.3408642987,28946.4153846775,34394.4466279313,22742.5553457928,105699.9494804617,63599.3696275117,45810.5388749948,75311.5938512551,62326.0072801844,80851.8723659791,71933.6728294999,43918.5077350371,48160.3310101929,108285.7487786433,41642.6635168427,70375.2077201263,108426.1169996977,42878.0446564142,59774.0771527678,87901.2114083510,120922.8840675861,56694.1318864417,24971.9449010910,76303.0388123130,53439.0781078539,19182.5086186226,83134.1584843288,77316.2852483484,18757.7837126629,14540.9821980558,28212.5757778174,63111.6930858524,105850.9224820257,39509.3124964393,62011.5495162881,73215.7266217661,33586.4137557997,92935.1979175446,43371.0318030371,80894.3613359314,798.4705772825,84927.9409568109,98332.8539534094,78941.0768139748,97831.9238824829,96730.5990639787,8206.3711654330,87325.5439922656,34417.8190847962,105812.9284883886,81495.7029006982,45571.1820024321,13749.3089025268,73088.4590716532,19368.3684290218,69012.8606778618,19765.6811213242,42054.5926245417,53391.2913132659,78403.9884714924,70353.7738790258,75569.0293036329,30083.4205305288,55343.8693806724,110372.3711897856,94206.6376307734,90690.1639208082,16146.8978567844,97874.9691874037,66732.0810005574,56307.9163369295,57459.8446585812,67802.6804610289,57205.6909629275,35908.4903578976,51672.8900337338,66227.3660145310,62861.6260861012,53981.4876137024,104407.9798893466,3988.4234723276,39658.3020270290,57956.3919465021,49700.3089605293,52458.4505711585,12785.1663554795,23683.9516059665,66740.2454044642,43868.2656020801,73468.1323627164,47731.0176796524,81172.5465697176,25741.2827921492,76406.6977668758,66417.1652978198,13602.7638311711,13392.3698022623,80287.3707265572,13270.1820589167,57488.7231868908,60766.6240696330,24116.8011982408,48191.8573768459,61429.9189885833,72976.7988796212,24319.9185240687,13359.7929589091,19190.7964176911,30417.3716734237,61991.6878831047,24105.1850979266,68591.2370845227,68997.7590105552,20485.6948277458,78805.2473914657,55907.4394736543,60096.3400563301,62225.4277062633
451,0,0,0,0,0,0,0,0,0,0,0,0,0,0,0,0,0,0,0,0,0,0,0,0,0,0,0,0,0,0,0,0,0,0,0,0,0,0,0,0,0,0,0,0,0,0,0,0,0,0,0,0,0,0,0,0,0,0,0,0,0,0,0,0,0,0,0,0,0,0,0,0,0,0,0,0,0,0,0,0,0,0,0,0,0,0,0,0,0,0,0,0,0,0,0,0,0,0,0,0,0,0,0,0,0,0,0,0,0,0,0,0,0,0,0,0,0,0,0,0,0,0,0.0000000000,0,0,0,0,0,0,0,0,0,0,0,0,0,0,0,0,0,0,0,0,0,0,0,0,0,0,0,0,0,0,0,0,0,0,0,0,0,0,0,0,0,0,0,0,0,0,0,0,0,0,0,0,0,0,0,0,0,0,0,0,0,0,0,0,0,0,0,0,0,0,0,0,0,0,0,0,0
452,0,0,0,0,0,0,0,0,0,0,0,0,0,0,0,0,0,0,0,0,0,0,0,0,0,0,0,0,0,0,0,0,0,0,0,0,0,0,0,0,0,0,0,0,0,0,0,0,0,0,0,0,0,0,0,0,0,0,0,0,0,0,0,0,0,0,0,0,0,0,0,0,0,0,0,0,0,0,0,0,0,0,0,0,0,0,0,0,0,0,0,0,0,0,0,0,0,0,0,0,0,0,0,0,0,0,0,0,0,0,0,0,0,0,0,0,0,0,0,0,0,0,0,0,0,0,0,0,0,0,0,0,0,0,0,0,0,0,0,0,0,0,0,0,0,0,0,0,0,0,0,0,0,0,0,0,0,0,0,0,0,0,0,0,0,0,0,0,0,0,0,0,0,0,0,0,0,0,0,0,0,0,0,0,0,0,0,0,0,0,0,0,0,0,0,0,0,0,0,0
453,12714.8085385216,126791.0205523999,97893.9268386992,63898.3193997355,60739.3871864536,69017.2359905415,120739.3764164296,51420.1568212491,36866.6928388200,86125.4190931974,34402.6935096309,102344.0284962383,25765.8527028678,84410.5159617008,70875.6528125443,112914.9266435526,14693.1223198443,50793.8156936613,101682.0596999367,53402.9723452781,99044.1390660388,78506.0976181000,68400.9128680918,51678.5715934308,71286.0056905462,19936.2225022586,40302.0717508683,8125.6859020100,67741.6057822460,71862.7390340708,55367.5064170863,113609.2169619990,18767.3397738524,29144.4101129902,22154.3575158540,82275.8330128835,49223.3345006148,84077.3968269173,37627.9218489641,99803.1557359890,114617.8485204037,33449.0352925611,58934.5483610625,65331.0352409176,54775.5274415874,113787.6412495836,6043.2516097187,23849.4048506035,88951.6208913460,39710.6737461115,102415.0520956025,109066.0073663685,39658.4908562614,52215.5923927969,82806.8006326081,75751.1016743144,51888.5438007166,50130.9205418670,29420.5379313396,70445.8150884519,19912.5074944341,65658.7400772241,78064.9847836153,22255.9416415911,23041.4417084298,61121.4372428208,90690.0618794027,78103.8595192928,61395.4029615772,14327.5083033873,47828.7675606532,103219.1991963577,18043.1130887567,74855.8648540357,10440.8656477416,45591.9702190776,117740.7179508129,14066.4181829023,62538.5986523663,9223.8290871584,92623.0457187280,61398.2796991875,67300.8567421012,30922.7151847262,34573.2576286298,24807.5293784899,105617.2980899534,61564.7777410942,45185.0319619528,73920.7393504029,60538.6185896227,79152.4104181021,69674.3048302232,46117.7840423181,48877.4939847014,109104.5808056625,44139.2132791015,68449.4354823629,108523.6212218870,44631.6312875838,60272.0869502239,87428.3781585601,121558.2345188151,56058.7336294979,27468.2997461256,76081.3968691460,52133.3649106433,16808.8949477638,83150.2465482071,76352.9930411064,21241.0508429299,13785.7238870676,29938.4540858281,62691.0455939197,106439.9006871826,41879.7325960785,63097.8572691768,72769.6601391864,35235.0202035090,93139.6219508722,43650.0545727541,80458.7083272066,1410.0950885323,85413.2276060914,99212.3966368094,79226.8375173455,97795.7382841497,97301.4253118711,6722.2162520696,86050.3931218393,35429.8816438283,106077.0707361895,82199.6412313899,46964.3115723283,13290.7394263738,73779.3701865490,19403.4593793153,69092.7843623446,20388.3647621388,43102.9355969157,55231.3486451334,77184.6679674923,69417.1527862083,73990.0242596018,29902.4736173989,56490.5983994249,110186.4295414124,94928.1478845466,90377.2107682526,17903.3309910697,98179.1385735999,65071.7628633152,57863.9912704798,55212.3557602397,65664.4236667280,55272.2759174768,38142.4626879827,53027.7223642683,64975.3180126572,62692.3749394800,54538.6015531145,104106.2418533120,8163.3535555195,39616.0677511010,60400.1948668177,49307.3751960268,53363.0182417857,14331.8882931200,24660.3200208920,64395.2811861898,45886.5001085694,73802.4668553718,46118.5727726464,79621.2304982250,27451.3075315464,74419.0863010097,67367.4557539973,11415.2109876483,13779.2534911436,79670.7783026563,15648.6122300365,56495.4755340158,58619.7002778078,26272.2514532857,50004.2773106072,59046.4319707661,72896.1250553787,26874.1980654519,15910.5420889113,16645.8610702846,32637.9470056990,60452.7531166814,23837.7234360188,68021.2075087935,66549.9658756799,19232.3090842497,78738.8382274636,54129.2991228698,58833.6503919124,61326.7300441456
454,0,0,0,0,0,0,0,0,0,0,0,0,0,0,0,0,0,0,0,0,0,0,0,0,0,0,0,0,0,0,0,0,0,0,0,0,0,0,0,0,0,0,0,0,0,0,0,0,0,0,0,0,0,0,0,0,0,0,0,0,0,0,0,0,0,0,0,0,0,0,0,0,0,0,0,0,0,0,0,0,0,0,0,0,0,0,0,0,0,0,0,0,0,0,0,0,0,0,0,0,0,0,0,0,0,0,0,0,0,0,0,0,0,0,0,0,0,0,0,0,0,0,0,0,0,0,0,0,0,0,0,0,0,0,0,0,0,0,0,0,0,0,0,0,0,0,0,0,0,0,0,0,0,0,0,0,0,0,0,0,0,0,0,0,0,0,0,0,0,0,0,0,0,0,0,0,0,0,0,0,0,0,0,0,0,0,0,0,0,0,0,0,0,0,0,0,0,0,0,0
455,0,0,0,0,0,0,0,0,0,0,0,0,0,0,0,0,0,0,0,0,0,0,0,0,0,0,0,0,0,0,0,0,0,0,0,0,0,0,0,0,0,0,0,0,0,0,0,0,0,0,0,0,0,0,0,0,0,0,0,0,0,0,0,0,0,0,0,0,0,0,0,0,0,0,0,0,0,0,0,0,0,0,0,0,0,0,0,0,0,0,0,0,0,0,0,0,0,0,0,0,0,0,0,0,0,0,0,0,0,0,0,0,0,0,0,0,0,0,0,0,0,0,0,0,0,0,0,0,0,0,0,0,0,0,0,0,0,0,0,0,0,0,0,0,0,0,0,0,0,0,0,0,0,0,0,0,0,0,0,0,0,0,0,0,0,0,0,0,0,0,0,0,0,0,0,0,0,0,0,0,0,0,0,0,0,0,0,0,0,0,0,0,0,0,0,0,0,0,0,0
456,0,0,0,0,0,0,0,0,0,0,0,0,0,0,0,0,0,0,0,0,0,0,0,0,0,0,0,0,0,0,0,0,0,0,0,0,0,0,0,0,0,0,0,0,0,0,0,0,0,0,0,0,0,0,0,0,0,0,0,0,0,0,0,0,0,0,0,0,0,0,0,0,0,0,0,0,0,0,0,0,0,0,0,0,0,0,0,0,0,0,0,0,0,0,0,0,0,0,0,0,0,0,0,0,0,0,0,0,0,0,0,0,0,0,0,0,0,0,0,0,0,0,0,0,0,0,0,0,0,0,0,0,0,0,0,0,0,0,0,0,0,0,0,0,0,0,0,0,0,0,0,0,0,0,0,0,0,0,0,0,0,0,0,0,0,0,0,0,0,0,0,0,0,0,0,0,0,0,0,0,0,0,0,0,0,0,0,0,0,0,0,0,0,0,0,0,0,0,0,0
457,0,0,0,0,0,0,0,0,0,0,0,0,0,0,0,0,0,0,0,0,0,0,0,0,0,0,0,0,0,0,0,0,0,0,0,0,0,0,0,0,0,0,0,0,0,0,0,0,0,0,0,0,0,0,0,0,0,0,0,0,0,0,0,0,0,0,0,0,0,0,0,0,0,0,0,0,0,0,0,0,0,0,0,0,0,0,0,0,0,0,0,0,0,0,0,0,0,0,0,0,0,0,0,0,0,0,0,0,0,0,0,0,0,0,0,0,0,0,0,0,0,0,0,0,0,0,0,0,0,0,0,0,0,0,0,0,0,0,0,0,0,0,0,0,0,0,0,0,0,0,0,0,0,0,0,0,0,0,0,0,0,0,0,0,0,0,0,0,0,0,0,0,0,0,0,0,0,0,0,0,0,0,0,0,0,0,0,0,0,0,0,0,0,0,0,0,0,0,0,0
458,0,0,0,0,0,0,0,0,0,0,0,0,0,0,0,0,0,0,0,0,0,0,0,0,0,0,0,0,0,0,0,0,0,0,0,0,0,0,0,0,0,0,0,0,0,0,0,0,0,0,0,0,0,0,0,0,0,0,0,0,0,0,0,0,0,0,0,0,0,0,0,0,0,0,0,0,0,0,0,0,0,0,0,0,0,0,0,0,0,0,0,0,0,0,0,0,0,0,0,0,0,0,0,0,0,0,0,0,0,0,0,0,0,0,0,0,0,0,0,0,0,0,0,0,0,0,0,0,0,0,0,0,0,0,0,0,0,0,0,0,0,0,0,0,0,0,0,0,0,0,0,0,0,0,0,0,0,0,0,0,0,0,0,0,0,0,0,0,0,0,0,0,0,0,0,0,0,0,0,0,0,0,0,0,0,0,0,0,0,0,0,0,0,0,0,0,0,0,0,0
459,0,0,0,0,0,0,0,0,0,0,0,0,0,0,0,0,0,0,0,0,0,0,0,0,0,0,0,0,0,0,0,0,0,0,0,0,0,0,0,0,0,0,0,0,0,0,0,0,0,0,0,0,0,0,0,0,0,0,0,0,0,0,0,0,0,0,0,0,0,0,0,0,0,0,0,0,0,0,0,0,0,0,0,0,0,0,0,0,0,0,0,0,0,0,0,0,0,0,0,0,0,0,0,0,0,0,0,0,0,0,0,0,0,0,0,0,0,0,0,0,0,0,0,0,0,0,0,0,0,0,0,0,0,0,0,0,0,0,0,0,0,0,0,0,0,0,0,0,0,0,0,0,0,0,0,0,0,0,0,0,0,0,0,0,0,0,0,0,0,0,0,0,0,0,0,0,0,0,0,0,0,0,0,0,0,0,0,0,0,0,0,0,0,0,0,0,0,0,0,0
460,0,0,0,0,0,0,0,0,0,0,0,0,0,0,0,0,0,0,0,0,0,0,0,0,0,0,0,0,0,0,0,0,0,0,0,0,0,0,0,0,0,0,0,0,0,0,0,0,0,0,0,0,0,0,0,0,0,0,0,0,0,0,0,0,0,0,0,0,0,0,0,0,0,0,0,0,0,0,0,0,0,0,0,0,0,0,0,0,0,0,0,0,0,0,0,0,0,0,0,0,0,0,0,0,0,0,0,0,0,0,0,0,0,0,0,0,0,0,0,0,0,0,0,0,0,0,0,0,0,0,0,0,0,0,0,0,0,0,0,0,0,0,0,0,0,0,0,0,0,0,0,0,0,0,0,0,0,0,0,0,0,0,0,0,0,0,0,0,0,0,0,0,0,0,0,0,0,0,0,0,0,0,0,0,0,0,0,0,0,0,0,0,0,0,0,0,0,0,0,0
461,0,0,0,0,0,0,0,0,0,0,0,0,0,0,0,0,0,0,0,0,0,0,0,0,0,0,0,0,0,0,0,0,0,0,0,0,0,0,0,0,0,0,0,0,0,0,0,0,0,0,0,0,0,0,0,0,0,0,0,0,0,0,0,0,0,0,0,0,0,0,0,0,0,0,0,0,0,0,0,0,0,0,0,0,0,0,0,0,0,0,0,0,0,0,0,0,0,0,0,0,0,0,0,0,0,0,0,0,0,0,0,0,0,0,0,0,0,0,0,0,0,0,0,0,0,0,0,0,0,0,0,0,0,0,0,0,0,0,0,0,0,0,0,0,0,0,0,0,0,0,0,0,0,0,0,0,0,0,0,0,0,0,0,0,0,0,0,0,0,0,0,0,0,0,0,0,0,0,0,0,0,0,0,0,0,0,0,0,0,0,0,0,0,0,0,0,0,0,0,0
462,2334.8164836154,129629.1049573983,90446.9100598025,76204.6260788809,67029.8241499786,57091.1459803963,118386.4866347950,47081.7886832685,46105.4927010957,86859.4135719431,45709.3796070296,107798.9051596028,28880.5487797414,80580.4557808428,62048.7309103587,113402.6357843159,26737.4719331028,52520.5055117818,104482.8017059134,42925.2166882914,97306.2317750979,82261.0715258641,67039.4610839600,61097.5831913446,65399.1826384164,24525.3131888667,47126.7342056741,15586.1298828277,69403.1054106103,61187.8199668347,47570.1165755616,117512.7918100221,12478.2107873987,41484.2346238682,31972.5017815284,74824.7815485363,60473.7042541583,82394.2510928114,36522.9622813992,99802.4290565020,113593.0845712628,44866.3301322509,62851.9102931539,61568.2020206985,53463.3265576297,115954.1790951368,14178.5802163807,33328.3973586415,91579.8667334769,49315.2911834632,103807.5708086762,106517.4215425303,43464.3646062714,40470.5641829664,76890.1910696640,75789.8637681937,59501.8791622494,55578.8270885236,36364.4639035257,75399.6967757503,31988.9083879693,58295.0588172463,80114.1998816577,8082.6811504673,21511.8787081541,55659.8564201739,90098.2246661034,68378.2353685478,50145.6012031945,13786.9919324055,38893.1166623721,107602.4092374822,24851.7394565831,71084.2656563425,22355.9493899062,45490.7426245883,120799.5715449621,22928.2782425626,62904.9409801235,14182.5559056326,94118.3482311594,49273.5963696837,70581.6088266451,40584.0919223503,36461.5143371139,36247.0202507588,104504.7350611473,51320.6285190053,42581.6886943217,66748.6872791985,51549.9056712436,70404.3795698483,58312.6591115215,56455.3336012396,52527.0590147702,112317.5647388571,55943.2517321247,58681.9383571974,108258.3364873041,53015.2263717102,62585.1909065918,84603.8889133931,123803.5743292421,53012.7676786031,39345.0171489449,74634.5310444135,45798.9445768490,4857.6731099748,82750.9626377773,71267.8860277366,33551.3770031951,15119.2291964562,40356.7117129149,60532.3747511150,108563.2111772880,53050.0842950265,68099.0547054414,70284.2903930206,43427.4368139745,93530.1719148894,45483.3777767698,77904.8336099321,15628.4995168287,87241.2165075782,102793.2302623635,80180.0676614267,96977.6574667739,99414.4635964058,14547.5468759708,79318.2435591886,40944.7320972727,106636.0151230122,85112.2432988460,53708.9113275435,18512.8786594779,76746.3094818716,22484.5333722885,69226.3648905281,27939.1680461603,48443.1931258848,63820.6620795004,70822.8658744769,64571.8731176494,65883.3162091452,30517.8319869917,61900.0965683039,108538.3446672101,97787.3729452378,88295.9757567275,28806.1355018469,99000.1925980657,56664.9755529251,65117.9349355124,43974.9868570570,54884.6628837717,45610.2474844593,48730.3972857025,59457.9421257044,58629.8769250746,61759.4501507596,57276.3197638414,101946.3700487993,20194.4576368458,40148.0582760703,72612.3590371336,47685.3364503170,57738.3302478952,23582.6079313868,30781.9885668539,52672.8785133010,55412.2448578911,75071.7777375895,38344.9572454152,71595.0546604084,36205.2757882481,64307.0010190868,71660.0593617287,13241.1867195166,19536.2364956038,76243.9012788673,27232.1635389321,51641.9753746465,47846.4565793245,36766.3684981880,58547.0861023339,47174.3616906534,72185.5251364131,39134.6332700561,28233.7509895454,3538.8784054021,43252.3431592825,52732.2001317247,24803.4657200796,65014.8374548061,54416.1111779676,16136.3473099372,78003.1457098639,45288.9550777835,52554.7256333823,56830.8861054302
463,0,0,0,0,0,0,0,0,0,0,0,0,0,0,0,0,0,0,0,0,0,0,0,0,0,0,0,0,0,0,0,0,0,0,0,0,0,0,0,0,0,0,0,0,0,0,0,0,0,0,0,0,0,0,0,0,0,0,0,0,0,0,0,0,0,0,0,0,0,0,0,0,0,0,0,0,0,0,0,0,0,0,0,0,0,0,0,0,0,0,0,0,0,0,0,0,0,0,0,0,0,0,0,0,0,0,0,0,0,0,0,0,0,0,0,0,0,0,0,0,0,0,0,0,0,0,0,0,0,0,0,0,0,0,0,0,0,0,0,0,0,0,0,0,0,0,0,0,0,0,0,0,0,0,0,0,0,0,0,0,0,0,0,0,0,0,0,0,0,0,0,0,0,0,0,0,0,0,0,0,0,0,0,0,0,0,0,0,0,0,0,0,0,0,0,0,0,0,0,0
464,6347.7520331624,128094.5846770378,91255.3163157205,73633.6672297456,64819.3307783430,59406.4286487085,117938.0070358371,46954.0536623237,44533.2905783778,85698.2554796664,42928.0873345127,105772.9107413855,26987.5435624628,80431.4291442512,63222.8254283468,112326.5727418927,24298.2593897939,51066.8163359200,102934.1121457601,44616.4592100818,96694.4347961120,80505.2665244074,66283.8870905225,58462.1819063837,65739.8416842251,23810.0991543503,44788.1209465000,12891.0146696928,68018.6105094103,62979.0713071850,48393.6421831806,115768.9161004782,12315.1565725145,38868.7419853254,29254.9474195171,75613.5410737943,57696.2731260390,81746.2935482106,35551.4327184471,98813.9652629897,112841.5190965267,42680.2417997926,61026.6447211353,61356.4368717570,52648.3701749517,114539.7744699875,12253.5001505741,31628.9588622905,90048.6513414409,46647.9552879853,102535.3407915499,106102.0852336137,41582.3017278424,42685.5660409875,77262.9395037205,74752.5921166311,57084.8953282674,53474.3261919590,33963.3038644477,73421.3955719379,29239.4418177397,59025.0000152134,78676.7308586311,13544.9970084811,20393.4154429696,55859.2804015722,89222.6676946405,69848.5717847225,52148.6369382479,13788.4700167294,40037.0800812722,105763.3112668528,22373.1420384695,70900.9249203156,19601.3642110004,44371.2165335556,119216.3405648415,21245.1515265347,61764.6771727254,9751.8404661273,92813.2278118759,51700.4943171108,68890.5090941177,37897.9025411974,34874.9097448289,34036.2777511502,103762.6491385214,52943.3815474351,42002.1520387320,67443.9189417505,52752.5157858278,71567.7160897454,60369.0401018195,53730.6231678548,50715.4561793314,110698.0557338270,53163.3775406308,60152.8299950860,107336.3032326904,50487.0331473557,61054.9940713068,84222.1031805499,122380.1625113982,52595.6675657528,36572.0002310409,73917.4405036545,46194.1355349361,8180.3760316980,81821.2325969536,71413.0705066639,30976.3270923712,13154.2627091654,38452.7691715731,59936.7267648755,107150.3178536524,50274.1609981515,66099.0229642312,69793.0919297468,40899.8743700773,92450.7201603932,43973.2391611339,77447.1053357459,12950.0384450656,85859.5571829180,101095.7665716515,78961.8910779999,96161.4028590270,97993.4705640762,10605.1562068685,79914.1147487176,38770.9660654002,105538.0229219282,83517.2651016316,51401.2773184505,17465.0858846005,75126.4581140724,20483.9309527408,68153.1957367678,26631.0604020142,46331.3581789162,61283.4754840615,71303.0014470418,64639.2608880357,66846.4121533132,29113.6120353499,59818.6674976799,107919.9960758819,96219.9777181763,87748.6017017803,26717.5072041393,97838.7902336218,57698.8366551516,62760.6724350054,45965.7300965263,56708.0089412605,47018.9079175528,45982.7715647368,57210.7684186035,59075.8898747857,60892.8843249381,55648.4639753311,101436.2977947231,17737.9771038396,38859.8709232125,70113.5952858029,46910.9406455044,55818.4047007989,20870.1612701665,28450.3799004759,54885.3527438413,52759.9874942872,73778.9319940009,39119.8387519662,72544.2925149000,33593.0966194219,65902.2396174654,69789.1501183011,12330.6505175607,17089.3593176185,75988.8411437079,24452.3786786576,51667.4249058207,49657.8710381990,34013.9525094067,56008.6192826886,49457.6007244097,71300.4127035823,36421.4093910352,25561.6280198348,8661.0302861410,40499.1794348603,53550.1285100073,23234.5789773622,64631.4426813722,56849.8393971859,15209.3490098222,77136.7340969774,46426.2417369904,52962.6797470562,56785.3103188930
465,0,0,0,0,0,0,0,0,0,0,0,0,0,0,0,0,0,0,0,0,0,0,0,0,0,0,0,0,0,0,0,0,0,0,0,0,0,0,0,0,0,0,0,0,0,0,0,0,0,0,0,0,0,0,0,0,0,0,0,0,0,0,0,0,0,0,0,0,0,0,0,0,0,0,0,0,0,0,0,0,0,0,0,0,0,0,0,0,0,0,0,0,0,0,0,0,0,0,0,0,0,0,0,0,0,0,0,0,0,0,0,0,0,0,0,0,0,0,0,0,0,0,0,0,0,0,0,0,0,0,0,0,0,0,0,0,0,0,0,0,0,0,0,0,0,0,0,0,0,0,0,0,0,0,0,0,0,0,0,0,0,0,0,0,0,0,0,0,0,0,0,0,0,0,0,0,0,0,0,0,0,0,0,0,0,0,0,0,0,0,0,0,0,0,0,0,0,0,0,0
466,0,0,0,0,0,0,0,0,0,0,0,0,0,0,0,0,0,0,0,0,0,0,0,0,0,0,0,0,0,0,0,0,0,0,0,0,0,0,0,0,0,0,0,0,0,0,0,0,0,0,0,0,0,0,0,0,0,0,0,0,0,0,0,0,0,0,0,0,0,0,0,0,0,0,0,0,0,0,0,0,0,0,0,0,0,0,0,0,0,0,0,0,0,0,0,0,0,0,0,0,0,0,0,0,0,0,0,0,0,0,0,0,0,0,0,0,0,0,0,0,0,0,0,0,0,0,0,0,0,0,0,0,0,0,0,0,0,0,0,0,0,0,0,0,0,0,0,0,0,0,0,0,0,0,0,0,0,0,0,0,0,0,0,0,0,0,0,0,0,0,0,0,0,0,0,0,0,0,0,0,0,0,0,0,0,0,0,0,0,0,0,0,0,0,0,0,0,0,0,0
467,6906.7469373567,132370.5990143754,89235.5885783117,80676.2284276559,70937.9213498198,53198.8930602574,119306.0540478089,47681.8625049393,49075.1465406032,89029.6802923173,50510.0555797693,111370.2663283757,32448.8628709503,81058.7862155598,60268.3081611075,115391.1265607774,31085.0771399287,55267.0440973886,107270.2845975918,40289.8164944915,98535.0270828579,85417.4350642560,68586.9001748035,65673.7552023686,65084.2667457824,26415.3500065113,51265.9500282508,20293.3300554090,71980.5753069531,58277.1031489069,46504.4589747007,120611.7706101790,14108.6910881146,46045.7044693744,36685.4011166599,73687.9731335903,65268.2636030587,83715.4615564823,38613.4947270433,101662.0691825009,115033.9347758886,48784.5799697616,66156.9235364161,62222.2316371119,55169.5885562533,118506.5473770671,18038.0938165818,36577.8006460713,94354.6253328677,53945.5877901689,106136.2674250901,107396.9489185014,46921.6591147345,36827.4323612649,76477.8669981232,77779.0588528177,63742.1665424525,59340.6334110702,40622.0951921569,78926.1175381589,36746.7363822459,57328.7336037284,82753.9623601099,1225.5109354607,24082.7177133736,55639.1219927755,91785.2620839820,66036.8840831284,46873.9171331101,15051.9470368471,37323.5792029720,110866.6749982058,29257.6198430952,71651.0330960221,27124.4128061019,47741.0749850666,123629.0767071505,26279.2787702734,65103.3189651924,11509.7511881063,96515.3455501781,45180.1048418228,73653.9706417905,45247.0932850948,39509.9628214487,40231.9839355471,105942.1749703243,48764.3712940995,43976.9795169715,65805.6411398480,49769.8834305306,68612.9917789085,54912.1135504618,61169.7213552710,55839.7537272580,115214.6408154176,60741.9664735783,56373.8350742487,109994.1080886103,57432.9071541464,65418.1441464860,85468.9546930919,126363.9079720837,54059.9265409085,44134.3365107292,76092.8802116490,45507.6234707009,5490.7480096539,84544.1786658762,71269.4004593026,38065.8677485607,18996.3925723644,43866.6451136803,61839.0271343723,111120.6627044165,57842.5239112738,71671.7771404559,71376.5725911662,47855.3597781799,95552.3062298283,48353.7855159099,78916.5308773823,20318.5328785401,89776.0654376629,105828.4720663266,82458.4269765387,98552.3906686590,101996.2929444287,11628.8699564694,78508.2908841784,44853.3452208867,108669.6634797848,88001.5255325796,57788.6118008145,21079.7991045151,79690.7388557360,26272.9863625960,71293.4761602763,30666.2277876102,52234.2702985067,68243.4747868837,70243.0149617281,64734.1678854315,64467.1960191187,33348.6994088911,65612.8830372954,109760.2211345700,100613.5747433808,89433.5077857470,32657.6502803498,101150.5384833237,55162.9463420578,69259.1001756047,40755.6676960398,51935.7886451560,43488.8476973627,53480.7608105713,63434.6025769192,58162.8311607225,63511.6008644375,60282.4928976706,102994.5334035998,24599.8195132481,42705.2422537919,76972.3319988202,49360.5651465277,61205.9296894794,28295.9463822736,34960.4304160031,48989.3719937930,60016.7961864426,77484.8717450573,37455.8390297218,70183.3644877149,40766.0128731501,61749.4203778544,75019.9637346451,10364.5484746666,23931.8106865250,76916.0698471441,32031.4932671386,51946.6872034105,44951.7596506287,41526.0876327107,62975.6653091699,43369.3536315252,73931.9149504842,43838.7863356264,32889.8726699391,535.8430651944,48011.8184795910,51640.6856840765,27957.2091429089,65944.9083460940,50299.4310863031,18624.8993408281,79702.1004877981,43671.9480191049,52190.0881546022,57225.4608547648
468,11017.7766641070,134473.9101358846,89490.7716340445,82723.2336958680,73437.6784726698,51760.7190456608,120631.8872143366,48956.4726762047,50129.4897867244,90925.0838956368,53020.2560283324,113767.0749329671,34888.7354343693,82205.7120334435,60245.6825928959,117196.7661192960,33090.0205722591,57415.1801203272,109398.2740535820,39805.5495439708,100017.2073236145,87686.2379477040,70240.9236110134,68276.8876544523,65860.6266174063,26995.6695066602,53822.0738024453,22875.3003739592,74048.9572222707,57546.8055316243,46936.0843009501,122849.6045131346,16117.6522259523,48195.2969857814,39268.1950273589,74006.7934489864,67793.1826711406,85252.1171317036,40555.1707998429,103420.0583694795,116601.5076684450,50442.9288828566,68484.8570007356,63483.3854206575,56913.5969695660,120540.6021849761,19823.6189183817,37849.8638479242,96483.0289992604,56545.2678343704,108086.2943298119,108711.1538833223,49311.4952128101,35637.0978980067,77182.9575942502,79609.2317377990,66314.0596080695,61806.7450889788,43201.2072885208,81317.2190735881,39115.2262694005,57777.5924629386,84837.9462182281,361.9839870920,26263.3009720823,56588.1827877456,93475.7845939319,65659.6176811733,45923.7171778291,15559.1677145517,37518.0478224609,113164.0881199308,31856.1944346175,72853.7750346005,29517.0720312435,49718.4752025639,125767.8625103151,27680.4377766421,67031.9483179041,14113.1442869611,98497.3505583587,43590.0722621638,75899.9805996310,47842.1130154961,41785.7331483331,41955.9317219104,107513.3609351515,48295.8751364510,45619.4789440763,66246.4775295940,49779.3762149050,68565.4696227239,53846.7224584849,63753.1827562792,58177.5896312772,117380.8370023392,63185.7664735696,56039.9566896014,111694.2567688042,60029.3712116560,67586.2348433097,86794.9381645731,128398.6656712652,55520.6591590879,46555.1874222731,77698.5488167676,46354.8446910432,9917.6466322197,86286.0693214128,72195.3404446286,40184.8898691212,21533.9923874300,45270.5172181714,63398.6935756221,113159.2848305827,60371.4764708743,74079.5093285594,72824.8371758518,50453.3820976866,97382.4486782582,50555.0643734720,80317.9986402978,22633.2865901233,91815.7348725919,108047.5690555376,84402.1219455058,100189.1364502799,104048.0466421812,13750.8435165317,78998.7754040672,47363.4393948407,110497.3782532888,90175.0257393322,60331.1340603712,22109.8150382663,81888.4296847744,28776.3975649736,73162.1845948802,31670.2518687127,54711.5491623270,70839.8786986351,70870.5134576269,65752.5903068828,64646.5229701123,35570.1151223328,68063.0777193236,111231.7323274428,102758.4546873730,90881.6144544830,34321.1006242727,103030.4851740189,55317.1244072999,71811.8386371816,39866.3769605494,51196.0208908575,43317.5266527831,56048.6356431218,65952.8611199202,58876.5665587088,65260.1922026524,62515.8683087594,104390.5701941302,26671.1999033886,44807.6169330026,78926.6647701709,51104.7917224161,63587.4936074772,30877.7126054375,37529.4552884669,47725.7513620632,62618.6801761582,79485.6020031149,38031.3821531925,70353.5207705784,43369.2362574590,61243.8115007278,77360.7168322066,11443.3050222540,26530.9301015939,78161.3481254646,34484.4739866146,53066.8368335866,44272.4310043076,44088.0157077088,65572.8460528174,42025.4023921307,75664.3989521617,46133.4801608566,35144.5752514926,3542.9648610619,50574.0825665542,52038.3209920347,30295.4355205582,67327.6033360632,48678.6896169574,20826.5886605493,81408.2347182485,43803.1370454089,52974.7022657526,58374.3158752693
469,0,0,0,0,0,0,0,0,0,0,0,0,0,0,0,0,0,0,0,0,0,0,0,0,0,0,0,0,0,0,0,0,0,0,0,0,0,0,0,0,0,0,0,0,0,0,0,0,0,0,0,0,0,0,0,0,0,0,0,0,0,0,0,0,0,0,0,0,0,0,0,0,0,0,0,0,0,0,0,0,0,0,0,0,0,0,0,0,0,0,0,0,0,0,0,0,0,0,0,0,0,0,0,0,0,0,0,0,0,0,0,0,0,0,0,0,0,0,0,0,0,0,0,0,0,0,0,0,0,0,0,0,0,0,0,0,0,0,0,0,0,0,0,0,0,0,0,0,0,0,0,0,0,0,0,0,0,0,0,0,0,0,0,0,0,0,0,0,0,0,0,0,0,0,0,0,0,0,0,0,0,0,0,0,0,0,0,0,0,0.0000000000,0,0,0,0,0,0,0,0,0,0
470,6504.9573486277,130467.0093045896,88232.0137464562,79904.6472636466,69041.8341853524,53489.5233469202,117689.5460105780,46113.7883779850,49266.3148107657,87183.8838565192,49112.5685224688,109444.9775334961,30529.9384196721,79538.8490030047,59468.0609567283,113573.6848117561,30421.7446503078,53357.2042444185,105362.1838456939,39849.5266863220,96849.2026008930,83489.9756393986,66833.1288945486,63974.7727626551,63775.4850124263,27040.4379845181,49412.5951432848,18742.9416806813,70086.9395940336,57988.1748066159,45424.0485146162,118686.7936176427,12261.8521473496,45181.5882483776,35112.8539241100,72652.0241376093,63834.7521234555,82008.1327064446,36762.0917443178,99862.8255163721,113309.0426357087,48442.5816258381,64227.2387502478,60651.5221473022,53383.5295786366,116619.2725028582,17694.4691436882,36614.8069226605,92446.7733440085,52286.9520498736,104272.4974639196,105787.6378357388,44994.8849362577,36943.4874346317,75204.1252597477,75956.3922229338,61909.4975611867,57430.2850174195,38802.5800163869,76999.9225123317,35603.0025820056,56223.8895147391,80856.0268508917,1516.3486853875,22171.9151621098,54238.8583937765,90012.7876826013,65478.5214950116,46772.9420539761,15836.1789994294,36416.1063247902,108937.4951711182,27497.8230899753,70105.7661721124,25962.8826011845,45875.4687755159,121718.6095409556,26244.8645457960,63249.5703631405,9831.8807024667,94642.8462907215,45616.7582754987,71728.6667665617,43618.9373737830,37582.8493259536,39841.6608203573,104216.7101013494,48294.4005960125,42237.6443283009,64698.3628253215,48961.3503180445,67821.8547666338,54889.7199827603,59585.8729479090,53910.1145859790,113299.4672673521,59459.3479739527,55795.0658777760,108216.0105514640,55659.0050110335,63503.9861319090,83858.2038316325,124476.2426330842,52396.4336527324,42900.1683245620,74357.5093251316,44175.9758187774,1802.2053322957,82752.8253927085,69872.0818350243,37251.4799529147,17124.3514534854,43769.7351664945,60127.3273999708,109232.4691915677,56402.9031486509,69747.7415957896,69711.9217302381,46089.2797023447,93727.7663558445,46435.1487014735,77271.5170298061,19304.2319110070,87888.4735822842,103905.7399366186,80598.0882499021,96800.5897354322,100105.1690473100,10987.6751094318,77362.2817569217,42962.4082083223,106844.9725886433,86085.6671085359,55921.4791578682,21400.1829372209,77771.3245853389,24377.3724705633,69458.4291074903,30947.9526015988,50327.8089595583,66468.7053471034,69018.6554248050,63289.4380313462,63528.1866834449,31428.4559656417,63697.7602287986,108077.6386369931,98702.4151348498,87764.5829788435,32348.1328663854,99308.8394863902,54250.0805147198,67401.9689094762,40620.5210101327,51662.9501723922,42816.4936726598,51947.9632172676,61549.0109328160,56895.9534718985,61721.4521369301,58358.8929020360,101347.2429523292,23885.0833637899,40806.7819109354,76303.9646759732,47576.5267256188,59278.5600095895,26733.9964690613,33124.2224327682,49138.3364354351,58337.6880360130,75608.3901946779,36302.1096738788,69245.7541771055,39068.6095897381,61288.5785043404,73090.4199324361,10835.1713110544,22177.2109100174,75347.4107777221,30758.4304390305,50455.8051853440,44645.7820424727,40015.1408649002,61204.4780177655,43596.3263301189,72145.8009396328,42791.1350915835,31914.7176180303,387.6270812548,46496.6549965480,50574.5644303775,26027.5323428439,64312.9037328588,50755.2880196774,16712.4503153213,77925.2270091135,42792.1349172502,50887.1472791249,55715.4685932433
471,6252.8960382299,129728.5587755364,88083.3084355525,79320.2921311915,68200.5479429786,53923.6615959917,117188.1391572253,45652.5129813537,49071.2781468639,86509.5759027264,48333.3227680822,108627.3069282400,29703.4695867485,79102.0769702878,59427.1075964253,112924.0805992174,29893.1086295589,52611.3834566898,104617.6303115636,39986.8586467633,96301.5489570161,82706.6604613951,66237.6423633642,63130.1554576696,63466.5934273236,27059.1181181163,48561.2391815117,17932.0386519289,69362.5423779803,58183.6049830844,45246.2747504520,117910.8798775442,11607.1248632945,44571.4722095768,34292.5049229702,72489.1316885359,63044.8038003197,81446.0641247716,36086.7871759846,99229.0304655588,112732.5393275271,48026.9516506748,63428.6018625015,60185.1172231789,52763.8826625965,115901.3965463395,17314.3215601210,36361.7290240647,91702.7807603469,51448.7558273862,103580.1679998212,105291.5603966647,44180.6543411412,37318.0710669421,74912.8648799349,75303.6654033144,61056.5194879550,56596.4963042412,37949.1322325398,76184.1650704940,34902.0638714341,56028.9089745549,80125.8578104890,3072.5274836360,21428.3801102976,53879.2437109602,89401.0736055011,65550.7655253698,47053.2017051388,15958.4965729200,36333.4864540355,108145.6111626560,26647.0925700837,69654.2090576311,25261.3370903218,45184.2979647167,120970.3301904702,25973.6674949529,62568.8245028798,8998.0223925166,93941.7311963339,46108.6774616373,70952.3422656429,42786.5389339631,36801.9003626166,39411.3159884969,103640.1471660430,48413.3178819880,41657.1619237611,64499.7653779388,48920.3294218885,67783.0524474175,55199.1017707466,58761.3606973857,53109.3886796275,112543.7048409356,58710.9624827039,55860.8822477663,107599.0912658311,54806.7588807428,62750.8237059739,83362.6833275020,123757.8054351327,51869.1770221724,42168.7546189970,73775.3657305886,43860.0362054463,607.1969129820,82126.3007002092,69510.8602794227,36662.4170616530,16275.2913926856,43455.6267300772,59564.2593526652,108513.6381949003,55611.9340779962,68927.9267261584,69181.2468969189,45237.6458192631,93072.5799165165,45674.6585114293,76753.5795502080,18660.4566496020,87170.7879071046,103135.4437423642,79909.9216721711,96204.6112610624,99383.0277127065,10518.5797048382,77140.5417504685,42119.0303547296,106189.2324901148,85329.0758248828,55072.1544324897,21292.5209051730,77008.3359006870,23535.4974583756,68794.9687372114,30806.3490521980,49491.5337747055,65616.3539130408,68755.8802213582,62901.1661701655,63417.0424474790,30665.9004109221,62867.6323217217,107531.7044333484,97953.3359759746,87229.3268443085,31955.7506471934,98637.9606762266,54155.0204522485,66551.1586261553,40890.0272705645,51867.7680411215,42844.5179837208,51134.8625786149,60704.0159357978,56612.4032836856,61097.4715619270,57587.2792509779,100826.0051646799,23344.4399576186,40078.0587047121,75757.2155916000,46959.4281771621,58465.7918648889,25917.4873531601,32271.3101886759,49519.0424416131,57496.0530126036,74903.6103775899,36090.4699946760,69133.9298778273,38224.8637699702,61406.6085785109,72287.9362403803,10848.3551883488,21327.2566887885,74880.2250584353,30018.9948304359,50042.3316807306,44839.6088384153,39208.2397716668,60352.3732409062,44010.1293743107,71524.2313541098,42119.0637189631,31271.9444385479,189.9643644848,45688.0515389441,50402.0581787153,25230.7738108717,63805.3190970452,51252.2746146948,15968.2473524425,77310.7077680137,42719.0075181026,50585.0757847787,55288.7262676255
472,8578.2134579178,130935.9818069326,87645.8148605540,81151.8130950551,69890.3455933645,52318.7900264320,117646.7162270464,46015.8563821839,50266.2432682594,87496.3705538270,50333.0123881101,110172.4451818530,31310.1142470432,79387.3782196979,58750.1916938041,113827.2507903093,31651.9056145927,53856.5105703270,105849.5846184957,38936.8344046977,96894.9427282605,84094.8752598361,66978.8089019378,65066.7629795235,63422.3037758072,27834.5794832092,50349.7310152852,19926.7996310258,70524.8381648941,57011.4815880438,44889.0549225071,119265.2849317575,12604.9542237710,46435.5047563066,36279.2929543000,72087.5070286041,65044.8312872563,82083.9873111492,37093.4971274218,100083.1169726876,113409.3192873055,49612.7183997435,64886.5244273001,60556.0918635466,53583.5210226522,117034.8278108163,18853.0558044570,37669.2078957276,92933.8364884510,53406.2655718154,104625.6150602759,105736.3168668681,45716.9196267276,35817.0839957501,74821.4544004713,76221.6900825063,62874.4916259792,58237.2620947891,39789.8248399859,77722.0229548159,36859.7710353499,55707.7968981274,81307.2249954102,1701.5709671810,22688.6244960903,53967.8826278833,90187.4475102994,64627.8228476723,45720.6266969416,16532.6809975270,35761.1357662365,109568.6202665728,28552.5011264434,69981.7490007766,27219.3606219962,46238.3604969960,122215.2322385789,27319.2544456405,63581.6388265313,10972.5244667498,95018.3391364389,44412.5404548364,72312.9592139838,44756.8264539836,38191.7802918700,41021.8306022526,104318.0168200481,47397.7088783969,42363.3661167464,64184.6186322346,48247.1336800496,67099.3265206113,53811.0604815345,60742.9127787084,54578.9693838666,113817.9003895964,60700.8487447163,54953.7036927313,108399.4384676830,56691.4318454348,64021.1183919839,83808.9197840352,124892.7081661333,52414.2042626039,44148.9481167464,74474.4967324764,43842.0647954477,2950.8794824601,82959.8428116857,69598.5515256119,38500.8579591642,18050.3752637080,44870.6121667112,60210.4303962612,109651.0425846865,57611.8930778759,70487.5824237490,69730.3227476064,47130.9683539655,93995.8245858155,46978.3031281132,77264.4680196705,20563.3918573339,88306.2852844920,104467.8807683127,80944.1396554907,96941.8741968433,100533.0920779691,12201.4702285159,76878.0432744431,43828.9817258991,107112.8404640541,86608.9466853005,56834.0701059389,22334.9035761878,78314.3175529282,25242.4151161885,69749.1762373760,31905.6294157934,51149.4495062331,67498.7642650857,68595.2642935368,63061.2616107164,62897.4763398079,31986.3333278398,64485.2671308084,108118.7915386468,99203.0137828079,87788.0261235537,33506.6893067317,99611.9039905455,53601.5207995854,68329.9403228444,39579.4182542775,50678.5806892737,42022.7784157962,53127.1212755654,62423.8463168927,56506.9366374871,61927.7207546615,58931.3092048608,101342.5610875925,25120.8034285505,41265.6614271089,77538.7568124789,47773.7755991684,59991.2684682113,27908.0289318733,34092.1648083483,48004.8817498415,59443.5623256464,75995.5973218968,35820.6630613718,68614.5405645480,40166.3370148066,60389.4291154813,73762.0960773691,11681.2746379093,23240.5858731070,75249.3597247621,32003.7944597325,50274.1348676928,43674.0475545488,41204.1807200357,62238.6335002104,42440.3458735207,72344.3087487731,44050.7849822743,33173.5401455541,246.3137796824,47683.0632499388,50029.8235044011,26696.9018986487,64290.0033199802,49547.9308296792,17243.8880095093,78107.7271279087,42120.8453861966,50528.4619030018,55553.7001128155
473,8454.0726753658,124832.1378290333,86166.5583259366,76957.7408010329,63102.1558649990,55646.4426652616,113342.3025970960,42120.0397359028,49432.9922011524,81872.4061167299,44421.9431241465,103522.0611473414,24591.9714228304,75618.5558835563,58212.6890101698,108384.1932678518,28218.5517599170,47704.8741649815,99702.4959306317,39961.8176356393,92240.4953003110,77672.4104112438,61972.2058290184,58426.4997193198,60704.3977703173,28886.6242971609,43531.0101063915,13888.9055747038,64528.8987453591,58393.2264839243,43308.5407730007,112894.9734346590,10651.2942506023,42131.4109204582,29975.6718207497,70524.2830599076,58997.0532328779,77326.2669332391,31497.9682672286,94763.4163307994,108524.7487875985,46973.9539103829,58357.6132694822,56580.1898274350,48401.9435569612,111081.6384552967,17058.2581994648,36471.3771501939,86791.4190560465,46855.5773231890,98862.9092011127,101479.1812512724,39081.1937886375,38773.5852429791,72220.5321235964,70765.8935131248,56062.2903788014,51485.9540013986,32993.2336519794,71081.5480696572,31782.9382551476,53934.6758082652,75266.9014012144,13003.7031277882,16579.0707217181,50867.9074761388,85040.4577531487,64984.7700352674,47845.4404576012,18602.4074208528,35031.1530156358,103087.9757919892,21859.1086492973,66108.0928716703,22250.2957399915,40505.8147248532,116040.7865463481,26135.0541791334,57917.4463921619,9980.3650066115,89191.5148582080,48242.8239117433,65939.2043858562,38288.4220461230,31784.3381527549,38324.3158551765,99436.2185586247,48210.5676027692,37515.0645017195,62353.9962209791,47758.9344709630,66550.7885555925,56126.8584663501,54341.5594830877,48034.7003074535,107590.0043243438,55066.0567594164,55296.5965399795,103206.2379845396,49938.3064198833,57814.0506813731,79571.3416844607,118934.8866649862,47968.4328239729,38731.9006893183,69565.7892430238,41140.0026235337,759.7289807408,77702.1073527636,66446.8134590597,34445.8136477815,11232.1695776157,43108.7149920144,55466.2700155916,103691.3885919172,51566.0566006004,63820.7438672741,65229.9999625337,40395.1377355262,88515.0212621257,40719.5618601839,72856.5535753304,16334.9516588266,82357.2897929122,98136.8747743165,75217.2537821728,91913.2584858513,94549.8641092535,10209.7114537886,74831.1622470091,37028.0393006093,101624.7086823680,80375.7576405312,50016.1936407998,22553.8789104011,72035.4376380986,18440.6534410167,64214.1976027737,31667.7057225525,44383.4951906043,60740.0777216441,66236.0010303857,59706.0338259547,61777.3426541045,25716.1694811822,57755.5213751998,103472.4163905768,93023.4931450488,83235.6971063334,31216.2841617393,94011.0011936108,52647.3300277211,61510.7593773943,41662.5914645372,52166.4398493725,42136.9127205329,46859.9538758781,55619.0642820085,54013.7686818586,56703.2363193367,52591.0058009016,96891.4232741343,21711.7356714342,35247.6745295450,73677.8077755446,42620.9158288558,53367.8649870190,21696.4376641851,27284.4291048239,50923.7700046265,52844.9415601885,70145.0111043795,34032.3862292502,67471.9390055725,33561.7145892752,61131.8069143578,67208.0707721336,13272.4156286438,16582.2750514813,71244.4641065253,26592.1637747250,46750.7075552480,45116.6296811692,35033.2922560775,55486.5306395930,45657.7565432094,67130.6184068924,39195.9474760946,28684.2977017653,8191.9048658650,41475.2316401077,48463.8825714194,20174.0024668791,59979.5734515520,53393.3879839882,11152.2609636459,72945.0833486301,41412.0150758190,47907.4879217854,51907.3951957762
474,12033.0601475102,126034.6169781292,85323.2998953373,79128.0765891533,64955.6063617729,53549.8025766741,113592.2733819533,42138.5237769908,50818.0509626992,82773.6817200762,46753.8899925900,105171.5904477988,26334.9868990987,75620.9663656168,57044.2969473760,109189.9929614209,30193.9292013181,48928.8371954307,100932.4400359023,38325.6013276749,92644.5932352863,79106.7700292521,62533.8289073083,60644.2895906298,60275.5915013264,29637.7236079475,45535.2200120993,16220.2665177407,65652.3360092176,56703.3112858430,42444.0706749649,114288.9723949192,11142.6436103326,44300.3439538495,32289.3298811992,69696.5729545542,61325.4330892829,77773.5448296761,32350.8070418186,95500.1837304286,109043.7241415232,48813.9141812629,59884.2375417496,56655.0004339642,49043.4649793901,112185.1769339636,18545.5904025010,37924.5181014539,88016.8360185417,49111.8343086300,99848.4751685635,101704.6467208902,40716.5795079420,36719.3785398074,71759.6983216584,71569.0746758911,58103.2875612077,53271.5664331344,35084.8737357067,72720.6533489293,34054.0082882608,53157.1746062885,76421.8250251907,8714.8363281624,17744.5001006374,50572.5563540737,85684.2860035980,63567.2570900102,45971.0922660172,18917.4645697136,33866.5531932461,104572.5225209514,24068.2908293284,66147.9283141692,24493.1293939878,41451.8280965394,117290.8473416276,27537.3414796527,58833.7438402688,14578.0050380895,90213.9661167772,46060.7085877218,67333.0832115108,40570.4047224820,33200.2129657086,40162.0194156573,99951.5642323039,46647.1286003229,37970.2203909704,61608.0711023434,46557.5764584018,65396.1329745395,54223.2555815224,56633.3003199692,49575.5173033607,108877.2023891196,57392.6238320809,53870.4053126757,103878.7173645372,52081.4094714649,59080.4136992875,79778.9944128884,120042.0741610283,48244.5808577964,41041.8067977904,70082.8838435159,40670.9616815515,810.6226239012,78401.0530343076,66191.0345854855,36561.0577425488,13285.2733340364,44728.2887959486,55892.7867385915,104798.2350713893,53894.9779635352,65490.1797558617,65548.4342171951,42558.1351275888,89337.4491531529,42019.3568730602,73137.3487585920,18421.2958786533,83454.3682227763,99499.7414102575,76176.7329801891,92499.1075258492,95670.6285952846,11599.2591558991,74172.9002183494,38920.1442999733,102453.9754849114,81664.4812650309,51977.8137637155,23515.9904560555,73356.7815052638,20350.5182346969,65058.9394088268,32829.9730454002,46195.6691110494,62874.4825917713,65680.9761525658,59524.3582364255,60794.9269498332,27017.0965808222,59507.1311357941,103876.1987042634,94275.3183952523,83588.4492992213,32935.6014449533,94901.8435463603,51598.6177369350,63492.5329130874,39785.6169657634,50442.6249620185,40747.6315619436,49173.1933760624,57517.4597230991,53492.1859376645,57374.1366604402,53956.6214562643,97202.7707379756,23653.6498014390,36372.5703578761,75790.5237718230,43241.0225561422,54988.8594784131,24022.2106028716,29354.2821778942,48894.9720203832,55082.2852462546,71177.8271090496,33209.1134161192,66503.3447157713,35804.2829938708,59606.3914195942,68758.6207379424,13627.3988209995,18819.9465338847,71344.7426630060,28894.7286809004,46619.5499079137,43391.1389993782,37357.6359766116,57629.0420256329,43569.2429230771,67801.8938132768,41445.0962924414,30865.4725675528,5708.7282788515,43795.4195069912,47606.2049668312,21692.8558194370,60206.4945561366,51213.3273232636,12287.1871450587,73592.4357189574,40262.1061425844,47422.8961519232,51835.5929719330
475,12.4410844813,132572.5955410772,92932.2996841703,76129.1133243400,69575.9762394667,57947.1221863451,121381.2939428106,50017.8194961444,44451.6489755009,89880.4181790709,46927.0147970339,110498.0836950087,31651.9356291249,83510.3192194226,64290.2343855786,116432.7069861422,26498.8079051616,55481.1364780603,107420.6504128494,44714.1329880134,100326.2873715757,85115.8839186044,70072.9059731161,63010.1520633720,68154.7841833472,22198.0175507054,49539.1887697470,17416.3881653809,72383.7996609939,62821.7919042689,50082.3844724241,120375.2798390193,15479.1229874697,41607.0088721208,33660.7153057736,77331.3535332287,61740.0603623205,85418.9404182187,39555.9670239755,102837.3061195230,116624.9888649186,44045.3959278341,65670.3662111454,64519.7692912328,56499.3966063545,118930.8149635133,13317.7023909794,31876.6602162422,94522.5039256321,51148.2310941005,106813.2550183870,109506.8681740764,46248.2319619016,41552.6643566748,79625.0943332279,78821.6998934924,61813.9560106943,58216.0731384616,38702.3651056543,78129.9026733184,32703.1478310988,60851.4064061829,83082.8753955771,8889.8603166192,24525.3855637995,58481.5492145307,93134.7728866782,70349.8128198158,51525.8497143413,11118.7610607967,41200.4176939664,110417.3003987615,27089.5532097299,74025.7601534788,23168.7967436470,48513.0263835856,123726.5963808356,21551.5231275806,65926.9032713649,9601.7697110096,97117.6653987893,49918.2622023036,73463.8097777826,42368.1781076219,39375.6318725659,35504.7146538169,107536.2255846218,53163.0824117643,45604.1837587232,69318.3345980974,53783.2460340103,72645.8300299132,59598.8633297694,58082.2671076676,55350.7196240795,115231.2095199596,56886.7925533438,60665.6040139466,111294.8606311495,55156.2027123844,65525.1351736697,87588.9648070707,126778.2707366529,56010.2437573224,40224.2556042847,77665.3492542569,48546.1049232386,8504.4257546198,85787.2643943613,74102.5185568093,33591.8215803444,17831.7640145620,39130.1447906009,63553.5153478353,111539.9013740490,54344.5958671872,70814.1239237563,73290.4565467831,45573.4925164074,96559.5288158787,48425.9490963858,80904.6507221913,16189.8956626805,90224.1226848452,105675.4456653089,83193.1484339290,100012.9239537777,102388.6866029682,13632.8795323228,81937.2193563122,43522.9451190433,109664.1576069496,88033.0512330844,56155.9724943716,16537.1803324765,79657.3155094615,25185.9360968244,72255.2977831440,26097.9354768351,51073.8679724104,65942.2702541801,73508.1879032555,67438.0314502512,68280.0382239904,33483.5822078917,64555.8730377442,111558.6467393336,100718.6379827226,91308.4749849183,27916.7280775217,102021.6447752574,59020.9217713985,67506.6293553727,45389.3591703380,56490.6208791342,47677.4269804625,50252.5008423966,61968.3952446232,61340.4489677978,64796.0516981909,60181.6187078254,104952.4819549724,20075.1047795316,43143.7660961859,72353.3686157629,50720.5303920976,60503.2443493527,25314.1787828411,33204.5727598139,53723.4203235477,57283.4676932565,78072.1255407053,40904.5971459008,73996.6401414344,38190.1050759716,66157.0606236530,74455.0526583494,8773.4286270721,21824.2339447744,79202.4276871358,28253.9017335964,54529.2927697558,49482.5524648060,38279.2127592399,60667.8130690276,48113.6981845757,75222.1456083077,39625.5478815966,28612.0355914067,6543.9633408907,44749.2740292316,55240.6182424392,27715.6105966852,68003.3825598890,55033.4680707744,19164.7007161879,81039.6686825674,47585.8755516573,55288.7908642015,59737.9321912950
476,0,0,0,0,0,0,0,0,0,0,0,0,0,0,0,0,0,0,0,0,0,0,0,0,0,0,0,0,0,0,0,0,0,0,0,0,0,0,0,0,0,0,0,0,0,0,0,0,0,0,0,0,0,0,0,0,0,0,0,0,0,0,0,0,0,0,0,0,0,0,0,0,0,0,0,0,0,0,0,0,0,0,0,0,0,0,0,0,0,0,0,0,0,0,0,0,0,0,0,0,0,0,0,0,0,0,0,0,0,0,0,0,0,0,0,0,0,0,0,0,0,0,0,0,0,0,0,0,0,0,0,0,0,0,0,0,0,0,0,0,0,0,0,0,0,0,0,0,0,0,0,0,0,0,0,0,0,0,0,0,0,0,0,0,0,0,0,0,0,0,0,0,0,0,0,0,0,0,0,0,0,0,0,0,0,0,0,0,0,0,0,0,0,0,0,0,0,0,0,0
477,0,0,0,0,0,0,0,0,0,0,0,0,0,0,0,0,0,0,0,0,0,0,0,0,0,0,0,0,0,0,0,0,0,0,0,0,0,0,0,0,0,0,0,0,0,0,0,0,0,0,0,0,0,0,0,0,0,0,0,0,0,0,0,0,0,0,0,0,0,0,0,0,0,0,0,0,0,0,0,0,0,0,0,0,0,0,0,0,0,0,0,0,0,0,0,0,0,0,0,0,0,0,0,0,0,0,0,0,0,0,0,0,0,0,0,0,0,0,0,0,0,0,0,0,0,0,0,0,0,0,0,0,0,0,0,0,0,0,0,0,0,0,0,0,0,0,0,0,0,0,0,0,0,0,0,0,0,0,0,0,0,0,0,0,0,0,0,0,0,0,0,0,0,0,0,0,0,0,0,0,0,0,0,0,0,0,0,0,0,0,0,0,0,0,0,0,0,0,0,0
478,0,0,0,0,0,0,0,0,0,0,0,0,0,0,0,0,0,0,0,0,0,0,0,0,0,0,0,0,0,0,0,0,0,0,0,0,0,0,0,0,0,0,0,0,0,0,0,0,0,0,0,0,0,0,0,0,0,0,0,0,0,0,0,0,0,0,0,0,0,0,0,0,0,0,0,0,0,0,0,0,0,0,0,0,0,0,0,0,0,0,0,0,0,0,0,0,0,0,0,0,0,0,0,0,0,0,0,0,0,0,0,0,0,0,0,0,0,0,0,0,0,0,0,0,0,0,0,0,0,0,0,0,0,0,0,0,0,0,0,0,0,0,0,0,0,0,0,0,0,0,0,0,0,0,0,0,0,0,0,0,0,0,0,0,0,0,0,0,0,0,0,0,0,0,0,0,0,0,0,0,0,0,0,0,0,0,0,0,0,0,0,0,0,0,0,0,0,0,0,0
479,14015.3713221959,128027.2978563455,100135.0063119650,62148.2162307180,61461.2631735468,70982.8099862101,122643.0748227879,53552.5089564953,34617.5395104113,87709.6905053232,33732.2152578896,103146.0701474693,27320.9770577633,86468.1600101035,73128.7866245596,114500.6651029997,12709.3117965402,52336.0058402648,102949.2066009196,55582.9217683322,100901.1258810119,79655.7860235641,70258.3726020042,51645.7885453265,73479.6628684140,18281.9511398471,41014.0023947014,9636.3298313130,69236.9539866824,74035.2544292342,57621.2782718598,114681.9213449078,21021.2661324604,27495.3894473638,22250.8228308698,84519.4567133724,48517.7057114460,85944.2162721831,39559.0134174212,101463.1329263113,116385.4006507407,31303.0944923241,60111.0553805997,67403.7812374505,56658.9913491633,115138.6048468212,3270.6926611157,21604.0525169038,90263.2876494735,39681.1323671240,103889.5537140730,110995.6133141551,40954.9806014125,54222.8801178329,84995.7647995459,77439.3102009300,52347.1331636655,51068.4696380252,30216.6446591346,71402.4945060791,18836.7638869981,67904.1128405247,79482.3404121845,23945.9469646546,25121.8157453026,63302.5719483783,92430.6335189347,80336.5401767814,63498.1630025366,13910.4392899392,50075.5531600553,104219.8521105554,19110.4635515720,76917.9916728741,9735.0005185248,47381.6782606797,118949.6629740200,11917.7814417812,64215.8826295763,11458.5124848852,94095.3552417590,63286.8355927637,68555.4995397653,30947.9340517933,36193.4006192465,22653.6117692302,107401.7181349392,63765.8331826815,47212.0314420314,76159.5347301515,62787.9702421891,81406.8415241077,71763.9096392613,45800.3322127002,50141.9792623555,110297.3812183748,43148.8347156148,70678.1045520795,110207.4329139369,44931.3278726757,61696.0816862046,89400.3160533445,122890.3613681682,58092.7000518634,26499.8871928961,77934.8214741623,54357.9265690902,18838.1765594636,84878.4089468405,78501.5038210043,19513.9167429860,15827.6829933313,27692.5871900533,64636.5200230078,107804.8188940946,41237.9125757023,64067.4021658554,74728.1375193715,35655.9479762000,94758.4092406931,45213.3309379015,82413.6068417712,1790.8097661972,86849.2837380759,100356.6126202824,80793.6481601819,99554.3568387664,98678.7244940520,7808.3409040743,88272.2786686566,36458.0474417393,107659.8993873033,83478.7820454373,47650.0230381332,11779.3205780785,75067.4155083278,21089.1314186603,70782.6218589546,18310.4710488999,44102.5394015151,55424.6169576672,79395.6803859669,71557.1061115224,76244.3851532623,31718.9335716723,57406.6415816440,112025.1386339034,96195.0265871476,92276.8390155770,15668.4284301173,99736.0923936727,67327.1804886963,58383.0577518681,57313.3033624905,67824.7417375015,57500.5444522765,37770.2304094766,53750.8919761842,67191.6844211796,64516.9835562233,55920.3563334017,106001.6883660779,4579.0912258131,41365.8586656975,58548.1121287760,51236.9440193094,54483.1592274382,14864.3953781470,25712.6143874828,66413.8165619797,45846.6012083970,75337.5906195223,48373.4845215798,81874.5002582863,27805.7635453139,76632.6451990258,68452.1397776967,11826.5573322289,15236.4021222979,81701.2166064103,15042.0322405832,58649.9352399973,60777.1301769082,26042.0668214788,50232.5099807850,61024.6125797627,74676.0421130783,25531.0020318250,14495.6165942362,18299.4205036199,32293.5902982320,62704.9373006195,25690.6919072709,70031.4555999454,68435.1665516767,21435.0102758056,80511.9010285094,56379.7460672506,61051.3989632359,63454.0304922754
480,14664.7388274210,127088.1782089517,99814.6460056491,61691.1755065393,60461.1881904983,71276.2194192759,121937.9357511020,53039.9953785818,34922.7261556005,86863.4077709221,32844.1994716569,102150.3511722455,26480.3791396052,85875.6079295255,72963.6180054060,113653.2916452251,12428.7584487198,51480.3929534044,102017.0746206011,55630.3274335536,100170.7889057641,78702.8142837765,69531.3089400452,50659.8424279039,73049.1107451256,19140.6440784476,40014.5441935990,8827.7282693603,68364.1352528281,74094.1595189813,57375.7252332432,113715.4947684293,20863.1645325652,26971.4698179393,21250.4545412634,84210.0962322893,47641.4942641820,85220.4445121373,38882.9505431289,100643.2208402199,115609.7085024478,31210.9628458437,59164.3639192125,66827.1312415992,55948.8046169715,114224.4574486146,5115.1564673278,21938.2909765971,89341.2889776890,38693.6313891488,103007.9878932162,110306.8733815040,40035.9002319570,54478.8361250344,84556.0878596027,76632.4168433893,51338.8598409214,50087.8339272166,29225.0977214452,70422.5382276827,18051.7963639372,67603.8777522328,78586.6695476521,24424.2150357229,24570.6452303032,62853.0745192755,91644.3385829922,80266.2941255852,63653.9999976079,14913.1299897719,49954.4019658880,103243.9627768531,18159.2856174759,76330.4245104479,8826.7732715220,46624.8894309146,118005.5929553800,12476.8694190713,63406.3458664883,11407.6789681472,93213.7079370126,63641.8243354700,67622.9421010052,29954.3997390879,35369.8821767709,22575.8781817115,106634.3470438553,63773.7440839405,46600.8545427491,75832.8517975510,62651.3452004308,81226.2526163504,71935.0716448242,44848.6729906526,49213.8589080102,109350.6138401979,42348.9978076291,70620.3646763011,109396.3248935345,43924.7481593885,60804.0805249605,88740.9962791348,121971.5938029196,57484.2419735364,25687.1191797491,77204.5999244530,53993.3438494118,19072.4358416285,84087.3703322624,78004.4166688783,19034.2109726792,15260.8084205400,27831.5394966542,63962.5335848898,106894.2773471318,40345.6190831217,63089.4176121134,74061.2317944347,34647.6308486704,93923.6674229848,44366.4450632153,81743.4171594235,1020.1164447405,85958.0402589023,99401.7500007663,79942.0854044385,98775.5701770959,97771.6173324722,9389.7449736319,87896.7723428127,35491.4639721723,106811.8688824848,82550.1521708227,46648.5346343074,12695.2103261304,74141.2879608413,20304.6000795556,69977.1689204981,18929.2102501151,43130.4713072785,54422.5271775083,78996.9560672995,71050.3003502754,76003.7628479392,30982.7294046517,56423.0425674494,111284.4254260811,95263.1379859853,91571.1841480032,15772.7838116489,98879.9127814641,67125.4662703343,57375.3568900358,57471.4419527357,67903.1276519415,57445.0091606927,36825.6294727265,52751.2462819191,66805.7864270864,63773.5515983727,55018.2658784448,105292.5961520543,3896.8484091680,40592.6574966931,58161.0100335729,50555.7126076265,53527.4421251596,13861.1077590413,24753.7250346559,66659.2817667519,44860.7956567549,74476.3014688209,48145.4456849936,81621.0985265847,26797.6180631626,76613.0309734182,67489.4807580385,12723.1205582453,14383.1333425277,81086.2966028667,14126.0335894521,58163.4802960859,60860.1750673041,25073.2809192566,49228.5949757645,61306.9241493301,73909.3063282743,24853.4196612872,13839.2148295653,18793.8782287640,31343.1247703719,62444.1177897934,24979.0640528483,69402.1773634707,68792.8478101208,21042.6547960851,79741.3114101863,56237.1002294393,60669.5143542476,62933.6454609047
481,23550.7929843339,119282.9748911389,99742.8136421757,55633.6310336113,51463.4556766708,77010.3118551045,117433.7964055460,51362.3735854750,36854.8196969197,80602.6798222895,23361.8985767033,93219.2470701970,21362.3229069999,82896.1705708354,74639.1647590151,107287.3026831169,11544.7922640341,45355.8990478417,94372.6342240542,59463.3933616937,95424.9393524998,70748.0123414951,65019.0630651283,40793.9441286319,72007.1779520941,26974.6361619204,31133.3492814764,8486.4814372444,61808.4204805457,77832.1731525942,58455.9408243194,105431.5090011218,24198.5807177065,21110.2728863546,11532.3089776004,84351.0656709711,38181.3306636952,80634.2261967208,35580.3653571163,94702.7259927286,110220.1973264865,29456.9432033018,51418.5859186221,64202.7395453353,51816.3567267778,106852.0483260071,14758.6260516229,24925.4943096292,81900.1222598664,28833.7039146831,96167.9575136242,106044.4210726650,33026.1559865672,60061.1423659258,83315.5214477821,70988.0060567935,41904.3313875654,41681.0144788753,20762.6237333334,61939.4464053878,9993.1513954662,67993.9687958192,71614.7887169134,32118.5599464581,23623.9158609232,61723.0264918792,86200.8879218708,82781.3355880752,68321.3325888559,24717.8315521533,52362.8249045232,94782.2856654855,11535.8778105342,73482.7412039597,35.4193248062,42030.5436105622,110127.1758282719,18443.1376424658,57829.4445214950,16873.3643373542,86402.2595235607,69912.3990528207,60087.4354084884,20130.2407507218,30100.2955588919,21641.8624054480,101383.0162853798,67156.1460702107,43897.0444975967,75865.1710573354,64714.5005113819,82680.3231620390,76660.0186256299,35007.5565192675,41901.1765803109,101438.0720304471,33471.1994669336,73334.2842549846,103548.9999065290,34303.3459844834,54001.4606383472,84941.7660471050,114511.3969370017,54604.8127158464,16930.7268117465,72588.2158598696,53915.6405982577,25481.4451264709,78617.5654889785,76182.0572559808,14417.3584184597,15460.6402480205,28535.6179348347,60188.1432965977,99594.5712621378,30803.4284674586,54677.2968400041,70273.8688274327,25243.0535908844,87799.4081501644,38494.9971618699,77855.5536732613,7938.4009259015,79024.7409146689,91359.9809790460,73637.5739135724,93402.2913557641,90549.2078777058,16760.8729517784,87320.9758625483,27586.3979105333,100454.7642043848,75018.9491067397,37649.3539287087,21317.4497093102,66686.4613380416,16691.6026237182,64400.5788310443,24667.8099987251,34987.6893512852,44676.5747827106,78242.8560949649,69184.5541642544,76909.4889721381,27198.9320843723,47907.3300739438,106363.6922219496,87638.5312503217,87179.9230723551,17526.1913600459,92429.1805164420,68506.7061315689,48015.0838860701,62224.2026415448,71866.1166054163,60333.9012169609,27013.1754143692,43793.6306558698,66312.3299427273,59102.9184538819,48101.3095826884,100795.3786529385,9179.7976419300,35912.2577815633,52790.2414921451,46889.6559237305,45644.2659608570,10926.8002694113,17374.0097765321,72040.7304251247,34994.7935889793,68057.4351094223,49570.8270701590,82351.0530610129,17370.0774329308,79624.5810627921,59387.0765114353,22497.7952062356,10734.5783635663,77875.5637515628,8224.0985765192,56691.9749138485,64936.4450806912,15197.8669849682,39520.3722884805,67029.2179922368,68834.7543888225,17504.9469183110,8232.2617312625,26770.8265576674,21513.5160675086,63297.9481716309,21946.9276987849,66120.7551933095,75048.7448545605,22187.9831575034,74574.2719554581,58333.7685559077,60299.9020289440,61009.3066357217
482,11519.0796752494,134101.5204945366,88919.5151006693,83032.6775212911,73235.6311854073,51307.4398090557,120119.2795277421,48442.0639787039,50624.0056075540,90503.2998645463,53122.6590562086,113502.5562642358,34654.4213711874,81676.0678707471,59675.8142282295,116755.7143769492,33406.3019783206,57060.1209942851,109033.6712916880,39250.9897651781,99524.4362433406,87368.5630401088,69775.2664089118,68237.5861601948,65304.9982610807,27531.4204735441,53670.7528521889,22901.8266181286,73669.6277595272,57010.2616522219,46367.9494384513,122519.4750629527,15745.3293555008,48470.3862065908,39292.1925487373,73436.1651367243,67883.4792647731,84767.5360607184,40149.5160337188,102970.5340910808,116120.2559405141,50843.7012189303,68191.5850610425,62966.0611388610,56464.7579685472,120150.0585885074,20187.4758126890,38313.8571662669,96119.0747859017,56528.3083188157,107675.8646673112,108197.5348548941,49048.1049146435,35145.1079649418,76623.4030329899,79174.6473453921,66180.7978514838,61583.1427467699,43080.4286122838,81051.2804874206,39302.5694861237,57209.5454622516,84462.0848573061,43.5016552684,25927.3972623350,56043.8501582765,93014.8040622353,65101.1661858778,45405.9504365796,16094.0987134897,36946.7475750652,112856.1698659118,31778.5236592951,72329.8726647385,29691.2159030888,49319.1264924880,125405.9153980232,28121.5848710610,66619.1068171252,14075.5347874604,98094.7747896121,43162.2860211418,75574.8496362909,47840.4438658227,41475.9592715000,42341.9510300003,107032.9130380965,47741.1934068097,45154.9918084535,65678.0636992916,49208.8716068765,67996.1614280178,53342.2667040274,63775.3732065879,57889.5305443942,117027.4142521808,63333.9129498863,55479.1736111100,111234.2248644501,59941.9470541146,67236.1058816894,86283.3786339862,128008.0833084203,55027.8808394798,46715.9919601167,77224.6726663915,45804.5444115533,9404.7650981047,85834.4073319559,71648.5406678065,40468.8585548079,21373.0360680639,45715.9638305600,62918.9675108650,112770.1421304621,60458.1737737143,73822.2894063269,72328.8937464730,50371.4461585639,96946.9033356175,50217.6328788326,79815.6732634460,22841.6022301852,91427.7472516751,107711.5019596552,83991.3571344404,99719.0325887089,103662.6365720451,14020.8242257992,78431.3872604702,47171.5966243430,110060.8470092938,89824.9739195643,60165.3405999068,22599.4216811106,81546.5555964650,28584.2722497746,72735.8968582604,32167.1179130263,54495.7686524819,70751.7342100592,70307.8026437426,65212.8595364050,64075.0770858497,35242.9957652313,67829.3735715384,110737.1795875884,102399.0844662091,90384.6949464706,34717.7463765358,102604.8754054639,54745.6821873128,71655.5181110716,39341.8021847885,50659.7457892139,42750.4405767748,56094.1179550263,65765.4153450186,58318.0522275147,64811.2605650643,62187.5427962644,103886.6089244809,26966.3685869415,44441.4623567489,79261.8264877721,50656.8166585142,63318.3534249622,30903.8628476924,37395.5873206203,47245.6594475492,62590.6863672066,79088.5903483603,37468.2498210522,69782.0762324644,43329.7052222535,60691.9801985444,77072.1509713175,11912.8764585854,26456.4777594505,77641.4566210552,34625.7507378804,52536.6106932188,43730.8429986820,44141.0436360466,65487.2680639271,41556.0118918172,75211.7140737810,46354.5492344768,35380.2887413614,3349.3722404550,50626.6306648115,51469.2746815514,30014.1397524070,66823.7934537310,48257.5148115042,20501.9441230674,80950.5554438959,43231.7032229469,52420.1890565707,57846.2386965765
483,0,0,0,0,0,0,0,0,0,0,0,0,0,0,0,0,0,0,0,0,0,0,0,0,0,0,0,0,0,0,0,0,0,0,0,0,0,0,0,0,0,0,0,0,0,0,0,0,0,0,0,0,0,0,0,0,0,0,0,0,0,0,0,0,0,0,0,0,0,0,0,0,0,0,0,0,0,0,0,0,0,0,0,0,0,0,0,0,0,0,0,0,0,0,0,0,0,0,0,0,0,0,0,0,0,0,0,0,0,0,0,0,0,0,0,0,0,0,0,0,0,0,0,0,0,0,0,0,0,0,0,0,0,0,0,0,0,0,0,0,0,0,0,0,0,0,0,0,0,0,0,0,0,0,0,0,0,0,0,0,0,0,0,0,0,0,0,0,0,0,0,0,0,0,0,0,0,0,0,0,0,0,0,0,0,0,0,0,0,0,0,0,0,0,0,0,0,0,0,0
484,11723.6534063741,122816.6165507542,82303.1956758255,79934.0317704927,62502.6476455568,52606.8218787895,110104.8018725982,38676.4043469390,53279.7906919614,79398.7086731491,46322.5421650144,102385.0158084368,23813.9002826709,72166.9463940037,54339.6173559302,105775.4223368743,31661.0683297091,45757.1840876595,97738.3505946750,36299.0413934378,89155.7990136200,76091.6372276663,59063.4307978841,59159.2864115543,56977.0153206181,32708.1488717983,43423.0662349435,16120.7291086952,62398.9289531150,54758.3702783130,39438.1190161024,111223.9484196368,4378.3032834677,45153.4223049757,31509.8945758146,66662.8224840384,60687.5693468150,74287.8302475167,28982.5392700365,92065.5418505628,105564.1880373838,50548.3885339937,56978.9879467222,53185.0725895804,45592.0987264078,108906.4956032310,20898.3498002266,40302.3283042694,84823.0665911035,47837.9961985099,96508.5261016237,98218.6914259055,37975.0731416437,35672.1411945143,68479.6596482570,68158.9237437956,56052.5185746390,50721.3609378007,33237.5325594988,69938.0099918297,34452.5712656932,50081.7115699220,73183.8426533449,13853.1276964226,14633.4689652304,47209.6257876181,82227.2315954565,61177.2785715219,44420.4139279488,22223.9747762310,31161.4700599297,101597.0085638396,22710.0392998528,62685.3180838329,25105.3779834404,38116.1152472443,114107.9401862402,29987.2389948036,55472.4431852898,16048.9094535102,86894.3912949591,45455.2324400868,64286.8368398024,39480.0273133253,30227.2119230535,41910.8959007257,96471.8820357342,44487.3947111467,34489.0851694041,58509.5690519484,43892.3056498859,62675.4325958065,52732.3351596041,55568.1188480493,46699.5152348534,105724.0220610049,57181.8057518646,51495.6736620043,100426.7146826378,50333.4659215187,55931.7787703479,76293.9313188845,116764.3799977299,44754.6582932390,41107.2030628173,66605.0120994217,37388.5099961674,558.7584414405,74958.0426504759,62815.0326330506,37621.1992813813,11648.8126577787,46860.5344246838,52406.5705401672,101522.7676392336,53285.7557889506,62753.6619556265,62058.1182351364,40904.3422494852,85930.8645601977,38917.6679125689,69647.8197368682,19662.9520863173,80178.0358798669,96411.0978929777,72829.2969135445,89030.1828925119,92405.4000691601,14084.1961358548,71013.0680373214,36592.3126551937,99048.1642990774,78520.6807049463,49755.1099198326,26419.3594168569,70243.2752861777,18195.3751909402,61665.6312405935,35549.1585993447,43703.1906640479,61078.3509545227,62453.8279834343,56120.0678996072,57896.9883387053,23958.5356756727,56894.6409288434,100387.2463464171,91098.9512831853,80098.2406142782,34915.2208401713,91520.4428158034,48765.7662909634,61294.3070914752,38251.0001278789,48566.7353966649,38326.4447373982,48320.9707117829,55157.1131540135,50243.0640291330,53927.7014553117,50896.2054574202,93712.6857249864,25222.8669359664,33148.3469225093,76805.4336170992,39786.6568293232,52201.4826110405,23485.2239661964,27481.0729451561,47744.5830412306,53697.4046862676,67869.1008217772,30166.3492350672,63592.5454555582,34508.0813836593,57378.6326375377,65872.1706641000,16901.8580833539,17669.9259690739,67872.0594300527,29087.3325440906,43196.1956626300,41525.6245386657,36699.6149229654,55867.8141447540,42616.2241084602,64353.4408287710,41945.4890160374,31712.1290147530,12589.5298985126,43046.7049418185,44595.1924977850,18900.2512059223,56719.2330175298,50589.0439639810,11970.6373127190,70137.4795871237,37538.6877683893,44151.2351633160,48396.5436604599
485,0,0,0,0,0,0,0,0,0,0,0,0,0,0,0,0,0,0,0,0,0,0,0,0,0,0,0,0,0,0,0,0,0,0,0,0,0,0,0,0,0,0,0,0,0,0,0,0,0,0,0,0,0,0,0,0,0,0,0,0,0,0,0,0,0,0,0,0,0,0,0,0,0,0,0,0,0,0,0,0,0,0,0,0,0,0,0,0,0,0,0,0,0,0,0,0,0,0,0,0,0,0,0,0,0,0,0,0,0,0,0,0,0,0,0,0,0,0,0,0,0,0,0,0,0,0,0,0,0,0,0,0,0,0,0,0,0,0,0,0,0,0,0,0,0,0,0,0,0,0,0,0,0,0,0,0,0,0,0,0,0,0,0,0,0,0,0,0,0,0,0,0,0,0,0,0,0,0,0,0,0,0,0,0,0,0,0,0,0,0,0,0,0,0,0,0,0,0,0,0
486,14089.6852639208,119950.1538071276,80904.3913990955,79243.8927157526,59751.0704765968,53453.2041251566,107663.4145642229,36415.1789616043,54182.9567285972,76607.3543462877,44757.0581960029,99530.8462094970,21075.1731175892,69912.9820124895,53410.9408204512,103024.5293322822,31708.7249016028,42879.6947566656,94866.3117729429,36219.3022423788,86611.9999761944,73208.2103588102,56421.9403268172,56879.6642251281,55130.2413273894,34391.3996565507,40830.5481727983,15136.5015740778,59541.1599190349,54686.2540369976,38133.8016344506,108339.5932370001,61.5706355891,44587.5181594663,29768.9059926033,65259.0397717850,58941.9497463272,71715.7805203068,26184.4311148027,89342.8514803965,102953.7133104408,50736.5052339725,54107.0469555694,50874.1507647908,42902.7839239668,106058.9570676156,21897.7990720188,41160.7384132871,81950.7313038326,45704.0351039468,93691.6757932938,95794.0851458770,35142.0679241255,36506.8187678719,66658.3947680437,65403.0109441987,53475.5812172369,47940.5974034902,30804.9309384823,67087.1379795387,33577.0726674137,48639.9147535175,70321.7546989800,13470.2353666638,11749.1680463050,45234.9076766691,79547.4145396830,60612.6803358445,44766.2399755019,24296.4316222030,30325.6027726281,98715.6466944857,20644.9913146777,60401.7515628684,24499.2972825885,35294.7742042631,111234.0382481153,30981.0303220973,52669.7222894552,8302.8110990265,84065.4694777635,46593.8434783905,61402.5434239223,37487.1998606451,27350.0376649629,42147.2512224595,93862.6257887813,44225.5121468661,31899.4621790813,57016.3111009504,43043.8618681954,61709.8090855358,53103.1791213363,53549.5860356997,43833.5798198594,102845.5282039072,55744.9304353506,50971.8230937411,97735.1841929963,47918.2521344483,53051.7821357019,73881.3828941012,113916.5558533134,42290.1012290240,39931.0769764355,63990.4332776038,35610.5319261930,5889.4732600713,72250.0013329270,60792.2127884952,37269.6325182754,9618.4808588171,47443.7758239685,49842.9099119990,98673.8630337820,51575.2753302269,59914.4851819183,59566.9476572733,38559.6928646430,83170.6195349305,36033.6810846819,67183.2014728710,19686.0990765886,77329.0307798145,93527.2983282801,70016.9756690524,86381.3490182887,89552.5328541218,15364.8348442145,69405.0395097738,33910.4581913326,96286.9762147820,75640.7004517865,47104.3564801365,27933.1594565977,67360.5214422484,15670.9920565816,58891.2101219088,36796.9232895562,40947.1047965146,58624.8123442023,60737.5088454961,54030.5590656336,56703.1117413303,21074.9899699928,54091.3076811821,97844.5421143498,88223.6232054995,77586.3048024456,35408.7241979228,88734.7588589688,47681.7295569437,58645.9170120755,38642.3295634832,48583.3943340791,37799.5953516199,46457.8138727021,52444.3274645862,48502.5219086812,51227.3549097155,48011.8024218285,91229.0081850729,25432.1210440009,30279.9361223421,76294.3986750466,37105.0333001209,49352.3406036597,21998.8974394419,25056.7837178509,48433.4231669828,51484.5489838022,65034.0698960104,28848.0803658752,62371.3900462093,32402.2849698930,57002.9585971241,63002.3096585177,18969.5503852031,15827.7710922539,65540.0708699718,28094.8902263358,41066.5689437934,41581.6832307254,35013.4309198720,53438.2131539919,43491.1761859924,61656.2598457711,41106.2203316256,31225.0733425266,11516.3550756927,41270.1242275050,43266.6517379303,16072.7856319797,54291.7137241039,51695.4704994593,6312.2252150687,67453.5953969467,36641.4280939861,42378.3899427620,46210.6558230223
487,0,0,0,0,0,0,0,0,0,0,0,0,0,0,0,0,0,0,0,0,0,0,0,0,0,0,0,0,0,0,0,0,0,0,0,0,0,0,0,0,0,0,0,0,0,0,0,0,0,0,0,0,0,0,0,0,0,0,0,0,0,0,0,0,0,0,0,0,0,0,0,0,0,0,0,0,0,0,0,0,0,0,0,0,0,0,0,0,0,0,0,0,0,0,0,0,0,0,0,0,0,0,0,0,0,0,0,0,0,0,0,0,0,0,0,0,0,0,0,0,0,0,0,0,0,0,0,0,0,0,0,0,0,0,0,0,0,0,0,0,0,0,0,0,0,0,0,0,0,0,0,0,0,0,0,0,0,0,0,0,0,0,0,0,0,0,0,0,0,0,0,0,0,0,0,0,0,0,0,0,0,0,0,0,0,0,0,0,0,0,0,0,0,0,0,0,0,0,0,0
488,11025.7564685171,123247.5945525892,83068.1035176157,79372.7249415668,62649.8114753364,53165.8712320555,110765.4776389865,39370.4763827105,52528.6862607425,79914.1535070097,45970.2951335295,102644.4055413939,23966.9090343878,72865.1517402958,55098.4534868416,106318.6243909147,30996.9091422548,46163.3736007570,98157.6760463445,36999.9338211412,89787.5232460163,76434.0130688633,59659.4877631768,59042.7613843279,57722.6605626002,31946.8554435432,43465.1095316763,15668.1712728532,62845.5453239359,55453.8183802663,40203.4250883741,111587.7982852162,5434.7591940418,44577.8054897881,31219.3354625006,67427.5652210680,60381.9093953962,74909.9807787873,29491.7416330910,92624.7779298222,106173.5521558774,49859.7248590021,57277.4887018942,53871.8266609769,46166.6316418285,109367.2382701900,20148.0405339386,39555.2022272445,85241.8736427913,47667.5879390270,97002.6924264454,98883.2066554078,38210.6752213388,36240.9282050339,69227.6986032661,68698.5576868559,56081.3841597365,50896.7795730671,33201.6643815919,70193.8308304664,33942.8354553025,50845.6108692644,73623.2685968910,13304.9041118910,15000.0470310493,47943.2709436947,82807.5784487763,61916.3046752705,45065.4193632873,21487.7574026874,31918.8763772383,101925.1542967853,22538.6569610782,63377.8264805192,24552.6893915405,38605.8997922483,114522.5005954882,29234.2613011333,55978.6885624352,14780.3354512709,87376.7517673566,45957.1480154578,64640.8645106767,39263.4620097717,30545.6995626038,41218.8074650029,97081.5367967089,45204.0421309319,35102.2230548270,59272.5529315425,44648.6965150002,63435.2237589864,53371.3070865742,55352.7745139769,46985.5416876481,106125.0924139723,56790.6395994744,52232.7587697299,101001.8861542220,50280.0668485019,56328.5892177556,76960.6230519891,117224.7204534302,45406.4631739792,40658.8556416998,67211.8463744905,38137.4793926271,804.3396676361,75524.6307191048,63544.7247641316,37012.6467589658,11511.7318549789,46132.5759149990,53030.3681549763,101981.7349124419,52972.0264899313,62992.7423863419,62704.2214385856,40823.0236330757,86468.0293142711,39291.7376546406,70301.4122182928,19014.8413010333,80636.9914734624,96784.2480659019,73327.5041881314,89624.1829062656,92858.9584058053,13324.1262676625,71772.7463274502,36694.0303514881,99584.8522158707,78916.7354015333,49830.8353402580,25654.1276724035,70625.7652926309,18226.7127982707,62193.0760842420,34785.8889871272,43858.3902412872,61040.3342012315,63208.2338308189,56841.5030155904,58661.9232480959,24309.3042843588,57091.4145559924,101019.5683977434,91509.9925336523,80739.2726703111,34198.2373301807,92040.2260600496,49529.2113034449,61365.7126986698,38891.8577253243,49253.3450514675,39065.7847123699,48056.3977184910,55274.7356419245,50995.5102023939,54497.4345040262,51254.6992801803,94362.0302269074,24542.7127516365,33577.6504872402,76212.6503715831,40364.2598631633,52456.6229308788,23134.3261919980,27447.0452852667,48333.9459830219,53555.2522756855,68344.9803928732,30931.3689077439,64357.6765976735,34335.5183346697,58103.3796611333,66164.7164365143,16162.6123166364,17438.1786847946,68555.6922214770,28607.7601612391,43911.1672289235,42209.5108219373,36387.8794567915,55819.4940674117,43173.5892882472,64925.1231678197,41423.3908368794,31130.5316954351,11406.2001164904,42757.7101899384,45360.4172860173,19141.7067124247,57381.3410362730,51095.9341628092,9567.2644136827,70715.6470540565,38297.5665361873,44901.2292971255,49104.0511975080
489,3803.1453002614,130859.4572288704,91174.8050967085,76553.1781030164,68221.0668313824,57026.5684934264,119475.2888031133,48111.8790710668,45779.5595552758,88063.5649709756,46519.0398636210,109017.1024006207,30105.7907959146,81605.3836706258,62639.2357579095,114596.1180736286,26995.2965235729,53748.8473181367,105713.8459046886,43280.1985669161,98429.0232792141,83494.0531596227,68190.8751368566,62129.6678864207,66293.0617666236,23860.5128679292,48287.9614193562,16566.3700729660,70626.8689396915,61473.4631118264,48310.2040709966,118746.0683921469,13576.5539710226,41897.1976046057,32928.0557720264,75564.1356866227,61304.0920469002,83525.1625300190,37712.3879058482,100985.3976096586,114739.5573193613,44904.2572977503,64082.7629442015,62612.5721844351,54626.5646245836,117178.6790026791,14147.8567847157,33086.6540347535,92810.4339145802,50321.8210309307,105021.7323218186,107600.1302801009,44691.7837185115,40496.7916688605,77770.6345078329,76980.6324087785,60640.7949110024,56786.2204877129,37506.1018986041,76621.6488919653,32614.1905340081,59062.5540050909,81340.7201262266,7195.4841113731,22724.0604830774,56599.4979383969,91265.8836397018,68829.7416197418,50310.0836721258,12926.0943432373,39514.7677109423,108833.2800638406,25963.2699420068,72119.4408977571,23003.7583700769,46694.5155064821,122031.5508046264,22706.8297944811,64108.5609555578,8247.3255473121,95335.5384493027,49117.1520089969,71815.1493062722,41573.3471995066,37694.6271186311,36311.9911798628,105650.1546232992,51704.6155987119,43709.2646209306,67524.8169872004,52134.3800669231,70995.8219294051,58436.9544351063,57400.8377656618,53758.1598837209,113550.4010757145,56662.6825319609,59137.9786077167,109431.6971745140,54109.6232469156,63816.2241987656,85681.8161906630,125028.5196733058,54104.9859197542,40034.8488751115,75778.4776211579,46685.9943491909,5950.3249625913,83927.0191977747,72217.4051683403,33926.5462057160,16333.0914021047,40219.1003353227,61657.2738042849,109787.7297414721,53887.9023403755,69318.8609169244,71387.2206241207,44521.3857925321,94724.8907734042,46714.3221899628,78999.7169244593,16164.9588650369,88464.1979957137,104026.7769329200,81390.2157004684,98135.7210955261,100639.6280762759,14716.4196786589,80124.9980416359,42140.3152176206,107832.3370350954,86344.7394667444,54878.6255428202,18011.7662470514,77979.3366624561,23699.0169507619,70421.9897517002,27514.9040653290,49649.0470670360,64911.2955673142,71670.8117336869,65544.8587899903,66559.2364114455,31745.8527534297,63110.8381371113,109661.4854066575,99019.0592914873,89407.3890877432,28802.2485772925,100203.8391408925,57317.1133968993,66275.4340440670,44152.6832691818,55155.5437641340,46105.9285015543,49640.9093545585,60641.6110122575,59493.5229021833,62928.8312244669,58509.6084007905,103049.0750823654,20485.8212189107,41367.6074139812,72888.2041053473,48843.8016424188,58964.1077230687,24544.6608254884,31942.3818591245,52690.8273342328,56431.3642704956,76288.7019275340,39111.7177951632,72274.2008991875,37252.1732010242,64697.4997115225,72889.0917349468,12023.6833285078,20657.1392012225,77294.8817350006,27961.6600788224,52631.2035592097,48129.4965824343,37669.0575466354,59636.8520015161,47141.8076304324,73356.2269252947,39684.2123098284,28731.2168256746,3602.4995393995,44152.8968583009,53470.7170727800,26036.7942233988,66096.6476535371,54250.3632889144,17336.1802220046,79170.4829675118,45906.5754181428,53433.4905925698,57836.2428798789
490,0,0,0,0,0,0,0,0,0,0,0,0,0,0,0,0,0,0,0,0,0,0,0,0,0,0,0,0,0,0,0,0,0,0,0,0,0,0,0,0,0,0,0,0,0,0,0,0,0,0,0,0,0,0,0,0,0,0,0,0,0,0,0,0,0,0,0,0,0,0,0,0,0,0,0,0,0,0,0,0,0,0,0,0,0,0,0,0,0,0,0,0,0,0,0,0,0,0,0,0,0,0,0,0,0,0,0,0,0,0,0,0,0,0,0,0,0,0,0,0,0,0,0,0,0,0,0,0,0,0,0,0,0,0,0,0,0,0,0,0,0,0,0,0,0,0,0,0,0,0,0,0,0,0,0,0,0,0,0,0,0,0,0,0,0,0,0,0,0,0,0,0,0,0,0,0,0,0,0,0,0,0,0,0,0,0,0,0,0,0,0,0,0,0,0,0,0,0,0,0
491,0,0,0,0,0,0,0,0,0,0,0,0,0,0,0,0,0,0,0,0,0,0,0,0,0,0,0,0,0,0,0,0,0,0,0,0,0,0,0,0,0,0,0,0,0,0,0,0,0,0,0,0,0,0,0,0,0,0,0,0,0,0,0,0,0,0,0,0,0,0,0,0,0,0,0,0,0,0,0,0,0,0,0,0,0,0,0,0,0,0,0,0,0,0,0,0,0,0,0,0,0,0,0,0,0,0,0,0,0,0,0,0,0,0,0,0,0,0,0,0,0,0,0,0,0,0,0,0,0,0,0,0,0,0,0,0,0,0,0,0,0,0,0,0,0,0,0,0,0,0,0,0,0,0,0,0,0,0,0,0,0,0,0,0,0,0,0,0,0,0,0,0,0,0,0,0,0,0,0,0,0,0,0,0,0,0,0,0,0,0,0,0,0,0,0,0,0,0,0,0
492,0,0,0,0,0,0,0,0,0,0,0,0,0,0,0,0,0,0,0,0,0,0,0,0,0,0,0,0,0,0,0,0,0,0,0,0,0,0,0,0,0,0,0,0,0,0,0,0,0,0,0,0,0,0,0,0,0,0,0,0,0,0,0,0,0,0,0,0,0,0,0,0,0,0,0,0,0,0,0,0,0,0,0,0,0,0,0,0,0,0,0,0,0,0,0,0,0,0,0,0,0,0,0,0,0,0,0,0,0,0,0,0,0,0,0,0,0,0,0,0,0,0,0,0,0,0,0,0,0,0,0,0,0,0,0,0,0,0,0,0,0,0,0,0,0,0,0,0,0,0,0,0,0,0,0,0,0,0,0,0,0,0,0,0,0,0,0,0,0,0,0,0,0,0,0,0,0,0,0,0,0,0,0,0,0,0,0,0,0,0,0,0,0,0,0,0,0,0,0,0
493,0,0,0,0,0,0,0,0,0,0,0,0,0,0,0,0,0,0,0,0,0,0,0,0,0,0,0,0,0,0,0,0,0,0,0,0,0,0,0,0,0,0,0,0,0,0,0,0,0,0,0,0,0,0,0,0,0,0,0,0,0,0,0,0,0,0,0,0,0,0,0,0,0,0,0,0,0,0,0,0,0,0,0,0,0,0,0,0,0,0,0,0,0,0,0,0,0,0,0,0,0,0,0,0,0,0,0,0,0,0,0,0,0,0,0,0,0,0,0,0,0,0,0,0,0,0,0,0,0,0,0,0,0,0,0,0,0,0,0,0,0,0,0,0,0,0,0,0,0,0,0,0,0,0,0,0,0,0,0,0,0,0,0,0,0,0,0,0,0,0,0,0,0,0,0,0,0,0,0,0,0,0,0,0,0,0,0,0,0,0,0,0,0,0,0,0,0,0,0,0
494,0,0,0,0,0,0,0,0,0,0,0,0,0,0,0,0,0,0,0,0,0,0,0,0,0,0,0,0,0,0,0,0,0,0,0,0,0,0,0,0,0,0,0,0,0,0,0,0,0,0,0,0,0,0,0,0,0,0,0,0,0,0,0,0,0,0,0,0,0,0,0,0,0,0,0,0,0,0,0,0,0,0,0,0,0,0,0,0,0,0,0,0,0,0,0,0,0,0,0,0,0,0,0,0,0,0,0,0,0,0,0,0,0,0,0,0,0,0,0,0,0,0,0,0,0,0,0,0,0,0,0,0,0,0,0,0,0,0,0,0,0,0,0,0,0,0,0,0,0,0,0,0,0,0,0,0,0,0,0,0,0,0,0,0,0,0,0,0,0,0,0,0,0,0,0,0,0,0,0,0,0,0,0,0,0,0,0,0,0,0,0,0,0,0,0,0,0,0,0,0
495,7468.8616587743,130424.4762675440,87826.5189385006,80376.6117125754,69175.1005195581,52994.2176352813,117450.2194153169,45853.2484321327,49754.1532028586,87076.2957434408,49488.1992848657,109518.6557533315,30626.4351630398,79262.0075340230,59029.9705407408,113443.3466367386,30904.7393322499,53325.8309454301,105327.2066948904,39372.4703658176,96640.8006102688,83506.2487808577,66660.4968461257,64248.4541117571,63434.5257783225,27490.7960272069,49592.7336567268,19084.0485021625,70030.1788337449,57502.0557650930,45030.6562132795,118691.7638013637,12154.3217823434,45646.1913591883,35439.9149201437,72251.8713782132,64199.9177275041,81810.2714747413,36659.3016928143,99719.3860285388,113120.7185428431,48938.3660990171,64267.8764780941,60392.7480823791,53230.7249939994,116554.1483048476,18191.2984684713,37108.4170009921,92411.4336048106,52579.1561727403,104181.5773037785,105545.2020355803,45064.2397758078,36446.1335349104,74854.7655583151,75829.8502694246,62105.6098464127,57542.0203610307,39010.7641950867,77070.5220012195,36031.9101557543,55836.1243013253,80805.1836582357,1126.6000196049,22143.8669501633,53922.6039471634,89851.7501960322,65012.8851142223,46278.6156091703,16261.4517225400,35991.6338722021,108966.0915912882,27746.2841655296,69837.7615019520,26391.1654478586,45786.3849227469,121687.7972519191,26739.9278900021,63149.0562119513,10137.3435085410,94560.8643168831,45126.6861775009,71735.3810894605,43924.3413102220,37598.7648010483,40336.4929612008,104028.6232487164,47820.2225542610,42055.9905082897,64311.5413126491,48523.7444759210,67382.9049088808,54393.6636361388,59905.8042933908,53954.7854259334,113277.9728688893,59860.0026316581,55331.0139660116,108058.6333115331,55894.6604753172,63480.8128856692,83616.0285765326,124411.5892930018,52176.4498553435,43312.0091082350,74174.4929988522,43839.7277141048,1732.2324026539,82603.9162139146,69555.7029480643,37721.7170958473,17295.0345582560,44266.4880380875,59931.2936206128,109168.5006533409,56767.0110705431,69826.7060651168,69493.0227715089,46330.4117118666,93602.7552599663,46422.4314330150,77043.8792983688,19756.7740861934,87823.8083476217,103903.2658263591,80503.8127552262,96627.1639394215,100044.9559080998,11477.4691550952,76983.8987075242,43104.1747145556,106720.1227634035,86065.8296111896,56088.3541499608,21877.2781236426,77759.9045967217,24516.5295413359,69341.6829366656,31429.3945703822,50446.6940705430,66703.0957974890,68657.2529821480,62987.1270458501,63110.9205014263,31420.6440030065,63799.9448794073,107867.7859075278,98673.0003871154,87548.0131387427,32844.8047190548,99197.7499865635,53828.1339954082,67577.5194329349,40127.0639349435,51175.7635695714,42361.4493605191,52285.5102745970,61695.8418220389,56544.0848236666,61571.5073937992,58359.8157357871,101120.9942600668,24365.5867267721,40757.1622008068,76784.2737960114,47422.2595422056,59344.1552591327,27067.0546542300,33320.9185650571,48641.0529459165,58620.6638336762,75530.7495696003,35922.4990247249,68828.5086753220,39345.7184777241,60814.2299649183,73137.0892840095,11292.6533866527,22430.7860769885,75088.3184021593,31164.9147561354,50167.8038320013,44160.1269770913,40361.0081037070,61441.2892566552,43099.9098813904,71993.3167134400,43233.6462389026,32368.3779363497,82.6051674792,46840.2887427071,50178.8690522488,26069.6780234612,64079.2411195594,50265.9137245971,16688.5625844698,77766.8425169823,42364.2018219469,50543.9323172111,55434.3012889210
496,7095.2418607129,129521.7948457458,87665.9116793385,79636.5544088364,68137.0185498091,53556.0479232593,116848.1774332299,45297.7915384955,49487.3508720823,86254.5644152841,48516.1990070463,108512.8386376033,29605.9032202504,78740.1200521276,59002.9437414831,112653.7710779775,30235.0743799833,52411.0856731770,104416.2535204017,39567.1187434819,95979.8647704849,82544.8053254116,65937.7052374034,63200.2883867628,63072.4164885791,27483.3730253538,48540.0895707649,18078.8790133666,69143.8759293875,57769.1263151697,44831.5237359487,117740.6161968551,11337.2271650395,44876.7324392817,34420.5454160461,72073.0626554972,63214.6186063699,81130.5618812929,35831.9389323917,98949.5326478420,112423.7810357779,48403.5016781990,63285.9158993676,59832.3923828754,52476.2415946673,115677.6159931254,17702.7069362129,36771.0961208353,91500.8888037579,51538.3241604877,103337.4081566933,104949.5870846249,44060.9702974755,36935.4729414757,74515.3839825899,75035.0638831790,61050.4679517430,56513.7498365897,37954.4741444328,76066.6550379881,35154.5107976847,55616.3231785582,79911.9752099259,3067.7496058615,21225.8096541758,53496.0444005721,89109.5660563696,65127.0524848673,46650.8870961390,16376.1229870293,35910.8573916393,107994.0656354942,26692.4105538644,69296.7672603586,25514.8801473870,44940.4021503628,120772.3527853273,26381.0168708603,62317.9425435307,9109.1887893407,93705.2300312076,45759.7612157543,70782.5710441393,42890.4189950575,36637.4625276417,39784.3156285981,103331.3784959815,47992.1237036274,41349.5365025524,64087.7161618937,48496.1308237878,67358.8478595626,54801.8012516098,58880.3624863306,52969.5968575153,112352.7577626134,58924.0445997926,55436.9758851906,107310.4058463403,54838.8139890582,62557.3693413298,83020.3682611867,123534.4760339677,51538.5918576080,42397.3490254638,73469.0310183503,43466.9310932839,5491.4657732095,81842.6782324759,69128.2720332484,36978.3839756777,16243.7294534229,43854.9116342999,59248.9755198561,108290.5993129087,55780.7991661652,68817.3083088592,68852.2969816126,45275.1948012989,92805.5563348736,45488.3152751431,76419.6490363947,18952.1115053351,86946.8071601826,102959.1332380018,79664.1881825532,95905.1358577218,99162.6087248574,10887.0482743529,76731.6727233833,42062.5021068650,105922.5923253571,85138.9203190615,55038.8085421249,21715.7409989753,76824.4942402467,23475.3733188028,68532.9202601959,31227.3728684984,49414.8475367503,65647.1145724362,68353.2738073798,62525.2885326933,62996.4108349578,30481.6364414442,62776.7416278382,107209.3464768955,97756.0842307610,86902.4032602905,32339.1070069667,98380.7697706633,53733.2665139963,66525.9357648791,40486.1274111217,51454.4713506554,42419.7741579493,51273.5611415611,60652.5086089557,56213.2864440898,60812.2840567714,57412.4040427735,100493.5347852789,23682.8762153683,39862.8024684349,76089.7165389072,46670.3234104637,58343.6083098943,26053.2277370739,32265.5578379243,49137.3415664654,57575.8534230115,74669.7421140680,35679.6327952873,68713.3778115046,38299.0956580616,60985.2469873802,72150.4606227383,11272.1799130570,21378.1062745930,74527.9449156624,30242.2309622922,49673.1030910884,44425.1718602866,39357.0183399128,60385.5346417725,43637.2151729296,71237.8359310299,42389.9967372534,31561.2885445133,518.2277176309,45833.8669064270,49986.8058844326,25086.0613676396,63467.2739074487,50904.8787030446,15766.1852191918,77020.5953733499,42295.9793605426,50189.3488825413,54923.4488554446
497,14351.2038734657,128875.5971244785,101124.2613228958,61668.3744924617,62147.6326451191,71635.0028619294,123653.3966174590,54577.2252268221,33640.1384560971,88656.0700319407,33863.3119182438,103853.5183801793,28270.4909839830,87494.0014956964,74063.8377914890,115446.3393609274,12114.7341291266,53275.2631203062,103808.1226623605,56411.1437047954,101904.3296267136,80481.0098446817,71262.3519728711,52045.0097653376,74494.4072119691,17343.4597066855,41705.8000896001,10602.0864187065,70162.3029987293,74854.3204305315,58588.2857456303,115479.6341631753,21963.1895454117,27103.2532417264,22739.9542732226,85505.8497073267,48617.5050630530,86949.3097628147,40574.9247134539,102426.8423878745,117371.8584794972,30529.9144202824,60947.6357663884,68430.0700531788,57667.5509630974,116021.3893840901,2142.0945800837,20620.5863138290,91136.2147154057,40090.4622455322,104807.0884885215,112009.6893342882,41832.0701818479,54907.9730536433,86011.8523277582,78410.3043447107,52940.9398330080,51831.8295828203,30946.3574883946,72166.9570463169,18800.8855817616,68888.3151990047,80385.9892518069,24450.8262849951,26148.2192311961,64320.4397533786,93412.1666050178,81227.1761055262,64255.2720443845,13458.0082137119,50993.2847794854,104994.8041547844,19941.9697467584,77944.0050634500,9963.1814496215,48375.1878452109,119790.0476364428,10892.5799392028,65185.3054460259,12366.8160267007,95012.8063951067,63887.9475522480,69414.0353761788,31390.3186528293,37154.2032315447,21877.6962504641,108391.6662632197,64615.9698320841,48236.6140684883,77151.0762268476,63711.3396502436,82347.9073141717,72509.2270425527,46080.9678942571,51007.0193828394,111133.2887325741,43111.5852572148,71563.0403076258,111176.2716973409,45468.6502801149,62603.4909986342,90419.7164278546,123767.3675845325,59117.5652115244,26496.5409199363,78937.9088149015,55359.8900971721,19561.5416912694,85857.6221128135,79524.8161357816,19087.2429966420,16853.8109929254,26785.9275114034,65653.2490423670,108691.9486519470,41373.9750572262,64837.5955076082,75746.2135614202,36247.0295999988,95712.7703585535,46158.9470540615,83431.1638675917,3520.5460493818,87757.4517954523,101178.1024621386,81736.1398579477,100539.3733128762,99569.8673909874,8105.1234667430,89275.8770293549,37257.5117571359,108605.0800423731,84342.7809231843,48328.8625501664,10901.8193266672,75934.9159586861,22069.6219428266,71754.3394484822,17284.9175461510,44888.8469097205,55914.2362035607,80404.4294137485,72581.2731479850,77208.6852751462,32719.1347102880,58160.8348407652,113025.0453731468,97054.3276274937,93286.9001943185,14790.6372219759,100675.1487222091,68277.4007559142,58996.9642574935,58069.8039643142,68632.3740852673,58385.6253485353,38033.8561351435,54440.2868428111,68198.0053058589,65515.6196240974,56817.2101872072,107010.9430098202,3907.5806878881,42352.5856186207,58001.1421510466,52252.0982556335,55303.7770864260,15542.3549411108,26529.0139610250,67104.8411003601,46246.5354058912,76272.5610589770,49335.0489388004,82843.0796492821,28382.1392821264,77496.9368140751,69258.6219953038,11763.4321087396,16176.0822973771,82725.7176492059,15261.5558415349,59672.4107049854,61582.7184648820,26386.6090255184,50738.6324536820,61687.4079271787,75666.0374861155,25327.0007784051,14290.6658878462,18797.9136202401,32576.7039360624,63676.8553833280,26697.7868779222,71054.6123597843,69033.0320745949,22445.9555866231,81500.3484733538,57306.3498857909,62057.0241429696,64479.1671613857
498,0,0,0,0,0,0,0,0,0,0,0,0,0,0,0,0,0,0,0,0,0,0,0,0,0,0,0,0,0,0,0,0,0,0,0,0,0,0,0,0,0,0,0,0,0,0,0,0,0,0,0,0,0,0,0,0,0,0,0,0,0,0,0,0,0,0,0,0,0,0,0,0,0,0,0,0,0,0,0,0,0,0,0,0,0,0,0,0,0,0,0,0,0,0,0,0,0,0,0,0,0,0,0,0,0,0,0,0,0,0,0,0,0,0,0,0,0,0,0,0,0,0,0,0,0,0,0,0,0,0,0,0,0,0,0,0,0,0,0,0,0,0,0,0,0,0,0,0,0,0,0,0,0,0,0,0,0,0,0,0,0,0,0,0,0,0,0,0,0,0,0,0,0,0,0,0,0,0,0,0,0,0,0,0,0,0,0,0,0,0,0,0,0,0,0,0,0,0,0,0
499,12986.0697367897,129105.6407234862,100247.6250553264,63035.1922299035,62693.2976784635,70314.3045985667,123314.7172845274,53948.0108940801,34584.3366817563,88616.3038346463,35019.3669801333,104362.0996426303,28235.9468840933,86971.6845880082,73037.5182343045,115407.2515469857,13468.9124591725,53264.2684434550,104014.1032704834,55222.5454182902,101614.4243866100,80765.2865829609,70970.8221730360,52967.4614394010,73751.1972586172,17401.8580702368,42244.9937287707,10549.1159446947,70192.4200347154,73653.8209614114,57643.1536719639,115820.1470976754,20972.6168585532,28469.4025904184,23563.5509850896,84619.7387497170,49796.1170539978,86648.8422662794,40204.1175427597,102323.2671411831,117170.6892599312,31789.4853900037,61208.7932797554,67887.8187984101,57348.4567114979,116167.4454929279,1336.7015158960,21556.5878373851,91308.6486435083,41002.3569462619,104857.7684076446,111642.5146240188,42001.2121541205,53604.7080902655,85277.5930420516,78279.9939455315,53626.8044881532,52244.0971738070,31424.3091177194,72574.9845675320,20055.7383817470,67996.2574722509,80478.2886045761,23089.8503979128,25600.4074482015,63604.0274257335,93235.3487056557,80118.8590405515,62998.8255692429,12601.9957713522,49935.8097902394,105380.9747309598,20230.6608181690,77415.8908102072,11039.5466579550,48147.9070793609,120038.5832983538,11591.4137015314,65063.1586313234,11329.9462266033,95064.3418517949,62547.5560876104,69623.4574265333,32266.5253067960,37073.4360501035,23139.1070776189,108174.0549152341,63452.3386919261,47755.0281949553,76285.5565913033,62662.4139071740,81333.9273742253,71243.2151083307,47118.5534619332,51203.5698033905,111392.2635212020,44371.0810758944,70446.7732840275,111052.0366568466,46230.6038179796,62687.3578247952,90004.2064835499,123927.9225085814,58626.8601760098,27736.0564481530,78650.8615556934,54544.1034639005,18291.9057064662,85691.7929648480,78866.7541008625,20455.0547101561,16357.5696598770,27893.8616853079,65267.6994655248,108827.0141438490,42527.0820749240,65235.3559447766,75346.1318259660,36938.3607487547,95644.4305748239,46128.6521406420,83035.2473741548,4031.7521191809,87836.4098243981,101469.2568282356,81710.1637761684,100346.0333668807,99694.8107955270,5548.9821755388,88463.2529551352,37602.5220852352,108568.0356501774,84537.6931010727,48888.0439083206,10799.9309586723,76121.9902482434,21922.3121250014,71621.9049335819,17849.9863571120,45258.1713561686,56734.8430331353,79620.9618861273,71938.0539054310,76253.1544913348,32462.6837878816,58589.3663882916,112754.0281996765,97259.7425818929,92952.1197888727,15955.4555072192,100659.0604800173,67286.3660715984,59653.8812970020,56813.4452084679,67420.5491618392,57271.2484168863,39086.1469339721,54981.7062455953,67402.3553798801,65256.6272013238,56931.2226760190,106680.8937464934,6958.2705874594,42161.0975242294,59359.4235396873,51883.6654205259,55600.7123384605,16115.0009821366,26844.0250222362,65804.0305583293,47168.2978912405,76271.8050634491,48376.8378199469,81899.1575075432,29094.8933626944,76350.4951155351,69583.6882900457,10548.2108856902,16191.5980365775,82239.0220485228,16347.7147524419,59005.8022869120,60369.5277765034,27364.3648115674,51539.4115898827,60372.1654791645,75451.1070653041,26654.3383464146,15614.9572890964,17436.8534038866,33611.6518869154,62745.3079579614,26404.0214754134,70593.2992255424,67691.3970540808,21700.5794192943,81292.3326142790,56264.8971699106,61258.6593291887,63857.0101813995
500,41320.9286500629,91650.1804703880,75214.7232430696,74836.9241977585,31573.4896013896,70994.5699750388,86916.2179590984,26630.8114863739,67216.1754477137,50476.1760835849,35396.2865061974,70270.3462860268,9946.2113716676,53785.0225223215,55882.9849976203,77264.3872517659,42041.8334081370,15091.9936087435,66485.6109470796,49346.9480878425,64866.3617813433,44106.5959037830,34663.2921234612,35676.5869875828,46667.0760782469,55525.0976334758,16819.6848586926,27627.2374581516,32036.2512248343,64923.3559401831,40053.4907075866,79347.8376665653,27915.1434492718,46104.5705590698,24283.6790764950,60943.8654734195,44648.4327223622,50156.4590168678,10694.2425590668,64342.3184024506,79650.6544999733,58076.5181248595,24833.3772493797,36198.7288927077,22079.3703985066,78288.1216740848,41468.5119157961,55527.9750166377,53627.7311201763,28429.2291698337,66715.4542170291,75639.3816004335,12290.1470206550,55774.6180029631,57004.2245222674,40457.1296974484,28123.9193457192,19632.6650795822,14316.4733966080,37850.0469325727,35403.1051519967,46420.8569878100,42457.9015436430,42682.8611210474,17638.0811538118,37007.2209448670,55629.1066867413,65708.4131184251,59581.8875298064,48961.5248056642,39211.9365594919,69524.1128157284,19090.5453262158,44763.9602035496,32831.3875913282,12188.6856218042,82738.8983115353,48196.6339813649,27257.0233544278,31673.6404258673,56926.8203551294,66707.7445319212,32416.4532394748,24803.4812492248,127.3825137071,51387.3896717054,70788.5842462625,54366.9107786100,17936.0619802578,52723.6250061661,48223.7806371789,62661.6567262514,67120.4671496281,36454.2740994456,14550.2087595171,74209.4913570543,45690.9330487524,57724.1025515377,73142.1233826889,25806.0353365704,24696.5067290901,54937.7187226404,86100.3967797641,26754.8311397336,36460.4172284643,42128.1977010279,33027.1066975124,35599.6914588376,48045.4482939223,49062.0088477414,42645.4832032295,23426.6177669542,58661.0476490818,30609.1789258825,70913.6145415781,38889.3560713450,30763.0909705879,40454.9843017915,19889.2033988907,57560.8285778693,7990.0176036454,47842.7926217357,34757.6357552045,49762.9179226801,64628.5233967339,43551.8518285191,62821.4211465696,61756.5606844493,38352.3664014563,62187.4632776543,9907.2556077272,70422.6258928938,47041.1338950238,21067.7933387598,48974.5746171591,38641.0213142921,16448.7225084081,33838.6041294235,54680.5671280850,13492.0804459654,34744.3898359138,53159.1113190363,42317.5266904502,55878.0684377727,8488.6993476117,25343.9318649197,75768.7856688573,59758.1477987480,56767.7375422829,48122.6412520916,62491.9961070799,49563.7211213182,31924.1113052744,54686.5789597197,60333.0512472453,47049.7235390613,32844.4043801910,25025.2806476181,42675.8094436783,28704.1372842123,19167.0845329198,70303.3698941544,39088.9978154981,8529.1427762670,73983.6134234375,18225.8134644422,20149.8908262131,24789.3005860972,13795.1123946021,65307.3325226953,31948.6510872881,38097.3654827784,34099.1800010623,60483.6818191647,20460.7786416771,64290.1094012780,33721.4885029497,44348.9894426838,22008.8691757675,48569.1001793094,31313.9010038319,31719.4452869377,54706.6028515690,27475.5951375500,30381.0973409081,62167.4204180603,38244.9425343654,40801.9454681607,37440.6962080485,40417.3616538077,30225.4427697147,43525.1394230264,13397.3095555789,37006.5609579529,71193.3802553867,22912.8947178710,43972.5354252928,42967.8103801891,37631.9571056306,34574.9012936836
501,66346.0314277486,75766.1176214907,94992.0112545601,64935.0522507898,11633.8721830857,100985.7730136351,89104.0074483746,51995.6946638858,76327.6416901701,47347.5943073955,33218.0646623373,46588.2691529565,36176.1201051949,66873.5183512780,82152.4394480646,70607.5943445628,55273.3338661355,27413.2578627053,52387.3306694613,79120.8461527901,68145.6410828019,29130.3749140676,45737.8409313453,15338.0521986719,68034.0246407954,73721.1476042872,16638.8962720102,49299.8190081678,31465.6609150544,93449.8663036056,67751.0116410421,60469.3970042850,56176.6517605943,50017.7692298678,35549.5404544600,83081.3667684135,30740.2410987441,56670.5685390696,39949.2695264820,61270.9930132332,78115.6143320563,63761.8338765097,17424.5211664028,55054.9277649671,40577.5727436633,65495.0246817037,61459.6431058481,68100.9518520000,41873.4501646001,21343.0645272411,57969.2556402260,79971.3817504525,23931.0877707347,86066.5006270650,75772.6604479208,43368.3990240000,8539.9309993818,11422.1353641754,27513.5249280515,18306.6828514567,44765.1947217902,71553.6924446514,35846.3117836882,70498.4372140446,46553.4542438687,60492.2708054526,56559.1940933620,92375.1869725119,89339.7810278396,70994.5521412814,68769.7664318972,49418.0607855268,39186.5069459911,60355.4891783474,48811.0376897816,35175.2895869884,66548.8970407903,64779.7375249458,35341.1363604344,56678.4913852596,49284.2748219666,96988.6922627481,23639.3950885793,27907.1747957642,32544.9427681374,60601.6991484560,70790.9343368274,83329.5636386214,44326.5864072710,75867.5190294180,76168.7063937850,87645.6137733724,96543.9716592146,22798.1729873924,19617.1789245916,57979.5947728443,36963.8322825506,85506.3565207528,69724.6475025904,13562.0824221782,25559.9594528352,64291.8676693967,72490.1885799720,48164.5157353033,40157.0447034743,50375.2345285507,60158.7490553866,62940.2887466020,50203.4829859103,67429.6282204584,51541.2659154779,48884.7420701005,67776.5925926982,46747.8955474105,58927.3359995624,30185.5979164745,13341.1430409678,53202.3979414823,21705.3196772868,54226.9050941367,28479.0203712420,58243.5006236886,54230.3381634228,42188.4365604992,47735.8844033949,41467.8499269447,63104.8076589921,50873.9156059728,61258.0520516869,82164.5225372856,23276.9657917454,64332.0718634978,35307.9227277856,10095.7297197123,68258.8162814528,28935.1448492167,41728.6154817850,39223.6188666353,70363.1976694059,16877.6785259466,9440.5993528782,74086.2226499455,62111.8321454302,80585.6885090201,38397.7600848186,9475.3826772833,76944.2612572611,46166.8450642017,63013.9320273895,61212.9363982166,56570.9454081485,76179.0332659374,1542.9250167603,84725.2389453163,89439.8162808207,76189.6582412390,27062.0700048505,5220.9837359467,66454.2166647248,41288.7157546446,22773.1141087528,74123.5037703314,55895.7390109788,34258.0970012357,66492.1787015209,40977.4729187298,15117.2226214329,42387.6950717561,32983.5734430282,95278.1598503210,17644.7560426142,36575.3926231879,63384.3967219581,84142.9424238248,29571.4178251078,91883.9374893109,18989.6996876488,67605.6861649143,44369.9245411057,61786.0196160201,44362.9912730972,55841.8287663293,84300.7361083131,33672.2906590357,10539.7498446038,92376.6169223343,45130.7456505509,45291.0978013211,49407.5876666054,67021.0472725499,29984.9793589433,70165.1392179537,41504.2032179164,53008.1536751810,101407.5353987133,51098.5246477686,48775.0785796073,71685.3626656680,62925.8230382808,56385.9361508963
502,11380.8154597965,125767.2753073230,85983.1651442931,78051.4690450786,64321.6810699042,54614.6200546242,113788.0821463311,42428.6032786304,49943.9363749297,82657.2711134403,45723.2781935480,104659.9225483386,25760.2854124617,75925.2369434411,57825.4985551775,109122.4537212269,29147.5237946547,48644.0130240241,100649.7627716146,39266.5573839004,92767.9732483173,78713.8772917231,62579.7828504605,59758.5750752695,60763.7952802123,28987.7076414448,44804.6046819958,15183.8616291896,65422.0886723570,57663.5520615072,43105.7369663212,113919.6310336086,11325.4738452704,43223.5513186420,31304.9071665695,70348.8361096150,60312.3250598051,77875.4096715829,32247.0757237025,95465.5528276485,109114.2755626243,47801.7656253160,59439.1173924122,56924.0548989431,49048.5412607443,111968.4913539633,17625.0940831946,37025.2693876037,87735.8040463901,48191.7655089293,99691.1109665423,101910.9492307679,40207.7572084306,37775.3516963581,72262.9984361151,71499.9094865466,57348.8827566108,52677.6397060418,34294.1648574223,72213.4979299076,32977.4936262472,53786.9604148348,76176.5139437180,10192.2363730845,17470.7468231811,51002.1462617713,85693.7827213744,64438.5739883536,46984.1888569402,18431.8565355620,34640.7754225649,104153.4695314284,23188.7056857331,66434.2967854391,23414.1000368730,41306.1652739642,116998.2972835037,26650.7984260223,58706.9997406167,12449.5574319390,90037.3934211264,47137.4088896948,66961.1124335232,39624.6342181708,32809.6492454449,39149.5463140566,100023.2901046817,47565.7920573733,38059.5376422149,62226.7058545219,47349.1520675966,66173.2901128864,55244.7307222280,55676.6708002997,49121.1839519221,108564.7487980402,56341.6781759926,54743.6546267080,103875.7221410501,51254.5336120931,58775.1985764847,79991.5919832588,119823.8268157278,48420.4357656764,39976.6728820816,70151.0183930534,41170.9853275022,619.3640598688,78383.3312707795,66606.7159489576,35490.2349307066,12513.8846847016,43778.0656380585,56001.0401847956,104579.5185878224,52880.3749730677,64965.1563600999,65708.5252480079,41715.9292859723,89260.5192875595,41693.2531034434,73315.7923376537,17352.7141874511,83239.3511117396,99146.5789931390,76030.6948583345,92536.8721567932,95444.2847007781,10696.0709214147,74757.7922087266,38260.0326798198,102374.5414093064,81349.7597495929,51275.3435914715,22780.6453106334,73024.1297553376,19674.0560286912,64968.5318276356,32028.1783134934,45585.1095175790,62054.3464581796,66222.5680637327,59906.9503083886,61506.3945367161,26683.9648886939,58933.8753176352,104000.4949316159,93980.8237147281,83734.8887539527,31953.8765263311,94791.5167316443,52333.9625944322,62777.6681231331,40798.8117926515,51412.6865766861,41605.7215232546,48189.0417939111,56855.3347272475,54017.7961860895,57366.9986330750,53598.1380482022,97369.4338766033,22613.0950813516,36135.0227972022,74720.9378077646,43254.5817713657,54490.4317265420,23016.8018391748,28577.9172202032,49946.2678856134,54179.5679926788,70994.3665797079,33850.7964785765,67210.2279850251,34896.6933022301,60513.9780253407,68301.0621189842,13111.4965807578,17916.0584962072,71604.8325686663,27826.5732535355,46977.0771649003,44360.9003002649,36354.6661633824,56802.7617487898,44632.2791587393,67796.2628985574,40366.2142964966,29787.4400239692,6047.7040863036,42800.1991969681,48266.5964217285,21240.0368577465,60407.5920824264,52289.8895568250,12014.6403288048,73599.0297704306,41033.0106204530,47931.6182263634,52168.5578588846
503,9064.9484019160,124433.7417821713,85387.4570181912,77565.0550621084,62980.7751148921,55012.0510862017,112695.0621277039,41426.3383654636,50212.5783233462,81378.0357921325,44802.1079413647,103299.5184180340,24405.2681291408,74926.1219631883,57428.6222830503,107864.6780148863,28914.3350425642,47308.1683154390,99312.6432619241,39212.1108759667,91623.5503397706,77356.9858699056,61388.0000897590,58573.2094402734,59954.6975591451,29654.2584313529,43500.1510744356,14299.2339993181,64100.8232992065,57649.5340239186,42527.5729228305,112565.4461946034,9239.4681113803,42743.0582879515,30269.4719759311,69745.6046921814,59339.2596409569,76717.6882145665,30980.8814022290,94224.9822168230,107933.8352699538,47699.9976867485,58078.2466390487,55897.9252104057,47834.7890591997,110650.0697149612,17835.8121973375,37247.8980689026,86399.3440163494,47048.3380351960,98394.2004239381,100826.8469807471,38846.8597579501,38124.1988989973,71468.2619047747,70243.3753706338,56057.5294768740,51327.1135204695,33024.8507321137,70852.7464434419,32316.6927171689,53157.9084170443,74850.1690536132,12693.2167862253,16145.2676574186,50132.0439693300,84477.9691554042,64210.9579314994,47138.8531065028,19319.0360843794,34247.4479161294,102793.9460736042,21997.1439114581,65420.9954139292,22816.1122441992,40018.6207409615,115658.5641004198,26915.3161812708,57425.0357381517,11063.4108828428,88733.4839948838,47654.2061611355,65607.0647421914,38518.8113936784,31454.2732754888,39052.0262996447,98844.0961085403,47450.8603486810,36902.1370969147,61579.2321919889,46975.6762695534,65766.4658822308,55426.6858762271,54587.4501846288,47760.0183229223,107220.6602465202,55494.2719188512,54523.7690105193,102651.8153954538,50012.9596667722,57433.8239020611,78914.5597039997,118504.7621059917,47321.2352932703,39207.7636621556,68972.1139729151,40384.5645074033,1266.3091195131,77152.8783584714,65717.0922964245,35087.2483608268,11228.6448245114,43870.0984988549,54850.9512263848,103260.5915176893,51911.8935306346,63605.5010736225,64593.4472834263,40487.3472191645,87999.0535295352,40348.2809813810,72213.2357590409,16998.8496302404,81922.2191514227,97794.9636946306,74739.2989150545,91337.1608377107,94123.1434083778,10993.6006342978,74062.3540243158,36926.1908856213,101111.2946302738,80005.6114955259,49958.0345516486,23332.8531060734,71676.5386371485,18343.9135560370,63702.3631868901,32452.3699787397,44237.8943627348,60807.4618203999,65474.8695545290,58985.3983072125,60993.6096271847,25339.3180851226,57579.8121870007,102855.9215140321,92640.9604546120,82607.5211309134,31966.2601168742,93514.3955422808,51862.7089367697,61466.1497982028,40957.5900841587,51428.7236610261,41362.2589473273,47150.7642634068,55522.8399030850,53254.8210593806,56144.7386280408,52246.4952216823,96255.5845292239,22419.8886628085,34814.3067626895,74315.4898060740,42047.2683309232,53129.2344360662,22031.6698103811,27298.6800427733,50262.6795509953,53013.9252666876,69688.7659632594,33252.4121380916,66688.5431568921,33737.5683925728,60367.2586624250,66939.7174624339,13987.8555092917,16753.7678662559,70567.9064328100,27084.9617054980,46035.4993676827,44379.9564724548,35359.3170532044,55560.7664532962,45021.1629426201,66573.4804125909,39749.9977120317,29292.1470235261,8724.9791885655,41785.9740833695,47683.3677156374,19879.5447551592,59324.7152805813,52802.7909503432,10695.6544294195,72382.5610685840,40627.8923755431,47151.3679287895,51201.4324182390
504,8438.6967093599,125482.8801157855,85455.8142243188,78443.4828269967,64221.7606766266,54194.1212054083,113342.2465984337,41957.4890923488,50465.0441691996,82311.7424361593,45956.2953726391,104491.7938760283,25623.6159405050,75451.8394211602,57296.7564552507,108759.3899779548,29597.2035069282,48365.4863918110,100371.7131309016,38762.3062185159,92342.3411669401,78485.6351684168,62177.3043501163,59836.0277990819,60254.7672992743,29513.3432938517,44765.3247412094,15427.5275557319,65121.0733078776,57165.2330188925,42578.0598127737,113680.7643786972,10460.5466854399,43615.5171255480,31478.6006075762,69821.8890199673,60520.7194420527,77455.9402913815,31894.2768762184,95090.6946790685,108704.8734923461,48278.0246704585,59235.8822541828,56458.5341199937,48658.8607757463,111662.7396294020,18138.9030208240,37542.3340261359,87456.8464808968,48299.6796959857,99361.5112663489,101462.1905496573,40036.4073855128,37341.8518750874,71751.8770091412,71136.7857355777,57326.1003259425,52553.9251759234,34296.4428922720,72042.4991175372,33312.9082279839,53261.4597257550,75882.0792855939,10207.4072329698,17182.5682087935,50502.5930082433,85303.7583498599,63918.3014194686,46511.5565912829,18936.0929666688,34111.8903705243,103938.2371749835,23260.3051136747,65964.8862301537,23768.0378523339,40970.1189884843,116724.7337078463,27170.5483727257,58364.6992877870,13054.5180924427,89715.1874729846,46748.4804220878,66722.6919897739,39757.1735311945,32578.0694212291,39625.9239382296,99613.4174638380,47055.1713374609,37642.2271441429,61702.1631989918,46820.9622526804,65644.3609054803,54777.4963536054,55820.1728003890,48922.1547093951,108299.8807420763,56608.1664494103,54223.7891586645,103490.1462970954,51284.3131861516,58506.0907555966,79540.8737179833,119518.7947815885,47978.7027383215,40273.8523527821,69741.7365581936,40659.7412365672,263.8494870885,78002.3446981911,66110.0244784592,35901.9153314605,12499.4476013123,44282.1111096005,55579.0435164620,104274.5149328554,53090.8108372452,64803.5096598571,65271.8012903361,41757.4645777721,88900.5656214929,41432.5692602149,72874.1426052931,17771.7710581117,82932.4997430808,98900.0359292424,75696.2871488871,92137.6859080195,95142.3002852549,11214.8894889371,74236.4935344407,38175.1091898404,102015.6867951246,81085.4973988653,51217.7334323647,23310.1782471992,72767.7457602598,19597.3481329263,64612.9223604744,32556.5957206515,45470.7621462479,62079.1302367078,65706.1727655375,59416.4665262695,60976.9526278338,26424.7158982086,58798.5978481842,103574.7324158276,93707.8344441245,83302.4214533962,32446.6394855819,94443.9209256819,51804.2800469632,62728.3980430290,40326.4822453997,50918.2350496652,41083.8165872563,48362.2541790461,56772.3798203196,53503.3056021820,56981.8040408815,53352.9536925979,96931.4363832000,23069.3782877568,35835.3833350383,75134.3802076466,42861.7307747496,54314.3277936042,23215.9742978338,28569.5212881959,49506.3237149116,54271.7899711207,70674.4922481930,33324.1783830312,66680.8948559961,34993.1090942446,60000.5411460820,68104.3404421018,13619.3534911390,18008.7362329575,71141.8650573940,28132.3919087392,46491.2950997698,43866.5268986222,36550.3798790044,56832.1652695444,44209.0192479175,67410.9087530472,40717.2885557914,30173.5507645544,6607.8560682901,42986.3637263571,47739.0363015564,21037.0836039073,59959.4772809891,51900.1775071821,11722.5211671331,73209.7241333109,40503.9562571605,47419.3229759904,51688.1851544553
505,10782.2941467746,123762.7759240974,83084.5620931383,79810.1082435936,63265.5594002720,52733.5192955591,111076.3545738961,39629.8943480885,52662.9373264880,80373.5113110708,46536.3765769810,103233.4643086064,24580.5164416687,73116.3068562057,55011.5025631571,106755.9672171461,31325.5129499427,46691.4213886239,98679.2756142870,36745.7245920671,90136.2085752445,76992.6612614668,60047.8660690384,59667.1791472691,57858.7245799312,31895.6684829152,44093.1267597507,16192.2218651675,63351.2022926097,55187.3971239309,40210.1090732738,112137.2570571215,6291.3379414344,45004.5459507161,31808.6987811794,67448.0040365283,60964.6988678650,75269.9985347301,29955.0901919023,93048.2803893968,106547.8309918215,50147.4961524999,57853.0384068897,54143.3045105264,46576.0730991068,109864.5199232508,20292.7225421546,39706.5878042776,85763.6786318740,48284.7280769836,97477.6608081380,99188.6532424957,38805.8339765974,35819.2905492598,69354.6252595058,69138.7565961220,56710.2084720391,51506.9449256386,33831.4078150288,70783.7337071430,34424.3643333268,50880.0926657568,74133.2984237622,12161.1426855868,15544.9776710131,48116.9102166970,83211.5586801634,61747.8756409244,44724.4918531103,21329.5743152572,31826.5334901285,102489.8555081004,23156.8746211594,63639.3071076070,25003.4438190189,39083.3510072162,115046.7699210146,29363.8665758234,56444.7267516269,15561.9406027339,87859.8264811733,45480.3289694660,65194.3512538654,39871.9193594708,31112.8865795862,41501.7787322385,97455.5083056526,44980.2365981095,35472.5858124035,59317.0045043104,44548.7938208085,63353.8857151817,53021.9093638670,55960.9646685986,47565.2634208721,106656.4538053539,57339.1218302167,52059.2935533107,101410.8123860724,50909.2256562073,56861.6871989715,77263.0460391285,117722.2820925638,45730.0208030648,41178.7286511152,67588.9126401791,38262.5006966306,313.2974790830,75941.4904090539,63728.3210129148,37407.9309281134,12136.2962878861,46340.8426047872,53388.5825044919,102480.1021521485,53552.2943765259,63587.4753699110,63035.0619469357,41450.7609626477,86910.3208789954,39835.5369138526,70622.2819280809,19370.0106513106,81135.2513781836,97329.3259115567,73799.4914419827,90014.6476664676,93360.6374502458,13423.6961638296,71843.3611409729,37316.2517015271,100027.5675845932,79450.4912138665,50456.2032280004,25656.6384132234,71166.1708610531,18854.8505408179,62643.0638969514,34847.8706318530,44472.3998269027,61669.9481009138,63308.4819538825,57045.4672231345,58634.4348878238,24862.7427501950,57696.9730844236,101367.5013622221,92036.0381818327,81076.4935424184,34434.1674091571,92496.3210738748,49479.6833760092,61991.5873231989,38546.5603196683,48972.3269612903,38900.6337571459,48652.3982569146,55895.1100698798,51105.2863949473,54911.3610546499,51805.9759352437,94688.4457193897,24849.4561507840,34092.7073390218,76620.8905982928,40770.7890716034,53046.4662522616,23703.6942168153,28076.8459608329,47930.2130236492,54176.5876925685,68832.2625436812,30949.0157598795,64335.0043358894,34952.7391266135,57896.8570014139,66742.5226846899,16015.6686916430,18045.5552327330,68832.0681361720,29110.6186632273,44129.9934965779,41924.8866528256,36969.8126700523,56448.8188406187,42740.7547679710,65337.2742552957,41894.8511577930,31553.8604567306,10633.4905271962,43346.6783926658,45369.9490065932,19733.7791165128,57690.5608686049,50622.2341656670,10127.3186206620,71121.7046392857,38212.6835109830,45021.6576851361,49338.0275065351
506,0,0,0,0,0,0,0,0,0,0,0,0,0,0,0,0,0,0,0,0,0,0,0,0,0,0,0,0,0,0,0,0,0,0,0,0,0,0,0,0,0,0,0,0,0,0,0,0,0,0,0,0,0,0,0,0,0,0,0,0,0,0,0,0,0,0,0,0,0,0,0,0,0,0,0,0,0,0,0,0,0,0,0,0,0,0,0,0,0,0,0,0,0,0,0,0,0,0,0,0,0,0,0,0,0,0,0,0,0,0,0,0,0,0,0,0,0,0,0,0,0,0,0,0,0,0,0,0,0,0,0,0,0,0,0,0,0,0,0,0,0,0,0,0,0,0,0,0,0,0,0,0,0,0,0,0,0,0,0,0,0,0,0,0,0,0,0,0,0,0,0,0,0,0,0,0,0,0,0,0,0,0,0,0,0,0,0,0,0,0,0,0,0,0,0,0,0,0,0,0
507,0,0,0,0,0,0,0,0,0,0,0,0,0,0,0,0,0,0,0,0,0,0,0,0,0,0,0,0,0,0,0,0,0,0,0,0,0,0,0,0,0,0,0,0,0,0,0,0,0,0,0,0,0,0,0,0,0,0,0,0,0,0,0,0,0,0,0,0,0,0,0,0,0,0,0,0,0,0,0,0,0,0,0,0,0,0,0,0,0,0,0,0,0,0,0,0,0,0,0,0,0,0,0,0,0,0,0,0,0,0,0,0,0,0,0,0,0,0,0,0,0,0,0,0,0,0,0,0,0,0,0,0,0,0,0,0,0,0,0,0,0,0,0,0,0,0,0,0,0,0,0,0,0,0,0,0,0,0,0,0,0,0,0,0,0,0,0,0,0,0,0,0,0,0,0,0,0,0,0,0,0,0,0,0,0,0,0,0,0,0,0,0,0,0,0,0,0,0,0,0
508,15182.4403064033,118916.0544206836,80018.6021041009,79499.8248564001,58963.9706023625,53323.2191792538,106573.5273635506,35350.6216507887,54972.8213395682,75530.7223311845,44667.1892810767,98626.9304272303,20319.9300281283,68846.0082268792,52665.0163621267,101938.5030257701,32263.0385598495,41863.0066144698,93839.5272992016,35765.1797311095,85515.8339045527,72236.4216158190,55325.0705914927,56417.6936860204,54140.9877638766,35377.7698918205,40176.7238262799,15384.3921207139,58498.2178328709,54216.6658869968,37288.6070772021,107350.2784178093,103.1107999986,44910.2665086428,29616.8909484951,64374.9963218355,58757.5577498205,70618.8151376845,25108.6384446114,88252.3297337333,101856.3988199795,51315.1770555399,53173.5708505911,49800.4401716435,41808.2567590676,105008.0222925951,22746.8732156879,41946.1806128625,80924.4311936626,45329.9642419825,92624.1920045442,94705.8067335300,34274.4641754740,36390.6395441434,65672.7294185172,64317.6313092359,52827.3814179464,47128.1494268973,30268.6929740100,66189.7777275619,33796.0633369129,47751.2075985637,69282.9446064635,14333.2956150015,10778.6538400990,44220.6873344154,78452.5714411979,59975.9935404662,44453.8828085805,25354.4960393694,29629.3403579559,97753.7622510744,20350.1935833758,59331.1054265523,24843.8261802248,34228.4838794836,110210.1025520249,31812.6012058560,51596.4501110240,9067.4518725207,83003.4620723942,46586.7541759568,60422.5547578739,37196.1112113469,26407.4873727213,42748.3356736786,92765.2998361445,43699.2161140060,30802.4167799039,56111.2304138304,42328.8893296789,60949.3525103540,52792.7451800742,53232.0211243767,42913.5762658634,101830.4194338042,55704.6788969294,50353.4888971815,96641.3520894140,47379.2257074138,52040.9491070628,72794.6391537050,112865.8352772131,41199.7092643207,40017.7763290023,62893.1178060888,34643.7744307677,7922.6757693734,71157.6078004539,59765.5689299857,37679.1087956859,9432.6958692734,48146.4715994111,48746.3145558498,97623.8832571392,51412.0724755909,59034.1144212733,58473.9037847684,38070.4004816117,82086.2890071931,35041.2921802988,66091.9658947667,20266.6626422374,76279.0685162084,92531.6212083923,68947.4864169306,85284.8542620568,88505.5218372317,16298.2939802761,68468.4292911418,33192.2792230668,95202.9320998792,74629.4911116313,46404.2081464944,28890.0339211948,66359.0640937607,15106.8381384953,57809.7842361881,37685.8941681973,40160.5990200309,58057.1707596431,59776.7082425799,52992.2486055711,55878.7435411568,20107.5459080368,53254.2209513491,96748.3705269626,87202.2003313844,76491.7070448588,36096.0648465765,87656.5848489658,46892.9997993083,57944.0906987244,38354.1316221953,48149.2234827955,37191.9960725452,46224.1450199878,51692.6851650094,47539.1482328279,50133.9338736732,47029.6835968815,90136.0379481115,26051.4232883795,29248.5722279280,76618.6543866319,36009.8158429616,48459.3721828821,21989.6068268202,24534.8571540338,48246.3614971981,51063.1560588567,63975.1693224843,28008.6612966628,61537.4813113328,32057.4111317652,56429.4053421657,62072.6469478878,20030.8365211730,15677.4259213688,64462.6881897705,28278.8310326055,40023.2640987602,41168.2858702555,34878.6661328834,52887.6101861203,43381.4854673152,60562.6817502030,41328.3845952589,31596.0125174283,12579.6556246107,41083.8782103722,42411.2117654443,15227.0146965286,53204.1286106933,51670.8372536398,4740.1259904587,66358.9663792474,35917.4735217669,41409.6148993798,45156.5428142014
509,14383.7120638065,119433.3922621032,80982.9759810047,78741.7187931810,59094.7360780450,54002.0921379122,107398.0700773357,36234.9482363255,54012.4199746834,76162.5673024881,44132.9771244049,98915.6464722243,20414.0298689543,69724.9776406929,53616.8899540316,102606.0529179935,31362.2487801035,42346.1385777405,94341.3431160435,36618.1731982533,86303.4860336290,72633.9981910825,56069.3280864097,56196.3225322963,55084.2430846865,34436.6026507326,40151.4499260993,14623.3789323452,59037.3559483114,55077.6644397226,38252.8259310802,107778.2500524640,26.0335444226,44114.5746345262,29128.4715814085,65339.4706359463,58296.0975414645,71395.5315255809,25742.5200717301,88942.2703167217,102612.5915212759,50406.8403600515,53508.7263103996,50668.7000109962,42526.8766218324,105565.1484184172,21782.0788814338,40986.1429859061,81425.5193917792,45027.4350498761,93226.4173011230,95536.4819015796,34513.3050337839,37059.6188544031,66617.2666281824,64983.4128427137,52795.6699008403,47291.7061403981,30119.7571813357,66469.4942053749,33056.6466173533,48715.5307045099,69812.0042251173,14112.7208527655,11186.6539903046,45151.4925306481,79171.8511861095,60900.1348812705,45237.9394030342,24469.9068492597,30569.0830489522,98133.8479429529,19976.6990806202,60204.3982050550,24034.4139326998,34830.6070050908,110705.5995827524,30848.3676043395,52218.2195579988,16214.0095582027,83590.1914838293,47184.6421191323,60834.9470125913,36821.0134956054,26759.9916433570,41831.9953567603,93522.6092239345,44583.4421324959,31580.5224557435,57074.3814792029,43273.8644320565,61904.0463798474,53576.2650362405,52880.0957682146,43228.4296751189,102307.8777682151,55134.9299834337,51271.5179276914,97352.0814632577,47233.0627935449,52511.5057496547,73630.8973945093,113422.3034878710,42024.5356360286,39360.4958082683,63650.4478928925,35595.7844544323,7014.9135708390,71859.1335879659,60687.5545147166,36839.7397848294,8964.0255864280,47201.5744313047,49530.1701396998,98178.7640396570,50933.7933072240,59289.4747573284,59285.2718173812,37875.0934295233,82746.9776122939,35478.1498884922,66911.8046634394,19354.6812692036,76834.4352036817,92971.5913846204,69556.4482891092,86021.8225385581,89053.3173014135,15342.1325826508,69427.1334077701,33240.4885845366,95862.1144991603,75099.7788176176,46430.9268547063,27938.5197639038,66810.6729250245,14986.8171114281,58459.7947147754,36722.2133423058,40291.3595359754,57940.0330624041,60729.8407589014,53905.0602611043,56841.7434166265,20503.3905008786,53449.9931856167,97535.7338940399,87692.8726242536,77292.9784413115,35154.3777472083,88293.4848775805,47851.9567388687,57972.4788045550,39124.6898229295,48994.0333972795,38105.8257530039,45801.7378300204,51779.9467693824,48491.7604264922,50843.4255913439,47446.6487080262,90946.8397840612,25127.8668935796,29764.5015765612,75823.4455089894,36735.1653568988,48733.4032362761,21394.5154255451,24371.5789852407,48959.8747540403,50803.7438140432,64554.0691755701,28972.4482430305,62501.2039674947,31728.4895133607,57332.1935435973,62401.4154704627,19152.1068666408,15184.6530365121,65323.0735064394,27559.2922522491,40932.1331172245,42002.9471135964,34377.5140421832,52753.1187381499,44046.9609499135,61272.6729068066,40587.8905272230,30774.5344346429,12007.1449624030,40623.1698888379,43375.8426814889,15439.9948159561,54038.4175023231,52280.9592180230,5054.5572728247,67076.8391903939,36864.2531391185,42360.7560850271,46053.7106108121
510,16202.0130289193,121586.9945673425,95210.3295949598,62931.3798192201,55545.2365346556,69607.5330041041,116309.5143098879,47856.4398814425,39728.6025448947,81167.3638664236,30888.2373404671,97119.3687687990,20779.9281859655,80459.8211435843,69005.4518658014,107958.0717051004,15540.5729726182,45791.4358850277,96489.4297492504,52713.3525682264,94512.6699798474,73274.5569948322,63879.5448788709,47090.9856906365,68091.7057770215,24825.6836020482,35122.3450552236,2609.7464274801,62694.4138358521,71166.7050306853,53122.4849602870,108365.7244116869,17375.7489987044,28157.4978317568,17587.9077656122,79660.4576815014,45664.1435364813,79570.9218036290,33320.3147738548,94936.9477342330,109913.2027406141,34590.1493506056,53708.1027509517,61457.8437775004,50321.5146274914,108637.0980739020,10814.8196335029,26909.8396561761,83778.9390316178,35158.7055252651,97350.6809109027,104702.6087335156,34472.6050215370,52675.2918223745,79559.4728227391,70925.9161669686,46839.2498739355,44886.7863249486,24218.5824604205,65198.9854289894,17604.9885511214,63112.2614009474,72955.6584450321,24380.3189691344,19366.2999444967,57847.2768637984,85943.0618514118,76710.7201798033,61258.4086850048,19512.4577197731,46263.5828236018,97971.0514180202,12795.0901980562,70929.8853769583,8109.1095939603,40945.4297642468,112526.9686078564,17993.9207589387,57699.6708678833,9196.1101807249,87556.6433053620,62362.1086989037,62101.0052682046,26353.3781105741,29663.7574902374,26152.5987001555,100943.0236782618,60628.5195945103,41166.3621972407,71229.8172854140,58842.3156804314,77188.0344638893,69590.7087274342,41927.4749957273,43679.3297897531,103885.5541080534,41186.5711294557,67143.9802045724,103689.5381545838,39717.1548796991,55166.4308240798,83187.9204387115,116397.4366791160,52046.1778108675,24676.6845317589,71548.3032101687,49292.6654029365,17781.5163964421,78384.3919394421,72839.8015628252,20747.8511611210,10132.2755479928,32149.5367498168,58389.6887576472,101297.3288690857,38247.0452446881,57850.5143403699,68497.8536890514,30241.8192503664,88221.4370080650,38670.4545976939,76172.6506926084,3448.7186836269,80317.9260274146,93980.4956260477,74249.8390564986,93077.6673233152,92166.1313002724,9913.0516141177,83108.0655986464,30181.6822609950,101117.0860380041,77011.2163711544,41790.9960103321,18304.5251380835,68594.3772840705,14610.8680285062,64270.8618374365,24497.5100061348,37855.0189670405,50395.3533164916,74137.9392127662,65863.1606064661,71729.2634468499,25331.3723174155,51248.3885836063,105614.9746852405,89735.1116515950,85944.3033950240,20175.0680386961,93191.5847149603,63026.4947962782,52770.5591729341,55116.1976543699,65091.8038372036,54021.9878192026,34079.4280008495,47835.8707788560,62005.1198674867,58104.4681317885,49403.2323697692,99659.9457708422,9904.9471881816,34901.0118177112,59835.7015977957,44975.7475012146,48123.9086337618,9407.4320700861,19412.1203766381,64737.7115936591,41323.7893257797,68792.8569560860,43997.9664619107,77287.7230601532,22546.8106189513,73299.4865567619,62124.1579732393,16157.8622491736,8691.6637272516,75622.5426325538,12513.2383920690,53049.6934227949,58098.8782781062,22107.1118784083,45144.0559202462,59615.9004974036,68219.4267655954,25025.3325631591,14734.4298094970,19081.3963227608,28576.0102022113,58116.2190403755,19371.5221964867,63912.4099234193,67507.4312201994,16472.3989494877,74048.6072538855,52423.1173096266,55892.9407462798,57715.4756501888
511,0,0,0,0,0,0,0,0,0,0,0,0,0,0,0,0,0,0,0,0,0,0,0,0,0,0,0,0,0,0,0,0,0,0,0,0,0,0,0,0,0,0,0,0,0,0,0,0,0,0,0,0,0,0,0,0,0,0,0,0,0,0,0,0,0,0,0,0,0,0,0,0,0,0,0,0,0,0,0,0,0,0,0,0,0,0,0,0,0,0,0,0,0,0,0,0,0,0,0,0,0,0,0,0,0,0,0,0,0,0,0,0,0,0,0,0,0,0,0,0,0,0,0,0,0,0,0,0,0,0,0,0,0,0,0,0,0,0,0,0,0,0,0,0,0,0,0,0,0,0,0,0,0,0,0,0,0,0,0,0,0,0,0,0,0,0,0,0,0,0,0,0,0,0,0,0,0,0,0,0,0,0,0,0,0,0,0,0,0,0,0,0,0,0,0,0,0,0,0,0
512,0,0,0,0,0,0,0,0,0,0,0,0,0,0,0,0,0,0,0,0,0,0,0,0,0,0,0,0,0,0,0,0,0,0,0,0,0,0,0,0,0,0,0,0,0,0,0,0,0,0,0,0,0,0,0,0,0,0,0,0,0,0,0,0,0,0,0,0,0,0,0,0,0,0,0,0,0,0,0,0,0,0,0,0,0,0,0,0,0,0,0,0,0,0,0,0,0,0,0,0,0,0,0,0,0,0,0,0,0,0,0,0,0,0,0,0,0,0,0,0,0,0,0,0,0,0,0,0,0,0,0,0,0,0,0,0,0,0,0,0,0,0,0,0,0,0,0,0,0,0,0,0,0,0,0,0,0,0,0,0,0,0,0,0,0,0,0,0,0,0,0,0,0,0,0,0,0,0,0,0,0,0,0,0,0,0,0,0,0,0,0,0,0,0,0,0,0,0,0,0
513,0,0,0,0,0,0,0,0,0,0,0,0,0,0,0,0,0,0,0,0,0,0,0,0,0,0,0,0,0,0,0,0,0,0,0,0,0,0,0,0,0,0,0,0,0,0,0,0,0,0,0,0,0,0,0,0,0,0,0,0,0,0,0,0,0,0,0,0,0,0,0,0,0,0,0,0,0,0,0,0,0,0,0,0,0,0,0,0,0,0,0,0,0,0,0,0,0,0,0,0,0,0,0,0,0,0,0,0,0,0,0,0,0,0,0,0,0,0,0,0,0,0,0,0,0,0,0,0,0,0,0,0,0,0,0,0,0,0,0,0,0,0,0,0,0,0,0,0,0,0,0,0,0,0,0,0,0,0,0,0,0,0,0,0,0,0,0,0,0,0,0,0,0,0,0,0,0,0,0,0,0,0,0,0,0,0,0,0,0,0,0,0,0,0,0,0,0,0,0,0
514,0,0,0,0,0,0,0,0,0,0,0,0,0,0,0,0,0,0,0,0,0,0,0,0,0,0,0,0,0,0,0,0,0,0,0,0,0,0,0,0,0,0,0,0,0,0,0,0,0,0,0,0,0,0,0,0,0,0,0,0,0,0,0,0,0,0,0,0,0,0,0,0,0,0,0,0,0,0,0,0,0,0,0,0,0,0,0,0,0,0,0,0,0,0,0,0,0,0,0,0,0,0,0,0,0,0,0,0,0,0,0,0,0,0,0,0,0,0,0,0,0,0,0,0,0,0,0,0,0,0,0,0,0,0,0,0,0,0,0,0,0,0,0,0,0,0,0,0,0,0,0,0,0,0,0,0,0,0,0,0,0,0,0,0,0,0,0,0,0,0,0,0,0,0,0,0,0,0,0,0,0,0,0,0,0,0,0,0,0,0,0,0,0,0,0,0,0,0,0,0
515,0,0,0,0,0,0,0,0,0,0,0,0,0,0,0,0,0,0,0,0,0,0,0,0,0,0,0,0,0,0,0,0,0,0,0,0,0,0,0,0,0,0,0,0,0,0,0,0,0,0,0,0,0,0,0,0,0,0,0,0,0,0,0,0,0,0,0,0,0,0,0,0,0,0,0,0,0,0,0,0,0,0,0,0,0,0,0,0,0,0,0,0,0,0,0,0,0,0,0,0,0,0,0,0,0,0,0,0,0,0,0,0,0,0,0,0,0,0,0,0,0,0,0,0,0,0,0,0,0,0,0,0,0,0,0,0,0,0,0,0,0,0,0,0,0,0,0,0,0,0,0,0,0,0,0,0,0,0,0,0,0,0,0,0,0,0,0,0,0,0,0,0,0,0,0,0,0,0,0,0,0,0,0,0,0,0,0,0,0,0,0,0,0,0,0,0,0,0,0,0
516,0,0,0,0,0,0,0,0,0,0,0,0,0,0,0,0,0,0,0,0,0,0,0,0,0,0,0,0,0,0,0,0,0,0,0,0,0,0,0,0,0,0,0,0,0,0,0,0,0,0,0,0,0,0,0,0,0,0,0,0,0,0,0,0,0,0,0,0,0,0,0,0,0,0,0,0,0,0,0,0,0,0,0,0,0,0,0,0,0,0,0,0,0,0,0,0,0,0,0,0,0,0,0,0,0,0,0,0,0,0,0,0,0,0,0,0,0,0,0,0,0,0,0,0,0,0,0,0,0,0,0,0,0,0,0,0,0,0,0,0,0,0,0,0,0,0,0,0,0,0,0,0,0,0,0,0,0,0,0,0,0,0,0,0,0,0,0,0,0,0,0,0,0,0,0,0,0,0,0,0,0,0,0,0,0,0,0,0,0,0,0,0,0,0,0,0,0,0,0,0
517,0,0,0,0,0,0,0,0,0,0,0,0,0,0,0,0,0,0,0,0,0,0,0,0,0,0,0,0,0,0,0,0,0,0,0,0,0,0,0,0,0,0,0,0,0,0,0,0,0,0,0,0,0,0,0,0,0,0,0,0,0,0,0,0,0,0,0,0,0,0,0,0,0,0,0,0,0,0,0,0,0,0,0,0,0,0,0,0,0,0,0,0,0,0,0,0,0,0,0,0,0,0,0,0,0,0,0,0,0,0,0,0,0,0,0,0,0,0,0,0,0,0,0,0,0,0,0,0,0,0,0,0,0,0,0,0,0,0,0,0,0,0,0,0,0,0,0,0,0,0,0,0,0,0,0,0,0,0,0,0,0,0,0,0,0,0,0,0,0,0,0,0,0,0,0,0,0,0,0,0,0,0,0,0,0,0,0,0,0,0,0,0,0,0,0,0,0,0,0,0
518,22381.3480526483,119629.9406564847,99023.8277031923,56758.2518357196,52061.5072810531,75855.7702476720,117243.3456750398,50769.2536579648,37194.4785589903,80660.3047089631,24532.1033695902,93812.4023636736,21103.7909030386,82489.9474447775,73746.9584041230,107373.6620650777,11910.6378540254,45355.3112553551,94682.0234671209,58402.3367767818,95259.7255816743,71110.0750078861,64799.5123545610,41755.6525543203,71370.3788836022,26485.0920994872,31680.5196993937,10281.1488193544,61901.8924117737,76787.6700504071,57600.3608749613,105874.4691639519,23103.1864430802,22171.0150466381,12366.4553406444,83603.3869420130,39347.3234931219,80438.0814365942,35141.9200434483,94715.8418178207,110154.6831652134,30170.2684066241,51723.8392258819,63736.9837773197,51526.9792801051,107113.5257704343,13920.9666422871,25070.4120592591,82165.8834598873,29787.7668424651,96330.5602453605,105816.6932794139,33155.1218878600,58907.7291733219,82708.5412987523,70940.8531411830,42633.9657012716,42120.5792480925,21169.9362168375,62412.8374400409,11164.8166569463,67210.5285662054,71788.7177036147,30909.9855551334,22853.1960537006,61085.1575444675,86133.0383978645,81826.4108929581,67216.4527222853,23802.3576238270,51392.5766183539,95262.2562267880,11417.9838444655,73053.1602934009,1242.0008808917,41786.4318027112,110486.8055592324,18139.5813588440,57759.0272360284,15672.7871276914,86555.8814498240,68735.2158404330,60358.4264112917,21046.7004123413,29918.7816586192,22212.8628096149,101293.6536949399,66129.6571419331,43407.9092892365,75122.3500216332,63783.2958110449,81811.7856164356,75555.3147630784,36073.9968442111,42107.7974419887,101802.5109881849,34676.0305530437,72359.1787020968,103551.0291633428,35104.3073384126,54130.0789550184,84641.4227150809,114791.1237399471,54157.4689484412,18139.6772006663,72390.3190944377,53160.5484961892,24279.6748484048,78549.1304805521,75634.1759898848,15308.0469327266,14497.2970655194,28976.4016929127,59862.6002331912,99840.5199357667,31960.9640379124,55129.7975592451,69960.8048841788,25949.1172177724,87838.6560554051,38437.9431831262,77562.0630320910,6931.4238181612,79196.1229149689,91748.1057205532,73698.0705000784,93327.5693141061,90777.8437927578,15630.1921663294,86646.4771738603,27883.4505043729,100537.3177974750,75298.6225873154,38237.8499770764,20670.0105633820,66946.5995994722,16157.8541190182,64337.1614612346,24462.3503075465,35356.1439263058,45542.3328495118,77580.8295699704,68635.4581317395,76085.6361191103,26786.0084101275,48379.0680406863,106228.1140268641,87941.7643732116,86960.7368087191,17726.1617516518,92524.0625020762,67634.8519219026,48721.5109085137,61111.7241959205,70804.3977148878,59336.7135350926,28100.3338613578,44375.6689762924,65613.3904810030,58899.1202380906,48243.0425391031,100597.7294804851,8843.5992571205,35663.5137330241,53869.1200153983,46528.6837591472,45971.6796123826,10782.7484812315,17501.0444156447,70900.7513379895,35957.0234366243,68132.9496143866,48674.1608962856,81546.6642646193,18071.9355243869,78631.0263925682,59773.6763133521,21438.4580394351,10072.2018000866,77494.5747901214,10593.2848472816,56084.4452786691,63864.0156992041,16235.6343577017,40364.7750503338,65872.3956011363,68699.7030189758,18661.4557998901,9108.0763835217,25566.6789762265,22594.3353461983,62467.5418084000,21397.6139960971,65738.1954170827,73873.1409145740,21222.3599940922,74457.5686387141,57393.9975146743,59581.9446890300,60457.9531564089
519,0,0,0,0,0,0,0,0,0,0,0,0,0,0,0,0,0,0,0,0,0,0,0,0,0,0,0,0,0,0,0,0,0,0,0,0,0,0,0,0,0,0,0,0,0,0,0,0,0,0,0,0,0,0,0,0,0,0,0,0,0,0,0,0,0,0,0,0,0,0,0,0,0,0,0,0,0,0,0,0,0,0,0,0,0,0,0,0,0,0,0,0,0,0,0,0,0,0,0,0,0,0,0,0,0,0,0,0,0,0,0,0,0,0,0,0,0,0,0,0,0,0,0,0,0,0,0,0,0,0,0,0,0,0,0,0,0,0,0,0,0,0,0,0,0,0,0,0,0,0,0,0,0,0,0,0,0,0,0,0,0,0,0,0,0,0,0,0,0,0,0,0,0,0,0,0,0,0,0,0,0,0,0,0,0,0,0,0,0,0,0,0,0,0,0,0,0,0,0,0
520,0,0,0,0,0,0,0,0,0,0,0,0,0,0,0,0,0,0,0,0,0,0,0,0,0,0,0,0,0,0,0,0,0,0,0,0,0,0,0,0,0,0,0,0,0,0,0,0,0,0,0,0,0,0,0,0,0,0,0,0,0,0,0,0,0,0,0,0,0,0,0,0,0,0,0,0,0,0,0,0,0,0,0,0,0,0,0,0,0,0,0,0,0,0,0,0,0,0,0,0,0,0,0,0,0,0,0,0,0,0,0,0,0,0,0,0,0,0,0,0,0,0,0,0,0,0,0,0,0,0,0,0,0,0,0,0,0,0,0,0,0,0,0,0,0,0,0,0,0,0,0,0,0,0,0,0,0,0,0,0,0,0,0,0,0,0,0,0,0,0,0,0,0,0,0,0,0,0,0,0,0,0,0,0,0,0,0,0,0,0,0,0,0,0,0,0,0,0,0,0
521,16299.3694833373,117063.9501551000,80530.7742972539,77514.7210262014,56509.3667932274,55548.9008750950,105739.9809093125,34912.6751499398,54242.5017052749,73980.4090716933,42258.4427502875,96358.4201907650,17830.6649879801,68333.5669096629,53681.0583081382,100491.1757508309,30926.6053483023,39948.8935801569,91954.6060067539,37507.8723506618,84515.9189002621,70144.6096205057,54160.6750357666,53808.4691737567,54198.7902383394,35492.4861449911,37608.2904693731,13525.3175606803,56706.2682193217,55902.3933920469,38011.3055752485,105312.1923225151,3608.3813816735,43063.5434087649,27163.6060897146,64906.4221561325,56264.5378821992,69577.3793558209,23605.7835038339,86880.1163215634,100721.5648902852,49995.0371049301,50977.8850119112,49235.7581488785,40559.3787745132,103251.7186011481,22331.5383564971,41224.8927252872,79039.4521613185,42738.7127907263,90986.7840497222,93906.0923010767,31942.0344944276,38646.5041121085,65737.2038480710,62874.1560725316,50256.4892843585,44706.3910163711,27660.7747052638,63909.7821624761,31792.6771464106,48286.0552836933,67464.0741028931,16697.1145582368,12900.1798191992,44147.7780153345,77184.4366545559,61282.2576972754,46430.4547659857,25977.5820334533,30840.3132560139,95629.0889860933,17804.1773082819,58788.8287006354,23089.7817375994,32616.1910702795,108309.8411332274,31280.4885413833,50025.9218294946,8658.5967796076,81326.0273211801,48951.9030187315,58359.5897630794,34641.4984438775,24248.8930062740,41498.1835282987,91636.9124455493,45281.4784740302,29808.5063793612,56566.8188939901,43451.8714599615,61911.6557208695,54764.2887251505,50661.3351812623,40687.6717881800,99892.0530194762,53339.7514156181,51716.1775913576,95338.3703195644,44772.3029351265,50095.7497909780,72031.8471060563,111107.1545218394,40404.7668672127,37812.2352750897,61775.6302032026,34862.4384929725,9455.2061201442,69829.4889301452,59588.3646799696,36009.4708482524,14053.8879981673,47159.0778609694,47749.9209195325,95862.8360414608,48937.0185723698,56721.2266175522,57595.0172812519,35460.1202098621,80621.3254028529,33033.9245430371,65249.3094562328,19065.4872794824,74522.4721187603,90517.7360805240,67333.6897752492,84079.7429449901,86728.2567256967,16294.2587370267,68773.8162117416,30667.9401049058,93730.6002786724,72678.9656680052,43866.0353297291,28882.0023792017,64371.4090119637,12501.3340499162,56320.0414664922,37348.6797242563,37705.8347154544,55455.9802725898,59976.0954495106,52740.7164045718,56639.3876155120,18034.5849155210,50867.7960860374,95744.1197171327,85293.5295955364,75555.9548603092,35092.8270675596,86118.3784420477,47785.6555836274,55407.4586239426,40376.2293523743,49910.0808236247,38604.0714173434,43700.3676305565,49199.3636768953,47743.2139039257,48844.5923002878,44978.3339622786,89239.9838432120,24906.1546899608,27419.4291868481,74749.5560713840,34793.4218500284,46172.7316375794,19698.3434344623,21925.2679772418,50402.3339123891,48459.5173122798,62281.6369496344,28786.6519218767,62258.3345042655,29479.1637972866,57890.8372460535,59865.8284710420,20717.6738425420,13256.7346375369,63838.2892828720,26233.9512653894,39757.3773295302,42977.0972910750,32435.4881071560,50282.7105383765,45638.2599834013,59268.6152380685,39317.1246198741,29866.3820262096,14387.4134892742,38594.9984893428,43083.8630740203,12867.1704840416,52443.9402112785,54015.8539558631,6426.5555730899,65090.2185860837,37030.4509147728,41599.0260895069,44791.7076941875
522,0,0,0,0,0,0,0,0,0,0,0,0,0,0,0,0,0,0,0,0,0,0,0,0,0,0,0,0,0,0,0,0,0,0,0,0,0,0,0,0,0,0,0,0,0,0,0,0,0,0,0,0,0,0,0,0,0,0,0,0,0,0,0,0,0,0,0,0,0,0,0,0,0,0,0,0,0,0,0,0,0,0,0,0,0,0,0,0,0,0,0,0,0,0,0,0,0,0,0,0,0,0,0,0,0,0,0,0,0,0,0,0,0,0,0,0,0,0,0,0,0,0,0,0,0,0,0,0,0,0,0,0,0,0,0,0,0,0,0,0,0,0,0,0,0,0,0,0,0,0,0,0,0,0,0,0,0,0,0,0,0,0,0,0,0,0,0,0,0,0,0,0,0,0,0,0,0,0,0,0,0,0,0,0,0,0,0,0,0,0,0,0,0,0,0,0,0,0,0,0
523,0,0,0,0,0,0,0,0,0,0,0,0,0,0,0,0,0,0,0,0,0,0,0,0,0,0,0,0,0,0,0,0,0,0,0,0,0,0,0,0,0,0,0,0,0,0,0,0,0,0,0,0,0,0,0,0,0,0,0,0,0,0,0,0,0,0,0,0,0,0,0,0,0,0,0,0,0,0,0,0,0,0,0,0,0,0,0,0,0,0,0,0,0,0,0,0,0,0,0,0,0,0,0,0,0,0,0,0,0,0,0,0,0,0,0,0,0,0,0,0,0,0,0,0,0,0,0,0,0,0,0,0,0,0,0,0,0,0,0,0,0,0,0,0,0,0,0,0,0,0,0,0,0,0,0,0,0,0,0,0,0,0,0,0,0,0,0,0,0,0,0,0,0,0,0,0,0,0,0,0,0,0,0,0,0,0,0,0,0,0,0,0,0,0,0,0,0,0,0,0
524,0,0,0,0,0,0,0,0,0,0,0,0,0,0,0,0,0,0,0,0,0,0,0,0,0,0,0,0,0,0,0,0,0,0,0,0,0,0,0,0,0,0,0,0,0,0,0,0,0,0,0,0,0,0,0,0,0,0,0,0,0,0,0,0,0,0,0,0,0,0,0,0,0,0,0,0,0,0,0,0,0,0,0,0,0,0,0,0,0,0,0,0,0,0,0,0,0,0,0,0,0,0,0,0,0,0,0,0,0,0,0,0,0,0,0,0,0,0,0,0,0,0,0,0,0,0,0,0,0,0,0,0,0,0,0,0,0,0,0,0,0,0,0,0,0,0,0,0,0,0,0,0,0,0,0,0,0,0,0,0,0,0,0,0,0,0,0,0,0,0,0,0,0,0,0,0,0,0,0,0,0,0,0,0,0,0,0,0,0,0,0,0,0,0,0,0,0,0,0,0
525,0,0,0,0,0,0,0,0,0,0,0,0,0,0,0,0,0,0,0,0,0,0,0,0,0,0,0,0,0,0,0,0,0,0,0,0,0,0,0,0,0,0,0,0,0,0,0,0,0,0,0,0,0,0,0,0,0,0,0,0,0,0,0,0,0,0,0,0,0,0,0,0,0,0,0,0,0,0,0,0,0,0,0,0,0,0,0,0,0,0,0,0,0,0,0,0,0,0,0,0,0,0,0,0,0,0,0,0,0,0,0,0,0,0,0,0,0,0,0,0,0,0,0,0,0,0,0,0,0,0,0,0,0,0,0,0,0,0,0,0,0,0,0,0,0,0,0,0,0,0,0,0,0,0,0,0,0,0,0,0,0,0,0,0,0,0,0,0,0,0,0,0,0,0,0,0,0,0,0,0,0,0,0,0,0,0,0,0,0,0,0,0,0,0,0,0,0,0,0,0
526,0.0000000000,0,0,0,0,0,0,0,0,0,0,0,0,0,0,0,0,0,0,0,0,0,0,0,0,0,0,0,0,0,0,0,0,0,0,0,0,0,0,0,0,0,0,0,0,0,0,0,0,0,0,0,0,0,0,0,0,0,0,0,0,0,0,0,0,0,0,0,0,0,0,0,0,0,0,0,0,0,0,0,0,0,0,0,0,0,0,0,0,0,0,0,0,0,0,0,0,0,0,0,0,0,0,0,0,0,0,0,0,0,0,0,0,0,0,0,0,0,0,0,0,0,0,0,0,0,0,0,0,0,0,0,0,0,0,0,0,0,0,0,0,0,0,0,0,0,0,0,0,0,0,0,0,0,0,0,0,0,0,0,0,0,0,0,0,0,0,0,0,0,0,0,0,0,0,0,0,0,0,0,0,0,0,0,0,0,0,0,0,0,0,0,0,0,0,0,0,0,0,0
527,4185.7850890799,128999.5153836560,91308.0295893748,74465.0898941896,65895.3398741565,58732.6861618878,118484.4054873996,47370.7029635773,44799.1486899467,86485.7701297717,44008.0096506620,106809.1467016075,27980.0520395165,80864.1159858042,63113.4385232490,113088.4646094179,25034.7105700605,51940.9334922325,103842.1443316120,44264.6657976290,97297.4645213906,81470.7191413410,66933.2449772348,59593.3504297015,65980.5045976338,23672.0336754145,45887.6901234778,14019.6793729811,68874.4617820435,62582.7347295715,48431.4803942902,116732.8317930733,12690.9527370282,39732.6280014676,30378.2489654402,75672.5514384088,58784.1037771000,82360.4690225170,36264.5687879062,99546.1439083587,113494.5017815960,43266.5704237086,62009.2189263433,61809.1125779884,53315.1070884443,115408.3654100647,12670.3375053879,31952.0917261707,90950.7893467508,47777.7957603992,103359.4364254587,106635.6858195914,42576.9287363833,42066.2258837646,77492.8768637218,75498.5240394020,58197.9696437046,54526.1918301398,35072.4997941984,74444.6171242654,30229.6228819894,59105.3743275174,79549.9425738394,11569.5933993577,21141.1361728980,56153.2630152684,89916.1675520438,69606.2654501874,51643.9362777413,13333.9465487599,39933.5518290361,106752.4722257103,23492.2477437187,71344.9601016208,20598.9753023618,45137.6679333696,120135.1337229235,21551.1848824242,62542.3124280447,11823.5994208318,93646.9501815203,50959.4578806587,69836.9867420682,39026.1190745446,35783.9956350851,34634.8073209899,104411.7337816516,52626.5074073432,42582.4554751512,67540.6330061757,52627.9929261631,71464.5655377407,59837.7861639953,54851.3470655411,51692.9267048731,111626.9437219855,54205.4958878756,59908.6261883290,108046.9215614893,51613.4761312549,61953.9223659217,84741.3764742820,123251.8133601806,53121.5581350149,37598.2422929064,74554.7069821500,46407.0885166540,7424.8118743840,82532.2236026388,71731.8286190435,31808.8187983438,14152.4382007658,38883.8506892186,60528.7367268843,108018.0893563750,51364.5499172330,67127.0903230827,70349.8173654353,42026.0084232298,93212.3463743223,44862.6475844237,77993.0012279839,13865.2931830021,86716.4009446224,102046.2591151673,79766.9787575272,96835.3634853761,98863.1763789614,11443.2583964852,80053.9773355462,39836.6201563514,106306.6461549838,84437.5616150872,52495.6762378167,17460.3121111660,76053.2407310748,21500.8995226881,68910.0043073019,26760.8362473586,47384.1052462278,62410.8757194915,71488.7176332174,64986.8125505480,66829.7568523421,29963.7789534727,60865.7498860399,108526.2327282517,97133.1038367826,88327.9211607302,27243.5815693123,98627.3816985076,57649.6244425108,63864.4658014090,45466.0913977013,56294.8328491943,46799.9343837110,47095.4824342021,58293.8343715024,59272.7457449145,61579.2918146639,56575.1715398098,102003.6196742118,18483.3643146587,39678.6880690915,70894.4381466323,47561.8329106673,56825.3007041644,21995.1485199521,29546.6030752738,54269.3313321433,53890.6571624189,74607.0329849829,39173.7790394066,72534.5915519603,34724.2135061450,65600.8578471738,70784.6870589461,11694.0996929505,18202.5424041176,76460.4196959225,25495.6108077725,52027.5492475697,49249.1383545215,35124.7882574847,57136.0522400707,48801.1944037907,71994.9725054294,37370.6074259740,26471.9182442719,6879.3897177583,41609.3103334821,53592.0716322019,24130.8036893152,65148.1492090770,56104.9774415849,15879.2325436992,77825.7712497613,46328.4457375737,53173.0570965383,57174.1834392110
528,0,0,0,0,0,0,0,0,0,0,0,0,0,0,0,0,0,0,0,0,0,0,0,0,0,0,0,0,0,0,0,0,0,0,0,0,0,0,0,0,0,0,0,0,0,0,0,0,0,0,0,0,0,0,0,0,0,0,0,0,0,0,0,0,0,0,0,0,0,0,0,0,0,0,0,0,0,0,0,0,0,0,0,0,0,0,0,0,0,0,0,0,0,0,0,0,0,0,0,0,0,0,0,0,0,0,0,0,0,0,0,0,0,0,0,0,0,0,0,0,0,0,0,0,0,0,0,0,0,0,0,0,0,0,0,0,0,0,0,0,0,0,0,0,0,0,0,0,0,0,0,0,0,0,0,0,0,0,0,0,0,0,0,0,0,0,0,0,0,0,0,0,0,0,0,0,0,0,0,0,0,0,0,0,0,0,0,0,0,0,0,0,0,0,0,0,0,0,0,0
529,0,0,0,0,0,0,0,0,0,0,0,0,0,0,0,0,0,0,0,0,0,0,0,0,0,0,0,0,0,0,0,0,0,0,0,0,0,0,0,0,0,0,0,0,0,0,0,0,0,0,0,0,0,0,0,0,0,0,0,0,0,0,0,0,0,0,0,0,0,0,0,0,0,0,0,0,0,0,0,0,0,0,0,0,0,0,0,0,0,0,0,0,0,0,0,0,0,0,0,0,0,0,0,0,0,0,0,0,0,0,0,0,0,0,0,0,0,0,0,0,0,0,0,0,0,0,0,0,0,0,0,0,0,0,0,0,0,0,0,0,0,0,0,0,0,0,0,0,0,0,0,0,0,0,0,0,0,0,0,0,0,0,0,0,0,0,0,0,0,0,0,0,0,0,0,0,0,0,0,0,0,0,0,0,0,0,0,0,0,0,0,0,0,0,0,0,0,0,0,0
530,0,0,0,0,0,0,0,0,0,0,0,0,0,0,0,0,0,0,0,0,0,0,0,0,0,0,0,0,0,0,0,0,0,0,0,0,0,0,0,0,0,0,0,0,0,0,0,0,0,0,0,0,0,0,0,0,0,0,0,0,0,0,0,0,0,0,0,0,0,0,0,0,0,0,0,0,0,0,0,0,0,0,0,0,0,0,0,0,0,0,0,0,0,0,0,0,0,0,0,0,0,0,0,0,0,0,0,0,0,0,0,0,0,0,0,0,0,0,0,0,0,0,0,0,0,0,0,0,0,0,0,0,0,0,0,0,0,0,0,0,0,0,0,0,0,0,0,0,0,0,0,0,0,0,0,0,0,0,0,0,0,0,0,0,0,0,0,0,0,0,0,0,0,0,0,0,0,0,0,0,0,0,0,0,0,0,0,0,0,0,0,0,0,0,0,0,0,0,0,0
531,17100.9134005792,136376.6814281007,108023.5523305669,60459.9610371620,68941.4239722227,75292.0719485247,131539.2101847036,62140.5857201027,27350.6934622557,96504.6405712401,37690.5592100245,110697.1965307947,36138.5573426530,95217.5095496539,80351.1780260662,123291.3963826320,12196.9333745784,61111.7127659496,111359.6268894470,61707.0242241575,109808.1019302703,87902.4900143351,79164.9031643507,57299.0927248677,81806.8421787739,10862.7795935063,48592.1464349042,18504.9823196535,77957.3832004951,79985.9955741969,65268.3207480947,122760.0515372689,28623.8583400769,27368.4758235657,28852.8508931327,92380.4712081729,52004.4483473354,94849.6254999652,48439.6999269630,110311.6551560030,125283.7941767207,27016.6288343761,68432.1519473161,76128.0434813116,65559.9416634619,123663.5195468772,9541.5213415765,14533.4789137160,98746.9447227912,45505.8887442309,112572.5198634604,119879.9414357060,49489.3998449807,58953.2437573845,93342.0777846541,86307.6505396988,59285.5437348064,59016.0522201562,38060.8601637240,79323.0833809026,22157.4750345291,75755.9624457823,88110.6496226251,27638.5735920567,33846.8555681069,71702.0125952108,101321.1248243603,87035.4119880833,68866.5506140722,10442.9293497318,57172.2107480596,112173.2235836946,27510.9669447162,85660.3738552003,15572.6675030557,56287.7561114094,127259.7142635718,2623.4883133541,73080.9102383577,19021.4048198505,102779.3571490214,67156.9815729394,76979.0623910122,37100.5304946539,45039.2412592637,18749.6489250053,116304.5729311595,70077.9287764532,56009.8688422609,84103.8214315502,69900.7525212211,88685.4744234620,76976.6083416681,50666.2722920299,58611.4167502319,118586.3441592296,45627.1226611336,77338.8246930218,119069.5859990264,51550.2112991114,70346.2653068209,98255.5044203124,131385.9613551250,66880.5004624455,29661.7547235860,86841.9490790769,62489.7316045992,24578.8980241454,93764.6182346651,87026.5762236994,19598.0563378405,24612.9254775427,21736.8484228922,73510.5250702104,116351.7452732588,45097.6466303660,72029.8653327189,83593.6099460357,42676.2094258636,103579.1953846684,54012.1856244089,91281.8062463187,11280.5989606839,95495.3680810712,108572.1936404115,89575.7944015769,108450.6462408507,107246.2569339308,11933.7436545516,96390.6037061701,44633.6825812384,116449.2876376661,91921.4365526887,55125.7564922284,3308.1410034432,83530.9373435711,29979.7429887695,79652.9080353009,13846.1793304253,52189.6010988439,61671.3792766890,87607.8546616222,80113.6013426517,83819.6081095571,40627.2286436623,65290.3762509329,120933.4012931742,104609.5477207361,101173.9685075000,11066.9967823120,108504.1022459345,74743.8262509614,65425.5151314330,62711.0198650997,73680.8137537310,64209.0095698433,42614.5300826863,61268.9725909070,75374.3655900138,73425.2630616624,64528.4108826160,114900.4508797992,8558.1307494357,50264.9375877560,56232.1707589842,60119.4557768124,62729.4907096803,22633.9419266353,34010.6040668037,71120.7956161347,51549.0044216475,84093.3527764990,55981.5952962686,89496.8058959026,34820.1031784930,83052.6655345480,76608.1465017388,12228.2821651642,24037.7059296662,90492.6039006730,20336.0572913893,67163.1365607898,66644.2088895165,31661.2657515868,56616.6966369585,65493.1611561148,83578.9648903192,27144.2902991066,16986.3095255338,22250.2452831955,37366.5000653355,70402.7591783916,34595.1677123105,78848.6609654426,72242.3337575375,29816.9491182922,89413.0179561854,63550.2582263986,69230.4095232242,72052.1613015799
532,0,0,0,0,0,0,0,0,0,0,0,0,0,0,0,0,0,0,0,0,0,0,0,0,0,0,0,0,0,0,0,0,0,0,0,0,0,0,0,0,0,0,0,0,0,0,0,0,0,0,0,0,0,0,0,0,0,0,0,0,0,0,0,0,0,0,0,0,0,0,0,0,0,0,0,0,0,0,0,0,0,0,0,0,0,0,0,0,0,0,0,0,0,0,0,0,0,0,0,0,0,0,0,0,0,0,0,0,0,0,0,0,0,0,0,0,0,0,0,0,0,0,0,0,0,0,0,0,0,0,0,0,0,0,0,0,0,0,0,0,0,0,0,0,0,0,0,0,0,0,0,0,0,0,0,0,0,0,0,0,0,0,0.0000000000,0,0,0,0,0,0,0,0,0,0,0,0,0,0,0,0,0,0,0,0,0,0,0,0,0,0,0,0,0,0,0,0,0,0,0,0,0
533,0,0,0,0,0,0,0,0,0,0,0,0,0,0,0,0,0,0,0,0,0,0,0,0,0,0,0,0,0,0,0,0,0,0,0,0,0,0,0,0,0,0,0,0,0,0,0,0,0,0,0,0,0,0,0,0,0,0,0,0,0,0,0,0,0,0,0,0,0,0,0,0,0,0,0,0,0,0,0,0,0,0,0,0,0,0,0,0,0,0,0,0,0,0,0,0,0,0,0,0,0,0,0,0,0,0,0,0,0,0,0,0,0,0,0,0,0,0,0,0,0,0,0,0,0,0,0,0,0,0,0,0,0,0,0,0,0,0,0,0,0,0,0,0,0,0,0,0,0,0,0,0,0,0,0,0,0,0,0,0,0,0,0,0,0,0,0,0,0,0,0,0,0,0,0,0,0,0,0,0,0,0,0,0,0,0,0,0,0,0,0,0,0,0,0,0,0,0,0,0
534,19349.4927785642,125472.1297288825,102178.4276212208,57203.6163889965,57886.3863700220,75538.6664296949,122288.3235859044,54617.8171988870,32908.3487585284,86214.8185308328,28446.1562155549,99641.5360461608,26202.2161343545,86944.9368090027,75960.0713700410,112962.5749718436,8616.2728565610,50846.8539980540,100504.7716494450,59325.8230492216,100376.8237315398,76961.2885855170,69814.5115720608,46908.2797449317,74965.3347996696,20614.7630554329,37530.5719529220,9700.5408603435,67517.5933165145,77797.7538636936,60107.6012686152,111744.1037030641,24128.9410930572,22414.0884735835,17917.9002960537,86637.7797305912,43194.3434545105,85492.5227143956,39634.6802490107,100193.0727854193,115480.9625909480,27685.7937575707,57549.8867198634,68024.0147926595,56387.2981432380,112901.0002872660,8606.9589813691,20262.8880922210,87959.5570144486,34989.5399870063,102021.6272596052,110773.2665549271,38842.6954068179,58678.6192979363,86409.3704495568,76323.3767274739,48326.5300194780,47990.6115536959,27038.7590054649,68282.5622062623,13420.8866195936,70096.8131286175,77498.7297724603,29004.7693165117,26195.1509130408,64704.8188612890,91465.6098452935,83575.3245111093,67620.4093936988,18679.9740927049,53149.9476826851,101131.7060811155,16912.7168317825,77445.0331743728,8577.6626464100,46791.7760211219,116335.0770433568,12400.4738545000,63110.3575997413,15175.8911443849,92238.5358785820,68020.9230688826,66160.0337252784,26386.6954222327,35116.9007306902,19190.8010341135,106574.9638750143,67344.0099938126,47683.7681541495,78201.4166954143,65764.8565613969,84156.0744934010,75931.0310699151,40766.3270555056,47864.4364500407,107653.0916561063,37735.4576108198,73981.0032984498,109006.0633407095,40684.1953176076,59795.9161133103,89417.3851608824,120592.1878410950,58533.7790877945,21096.6340226319,77448.6545295072,56254.2203840989,23322.8955189069,83885.3161726076,79590.8232451943,14573.8789083972,17065.3460407830,25187.1271362579,64603.1662515847,105615.7321026039,35957.2114768893,61000.1109098605,74719.0493158070,31674.4477316525,93361.5749682131,43847.0073369704,82365.2863038842,5577.3140333952,84901.1461982904,97607.4252294883,79260.1574971822,98642.5704530269,96538.8038086832,12280.6818453028,90037.3993857313,33714.7428240406,106122.3402974343,81103.6466419685,44067.8133916583,14884.7379330854,72738.5751466557,20613.7436718285,69694.7015870111,18830.1955440202,41214.0598086809,50977.1860172051,81047.6042575252,72602.3741694055,78716.8851178512,31426.3393586069,54248.7163755940,111407.3273130773,93761.2154155700,91952.3427751983,13283.8784800891,98128.9198199558,69999.6690299368,54444.0814235522,61450.3225249307,71666.4998468021,60834.0413100753,32705.4647554100,50209.9220851313,68937.7946248708,63961.6403006521,53928.5837060680,105633.5292459187,3839.5470077682,40681.5240077482,53797.0430404046,51202.5793280096,51810.9198546813,11683.6474747921,23227.0380741772,70826.8928342604,41117.4373348524,73719.9839210518,50971.6850545155,84276.6690398240,23803.3958904283,80085.0704614602,65634.0095853421,17174.6173810987,14384.7662481058,82037.6244013596,9931.3852734475,59851.8699174672,64644.5622076991,21194.1093409216,45853.0484089064,65553.8078987030,73906.4182935420,20169.4857198530,9167.5511140919,23398.5514647553,27276.9398952918,65104.7537185446,25679.8427034314,70295.9719316778,73174.1091891072,23461.1210408070,79698.2556467754,59343.7215248253,62834.7675667900,64437.7981217117
535,0,0,0,0,0,0,0,0,0,0,0,0,0,0,0,0,0,0,0,0,0,0,0,0,0,0,0,0,0,0,0,0,0,0,0,0,0,0,0,0,0,0,0,0,0,0,0,0,0,0,0,0,0,0,0,0,0,0,0,0,0,0,0,0,0,0,0,0,0,0,0,0,0,0,0,0,0,0,0,0,0,0,0,0,0,0,0,0,0,0,0,0,0,0,0,0,0,0,0,0,0,0,0,0,0,0,0,0,0,0,0,0,0,0,0,0,0,0,0,0,0,0,0,0,0,0,0,0,0,0,0,0,0,0,0,0,0,0,0,0,0,0,0,0,0,0,0,0,0,0,0,0,0,0,0,0,0,0,0,0,0,0,0,0,0,0,0,0,0,0,0,0,0,0,0,0,0,0,0,0,0,0,0,0,0,0,0,0,0,0,0,0,0,0,0,0,0,0,0,0
536,13086.1883224770,133911.3523448716,88119.4814840823,83846.7559767449,73370.4945565025,50394.2747718297,119588.4518441256,47910.4854035217,51548.9871746724,90207.4216146042,53711.5705618096,113523.6700332668,34743.1701610483,81092.5248043232,58833.3661098878,116413.6549322204,34229.9301139551,56912.0319645525,108860.7618522708,38355.7298218889,99051.4236521791,87291.2150388374,69375.8337635627,68631.0559803682,64621.3695681726,28447.1347495725,53893.6162141661,23403.8849014941,73468.5314996302,56094.8454400280,45610.5842511710,122415.6130736916,15589.5960837914,49254.0358994740,39781.3258759817,72649.7217650892,68455.1093948557,84317.5889628151,39897.8764981914,102608.7526323482,115677.7381611582,51730.5362628623,68163.1168054134,62423.6535662754,56108.7673253124,119921.8571228195,21052.1877235606,39232.4841631898,95948.2646326479,56955.8862672980,107404.6227451557,107664.0012390698,49078.9393688226,34220.6185031305,75919.8210284367,78850.0141463611,66430.5553734684,61682.3881122601,43355.2080020068,81072.1295933706,39995.5079117898,56452.2919297513,84267.2772033926,19.1315338915,25831.4107764530,55409.0011732214,92625.3752645493,64213.2853191246,44482.3002312210,17010.2090314326,36147.0161850869,112796.0120012392,32124.9771771409,71765.8354428927,30372.1781480937,49078.7662132509,125237.7574400254,29031.6134008611,66345.7094367278,14503.6791017152,97841.4606671338,42262.2415271586,75484.0722998057,48291.5220771046,41422.1140569267,43219.3747117070,106592.8557427745,46846.0908929136,44762.3650310994,64917.2129105443,48373.3544761002,67148.9302853157,52417.0351180759,64256.8377906484,57872.5962368861,116877.0808091286,63977.7518023305,54596.8530016768,110846.2867387818,60264.5221802971,67096.4227157683,85756.9663492801,127779.4970388620,54558.3769808728,47377.0143152972,76803.4989761233,45146.4279877006,9653.7853126794,85468.4230157498,71002.8094684516,41261.9909285982,21598.3482300857,46627.3249332418,62483.8361177832,112545.2780763082,61026.0273024850,73859.8319379430,71848.6771420963,50704.3568332986,96618.7726046847,50106.7290484421,79316.7835810649,23563.5805032208,91206.5917412229,107596.5816162039,83720.8545332315,99306.1907487408,103446.2390282762,14811.5479067171,77678.8337893987,47328.8313310527,109729.7430418937,89683.1092118781,60363.1541644930,23524.0474599962,81421.9093760844,28750.0863358973,72431.1727854997,33092.2735723508,54610.0550833987,71071.6271333803,69587.0176144290,64594.7620368141,63264.6125174499,35157.9981018470,67909.8444778080,110258.7939128855,102237.3365165055,89900.5633722184,35602.7470843051,102299.5146216588,53932.6504895822,71867.1770647600,38420.1404117523,49744.1353905491,41890.2824884561,56608.4043063488,65926.1362972794,57620.7339540069,64453.8646217312,62092.2959202170,103381.8116363194,27772.6166237611,44273.5138772841,80098.6049645422,50303.9798398505,63335.6106089416,31399.5519927673,37651.8212953506,46323.3356899208,63001.3968962003,78848.8966639459,36747.4304572383,68969.1595268845,43727.7638858599,59792.2836266380,77051.4449755484,12834.2713259741,26811.5890319417,77089.8933173495,35266.6443588702,51953.3849153817,42819.3775817208,44667.8534572135,65811.7981742773,40636.8036486437,74844.0708647769,47083.2233302494,36126.3969468742,4287.4766668289,51151.3449646107,50703.0492934589,30020.4115877464,66321.6120901482,47361.1980546940,20434.9374725779,80570.1359461502,42417.9549461988,51742.6708537772,57269.6721774553
537,66885.6656965413,70908.2074168278,88130.3418368736,72089.6821105141,7681.9310573666,97182.5941886397,81760.5201916195,46725.2907992677,80968.6389525592,40070.3739724858,38668.5755320186,44076.8986711840,35485.2746623021,59584.7272338910,76617.2451814682,63954.7874264972,58683.5195595059,21705.4361347368,46793.5142664883,75206.7092031394,60692.6014302984,23023.1231971030,38564.6990256267,22592.5097320643,61622.9413045134,76347.0459842338,18244.8121892245,50498.1935977960,23974.4329427173,88650.0824014643,62844.8320461814,56292.7563102139,55300.8678263150,55095.4183189234,38435.3551062764,76637.5504704823,37828.8607109714,49181.4714256807,36427.3841226153,54140.2385210437,70976.0251822684,68838.8120001028,10116.5894606145,48496.6571797887,34483.9000289705,59814.8763223415,63420.3476344830,71929.1256659113,35558.9324489487,26693.3222531916,51466.0558014637,72517.0086518044,21617.9345787836,82885.7590115465,68917.1052018831,35870.2088766031,11605.2437785464,8547.4614043863,28885.8820838698,12838.2353904280,48615.1437972007,65835.5097727222,28648.4147949302,69949.7313956363,45244.5566927831,54588.4263121776,49139.7577521826,86876.5123839742,85346.2733187001,72544.7109273834,64772.6976947898,45485.8392797464,40307.7631741113,53327.7659298997,51399.3333234717,30349.7730945445,61674.5446129283,67654.0939502513,28230.9059236131,57079.3247319294,42488.9172361448,93728.4854826953,16241.8030639540,31813.6062939639,30165.1389760777,64965.1164018708,63499.7661321143,78824.3591670885,39617.5291927947,69671.1133999020,71254.8154770602,81729.1544343818,92244.4888984036,29543.7175102715,14857.5265552543,53002.5018052287,43605.6881550129,80443.1696451562,62696.9419305688,18707.7808222729,18339.2362546196,56842.8480701957,67062.5284964997,42203.9369424845,44901.9719417847,42966.0361725229,55184.0575789723,62551.4774936863,42718.9510080707,60610.3355235253,55734.4496751605,48964.3430804695,72293.4530006154,40056.4334783393,52996.5394185077,36570.1498902281,7491.6245067544,46028.4827928974,24808.9069349312,47047.2488779059,24300.4599931919,50867.9015893642,56154.0404208161,35244.3464928332,42756.6207472464,34057.4522738025,55753.7521959218,44603.6781883274,62400.9353889102,75407.7267065640,23165.6539525065,57545.8752477851,28786.4706078107,11948.4917799891,70526.0737572310,21850.4118750773,41618.0024810490,31821.1494948141,73543.9293369691,15635.5865141134,16924.9850969588,67534.8739933796,55551.5475754687,74666.3017266712,36419.1551567394,2251.5877572768,69612.9908003242,40331.2875141439,55514.7705724929,64799.0931740430,49674.6343065909,70806.0249196487,8522.3223399422,81056.9318281663,84974.6662136242,71845.9660067406,32748.4239626605,6460.7020005367,60505.6708435137,34380.0687523917,16337.9527835184,66670.7079561409,58517.2723291497,30592.2952128370,73440.1885414858,35618.5699234324,9283.2402358972,44306.3407748223,33765.0624027782,91474.0426279764,24089.0353429733,29097.2624333471,59272.6928116993,77967.7745061998,32303.8899847287,86702.0618441624,12084.4466753975,68741.1576613205,45195.3554755810,54546.5939606875,47416.8821933395,50175.7586637987,80200.0053905945,37498.7205265080,17233.8789915692,88945.6144008251,37715.9389609788,50108.6448989164,52902.4787440783,66979.3078240632,34829.3008773395,64872.9899894015,40450.8579733744,46142.3700394160,97954.5610371492,50200.0304526172,41282.4002202292,67160.7177034829,57379.8927865071,50255.8482658446
538,10816.4175120999,126370.0731763545,85987.0855535340,78617.4396145113,65053.6933712402,54101.1867601310,114139.7861323500,42716.6877666025,50155.7124724099,83187.2611818810,46438.6227719210,105357.4082773834,26474.5445562108,76204.9205169859,57714.7723940442,109627.4684566649,29618.0270644139,49252.8689372988,101259.0882330804,38974.4770610692,93164.3805424431,79368.5501369908,63021.1568376611,60520.4420431813,60909.5452382914,28973.3773961556,45556.1976456647,15897.4975355587,66007.0202710729,57344.7738415883,43107.6342171999,114565.4974901767,12110.8984638131,43791.8500578322,32047.5259993779,70359.3938237728,61039.7811221351,78284.4733765076,32767.8468632820,95952.7358345355,109542.3577016219,48203.7469630566,60112.9455377514,57226.9604820140,49512.4370854279,112547.9882632633,17895.2992865017,37267.3035517854,88344.2102142412,48950.2666358434,100241.9353700034,102255.8231054043,40902.8004227061,37287.9327491900,72397.2111237427,72005.0878552374,58104.2526001590,53398.9837386194,35053.4971203221,72909.0861480318,33615.3943711456,53816.9576202570,76768.6657225764,8705.9576172314,18069.8142156055,51192.0023242338,86156.4590464312,64231.3109970248,46584.3245225868,18278.5138029118,34537.0364165304,104818.4982575012,23951.1307972644,66725.9019726529,24034.4200450669,41849.1685787353,117612.1260310724,26877.9494181951,59241.5291318044,13820.4478927234,90597.4610418157,46574.6344658904,67607.2731968107,40378.6147547573,33461.2893297233,39552.5009320500,100450.5678307323,47302.1226718621,38474.1797520498,62266.4135958280,47227.9336867533,66066.6251096313,54829.7097878353,56427.7155991070,49797.9458475828,109187.0632542112,57035.8315122197,54534.2702330490,104345.6597386417,52016.6670675901,59393.3943104262,80332.0799368464,120404.1358176629,48783.1693448417,40648.6939372708,70579.7939432663,41306.9296715764,354.2163915355,78860.9518616799,66807.2821673442,36029.7617510340,13269.5071291807,44085.6734871133,56405.5851080978,105159.8779600195,53607.0583751865,65666.3651007360,66081.8156808413,42478.5580818727,89770.1941999915,42319.4465467291,73677.8343942123,17886.9063006383,83817.6374949661,99785.7541715809,76575.4624113551,92983.6759400263,96028.0703869204,10946.2647018549,74826.1508340114,38997.5364420208,102885.7389603261,81972.6394243707,52022.0869331168,22845.7751940502,73654.3875299265,20413.7243191086,65484.6520007013,32160.4534782808,46310.7039156336,62816.1816698703,66326.2892266516,60131.3975634180,61463.1997758450,27311.3963975694,59649.5668856881,104396.5068914547,94595.2211849334,84117.0571915448,32307.4821091530,95318.6202319319,52268.1813879124,63526.8615256060,40399.0674504478,51080.1331934944,41413.6945939468,48931.1741188991,57593.8296893103,54134.0592752746,57838.1093892478,54238.4087469721,97739.2994057673,23071.6373101697,36721.6244672439,75254.1200029938,43713.3359058878,55182.6793215433,23750.4127353919,29335.5403899289,49469.8514934826,54940.1102060284,71557.3463164938,33869.9922644036,67171.3303821427,35656.9303671387,60263.8124548322,68979.5995714922,12980.8340415945,18677.1336823014,71914.1371776812,28492.9474871922,47218.8842849086,44029.0026732724,37088.5894539962,57564.8877249937,44124.7765295662,68266.9251164443,40986.4556228182,30366.1382538046,4870.5840898668,43537.7011350318,48269.7164477837,21913.3364667387,60754.9145738435,51727.7652827843,12609.7194694495,74063.0550576581,40932.5761007468,48061.0361763967,52427.7963016666
539,11488.0022813779,123447.9367980231,82271.6774490706,80529.2676781206,63282.1441605786,52009.4334309179,110459.0579004169,38967.5178205055,53503.0969743664,79954.5983102801,47066.1855643697,103122.4025857528,24594.3636251467,72443.3486809958,54174.9070825086,106300.0715631641,32120.6717982253,46411.1672430769,98379.3676252856,35919.9558695608,89561.3657364910,76785.8703375746,59524.5225655083,59964.7782174668,57102.4001863615,32700.2515799164,44224.6781730777,16806.0090416904,63019.8038639352,54365.4814459722,39395.0989355219,111903.7983098508,5615.9638713771,45733.4276522943,32277.7996699351,66636.7443240440,61450.8980554403,74709.4290637312,29551.9904046546,92571.9047684683,106003.4961768201,50960.7811315866,57698.7210443340,53490.0527608552,46083.5573992479,109513.3076940390,21132.6823698288,40546.4730340397,85464.9111819625,48636.8145769762,97084.9893167483,98566.0861937212,38725.4424142853,35085.3364842461,68592.4317301853,68689.4378781876,56855.5472909063,51492.7572100396,34045.3031779159,70677.7867532984,35095.9862175366,50074.4424656805,73809.9447292460,12489.4507472798,15325.2244560572,47385.3977019718,82707.6253812253,60908.4419586525,43933.7982777797,22084.1429759492,30989.6300036367,102298.9070649336,23507.8081771179,62976.0858892562,25709.4318450077,38701.8317722224,114752.1842930888,30204.0141977346,56039.5068865157,8536.0286929695,87482.4345976202,44804.1147303153,64974.4799431096,40269.6383216810,30939.3961618027,42316.6649631616,96911.1079680342,44147.5618420688,34930.2930524343,58514.9546431204,43710.8487163307,62517.9538308027,52236.0620081236,56358.3595073750,47426.3054592546,106378.4553852120,57906.2891782378,51220.1472856110,100912.9707105149,51141.4251440103,56591.4790814001,76638.2913755405,117371.3550465481,45130.4756997233,41796.9311270347,67050.1294663708,37501.2466474351,1204.5214760112,75456.3290700284,63002.6393278930,38162.3498416461,12450.1987224378,47175.1640182587,52827.7926536655,102131.3260212221,54045.8751396502,63500.9821077356,62441.5158086297,41711.8120408017,86463.0841657972,39594.8738791580,70017.2514416622,20150.1649527506,80787.3955757335,97085.1796670860,73402.9192247499,89491.9623411079,93018.8992988127,14263.1517109854,71052.1354152066,37383.9770099713,99580.3780804866,79179.5835087187,50551.3521451729,26479.2520463811,70912.0237235237,18999.4410443854,62210.0756901583,35682.4488838357,44481.1023852718,61886.0742190591,62531.9217912509,56335.0890748762,57808.9758197696,24654.0732630716,57658.5703635702,100791.3498573507,91746.4464591114,80488.8975420230,35262.7717187419,92071.2411481145,48649.3661369023,62091.0847828236,37758.1528421377,48155.1319447131,38060.9405396644,49097.9936482286,55944.4829698275,50334.3697039863,54423.9699063495,51582.0013209584,94088.2398240488,25654.3944619450,33787.1474963510,77365.5752260600,40275.3629936121,52942.3770475939,24228.2667324733,28288.8446029132,47181.2920846215,54500.2597443877,68464.1260852338,30138.4241700087,63510.6780694335,35306.2392340056,57061.3501782283,66594.5098744193,16779.3856835036,18454.2642744039,68182.2534335288,29754.5537271597,43432.4075285256,41108.8489607307,37460.0109202201,56675.7335406015,42017.0992493824,64846.1724747142,42578.3318356435,32285.6337811417,11799.6831000693,43815.6412400473,44555.6309978454,19652.2127204770,57074.2142335890,49942.1829529677,9963.9320502588,70621.4745228822,37376.5828223157,44257.0883482670,48652.1786110582
540,12641.6583391335,137767.5179073157,99594.5098041395,73366.7374362736,73303.6024270970,62815.3431125901,127832.8710130574,56615.9669034714,38934.4159377142,95651.1880084526,47296.9507093158,114654.4744220725,36400.0228865945,90115.7868039186,70803.4371496049,122304.2309706251,24137.8658724819,60870.8420664699,112603.0912399985,50844.6776349581,106657.1996233595,89929.5892478174,76279.1301728668,64947.0056565133,74877.9824065034,15846.5310651578,52971.7533851309,20216.9447355791,77856.5878218681,68730.9313775231,56766.3798363020,125178.3671122584,21964.9078426632,39594.7967160363,35415.8988847482,84006.2224884707,62063.6207960224,91718.7695642136,45557.3358379346,108811.8973939071,122839.1011649040,40045.9590243074,70378.1953476970,71089.8692070655,62650.1622078650,124331.3561094452,10762.1908797591,26855.4991666608,99743.8149860658,52979.9022172199,112430.3892815836,115978.1034052544,50909.4158729017,46847.3188328949,86351.0162306571,84744.1127927924,64863.9582365798,62295.0900040059,42040.0466999173,82462.8374304223,32213.0234327333,67549.4597563453,88466.1813858288,15613.0776829025,30393.0623219766,65183.9620491777,99229.3389452071,76617.1977677495,57156.9271459540,2964.2940999060,47781.9050746966,115024.9548073754,30394.4225091850,80613.0792632266,23311.8526988429,54352.2022280320,128838.5301533572,16986.8610507457,71732.0466291927,14542.1562186129,102691.4811152890,54507.6866204632,78421.6125089615,44189.0587640423,44603.1211640254,31800.0013220400,113758.3393913942,59326.0606401055,51942.0634137494,76019.6989808319,60299.1499579124,79153.6391575063,65076.5438745873,59322.3193254752,60116.8494566668,120281.2111594832,56494.8115402309,66957.0286738487,117341.2573810826,57768.8980769371,70778.5900604430,94076.4114483616,132161.6940066726,62463.7634056160,39921.5379718903,83906.2848071191,55269.9280994917,15230.2677011849,91826.3747745417,80798.8913306096,31583.5917752658,22695.9472973942,34417.8743745580,69888.6997166646,116945.7288415199,54805.6086453126,75112.8421415910,79703.7528499573,48294.2515117948,102429.6742757386,53743.7688906466,87342.5951652306,16383.0438330523,95688.5759413162,110583.2812287869,88892.2721186564,106165.8407579855,107785.9190485530,8252.6489919711,88652.0388308210,47512.5362210321,115509.8372946772,93148.7238951584,59642.6006656111,10977.1560727219,84737.6278615572,29814.6561046746,78137.8888218901,20474.9948338648,55172.5025070467,68426.3906740205,80234.1744190790,74113.4879988505,74898.3760991900,38997.1998691979,68668.5918723396,117885.7509598929,105872.6438842153,97686.7190340733,24110.9443754688,107789.0967809135,65618.2071862056,70752.8342937374,51090.9326262601,62382.2420143577,54066.7243223781,51312.8749007576,65616.8834361727,68067.3226878247,70899.0298515957,65279.1123001632,111359.8232727217,18370.3914458516,48784.5717262739,69236.6840561800,56906.2574753059,65022.1942824006,27442.1509545824,36866.6244006496,58899.0097239759,59155.7928223809,83672.4886473887,47608.6639581541,80615.9509723469,40591.7257967141,72304.0483733056,79044.6381694063,7.2975425938,25436.1589852638,85757.3244801874,28617.8836122939,61186.4227621550,55430.5729827994,39504.6483965778,63183.1435454952,53161.3431778502,81307.0835716893,38459.2700376432,27515.3910797045,11069.1604993943,45822.2971305201,61921.3313537743,33033.3809311514,74483.4321343179,59545.2641111200,25207.9795621888,87143.2151687207,54153.3112065643,62014.3861959039,66374.3588396818
541,0,0,0,0,0,0,0,0,0,0,0,0,0,0,0,0,0,0,0,0,0,0,0,0,0,0,0,0,0,0,0,0,0,0,0,0,0,0,0,0,0,0,0,0,0,0,0,0,0,0,0,0,0,0,0,0,0,0,0,0,0,0,0,0,0,0,0,0,0,0,0,0,0,0,0,0,0,0,0,0,0,0,0,0,0,0,0,0,0,0,0,0,0,0,0,0,0,0,0,0,0,0,0,0,0,0,0,0,0,0,0,0,0,0,0,0,0,0,0,0,0,0,0,0,0,0,0,0,0,0,0,0,0,0,0,0,0,0,0,0,0,0,0,0,0,0,0,0,0,0,0,0,0,0,0,0,0,0,0,0,0,0,0,0,0,0,0,0,0,0,0,0,0,0,0,0,0,0,0,0,0,0,0,0,0,0,0,0,0,0,0,0,0,0,0,0,0,0,0,0
542,16608.2833853683,139162.0496683102,101599.3851766342,72398.8959782269,74271.6672434472,64491.0341011089,129671.2028513612,58523.6277069864,37210.8417535593,97248.3430360475,47323.7446145741,115723.9234088140,37748.2487972826,92022.7997562599,72797.2624926379,123929.5448351529,23497.1945535326,62363.8068051112,114000.2778041143,52783.6446679977,108450.2178131743,91218.7266718631,78032.4099057651,65390.4470456984,76856.1172767848,13921.9561888262,53886.4659231105,21171.1800383595,79363.1351633005,70624.0356108867,58770.4990006303,126448.8686638321,23852.7571826843,38938.1686913037,35912.3704049634,86010.8870031592,62032.4361826385,93502.3845788725,47259.4621343449,110475.6104339345,124586.4655999974,38777.1548714007,71649.4746289985,72983.0496999196,64389.3038738210,125796.8900235044,10454.8180696149,25319.8525766897,101158.3332594288,53420.9530782647,113971.1243310696,117825.2976126531,52193.7710210559,48629.9277612696,88333.7790697001,86396.2065083550,65640.1231962549,63384.6776889558,42960.7985402572,83607.0779571741,32068.8538154759,69552.2623410576,89938.1848959254,17492.0456666179,32080.5359864868,67144.0929885029,100937.2131470274,78574.3618495675,58999.6917928054,30.8136044548,49783.4153290991,116236.5914523617,31368.6907046247,82512.6640307889,23462.1139517153,55993.7628244033,130207.9922218533,15700.6616493976,73350.4746881233,16120.6003964747,104220.5117076291,56128.8079542191,79763.8333350942,44658.1517217827,46069.2001705829,30659.4149458351,115509.7942768089,61268.2018856255,53751.5542407161,78022.0501286650,62293.7786940956,81146.5063671191,66883.6202969775,59570.5867682746,61418.0164174875,121632.9327895108,56264.0694344113,68919.3206032140,119028.7203883321,58428.9389012063,72219.8773400714,95932.2358068845,133619.7644317214,64311.6767749747,39781.5315432928,85669.9538001897,57249.3519072702,17222.2182826066,93516.5006519309,82754.3100046499,30978.5447895222,24152.0291841592,32948.4903368982,71690.3290685498,118414.8965461560,54834.1064625235,76253.2736763803,81532.3584327969,49012.3393835230,104058.6983589042,55222.5109965009,89179.4975382783,16706.6193258863,97183.9456360946,111892.4717176141,90467.7746993341,107893.2465047380,109254.9433370127,9310.4049165650,90651.1881415288,48605.7051638040,117127.5076087720,94532.1624891716,60558.9515492464,9416.6914049976,86114.3616403797,31158.9448750410,79779.0540894017,18774.5363457082,56280.3863209873,69027.0029868272,82225.3688181324,76056.6537342696,76901.8696980392,40560.1477349868,69759.4591864559,119676.0292768600,107262.9611313276,99498.9856937291,22996.5171209985,109381.7454941997,67620.4236980556,71578.6558167615,52951.2149437822,64273.9217864914,56045.6444729678,51530.4805682869,66571.5316694160,70054.1273503584,72618.0994490090,66676.3778846651,113181.8159788655,18046.7999762399,50369.5976611787,68170.2081537650,58660.3423916374,66241.4888019122,28112.5369259216,37903.1389015552,60645.5709095207,59592.5194476741,85217.5552331423,49610.3394169076,82619.4552505278,41246.9486794985,74240.8447853005,80271.3053627929,574.8135215966,26537.2919743968,87642.2104604574,28764.0853129106,63120.8911562460,57335.4353897712,39821.3412445632,63802.6229895253,54885.3582349397,83016.1943965718,38066.6826127031,27231.7857898326,13061.5096241269,46063.8786825254,63925.6775801915,34555.7372071902,76339.0281084951,61142.8392181053,26960.5157550575,88857.1324893344,56153.4193435003,63996.6894669314,68298.0703027572
543,0,0,0,0,0,0,0,0,0,0,0,0,0,0,0,0,0,0,0,0,0,0,0,0,0,0,0,0,0,0,0,0,0,0,0,0,0,0,0,0,0,0,0,0,0,0,0,0,0,0,0,0,0,0,0,0,0,0,0,0,0,0,0,0,0,0,0,0,0,0,0,0,0,0,0,0,0,0,0,0,0,0,0,0,0,0,0,0,0,0,0,0,0,0,0,0,0,0,0,0,0,0,0,0,0,0,0,0,0,0,0,0,0,0,0,0,0,0,0,0,0,0,0,0,0,0,0,0,0,0,0,0,0,0,0,0,0,0,0,0,0,0,0,0,0,0,0,0,0,0,0,0,0,0,0,0,0,0,0,0,0,0,0,0,0,0,0,0,0,0,0,0,0,0,0,0,0,0,0,0,0,0,0,0,0,0,0,0,0,0,0,0,0,0,0,0,0,0,0,0
544,16611.1474062644,129456.6014810415,103328.7405750261,59342.3839403304,62174.7015831106,74092.1247844305,125161.3871009141,56508.6036519723,31408.5941072062,89712.2746134458,32519.3992283535,103923.6721915183,29412.3154156982,89270.6524717124,76415.0189055299,116490.9231884639,9726.1233340743,54314.6327805198,104440.2389025963,58870.8021023938,103345.6591062446,80985.7232509651,72720.0922753277,51274.4480680301,76554.6494964045,16550.3275168606,41782.0374779333,11977.6983541686,71115.7165844632,77318.1789929041,60869.2900465450,115864.3497166218,24306.1076986208,24894.4900392826,22303.6702937032,87722.4316075240,47180.6347433547,88411.9538365587,42179.8542269772,103579.9689849884,118673.7543488204,28053.3494900894,61511.9470261336,70241.2667997493,59176.4153748845,116753.9297300655,4748.5596103374,18422.0198091054,91833.1977311167,39368.0075764504,105706.4920657692,113561.9826437069,42591.1747273066,57376.3817485796,88058.4093967304,79617.2404299478,52694.9638726036,52131.6077192965,31180.6163553243,72449.6860362013,17197.6439527747,71114.2809770100,81227.3571435342,26833.4379645129,28021.5426043118,66352.7105282611,94684.2528755763,83640.5858649149,66732.1519077219,14441.2265919873,53373.0759176091,105298.6024935891,20605.8801666593,79731.9785521167,9105.9913235397,49759.5890581319,120340.6516390432,9132.3939370394,66389.1394715352,14761.6192095307,95914.9118808386,66321.6276408859,70061.3264094377,30780.4187440535,38336.6428810067,19401.1395409624,109721.4422603302,67063.5599121746,49982.4554427664,79347.5492637889,66082.3477594542,84687.6314291942,74986.2349259489,45036.1193435398,51699.8418081819,111668.0959080350,41421.6610383277,73982.3583342714,112359.3436592033,45073.8223295825,63474.1360872842,92047.7492244340,124472.3180506763,60865.7370677833,24910.1752735725,80384.4883451549,57509.5949919926,22038.0400116042,87116.0678100834,81480.3092462218,16854.3843482031,18711.0829027545,24394.1520120069,67251.1055446859,109446.0606504444,40022.5746089310,65146.8688478109,77358.6744804518,36028.7451706905,96811.9940675770,47241.0307832975,85034.0989142124,6132.3013520559,88616.9935697898,101658.7923418183,82773.6910369708,101834.3187990874,100345.1030776555,9747.9506412682,91412.3094156379,37716.8808710814,109648.5227225704,85004.2956929410,48350.2645321179,10555.7297782343,76615.9914099093,23419.3120231509,72969.0624567986,15640.2089038965,45282.6317892148,55372.1947396824,82509.7254862507,74520.6821709074,79495.8223763483,34179.4565567431,58420.1691298022,114434.7733183282,97690.4340255686,94797.5834506188,12364.2829012428,101687.1784391512,70598.7283629046,58802.5967359836,60546.6926011428,71100.3468782379,60804.7975524063,36967.1348204250,54486.2722368383,70320.5002817649,66929.0725407323,57643.6813893430,108510.2716556727,718.4373592657,43693.3349360459,55616.8160760596,53837.3424188014,55811.1908425109,15735.9365485452,27091.5270647083,69574.4512399024,45487.2636655719,77272.3162977122,51631.1407103364,85118.2510779600,28152.6423590133,79934.5515158841,69698.2321361453,13541.0216601548,17338.7013876324,84455.7262267073,14242.9598964513,61646.8319193090,64051.2717223977,25555.0929666849,50248.5414211401,64148.7733727883,77005.8578894492,23391.6715423585,12422.1140168511,21182.0987740290,31571.2532890297,65943.5076469792,28233.0987914265,72755.1419288238,71464.5862977229,24558.1821856997,82826.2405559692,59672.3905603993,64184.7120935197,66395.7296948788
545,0,0,0,0,0,0,0,0,0,0,0,0,0,0,0,0,0,0,0,0,0,0,0,0,0,0,0,0,0,0,0,0,0,0,0,0,0,0,0,0,0,0,0,0,0,0,0,0,0,0,0,0,0,0,0,0,0,0,0,0,0,0,0,0,0,0,0,0,0,0,0,0,0,0,0,0,0,0,0,0,0,0,0,0,0,0,0,0,0,0,0,0,0,0,0,0,0,0,0,0,0,0,0,0,0,0,0,0,0,0,0,0,0,0,0,0,0,0,0,0,0,0,0,0,0,0,0,0,0,0,0,0,0,0,0,0,0,0,0,0,0,0,0,0,0,0,0,0,0,0,0,0,0,0,0,0,0,0,0,0,0,0,0,0,0,0,0,0,0,0,0,0,0,0,0,0,0,0,0,0,0,0,0,0,0,0,0,0,0,0,0,0,0,0,0,0,0,0,0,0
546,9346.4678220877,139616.6347692140,102650.4327092291,71557.0416741831,74452.7509132941,65589.2152546927,130480.6522198750,59408.7099177059,36108.5975586167,97855.7065127025,46975.4904710001,115961.8061756239,38195.5284921017,92904.3522316600,73883.5037042676,124556.6077216850,22838.6036911035,62899.6068521375,114458.7478255109,53899.8680906862,109218.4926325757,91605.1871784142,78768.3962293989,65261.9539610756,77831.0203542259,12801.2440574431,54042.5514521738,21397.3838007560,79904.9244107212,71746.2695019836,59811.2031619461,126818.4590547720,24728.8968638344,38250.4754443635,35835.8024588631,87056.3526914812,61645.2115824852,94263.2839007125,47959.6678425932,111134.1364889491,125313.6373659606,37821.0541863821,72027.9561328302,73850.9703718677,65115.3965808237,126303.3280724461,10048.4201806207,24273.1772269602,101630.4807012399,53296.9929586401,114534.0110656159,118643.7999281534,52588.1925755719,49746.6769877691,89316.3058010554,87047.7913421009,65706.2744191653,63646.3962156220,43128.2206274626,83898.4472556731,31646.3830060637,70585.1102138314,90453.0680005226,18614.4487274090,32777.6667546174,68092.1862856055,101632.5544285129,79685.4242477389,60121.6870182537,22.3710353693,50855.6384316522,116567.5406765125,31582.8370118413,83386.6755023827,23216.9738290041,56642.9794698889,130645.5462358880,14762.1581179106,73977.6301487661,16766.3058531876,104775.5523653377,57215.3270759842,80188.7726803718,44556.5067388960,46592.2823649802,29760.2639534778,116240.9883934253,62383.7277046885,54541.0873202292,79052.6712720412,63378.9561186825,82233.9672074084,68002.8194337783,59335.2864460475,61819.8751405882,122058.7935049614,55775.8225048433,70028.3461234483,119705.9320654267,58429.0493507684,72715.9357483488,96760.3283218860,134120.2299517210,65135.0454890627,39351.6337506172,86414.0398236045,58227.4953158283,18231.2555762756,94197.9128375109,83695.0259266417,30324.0998219750,24691.1940966950,31920.7623588599,72469.6419917014,118924.5638520504,54481.9971920817,76543.8703514383,82335.3902268455,49052.3998574443,104690.1827013344,55750.4385785707,89989.7253976099,16587.7101966609,97714.8964396004,112289.8818329730,91059.3627239632,108604.3959695765,109765.3442244818,9690.2218196194,91670.1312994012,48876.9905062580,117749.0394074177,94983.2428688669,60712.7465371161,8385.2638842181,86562.0688315100,31610.8361551763,80422.9042800863,17681.7939197217,56556.8721251901,68987.7501865540,83224.5438185399,76981.6780372697,77966.8104536237,41156.6004097866,70019.8106321902,120441.2249350065,107717.2803453682,100285.3804470127,22117.4036294852,109984.4723988187,68690.3402047047,71672.7719950902,54073.8570713538,65396.2104369533,57145.7755698177,51282.7470372915,66746.7119389778,71044.8119249085,73325.9788223594,67142.7496978338,113976.4571562932,17568.1619766367,50977.5080653951,67287.5204652796,59400.2689055782,66586.8109585638,28150.1204288652,38147.4303733725,61756.9325813991,59462.7647216955,85786.9174912827,50639.1021525216,83684.3016047204,41256.3481464228,75357.6837625319,80617.7804444154,1703.2637060300,26839.3959642011,88500.2723780787,28503.3088523599,64036.1702178457,58456.8306570575,39638.2888980030,63776.4345176936,55993.1462728848,83714.3756871032,37509.0918221033,26745.3045178512,14149.9138989105,45833.2745449981,64968.0844593523,35127.2549627879,77168.4301243737,62223.3812277731,27714.3418094327,89558.6306840587,57229.0762988900,64979.3747689880,69200.1564842749
547,14269.9962888379,131060.4286135470,102744.8779411457,61711.7445904028,64216.9376918287,72132.0489946635,125753.0424576667,56476.9127100711,32140.0360625382,90847.2326627311,35193.6868334779,105939.2545718767,30459.6628649635,89481.2287312673,75444.9276688244,117637.8745037380,12088.8294766119,55469.1607197611,105997.3289617090,57427.5746842182,104025.9212322926,82655.3696323621,73382.3199728548,53771.1120435124,76281.1650843916,15147.8521111658,43784.3683473523,12780.0352013681,72359.9138831967,75830.9788125084,60110.1087867098,117637.0183664468,23425.3796291184,27424.1881642483,24616.5280110873,87113.7015738625,49872.5081813604,89065.9448298210,42654.6248080096,104607.3298926350,119526.8811489352,29824.1405354531,63128.1967979356,70401.9157639347,59774.4725058507,118217.5055323973,1137.4773388834,19117.1510443385,93330.0106884190,41839.2765483575,107005.7690330266,114094.7225669786,44027.5120540293,55507.1974197494,87808.2472587681,80584.3480208689,54915.4122702937,53968.0847614585,33061.1877881710,74302.3500816947,19899.7979091002,70488.6346413762,82584.9278873726,24662.2540260720,28112.3797120452,66135.9858776630,95574.2209448314,82439.6181343202,65050.1767092426,11809.2829413517,52318.9707777513,107136.6704450135,22124.2469470957,79926.7372759226,11582.4301848302,50518.9059780339,121971.4071981082,9066.0928908153,67360.8369898351,13769.4935372253,97211.4858700189,64255.9384086790,71603.4787355265,33193.2652455163,39336.6777971951,21201.3048779370,110541.1170832771,65697.5531157179,50250.8673794217,78787.9455642038,65050.9211137606,83750.7988138561,73264.8437553404,47635.9536756155,53198.9963542059,113312.5946724399,44125.3218757134,72758.9561800887,113352.3689922411,47379.9107292110,64802.5355030630,92477.4411004672,125962.1065461972,61126.3146371662,27612.9917239058,81060.0912250203,57062.5735159031,20360.2724801759,88022.6433175021,81398.3525175898,19380.0154820293,18851.1224791192,25621.9663507346,67727.0748415399,110888.9428881434,42700.0819830312,66977.7061399936,77812.3844119354,38225.7817338375,97899.7345264515,48350.2484408702,85499.9398535952,7830.4476133933,89956.4975151012,103350.0459274368,83928.9526600604,102696.5861565159,101767.5482900436,7883.7190825222,90981.2287550541,39419.8757062053,110796.8240034710,86533.9169783658,50393.5320639788,8713.5067208928,78127.2522734125,24233.5152275333,73927.6706269588,15322.8342280740,47041.9505361918,57761.0332392462,82145.2881236812,74468.5807198966,78712.0491819263,34849.8699129376,60289.4768297920,115154.7044210936,99243.7262497464,95387.8597213091,13815.5865781621,102869.2918110029,69722.4177987820,60992.2456361394,58867.5483818133,69576.4378201548,59588.8134782123,39571.4531164667,56513.6894141800,69924.6841906180,67648.6704351486,59015.7229282833,109114.4781948371,5792.3631640934,44507.6729966192,57881.1387307025,54334.2482863171,57476.5654433400,17628.6902007056,28702.6544095069,67710.3610537913,47977.3194777997,78467.9528468552,50837.5819586145,84364.5585795392,30351.1035372475,78619.6151844759,71422.7223666101,10883.6262368193,18368.9488673998,84738.0694390354,16807.3981861798,61537.6866241493,62524.7657952972,28064.8932997234,52608.7415560809,62219.9605196411,77815.5791301251,26063.2021676898,15117.3633721197,19035.2559688389,34152.5251874883,65219.1779105344,28811.6136849423,73083.4779869326,69388.8476102311,24232.1260420426,83652.3915797163,58661.5976708567,63780.6594274165,66385.3242395351
548,13081.4354118288,132364.8780169908,102754.4992102109,63056.5736177861,65747.5133268227,71171.4491587463,126491.6698963489,56871.3275465372,32381.6018375293,91906.9206164175,36928.4607573396,107450.8532869446,31529.0746079551,90001.4484524132,75207.8022161243,118697.6372308899,13510.3372011318,56557.7830130616,107280.8903248330,56869.7560205332,104822.1679031442,84001.8439398461,74180.8845792111,55480.3878439446,76505.4454959988,14131.4594387333,45304.9873078147,13843.3539132825,73486.6131081306,75227.4589741669,60028.9863088051,119029.4046901293,23358.2683593117,28923.3056791436,26274.4918884293,87113.5206798107,51600.4814350208,89851.9926006075,43375.7959818234,105602.9586460651,120419.7062565749,30763.2851407451,64454.3833105005,70902.4626741582,60545.6210239552,119449.7345270452,0.0000000000,19414.1228606093,94584.5696185975,43542.3252295014,108151.5362253328,114801.0568650852,45275.7202162136,54628.7020195640,88040.9288487355,81554.0362940312,56525.1484672934,55406.8627291976,34536.3766747749,75741.6365362408,21616.8045905082,70487.5054433737,83768.6370349613,23583.2444804377,28647.0676916329,66404.1172582016,96494.4578192652,82037.8757974648,64308.5848102951,15032.6957760965,52044.9242994331,108562.8574791439,23456.9161151126,80442.0806913212,13300.0427514026,51392.6990046052,123290.9096770798,9099.0068360755,68340.0187677285,13733.5692004037,98358.0375698235,63214.3507655184,72888.2311492023,34880.0441009894,40360.8744274736,22194.2537520237,111416.6988841766,65188.6740216965,50837.2699704396,78824.7981353900,64779.1526343691,83531.6663242345,72488.4835344656,49369.3506824018,54471.2923409218,114640.3452872600,45818.4942363655,72346.9708136250,114326.5151145241,49025.2418489078,65978.3107520524,93129.1643335755,127207.1720755290,61695.4912572051,29328.2975064710,81862.3263417143,57191.5422463433,19721.9820400509,88954.9979311161,81741.0992712394,20887.6798019824,19476.3690859814,26215.5695032721,68419.8634490701,112111.3492096108,44434.1405232599,68408.5728957261,78485.4430987651,39831.8375395508,98931.0401059814,49421.1421068994,86176.3036574548,7267.8317932357,91128.2200629263,104703.2473985628,85002.2321404898,103598.7921498526,102980.8164789279,6081.5269153483,91095.7239630260,40805.3692914902,111858.7152653536,87807.3692782770,51929.0709552247,8558.5177075335,79393.6490592930,25201.2806810218,74895.7540490577,15018.6457305439,48447.9148159367,59434.9583052845,82307.4935857281,74834.3439134341,78599.6417910772,35700.6113132478,61741.1299163827,115971.1997771707,100526.5734787321,96134.0191654279,14654.3940009109,103951.7293299890,69553.4403789639,62587.8648280486,58132.7915825846,68949.7126832858,59192.6083895787,41305.7050407936,58039.8713522353,70074.6736328503,68484.1755158300,60218.0511035216,109864.5278903348,7620.3041042666,45420.6630501208,59143.5952809022,55051.6236043682,58830.1917008049,19141.8331870743,30060.3756353534,66827.4332206605,49685.1703279507,79565.5322608854,50744.6085404894,84269.1890726015,31962.6629358533,78139.0492938859,72799.9882823744,9317.0208236425,19484.8230944510,85304.2995603317,18537.7525976616,61878.1548120068,61901.1914265659,29780.9732546709,54273.1146941351,61289.5089520020,78697.0165464498,27701.3990391724,16794.8003034841,18003.6073246765,35883.3772034494,65156.5755782952,29629.1473581999,73684.1929582231,68336.5610935741,24528.5636453970,84540.5390268526,58410.1887071890,63930.5451006952,66783.2292981092
549,13569.5017960322,131866.4123430117,102783.9231513045,62493.3137157564,65151.6854039756,71582.7114696260,126227.2839342692,56743.3839670057,32237.6031250624,91509.8729285811,36232.7985910554,106863.7752362834,31123.1663666484,89824.8679196414,75334.3543465511,118301.1291372941,12911.8683816907,56147.2298660376,106790.9222701820,57121.9790006008,104533.7516177036,83484.9783208034,73890.3759932394,54803.3568904176,76447.5895214411,14491.4228504494,44712.8585558166,13430.1819817107,73061.2271481687,75499.0749399589,60092.1647294423,118493.5868252934,23406.4089568418,28302.1736911683,25621.2822239665,87146.2317115628,50905.6986759155,89567.2814177523,43113.9171873421,105232.6979593283,120092.0565798405,30348.5016333326,63945.5036453341,70732.8454878652,60265.4005456736,118981.4620859481,1.6228490199,19240.9586959160,94106.5487718668,42868.3454811413,107719.1636521644,114549.6052729476,44798.2708874254,55006.8422329504,87980.3078413382,81193.7560677556,55894.4344096251,54850.1074740696,33962.9460536302,75185.2393184606,20924.3465991233,70519.6148017376,83319.9306209258,24034.3661046823,28456.6961056545,66327.9192060641,96154.9961805887,82230.1489291125,64633.8228825882,10766.0874359627,52184.0776452943,108012.5303969270,22941.0548048576,80267.0348304369,12618.1571319515,51069.7850331641,122786.0066818720,9009.1390093788,67975.2344750346,13758.3676262445,97925.1460177392,63656.6598872110,72397.0188145901,34213.8148198518,39975.1090682095,21756.0159374661,111095.9450560426,65422.2837427641,50631.0665481257,78842.2561536781,64918.7259089903,83651.5307327850,72827.8653572287,48678.7856007726,53984.4879382958,114131.8656286277,45132.9066486078,72542.7464856306,113965.2917820761,48378.4181847983,65532.2550330849,92899.3241545099,126733.6151819917,61497.3941928914,28636.3546314280,81570.6859947920,57170.3596214625,19995.8286751977,88610.3264250324,81635.8530863566,20262.3508138075,19244.1914863165,25931.4166302326,68172.1102206222,111647.0846800804,43738.5037371654,67855.5930107990,78246.2964640211,39202.3432224722,98545.9011527064,49017.3031919281,85936.1671087890,9407.7979306236,90684.6950841956,104183.8886085040,84599.3616058273,103266.9257695816,102520.2214004408,6758.2717614461,91082.6970521754,40270.2719417093,111461.2066534939,87321.2902518858,51330.7525058408,7938.6946639955,78910.3153302895,24834.7161349253,74535.8556168076,15080.7640956302,47904.7260945904,58775.0806886089,82274.9026233442,74719.4223515291,78676.7234645291,35384.6834494944,61179.1118747290,115674.7625189604,100036.7993869886,95865.8090972383,14267.5969033100,103545.5577621849,69652.4794118924,61963.5131756943,58454.8628459763,69230.0914178459,59381.0868838326,40614.5229188843,57445.7718919470,70046.2205054925,68178.2583708016,59760.6838526709,109595.1188361356,6945.8087317636,45081.0525617929,58610.6980666499,54792.7831441096,58309.5558829209,18550.0690840772,29535.6086663105,67208.1858117746,49008.8335307226,79152.4293146519,50811.4194301376,84339.7821500092,31330.4010046406,78362.3046813177,72269.8537746971,9952.7447726984,19055.5282333123,85108.8663739538,17849.0775376489,61772.4490253834,62179.8153935686,29100.2798598908,53617.6384127290,61688.4622184836,78372.8380248402,27032.7613849452,16113.1550119732,18433.1229081840,35194.4738234962,65212.8318620267,29325.0301933400,73474.1694077494,68783.2843619697,24431.8417508706,84213.8510039251,58541.0723186939,63901.6388033868,66654.7826846924
550,10111.4573187271,136589.4769773182,102767.5037326898,67750.2210309409,70763.1450382344,68023.7349540994,128861.8916984430,58305.2086237843,34018.7912775704,95369.3465682224,42660.8287998676,112374.7463142288,35275.6700563717,91717.1303936419,74480.6293760490,122127.7026954793,18672.3883590222,60198.4984538390,111453.7132701833,55156.1855149162,107408.6640351984,88402.7705074122,76839.9296037887,61091.0802297377,77294.7356106454,12238.6664550960,50321.1603155555,17972.7873065098,77198.8726988499,73275.1706194081,59890.8759755695,123552.1149980509,23821.5903299880,34122.4550689538,31747.4005685979,87131.6098094706,57323.0738798238,92431.8442183817,45946.2898216442,108838.0001851735,123301.6243052747,34472.7091648426,68820.8691059928,72611.6072729953,63166.5869273361,123444.5629481283,7274.1097125019,21588.5531917144,98675.2164131791,49135.7531400291,111873.2015629705,117079.6951681415,49458.2228019088,51831.8925169597,88822.0348742381,84744.8595445715,61804.7860626146,60146.8961940185,39449.2624068622,80452.0371926837,27323.4203367511,70560.4091897472,87644.5756339545,20464.0191279711,30842.7368837708,67377.7351777874,99497.4312453223,80739.3330040606,61931.9607895545,4258.7643673373,51320.5499099583,113203.2509862507,28047.8672218037,82167.1973424239,18967.5458096169,54384.0284758921,127570.4180809278,11475.5253362606,71594.7670802905,14897.6926932096,102093.2699627452,59816.0848866238,77106.8171858705,40426.5255419845,43889.8835360212,26182.9895828171,114252.8091905474,63595.3661301394,52925.2367954235,78990.7359148648,63982.1184413031,82836.0958682843,69962.2458313919,55072.8936838194,58693.6002044344,118952.5764239510,51466.8081844945,71047.8434915446,117481.0701119238,54426.2783841214,69864.6145579800,95265.9694516136,131238.8234348242,63665.4187979698,35029.2320589778,84512.5086832064,57761.5998712885,18411.0968844083,92010.4256473189,82900.3073692444,26149.8471093207,22204.6237556889,29027.2723104476,70758.1767066873,116079.8443685497,50165.8382758879,73101.3059691247,80727.3000162234,45121.5869842696,102291.0499520658,53037.6215009893,88408.6817614143,12507.9152407347,94954.5318813897,109106.2659920146,88520.0923831755,106532.2860993329,106928.0200120101,8385.7320116663,91480.7383625775,45424.3334435662,115302.6165081951,91967.3760775400,56978.9227954070,5819.2092840598,83542.6466757736,28746.0907980781,78096.9708781888,15643.5876476883,53102.8925453920,64922.9731207987,82874.0576956321,76091.3998834506,78273.7245179534,38746.2652155020,66510.1921125187,118608.5590956800,104703.1326380042,98572.0465213537,18492.0497579414,107471.5701409619,69075.5567627656,67816.4685836041,55809.8324994256,66942.5824390486,58010.0243707906,47013.8145542855,63050.9469928109,70645.8722966445,71279.6938139641,64203.8615274499,112292.8739432638,13251.7878008136,48571.3672944373,63609.1871464288,57529.0803511534,63295.4618200880,24260.4625070801,34657.8607931764,63959.1836138457,55292.5751334304,83171.7974988178,50632.6504113435,83981.2876200202,37285.8371333915,76589.5103039958,77314.8079102473,2752.1207686760,23561.8327976161,87181.3061289212,24235.9981941779,63109.2797097493,59936.6220224566,35425.3453011699,59732.1242805018,58280.8123883798,81610.3499854652,33236.1186428194,22433.4396207767,15303.8675543085,41577.7924702747,65051.5533910624,32657.6352236029,75707.2445110789,64884.5257644018,26100.2395248678,87461.9775886106,57716.7873145737,64530.2562785805,68176.8692997281
551,11406.7792932524,137275.5685732580,98984.6345957239,73584.9040259101,72931.0911044838,62364.2306459034,127235.2304197621,56006.1907632329,39416.0245059294,95108.5850114802,47208.0377887303,114250.9261636321,35927.6675004103,89505.8862895088,70207.5389075000,121754.2715075975,24271.8343518104,60356.1273534757,112110.9957144831,50281.5152962526,106068.9930778669,89467.0183258741,75700.0407430040,64728.0891606177,74260.3098469743,16411.3869899961,52617.4165247130,19868.6820231849,77337.3643944486,68189.2022116050,56154.0256504537,124719.5497558174,21359.8437204818,39721.4969896142,35190.5135552475,83394.9807240445,61988.3945911272,91132.7381304121,44991.3912073367,108252.9329397288,122260.6962149273,40370.1806984118,69921.6978111553,70482.3871252537,62074.6541473844,123821.2713576161,10833.9801704759,27274.9778593466,99247.5665264022,52764.2429630364,111901.4461727541,115378.7880923445,50451.5549349316,46354.7544522909,85733.3504790164,84188.4074911434,64547.4626043774,61889.6074661479,41686.8073586258,82040.2414416806,32184.5529668305,66935.7192183755,87955.4004331147,15085.5695933058,29832.5155075705,64567.2567866355,98660.1733306079,76043.9541686728,56638.0416306790,4110.5290599174,47179.0108735540,114582.3341888625,30030.8414345029,80004.4423484148,23202.5590138055,53800.3317411045,128353.3233153436,17335.0617694109,71184.9593836840,14018.2966314933,102165.7023829088,54078.4961831895,77945.4276643172,43967.7849372942,44097.2195255486,32085.8895386731,113179.1082970311,58761.0104423824,51351.3097092164,75405.6326133481,59702.6830907579,78558.4389468457,64572.4080024181,59162.8648432212,59653.2050202844,119800.8781903444,56482.2849948682,66381.1257878152,116776.5848154233,57487.4449996224,70276.6566950715,93475.5676962672,131653.3826592636,61864.8200862297,39886.9355131088,83324.7320606210,54652.2446712441,14613.0423572808,91261.4718357484,80182.5821360628,31698.9358253206,22199.4764863354,34811.4241108226,69299.1522717786,116434.8625046342,54713.8582893835,74691.8604682084,79108.4260656385,47998.0534118082,101879.1394222038,53233.3924450090,86745.5102147125,16234.7951687435,95171.5457071008,110114.5207498201,88355.2133122150,105592.0999266802,107275.3051035525,7912.7574271187,88036.4562159664,47108.5417088011,114961.8291827273,92660.8746211553,59286.5759027144,11425.3931436724,84251.9208264077,29345.6632331762,77585.0150817350,20954.8699989983,54762.9169232796,68160.5237422159,79616.9947896318,73498.5108580935,74292.6562717373,38466.7978592848,68262.0082903400,117298.0352880099,105382.5411589945,97094.5518836421,24394.5245955079,107247.3407369341,65014.3507389443,70421.2160287873,50564.7506822374,61841.3753948607,53481.2925468375,51164.7040559377,65249.0682565148,67449.7917224727,70327.8824551391,64789.1760589047,110765.5474646565,18416.2115387791,48247.2791456205,69487.7250484803,56327.5538969166,64580.3949112523,27170.5205719719,36481.8930904396,58420.1117598017,58939.9757215967,83143.2321316800,46994.1689435734,80010.2022719560,40316.6209263842,71741.4148668424,78599.6387441637,304.6137260931,25039.0611792283,85151.1814125485,28503.5264663361,60572.5983833047,54883.8675173041,39331.0738327998,62912.5737499576,52692.0164224783,80737.9737806318,38503.6977397175,27534.2772615023,10476.9679767631,45668.6982839428,61309.3533479247,32514.8226842871,73882.8127509136,59124.4910203498,24632.5113003637,86572.8664230921,53551.9293304728,61396.7104138486,65762.0133424571
552,10213.9982334046,139342.2121104769,103511.6302847486,70064.5501933342,73825.0101432627,66975.4826400176,130785.7905726780,59876.6095930645,34738.2266226677,97817.6590583770,45794.6607691562,115396.9968584173,37946.0945424959,93355.8336696705,74869.4110904290,124546.0230649451,21435.0203095361,62761.2777129792,114192.8449612550,55042.7485978319,109450.2242298970,91241.6028651902,78948.8591162762,64285.7348970245,78491.1933722205,11662.5940720298,53392.6495780978,20885.3790477338,79769.3657176342,72958.1424421186,60648.4292112376,126426.0969565648,25214.3046190877,36823.4556146333,34931.8145777026,87902.3027468296,60426.0590828862,94484.2394527522,48092.9702474197,111176.5577287657,125470.4511114691,36319.6884994646,71658.8145945635,74279.0935343490,65283.2940798385,126106.1114385502,8890.7209285499,22812.3569322564,101386.4404482718,52329.9976894599,114423.6831170174,118967.3299711286,52250.6262663763,51065.9735814990,89992.8559422643,87083.3357037743,64943.6656334906,63124.6360147828,42500.2360096453,83408.5591312312,30410.4618325209,71397.0584294745,90274.2738036020,19846.1283110287,32922.9680307558,68692.3126030767,101737.9909623105,80789.0656892757,61390.1610771951,3.3983029957,51795.0940786682,116124.1146251405,31028.3092440095,83824.6835884593,22156.7836805758,56685.8737182486,130347.6549136092,13258.8986167291,73977.2534221765,16879.9133162010,104654.6811778006,58626.1217274246,79881.9014921437,43617.9468143765,46445.1964222582,28258.4780484178,116405.9115183646,63519.8551445977,54827.0137441412,79856.6900406654,64362.4935137734,83223.6263075848,69303.6415112261,58254.3046774184,61487.4189844605,121745.3009318919,54476.7578322409,71120.7908162057,119778.1935266969,57593.9624120063,72514.2255386409,97105.2818097624,133913.2992237036,65479.1317410626,38104.4438090258,86606.7749724689,58900.9568317428,19024.4320814540,94281.2734138799,84274.7739676400,28918.7357186002,24604.0176442031,30445.2389079878,72729.2802220858,118733.0634041193,53295.0170584800,76055.0193091238,82635.9301674814,48267.7246356121,104689.5163789056,55604.0396913393,90302.0282237603,15683.6905274927,97558.6861742207,111937.7887260827,90997.8274139232,108735.6714093343,109576.2423825248,9492.5942359885,92439.9463889638,48376.1320294415,117730.4183381677,94710.0321737928,60056.6166027244,8300.6010730826,86285.9214141424,31378.2829694544,80447.5470759493,16289.5957661386,56057.8202829046,68105.2526463685,83943.6931641992,77528.1978775831,78875.4609209374,41127.3283511790,69493.7451106644,120665.9411854858,107446.4132323213,100551.4956683169,20618.9397591850,109937.0018084898,69617.3552407023,70940.8749355960,55324.4714205591,66610.0774616506,58194.1138044328,50192.8082879339,66114.3164863031,71745.0754931775,73459.5094457454,66899.7401881310,114255.7740094277,16305.2403492598,50957.6464096661,65787.1562789633,59594.8446599534,66174.4521334819,27386.4869698867,37621.8599665333,63102.1247274700,58487.1926247609,85692.0114219671,51445.5933480868,84591.8291709751,40442.5472174576,76502.7924018643,80202.2089946355,2565.3615602266,26409.7825387978,88905.2327590951,27418.3586236801,64565.4029780421,59653.3676004863,38618.8769826755,62909.9849356847,57352.0374481823,83828.3862384172,36164.5020293086,25461.2448607504,15186.8240443633,44762.5212240990,65808.9347351508,35066.9342369123,77520.1463421713,63644.1663136552,27966.4594778038,89676.8879061651,58178.6785399337,65661.5795846888,69699.7315205409
553,0,0,0,0,0,0,0,0,0,0,0,0,0,0,0,0,0,0,0,0,0,0,0,0,0,0,0,0,0,0,0,0,0,0,0,0,0,0,0,0,0,0,0,0,0,0,0,0,0,0,0,0,0,0,0,0,0,0,0,0,0,0,0,0,0,0,0,0,0,0,0,0,0,0,0,0,0,0,0,0,0,0,0,0,0,0,0,0,0,0,0,0,0,0,0,0,0,0,0,0,0,0,0,0,0,0,0,0,0,0,0,0,0,0,0,0,0,0,0,0,0,0,0,0,0,0,0,0,0,0,0,0,0,0,0,0,0,0,0,0,0,0,0,0,0,0,0,0,0,0,0,0,0,0,0,0,0,0,0,0,0,0,0,0,0,0,0,0,0,0,0,0,0,0,0,0,0,0,0,0,0,0,0,0,0,0,0,0,0,0,0,0,0,0,0,0,0,0,0,0
554,0,0,0,0,0,0,0,0,0,0,0,0,0,0,0,0,0,0,0,0,0,0,0,0,0,0,0,0,0,0,0,0,0,0,0,0,0,0,0,0,0,0,0,0,0,0,0,0,0,0,0,0,0,0,0,0,0,0,0,0,0,0,0,0,0,0,0,0,0,0,0,0,0,0,0,0,0,0,0,0,0,0,0,0,0,0,0,0,0,0,0,0,0,0,0,0,0,0,0,0,0,0,0,0,0,0,0,0,0,0,0,0,0,0,0,0,0,0,0,0,0,0,0,0,0,0,0,0,0,0,0,0,0,0,0,0,0,0,0,0,0,0,0,0,0,0,0,0,0,0,0,0,0,0,0,0,0,0,0,0,0,0,0,0,0,0,0,0,0,0,0,0,0,0,0,0,0,0,0,0,0,0,0,0,0,0,0,0,0,0,0,0,0,0,0,0,0,0,0,0
555,0,0,0,0,0,0,0,0,0,0,0,0,0,0,0,0,0,0,0,0,0,0,0,0,0,0,0,0,0,0,0,0,0,0,0,0,0,0,0,0,0,0,0,0,0,0,0,0,0,0,0,0,0,0,0,0,0,0,0,0,0,0,0,0,0,0,0,0,0,0,0,0,0,0,0,0,0,0,0,0,0,0,0,0,0,0,0,0,0,0,0,0,0,0,0,0,0,0,0,0,0,0,0,0,0,0,0,0,0,0,0,0,0,0,0,0,0,0,0,0,0,0,0,0,0,0,0,0,0,0,0,0,0,0,0,0,0,0,0,0,0,0,0,0,0,0,0,0,0,0,0,0,0,0,0,0,0,0,0,0,0,0,0,0,0,0,0,0,0,0,0,0,0,0,0,0,0,0,0,0,0,0,0,0,0,0,0,0,0,0,0,0,0,0,0,0,0,0,0,0
556,0,0,0,0,0,0,0,0,0,0,0,0,0,0,0,0,0,0,0,0,0,0,0,0,0,0,0,0,0,0,0,0,0,0,0,0,0,0,0,0,0,0,0,0,0,0,0,0,0,0,0,0,0,0,0,0,0,0,0,0,0,0,0,0,0,0,0,0,0,0,0,0,0,0,0,0,0,0,0,0,0,0,0,0,0,0,0,0,0,0,0,0,0,0,0,0,0,0,0,0,0,0,0,0,0,0,0,0,0,0,0,0,0,0,0,0,0,0,0,0,0,0,0,0,0,0,0,0,0,0,0,0,0,0,0,0,0,0,0,0,0,0,0,0,0,0,0,0,0,0,0,0,0,0,0,0,0,0,0,0,0,0,0,0,0,0,0,0,0,0,0,0,0,0,0,0,0,0,0,0,0,0,0,0,0,0,0,0,0,0,0,0,0,0,0,0,0,0,0,0
557,16662.8549077768,123047.9983906847,97437.9126694129,61269.3294355874,56499.9509552861,71293.9993589974,118351.9391314525,50069.3400640196,37501.0687238772,82952.2261814710,30251.2851799171,98163.9052661689,22607.0629735233,82620.2195248037,71172.4154863629,109737.7667913617,13384.8020419642,47557.6335081283,97981.5470431797,54690.8020687142,96523.2498866137,74657.9798966602,65902.2506364887,47234.3045884084,70320.6590143283,23110.9277398508,36051.8545842386,3941.2411670479,64406.5606356385,73155.7317400155,55320.8760281801,109673.1293611632,19410.2419148310,26448.3886597039,17705.6499999033,81885.0008078525,45070.8336245774,81593.9024271235,35428.5686418318,96783.9745000111,111847.7505230530,32451.4890888728,55121.1028214301,63633.9763982264,52373.8372273498,110205.4783086793,9356.6424916314,24698.7402418164,85314.6150418255,35267.8499245680,99033.3983837745,106767.0224964796,36014.7461149585,54384.7488552957,81786.2057485924,72805.2563009890,47511.0880272976,46060.1670541182,25226.1491166224,66393.6064921647,16310.5410251978,65332.3366642365,74592.2036360619,25485.8908069191,21586.0888668888,60074.4544166524,87861.1369212650,78819.2782659061,63123.8459979960,18668.7657029141,48383.5712299181,99209.4078962749,14115.4673236581,73096.0043460334,10391.6764459939,42933.2772989563,113963.0653276638,15937.6100102981,59576.8135805615,10788.2853687372,89239.4818265562,63936.2179493132,63587.5707334421,26476.4134694164,31524.5404393880,23977.9128274030,102893.4066304286,62657.2718133744,43327.9508242691,73456.5726785180,60985.9339169554,79366.4627709744,71448.5600978537,41744.4261965172,45182.7744953899,105307.1155864074,40264.3854320550,69236.6221372347,105554.9719949499,40205.3114913975,56816.4225992502,85289.0897214241,117947.6255391721,54203.5071140914,23640.3238363232,73563.9811176225,51522.0050830778,19234.9097065605,80294.6439733061,75052.3966739914,18872.2730254311,12363.4182261920,29922.7954886452,60482.5035853020,102879.5198268245,37690.3693514088,59057.6057592238,70594.7764768170,30839.0361165317,90034.5187203506,40463.7978894841,78263.8249413690,707.0500476020,81969.5595967879,95356.7603637480,76021.5914390756,95008.7106330988,93761.1933593070,9909.5266374360,85339.6797987306,31448.9853747827,102895.5555713465,78517.6188201570,42699.1496925559,16728.1833681623,70111.0917063125,16595.5261636687,66154.8831634900,22454.0719396185,39091.9627962857,50788.8355369242,76369.2818863029,68073.4516023278,73932.6811157053,27372.0710798775,52400.7522231388,107608.3605495559,91227.8571032859,87990.6405074486,17943.4647887504,94948.9633939599,65209.8795571654,53512.5577780823,56967.6931219323,67053.6694216839,56100.0503344974,33799.0451544383,48787.9336968336,64236.7062809873,60104.5713700311,51016.7058992431,101699.3542283367,7674.5462646617,36864.8389492358,58058.9439819827,47067.5723917615,49482.4415257167,9955.9009460091,20708.7894704238,66487.7253936399,41443.7610785816,70538.3771425254,46181.9339815424,79497.0158712807,23031.6272554345,75364.9239197462,63445.4892497974,15849.5802656161,10517.5956031954,77766.7330137076,11576.7112117278,55269.4746146856,60046.1081347949,21887.4707594458,45565.8633162917,61301.5045111042,70177.2594320488,23590.3689206997,12996.6989443517,20031.8108736823,28289.1717485286,60322.7909155462,21462.8081917877,66047.7207593263,69086.9245878355,18681.6355519862,75998.1000115589,54565.2465944443,58124.2401731190,59922.2985746941
558,10977.1289754490,136459.2240292284,98863.0689584586,72778.5961307345,71980.9640333838,62831.3785003375,126715.2051277218,55575.6803684056,39044.0252684684,94393.6438151663,46203.3482904400,113326.2866748773,35082.5449124005,89074.0066557694,70197.4137327349,121057.7126831143,23393.5242774587,59581.0707695749,111295.0053974722,50434.3909940414,105502.2355975937,88607.6048102224,75096.5158077270,63714.9907993041,73974.5171234851,16316.7475385642,51654.5778043471,18901.0469859419,76570.8194312715,68416.6590047865,56008.6736834077,123855.0904284049,20900.8348759897,38832.5401445790,34178.0564883714,83259.6710633198,60987.0141662424,90556.8265842720,44343.9839364191,107581.5508046837,121653.3263427979,39702.3316138113,69054.4468859546,70030.3839124739,61458.4735083565,123036.5459518879,9919.4682989534,26774.7608812256,98438.5375899721,51750.6742611108,111154.7168390092,114868.6597382008,49586.2436247047,46728.8973341242,85461.7872555843,83508.1798672652,63563.4584268012,60966.6696676823,40723.1143922745,81133.9665984447,31200.8372494158,66770.2265342260,87172.2984315716,15390.5489145920,29170.6419922260,64234.2449339306,98020.6404762534,76150.4733406381,56938.4187347728,4376.3073674771,47124.9037749362,113697.9604873659,29073.8272518946,79561.5837490850,22194.3412959105,53110.7071055296,127526.3030902411,16721.2457606443,70481.8851751952,13268.7060463058,101412.2989116330,54592.0707799704,77105.1029846011,42954.8607390340,43306.1740652526,31367.8364736031,112575.0399942337,58904.5118501511,50799.2118808214,75234.4298216795,59690.4641459172,78551.7511266683,64912.5720858781,58147.4381356599,58795.4425018646,118966.4560271974,55503.8822454407,66476.9433581434,116122.2835079049,56488.9659111320,69477.7432497682,92975.3516253612,130865.3330912921,61354.9191987445,38900.0739909844,82730.5277320816,54372.0121590463,14400.1406566089,90608.3866203175,79838.1949679261,30802.5057700680,21393.6427047807,34258.0131211291,68739.9245319147,115651.6467857759,53708.3133576931,73783.9384142695,78577.2715008269,47004.9349072291,101184.3821367679,52450.2653606404,86223.5355442310,15220.9460705106,94400.3697423871,109263.4399628976,87627.0939454774,104968.0347474366,106491.6887671548,10762.6802202007,87838.3933005579,46184.1969811361,114260.2452368857,91838.1891139527,58324.8992382178,11016.5885258739,83425.9355654404,28496.0357497626,76897.1096786488,20592.9805940953,53843.7970949424,67157.2115116518,79377.6541795847,73128.8711844829,74211.5149958364,37725.5356956384,67340.0989166051,116728.8327877514,104563.3643032219,96546.6148166334,23678.0015449080,106530.1402861408,64949.4357676577,69445.0018066597,50844.8508385673,62072.6626061573,53533.2363922347,50150.0641791501,64295.4993105909,67193.6992449784,69695.9140400206,63970.1422292882,110227.8125573352,17475.2063573255,47521.0851550374,68718.7644973654,55723.6830367200,63695.1846319699,26168.2082866590,35540.9015850205,58825.1577102982,57926.4607989418,82397.5853665797,46820.5830938900,79928.2658150577,39315.7865371827,71892.6377107751,77718.1434171680,2.7480409902,24108.3298673707,84687.6943386554,27493.9462299093,60186.8934953635,55096.6406757003,38315.2505196984,61910.6158163167,53120.6012595585,80098.7489790591,37556.4235677473,26574.1071211932,10538.0457840342,44653.6771112001,61167.8014507481,31748.9700240305,73382.1427347985,59653.5243305063,24022.1302586876,85937.5943893790,53507.5640008136,61125.1854145049,65357.1858138883
559,0,0,0,0,0,0,0,0,0,0,0,0,0,0,0,0,0,0,0,0,0,0,0,0,0,0,0,0,0,0,0,0,0,0,0,0,0,0,0,0,0,0,0,0,0,0,0,0,0,0,0,0,0,0,0,0,0,0,0,0,0,0,0,0,0,0,0,0,0,0,0,0,0,0,0,0,0,0,0,0,0,0,0,0,0,0,0,0,0,0,0,0,0,0,0,0,0,0,0,0,0,0,0,0,0,0,0,0,0,0,0,0,0,0,0,0,0,0,0,0,0,0,0,0,0,0,0,0,0,0,0,0,0,0,0,0,0,0,0,0,0,0,0,0,0,0,0,0,0,0,0,0,0,0,0,0,0,0,0,0,0,0,0,0,0,0,0,0,0,0,0,0,0,0,0,0,0,0,0,0,0,0,0,0,0,0,0,0,0,0,0,0,0,0,0,0,0,0,0,0
560,26959.4493552326,140805.5067715075,117461.6694081746,52926.4226984274,71917.7640751408,85026.4393177461,139000.7796505603,70816.1096268830,17154.6214381854,102613.1010458718,36749.2920169286,113438.0361322551,42889.6354939202,103486.4315690718,90106.0432198249,129299.1125709457,11595.3629647771,67332.1683615807,116041.8279829527,71640.5435252837,117081.8288332641,92279.2169745429,86526.9948215491,57686.7549716658,90846.3531021980,18307.5317120178,52137.6259283670,26074.7062261439,83820.0225384440,89925.6300812212,74836.2198862214,126553.2064843568,38148.7005130136,22793.2385451409,31877.4041010902,101834.1405135360,49835.5847818759,102203.7528512498,56263.3528544627,116691.4230664637,132109.5738337757,18343.5979825969,73160.1967984437,84490.9040257184,73092.1387379989,128642.2256675317,14906.0799202089,2778.3190934797,103695.9491103151,46506.3143602595,118133.6512278317,127482.9249216504,55031.8624170589,68798.8163854131,102356.6638399187,92910.2018692577,61509.9769173509,63036.7221583405,42414.3930577775,83032.9302686513,22223.6051461205,85210.4718773235,93573.9023087738,37440.7443751120,42322.4229557124,80655.2300021016,108088.5875834037,96919.6592722817,78782.0707114419,18769.2552406976,66948.9028168291,115730.4914414376,33387.7325650198,93960.5383189116,19779.7260425611,63503.2294568150,131610.5622419771,10722.0328893470,79717.6401103998,28491.7178553042,108378.7488420825,76796.2367024607,81894.0072661840,38947.2294441768,51786.1468080130,11306.6095488097,123228.0754704789,80002.2182467935,64193.6800550109,93497.3537581824,79683.4521039426,98425.0409234333,86871.2159347440,50219.0279396613,63839.8183513511,122912.5883918164,42556.5770249302,87225.4995788446,125528.5212052598,53470.8964245315,76002.0981516648,106094.9706792088,136251.0200388899,75069.8681287930,28469.6595294292,94159.2089408164,71727.8442861874,34498.8195766947,100505.2738540195,95790.3586559181,16632.7897550936,33015.5169896340,16557.7846444844,81280.5299031166,121423.9239808821,43637.7140705011,75903.2676751938,91396.5868019224,45500.5666925609,109803.7825400626,60408.2521935573,99052.0182296352,18721.5990723041,100984.4835814516,112754.9514339180,95648.4709064311,115276.8206138910,112418.1430561900,21786.9080818831,105644.8182733731,49420.5732328806,122467.0849409499,96787.8183578846,58334.9839501307,11431.1898723707,88508.6818613930,37297.0049736842,86298.8447536332,136.2513217260,56621.3148592029,62792.2259037186,96772.0933090121,88828.5207382519,93433.6927187325,48112.9664004090,69086.4714616444,128099.7233427363,109332.1250080789,108664.7657842813,11326.6945653500,114439.6200698962,84424.0916755410,67702.8601708541,72632.3812367958,83619.9963124457,74080.7971838248,42471.6153997978,64434.0098847754,84567.3811565376,80670.7548695026,70096.0034905579,122346.0726689052,13471.8759738780,57390.9726493669,48269.9589900614,67871.0844715621,67344.4532647099,27812.8094388069,39385.6475625545,80944.4655949725,52168.0817599010,90070.0316568694,65561.4160092500,99089.6071278653,38001.4734499294,92971.3484254546,80859.7912243668,21827.0755252887,31081.7916872283,98628.8874578160,22903.9182902271,75958.2178209158,76583.7887820981,33189.7906902479,58054.4146111526,75279.5681814483,90586.6313512992,24512.3852422986,17444.4879753720,32136.1411205469,37800.4561010828,79946.8203805850,42292.1244577595,86903.9849379243,81850.8719594540,38810.8441792321,96366.8266857550,73310.7580814965,78426.5163786571,80698.8351648270
561,22670.0927061102,135170.1696092480,111521.4643620730,54355.9838454385,66718.0669532911,80871.2560265022,132732.6795144087,64614.3145810812,23218.8540937586,96523.1875556959,33224.4520495325,108386.2210865025,36647.5862827647,97218.0659612062,84482.2037805604,123240.4862234147,7141.0670227909,61195.9173554824,110316.0713043698,66534.7821083921,110825.9584192026,86626.9679866546,80259.1288624978,53580.4707344852,84730.0805333127,12428.7909472148,46675.5024983622,19805.0453163162,77768.4134548548,84925.1234409374,69022.7576248438,121120.3467765696,32393.9773340457,21552.6006062010,26463.1651418487,95911.6709326600,47115.8722255631,95939.2285095846,49981.1428552371,110556.2038594239,125907.2690068351,21135.0924591523,67378.9538554606,78234.9262992670,66812.9826023193,122837.6252842996,9756.4782561932,10225.0160946814,97885.0459186361,42052.0530697959,112171.7294524023,121206.0599171911,49010.9676252833,64372.3234966496,96226.8064210795,86729.0393541556,56580.9927784223,57450.1621239760,36653.6323224076,77587.5863967556,17930.3736421612,79299.9396329887,87620.9621760779,33227.0427886072,36114.9748193665,74516.9704265782,101888.7902715237,91548.9587356369,74060.7535033773,16503.1235675500,61386.0984354256,110373.1521869828,27233.1723384624,87696.2689190739,13804.5099847924,57238.6446223190,125995.4324270816,3194.1617648662,73524.7423287946,22771.8444144842,102402.7319228133,72847.1525287856,76072.2811139519,34062.4087172966,45556.3001372198,12716.3098513235,117011.0057690503,74813.6904656853,57927.3868568747,87541.6252272168,74112.3044093046,92773.2997124970,82244.6752594148,46511.3685846061,57909.6816357399,117300.4445454856,40378.9461585313,81870.9223270142,119382.0685533797,48639.9627475447,69988.0885334964,99811.2966522038,130482.2011142156,68800.5844468159,24995.2269141457,87896.0208768788,65706.7291727904,29427.3489506807,94306.8469244017,89595.2349634551,14058.5228454407,26820.7655663822,16509.5817631252,74996.9060677148,115589.8337384381,40460.9274887169,70391.1907087322,85112.9385679764,40267.4786000907,103694.5885557938,54235.4002375502,92768.8247985504,12488.6666395993,95030.5194495375,107182.1816568756,89561.9399333276,109070.8347436589,106552.1597753752,16676.2776713582,99607.9281562755,43568.6706686402,116403.9914580074,90994.6447726505,53013.3243627828,9566.9272859488,82676.8856414183,31014.6902893346,80108.1338202729,9223.5452873246,50891.3450698908,58351.4014260102,90699.6898034971,82625.5742660987,87644.3577339186,41830.4503105411,63587.4115888793,121855.5528986696,103590.0455884650,102392.1801526592,8838.2198613149,108390.7366767474,78710.8447122554,62769.6205155932,67883.3766362377,78660.5388607820,68698.7103943106,38558.1769358279,59146.1467503399,78514.5240956322,74409.9292142932,64094.8316730692,116077.6379036981,7208.0979833939,51129.9076364672,50141.9624221900,61587.3594512311,61585.6507979905,21746.9560775093,33352.9390215761,76567.9693403786,47925.1305445548,83999.3729218388,59771.2540421106,93276.6935699312,32588.8677649230,87737.4640999644,75232.7272897447,18152.8104911184,24802.6102793103,92352.4200110631,17508.2523358410,69779.7836972583,71609.7471679814,28386.8629025156,53452.8446523371,71009.9925609454,84351.3030981497,21878.5373149104,12787.0578986454,27700.9599765622,33556.7258084938,74107.7711370382,36010.1712961395,80624.9520457030,77955.2853737154,32754.2366736163,90139.4432972159,67713.5705541024,72379.7411704470,74485.8997785590
562,0,0,0,0,0,0,0,0,0,0,0,0,0,0,0,0,0,0,0,0,0,0,0,0,0,0,0,0,0,0,0,0,0,0,0,0,0,0,0,0,0,0,0,0,0,0,0,0,0,0,0,0,0,0,0,0,0,0,0,0,0,0,0,0,0,0,0,0,0,0,0,0,0,0,0,0,0,0,0,0,0,0,0,0,0,0,0,0,0,0,0,0,0,0,0,0,0,0,0,0,0,0,0,0,0,0,0,0,0,0,0,0,0,0,0,0,0,0,0,0,0,0,0,0,0,0,0,0,0,0,0,0,0,0,0,0,0,0,0,0,0,0,0,0,0,0,0,0,0,0,0,0,0,0,0,0,0,0,0,0,0,0,0,0,0,0,0,0,0,0,0,0,0,0,0,0,0,0,0,0,0,0,0,0,0,0,0,0,0,0,0,0,0,0,0,0,0,0,0,0
563,20577.6884801864,138982.9038834969,111843.3223560824,58373.0971227917,71003.8230112317,78616.8067817279,135013.2404257911,65860.9315804813,23636.6253872409,99599.8629217782,38200.2300555114,112733.2940463091,39331.4552364716,98867.8718055395,84151.2241953016,126371.0717943010,12132.6594980144,64204.8188895212,114032.3395828372,65394.0833608906,113229.1137386593,90458.5706105496,82594.5062102758,58410.5423671742,85590.5487242057,9201.3045610456,50792.0398345666,21847.2030342561,80965.0820504360,83631.2502526968,69088.4853049012,125155.0654526389,32443.4797072121,26353.9663019385,30738.9136922655,96200.4691903424,52131.9158028906,98285.3873257222,51959.4930893500,113491.9575565172,128592.4682401399,24282.8310236398,71075.0424525738,79792.1206398899,69023.4686056656,126435.5201572411,9103.5546161119,11000.2800365041,101494.2421229709,46790.3154586955,115515.8130559682,123385.7077718457,52351.0345980496,62400.0696044092,97123.8390074825,89537.0255830800,61063.4717325875,61408.5165885277,40487.3832422056,81650.5041823989,22826.4628535836,79575.7273886009,91007.5455860131,31037.2697139774,37502.3676545092,75471.9226119438,104604.7824117920,90783.4144885761,72420.9854033246,12608.1178444385,60969.3601761246,114483.8659641967,30379.6517135848,89314.5962136638,17644.2617269731,59657.8865026614,129836.8341921129,219.1531634557,76309.1376737465,22834.5292102274,105728.3934743788,70394.0093568709,79693.9316193522,38638.2071811449,48257.0069559821,16435.0374912568,119636.4129150746,73784.3875035794,59624.0920284095,87921.4529842544,73694.9617765741,92488.1489071391,80491.8025747993,51441.9792549678,61395.4403698967,121150.8079280231,45372.2036148960,81085.9172337766,122275.7503244141,53194.2728722602,73282.5846667921,101811.3608421049,134126.4811382303,70503.0760772740,29989.8917208399,90264.3939619934,66294.0792243111,28307.4562635298,97036.9974893997,90769.3804516174,19028.8546848951,28229.3685296384,18467.1682518839,77039.0446832781,119148.7116509058,45462.3214216205,74400.1202670143,87135.2766316139,44598.9259893015,106712.0570104903,57145.4060626263,94818.8673468337,14468.4777604655,98406.1467074006,111084.0852608953,92655.8052575732,111753.4160928638,110068.4629342042,15729.0659093732,100199.2601694901,47235.7068759228,119528.9554143440,94637.1471889150,57233.0630171595,7887.8164690477,86273.2711208424,33317.1628568853,82889.4770710858,6453.2237026110,54699.8550195881,63063.4650389891,91407.1976619393,83846.5805180117,87637.3926038711,44044.7713657867,67622.2416286123,124330.3574536715,107290.3619913410,104646.6711734425,9056.1271913619,111555.9546352626,78556.2296622334,67238.3323240387,66279.2169771694,77315.4935368763,67967.8361201620,43460.2466036261,63378.4038239758,79175.6218297429,76820.4528893738,67429.1873669326,118366.3659426736,10549.0232489783,53601.5718235504,53933.5196096153,63633.7463013661,65325.4844672066,25213.2048981799,36756.7589003228,74540.2378906179,52723.1045190787,87140.7512124491,59801.6606682450,93315.6108453772,36818.1883215325,86766.5507870865,79109.7511274949,15417.8239672019,27259.2238524438,94113.2230551518,21912.7302144766,70906.5895301313,70287.3051084618,33033.2856634420,58106.8188773068,68871.0598945425,86917.8452136291,26882.3847608560,17642.4653905253,25763.8625314047,38388.4701676994,74223.2879244654,38055.7802825934,82446.9581874761,75453.2662773421,33573.3348256779,92740.9512576466,67350.4509743470,73031.2879530038,75770.6774895632
564,20863.9467270468,144472.8469258046,113845.6539878679,62662.8879426673,76882.6416714732,77517.3120362820,139088.4018603884,69057.6575249524,24246.0437884227,104483.1716842743,44319.3209530686,118632.7596288359,44094.9417762907,102358.1937572675,85483.9430530930,131273.9163957854,18236.7605542694,69104.6859912911,119456.3180968015,65848.2204266034,117454.6941191999,95994.1281224241,86817.2485798502,64551.7676856658,88279.1497566287,631.7422702235,56585.5571880990,26408.4411327082,85985.8674362719,83779.2106122311,70968.5133178874,130826.7927915806,34795.7112281357,31922.2671933868,36675.5546596058,98209.9106057310,58151.7802267726,102481.0921306165,55981.9935296232,118227.8518936211,133073.7235513506,27955.0390077413,76528.6662551569,83245.1653325608,73172.2346742709,131752.1977483389,12654.0203896087,13464.6417350025,106839.4276886880,52910.9232522272,120620.3823033008,127373.6700727923,57570.8598688478,61793.2535987193,99813.2372275460,94190.9966151410,67065.8247977253,67075.2660489117,46121.2401808671,87368.4046505378,28971.0120400434,81637.2119180393,96176.2639198378,30659.1034550208,41119.8674331359,78307.1151224134,109146.0852333040,91561.3939455424,72183.5232505622,10742.2450367500,62346.6064294283,120217.0583401769,35600.0914449660,92798.4435983122,23458.8620546986,64046.6567961873,135354.2001793725,7808.1607900859,80972.1169794988,25560.2341815425,110826.3466478980,69064.9007057090,85074.7545509429,44702.9840101189,52964.0512897338,21020.0572823989,124070.1227934032,74320.2300061742,63318.6292095025,90064.7862051984,74979.5848813862,93840.5306475214,80059.3419295784,57582.8700820225,66702.7420564414,126679.7098945316,51260.5953170219,81883.9332716556,126962.4507844520,59238.1450786944,78403.4030670068,105654.6905625200,139478.1665324483,74143.9435944519,36089.6052644439,94499.3040392230,68780.1106391961,29442.1863369231,101604.1866321054,93779.8377641607,24914.6669012677,32060.4598632439,21169.7391869732,80992.7200197138,124436.9761443261,51549.9314613478,80085.9024037491,91037.1004023077,50534.0311639114,111531.8515467386,61986.2984830206,98728.3971973283,19328.1840919195,103555.9799635609,116659.5617755375,97565.0317900768,116252.4496402121,115327.5120567621,17905.6272825119,102539.5310081043,52726.0850188632,124432.9182564253,100016.6477242066,63083.1478289368,9731.4065274142,91624.5091955630,37831.9076776423,87533.1051866876,10632.8835634385,60271.7073587256,69171.5018674699,93905.6441513703,86931.3798483850,89336.8035451189,48353.9454678104,73334.5072635175,128611.3518500202,112706.0883061503,108739.6167644972,14394.4340227660,116504.6204105351,80124.9539238976,73229.6185541342,66131.0910957865,77430.8214564579,68911.2432252262,49605.4671145720,69229.5141064897,81671.8141888932,81132.6108318193,72597.2110317329,122470.9287967111,16342.8830470077,58071.7190394947,57944.5588735658,67648.8367593348,70823.2534262116,30714.4692870891,42107.2630474967,73772.8654658928,58858.5149062864,92101.5653981721,61710.9429948147,95046.4402585003,42711.6268533084,87307.3436754519,84692.1317032964,15264.0044874842,32004.8834741535,97730.5663114077,27941.0977515015,73948.8955415394,70474.9511480976,39130.6509256457,64193.3859340662,67988.2295488742,91350.9683347191,32829.6895096521,23788.5524732807,25951.0766334565,44531.4543558829,76129.3880374339,42279.3876392698,86161.5494565067,74025.5177134043,36705.3236406243,97194.5590582579,68741.1748453153,75547.7730878984,78956.2350622560
565,25288.7112985974,140594.4750386807,116108.0139440118,54525.6886760896,71929.7011918088,83318.3691177417,138166.0476259553,69670.2222448649,20417.9713220203,102055.8517836954,37341.5189799534,113527.3300953744,42132.5179304489,102454.0041325881,88629.6701555931,128773.1474791385,11707.8568722981,66725.1060081075,115772.8408679018,70044.6141523110,116283.5574896404,92054.3288557015,85696.6101675274,58124.0002777931,89610.3808417364,15112.5399327380,52010.6249705862,25085.0040144507,83300.5223983078,88307.4704130498,73432.5553005089,126456.6650291489,36745.9596487524,23893.9283894344,31757.3736211348,100473.7315743745,50673.9008295677,101382.5034715349,55306.5870631757,116084.4102044616,131413.1826553152,20023.2396655079,72850.9091797072,83429.0398520006,72215.6518063647,128321.1145387954,13426.5091235447,5851.8824550691,103369.2629438387,46810.1041074767,117693.7730043348,126613.5296448202,54539.4571016057,67114.1891819443,101130.1003408936,92245.8217449181,61638.9318668327,62845.4014731127,42110.6327040626,82924.3085390706,22519.8333366648,83847.5456984227,93140.6650395235,35750.7996934707,41198.6578635884,79440.3803794402,107396.7674814848,95372.7006171521,77126.6386367528,17036.3671973040,65460.6275925796,115672.6853773471,32762.2210255995,92917.5249274297,19312.2792441501,62686.5018771142,131411.2257571505,7559.9173883351,79037.3910554163,27094.0536028173,107926.9187833212,75077.6243954841,81558.1612333053,39074.9216994344,51049.8952423425,12762.0897111011,122508.1363876168,78419.6024334640,63162.8867435212,92155.7016012735,78193.4300058608,96956.0384418864,85203.3120984699,50778.1157378448,63422.7757160030,122714.4957777918,43517.7368630700,85676.6533937083,124908.0158648702,53635.6810093869,75516.7095419306,105165.3131301581,135954.6249325410,74045.0810763568,29051.5251003519,93342.5915665879,70429.4853687952,32921.4138739350,99815.8179181430,94630.6360772002,17369.3153222894,31887.3989810140,13841.1014126652,80356.2689072120,121081.8146450324,44343.7753881281,75756.9749567377,90469.8413438872,45483.1219414512,109226.1053374745,59756.8969383017,98135.8898892815,17682.0343340693,100550.6738556800,112579.2466850382,95094.7193684839,114575.2005561826,112052.6147079010,20249.5975868097,104348.6413099614,49058.6262816551,121936.7528383168,96472.8551554299,58282.6786511202,9696.3291916996,88166.3619734717,36409.6036015004,85621.3690948683,43.4749388862,56342.0983346510,63114.8926580682,95501.4759666716,87679.6397660982,92015.4463604156,47217.1966729199,68945.7306024190,127328.2662275074,109052.1082424616,107815.4393075482,12617.9388936935,113922.9469229271,82979.1472319750,67832.9891810890,70981.7788892037,81996.5376741623,72541.8506935552,42955.0125514308,64400.8677401069,83285.7894706493,79862.2188544811,69621.5490702379,121511.0124765446,12702.4218473448,56585.5993176681,49911.4014860834,66941.8207192791,67049.0633921379,27277.3662732272,38881.4654668668,79253.2314800138,52553.3761992719,89532.1993041864,64151.7041730390,97679.8622364298,37889.8973832195,91395.0583352278,80648.5377973637,20119.5640806907,30222.8164821522,97626.9731353858,22773.0292103936,74783.8752198808,74964.1915725932,33340.4401715096,58313.4465754066,73580.7040589486,89835.3051022974,25303.0154334815,17580.3483485939,30472.1558735787,38165.8380847283,78552.4400478025,41339.8652317098,85916.7394006112,80129.3487915746,37556.7024276067,95630.0448653029,71830.5426568743,77142.4726082404,79564.6939628263
566,0,0,0,0,0,0,0,0,0,0,0,0,0,0,0,0,0,0,0,0,0,0,0,0,0,0,0,0,0,0,0,0,0,0,0,0,0,0,0,0,0,0,0,0,0,0,0,0,0,0,0,0,0,0,0,0,0,0,0,0,0,0,0,0,0,0,0,0,0,0,0,0,0,0,0,0,0,0,0,0,0,0,0,0,0,0,0,0,0,0,0,0,0,0,0,0,0,0,0,0,0,0,0,0,0,0,0,0,0,0,0,0,0,0,0,0,0,0,0,0,0,0,0,0,0,0,0,0,0,0,0,0,0,0,0,0,0,0,0,0,0,0,0,0,0,0,0,0,0,0,0,0,0,0,0,0,0,0,0,0,0,0,0,0,0,0,0,0,0,0,0,0,0,0,0,0,0,0,0,0,0,0,0,0,0,0,0,0,0,0,0,0,0,0,0,0,0,0,0,0
567,27648.2105082802,141467.4135087929,118262.1846026507,52661.7091103970,72518.5610397568,85671.7549487066,139788.4755567489,71626.2383752555,15805.3332637299,103356.8622780063,37144.6268769762,114010.7505383921,43670.0577373161,104292.5995953949,90885.2848953448,130036.0092426391,12208.6287846147,68086.7721378040,116719.7928315957,72378.3634837906,117865.0572165966,92946.7227852747,87314.8604574863,58138.8450681641,91655.3294365565,18727.8710185904,52782.7009043403,26880.1850830190,84557.0151307494,90651.9673143922,75629.6287807154,127183.2717230140,38941.3358291656,22942.7698251387,32527.0644560909,102633.7861826548,50109.5170575872,102990.1875110406,57064.9042715582,117444.2264299355,132877.5353987157,17983.9655575255,73850.6683351477,85298.6946463179,73885.6462181687,129332.9661931786,15680.0326053318,1924.4224309794,104388.8989916475,47012.9294318547,118852.5409214802,128274.8334063729,55765.4672595979,69474.3163530351,103165.9841820187,93673.6742539344,62074.4412381511,63697.7779241317,43107.9340116662,83668.8455946700,22749.8400766328,86009.6932850322,94292.1716083067,38110.5392111601,43132.3968350301,81464.8212536417,108856.2117889671,97678.1341006301,79483.8188805058,19300.4644559764,67724.8884842133,116349.4829457647,34149.6256142298,94767.3461661884,20519.2540897034,64290.0922007932,132269.5476646597,12173.5887325352,80484.1803896242,29284.5074221784,109100.5572306680,77422.3309571841,82590.3193277631,39518.3437171519,52562.8280879154,11231.5992308378,123999.8932985091,80746.3036538038,65000.1028818825,94299.0558782799,80459.1716486300,99206.0908966394,87562.7810289101,50622.7087441155,64556.4123050748,123571.5122267036,42768.9865538260,87983.2117695158,126283.6056956294,54024.8990031213,76732.5076173416,106893.3179536418,136935.3806304927,75875.8147660703,28875.8954025924,94945.1967248531,72533.2667060568,35244.0951763772,101272.6826780473,96600.5501500766,16989.8803791009,33825.6151513854,15602.9966715255,82078.6919235716,122120.0155311357,43978.2262888935,76550.5229429767,92194.8297624246,46115.2661092336,110551.2712730839,61171.0140604906,99849.1493286042,19530.2011448274,101702.5784905156,113408.1083980814,96391.7756435955,116045.8832635991,113120.1409133055,22546.0619950347,106450.6082746463,50126.4819778763,123205.0079006123,97478.1895644479,58957.2993562690,11996.5261850083,89206.1593775072,38093.3312617572,87064.6975103534,580.7823748418,57306.1283316099,63287.6822862524,97579.4923082489,89638.6537116957,94224.8783399067,48909.3790326276,69732.8682113413,128879.1224839110,110013.1697263230,109454.5482664831,12115.8102436105,115174.9640645514,85210.2056189558,68265.9367034650,73337.7290701790,84343.2340543864,74841.8440139061,42909.9163714817,65049.6277472119,85374.0619973091,81456.0121181793,70824.5129859512,123133.9675504158,14262.5857243251,58176.6907821686,47953.5517124363,68669.9756652732,68032.0161345766,28560.5487353262,40124.0549502503,81612.5926421473,52642.0770117124,90810.4170278512,66353.7125243361,99882.2672135514,38646.0708620439,93718.3045246764,81524.4288404450,22474.6617531308,31875.9376247876,99433.1659770919,23562.9367241718,76768.3981723062,77309.2139700756,33756.2190431368,58574.2756708439,75938.2473613297,91363.7924882058,24827.6309403733,18033.1694333527,32830.7056565128,38287.6308431698,80741.7202672022,43093.8573909560,87707.3319819132,82470.3263090478,39618.5612072648,97141.7059270007,74088.8693997791,79232.9998251192,81508.8130875677
568,19835.0172365120,138559.3089582244,111095.6246447810,58877.5722405399,70693.6616086941,77897.9222189011,134381.9857568025,65157.7303627046,24395.3589755667,99061.9569746078,38196.4449014294,112433.4403206458,38763.6310572750,98186.9913605171,83391.4619335566,125837.8664156557,12177.4524150116,63664.8015860678,113592.7069110216,64635.6353281857,112611.3451778863,90043.4572274863,81973.5908923836,58295.5698760949,84864.4425463263,8995.8599542669,50447.6080967251,21236.7751751085,80446.6273293021,82876.1148738621,68335.9643990241,124777.8808437394,31696.1143523500,26637.4472632483,30448.6137329088,95452.3627047527,52212.3646107087,97663.4235944126,51313.2924367160,112934.2059396464,128003.5645330990,24889.5418410067,70638.5115055295,79106.8132830684,68393.1412369642,125973.9201776120,8366.7434008679,11733.3414605123,101037.0392874425,46635.2988177356,115014.3136864527,122745.8181865586,51862.3045169427,61665.2966826255,96398.6054974694,88966.4002508476,60811.3745736215,61025.4134170232,40090.3317065039,81284.7626139144,22770.2724309380,78828.0541278955,90515.4888548613,30305.4998853765,36817.6774603842,74751.3420439378,104021.4589640085,90022.1226460140,71674.3984877129,12019.8444963813,60209.3114925304,114124.6192707779,29881.1099382652,88632.4174772516,17293.1862574872,59050.6215268647,129419.4130780881,4.8864079222,75738.0181753335,22093.0600686366,105225.1231744836,69686.5151166945,79242.3155116522,38426.4080107172,47685.3040321327,16952.2665669994,119041.5024863435,73024.7920000849,58952.6773919644,87176.4604695990,72934.5922127341,91728.7354435068,79749.6188327893,51392.5450839969,60925.8909674164,120735.8266255449,45524.7040604181,80324.6378568652,121711.9820774796,52967.7380904492,72779.9671259783,101157.4859223166,133672.3421046989,69829.7042151991,30013.9677576405,89645.6128137418,65558.1571217125,27546.4799969350,96456.1813599703,90058.8984170463,19209.0054440658,27554.1942893091,19163.0384883000,76391.9348727889,118681.1100774173,45492.3593225531,74024.0924369878,86484.9397781699,44310.6473572159,106165.4814160898,56595.0726322794,94169.9799764814,13882.1459589710,97911.3548843964,110680.2758457453,92121.1487150765,111165.5711788166,109594.6661409708,14969.4422872769,99460.9464833203,46803.2524896343,118995.5364803422,94186.6312495451,56910.3065766174,6552.9644442374,85816.0839224543,32713.4369480750,82316.7470064255,7906.2063939375,54289.5626900799,62892.2229311843,90673.9548704028,83139.4278462151,86882.4444599501,43423.8456013456,67253.4873114263,123719.0153700074,106848.5360908139,104015.2218957874,9477.4713305698,111028.8405869485,77798.9300761045,66980.3615626349,65531.0886278419,76561.2102565822,67206.3639722208,43392.5985858785,63056.6901822874,78441.3737335161,76208.0592708006,66934.0553583715,117736.9889461885,10176.5049775079,53001.9657691671,54475.0368412638,62989.8138886560,64898.4994690179,24772.2806014458,36288.6388769706,73809.1803981996,52593.2912552543,86613.4498257386,59048.9915639664,92561.4205970272,36509.6990043899,86006.5939899394,78705.5388285247,14702.6998845757,26679.9940559297,93440.9792401253,21672.3060107467,70195.6642685139,69532.2302630344,32850.7487199540,57913.8741352447,68144.9794791717,86320.1088939468,27018.9718644975,17573.7465957222,25018.7750741258,38281.7279377606,73471.6488786208,37423.0461469107,81780.8302883256,74749.6010801578,32856.8375082210,92146.1943712186,66590.7426839773,72297.2125063396,75068.2531242050
569,31811.1703125199,139031.9495371250,120249.1140135719,46863.4797604281,69549.2028141958,90036.3416157339,139509.1556641339,72758.1907452902,10282.2303530468,102123.4173690172,32807.4580217411,110716.0777583172,43464.2746038542,104854.0900005943,93558.1548628436,128647.8174087057,10577.7874935643,67146.2612981549,114500.0595347462,75811.1165335611,117477.6304365194,90636.0246660535,87117.5923324277,54049.1199220706,93126.2735720219,16495.4890199065,50348.2153636210,27862.0400988462,83243.1481588441,94209.6154902324,77949.0438246411,124413.9156481712,41450.5527740532,17588.8012275865,30343.5526856007,104676.7154508124,45099.0950666929,102718.0814113831,57494.6223630591,116358.4249708485,132089.7656339795,8485.9280294082,71873.3338511268,86028.1946641416,73912.7005951247,127261.7629632070,19033.1589904145,4244.8735260311,102377.5442151021,43353.8213184253,117188.2173355500,128143.8513477483,54502.8172767614,73604.0350227218,104570.5126413453,92843.4109602222,58810.5723796497,61391.9445082266,41338.5621319782,81023.2484098431,19576.0360339714,88097.3513575956,92656.2697232003,42371.8720463997,44356.8154073309,82866.4852475790,108090.5088300686,100753.7579189151,83341.6823038147,24473.6734603916,70517.7142902753,113479.3640264646,33622.4227872475,95393.4416255611,19923.5005382878,64135.4692437338,129808.3634113019,10739.2243531547,79752.2792027456,31895.6853124336,107493.8353960338,81937.6278020380,80666.5836937021,36447.4738972669,52189.8967940303,2062.9699015910,123310.8852441775,84074.7267301459,65679.8695755342,96264.0179375232,83228.9221389828,101824.4389901074,91516.2978594723,46261.5980334674,62980.3368743745,121118.0499545381,37535.8807753542,91084.7880806299,125231.7521401664,50705.7568376587,75329.9301159230,107033.8887053423,134774.9859198232,76483.5579633830,24690.1562398607,94674.4304846961,74346.7856614281,38715.5907572712,100514.4495822243,97719.4938623400,12788.6914122107,35194.5485417023,6592.3117922383,82261.4012422604,120127.2570888973,39299.3107542008,74045.0855740368,92357.3401857814,43403.5249609744,109374.5167321114,60427.4635369878,99951.1102473758,20981.0240489608,100050.6802338618,110900.9361382909,95162.5165485972,115302.6296287235,111218.7705150572,25964.0068531342,108173.9088131908,48471.9358770125,121841.8003217127,95444.2414215963,56248.4653053389,17104.0065138326,87282.9698778217,38449.6196188073,86300.7295653741,10550.0777335729,55321.5499717400,59477.6527584601,99197.9281756325,90726.5909778596,96578.0343157303,49167.0605471018,67238.3811490337,128374.1186825581,107840.3284733609,109276.6506224231,7353.0718352916,113777.8503913865,87722.3536672569,64969.7098458707,77165.8955708989,87947.7868784451,77908.3993078691,38799.2933594176,62248.4376818806,87071.0716447868,81194.8675215132,69410.2234508172,122878.0864863433,15172.8535361934,58017.1093242260,42243.0849198521,68925.6453400257,66036.2304690310,27858.5277255974,39069.4620888536,85792.3598557659,48719.5193762036,89540.8059527225,68733.4643708502,102181.3404283681,36321.5686243208,96985.3993894246,79204.3503726006,27009.0114921465,32240.9132870907,99879.6335223934,21698.4043112654,78005.1797356157,80896.7507520839,30709.2350464776,54961.2826540614,80205.0701584659,90857.7151853748,20174.5178509708,15635.1146511412,36900.7377642598,34547.1742999066,83000.2129953948,43631.0879132164,88123.7759485674,87027.5876189303,41437.6014479203,96566.6569220853,76819.0665031484,80958.1832132844,82555.7055384574
570,36552.4103913974,140114.7022423597,124252.1990193130,42609.9385706783,70313.1601096644,94777.6620434613,142228.7404760793,76411.4928680018,5655.5857154261,104229.0622166276,32439.3829286013,111045.5081916256,46511.2125962918,108135.3766547624,97866.1397292627,130594.5736006762,13835.0927357110,69566.5830164022,115802.8366930397,80377.6811237892,120151.0705041686,91913.5733095973,89969.9660243915,53735.4971983753,96912.0465001810,20608.5506516541,51715.8042414297,31712.3937708524,85335.7734484361,98799.0447620700,82136.8336881409,125218.7675579274,45794.6925829625,16057.7516459486,32197.3826286585,108717.4385597502,43623.3729775661,105490.3293020531,60822.3554460843,118547.3380601324,134470.9025822999,369.6216965043,73492.1399136253,89436.7696951253,76941.4340715466,128668.9284686910,23709.7086708107,11652.3124434793,103876.9216990556,43619.8543448207,118938.4959639102,130971.9670511447,56762.9384203278,78318.8327412864,108308.6984790026,95259.0207869280,59349.5766753589,62790.8545499596,43339.7046867244,82037.9633041803,20925.8419758190,92175.1712805501,94478.0613972943,47114.6474214495,48164.9158053155,86634.2628164982,110520.8586466490,105198.1137968783,88005.1399814058,29165.5852622747,74892.6449261468,114209.4478635700,36585.9637791936,98726.5407249528,23167.1462154756,67087.6218996966,130880.4057845580,15495.0258850939,82270.7822281975,36318.3253758688,109305.9393937798,86692.0045762965,82295.4514690021,37404.0167916536,55067.6787636039,1434.3587863055,125771.7683813017,88606.8337346986,69114.0614298908,100278.3850089378,87581.4743047948,106105.4415329282,96196.1186994940,45683.2833715490,64956.8262624714,122209.4698231232,35760.7933912733,95543.4096117302,127432.6736779331,51250.1656654388,77382.8336955020,110060.5310129550,136097.8934569802,79845.8187831090,24717.1805738245,97462.8036459609,78324.7658984069,43337.5851327415,102963.8750286219,101319.2294057034,13533.6939071181,39133.8202208033,777.4284096801,85361.4923212166,121609.5559320879,38374.7695745051,75210.0470042416,95422.8043067860,44596.9019969461,111508.3428520401,63015.1789786531,102965.3659722455,25137.0896116604,101842.6648003269,111962.7357878158,97286.2696918055,117737.0634068328,112790.3681350021,30614.1116075256,112064.4341788631,50487.6951379837,123816.8058179277,96940.9175239759,57328.4267016759,21793.7939047800,88891.5888632716,41864.6635695671,88778.5631297602,13955.9011203972,57024.8332125107,59444.3449149446,103047.8126283048,94320.7013307174,100758.4011072147,52442.7115410709,68443.5593028747,130954.7682755801,109194.7404332087,112099.1758382166,9205.1239047326,115739.6920007135,91974.5897343769,65440.6589738819,81825.7258886003,92551.8349659327,82366.0164905673,38613.5623002652,63206.2731596226,90974.2857506356,84021.4741458664,71478.0480939719,125631.2577797786,19291.9036468376,60994.6323568723,37830.6837540037,72107.8997194862,67666.9534128092,30816.8689017401,41616.7167604469,90511.5035915985,48640.9391150639,91648.5546135438,72959.3668855073,106334.4433788392,37947.2675535968,101492.0520264752,80509.6796420354,31769.3418022509,35731.3676247069,103101.4372418489,24052.3470699973,81699.8959667021,85500.0479716510,31798.7269164340,55170.0834798552,84936.8419410424,93499.4898043163,19750.9406391532,17903.2308378882,41627.3188377288,34851.6744066157,87156.4699506861,47099.0222414137,91349.4328540532,91783.9566294112,45523.9054260043,99149.5870758485,81164.3007813070,84884.0932884483,86143.0492197749
571,39058.2786990524,141166.2440899339,126588.2451521105,40663.0369694894,71265.5167132587,97283.9090809996,144042.4078960887,78630.3153653990,5253.0883192241,105782.1017151331,32964.8234224529,111737.2581023537,48524.5920737707,110196.8631467159,100304.7374964504,132062.2244677880,16082.3166691509,71287.5278389147,116972.7770809866,82881.4126742792,121950.9001704741,93088.3585794484,91860.2956539038,54181.4866827257,99173.6608510622,22672.2586679165,52995.5685068978,34038.4315067142,86895.9879258773,101306.2454956428,84540.5222538530,126140.2763863394,48251.9841348676,16221.6117281911,33772.1862630458,111068.4733942522,43477.6901343051,107338.7717213400,62926.8337479556,120131.2326041045,136136.0416776608,162.8265249835,74847.6943694339,91555.8978339901,78913.6275627864,129882.5692895329,26225.7468697745,15998.5494641625,105148.1575647393,44398.8958129413,120319.4704335717,132835.8994325105,58432.3126510031,80832.7281604036,110550.0604495820,96956.6749454169,60212.9167336113,64060.4682698515,44928.8381693956,83096.2188072850,22395.1613714473,94541.2946884289,95907.0840316311,49619.8927218274,50456.5265529653,88891.9407465895,112217.0624351251,107673.9873693935,90520.7966489447,31554.7009344873,77352.4596893566,115100.2036514143,38590.0850616011,100812.0800825480,25326.8069895839,69036.2418863915,131930.6837081872,17962.0039086160,84022.5885004666,38797.7036789349,110720.8400682958,89188.0356770562,83645.5423072871,38547.6125152088,56999.8298988883,5576.1571666652,127475.5672628411,91103.6835909824,71253.4369858736,102621.4974974889,90033.8346554784,108535.2687186700,98712.2376485392,46019.4730799506,66487.5961236907,123273.4842636572,35486.9555704753,98023.2987194506,129018.4958909908,52138.2805511846,78932.5501259878,112015.7424614463,137267.8040908753,81950.9549156244,25525.2763256180,99321.8749220211,80659.8578682630,45850.5978760020,104672.2068424994,103509.3055994250,14926.9041363839,41477.3460238919,1192.0082263616,87357.9230365952,122862.4630535263,38562.5423960243,76349.2993828047,97399.9842069655,45818.4341652048,113070.3769414104,64815.9005500359,104917.9725124230,27561.3827550499,103252.7164249797,113018.1996929624,98851.7503804036,119432.0281053362,114090.3554689954,33129.7102039314,114361.6349623641,52063.2854034738,125300.2699245307,98215.8577140823,58458.9382278629,24188.2682551781,90225.9014229448,44025.2335049896,90507.8404858262,16034.7739419571,58446.1135826146,60019.3932793702,105331.7301210718,96510.5834547756,103157.1609176496,54535.8693761923,69612.0220841114,132710.1921309330,110393.4104777931,113966.6716552652,11703.8562221864,117220.7090934175,94396.9788308615,66257.1084450509,84341.2160706094,95061.3735582082,84846.4066244118,39189.9154304312,64265.6608437626,93280.0080506867,85904.4626201981,73041.0657351792,127464.1492108100,21719.6288150899,62959.8513893834,71518.9005232442,74145.9579857359,69036.1544305067,32839.1941715189,43441.3644521593,93024.7147988763,49225.5362935513,93210.6540329229,75376.5069116628,108723.7009112352,39392.8389842996,103983.0023513439,81709.3072550263,34248.0403788955,37930.4694790043,105140.2108794932,25888.0438798095,83932.0990719733,88009.5920481858,33039.2342477529,55879.4959886999,87446.9041670468,95297.3982170991,20418.4371933303,19777.6642321947,44138.4647855793,35698.2227474160,89549.2771835801,49271.1487094074,93394.3361424671,94277.0761662507,47907.9255268832,100918.7379855648,83615.2485261562,87199.3265655400,88333.0534001320
572,0,0,0,0,0,0,0,0,0,0,0,0,0,0,0,0,0,0,0,0,0,0,0,0,0,0,0,0,0,0,0,0,0,0,0,0,0,0,0,0,0,0,0,0,0,0,0,0,0,0,0,0,0,0,0,0,0,0,0,0,0,0,0,0,0,0,0,0,0,0,0,0,0,0,0,0,0,0,0,0,0,0,0,0,0,0,0,0,0,0,0,0,0,0,0,0,0,0,0,0,0,0,0,0,0,0,0,0,0,0,0,0,0,0,0,0,0,0,0,0,0,0,0,0,0,0,0,0,0,0,0,0,0,0,0,0,0,0,0,0,0,0,0,0,0,0,0,0,0,0,0,0,0,0,0,0,0,0,0,0,0,0,0,0,0,0,0,0,0,0,0,0,0,0,0,0,0,0,0,0,0,0,0,0,0,0,0,0,0,0,0,0,0,0,0,0,0,0,0,0
573,0,0,0,0,0,0,0,0,0,0,0,0,0,0,0,0,0,0,0,0,0,0,0,0,0,0,0,0,0,0,0,0,0,0,0,0,0,0,0,0,0,0,0,0,0,0,0,0,0,0,0,0,0,0,0,0,0,0,0,0,0,0,0,0,0,0,0,0,0,0,0,0,0,0,0,0,0,0,0,0,0,0,0,0,0,0,0,0,0,0,0,0,0,0,0,0,0,0,0,0,0,0,0,0,0,0,0,0,0,0,0,0,0,0,0,0,0,0,0,0,0,0,0,0,0,0,0,0,0,0,0,0,0,0,0,0,0,0,0,0,0,0,0,0,0,0,0,0,0,0,0,0,0,0,0,0,0,0,0,0,0,0,0,0,0,0,0,0,0,0,0,0,0,0,0,0,0,0,0,0,0,0,0,0,0,0,0,0,0,0,0,0,0,0,0,0,0,0,0,0
574,0,0,0,0,0,0,0,0,0,0,0,0,0,0,0,0,0,0,0,0,0,0,0,0,0,0,0,0,0,0,0,0,0,0,0,0,0,0,0,0,0,0,0,0,0,0,0,0,0,0,0,0,0,0,0,0,0,0,0,0,0,0,0,0,0,0,0,0,0,0,0,0,0,0,0,0,0,0,0,0,0,0,0,0,0,0,0,0,0,0,0,0,0,0,0,0,0,0,0,0,0,0,0,0,0,0,0,0,0,0,0,0,0,0,0,0,0,0,0,0,0,0,0,0,0,0,0,0,0,0,0,0,0,0,0,0,0,0,0,0,0,0,0,0,0,0,0,0,0,0,0,0,0,0,0,0,0,0,0,0,0,0,0,0,0,0,0,0,0,0,0,0,0,0,0,0,0,0,0,0,0,0,0,0,0,0,0,0,0,0,0,0,0,0,0,0,0,0,0,0
575,0,0,0,0,0,0,0,0,0,0,0,0,0,0,0,0,0,0,0,0,0,0,0,0,0,0,0,0,0,0,0,0,0,0,0,0,0,0,0,0,0,0,0,0,0,0,0,0,0,0,0,0,0,0,0,0,0,0,0,0,0,0,0,0,0,0,0,0,0,0,0,0,0,0,0,0,0,0,0,0,0,0,0,0,0,0,0,0,0,0,0,0,0,0,0,0,0,0,0,0,0,0,0,0,0,0,0,0,0,0,0,0,0,0,0,0,0,0,0,0,0,0,0,0,0,0,0,0,0,0,0,0,0,0,0,0,0,0,0,0,0,0,0,0,0,0,0,0,0,0,0,0,0,0,0,0,0,0,0,0,0,0,0,0,0,0,0,0,0,0,0,0,0,0,0,0,0,0,0,0,0,0,0,0,0,0,0,0,0,0,0,0,0,0,0,0,0,0,0,0
576,36384.0998211857,139071.3129452181,123614.1030162821,42210.4373895662,69262.7518198508,94596.4785086920,141319.0806327758,75682.7509165539,7657.3630921482,103252.1700634237,31388.1186791711,109989.3101130752,45670.8801839900,107320.0978389853,97345.8910097019,129601.9255295943,13118.8718824540,68627.7283679640,114769.2409796340,80003.2408092420,119236.7408236146,90879.9665176732,89084.3770082577,52686.1099691835,96213.2809815861,21018.8223802812,50691.8111804976,31064.3641785833,84359.6933736346,98438.8613126478,81569.6822818366,124167.6730734973,45307.0021067780,15045.7037958278,31218.3600804024,108093.3562172593,42634.4086491249,104591.0023030151,60026.5304498176,117577.3133529487,133519.9509247197,851.0668404160,72479.7258040333,88649.7794458585,76086.1587595816,127640.0668991471,23461.5827101734,12402.8520179237,102854.2953279559,42563.8680475582,117931.3007089331,130078.3745094696,55809.7407412465,78090.0684456122,107595.6985479989,94315.2796185092,58295.4912686193,61766.4664266992,42366.1972473750,80994.1855220090,19921.8863998239,91566.0729883238,93477.8939973893,46945.1829319136,47488.0785031800,85932.4939680260,109577.2142481312,104744.0360864281,87711.6767381111,29252.8170696468,74407.8205230890,113156.9977209260,35740.0394535964,97922.6506337150,22396.3328306875,66222.4532877504,129836.8381269992,15473.6361834333,81341.1432337890,35876.7057250289,108303.8728635904,86551.5514327121,81282.6483312457,36364.2975045261,54195.2344886113,205.0476087755,124830.4559884497,88207.4402539246,68337.2824197726,99646.7609137953,87083.2946846980,105572.2912251992,95919.4622920778,44641.0543533006,63973.6462321662,121166.8124382793,34795.4591664335,95098.4867324987,126463.2542182113,50196.6212212076,76404.2174629642,109199.6384010541,135064.5765044750,79051.2349060753,23661.0544943936,96566.7548756887,77685.6382378019,43018.1464441303,102023.1777202262,100572.8008107566,12511.2538595453,38502.2790971801,1742.7744652805,84516.5722985799,120585.0629524194,37346.0986219698,74172.5855533384,94570.2708911711,43565.5375705112,110533.5092890754,62098.7034890193,102103.2720612624,24599.8553163367,100839.6212734885,110919.3184357622,96311.7415037675,116793.2800219107,111771.5832052118,30329.9694628143,111393.0547391107,49512.3058543826,122826.8865572063,95918.5749446308,56289.3751551539,21884.4273930258,87876.8025299914,41098.0098589989,87842.9693463005,14380.9343542836,56021.3850500929,58389.9348537005,102365.8750233546,93574.0234102774,100185.1737480718,51640.4969071862,67408.5353633773,130027.6192654395,108163.9534954052,111206.3832543978,8847.0201420450,114749.1541605706,91431.3176308396,64385.5301379546,81529.4228298641,92203.9179226798,81922.6809072725,37559.8878792552,62161.9605919681,90309.7068321252,83133.0732108102,70501.8369328595,124727.3663747392,18761.2809537263,60135.5781795689,37514.9258136986,71280.5866314049,66656.2115186690,29977.6021685257,40705.1249463125,90288.0404497538,47586.5755959073,90673.1205941832,72409.3826567419,105750.1889008817,36945.3076552818,101074.6842715484,79478.2540894240,31693.6382416684,34987.4938315555,102275.5461057883,23138.9242139765,80980.2075936028,85152.5265389452,30767.3830992023,54113.8927383485,84736.1986266966,92583.8130389094,18696.7600318593,16998.6713032174,41427.4071068549,33796.4206194985,86576.3707477675,46339.6837907956,90526.0060729679,91652.4645507010,44934.2982524431,98225.5779893012,80663.9157212766,84227.4641397843,85396.2671126170
577,0,0,0,0,0,0,0,0,0,0,0,0,0,0,0,0,0,0,0,0,0,0,0,0,0,0,0,0,0,0,0,0,0,0,0,0,0,0,0,0,0,0,0,0,0,0,0,0,0,0,0,0,0,0,0,0,0,0,0,0,0,0,0,0,0,0,0,0,0,0,0,0,0,0,0,0,0,0,0,0,0,0,0,0,0,0,0,0,0,0,0,0,0,0,0,0,0,0,0,0,0,0,0,0,0,0,0,0,0,0,0,0,0,0,0,0,0,0,0,0,0,0,0,0,0,0,0,0,0,0,0,0,0,0,0,0,0,0,0,0,0,0,0,0,0,0,0,0,0,0,0,0,0,0,0,0,0,0,0,0,0,0,0,0,0,0,0,0,0,0,0,0,0,0,0,0,0,0,0,0,0,0,0,0,0,0,0,0,0,0,0,0,0,0,0,0,0,0,0,0
578,19366.2647907406,139055.5969964400,110947.0283866582,59681.5571647338,71304.1223734084,77343.3691290822,134576.9125874068,65186.5079609587,24782.8502134955,99415.0257673149,38999.5916810160,113050.7145199737,39079.5300868709,98273.7598886456,83140.7082583332,126196.6165500417,13004.6239295621,64017.6802354714,114071.6894767745,64260.0172829866,112832.8484424006,90550.8264306273,82190.9358607831,59044.3091020175,84815.8518701139,7454.5526923457,51029.6415719381,21491.6921893126,80828.4193152266,82468.9158690519,68158.3505117713,125323.3688280339,31558.9464035293,27495.3778119734,31082.8183921204,95301.9601271051,53043.0495748498,97877.7543022894,51484.1935609666,113256.9992020429,128275.6871887990,25619.7811151134,71123.5488721129,79183.5513587380,68593.6593335910,126426.6968876033,8322.7815814139,12261.3975015222,101496.0273690301,47361.8602151771,115417.1211830821,122923.8371824019,52286.9790576024,61159.1798363642,96352.6118774274,89270.2991922696,61469.9209784855,61568.6089976147,40623.0321726717,81843.4035419210,23554.3520814140,78681.1447162687,90931.8174075422,29791.9933816732,36903.3482407552,74723.5126962491,104303.8639397807,89697.8523603762,71216.2004547039,11271.5314594935,59955.3819408850,114688.0438828629,30300.0795695533,88716.4702810865,17884.3150062276,59295.5826400182,129922.7197123353,1062.2913909111,76042.1537317268,21993.6737975427,105625.9894170950,69104.4222174648,79709.2152371546,39117.4058240178,47992.5485603936,17747.6957540070,119303.6954607770,72663.4221560273,59066.0417551249,87044.1483457045,72673.6235351267,91482.9548927877,79271.2042686985,52175.0250998852,61373.1326831347,121242.0437389227,46372.2489502611,80000.2156299486,122025.1232343984,53646.0594995512,73183.8242745586,101307.0133339054,134133.8043371295,69937.0330112310,30828.5233632933,89866.4214660461,65471.4376361075,27218.7607584037,96743.1226372742,90063.4356295927,20062.1596609403,27668.3678814946,19775.4883475716,76557.5913192348,119126.8497322017,46307.4494434829,74573.1247621637,86642.9584924522,44942.7421884644,106505.4575195954,56933.6925507607,94330.5910721549,14191.6045154900,98323.7221882846,111198.8098497335,92479.3075140968,111440.1005789351,110033.1333617824,14740.8705776920,99361.1752873539,47296.2392982210,119354.2150469081,94653.8658257354,57511.0786133960,5357.5612856999,86275.9351580778,32971.8303061437,82617.7546529628,8541.2192509381,54805.4435656378,63607.1298164072,90596.8043402465,83154.7244467581,86684.6662090505,43646.8476037167,67810.2829998576,123951.9460574334,107325.2644403711,104210.9086210622,10310.9656580301,111396.8046977019,77579.7128242183,67633.8647405963,65080.9275995005,76147.8725499162,66896.3037693837,44167.2008001461,63657.7085652664,78360.7623559169,76441.7238912982,67348.3332149299,117936.1463359154,10763.5106173183,53261.5085992396,55257.3460880083,63163.5640518951,65394.8301428388,25264.4620846952,36742.9798270235,73290.1191142357,53334.1212269357,86982.4474412509,58871.2226587909,92369.5849145928,37126.6877772504,85650.1998335002,79225.3044409438,14145.7657078977,26983.6091447515,93549.1538668028,22349.4323701520,70200.3282192211,69125.1414407829,33562.5953013844,58615.0117969610,67610.7219609682,86579.0901526862,27864.4902393734,18354.5861645759,24558.8638635535,39037.0902177304,73299.8734880446,37625.1470343298,81904.1490155039,74158.9485789880,32851.1300204837,92409.9419769064,66341.9401946096,72217.8239020229,75098.3164371196
579,0,0,0,0,0,0,0,0,0,0,0,0,0,0,0,0,0,0,0,0,0,0,0,0,0,0,0,0,0,0,0,0,0,0,0,0,0,0,0,0,0,0,0,0,0,0,0,0,0,0,0,0,0,0,0,0,0,0,0,0,0,0,0,0,0,0,0,0,0,0,0,0,0,0,0,0,0,0,0,0,0,0,0,0,0,0,0,0,0,0,0,0,0,0,0,0,0,0,0,0,0,0,0,0,0,0,0,0,0,0,0,0,0,0,0,0,0,0,0,0,0,0,0,0,0,0,0,0,0,0,0,0,0,0,0,0,0,0,0,0,0,0,0,0,0,0,0,0,0,0,0,0,0,0,0,0,0,0,0,0,0,0,0,0,0,0,0,0,0,0,0,0,0,0,0,0,0,0,0,0,0,0,0,0,0,0,0,0,0,0,0,0,0,0,0,0,0,0,0,0
580,0,0,0,0,0,0,0,0,0,0,0,0,0,0,0,0,0,0,0,0,0,0,0,0,0,0,0,0,0,0,0,0,0,0,0,0,0,0,0,0,0,0,0,0,0,0,0,0,0,0,0,0,0,0,0,0,0,0,0,0,0,0,0,0,0,0,0,0,0,0,0,0,0,0,0,0,0,0,0,0,0,0,0,0,0,0,0,0,0,0,0,0,0,0,0,0,0,0,0,0,0,0,0,0,0,0,0,0,0,0,0,0,0,0,0,0,0,0,0,0,0,0,0,0,0,0,0,0,0,0,0,0,0,0,0,0,0,0,0,0,0,0,0,0,0,0,0,0,0,0,0,0,0,0,0,0,0,0,0,0,0,0,0,0,0,0,0,0,0,0,0,0,0,0,0,0,0,0,0,0,0,0,0,0,0,0,0,0,0,0,0,0,0,0,0,0,0,0,0,0
581,12485.0467671009,140293.9257959206,105717.7589377271,68285.0100087597,74246.4795217296,69295.6156111356,132482.8000426906,61763.7467333320,32405.4693341017,99107.5729396153,45134.2867347398,115903.3997694296,39006.7098725277,95214.5583358366,77153.0246688065,125864.2803255919,20181.1973057821,63937.5182221239,115163.1187754313,57390.5311924604,111068.3213260045,92075.9452946966,80517.3216844651,64063.0681704511,80547.0662304439,8311.8963522246,53798.2392225056,21638.4347788627,80937.1782571752,75318.3638284840,62844.3502601024,127204.2530722824,27160.7226228760,35425.7052572847,34910.4140266295,90099.5688844758,59649.7465968560,96093.9034978805,49629.3052394560,112565.8581851921,126997.3342040437,34306.4990685826,72496.7834711593,76120.0574297309,66844.5761051742,127171.4660753077,8635.9597082137,20599.7449262100,102392.5390662198,52141.0828302500,115612.1387015217,120686.4925231141,53156.3718873886,53418.5841648648,92060.2184882136,88471.9840265141,65135.3318583149,63731.7713784103,42963.6129071677,84050.8651375386,29647.1953296984,73573.0386816918,91377.1991237086,22208.3444725626,34500.2950488818,70698.8683082987,103208.2682911149,83123.8248924526,63751.6602719782,1.5383302905,54056.8725426511,116825.9360951177,31650.1315145350,85672.3918638692,21872.4293418802,58103.3237102029,131266.9049752174,11351.7123256901,75326.9220259566,18498.9647868733,105831.7534493234,60924.8420306900,80807.0018121658,43503.1569220295,47629.5090624636,26388.5892987184,117944.2986303677,65865.4251983699,56529.5531069364,82025.4939767036,66646.0025410679,85508.5023547658,71660.9519064205,57811.9413667617,62389.4491484079,122643.6406853830,53488.7037134968,73452.0310759050,121202.8835068053,57659.0258742333,73595.2171870434,98852.2918169776,134963.1782498090,67237.0324475031,37287.6319563360,88186.4119117352,60973.8822945690,21223.5235283052,95726.8174046106,86258.5768847470,27626.3134118741,25931.6814525700,28272.6954165052,74391.3348015498,119808.3157056194,52608.1383771839,76703.8090365657,84339.1048040056,48441.5731961910,106025.6903350966,56776.6587497787,92015.5277648565,15808.5871412650,98689.8694518348,112781.3207380466,92259.4935077504,110235.4647154514,110657.4993152870,10882.1146008236,94581.5507899181,49036.9172634555,119039.8048370984,95676.6918164820,60442.6294468133,4369.7055079011,87252.3149516338,32482.7064827476,81825.4835521194,13972.5581564108,56709.7845614986,68067.5940440048,86047.0506275305,79483.1747829822,81114.6370740290,42475.5179409595,70087.8325530721,122273.6246494261,108411.6149879846,102210.8619714887,18822.0438160165,111210.6859818140,71868.7828188440,71182.5619743219,57686.6760611351,68970.5642995757,60508.9754100192,49740.9732649927,66534.5773017252,73835.8255222918,74975.1618564211,67926.7081291067,115926.8510722635,15566.5297015447,52302.4917081572,63920.4562582116,61191.1972066274,66951.1958106534,27665.9605337505,38267.3559481207,65445.7865709530,58272.2118497165,86911.6621423832,53623.0468844886,86829.6901442837,40579.1422030015,78850.3437250396,80963.2444256769,6349.3102303872,27250.8290851823,90717.7045980348,27042.9881622202,66508.8773893358,62011.8558305439,38347.0264916298,62908.6583167000,59689.1487698976,85315.4938662303,35066.1861562030,24584.8506003438,17513.0056346359,44363.4989307081,68006.1560062620,36389.2809316514,79280.5669124841,65932.0088419338,29675.7404076492,91166.7971331215,60444.8513766683,67739.3122049486,71612.9545138562
582,12493.1405252793,140781.0712512222,105781.0428190976,68812.5654464695,74810.8556889297,69024.6468257765,132785.1023079184,61993.9666097513,32671.2076456719,99523.0965695785,45763.1650454101,116458.7419901645,39466.3821914604,95457.5668281318,77149.9572745128,126273.7918822015,20791.5773346967,64376.7864444819,115646.2933035162,57296.5830359762,111395.4931334123,92582.3508164779,80858.3866137228,64681.0213083534,80701.2890381768,8518.7955470799,54363.0395572582,22145.9042310580,81379.4598650888,75181.6898114743,62914.4761053940,127720.8783473778,27361.2560751126,36018.6148443333,35513.7628170846,90169.1292800699,60277.7766283667,96423.2210823386,49977.1254205932,112957.3750185348,127352.0052137448,34774.0077014961,73001.5695293134,76369.2851719539,67186.9110387701,127636.6238823666,9240.1603974976,20981.9262234712,102868.5829284958,52756.8023445557,116051.2727968898,120981.1167388818,53647.6820114858,53205.0516669204,92208.7018842287,88862.8155056977,65723.6102853189,64271.4707005455,43520.0343817440,84586.7810673282,30275.8443484483,73657.0429781764,91833.6446083188,22054.5853748513,34833.2063056012,70877.2226756849,103578.1286467166,83055.1085235097,63575.8376903460,38.4521354174,54074.7268866533,117354.1776295122,32182.6193598220,85919.4005545310,22489.5483330278,58484.6435066631,131759.7474311708,11870.2519848063,75726.8504525734,18810.9324789029,106273.0814204321,60630.5099152257,81297.1263051561,44113.9453197402,48065.0698869340,26901.9092998670,118295.4614257329,65776.2305090455,56826.9189115707,82114.3848525777,66643.0514538769,85504.1274031529,71461.3236452039,58438.0014696866,62882.4004191588,123140.0006203197,54110.8087125475,73389.2951799645,121585.4478900904,58257.9193272730,74055.1768199528,99136.7795534931,135431.5683675054,67516.3152456766,37915.4143960825,88524.5134252936,61118.5018527609,21288.7757391133,96103.0914387362,86448.1211344977,28231.2753564248,26327.8222504509,28673.8928361986,74703.2444294799,120271.3178828256,53236.9953220864,77238.4236662174,84638.0408355414,49030.2699388319,106430.3107351965,57215.9943096617,92311.2961743087,16391.6613534519,99140.7429468209,113286.8675350312,92681.3568136247,110597.3892679949,111119.0437868312,11242.7927829181,94687.8784274915,49567.3933869841,119451.2918036721,96159.9107235594,61010.2856916731,5406.9272894393,87735.2253918072,32931.6057216490,82218.7129671830,14271.3873248665,57242.4519509602,68674.7058377105,86175.7583736236,79685.5395809563,81152.1409138028,42872.1292592138,70629.7987402451,122604.2693787967,108895.5385402788,102524.7820920554,19357.4869960130,111630.4180524979,71895.8995664184,71766.3324543542,57523.3070828489,68832.3791125398,60470.0938526757,50367.0888651679,67098.6530982143,73971.2740217713,75331.1802736953,68396.9604934219,116237.3509001504,16195.3302059842,52701.5195925728,64427.3833927406,61522.6337233280,67465.6570372946,28240.1379351564,38798.1949325210,65211.0968991683,58889.5759505891,87342.8547827289,53705.5785009131,86868.3082816219,41170.3258209047,78756.4105499711,81481.0840791097,6459.8319167873,27747.0587531476,90978.3026702495,27665.2353564741,66715.7388391250,61884.7239664655,38966.0345508525,63512.9579201410,59443.1399500641,85680.0380576332,35683.9231371387,25212.1433784393,17460.8379868646,44987.9139967196,68075.4608836283,36790.7697792532,79559.6183467804,65626.8328489364,29965.9161094642,91530.8241045606,60458.7268098285,67881.6366039221,71832.9803287996
583,13306.6574594357,141292.7734827407,106590.4391860512,68370.3471829522,75167.9181454499,69763.7961093552,133496.5240951151,62749.2118766488,31936.0376320570,100131.2486391292,45769.8837506945,116837.8456219804,40019.7460830872,96206.2428811687,77964.2045143064,126888.6874398825,20608.7962089181,64956.6015632848,116164.3420037733,58103.1492754756,112088.1234067366,93062.2330268555,81539.6075216830,64831.6262303797,81488.9581561125,6937.1314874623,54719.8180224090,22627.0530432778,81955.3357396918,75978.4165301089,63722.6901422937,128181.9868741376,28129.8301940187,35753.0223142273,35745.3781422569,90977.5553467020,60236.1057761402,97114.1090955856,50652.4741267319,113591.5834059248,128021.5498530457,34234.7819323661,73484.5433908976,77114.3881447169,67867.0171700593,128181.4201153353,9486.4296549610,20344.3504721995,103397.5854417517,52922.8257042074,116631.0238908176,121697.9195532275,54153.5944094095,53974.7408103171,92998.3292214342,89497.7396834241,66010.0208130998,64687.3178675211,43898.7009564295,85010.1951414457,30259.7259027863,74462.9416883994,92390.7431793847,22848.6535360528,35520.7915101712,71656.0388733656,104233.7349459831,83865.3599321702,64360.3988876146,1211.2248239504,54888.3368501754,117792.9280222538,32615.4750533295,86665.8111581185,22653.5162459057,59129.1549860642,132262.3140513869,11435.6790295991,76352.2546735818,19513.9699034272,106850.0730682643,61355.2092430238,81804.4621188290,44308.8776357149,48649.6806928185,26440.3860260826,118968.0926323388,66583.5352424211,57541.5100109379,82919.3943090928,67457.2949797100,86318.3825318039,72236.4912759651,58515.4722599540,63385.4449792586,123636.8108298556,53993.4046539366,74200.3179202573,122228.7356152998,58505.6132106592,74607.5685399864,99860.3853221661,135971.7000535000,68243.1578790602,37871.4136658832,89208.2267014511,61909.1394366581,22096.9489022434,96752.5555139705,87222.5242561979,28017.4510255330,26957.3729003753,28052.9783088307,75407.4837417509,120819.1938069773,53230.3708495541,77664.7004346278,85351.7173403448,49316.3122488646,107050.6157957325,57795.7894939624,93027.2208838472,16703.9738522251,99705.3177756132,113768.0716776737,93282.1926849326,111260.3790318529,111669.0023446935,11905.8915812034,95489.2140319577,50003.0265206699,120063.9849878864,96678.0130442618,61359.1314663702,4755.5483835839,88253.8756642420,33499.6101294590,82851.1624521368,13566.0109538158,57673.3062388449,68885.9640498055,86971.3251096654,80454.3551520375,81964.4509332189,43501.1123535057,71040.5407218017,123294.1426188883,109412.4590695944,103227.6219229488,18944.9357845082,112233.7020943962,72709.0058531251,72067.3969083715,58312.2969207534,69628.7724092023,61283.3202749852,50444.6390075780,67456.7542269436,74764.8266989856,75999.4539766611,68934.8078861352,116942.7734040773,16224.1663518523,53327.9277903078,63946.8092753850,62211.6870922318,67931.4816827307,28574.2072163312,39233.7577884767,65970.3333049771,59044.5511153433,87932.5551366051,54511.6014428021,87680.5308972697,41448.5374955904,79562.7848233584,81940.3873243433,7951.8974809707,28246.3401915379,91716.8926305390,27788.7887384167,67482.4097347432,62684.1218292651,39112.0755669769,63737.4663855597,60196.7270369578,86340.5939718020,35536.7918267478,25163.1528721114,18273.7368673300,45086.5873246687,68883.8343554456,37414.6272339078,80286.6922278520,66343.9127912527,30684.9091072940,92191.8642993306,61272.5405765848,68673.0586481854,72593.4513634196
584,13762.2873439053,139324.1136952862,106607.2625961706,65883.7129223653,72812.7427549051,71224.9071429479,132419.3910873890,62037.2754433680,30562.3187422295,98524.5921240419,42992.1421345128,114521.4859224307,38244.7849026154,95414.9054378652,78283.8939787535,125304.0361745285,17827.9593088539,63251.8311045062,114220.0221103741,58826.9619152466,110899.6113506168,91006.4830921816,80297.7291656548,62158.2108767215,81109.0643489104,6331.7982001509,52372.8190638074,20664.4607259085,80225.2279484586,76874.6755469016,63730.0246906974,126066.0536505719,27626.6269390598,33027.1403111351,33186.7875995788,90971.8390742209,57442.1313055260,95920.5179129613,49406.0391072631,112096.7927307276,126699.1042405747,31986.3276118572,71445.0289278943,76303.9662880069,66628.1694101781,126324.4294432088,11512.9400650969,18471.5135905260,101492.0953317228,50268.9152884836,114904.6046308025,120659.3046023120,52197.1867414603,55204.4092106162,92638.8858779100,88014.4920027179,63523.4211768455,62470.3707585804,41608.3304059470,82804.2225271163,27474.9615890592,74401.2601325314,90586.2788811621,23879.7951150007,34376.8220517104,71173.1587167453,102845.3964326861,84467.4690969964,65427.1250392531,4119.6410359334,55133.0988083647,115618.9141438857,30476.7052760438,85860.2963740418,20018.3594114686,57712.0145121696,130266.4301595748,8969.8923894162,74831.8246980958,18559.3246156221,105115.4373809870,62914.7001601185,79835.7023415898,41693.3423545515,46980.5297924151,24004.4538129709,117664.4102606694,67281.6046272879,56524.1802886232,82831.3767072779,67782.4272727090,86640.0867268448,73400.0046878867,55777.5981777706,61412.6994080776,121624.6870396211,51196.4580479069,74780.7335332765,120774.7102283025,55958.7566424289,72793.7918846507,98875.6390008292,134097.3304415579,67299.9041436214,35077.7774443040,87976.5164426940,61586.3331846822,22222.7270700156,95336.2058658057,86679.7673592811,25253.5070250631,25542.1199167624,26087.5990446979,74306.6683174070,118974.3358827711,50446.7162638397,75468.3185302687,84305.9159256750,46836.1317107089,105494.5583315702,56097.0188226224,91992.6287337947,14339.5593098333,97925.8775988431,111711.3361789248,91647.1770990702,109907.6876524198,109833.4546768158,10853.2900639946,95318.0188903303,47846.6836849051,118471.2950467156,94738.5685731165,58992.0600138860,1386.6273668825,86318.9000052006,31795.4210527567,81359.4976003114,12105.3563780397,55498.4479011908,66284.2528837494,86703.4634094967,79856.7681630182,82104.3319225036,42031.7613862002,68808.1655317292,122086.3253366453,107465.9394068390,102104.1768290810,16417.4411057680,110602.9954093515,72899.4305132226,69604.6576640259,59329.8715748602,70534.0969643508,61768.5550403001,47707.9782325165,65106.4287801041,74473.3278062445,74689.8634326492,67073.0479843590,115831.1844764066,13469.7486189186,51831.7074123615,61540.0234180978,61029.3592827016,65845.1523889339,26209.3973214299,37089.9791585744,67282.4075065538,56376.8808080702,86254.1634157986,54472.9627415445,87812.9769883448,38960.1451457385,80275.0668520898,79829.8035698936,8825.8774960022,26316.2206957332,90846.2731898790,25101.3537301579,66873.1334179217,63546.0941291589,36440.9842681208,61155.0858028056,61557.9026822850,84984.7075090528,32745.1450265629,22369.6003998112,18917.8748890562,42367.8281548765,68890.9083269050,35934.9506544891,79336.3038917386,67946.4004422916,29759.1255411417,90835.8091043575,61528.8338721839,68354.8934964574,71920.1739933141
585,14656.4136165543,141760.7945553561,107889.9474658228,67212.4789239642,75326.8950255017,71213.8142849304,134443.5609994501,63830.7379898376,30488.6729801611,100819.9992499144,45303.4918856106,117033.0607313474,40602.4356298808,97263.8086860130,79324.3259074668,127590.9280960936,19867.1314744460,65586.3862383324,116648.2307757243,59521.9250649438,112985.5104141733,93467.3737193928,82410.1708025653,64606.4197701722,82681.4965873007,4076.8993429335,54886.0423469407,23081.9741171004,82572.2451853541,77415.6213067957,65015.5638031898,128543.4152592478,29265.0696464143,34856.8897399051,35688.4904172788,92270.6714951142,59680.5972947113,98008.1191359228,51514.9972618560,114341.1577822891,128857.8848948544,32964.3018891729,73900.2949556232,78162.7206390018,68737.0037249735,128722.9571578935,9582.2130321023,18972.3671619111,103906.7997183002,52731.0055501567,117252.2757487276,122660.5235908923,54624.8589558214,55427.8150806682,94198.1240926503,90251.6202692622,66035.2855181336,64966.9928997728,44115.1088146985,85299.6736339351,29771.5662842571,75740.8502821393,92963.6143671677,24289.0077602632,36422.1140403114,72815.7241754387,105036.7175347555,85270.9583203171,65808.3581631842,2602.5981976671,56230.9587672440,118108.9475587733,32952.3597401227,87717.1739360968,22499.0170287995,59912.3903765884,132711.2932548388,10344.6060262299,77085.3712629716,20474.0292919905,107465.9967502826,62800.0488640859,82270.1700565212,44175.5959481469,49296.6152704204,25273.1384204417,119812.8950865878,68000.0975252182,58505.2773531951,84191.7871141810,68817.2632409624,87679.5866843418,73688.4151396346,58163.5030720924,63846.8704231756,124074.1782684332,53316.8245334429,75602.2537664092,122999.7858914587,58461.0061588585,75173.2696487698,100843.5913617101,136502.3103712490,69239.0877959280,37326.3980938978,90084.2756670009,63115.2712642276,23396.6711643746,97541.0705760725,88365.1553174217,27210.1029611528,27726.2417905162,26694.2286558138,76339.6951338502,121368.1973454206,52736.7555594821,77961.6947403195,86308.4313982603,49349.1373197388,107767.3766582974,58427.8617435460,93989.3960242397,16850.0102263820,100293.9528894795,114173.2115112069,93954.6884760874,112081.2548208137,112223.5257329615,12797.4797103634,96741.5138330075,50329.7703286683,120761.5233078808,97164.3870100335,61506.6939598965,3588.2028995215,88742.7837155037,34120.6733437504,83600.0418312830,12138.3451244281,57986.3306787290,68769.5693043522,88196.7034636817,81578.1455999568,83289.3662228049,44253.5598540020,71307.7831244389,124183.5029875634,109894.6245836396,104153.0220828497,17856.7683651074,112909.7827921758,74043.4698155867,72118.5857978520,59757.2658999526,71066.4044469819,62669.7700491697,50097.1173678045,67620.1630461646,75982.1001729351,76837.7780985644,69469.8420575062,117874.2214336281,15857.8911969045,54069.6619593242,62740.6443758323,63106.0644421944,68312.8260064150,28722.5428414436,39568.4929603247,67423.9462418817,58829.6377932822,88580.0474664701,55791.5844805962,89004.3831946026,41472.7202966229,80981.9466415928,82304.4774568826,9053.1419648134,28726.8046211814,92744.2733984488,27548.3533747359,68600.2822826764,64117.6069785197,38895.0458318251,63647.4410509818,61649.8734691004,87157.9491849520,34825.4354572081,24629.5189115738,19666.2263238873,44779.8513033409,70177.4746199260,38159.0657038504,81281.6388599488,67785.2405384939,31672.4742493086,93009.6966198809,62618.5899910865,69881.7933193724,73690.3514113383
586,14968.0050417882,140098.6861530014,107820.7432858957,65204.5077843973,73371.2964892106,72322.2901861902,133491.5242830480,63184.3753359238,29425.3915122650,99450.2241705675,43026.8165290880,115100.4689186410,39127.7815635139,96545.4968978668,79502.3720379202,126234.6313797360,17585.0281632198,64149.0249453435,115008.1685399924,60028.0031029792,111946.9386913345,91743.2265626061,81335.0572830992,62405.4208402188,82295.7539249017,4111.6541915414,52944.6583986226,21495.0685186028,81108.6600296137,78061.5482848673,64944.1332804371,126766.6093780407,28810.8794775896,32628.6814463258,33592.0528881643,92184.6605879570,57391.4014369224,96967.9646868339,50449.8331545415,113058.1094231061,127710.3420933096,31144.9715278773,72194.1759215376,77433.1732999383,67668.7899442802,127150.4449472587,7741.5231922890,17454.9052636936,102299.4194433192,50548.3044665942,115784.6967488370,121740.5825441527,52993.6126599569,56344.3471700399,93826.9538462697,88982.2459836451,63979.2554445945,63123.8475388626,42226.0599010201,83458.8905195632,27493.1871012956,75611.9691254195,91438.4211917433,25039.5622934307,35453.0850394597,72349.5810197549,103839.9445916501,85677.4496138269,66592.9104126662,5320.4443410218,56351.8136412925,116287.7032380626,31198.4349492028,86989.3045129828,20358.9111815288,58706.4072864198,131028.5934339216,8263.7428301734,75790.0705263190,19691.7979342284,105993.3943606754,63988.4855704891,80617.4856590999,42026.9787553951,47897.4426119237,23281.8499488020,118681.4241006079,68485.0487155829,57617.9951959528,84040.4257170795,69000.7805274734,87858.5875581476,74552.5355516985,55914.5943643199,62197.6322563794,122379.6320751333,51028.8673199339,75991.5466746573,121748.0236886133,56360.2310431224,73645.5957373955,99969.8265104839,134915.2093760252,68406.2277207023,35038.9269945218,89015.3550274074,62779.9145473521,23441.4309421182,96323.3721876475,87847.6888615526,24945.5772712713,26559.6009403752,25112.0879700589,75378.8214515642,119806.1835524662,50454.7843689321,76130.3662967728,85388.7738951621,47305.1858511811,106436.6003446491,56998.9223105141,93077.0303306315,14964.6581814651,98787.0909431660,112444.7625888278,92563.7787056139,110911.7674009298,110670.1636834613,11993.1849130004,96521.5657668898,48542.5703455009,119399.6885826087,95531.4010702845,59546.3529711748,276.4027598101,87115.1722886387,32711.6251160445,82325.6682052283,10964.2741478643,56179.7475544488,66623.0055586174,87900.0505576998,81018.0743124992,83321.8122369145,43017.5811393281,69450.1093312381,123128.0457996375,108253.8087422329,103167.8015839644,15770.2197003089,111518.8405594239,74117.7671984334,70079.5012386296,60501.4677902880,71719.6390001672,62983.0327088844,47850.8125234511,65670.7365246021,75668.5995114338,75710.3573777339,67906.2092754193,116896.4746181294,13625.6437256206,52804.3358631028,60800.8915353875,62085.2429838441,66571.6842977569,26793.8984135700,37801.1411090616,68409.3390823453,56634.4060123779,87155.9319966384,55685.6624459259,89030.2424093889,39427.5933794752,81478.0923541671,80539.6618016580,9421.8216689499,27148.7808198381,91963.2918831255,25354.8418571849,68034.2413447280,64735.5324240731,36705.0803433353,61517.2063291909,62674.8558047085,85990.7391499127,32540.7576317661,22345.0145934993,20115.4248277880,42549.0827793103,70104.8260628291,36921.9836636235,80439.4338355419,69010.1015226126,30882.7712483430,91840.9851170862,62747.5464766241,69548.2907827665,73071.6550094755
587,15734.7899859201,138623.2947385474,107959.2291909507,63205.0933611950,71589.4103442161,73579.9800852321,132750.1275043284,62788.6124756799,28388.7024995483,98291.1686206475,40850.9956247372,113335.9157048082,37910.5763631686,96051.8435065545,79894.2391660892,125082.0071275790,15369.0911702058,62938.1069534995,113560.4399222426,60747.6209998487,111124.1337582470,90211.2000159451,80489.1269672670,60334.6101045513,82140.3440778561,6092.9699755207,51188.0546470273,20220.3981699797,79859.0063650004,78893.7820551185,65110.8969221935,125170.4942788894,28699.1839175305,30446.7843596100,31665.3459629451,92314.7379774646,55189.6418214607,96149.3958783204,49645.9601525807,111984.5892746341,126771.9836295122,29346.8903564389,70689.2373635377,76940.2720795462,66840.3855610829,125771.8359519919,10919.6343008131,16030.4933547315,100889.4898950766,48503.3173998665,114518.6837950532,121034.7309492649,51584.1152597501,57444.0327588123,93678.4638844852,87931.8772439978,62084.6199158047,61472.6230273118,40538.8772979050,81802.1094090344,25316.2190644237,75712.4142893715,90119.1509180245,26078.6116080898,34785.7632393987,72123.2106818769,102858.3134473157,86281.1035261702,67562.0052879628,9367.7658500929,56714.3922365152,114645.0898899272,29686.8672704748,86491.4289011060,18395.3066542498,57744.4863738837,129532.6297616929,7311.4573091355,74720.1026466224,19324.2045886569,104724.7267430082,65323.4593692886,79166.5016709244,40028.4506150688,46745.6927267075,21328.5091671280,117761.8822230562,69175.6837082894,56986.1435928339,84112.4857049549,69407.1360743048,88245.5508187517,75587.8026302539,53780.3134051616,60760.5819630607,120872.4424829063,48812.6841690019,76585.9739483070,120704.3639299382,54414.8807123323,72331.9821065626,99318.5067916664,133519.8928564265,67817.1757601332,32842.2996629502,88171.3152274974,62692.6665575353,23852.5790440949,95323.1400121590,87558.6607733779,22738.2929008801,25723.6353805773,23569.9867985698,74653.7624652520,118440.0797299413,48268.9904161313,74486.4775218093,84698.7135876829,45432.0252303859,105315.7200467775,55803.6745294580,92390.0504143965,13375.6380466565,97484.6149236788,110903.0884837058,91385.2943607674,109955.7100487596,109315.2659668418,11758.0848530350,96519.3384335808,46964.7357273440,118242.9352828559,94096.1536822017,57764.3661348731,261.2551036710,85688.5211349728,31583.8354195458,81273.5495548812,10043.8126853731,54573.6857697778,64619.5360733959,87828.0836160331,80691.4999739807,83571.6928268909,42048.7011410773,67779.6508094710,122284.6643868061,106806.7805695777,102402.4170525640,13739.2281363497,110333.9231702455,74415.0975759880,68202.8828308294,61439.9271123639,72563.5397460127,63518.7316556669,45721.2256886294,63898.5655686540,75589.2931185228,74814.4734308427,66557.6897926347,116133.7302090967,11540.3941709381,51787.6203314927,58864.4190094325,61311.2278720750,65031.4540072983,25086.5515390103,36259.9819285675,69559.2472627869,54571.9761287121,85944.9671346794,55831.8409280566,89269.9972517060,37558.7298327657,82168.5812833486,78967.1789835686,10401.9862376013,25853.2617235039,91409.2754721341,23308.7071637299,67713.1523004325,65553.3569825917,34655.6196064582,59534.7339743551,63865.2845339065,85047.4664387995,30324.2231513106,20156.6223030860,20929.6515928812,40442.3382635962,70264.7878207193,35967.1401979156,79830.9489675675,70373.6703449345,30420.2688697417,90893.2002707693,63109.0234540139,69455.1694930776,72693.2529671936
588,16651.4002675286,137180.9331201538,108065.3350600907,61340.7641220327,69868.6766013983,74767.4582887376,132007.7297874736,62413.6606110568,27592.8882449698,97159.0733148689,38763.3845372637,111623.3912718401,36775.2798432663,95558.5910174956,80256.7126285387,123948.8467666537,13255.3930101562,61774.6911165076,112148.4012122258,61437.7943566365,110309.7798647281,88724.3186425682,79666.0424891228,58341.3627846974,81978.9208985809,9052.1313107963,49501.0410878351,19102.9501713233,78647.4080736987,79675.3034636688,65271.8231554866,123615.5998963650,28683.5111644156,28381.7214058085,29825.9705832775,92419.9968660646,53079.8578234047,95344.6293793253,48894.3074373207,110930.1456018587,125842.9124527576,27730.4093961600,69235.8053274361,76459.0246142409,66044.2083157806,124423.2893626989,9773.4268512579,14911.8662713403,99516.4365668926,46536.9800636686,113279.6940883024,120329.2656851266,50237.3732987531,58495.3308649736,93516.8095128096,86908.2166391869,60258.5933029574,59882.2456453297,38929.9757197862,80198.2228822100,23229.7343246289,75800.2606573625,88836.2786444097,27145.7946711103,34203.3283416310,71901.5513429264,101894.6503033871,86841.0567328063,68481.1478218544,13285.9095850341,57071.7785121626,113047.6829795781,28276.2108993375,85999.1441997078,16542.7210992968,56828.0518106006,128072.0193545555,3764.8991082636,73684.6756200764,19138.1180840391,103485.6947698245,66588.9894732170,77761.2766601231,38110.5569777308,45658.3993128539,19552.8786499849,116853.0525930334,69830.2159929662,56390.6295523452,84167.1884089656,69791.7778757395,88598.0855389229,76563.7543085464,51729.0302698762,59378.9439582447,119402.5222997159,46695.0456016864,77143.3976919624,119676.1881353150,52542.5669004708,71062.6312418247,98672.7218028467,132154.2033880070,67251.0174895102,30737.2307100427,87345.8044843485,62613.7613493494,24361.9161468851,94344.4531679816,87265.9046234066,20639.6645308010,25016.4244650000,22258.2544326164,73950.9427435413,117104.8056716619,46172.2622684254,72897.3929367830,84022.9994616547,43634.3333782465,104217.9140037356,54662.1443142432,91713.2203180444,11988.6263723159,96215.3642332145,109402.1556480219,90237.0936909566,109014.2151570112,107992.6636839301,11852.5179395797,96496.0640590095,45457.1346061421,117107.3640917239,92700.7873935002,56048.8976227895,1391.6144537361,84304.1607062631,30556.0292645915,80251.5129798469,14076.0404134935,53031.6748843625,62688.9936309427,87742.8591565063,80367.1501406239,83796.4213073790,41149.8576677821,66167.6153643605,121447.4165008768,105396.8511466054,101646.0953359558,11896.1955491924,109173.4339065462,74691.6906857590,66392.3422153905,62335.6784997726,73360.4594009524,64031.9473298105,43675.3040691213,62189.9017848533,75505.5044359520,73946.9308494626,65258.0674730940,115375.2853402351,9573.9474149866,50825.2157227133,57069.3069905672,60573.0524301879,63546.8295603386,23487.3173119025,34803.8887163449,70647.5024980816,52587.6052696524,84767.8031387473,55984.7930015011,89481.6058701360,35771.4631594605,82813.5167215823,77445.1341423447,11606.8987868253,24678.8358621926,90860.4586950516,21356.5512888577,67404.7478769517,66331.4146106762,32690.3696149774,57625.2704652195,64995.9391149080,84128.1781516618,28208.0733473909,18060.5315969942,21829.4207951905,38419.0438117133,70414.0928368479,35097.4892266961,79236.6323466654,71662.9689439606,30056.2638011284,89966.7424537750,63457.4114694670,69363.5237984551,72325.2999090137
589,0,0,0,0,0,0,0,0,0,0,0,0,0,0,0,0,0,0,0,0,0,0,0,0,0,0,0,0,0,0,0,0,0,0,0,0,0,0,0,0,0,0,0,0,0,0,0,0,0,0,0,0,0,0,0,0,0,0,0,0,0,0,0,0,0,0,0,0,0,0,0,0,0,0,0,0,0,0,0,0,0,0,0,0,0,0,0,0,0,0,0,0,0,0,0,0,0,0,0,0,0,0,0,0,0,0,0,0,0,0,0,0,0,0,0,0,0,0,0,0,0,0,0,0,0,0,0,0,0,0,0,0,0,0,0,0,0,0,0,0,0,0,0,0,0,0,0,0,0,0,0,0,0,0,0,0,0,0,0,0,0,0,0,0,0,0,0,0,0,0,0,0,0,0,0,0,0,0,0,0,0,0,0,0,0,0,0,0,0,0,0,0,0,0,0,0,0,0,0,0
590,0,0,0,0,0,0,0,0,0,0,0,0,0,0,0,0,0,0,0,0,0,0,0,0,0,0,0,0,0,0,0,0,0,0,0,0,0,0,0,0,0,0,0,0,0,0,0,0,0,0,0,0,0,0,0,0,0,0,0,0,0,0,0,0,0,0,0,0,0,0,0,0,0,0,0,0,0,0,0,0,0,0,0,0,0,0,0,0,0,0,0,0,0,0,0,0,0,0,0,0,0,0,0,0,0,0,0,0,0,0,0,0,0,0,0,0,0,0,0,0,0,0,0,0,0,0,0,0,0,0,0,0,0,0,0,0,0,0,0,0,0,0,0,0,0,0,0,0,0,0,0,0,0,0,0,0,0,0,0,0,0,0,0,0,0,0,0,0,0,0,0,0,0,0,0,0,0,0,0,0,0,0,0,0,0,0,0,0,0,0,0,0,0,0,0,0,0,0,0,0
591,0,0,0,0,0,0,0,0,0,0,0,0,0,0,0,0,0,0,0,0,0,0,0,0,0,0,0,0,0,0,0,0,0,0,0,0,0,0,0,0,0,0,0,0,0,0,0,0,0,0,0,0,0,0,0,0,0,0,0,0,0,0,0,0,0,0,0,0,0,0,0,0,0,0,0,0,0,0,0,0,0,0,0,0,0,0,0,0,0,0,0,0,0,0,0,0,0,0,0,0,0,0,0,0,0,0,0,0,0,0,0,0,0,0,0,0,0,0,0,0,0,0,0,0,0,0,0,0,0,0,0,0,0,0,0.0000000000,0,0,0,0,0,0,0,0,0,0,0,0,0,0,0,0,0,0,0,0,0,0,0,0,0,0,0,0,0,0,0,0,0,0,0,0,0,0,0,0,0,0,0,0,0,0,0,0,0,0,0,0,0,0,0,0,0,0,0,0,0,0,0,0,0
592,15701.8596016155,142547.5647733505,108944.6101385106,66799.4800784325,75949.3855615384,72101.4837726423,135435.2389052022,64861.7647151992,29624.0840911967,101713.1721229692,45519.1630265551,117672.1536007488,41456.3939019482,98288.2590361618,80368.5618054400,128488.9019211295,19896.8151592175,66456.2758954915,117444.1297243615,60534.5887264589,113960.7946427962,94224.4199171065,83376.9865529631,64987.1598235944,83732.1866271346,2229.4347480543,55517.5556026349,23888.0479299312,83434.4703847148,78405.7575570217,66070.5653949744,129274.9044621082,30308.8239535436,34723.0913904504,36194.5588058201,93325.7129390535,59821.3050037825,98982.6428270694,52481.3781265814,115259.6480479191,129810.4811795381,32427.8277223966,74665.0639096623,79185.2246327441,69704.4203412664,129546.8398366467,10253.7806457915,18297.0199047947,104716.0729298656,53138.5405675645,118114.4047410228,123657.3850159321,55421.3747811210,56367.4302302771,95249.5998101255,91172.9500815866,66578.9850283751,65660.3189766309,44779.5791679837,85995.2090220397,29984.9998015582,76796.4349922574,93804.4775977622,25274.4789870809,37404.3671333067,73861.8851552017,105977.1111762601,86294.1857482889,66774.4571116560,4633.1351649662,57279.5066672741,118816.3068979467,33689.2279687922,88740.2259189072,22960.4758395805,60847.9653789736,133488.6747632043,10085.4417831429,77998.9788187281,21479.7560051050,108326.1239017497,63665.3441111265,83059.4791687214,44626.3442192422,50176.9581793448,24871.6778181385,120768.9069112460,69014.7627876709,59504.6960347073,85247.4531908187,69861.4906998168,88723.5307613961,74637.0634894106,58457.3417524512,64636.5616668967,124845.9665958577,53362.8434841651,76627.8925081267,123926.8254769053,58962.9242068760,76012.3361280457,101847.2524488401,137320.5593058523,70247.5235017698,37487.7487350914,91052.7182302910,64167.6369269023,24450.7939150006,98476.0468500995,89408.2447268658,27166.2251821333,28664.2792995861,26033.2628677469,77328.0494508270,122196.0133100501,52927.9575890747,78662.3488985487,87304.2898070650,49902.9075277508,108672.3126490562,59299.8373183043,94986.7400964301,17508.6411901799,101141.7690047682,114928.7387746993,94841.1102736034,113028.3744071763,113054.4434742630,13790.8397620364,97796.9184092385,51052.6242198105,121657.6814423869,97962.7564646040,62125.3921459778,4608.1974942723,89543.1110757788,34994.5923162141,84519.7140893836,11355.8240959390,58699.5590333822,69222.1911902360,89250.6429999564,82617.7896415184,84341.2505738838,45179.4467299447,71992.9827847114,125155.7030626672,110690.0325886345,105138.1382363390,17559.9492078242,113796.8380045776,75093.7478615190,72676.9351560603,60731.9297486836,72055.8594643987,63703.9129922945,50397.5301689411,68246.7209951637,77035.4262664643,77793.0669075272,70294.9458455380,118861.0451703020,16196.5587716262,54989.3800237931,62273.0747871188,64082.4746513517,69060.4774290759,29359.5866382010,40300.0870678119,68345.0491885600,59219.2074431647,89455.6880511359,56847.0936810003,90056.4397149632,42025.2148323572,81994.2660575678,83040.9726571802,10101.7210518681,29539.3111361962,93760.8579805481,27943.1809130757,69638.9940657041,65113.5011719986,39293.4135618862,64118.6055531533,62561.8217452200,88104.7026564025,34854.6950970285,24816.7355190140,20696.5327917585,45112.1436023576,71232.4463640088,39083.3475897143,82289.3283883903,68638.1248142738,32682.1540773309,93956.3532372912,63666.4248833070,70934.3628334201,74724.5561757552
593,17504.1788515104,138073.9348444728,109108.4035106698,60990.3159535697,70632.6313105810,75540.4194696777,133057.0955250826,63482.2239188303,26665.3820035504,98146.3173028445,39126.4381479157,112388.3917442876,37769.0790485941,96624.9743539270,81263.0946162914,124934.8516622453,13396.6610909892,62757.2779466889,113053.6134741932,62373.4132210618,111351.4757331594,89602.3767324827,80707.5757779443,58871.1742936605,83042.5648363349,7703.9743788477,50289.0760226804,20110.2991946431,79616.3871212718,80588.0053302280,66307.0962737809,124462.3709212820,29733.6152813039,28325.1344367676,30522.0803590478,93462.8162681022,53353.2238024572,96387.8368848021,49945.4820553883,111933.4833755054,126868.2657916338,27171.6964356662,70129.0145636791,77525.9528184911,67089.5456202228,125349.7796765461,11891.8463667374,14081.0702309456,100435.9388574136,47103.3634706450,114239.4314299425,121382.3329457653,51171.0877720080,59319.8026010395,94580.6171383533,87918.4974016327,60952.5023154809,60718.2750367117,39763.0512843506,81024.8124460538,23607.5561227776,76844.4485917523,89784.8541023371,27956.5235317813,35267.7989140233,72967.5497155365,102914.9923312378,87809.2893660696,69351.7944691769,13745.3026014475,58077.4594141738,113874.9463715105,29197.2011366831,87065.6416634097,17247.4268831582,57858.3992884554,128958.3273191288,3028.9321278019,74693.5155007815,20198.5200921315,104445.8452282496,67327.6731956769,78671.2830790527,38732.3552976192,46660.2377221545,19117.0001172847,117881.7313752157,70775.4747572184,57453.1941900735,85215.0392867015,70793.7248348654,89606.5115534294,77416.2999417347,52170.4286785379,60299.4528304958,120285.5312299206,46862.5946337419,78111.6642516845,120684.4066269869,53200.8088371316,72016.5801804330,99730.9995373858,133074.7454902818,68314.7951768971,31043.0179686136,88386.7524715473,63672.0929607418,25330.4347436705,95362.5080762278,88333.8808964014,20687.0840376170,26074.8461084989,21520.4589114697,75005.2423601959,118035.8686228060,46503.8454343200,73732.0227895997,85079.2735560986,44353.8892713579,105212.4735904525,55650.7579487946,92769.2301322073,12941.6654420932,97167.4299232659,110273.0793999470,91220.9626903605,110037.9918060373,108928.1357476436,12878.8985429175,97551.1237086081,46333.4845612940,118093.0248875190,93613.0415611634,56818.6000669980,2139.7382649059,85220.8631596091,31573.2319782663,81262.4581101025,12200.2519483912,53891.3349215221,63290.3102758830,88802.2599072919,81435.5179795734,84824.1958651295,42184.7039642210,66991.9896051421,122486.0209289640,106303.1664431559,102694.5290462174,11524.8968536319,110153.5036759104,75711.5888157003,67096.7228450760,63213.1589674177,74268.3984767908,65008.7195212734,44129.1181913241,62962.4025560015,76564.5546217904,74983.0059283207,66203.8511301362,116423.2329587139,10198.4520323848,51849.0936018094,56652.7899768913,61624.7162254760,64428.6200744186,24336.0204529325,35704.6794111320,71459.4458491597,53130.2448287930,85745.0464531194,57020.4366778810,90511.3653072826,36502.0548067260,83761.9557622319,78309.5996292698,12343.9821144573,25669.4085935906,91924.6673425475,21957.7596817845,68472.8565915144,67244.0874109136,33264.8202098984,58248.5374649128,65791.0777813727,85156.3216450105,28354.4660505784,18416.2555345106,22693.4946629464,38912.7663394795,71451.0604461157,36137.3563468426,80298.6376897172,72391.2599988452,31124.5800435687,90993.5364532359,64465.1638667074,70422.9318171741,73393.8640394753
594,11418.7301561695,140455.3721432209,104732.8094442460,69812.5812540840,74760.0712971447,67823.5106576619,132049.1805492547,61148.9935716874,33872.2240286926,99015.0614756869,46243.8362585091,116365.9373104618,39080.9474305421,94628.0400765705,76046.2126922088,125750.1892261651,21534.9675528058,63930.3161431440,115310.5254494691,56135.9507268148,110704.8941869563,92318.1704071692,80196.3318853595,64952.6512827974,79752.4047054839,10874.2151792421,54318.5559173129,21916.6034480158,80937.6376015472,74001.6593648617,61875.1721911265,127486.8091410333,26486.2294160658,36841.2717512291,35679.1659247871,89127.4847674667,60817.4060269554,95737.6229203460,49334.0416318441,112394.7336476372,126712.7144392269,35865.4142492074,72734.9559408422,75550.8741061766,66529.2316746180,127250.1399980651,9475.0275430238,22145.5309319029,102513.6124189232,53009.8339194081,115598.4051043981,120232.5821559671,53344.6485217749,52005.6054229821,91252.1271050375,88300.6874325959,65788.7885133327,64124.5788556015,43444.5214430574,84422.7032942724,30798.4476844900,72630.6102546715,91426.7871722394,20871.2853155331,34168.4232253410,69959.5143075892,102970.6725802555,81907.2613962740,62383.6176565552,28.0594416375,52989.1908630495,117159.9420726726,32023.8228752040,85096.6659739209,22774.7780513537,57907.0576232494,131451.2319374348,12892.6167943208,75186.2414814092,18126.4228674301,105826.3526291354,59432.2557357638,80984.8379138543,44328.3736724896,47614.0929468679,27929.4797073897,117649.7875895253,64617.7017661835,56089.7357389291,81092.3602629765,65539.9400829839,84399.0552012875,70263.8774080778,58816.2768651440,62581.7449559407,122842.4911248306,54749.5621249266,72245.2288524597,121003.1852113157,58385.7744459888,73659.8874132171,98372.5252171300,135053.4189457617,66746.7460224383,38467.8732746173,87856.0171478226,60160.0215957331,20256.6490309516,95509.4485851189,85543.6749247485,29000.6849961122,25799.9567129772,29825.7901173399,73988.3941730031,119879.4872889508,53732.3796816181,77070.6850100172,83899.3951516920,49102.1161713811,105896.9355131016,56771.4033261763,91566.5284618392,16469.1437936560,98718.7431655767,113018.2022039821,92188.7293459563,109973.4078429170,110723.9412689119,10683.2723122772,93683.4232252593,49391.5562298349,118932.5655166143,95825.8500982696,60976.5035192527,7441.3945102558,87401.1823043136,32522.6179010842,81662.5356747349,15466.6541728667,57071.8799999208,68855.1345497842,85196.4697633500,78798.9204576785,80081.4296787130,42332.7525218622,70490.0418301187,121919.4482038229,108562.4030452653,101810.8278308165,20346.0613532325,111131.2219490321,70816.7363975364,71806.7945226597,56334.6348760267,67651.9020676981,59341.6391315879,50748.2855781732,67047.9408378320,73000.6282597874,74698.8248443179,68030.3767875799,115516.5003107429,16687.7041570017,52163.7915083921,65463.8852393858,60845.4451151876,67230.8791063797,28252.6378839145,38628.7417599807,64009.5815233481,59156.5598059641,86873.0399200771,52679.6528807144,85798.3108627606,41259.0650014732,77595.0875978288,81255.0543863982,4682.4690723131,27474.6595045645,90176.1314464698,27999.4538026264,65836.7342768226,60708.7245534424,39255.9970439217,63674.6731897749,58241.2215182191,85063.4181246634,36368.0180933296,25784.1093386831,16332.4577251761,45341.9738095343,67034.9080501580,36265.5155755154,78788.1179413074,64430.7188249728,29227.8481887219,90912.5644021356,59369.3415033176,66919.6327526077,70971.8819034349
595,15727.1240584417,138829.2080975546,101159.6091615474,72576.0751543951,74024.4996978966,64141.3726110807,129253.2954589486,58093.7030015128,37568.0119053120,96875.1503428695,47274.7817245538,115456.9801048595,37421.2406321261,91593.1425297747,72363.5877806127,123551.1740989796,23590.4629542024,62010.1033607826,113666.6390926753,52366.9205543218,108040.3224274859,90906.4029988253,77629.5169464680,65253.2936320419,76416.3013436838,14331.8879883760,53649.0207817653,20918.0812986540,79007.2644504379,70219.9525085202,58329.9154186716,126140.9121082930,23425.2287249657,39040.3396873162,35759.8749132413,85570.6420198757,61997.9068094741,93094.1012568000,46865.3172938316,110089.7905097205,124185.0136173595,39022.2129632991,71340.1706925602,72555.5598942146,63988.8036972218,125449.7759807070,10454.6161333140,25627.7698622810,100821.0523135343,53283.2009718113,113609.0833319215,117405.8017382911,51880.8218413812,48253.6396338991,87893.4969467089,86012.3453854948,65432.4798242945,63111.9079855401,42720.8510912893,83323.9980512720,32054.0396871822,69111.3190195570,89589.3168005715,17089.5533807519,31688.1809015591,66706.4442128383,100542.9726521117,78152.5603242692,58608.5537650557,768.4124447042,49346.4120047721,115940.4719898526,31115.5176941772,82084.1749227985,23378.8935044066,55611.2512957173,129880.0947708418,15942.0667131466,72972.8148171661,15744.6557772991,103860.6521723308,55791.9801485659,79440.5388418844,44513.2282492056,45719.9019396474,30872.3254170266,115107.5392049946,60850.6534928451,53338.1684887269,77581.0351764401,61859.7822453448,80713.2032329885,66501.6599790906,59474.9284213028,61102.2536621361,121308.5054849758,56273.0281615894,68495.9621219225,118638.4565090628,58245.1732447605,71876.6533087392,95511.1590399159,133274.2015342493,63891.7425906307,39767.8710173612,85265.2389929985,56809.3776005022,16781.1273249267,93125.5259821535,82317.3257971775,31066.8770898100,23801.6301930196,33241.3636680286,71278.6046410286,118066.9882571835,54785.7655340637,75970.7141676942,81115.9413602856,48815.3762089925,103679.4484157287,54871.2821833397,88761.6753501229,16580.3417329851,96830.5960465138,111576.4846280658,90098.6769740443,107495.4078598380,108906.9574545885,9021.6710917271,90209.9590728376,48331.0788144209,116750.5570148721,94200.9656840959,60321.7100144643,9721.6942388668,85784.3266591344,30831.6940309035,79397.1738056148,19123.0912922472,56003.4127835750,68856.6146066491,81784.3894060786,75621.3850047484,76463.7131384807,40191.7710636386,69486.7653224357,119266.6830844818,106930.6029351204,99085.5817857198,23200.5799931214,109009.5570793142,67183.0498812628,71360.9690521937,52555.4737775667,63870.1549881535,55617.0957466520,51440.5727465816,66326.7420913961,69613.4696699114,72221.4461677446,66341.6797187569,112766.7437143473,18063.7581170536,49997.6018575121,68370.0746227192,58256.9958506303,65942.4570529713,27921.0274528972,37638.6611623780,60278.5282248956,59456.3207597063,84854.2818270556,49169.2505377565,82181.2918257508,41062.0421759670,73824.8808286139,79971.3267412298,1536.7390895538,26257.0440376264,87216.1647701987,28684.4273900656,62686.8564791942,56928.0811817685,39708.1389673867,63627.8709723052,54523.6701493004,82621.5400475473,38108.8958629691,27246.0772349143,12627.9943997813,45968.0064689843,63485.2034869801,34194.5385126577,75917.8784231024,60811.8243501847,26555.9834265096,88461.6474767044,55717.1091750284,63556.4346456417,67865.6900800825
596,4872.4681971967,131080.9571099504,89176.2791035383,79351.0424075055,69371.0928132539,54210.1606543959,118540.7740200336,46985.9305650749,48405.8404479306,87888.2748836836,48901.1995939838,109876.7918559311,30935.7341042309,80423.1631741610,60404.9199343574,114305.9279195499,29814.6345730088,53959.8133027543,105965.9634884912,40743.2265060701,97670.4564086361,84017.2872886959,67617.0488510461,64017.7250564326,64702.1020750361,26111.1771379889,49656.1335961947,18645.4162781785,70723.9401120597,58857.0931289685,46367.6638865452,119229.9862022893,12989.3481534928,44666.0966158632,35036.1615580761,73596.1668497534,63649.9174629235,82818.8278077146,37465.7853430037,100611.4315655150,114108.7440525946,47722.9082376365,64717.4858194911,61521.4230815542,54145.7876697767,117265.6367572723,16961.3210652286,35786.0959055331,93051.6664129572,52289.2850459735,104954.3763465614,106641.9113449582,45441.2444388897,37713.0278834049,76134.6151901741,76685.3299905281,62118.6746741012,57800.3850996950,38993.3285858253,77439.1044080513,35229.5597325038,57166.6803642593,81483.8823841277,1879.6455861392,22781.1999465070,55151.7847122886,90782.4743416917,66391.5538534959,47600.4209286090,14893.9880900287,37357.9298712968,109443.8418390965,27610.2361941220,70983.1287987404,25596.7468376189,46559.4208833144,122315.7233937674,25429.8922961079,63946.3305791463,9854.5912061768,95313.1094520188,46287.4622198797,72271.8505093298,43592.2268916053,38117.9569505279,39136.2332605577,105016.3390657493,49193.7795888259,43033.6994606967,65640.9679498647,49898.4216445477,68758.2945083753,55699.2418983162,59519.7612227744,54395.3661530713,113883.0684460606,59172.2014540295,56710.2128869801,108980.9197889664,55787.2983102275,64093.2288294580,84712.6508108312,125121.7317081132,53231.0880730293,42581.3403495265,75152.5479630757,45100.5612846352,3234.3074643070,83508.5811232759,70784.7765930894,36711.4688572261,17409.7573129517,42976.4656778387,60937.1011294905,109877.4590569310,56222.1898404150,70173.4289331322,70544.5812179813,46208.2051663827,94453.9905180041,47011.4929697669,78112.4473717176,18852.7814414102,88535.3333824383,104460.9808652783,81285.4508754297,97584.1980510935,100745.2516437522,10349.2665566047,78303.0483357745,43281.2146455432,107570.5683167767,86668.0780287933,56189.3966832309,20508.4453249668,78341.6920135816,24711.6248856469,70175.5065732886,30066.6727561729,50686.5073851852,66597.8275831161,69954.1479569435,64193.0130599965,64471.5427712809,32002.2102750228,64083.8393195388,108900.1523351503,99298.3320607524,88594.3371190485,31614.0055885779,100017.2474627303,55192.5598009068,67651.1320314150,41454.8313908782,52528.1324178452,43741.5269910384,51838.8262410178,61854.0918090269,57827.7184333991,62479.6303351409,58912.5334144920,102186.2517629174,23295.8644821548,41437.9823072592,75706.6182080368,48341.1338700010,59728.3124172973,26647.5551513013,33341.0709035433,49901.0767977778,58360.2838105963,76273.7985633748,37243.3965619829,70189.1195422789,39110.1067851581,62187.5485427630,73569.8413471294,9912.6312439041,22283.9868598295,76217.1206574022,30461.5386567621,51349.5361442943,45516.5254650099,39887.8209486604,61329.2545772223,44335.0437346569,72906.2924512389,42366.3496055891,31449.8355376428,803.2580214510,46373.0843416362,51518.4057447280,26527.1600009101,65160.0510443007,51420.1405741073,17322.1053123435,78692.3186826196,43733.0048704324,51815.0557084746,56603.8135933116
597,0,0,0,0,0,0,0,0,0,0,0,0,0,0,0,0,0,0,0,0,0,0,0,0,0,0,0,0,0,0,0,0,0,0,0,0,0,0,0,0,0,0,0,0,0,0,0,0,0,0,0,0,0,0,0,0,0,0,0,0,0,0,0,0,0,0,0,0,0,0,0,0,0,0,0,0,0,0,0,0,0,0,0,0,0,0,0,0,0,0,0,0,0,0,0,0,0,0,0,0,0,0,0,0,0,0,0,0,0,0,0,0,0,0,0,0,0,0,0,0,0,0,0,0,0,0,0,0,0,0,0,0,0,0,0,0,0,0,0,0,0,0,0,0,0,0,0,0,0,0,0,0,0,0,0,0,0,0,0,0,0,0,0,0,0,0,0,0,0,0,0,0,0,0,0,0,0,0,0,0,0,0,0,0,0,0,0,0,0,0,0,0,0,0,0,0,0,0,0,0
598,0,0,0,0,0,0,0,0,0,0,0,0,0,0,0,0,0,0,0,0,0,0,0,0,0,0,0,0,0,0,0,0,0,0,0,0,0,0,0,0,0,0,0,0,0,0,0,0,0,0,0,0,0,0,0,0,0,0,0,0,0,0,0,0,0,0,0,0,0,0,0,0,0,0,0,0,0,0,0,0,0,0,0,0,0,0,0,0,0,0,0,0,0,0,0,0,0,0,0,0,0,0,0,0,0,0,0,0,0,0,0,0,0,0,0,0,0,0,0,0,0,0,0,0,0,0,0,0,0,0,0,0,0,0,0,0,0,0,0,0,0,0,0,0,0,0,0,0,0,0,0,0,0,0,0,0,0,0,0,0,0,0,0,0,0,0,0,0,0,0,0,0,0,0,0,0,0,0,0,0,0,0,0,0,0,0,0,0,0,0,0,0,0,0,0,0,0,0,0,0
599,15244.6885042326,135133.8064982137,100456.7230942782,69138.7177316300,69800.2312864900,66004.7280245277,126820.7651007101,56128.4527252235,36218.9695046924,93631.7081451698,42850.6268000300,111318.7727588676,33733.2821998763,89566.0469393299,72166.3066212796,120368.5093668784,19730.7000308796,58553.2497082111,109983.1051476069,52893.4523527801,105421.0109108315,87053.1552368928,74884.1260332999,60776.7250234753,75033.7848667808,14529.5096981048,49389.4510703925,16760.9462205942,75561.1042701759,71044.1102956535,57579.1317928721,122248.5858499938,21580.4007299550,35172.1962944421,31295.8211737131,84821.9090211415,57598.3208070240,90448.4629345656,44005.1224574747,107022.2117296233,121381.9204961222,36236.8191724198,67471.4903847519,70467.5913807122,61212.9879733330,121892.6041537476,7421.7637338003,23674.2773103608,97174.3959307899,48806.9225262909,110218.7476299293,115022.4092523309,48052.7979727946,49725.1578478890,86557.7194798388,82927.6916436242,61071.7096710665,59013.6670341223,38475.2892137242,79278.0347840540,27713.0051096052,68254.3471513563,86061.5040593084,18372.3411744534,28858.3004778799,65138.2135770815,97618.4314391748,78449.8513637540,59755.5552155997,5861.7222022873,49004.6317571774,111968.9349998031,26938.1734262961,80021.1782410948,18913.7984515998,52539.0193428238,126143.0783534717,13419.1246411622,69807.1363169552,12839.4477954105,100448.0980365634,57858.9339943640,75678.2580725048,40042.0439612932,42236.9340851262,27832.1646981371,112323.9006597585,61324.6595388858,50865.8009685801,76687.5065734239,61668.5489766224,80521.5725650270,67814.0477909953,54997.0259680291,57288.8684615054,117543.8317391987,51986.3795182287,68756.8392579617,115638.3475331180,53828.1688408629,68300.7471255323,93187.2950775207,129699.7754623475,61572.4577507593,35424.0821200931,82549.8061191350,55488.6081481410,16096.1593337876,90149.6591541017,80675.9057615306,27144.7924374766,20416.9354972664,31016.0416450594,68733.2733112674,114519.6679837337,50361.3721985538,71923.5920715939,78675.9072111900,44428.3877392452,100516.7319510741,51395.2266355289,86351.6071695292,12098.1364419724,93347.5719260365,107746.2229454637,86805.0313332004,104631.5532708313,105362.9339755623,5806.2444985254,89187.2266424464,44250.3416968457,113550.2311200563,90501.0162159024,56059.7337154788,8398.6799053118,82077.1761117229,27164.7512907792,76287.5541096896,17896.5926417655,51931.5464168848,64415.6072536283,80593.7222232749,73881.1387550345,75957.3240558743,36952.4369518446,65386.0344361812,116629.4264281593,103237.2416686753,96554.0513815984,20154.1621440437,105747.5397341183,66758.5923501717,67029.1669894864,53622.0625183273,64716.2416887573,55709.7154335785,46966.3558530169,62093.8946339215,68368.6139907595,69362.3422744068,62687.2510325924,110268.2356231322,13864.9375069830,46783.5536357716,65110.5254979245,55547.6959724372,62003.2518148601,23524.9406506953,33511.2707187072,61874.3472520861,54979.1637816082,81491.0004334675,48323.2880875014,81665.1229580122,36648.5761791287,74318.1602515528,76033.0664341021,3794.5708831536,22240.4758310298,85058.4454302062,24221.4736670961,60901.8668743494,57702.5372773713,35225.2127659132,59194.0661806420,56223.8481007164,79716.4531075313,33954.5291006129,23003.7526323334,13099.7102570444,41490.3604265708,62740.1115384445,30882.8077288310,73615.9704601772,62945.3577310600,24010.7617688909,85566.7339366748,55400.9083861762,62257.0615125363,65988.1445473618
600,0,0,0,0,0,0,0,0,0,0,0,0,0,0,0,0,0,0,0,0,0,0,0,0,0,0,0,0,0,0,0,0,0,0,0,0,0,0,0,0,0,0,0,0,0,0,0,0,0,0,0,0,0,0,0,0,0,0,0,0,0,0,0,0,0,0,0,0,0,0,0,0,0,0,0,0,0,0,0,0,0,0,0,0,0,0,0,0,0,0,0,0,0,0,0,0,0,0,0,0,0,0,0,0,0,0,0,0,0,0,0,0,0,0,0,0,0,0,0,0,0,0,0,0,0,0,0,0,0,0,0,0,0,0,0,0,0,0,0,0,0,0,0,0,0,0,0,0,0,0,0,0,0,0,0,0,0,0,0,0,0,0,0,0,0,0,0,0,0,0,0,0,0,0,0,0,0,0,0,0,0,0,0,0,0,0,0,0,0,0,0,0,0,0,0,0,0,0,0,0
601,0,0,0,0,0,0,0,0,0,0,0,0,0,0,0,0,0,0,0,0,0,0,0,0,0,0,0,0,0,0,0,0,0,0,0,0,0,0,0,0,0,0,0,0,0,0,0,0,0,0,0,0,0,0,0,0,0,0,0,0,0,0,0,0,0,0,0,0,0,0,0,0,0,0,0,0,0,0,0,0,0,0,0,0,0,0,0,0,0,0,0,0,0,0,0,0,0,0,0,0,0,0,0,0,0,0,0,0,0,0,0,0,0,0,0,0,0,0,0,0,0,0,0,0,0,0,0,0,0,0,0,0,0,0,0,0,0,0,0,0,0,0,0,0,0,0,0,0,0,0,0,0,0,0,0,0,0,0,0,0,0,0,0,0,0,0,0,0,0,0,0,0,0,0,0,0,0,0,0,0,0,0,0,0,0,0,0,0,0,0,0,0,0,0,0,0,0,0,0,0
602,0,0,0,0,0,0,0,0,0,0,0,0,0,0,0,0,0,0,0,0,0,0,0,0,0,0,0,0,0,0,0,0,0,0,0,0,0,0,0,0,0,0,0,0,0,0,0,0,0,0,0,0,0,0,0,0,0,0,0,0,0,0,0,0,0,0,0,0,0,0,0,0,0,0,0,0,0,0,0,0,0,0,0,0,0,0,0,0,0,0,0,0,0,0,0,0,0,0,0,0,0,0,0,0,0,0,0,0,0,0,0,0,0,0,0,0,0,0,0,0,0,0,0,0,0,0,0,0,0,0,0,0,0,0,0,0,0,0,0,0,0,0,0,0,0,0,0,0,0,0,0,0,0,0,0,0,0,0,0,0,0,0,0,0,0,0,0,0,0,0,0,0,0,0,0,0,0,0,0,0,0,0,0,0,0,0,0,0,0,0,0,0,0,0,0,0,0,0,0,0
603,0,0,0,0,0,0,0,0,0,0,0,0,0,0,0,0,0,0,0,0,0,0,0,0,0,0,0,0,0,0,0,0,0,0,0,0,0,0,0,0,0,0,0,0,0,0,0,0,0,0,0,0,0,0,0,0,0,0,0,0,0,0,0,0,0,0,0,0,0,0,0,0,0,0,0,0,0,0,0,0,0,0,0,0,0,0,0,0,0,0,0,0,0,0,0,0,0,0,0,0,0,0,0,0,0,0,0,0,0,0,0,0,0,0,0,0,0,0,0,0,0,0,0,0,0,0,0,0,0,0,0,0,0,0,0,0,0,0,0,0,0,0,0,0,0,0,0,0,0,0,0,0,0,0,0,0,0,0,0,0,0,0,0,0,0,0,0,0,0,0,0,0,0,0,0,0,0,0,0,0,0,0,0,0,0,0,0,0,0,0,0,0,0,0,0,0,0,0,0,0
604,0,0,0,0,0,0,0,0,0,0,0,0,0,0,0,0,0,0,0,0,0,0,0,0,0,0,0,0,0,0,0,0,0,0,0,0,0,0,0,0,0,0,0,0,0,0,0,0,0,0,0,0,0,0,0,0,0,0,0,0,0,0,0,0,0,0,0,0,0,0,0,0,0,0,0,0,0,0,0,0,0,0,0,0,0,0,0,0,0,0,0,0,0,0,0,0,0,0,0,0,0,0,0,0,0,0,0,0,0,0,0,0,0,0,0,0,0,0,0,0,0,0,0,0,0,0,0,0,0,0,0,0,0,0,0,0,0,0,0,0,0,0,0,0,0,0,0,0,0,0,0,0,0,0,0,0,0,0,0,0,0,0,0,0,0,0,0,0,0,0,0,0,0,0,0,0,0,0,0,0,0,0,0,0,0,0,0,0,0,0,0,0,0,0,0,0,0,0,0,0
605,0,0,0,0,0,0,0,0,0,0,0,0,0,0,0,0,0,0,0,0,0,0,0,0,0,0,0,0,0,0,0,0,0,0,0,0,0,0,0,0,0,0,0,0,0,0,0,0,0,0,0,0,0,0,0,0,0,0,0,0,0,0,0,0,0,0,0,0,0,0,0,0,0,0,0,0,0,0,0,0,0,0,0,0,0,0,0,0,0,0,0,0,0,0,0,0,0,0,0,0,0,0,0,0,0,0,0,0,0,0,0,0,0,0,0,0,0,0,0,0,0,0,0,0,0,0,0,0,0,0,0,0,0,0,0,0,0,0,0,0,0,0,0,0,0,0,0,0,0,0,0,0,0,0,0,0,0,0,0,0,0,0,0,0,0,0,0,0,0,0,0,0,0,0,0,0,0,0,0,0,0,0,0,0,0,0,0,0,0,0,0,0,0,0,0,0,0,0,0,0
606,0,0,0,0,0,0,0,0,0,0,0,0,0,0,0,0,0,0,0,0,0,0,0,0,0,0,0,0,0,0,0,0,0,0,0,0,0,0,0,0,0,0,0,0,0,0,0,0,0,0,0,0,0,0,0,0,0,0,0,0,0,0,0,0,0,0,0,0,0,0,0,0,0,0,0,0,0,0,0,0,0,0,0,0,0,0,0,0,0,0,0,0,0,0,0,0,0,0,0,0,0,0,0,0,0,0,0,0,0,0,0,0,0,0,0,0,0,0,0,0,0,0,0,0,0,0,0,0,0,0,0,0,0,0,0,0,0,0,0,0,0,0,0,0,0,0,0,0,0,0,0,0,0,0,0,0,0,0,0,0,0,0,0,0,0,0,0,0,0,0,0,0,0,0,0,0,0,0,0,0,0,0,0,0,0,0,0,0,0,0,0,0,0,0,0,0,0,0,0,0
607,0,0,0,0,0,0,0,0,0,0,0,0,0,0,0,0,0,0,0,0,0,0,0,0,0,0.0000000000,0,0,0,0,0,0,0,0,0,0,0,0,0,0,0,0,0,0,0,0,0,0,0,0,0,0,0,0,0,0,0,0,0,0,0,0,0,0,0,0,0,0,0,0,0,0,0,0,0,0,0,0,0,0,0,0,0,0,0,0,0,0,0,0,0,0,0,0,0,0,0,0,0,0,0,0,0,0,0,0,0,0,0,0,0,0,0,0,0,0,0,0,0,0,0,0,0,0,0,0,0,0,0,0,0,0,0,0,0,0,0,0,0,0,0,0,0,0,0,0,0,0,0,0,0,0,0,0,0,0,0,0,0,0,0,0,0,0,0,0,0,0,0,0,0,0,0,0,0,0,0,0,0,0,0,0,0,0,0,0,0,0,0,0,0,0,0,0,0,0,0,0,0,0
608,0,0,0,0,0,0,0,0,0,0,0,0,0,0,0,0,0,0,0,0,0,0,0,0,0,0,0,0,0,0,0,0,0,0,0,0,0,0,0,0,0,0,0,0,0,0,0,0,0,0,0,0,0,0,0,0,0,0,0,0,0,0,0,0,0,0,0,0,0,0,0,0,0,0,0,0,0,0,0,0,0,0,0,0,0,0,0,0,0,0,0,0,0,0,0,0,0,0,0,0,0,0,0,0,0,0,0,0,0,0,0,0,0,0,0,0,0,0,0,0,0,0,0,0,0,0,0,0,0,0,0,0,0,0,0,0,0,0,0,0,0,0,0,0,0,0,0,0,0,0,0,0,0,0,0,0,0,0,0,0,0,0,0,0,0,0,0,0,0,0,0,0,0,0,0,0,0,0,0,0,0,0,0,0,0,0,0,0,0,0,0,0,0,0,0,0,0,0,0,0
609,0,0,0,0,0,0,0,0,0,0,0,0,0,0,0,0,0,0,0,0,0,0,0,0,0,0,0,0,0,0,0,0,0,0,0,0,0,0,0,0,0,0,0,0,0,0,0,0,0,0,0,0,0,0,0,0,0,0,0,0,0,0,0,0,0,0,0,0,0,0,0,0,0,0,0,0,0,0,0,0,0,0,0,0,0,0,0,0,0,0,0,0,0,0,0,0,0,0,0,0,0,0,0,0,0,0,0,0,0,0,0,0,0,0,0,0,0,0,0,0,0,0,0,0,0,0,0,0,0,0,0,0,0,0,0,0,0,0,0,0,0,0,0,0,0,0,0,0,0,0,0,0,0,0,0,0,0,0,0,0,0,0,0,0,0,0,0,0,0,0,0,0,0,0,0,0,0,0,0,0,0,0,0,0,0,0,0,0,0,0,0,0,0,0,0,0,0,0,0,0
610,0,0,0,0,0,0,0,0,0,0,0,0,0,0,0,0,0,0,0,0,0,0,0,0,0,0,0,0,0,0,0,0,0,0,0,0,0,0,0,0,0,0,0,0,0,0,0,0,0,0,0,0,0,0,0,0,0,0,0,0,0,0,0,0,0,0,0,0,0,0,0,0,0,0,0,0,0,0,0,0,0,0,0,0,0,0,0,0,0,0,0,0,0,0,0,0,0,0,0,0,0,0,0,0,0,0,0,0,0,0,0,0,0,0,0,0,0,0,0,0,0,0,0,0,0,0,0,0,0,0,0,0,0,0,0,0,0,0,0,0,0,0,0,0,0,0,0,0,0,0,0,0,0,0,0,0,0,0,0,0,0,0,0,0,0,0,0,0,0,0,0,0,0,0,0,0,0,0,0,0,0,0,0,0,0,0,0,0,0,0,0,0,0,0,0,0,0,0,0,0
611,0,0,0,0,0,0,0,0,0,0,0,0,0,0,0,0,0,0,0,0,0,0,0,0,0,0,0,0,0,0,0,0,0,0,0,0,0,0,0,0,0,0,0,0,0,0,0,0,0,0,0,0,0,0,0,0,0,0,0,0,0,0,0,0,0,0,0,0,0,0,0,0,0,0,0,0,0,0,0,0,0,0,0,0,0,0,0,0,0,0,0,0,0,0,0,0,0,0,0,0,0,0,0,0,0,0,0,0,0,0,0,0,0,0,0,0,0,0,0,0,0,0,0,0,0,0,0,0,0,0,0,0,0,0,0,0,0,0,0,0,0,0,0,0,0,0,0,0,0,0,0,0,0,0,0,0,0,0,0,0,0,0,0,0,0,0,0,0,0,0,0,0,0,0,0,0,0,0,0,0,0,0,0,0,0,0,0,0,0,0,0,0,0,0,0,0,0,0,0,0
612,34045.9647518875,139124.6349839090,121933.6397439071,44628.6907598488,69463.4798631995,92270.0624910458,140455.3166613305,74224.7866093785,8035.2849355157,102735.2400975536,32128.8557244284,110431.9397091337,44565.8710480337,106109.1355324844,95438.6453387135,129180.8633426287,11713.1013619979,67915.1369497773,114699.5867829376,77877.9207705493,118396.1504078467,90816.8038596379,88128.8785386227,53430.1743315751,94675.4349383592,18639.5053554811,50552.2550912897,29429.1070639113,83843.1571975708,96295.0565772001,79748.5264022090,124365.7992176163,43350.6543508043,16311.0737833262,30769.9338266662,106383.9164549484,43938.4621323737,103688.3319715471,58765.5662603277,117016.8771726053,132852.5837593909,3927.6938797832,72221.4368463892,87353.5433056483,75018.8307350714,127516.5521187737,21193.9388969654,7861.6023758369,102674.5434598243,42999.4613699330,117617.3575831982,129148.2296297040,55178.3308383886,75804.4353064718,106092.1954544049,93618.1071882836,58606.5442011204,61621.0715807354,41863.0129002649,81068.0804026335,19693.0482964783,89826.7889842623,93117.1111277436,44608.5190850491,45908.7237353184,84403.4952136656,108876.2169910941,102729.4448937598,85490.5236602902,26791.0243322481,72442.8864440765,113392.1246608367,34666.0039985137,96676.8105148454,21102.2962348959,65195.3121326288,129894.3167694577,13040.8353919155,80578.9352215798,33849.7368416281,107953.1778643445,84194.2550698350,81023.5965208017,36422.8510067407,53202.1781045039,46.9393049169,124115.3035832642,86114.9219859550,67015.5138274344,97954.0564793456,85139.3384855793,103687.1434233240,93680.5607266015,45509.8159269565,63510.3848196418,121212.2492299493,36232.9591325542,93070.4899382747,125897.8877690963,50496.8536886907,75906.1486148493,108145.5781181267,134988.1173072226,77780.2242511672,24170.8923493328,95652.0493175177,76011.7409261488,40826.8533619436,101308.9897025908,99158.1836956529,12521.3945724833,36823.8268279821,3240.3296620819,83409.8412753174,120419.1626525569,38377.3084785105,74162.4412260373,93488.3833648699,43510.4453929138,110002.6500537057,61284.0343326501,101054.8099131755,22741.2431086641,100497.9275913805,110978.2509734612,95782.3078975846,116091.7085921917,111554.7217251425,28099.7068079014,109788.1410228571,49012.0703091799,122388.6032429725,95738.0742942326,56311.6683557039,19421.1864729755,87631.8514516459,39760.6565967588,87107.2812615292,12027.3220885391,55703.3690139638,58996.6701070945,100786.5986209277,92161.0694512607,98374.0501403911,50403.8648739549,67372.5050179079,129243.6951339140,108064.6645929890,110275.5647605855,10200.6073581906,114316.4277093796,89565.1056834036,64736.7804357965,79311.3762656906,90045.0992139467,79892.8833822314,38220.2424515602,62254.8032721630,88691.1884214112,82190.4505588500,69991.7977211336,123840.7919046087,16898.7755824790,59088.5076328458,39966.1173293066,70117.0886885851,66387.4869687384,28889.5670150359,39886.7218323795,87997.6535415122,48206.3832272035,90150.6805136420,70557.1578626300,103960.0107335864,36640.2592791423,99006.6414707664,79395.1125796279,29292.5181690507,33590.9906150192,101100.1512880560,22369.5630585786,79497.5001021974,82993.3437487047,30738.5253874511,54592.8797068703,82425.7660818362,91754.2890121929,19415.1705149835,16223.9163879652,39115.5280715245,34195.0299830218,84779.5904967703,44977.1562500602,89344.5398951437,89288.9842135674,43164.2877327313,97432.4881446859,78724.0545651030,82591.5953762989,83984.9527649410
613,37439.3353915002,140522.5413370148,125097.5856175481,41937.3019359746,70681.9561469506,95664.8970118709,142900.3085530552,77218.1646879644,5217.9926045452,104810.0818285689,32646.1479472989,111325.8930840644,47246.8743180055,108890.2745271036,98743.0716860000,131146.9267651898,14643.3283099680,70203.7111946798,116251.1771823615,81271.9208322272,120817.4743756593,92362.3562872659,90666.3796638983,53922.4640730829,97733.1735618774,21306.7734990228,52196.8245365646,32552.3243474692,85918.3526852421,99693.9164820572,83003.1250621813,125580.5627909945,46676.7189760870,16113.1550431559,32776.8199167934,109567.4776750138,43596.9561890393,106172.9563091478,61590.1775796452,119139.5165681167,135091.4680954376,1.5337586262,74002.6399487649,90210.5857298946,77665.2080500168,129132.9889580763,24603.8874169204,13111.0191907812,104360.0591351754,43921.9753446410,119460.4384882354,131660.4628040298,57380.9625992380,79210.7905095537,109123.3516727020,95889.5780088546,59685.3758389545,63270.1008429213,43927.5271107228,82445.1835975891,21460.3939047339,93029.8410765357,95015.6328114874,48001.2661665739,48994.6017700275,87453.9419681439,111151.4722803903,106085.6477775718,88900.3318855200,29999.2776994991,75775.6369961871,114559.9737029909,37316.9956446446,99489.3184928453,23948.8394797056,67802.8392355053,131287.5059590455,16361.9957578837,82919.3656771856,37206.4811282724,109839.2976847804,87573.9468622059,82804.7767073780,37832.9955021747,55776.3439225060,2759.7295697264,126405.4107020558,89499.6188866552,69894.0219757287,101125.8433371198,88462.3847530272,106979.8028786519,97090.7696820768,45828.9786977855,65527.5692196678,122621.0554578450,35685.1001620782,96431.9943062136,128025.7676863752,51593.0470201412,77961.2485246987,110779.6006521481,136546.9427716267,80614.6695896340,25018.4618734862,98148.8106227492,79169.4093256121,44233.1012749927,103598.4053814950,102116.9025434078,14028.6125162630,39980.0403520868,1.5337586262,86093.8340511797,122087.0534554634,38464.7323571207,75645.0352251736,96148.9425973269,45055.7871601657,112092.7443398429,63679.3161466315,103683.3791534467,26008.4079794888,102374.0139648153,112370.8900968803,97871.2950899492,118367.4641970813,113283.9202643161,31509.3491013213,112897.2838382263,51072.1556032264,124374.4371228941,97424.9827145973,57758.0033241593,22628.9920373229,89395.8700729850,42650.0450517340,89419.7181853293,14655.2318393133,57556.3772246616,59678.2667007168,103876.2742289696,95118.1884885555,101623.3065652921,53206.1540618552,68888.0539916556,131606.2235940977,109652.8197041434,112788.4800038935,10097.6486069649,116296.2156665260,92846.6528070885,65760.9082220970,82720.9917472200,93447.0503658735,83254.7048892055,38841.7898513685,63611.7665342392,91809.6575916644,84715.1406118812,72060.6176371007,126309.0728590881,20163.7907090151,61715.1163550271,37111.7090810900,72853.8186587131,68181.6349071608,31552.9673239623,42286.4266737031,91402.9612876106,48875.7083141647,92232.1363516694,73829.6991171756,107196.4457318411,38483.1776071678,102383.4598172858,80966.3016995220,32642.6388292196,36529.1291060620,103848.5887572198,24720.3131853218,82511.1108621140,86395.2624599690,32259.5163235203,55450.6766554601,85826.2599937408,94164.4232099350,19995.2310223945,18580.6987428833,42517.3697448773,35174.0839370668,88019.4402220452,47888.7754627336,92098.3553604007,92664.4825838689,46383.4373351251,99804.8702916382,82044.7734820722,85722.4501870967,86940.4097068158
614,0,0,0,0,0,0,0,0,0,0,0,0,0,0,0,0,0,0,0,0,0,0,0,0,0,0,0,0,0,0,0,0,0,0,0,0,0,0,0,0,0,0,0,0,0,0,0,0,0,0,0,0,0,0,0,0,0,0,0,0,0,0,0,0,0,0,0,0,0,0,0,0,0,0,0,0,0,0,0,0,0,0,0,0,0,0,0,0,0,0,0,0,0,0,0,0,0,0,0,0,0,0,0,0,0,0,0,0,0,0,0,0,0,0,0,0,0,0,0,0,0,0,0,0,0,0,0,0,0,0,0,0,0,0,0,0,0,0,0,0,0,0,0,0,0,0,0,0,0,0,0,0,0,0,0,0,0,0,0,0,0,0,0,0,0,0,0,0,0,0,0,0,0,0,0,0,0,0,0,0,0,0,0,0,0,0,0,0,0,0,0,0,0,0,0,0,0,0,0,0
615,20854.1143540539,138685.2408289532,111924.4456290939,57901.4735330362,70642.3183778889,78937.3663412574,134892.1694833985,65841.1465149705,23427.7281569744,99387.5430820744,37727.4701091341,112365.6337827705,39149.2659071822,98811.6091426909,84293.3275150426,126154.2867075150,11653.3442957085,63995.5786371060,113745.5796066062,65610.1950566903,113093.2358184605,90156.2920518170,82462.8345310269,57968.3806140712,85614.2907664615,10158.0408265957,50449.7552544273,21711.9346037481,80737.1516878344,83865.0455808822,69188.8046769468,124829.0052475291,32526.9927887175,25847.7767065297,30370.8671585523,96283.2464317541,51641.5280784664,98154.4370336472,51858.8381255051,113296.7188895977,128426.3583485082,23856.4417618159,70787.3613275344,79742.9712690366,68902.9346343305,126163.6726346521,9170.0287738152,10708.9941040539,101219.7402274221,46362.5831532240,115273.6143781852,123274.9211360224,52101.4549691092,62692.5974849585,97145.4177779384,89354.1326697926,60674.4935123677,61087.6508023084,40176.7111293481,81318.6830353941,22369.2518849929,79657.3499048129,90758.6396479357,31336.4033524469,37455.2788702258,75484.2594266788,104433.6138405990,90968.3154751978,72685.0740201615,13041.5079822195,61114.8669662864,114147.6510978672,30140.7121244942,89260.4806255978,17313.1614045318,59512.5659803452,129535.3120919558,98.9915675938,76127.1546302557,22901.9943227777,105487.7522847089,70730.9440430013,79416.1481224585,38233.3068954077,48077.3370946255,15966.2030056787,119476.4365577714,73991.7244520483,59555.7322999745,87994.0428201940,73843.6130661646,92626.9688490304,80767.5100525070,50980.3207732011,61131.1161929065,120847.8498832892,44872.0727621831,81271.2913344235,122085.8253756354,52794.4582119956,73042.3881698159,101718.1843747819,133849.3208653930,70436.8916742683,29511.3311078924,90130.1373196057,66341.6358146422,28501.3773121464,96863.5747945452,90761.7176630527,18526.9024838621,28170.3137170672,18116.4759309097,76938.1052636588,118881.2303841197,44981.6264229001,74074.4953052786,87038.0063677028,44228.0293210935,106507.0512718459,56945.5727677202,94719.5837667668,14314.1945245781,98159.1327453675,110774.2753033686,92440.9042939702,111586.5308160883,109805.5956009227,15876.6169010731,100252.1979758123,46946.8643321960,119312.4539064166,94358.1702534162,56878.7125848192,8613.0470446580,85999.1422979900,33171.2063216699,82708.7638406569,6201.8651857753,54396.0633928127,62640.9679366205,91447.3132568114,83833.0663858213,87748.3146692536,43915.5322393781,67292.6654077773,124187.3570316035,107005.1965219899,104526.3102927013,8560.8514002618,111334.3316957675,78680.1852073578,66851.7648878458,66538.8421156103,77553.1090018642,68145.5199893336,43004.1126777473,63023.1838768949,79218.5189579384,76679.7156084200,67183.4913722726,118243.3756370842,10238.5655942283,53448.7411990334,53475.3489622150,63529.5340573295,65031.7702266042,24934.1225001164,36493.8605113940,74839.9888801321,52286.1510035266,86919.8597678046,59902.9507430919,93422.7880998772,36458.2886316089,86970.4351986235,78800.9570358228,15745.2495379545,27090.4119404238,94044.6892524580,21523.4949379876,70900.3537918897,70521.5526411256,32617.2392500393,57692.9111382971,69179.8848446281,86761.4567101573,26384.6394931905,17190.3975858508,26033.5630319572,37944.7208010779,74319.8049592179,37940.6939628681,82370.3455931565,75795.1725332685,33580.7170380613,92581.3781261761,67492.4361608927,73073.9460485079,75749.1560761667
616,0,0,0,0,0,0,0,0,0,0,0,0,0,0,0,0,0,0,0,0,0,0,0,0,0,0,0,0,0,0,0,0,0,0,0,0,0,0,0,0,0,0,0,0,0,0,0,0,0,0,0,0,0,0,0,0,0,0,0,0,0,0,0,0,0,0,0,0,0,0,0,0,0,0,0,0,0,0,0,0,0,0,0,0,0,0,0,0,0,0,0,0,0,0,0,0,0,0,0,0,0,0,0,0,0,0,0,0,0,0,0,0,0,0,0,0,0,0,0,0,0,0,0,0,0,0,0,0,0,0,0,0,0,0,0,0,0,0,0,0,0,0,0,0,0,0,0,0,0,0,0,0,0,0,0,0,0,0,0,0,0,0,0,0,0,0,0,0,0,0,0,0,0,0,0,0,0,0,0,0,0,0,0,0,0,0,0,0,0,0,0,0,0,0,0,0,0,0,0,0
617,0,0,0,0,0,0,0,0,0,0,0,0,0,0,0,0,0,0,0,0,0,0,0,0,0,0,0,0,0,0,0,0,0,0,0,0,0,0,0,0,0,0,0,0,0,0,0,0,0,0,0,0,0,0,0,0,0,0,0,0,0,0,0,0,0,0,0,0,0,0,0,0,0,0,0,0,0,0,0,0,0,0,0,0,0,0,0,0,0,0,0,0,0,0,0,0,0,0,0,0,0,0,0,0,0,0,0,0,0,0,0,0,0,0,0,0,0,0,0,0,0,0,0,0,0,0,0,0,0,0,0,0,0,0,0,0,0,0,0,0,0,0,0,0,0,0,0,0,0,0,0,0,0,0,0,0,0,0,0,0,0,0,0,0,0,0,0,0,0,0,0,0,0,0,0,0,0,0,0,0,0,0,0,0,0,0,0,0,0,0,0,0,0,0,0,0,0,0,0,0
618,16215.6039865147,139157.2889910833,108533.2019816653,63079.1879531564,72056.9372001890,73977.1557649462,133350.2920982120,63389.6977544815,27926.8990068334,98866.9064756752,41109.1872653532,113806.7666175450,38483.5937665148,96654.4869009457,80442.5446661338,125657.9538796672,15507.8307324261,63509.7774275129,114099.4359300704,61250.5426929477,111721.7327986101,90736.1894739839,81086.1021664049,60681.9463448209,82733.2888376821,5106.3646082244,51664.5146470767,20791.6774229970,80425.8173077405,79379.2972556747,65681.2876960459,125681.9743202152,29286.8812826589,30486.0904618509,32089.1976621958,92889.1144075593,55403.0533796705,96747.2724539302,50245.0907949990,112567.5549662872,127363.9738161071,29113.2014136461,71219.9800506445,77542.8651470437,67438.2651786301,126321.1473776416,12101.5509445110,15655.5964202904,101434.6744535428,48867.4308350071,115082.8174907714,121635.8075370373,52131.7042498243,57876.3562637954,94271.2391491186,88517.0025442729,62515.8401122238,61974.5464263959,41034.8629007321,82301.5454425546,25576.7396647919,76288.7557225068,90677.2688341512,26516.9349913757,35388.1996472853,72719.1764203139,103447.9378370120,86802.6802978512,68021.8347051142,9519.4133231988,57264.7748278981,115146.7026219711,30221.5844336157,87094.0832314466,18810.7282843777,58336.2585193568,130063.2096593311,7053.9943424598,75304.0467278501,19922.2211533017,105288.7239681240,65700.4760462621,79705.9657423277,40418.4741128731,47324.1004714240,21171.2737843283,118354.9812037831,69683.6803838863,57588.6811595152,84691.2632553875,69953.3109674916,88794.6998966712,76034.9705963518,54081.1509780133,61303.2401709845,121401.1842836856,48969.9304356468,77108.4393393299,121289.5220908597,54826.8475554087,72891.4343648633,99920.6302980758,134066.6559358729,68419.9502349453,33069.2419011176,88768.2718817292,63281.4892660750,24391.2490690417,95911.6636405924,88157.1519253366,22831.9189063191,26323.0194010377,23237.0287841020,75254.6648682673,118991.2855324819,48512.1059376565,74989.2156433321,85300.2716201445,45872.9147718195,105894.8232059672,56377.3252043800,92991.6247100863,13906.4650173875,98044.6712479663,111425.6868674346,91959.2971152653,110546.8209453908,109868.1965187552,12346.3414572050,97103.6581456682,47483.7589202149,118818.5763851139,94637.6124745791,58232.9260811598,158.3397169293,86231.5898242822,32166.0081123750,81858.6847628337,14773.2744565944,55086.0927607646,65004.0754702090,88416.6289935923,81291.0735781405,84135.1037134471,42640.8394510231,68276.6572850065,122881.3635954150,107346.0347036046,103002.0386166905,13629.5761052678,110906.9300425616,74973.4471532204,68640.1693222790,61905.1484676193,73046.6944015125,64048.4658815129,46027.1154060352,64369.4289195556,76178.0190602946,75409.3073539214,67112.8641371649,116733.3542747278,11898.8537553276,52376.2475766716,58701.5670698508,61911.0202956242,65556.1016515695,25582.0619069750,36787.7758453794,69981.4917352181,54925.0663657666,86515.8033065822,56403.5236809348,89834.5439712574,38002.6006065145,82677.2621930678,79484.8275036986,10832.7259988697,26420.1416042803,92012.1111882113,23679.0603963013,68312.4045437910,66040.5593483576,35019.7275269708,59929.7833003607,64277.8707283190,85639.6403064540,30468.9225254169,20402.7314594827,21407.3787681655,40767.4318147359,70835.9918773471,36560.5097370415,80433.5841870395,70743.4268825705,31021.8922970457,91485.0271357990,63659.9540505493,70044.5367573527,73294.0695251118
619,0,0,0,0,0,0,0,0,0,0,0,0,0,0,0,0,0,0,0,0,0,0,0,0,0,0,0,0,0,0,0,0,0,0,0,0,0,0,0,0,0,0,0,0,0,0,0,0,0,0,0,0,0,0,0,0,0,0,0,0,0,0,0,0,0,0,0,0,0,0,0,0,0,0,0,0,0,0,0,0,0,0,0,0,0,0,0,0,0,0,0,0,0,0,0,0,0,0,0,0,0,0,0,0,0,0,0,0,0,0,0,0,0,0,0,0,0,0,0,0,0,0,0,0,0,0,0,0,0,0,0,0,0,0,0,0,0,0,0,0,0,0,0,0,0,0,0,0,0,0,0,0,0,0,0,0,0,0,0,0,0,0,0,0,0,0,0,0,0,0,0,0,0,0,0,0,0,0,0,0,0,0,0,0,0,0,0,0,0,0,0,0,0,0,0,0,0,0,0,0
620,16617.1665175298,142470.6356705199,109758.0604118928,65595.6479621553,75622.0390319829,73279.3791620941,135824.6105227155,65410.8001930098,28428.9772194683,101847.7812038000,44732.3529197468,117362.6365601263,41525.5868040746,98802.7136642174,81275.7201812485,128631.8335197240,18972.4060136620,66547.2358747920,117385.2677261080,61551.3323614316,114300.6469376944,94100.6610250365,83695.4994815420,64361.7498463875,84407.0982501944,1734.4969796624,55209.0617744511,23887.9347664785,83506.1771111489,79468.1855284157,66878.9976544082,129105.3662993592,30941.4429405186,33664.3490852949,35730.6895378894,94131.2308095302,58961.5249128645,99321.5323957916,52805.5999940789,115450.5600337300,130085.7018894867,31192.1457956027,74557.8006667211,79693.1299209442,70026.9421038657,129538.4618417691,10105.7584251825,17048.2984222830,104682.7169366244,52546.9300088164,118181.8396921487,124064.5973730857,55375.1842450018,57499.5413887704,95931.9444759498,91373.0623755229,66147.5254548960,65439.8526806136,44524.4417141866,85773.6477392435,29207.3836640787,77582.6858533928,93832.1235278037,26347.0525151884,37782.0811789079,74498.7769238804,106222.3948282390,87282.3102146704,67874.3774818990,6660.7199080824,58161.5619257548,118609.1363381674,33555.7426592276,89249.4167993622,22461.3351325358,61088.4766911314,133395.8715210565,8985.9306496849,78182.9702490194,21950.8888811214,108390.3746172821,64857.8825503053,82993.1578987035,44088.9072484910,50295.3387186141,23678.0210342792,121053.8757217507,70026.3243722380,59928.3782465568,86025.1675398132,70769.2510168330,89631.9270102540,75758.9850557040,57742.0496809638,64575.0967716441,124744.1151805902,52426.1570268229,77609.1237530488,124137.5390821309,58480.9026100051,76039.4375264507,102279.5545869085,137301.0891094855,70700.9285621959,36655.3612944846,91374.8564444935,64863.2638423313,25286.6720246796,98708.4700950016,90021.9616525541,26174.5740286197,28930.1288021219,24784.4633714515,77711.8353754066,122195.6337199068,52115.3713714058,78450.0662230740,87711.1646244100,49490.7340302497,108832.4566526818,59397.2019612188,95397.7774146178,17289.1216712546,101182.1406244312,114800.0694618105,94961.8340480866,113290.3398810977,113060.7600904775,14243.7157887088,98546.4204928610,50883.9182275966,121797.0692605641,97910.3845830442,61796.3616746851,3745.4858321952,89495.4303641994,35109.3931143906,84716.8287700592,10121.3110532418,58512.3695329922,68677.5572818979,89966.0309408511,83210.5647751784,85193.4513264973,45402.3860916640,71758.4043800653,125485.7466129484,110630.9209777053,105508.5485569294,16419.5960833920,113916.9464501783,75961.1338163283,72263.0287445341,61819.7149213016,73119.5896887178,64657.0741773090,49691.8269396099,67926.9800105816,77742.2956882320,78080.7102460442,70296.6351608255,119235.7925684406,15578.2360888756,55193.4554905290,61052.2948520631,64432.2121640612,68925.7995674438,29079.2357986478,40151.9632768303,69495.6484350470,58605.2503560782,89554.1950376729,57639.7560205072,90906.5999112550,41616.0197428427,83011.1812318299,82884.9188996852,11008.6157898791,29541.1765077497,94242.5860280192,27356.9067605369,70227.8979527182,66165.6573825439,38699.1085263223,63597.4041612904,63720.5832462771,88368.2920342464,33912.6103952265,24021.2341356546,21670.1601598193,44442.0728096543,72041.1399878034,39306.1433598805,82738.2027226631,69837.8598472532,33153.9902780273,94218.9636119506,64552.8366360902,71631.6701792190,75288.0936454735
621,0,0,0,0,0,0,0,0,0,0,0,0,0,0,0,0,0,0,0,0,0,0,0,0,0,0,0,0,0,0,0,0,0,0,0,0,0,0,0,0,0,0,0,0,0,0,0,0,0,0,0,0,0,0,0,0,0,0,0,0,0,0,0,0,0,0,0,0,0,0,0,0,0,0,0,0,0,0,0,0,0,0,0,0,0,0,0,0,0,0,0,0,0,0,0,0,0,0,0,0,0,0,0,0,0,0,0,0,0,0,0,0,0,0,0,0,0,0,0,0,0,0,0,0,0,0,0,0,0,0,0,0,0,0,0,0,0,0,0,0,0,0,0,0,0,0,0,0,0,0,0,0,0,0,0,0,0,0,0,0,0,0,0,0,0,0,0,0,0,0,0,0,0,0,0,0,0,0,0,0,0,0,0,0,0,0,0,0,0,0,0,0,0,0,0,0,0,0,0,0
622,0,0,0,0,0,0,0,0,0,0,0,0,0,0,0,0,0,0,0,0,0,0,0,0,0,0,0,0,0,0,0,0,0,0,0,0,0,0,0,0,0,0,0,0,0,0,0,0,0,0,0,0,0,0,0,0,0,0,0,0,0,0,0,0,0,0,0,0,0,0,0,0,0,0,0,0,0,0,0,0,0,0,0,0,0,0,0,0,0,0,0,0,0,0,0,0,0,0,0,0,0,0,0,0,0,0,0,0,0,0,0,0,0,0,0,0,0,0,0,0,0,0,0,0,0,0,0,0,0,0,0,0,0,0,0,0,0,0,0,0,0,0,0,0,0,0,0,0,0,0,0,0,0,0,0,0,0,0,0,0,0,0,0,0,0,0,0,0,0,0,0,0,0,0,0,0,0,0,0,0,0,0,0,0,0,0,0,0,0,0,0,0,0,0,0,0,0,0,0,0
623,0,0,0,0,0,0,0,0,0,0,0,0,0,0,0,0,0,0,0,0,0,0,0,0,0,0,0,0,0,0,0,0,0,0,0,0,0,0,0,0,0,0,0,0,0,0,0,0,0,0,0,0,0,0,0,0,0,0,0,0,0,0,0,0,0,0,0,0,0,0,0,0,0,0,0,0,0,0,0,0,0,0,0,0,0,0,0,0,0,0,0,0,0,0,0,0,0,0,0,0,0,0,0,0,0,0,0,0,0,0,0,0,0,0,0,0,0,0,0,0,0,0,0,0,0,0,0,0,0,0,0,0,0,0,0,0,0,0,0,0,0,0,0,0,0,0,0,0,0,0,0,0,0,0,0,0,0,0,0,0,0,0,0,0,0,0,0,0,0,0,0,0,0,0,0,0,0,0,0,0,0,0,0,0,0,0,0,0,0,0,0,0,0,0,0,0,0,0,0,0
624,0,0,0,0,0,0,0,0,0,0,0,0,0,0,0,0,0,0,0,0,0,0,0,0,0,0,0,0,0,0,0,0,0,0,0,0,0,0,0,0,0,0,0,0,0,0,0,0,0,0,0,0,0,0,0,0,0,0,0,0,0,0,0,0,0,0,0,0,0,0,0,0,0,0,0,0,0,0,0,0,0,0,0,0,0,0,0,0,0,0,0,0,0,0,0,0,0,0,0,0,0,0,0,0,0,0,0,0,0,0,0,0,0,0,0,0,0,0,0,0,0,0,0,0,0,0,0,0,0,0,0,0,0,0,0,0,0,0,0,0,0,0,0,0,0,0,0,0,0,0,0,0,0,0,0,0,0,0,0,0,0,0,0,0,0,0,0,0,0,0,0,0,0,0,0,0,0,0,0,0,0,0,0,0,0,0,0,0,0,0,0,0,0,0,0,0,0,0,0,0
625,8080.2766510962,134320.3281447758,97254.0213072197,72436.5631513160,69984.5367409518,62327.5604961100,124662.3907603419,53605.1383243053,39882.3760716188,92247.5427101565,44878.5577543135,111280.7896501502,32956.1076808329,87096.9711902977,68764.7141727025,118915.2117269568,22860.6987606174,57432.5629457718,109155.9146952285,49294.2776216480,103418.0445152850,86490.9327552413,72991.9000068639,62036.3916433813,72155.2873405839,17740.9606745209,49691.2081092461,16961.8641171092,74421.6813757060,67402.5575583598,54379.2993973460,121742.1722815256,18926.1239156004,38208.7411255618,32500.1893032238,81634.4205917121,59689.5891905798,88467.4940112419,42219.9468010084,105446.2915192710,119545.2834109333,39825.8310380341,66943.5065009884,68037.1563942283,59347.9299643432,120889.5214401701,9379.9955680865,27365.1749549804,96297.0982886216,50084.4124133288,109005.3200530070,112823.6770266123,47473.6613767127,46034.1553244259,83657.3488716227,81370.4460999157,61670.2360234001,58919.0956448534,38763.5026232989,79062.4907148676,30083.5867957361,65107.8526573578,85024.9290674921,14683.9889447267,27042.5681765619,62362.7857181485,95897.6710510119,74910.2661287359,56077.2572783929,8146.6534102393,45637.5195033482,111602.0458376956,27098.4529590156,77575.4243720330,20862.1067834866,50970.9473787263,125391.5882719778,17098.5036440883,68338.3369720462,11120.2128665291,99262.7963552104,54205.5545630878,74976.5935223444,41279.7954112500,41159.8173325156,31365.4846699355,110468.9139840759,57739.8901349168,48728.7644732107,73561.4801737406,58259.7833992075,77121.2986089586,64127.2998160968,56620.1857762003,56677.4437387419,116835.1168080511,54396.8835259436,65222.7384769189,113993.0084088122,54669.6613594984,67333.3689050243,90939.1524332533,128718.8924886017,59314.1053046777,37746.5275571888,80630.7381353718,52565.6045917164,12763.9237523511,88479.9747248299,77950.9124190593,30164.1043310397,19249.8752418326,34695.9237762211,66662.5316872612,113504.3702289548,52368.6928443152,71714.6315937717,76518.6140105344,45156.7190606733,99042.4498049051,50302.7017899679,84171.0855724733,13815.0870267189,92251.6093987922,107141.3110820890,85479.1330205110,102851.9658163150,104344.4537744620,7903.1936831718,86126.4175707285,44139.3209774632,112116.6344936932,89701.5420520847,56357.7833619450,11955.4514060301,81290.6022570238,26372.0766881158,74757.2561712466,21515.5772342011,51790.4893241838,65369.6176343322,77614.1877891718,71215.6666151739,72667.6262210009,35576.6787107720,65290.7904186461,114642.7790762227,102425.4118315792,94475.1128471448,23712.0708756507,104383.6076241821,63433.7368000434,67521.7597745493,49948.7562915433,61070.1033492854,52212.4433471417,48657.3841509560,62307.3887816420,65412.3774931862,67577.1789167575,61831.8820333131,108162.8039271905,16682.7525025171,45373.7157129268,68504.2132309985,53620.1812602245,61600.0681650794,24388.2576488806,33527.1942306950,58184.3268464616,56257.2495982614,80248.2546864990,45157.5346390529,78381.3574363866,37516.6912862892,70734.0954501567,75619.4639791522,2396.7720857622,22076.5591344681,82682.6191283169,26127.8014999811,58259.7093469890,54064.1336333455,36765.4686625516,60113.7534861783,52537.8898100546,77976.3553875826,36656.5104235857,25625.4832104037,9433.1175891083,43150.7833608562,59541.2101092798,29599.6072045672,71347.1703227286,59299.5420193757,21921.8798838482,83816.7859162218,52030.1687320504,59326.7834677008,63409.4547948144
626,0,0,0,0,0,0,0,0,0,0,0,0,0,0,0,0,0,0,0,0,0,0,0,0,0,0,0,0,0,0,0,0,0,0,0,0,0,0,0,0,0,0,0,0,0,0,0,0,0,0,0,0,0,0,0,0,0,0,0,0,0,0,0,0,0,0,0,0,0,0,0,0,0,0,0,0,0,0,0,0,0,0,0,0,0,0,0,0,0,0,0,0,0,0,0,0,0,0,0,0,0,0,0,0,0,0,0,0,0,0,0,0,0,0,0,0,0,0,0,0,0,0,0,0,0,0,0,0,0,0,0,0,0,0,0,0,0,0,0,0,0,0,0,0,0,0,0,0,0,0,0,0,0,0,0,0,0,0,0,0,0,0,0,0,0,0,0,0,0,0,0,0,0,0,0,0,0,0.0000000000,0,0,0,0,0,0,0,0,0,0,0,0,0,0,0,0,0,0,0,0,0,0
627,10162.2634944379,131566.8714563917,100019.2955941964,65819.5829904218,65681.6343404029,68143.5431024332,124583.8663747120,54540.3045357683,35332.3177571235,90576.3320907176,38478.1324856812,107281.3386826405,30342.0628725767,87800.9709685597,72309.3861433754,117353.1012844280,16189.2845209495,55325.8293026810,106440.6987903049,53840.3719577840,103012.4831578540,83341.1709600281,72394.8568683409,56356.1362647108,73972.3801148663,15950.4021019813,45243.9593600446,12903.4918273992,72310.4431998808,72186.3090706808,57238.4013134058,118475.4010826016,20634.6923555944,31470.3263483446,26896.3641783757,84374.2905237550,53248.6645226993,88033.9697117269,41515.6292549361,104139.8255937825,118764.4426337098,33787.1788322447,63761.7542887577,68688.8954897449,58731.0158890808,118478.9411465363,898.3192843272,22403.3717776422,93680.5438583621,44387.1591748988,106990.5052661198,112848.3996292022,44427.0674540158,51581.2608004238,85511.1759092624,80057.9297464162,56796.1425181349,55050.3203372878,34362.1306286587,75356.9764340471,23453.5507245279,67753.3774649712,82707.4077105154,20596.4043400360,26569.9671242143,63922.5263321510,94898.2168393617,79057.1496897255,61252.4356433010,13518.6976110962,49133.2975968835,108113.6962926935,22952.0196320377,78240.7134983502,14502.2515822103,49764.2926484218,122535.2715550477,12033.3827087535,66874.9009285816,11120.3689271309,97204.1513916012,60215.6877476456,72077.9231981378,35630.4080950197,39040.9645297531,25197.6577273794,109735.3427035537,62171.8709602612,48762.4339127431,76118.3349735651,61864.0232607774,80641.9199382717,69432.2380965524,50567.6099584039,53658.4929351551,113910.1156715687,47762.6308569222,69363.4118784655,112819.1893409888,49485.7811134888,64918.6619715542,91106.1044541513,126263.8440728297,59581.5481885836,31149.3866483898,80075.7976395469,54578.5220058254,16685.9946560428,87385.1513183174,79331.2278072973,23427.0356521233,17614.6010962081,29266.7493135787,66474.9846339057,111120.7622170824,45986.7117760220,68006.7179284224,76502.5325433243,40127.8332364027,97539.9674632740,48167.9271892844,84192.9292014789,7670.5926779674,90034.3938661037,104046.4143512828,83704.1334191186,101966.9905332591,101973.7132741122,7854.0440598167,88452.2379693303,40331.0563074301,110521.3823908034,86954.6086854608,51905.5374298751,9233.9595204950,78530.8531588369,23861.0101454662,73402.7502332192,17681.2552149776,48008.7104693667,60041.2288451352,79711.1110669887,72454.4672549433,75779.4644298019,34079.2953932878,61413.3914856122,114189.5847331246,99688.4106127938,94249.8302485407,17694.2192870742,102659.8243372780,66698.1939538934,62786.0453349087,55076.9352991981,65904.7264406916,56218.1635560613,42540.3364136725,57969.9676142707,67472.5969859775,66764.6607393926,59227.4611277680,107980.0220856326,9924.6956174799,43875.5899794190,61990.6236923883,53161.1938744847,58220.3838897692,19235.5362081225,29563.4875172992,63781.2468222193,50557.8751147702,78321.9641861071,47951.1551174203,81459.3958062106,32317.9827690945,75129.7275614811,72235.6268850282,7502.7266633556,18519.4475523877,83166.9779567088,19810.2819919892,59479.3993729515,58857.1755491290,30792.9277190426,54829.4420368134,58252.9788574252,77045.4521641979,29911.6983968259,18891.6400489921,14991.5464141041,37061.3636386719,62377.1889370522,27982.7614221932,71601.9707757710,65342.9843799444,22169.3566498942,82895.8924134202,55508.6641238972,61332.1588721800,64446.6046174444
628,32109.5632744304,139464.8895347574,120679.4081054906,46795.7590394942,69966.0304573763,90331.8828033862,139975.2713981570,73208.6055470640,9379.4042535266,102583.9265499637,33152.2216030899,111114.8844718326,43929.5552711940,105314.9125852081,93961.1802328872,129105.7041323598,11043.8928071662,67610.5077513195,114940.2533199344,76173.3200090329,117943.7050651962,91074.5725568262,87583.5294344390,54405.5685695963,93570.1231063121,16500.5704019796,50786.8579598651,28307.6003059177,83703.0906153325,94565.8861631795,78365.3343395865,124835.4067035818,41852.5394130624,17824.5545742119,30793.7317181597,105104.5773066892,45368.4747636213,103184.1746753539,57955.4163261650,116820.4225345026,132554.2160586749,8093.3220219827,72321.7933370254,86486.3168766542,74377.6162570719,127705.6343867049,19371.2093876304,4039.7456517182,102823.6721567361,43741.4268545576,117641.5374598157,128609.7817690097,54964.6436281169,73917.7086526264,105016.4240186875,93307.9401278059,59215.6052530512,61832.8540123271,41794.4739980828,81451.5306765500,20002.4670857918,88522.8020262648,93110.8072463275,42667.8151497031,44801.9577636420,83311.5012001853,108555.2841441523,101138.0133132983,83676.9326456929,24662.1299219424,70913.1860968740,113897.2720091031,34088.3983085254,95853.2595006287,20388.4231222218,64601.0712536915,130240.7049789490,10986.3493338057,80217.5431213149,32288.5576155164,107948.4705755114,82218.5262508966,81115.7379575901,36866.8793165047,52655.9174861861,2379.3635013104,123775.9852403646,84443.9155448697,66137.8252858955,96694.0111352968,83626.7937076735,102230.3433170242,91845.3360309115,46598.6268027007,63437.3233963427,121550.9061795950,37776.0826183091,91467.0193574732,125694.0003564369,51109.6498745848,75788.9338119872,107498.5575939389,135216.2871692588,76943.0375782184,25053.1923027655,95140.5099159150,74780.0320678304,39066.6795152674,100979.3395401933,98171.3398219785,13171.3445894573,35633.5960961020,5904.6010315495,82725.4519331743,120573.2960375035,39609.0868663448,74478.6944557356,92821.6984511141,43834.5811005468,109835.5884264299,60892.9778156955,100415.9436705723,21408.2912580271,100504.6829914650,111332.3787546224,95623.2257133082,115767.4803745235,111667.2307423107,26309.0569841329,108611.7091115242,48928.8656898608,122300.1713923622,95890.0791934671,56677.1382099368,17290.0849770656,87731.8067325909,38909.4939355231,86765.7442508465,10638.7399853389,55771.2884782653,59852.1579872248,99638.2482918371,91178.7876349780,96994.3971382966,49629.2017696898,67672.9698079533,128839.9410485931,108282.0568343698,109742.6302475172,8251.6326493782,114235.8550736940,88131.8070032865,65372.2287163528,77502.5885450788,88300.5713789410,78291.2614918254,39158.8911309092,62672.8578560542,87508.6237416096,81660.8967863942,69869.3219934891,123344.1877210532,15606.8913985205,58482.6211690389,42139.2493238398,69388.7680985316,66484.6966395261,28324.6091226253,39534.1391962418,86103.3006086649,49089.0304892301,90001.1443190103,69146.4532684500,102600.0583483490,36766.3768436632,97359.1046004623,79643.3085950175,27271.1660425583,32699.5120749985,100341.6526791965,22158.0351010118,78453.6947709191,81249.9519187618,31132.1810263199,55348.5928138457,80508.2076017963,91323.6703379482,20501.8182277594,16089.7120137312,37209.6080447760,34933.4756173697,83419.2192679429,44089.2092971207,88585.8699458069,87304.8826360946,41865.4317701244,97032.4007926293,77218.1316837685,81394.5449424814,83008.3431873826
629,11863.1888355088,139578.0913672822,105047.5372853162,68295.4700045865,73602.4792144689,68903.9980600917,131731.5959129918,61025.8127364223,32820.2283211383,98362.9814166579,44729.1126360485,115247.2401706535,38276.4608377836,94473.2094786261,76523.6627335180,125118.3544951065,19955.0976562707,63199.6366541410,114444.9579816839,56829.0897855924,110315.4807598703,91372.6953446787,79764.2441999324,63548.0492028642,79833.9536118254,9463.7613674028,53154.9613089920,20935.5023894709,80200.4085401173,74791.7735484995,62171.4507505368,126508.8858486130,26432.9009785284,35263.9453697536,34344.1110386586,89426.1894701881,59280.9915461193,95340.9992960008,48876.2745283440,111816.5760562293,126244.5415174387,34441.2143693194,71792.3242722143,75377.4374987955,66091.5000628012,126444.0770857883,8079.7956339436,20876.9169048811,101670.4731938862,51616.4375819905,114874.3693688309,119936.1150419598,52442.8422209004,52966.7625503873,91349.2593822242,87722.5593721005,64531.9735344754,63057.6827555050,42309.0467670481,83372.8875813284,29265.9047620634,72892.3875860558,90645.9038162877,21707.4904414477,33747.3650715409,69976.7952965127,102456.4035935741,82541.0253791577,63261.6389679578,328.6704830640,53415.1672553622,116140.5932693815,30968.7491344037,84930.1945415863,21357.1239334754,57352.5326699080,130554.5319697211,11412.0635427397,74578.9812084189,17747.5631461242,105094.7166494386,60561.1267732640,80092.8589820775,42959.8396743031,46890.2871683262,26439.2318693336,117191.3806196829,65299.5212903673,55779.0460353264,81342.1134496919,66017.0073642844,84879.7296338639,71193.4356943564,57350.2569592686,61676.9958772313,121933.5101023767,53184.7889529510,72865.0958187532,120452.3627075858,57079.9072322362,72865.3635934900,98103.2463943798,134237.3235082247,66488.8760380105,36925.8933329819,87433.3443212495,60265.1252613450,20558.6668563738,94975.5489329016,85532.4206510054,27420.5396383741,25182.6614109490,28516.9786201153,73639.3839462482,119079.9302360072,52212.1351501728,76024.5345784244,83588.3163795940,47839.3556273826,105278.7149291191,56038.7555705009,91265.0699633459,15197.2908104067,97956.3378179495,112077.4771882333,91516.4869978097,109483.0297039041,109928.4455230384,10129.1623782871,93889.2983003533,48353.6200730999,118294.3077952282,94958.5211253615,59803.4664340933,4666.6039476933,86533.9497540341,31747.9433782049,81076.4167832352,14365.1922440599,56028.5966119659,67511.3141910300,85344.5975143512,78752.9544826399,80459.6883108881,41726.8207711006,69416.1493629243,121520.6739018357,107693.8692303356,101458.7228117367,18830.4108863976,110467.1624767109,71220.4065093375,70570.2773014819,57185.5149324719,68445.6874157979,59905.1583373226,49280.3042520531,65890.1867785808,73130.6485572947,74222.3956427875,67201.5987051345,115174.9491007213,15162.6051937077,51554.2875408524,63974.9161022564,60438.2571179325,66254.0201956646,27037.6152957915,37584.3897772944,65014.7078753175,57754.6225671227,86171.2879816697,52943.9467849104,86173.9289645049,39982.4208436949,78287.5469919772,80268.8257456593,5202.6781165229,26540.1377231446,89972.6624435520,26554.2831785658,65777.4482157071,61477.8248219241,37838.4702380343,62344.0411561046,59270.7547655141,84563.2062439995,34794.2700078599,24234.4417010209,16929.5119790636,43888.0463109652,67333.5053294075,35641.3785382626,78532.3827630723,65580.7955996350,28926.4850027785,90414.4809778329,59805.2664063459,67031.3368832896,70877.6253744297
630,0,0,0,0,0,0,0,0,0,0,0,0,0,0,0,0,0,0,0,0,0,0,0,0,0,0,0,0,0,0,0,0,0,0,0,0,0,0,0,0,0,0,0,0,0,0,0,0,0,0,0,0,0,0,0,0,0,0,0,0,0,0,0,0,0,0,0,0,0,0,0,0,0,0,0,0,0,0,0,0,0,0,0,0,0,0,0,0,0,0,0,0,0,0,0,0,0,0,0,0,0,0,0,0,0,0,0,0,0,0,0,0,0,0,0,0,0,0,0,0,0,0,0,0,0,0,0,0,0,0,0,0,0,0,0,0,0,0,0,0,0,0,0,0,0,0,0,0,0,0,0,0,0,0,0,0,0,0,0,0,0,0,0,0,0,0,0,0,0,0,0,0,0,0,0,0,0,0,0,0,0,0,0,0,0,0,0,0,0,0,0,0,0,0,0,0,0,0,0,0
631,24715.8580233080,140284.4959267093,115542.5301702101,54915.0964114179,71689.5930747373,82758.5871606898,137695.4696877840,69137.6787411320,19590.9083058711,101653.2119905745,37300.5713963253,113307.9691193999,41685.6324182866,101942.0886984887,88052.0691253862,128377.6694581381,11544.1330193588,66311.9723822709,115447.2344510714,69464.0013768643,115821.7266068638,91742.4265270607,85228.4314800373,58023.1657871989,89061.9862645286,14393.9613655016,51731.8669736263,24589.3997000219,82908.6089597579,87728.0653895549,72861.6132788789,126180.4247915724,36175.9649587694,24053.8396421209,31487.7581489292,99907.5212368936,50718.3161195328,100915.8236032299,54812.3604126343,115668.6507260664,130975.0267988733,20474.5725871082,72516.6605825983,82911.8260681250,71737.7636940032,127980.5139116192,12850.8252329589,6874.4366213264,103028.0819420390,46667.3118418243,117321.2369529915,126135.4188456397,54157.5446472209,66545.2734298714,100583.0396015401,91816.7034126863,61436.5554517434,62545.9334802852,41783.1788561873,82646.8793247986,22389.4429782916,83281.1814483026,92770.9699314071,35183.3079249343,40672.0450052257,78895.6145437936,106960.3595040715,94791.7862845078,76551.3855239509,16528.3913119242,64882.3338370510,115408.3856469289,32350.8364348548,92403.7397437222,18953.0178136696,62222.8499200377,131104.8691381172,6411.2322780221,78605.0798166323,26525.2882084796,107551.5632917449,74524.4348907176,81215.7651867974,38877.9860955460,50606.5514463111,13091.8930095952,122064.5319896855,77838.6432179746,62652.6998302223,91591.9293540441,77614.9587681865,96378.9416250931,84630.3551978407,50720.9420543365,63059.8694010194,122408.7920728244,43611.3963675663,85095.7112305236,124488.6324414039,53446.1611605803,75134.3099244300,104674.5564013556,135620.6661523737,73535.5630746972,29011.8659767325,92877.2466534274,69871.9691736597,32340.3338802786,99380.2521392513,94094.9645860634,17399.6905735904,31361.3159699639,14372.7878318599,79867.4880309975,120735.6549144234,44340.9043932046,75469.1110766818,89980.1370761442,45238.8918770871,108817.9784166572,59333.3337173492,97648.2317827854,17179.6996329888,100180.4479104918,112280.4032895079,94693.2874384385,114136.2031439154,111700.3655130627,19669.3301681016,103790.9432763621,48713.1239438867,121540.3391144926,96135.2836865631,58025.0181184260,9175.3020735093,87821.7074731528,35933.3760358440,85189.3621970813,760.3012596242,56018.4281087944,62974.7820233803,94947.6257454906,87146.0368595766,91442.8320741542,46737.1960845002,68660.2324967125,126872.3932521813,108723.6812799237,107342.2217384974,12705.3283593049,113530.3265277954,82404.0759211693,67630.0624204799,70405.7659897529,81417.5271641428,71961.1454284966,42873.8911782494,64148.0276461252,82730.4813909760,79399.3261113358,69242.5649380725,121040.6754691729,12272.7341483664,56125.1556942045,50329.1682882604,66452.6546402262,66719.3324341410,26892.3534021906,38499.8170545674,78686.4181079627,52436.1733253677,89135.1556511201,63580.2345303386,97108.0784930257,37619.8541807193,90814.0127353192,80341.3807746081,19559.0727463195,29754.8934341685,97121.3125862779,22507.3819470415,74246.1105194976,74384.8653883097,33153.5567037658,58153.3062128957,73016.6856932096,89385.3072078540,25341.8182091264,17405.8027824103,29898.0461132975,38046.6052804029,77982.4568779155,40848.2584402251,85414.4334595203,79578.5364839926,37007.4447093698,95183.2580662617,71252.7524468665,76586.9108257599,79033.9592680349
632,0,0,0,0,0,0,0,0,0,0,0,0,0,0,0,0,0,0,0,0,0,0,0,0,0,0,0,0,0,0,0,0,0,0,0,0,0,0,0,0,0,0,0,0,0,0,0,0,0,0,0,0,0,0,0,0,0,0,0,0,0,0,0,0,0,0,0,0,0,0,0,0,0,0,0,0,0,0,0,0,0,0,0,0,0,0,0,0,0,0,0,0,0,0,0,0,0,0,0,0,0,0,0,0,0,0,0,0,0,0,0,0,0,0,0,0,0,0,0,0,0,0,0,0,0,0,0,0,0,0,0,0,0,0,0,0,0,0,0,0,0,0,0,0,0,0,0,0,0,0,0,0,0,0,0,0,0,0,0,0,0,0,0,0,0,0,0,0,0,0,0,0,0,0,0,0,0,0,0,0,0,0,0,0,0,0,0,0,0,0,0,0,0,0,0,0,0,0,0,0
633,17501.1446127379,143061.3480347190,110641.4280804063,65164.7820966785,76071.9610832751,74078.0965039761,136617.0972718470,66251.5488482924,27648.3469396960,102542.5741901831,44841.9819176562,117820.2761482343,42198.1943391483,99633.5116721638,82160.8919150655,129329.2871320025,18969.6604321198,67225.0980742719,117986.3848833969,62424.1570411678,115076.6191068886,94668.5302138383,84464.9791195814,64602.7313561931,85273.7596871260,0.0085782912,55674.4282050203,24537.6854939977,84173.5904157844,80329.5663806045,67762.2190091771,129645.8713131339,31803.0116422021,33484.8732349831,36101.4498709932,95014.0978015987,58997.7129468121,100097.6214898554,53579.5958859966,116168.9803075778,130837.4789149035,30673.1031721596,75136.3960324054,80522.7083910994,70798.6936545772,130164.8552536645,10715.1290363352,16426.3208436852,105297.5893451663,52817.1268750229,118845.3861345007,124863.1370252541,55988.6104060705,58331.0790584270,96799.7124679726,92096.3260032189,66530.5263118268,65956.2505986710,45025.4234726018,86286.8741316830,29334.9525195374,78464.0933143049,94477.9202955765,27203.9524064517,38576.6559002444,75358.6426663962,106963.2324767443,88160.3727478277,68721.9358689609,8372.4882462164,59047.1855631593,119128.5123772995,34130.6780998294,90079.0408994008,22820.2206385029,61830.3050399903,133978.4474453544,8800.2279263481,78900.3667950349,22778.1209001166,109052.8367186397,65642.0015476637,83592.5639816172,44402.8349174176,50987.9206298013,23282.5097083789,121809.5857661683,70900.2625503408,60734.6192664302,86905.7277187999,71654.3800221875,90517.0708820127,76596.2156058573,57910.6822424904,65179.1301057377,125322.1698003623,52384.7499003297,78488.1268654676,124863.8887520224,58830.3607365330,76686.3640258373,103086.5251102195,137921.6510360152,71515.4719410978,36726.3203285246,92145.2825274816,65733.6947856040,26171.8223583975,99444.5014319100,90876.7798645247,26085.1254893247,29688.7606374311,24166.5132367828,78504.1902813748,122826.2837996244,52198.6188614133,78969.4712211951,88510.5897992256,49890.7261647493,109538.0673029973,60078.8909392975,96198.2631508689,17834.8320783776,101833.6328075094,115364.0011981051,95650.8250575042,114037.4629992334,113695.1070106687,15071.7988003934,99423.8507396158,51432.8923584879,122493.1792170279,98515.9034928876,62247.4248491381,4845.5978178913,90103.9501262413,35804.6088298044,85439.2368189778,16038.9655578076,59049.1930403060,68979.6151407713,90839.0299087293,84060.9796213515,86078.7170523645,46139.6457186363,72265.5694538485,126257.9535957647,111232.2280949591,106295.3478789047,16136.8522191772,114604.7873290619,76846.7122225731,72656.9240151266,62672.1424280787,73980.5136354193,65539.2623640913,49870.9036951909,68382.8120574500,78614.1997024869,78839.1689949046,70931.7883611860,120023.7074575618,15863.8853929108,55921.4920989793,60577.9848943371,65213.9378377236,69490.2265226207,29573.5506918176,40715.7918865604,70315.7906789667,58856.4951693348,90233.5067809578,58521.8968361797,91791.7968308035,42020.9467647527,83884.1526368391,83435.9097432024,11892.4194401352,30187.4635573413,95064.4596547599,27645.3468285461,71077.8182674740,67029.9638587990,38972.7597527386,63917.6341823669,64534.9238657142,89117.0398119565,33873.1592645752,24138.3483305282,22548.9817338617,44652.7846535299,72924.3434516900,40044.7705977236,83550.8531022723,70613.6718499700,33977.8081330683,94967.0529948580,65438.4301252028,72502.2203991468,76131.9753498725
634,23792.2340662146,132628.2719325726,110853.6897071708,52509.9226319260,63983.9574219797,81769.2191272300,130963.0506493191,63489.4707082239,24043.4584643915,94356.1928687859,30294.8341169840,105615.9404045633,34809.0796765788,95815.3638639462,84225.6826368438,121032.9949677681,2155.1417063682,59100.9685506032,107825.4553947224,66792.1523036595,109002.7578138667,84090.7393502049,78499.5092704529,50655.4156652328,83786.0043376365,15364.8092286675,44033.7436731921,18558.4594970794,75554.0127151721,85236.4534409058,68565.9445490527,118480.5579351636,32136.9888391086,19070.5440276787,23782.9484973073,95279.3979717343,44239.0172620871,94157.5261223233,48484.7300871870,108453.7204259974,123927.3951720458,20206.1416320446,64920.8998024644,76907.7378149908,65142.3908134987,120399.7965471758,10712.9693457744,11405.3433454849,95450.5178707625,39152.6043006396,109861.5552688889,119496.2312512761,46762.7273178685,65131.9635980195,95246.8219708934,84709.3843856124,53769.0427355557,54872.8734115592,34174.0662418345,74947.8138859688,14998.0103731894,78699.9684038510,85302.0692075199,34265.3259657121,35035.4783033035,73536.4926384179,99905.8245538398,91536.9244589832,74598.5029392715,18705.2859492408,61231.6823065372,107702.0018191403,25190.7653007584,86321.6669131251,11518.1443907247,55473.1059967401,123442.1640400294,8345.9872613269,71531.6918187517,22659.8358967441,100106.0797031028,73880.4582956470,73644.0640602340,31226.5351728472,43668.4137865021,11569.0297696461,115066.6790368785,74985.9262922596,56564.9729087657,86868.2593965292,73925.5987029711,92477.7142579221,82835.7401242593,43575.1350049969,55568.9007377852,114745.0344412524,37585.4267543325,81885.3764429277,117297.0249824828,45803.1272090482,67730.9969708863,98213.7171797557,128020.2486776626,67408.8650884372,22075.2707210902,86109.9063424983,64956.5499025619,29888.6414984317,92321.9014897318,88466.8249186759,11354.9980929313,25829.4337938119,16582.5249864607,73405.2357469389,113172.9980322748,37547.1239057097,67780.0777412633,83518.3020747122,37532.2776777362,101553.7332545171,52207.3614683501,91150.5888994538,11583.4518505875,92712.6855897278,104605.6508943711,87390.8492593975,107100.9046233960,104159.2928380100,17331.4165149715,98797.9274955796,41159.3925732482,114202.0620348780,88547.1574389599,50316.8225729311,12129.3416162543,80256.6516509768,29439.3884410760,78109.0461010527,11336.8257413808,48395.8460770578,55456.5462477778,89834.2725350314,81480.4610191961,87194.2369846989,40234.0563197451,60968.6010234359,119988.0769727623,101109.3098240573,100654.5425630490,7062.1758043453,106172.0146106505,78361.5314419944,59960.8433496774,68413.3605402877,79013.0523810145,68708.4998638926,35623.0070424787,56439.6124287112,77694.4347717132,72617.2453918227,61824.0731617209,114312.3142623970,10769.3528682242,49351.7830534777,48484.0567505157,60018.8475997139,59111.4353008333,19567.1824657069,31121.4174630657,77335.0125613311,45007.8830605511,81808.0838105820,59360.8899636562,92792.0458824482,29915.4434266287,87852.3739869769,72680.9413756159,19722.5419983317,23204.2936822990,90893.4503206884,14800.3888810853,68711.1543204805,71962.9610139726,25527.8810102600,50577.8128993072,71855.1928799483,82462.2921258459,19072.0241166516,9869.2765504782,28654.8152675243,30633.7135482886,73610.6230690532,34545.9210575832,79146.6744786007,79009.8569105557,32040.2136773070,88226.1585323243,67510.0001475608,71577.0580703107,73318.3466374953
635,0,0,0,0,0,0,0,0,0,0,0,0,0,0,0,0,0,0,0,0,0,0,0,0,0,0,0,0,0,0,0,0,0,0,0,0,0,0,0,0,0,0,0,0,0,0,0,0,0,0,0,0,0,0,0,0,0,0,0,0,0,0,0,0,0,0,0,0,0,0,0,0,0,0,0,0,0,0,0,0,0,0,0,0,0,0,0,0,0,0,0,0,0,0,0,0,0,0,0,0,0,0,0,0,0,0,0,0,0,0,0,0,0,0,0,0,0,0,0,0,0,0,0,0,0,0,0,0,0,0,0,0,0,0,0,0,0,0,0,0,0,0,0,0,0,0,0,0,0,0,0,0,0,0,0,0,0,0,0,0,0,0,0,0,0,0,0,0,0,0,0,0,0,0,0,0,0,0,0,0,0,0,0,0,0,0,0,0,0,0,0,0,0,0,0,0,0,0,0,0
636,0,0,0,0,0,0,0,0,0,0,0,0,0,0,0,0,0,0,0,0,0,0,0,0,0,0,0,0,0,0,0,0,0,0,0,0,0,0,0,0,0,0,0,0,0,0,0,0,0,0,0,0,0,0,0,0,0,0,0,0,0,0,0,0,0,0,0,0,0,0,0,0,0,0,0,0,0,0,0,0,0,0,0,0,0,0,0,0,0,0,0,0,0,0,0,0,0,0,0,0,0,0,0,0,0,0,0,0,0,0,0,0,0,0,0,0,0,0,0,0,0,0,0,0,0,0,0,0,0,0,0,0,0,0,0,0,0,0,0,0,0,0,0,0,0,0,0,0,0,0,0,0,0,0,0,0,0,0,0,0,0,0,0,0,0,0,0,0,0,0,0,0,0,0,0,0,0,0,0,0,0,0,0,0,0,0,0,0,0,0,0,0,0,0,0,0,0,0,0,0
637,16101.8142789918,137533.6607355950,107803.1716510605,62110.6063699443,70353.2274963308,74156.5967173765,132063.8422793502,62323.3031014959,28066.1862467476,97374.1899731461,39472.9122108723,112104.7958575770,36985.2831100633,95516.0293097731,79904.4688583786,124165.2787287458,14026.8419410033,62000.9610079237,112486.8428966130,60976.0619146946,110393.9855977077,89096.3943421865,79752.1802421897,58978.9346017181,81811.2164688752,8193.9664157838,49967.4150387112,19295.7095581222,78895.7727271764,79186.2870349055,64987.3664034247,124020.3739862482,28451.3852621114,29169.3535506702,30370.3893118019,92157.3313387259,53815.4773084391,95424.3287313379,48948.1109203489,111112.9567763341,125974.2043828957,28444.4638271635,69591.5207410517,76410.5574007935,66118.3244556519,124733.4637108227,9597.1473926951,15476.4500867873,99836.9315381207,47157.0186567518,113541.3603806883,120370.3859916502,50542.8953330244,57922.5143959144,93349.9666120349,87077.1256120481,60797.9493176804,60301.8403262926,39356.4714431759,80625.3335819562,23938.1375239485,75542.5157474177,89116.2873722357,26561.3237472787,34186.0353812020,71755.0884914659,102039.3648748004,86423.5464191494,67948.7730280504,11717.0135297725,56718.7738484023,113472.5287358439,28606.0809608145,85955.6311144921,17091.3049429381,56949.9633406385,128432.9516588249,5162.7843075551,73857.6560111459,18958.8417307866,103747.0799454057,65955.8115004545,78095.4232951075,38700.7057887658,45849.9161190155,20302.2823122497,116975.7936511924,69380.7565874193,56384.0326472235,83921.8332623243,69431.1412985430,88249.7806967840,76014.7995009540,52407.4728348347,59701.1722248639,119767.5733258039,47455.8579823877,76726.0455340047,119848.2833417141,53107.1681155197,71335.7192245767,98689.4671815942,132472.1878984405,67234.3973700498,31466.2903823939,87433.4220458676,62414.1124668655,23947.0998122102,94495.0438024783,87147.0582490823,21420.7475922260,25043.3671394279,22887.6489596455,73988.5484391462,117408.9061626979,46891.2349320225,73317.0768669659,84050.6648575153,44157.5277980313,104418.7517557491,54878.2162478054,91741.8019140383,12293.4309782329,96489.6904095964,109781.3470357935,90458.7782793280,109150.0746867681,108290.8986628313,11555.9473015946,96279.2869047868,45835.9699546027,117324.6394718221,93031.1058172915,56530.1132472278,541.4622316108,84629.1744771806,30718.0000167735,80419.3494216284,14939.6298630510,53427.5988948086,63287.5886097635,87547.8566442848,80259.5990417100,83491.5298618640,41261.6225714935,66598.0572133818,121541.2281310977,105734.1621693259,101706.6958066596,12656.9960655224,109401.1080722791,74368.2233117699,66923.5740467984,61809.8653466284,72866.1675412142,63627.8696808813,44349.5517774191,62667.9976406294,75309.0287395719,74050.6451387387,65544.0810376552,115437.2777988123,10188.8425899623,50965.2135087292,57826.1678769036,60623.3058055847,63916.6164239541,23905.2361363785,35156.7557321864,70064.9072825806,53219.2900906520,85001.6368874769,55701.8266508632,89181.6346024450,36288.3279397889,82368.1493633280,77833.1762524551,10967.9152136517,24900.8576998988,90839.0219131144,21965.8889631144,67290.0107586457,65842.4192275025,33309.0964973022,58211.3184253954,64400.6462596386,84253.7446874965,28974.4951846052,18778.9662788127,21290.5240534864,39076.6359106608,70134.2605607046,35195.4377518022,79232.0587657974,71023.5739194048,29953.0352040319,90095.5853120676,63108.3157633727,69169.2852871799,72233.4186098512
638,22965.2410803479,130144.6293950181,108616.8832238172,53005.5504150879,61647.5535593429,80560.0433855111,128379.1730830289,61076.4799657012,26455.7357468496,91764.6623323979,28744.0958808355,103321.9352364053,32224.2978596359,93306.2288965223,82212.1706588506,118446.7247091303,2507.1927941563,56503.3796060134,105316.3370308001,65115.1884977301,106413.4549876690,81602.9557531461,75918.9145875192,48760.3030112936,81435.3231121018,17211.8816603891,41611.3083688896,16170.1769927248,72967.6165155755,83580.5060943599,66451.9465382539,116058.6583521274,30200.3020601406,18880.7260673501,21391.8168230326,93063.6645674275,42968.1177590971,91573.2762298237,45961.7364626882,105857.2711352380,121328.6276108875,21723.7732777654,62396.2145248950,74423.1097733425,62577.0982543004,117869.4799562023,10091.8411403328,13957.8836033476,92918.3226779771,37136.2660318319,107293.4409292158,116920.7563085990,44179.5402189279,63829.0954935156,92878.7007381469,82110.3746977029,51538.0885150974,52406.7648367689,31654.3207521232,72525.1694065498,13255.0127464399,76506.5398274213,82735.2146745679,33280.1182417606,32665.0268861153,71174.6931012906,97307.0821144581,89665.0472984034,73113.8008273205,19078.5127334929,59295.6925453118,105304.9296949792,22592.1568333888,83821.5545330782,8927.6487278297,52893.9312777997,120964.5347691404,8065.9976728618,68932.9341002284,20875.2564963031,97534.7628513195,72793.0956384224,71108.6404825506,29045.1832150382,41076.5546915227,13094.1103005359,112468.9153333260,73243.4766487854,54075.8834688548,84635.8273436705,71958.9813508554,90438.1856525122,81383.6541711477,41869.6596603700,53005.5816392191,112268.4376991917,36602.9210924191,80035.6822331330,114699.7385586156,43618.3385633881,65150.8436263035,95658.8011908685,125499.4067343253,64907.7968096693,20645.4825578721,83525.4814401315,62698.8435387483,28458.3713187662,89723.1580101931,86044.6518200866,10884.0534870498,23520.6747578373,18743.5280971750,70854.0110840958,110635.0318135868,36107.2815063313,65336.5634077204,80965.2582282754,35197.9401464164,98959.9025821284,49608.3588325241,88592.2002858716,9465.7394395012,90145.8493847243,102141.0635299244,84799.5917284600,104502.4015021270,101613.2182444404,16203.8872795112,96499.5889776131,38614.2117332867,111614.9468471874,86019.5714302289,47941.8397339026,13128.1039054691,77718.7517691330,26909.0601224870,75510.1591761095,13738.2221051533,45885.6629362151,53416.2457741271,87514.4907581388,79054.0605837049,85073.2486101322,37690.5814152755,58530.1372491880,117394.6635870141,98595.6780205989,98075.7734341300,6819.6313527355,103587.0572287201,76299.3217633027,57724.0268992424,66929.4848417328,77390.4771988628,66866.2531451371,33858.2282812730,54074.4200001240,75398.5120160021,70032.8013865793,59246.0064335605,111729.3864292007,6866.1855950004,46771.7859118010,49193.4732971427,57474.9571304809,56592.9496563012,16970.9140748440,28533.4568288554,76023.9734775390,43067.3415862100,79218.9364031222,57279.8003557607,90650.7871063736,27518.4568947036,86063.1110799830,70201.0587416895,19380.3958732799,20676.6325510283,88370.3277033592,12438.4065257553,66316.8853503157,70347.2206492384,23402.3281693953,48479.0341083910,70612.7883509880,79868.0355037919,18156.5709721326,8053.2990451969,27632.8125730678,28742.6310329292,71472.0856893570,32040.6710311784,76620.3635019072,77935.4338003714,29845.8574977656,85630.1919711481,65538.6026217063,69291.6520858339,70886.4012135471
639,0,0,0,0,0,0,0,0,0,0,0,0,0,0,0,0,0,0,0,0,0,0,0,0,0,0,0,0,0,0,0,0,0,0,0,0,0,0,0,0,0,0,0,0,0,0,0,0,0,0,0,0,0,0,0,0,0,0,0,0,0,0,0,0,0,0,0,0,0,0,0,0,0,0,0,0,0,0,0,0,0,0,0,0,0,0,0,0,0,0,0,0,0,0,0,0,0,0,0,0,0,0,0,0,0,0,0,0,0,0,0,0,0,0,0,0,0,0,0,0,0,0,0,0,0,0,0,0,0,0,0,0,0,0,0,0,0,0,0,0,0,0,0,0,0,0,0,0,0,0,0,0,0,0,0,0,0,0,0,0,0,0,0,0,0,0,0,0,0,0,0,0,0,0,0,0,0,0,0,0,0,0,0,0,0,0,0,0,0,0,0,0,0,0,0,0,0,0,0,0
640,23009.1840309636,131641.6265195959,109650.3049457613,53113.2078552550,63119.1800528630,80864.7729697801,129769.5044106072,62264.2230372034,25267.1150381627,93233.7668540670,29911.1688448794,104783.4960693177,33618.2034999806,94592.9231447924,83069.9927544109,119922.0445777712,2447.2140309838,57959.1232432572,106813.8850022083,65729.6336292356,107815.6114604006,83100.1037513872,77303.3269867320,50081.1728902945,82565.8268913584,15878.0380335172,43100.4639866123,17333.4500812837,74443.1494431075,84181.8337097268,67386.1125701372,117548.6343048487,30995.2121054363,19346.0052703465,22873.2596579167,94079.6223133180,44011.7475615705,92964.5934428073,47265.0354755964,107316.3245638292,122765.3891479443,21186.7361948538,63893.1724494672,75682.8664693893,63936.2042322013,119365.8242878233,9969.5116401874,12622.5074125322,94414.5118527475,38502.1436328735,108780.8107301979,118295.7084363994,45658.5575360967,64192.4383000474,94024.9623891066,83553.6016369945,52979.9215976357,53902.1421126259,33151.7117736538,74014.9628320125,14490.0468343962,77504.0757085385,84223.2574180410,33431.7272762848,33812.5518771837,72315.0788487455,98743.7151763781,90418.8442942773,73598.1342128485,18426.9730711697,60094.5515530266,106790.4927238656,24030.0276947366,85098.1469285353,10404.0597526906,54276.1521118380,122461.1492112557,8921.2728735108,70370.0813738285,21553.9858577433,99020.6854453947,73019.5518091167,72604.5185026022,30468.2029021978,42486.2580275337,12535.1264962515,113898.1752314825,73904.2795482180,55340.5622339978,85665.3212646236,72781.3182807935,91315.9165956888,81846.9373590589,43110.3814073450,54495.3032045665,113764.9669646168,37503.4140854628,80773.0614849553,116155.9850424222,45044.8766877955,66631.7772392469,97002.4613894600,126996.5095123869,66185.5589988412,21749.4502236478,84917.2323961132,63748.8300126702,28895.6093473965,91159.8726526553,87241.2761012464,11470.2135622292,24612.1313656617,17759.3459385236,72192.7984612643,112130.4463871337,37227.4378948580,66829.4035007517,82306.4358886305,36667.6361827385,100425.1039774927,51050.6798158582,89940.8211449795,10388.4214579584,91633.8523984331,103636.5602318328,86269.1582934956,105936.6635254894,103107.2754517490,16426.6909499877,97584.5150766411,40108.9093128420,113089.4283171779,87516.2327844923,49421.9518549723,12143.0813709103,79214.2712284811,28221.9985538593,76948.9698851940,12246.1059886617,47383.2317916072,54793.4756023461,88617.8320023400,80254.7507659312,86013.4970120717,39019.7158377298,60022.1891972929,118807.4514822744,100093.1265259962,99456.6220899739,9200.7714718572,105063.7237762476,77193.8612283474,59168.0148057951,67412.6415171618,77968.4677968761,67597.4670845979,35121.8131146104,55552.5851766502,76481.1128603032,71424.7662869188,60728.4537383560,113117.9309202079,8457.5859491497,48155.6938353588,49174.1766953715,58804.1358751917,58090.2782273540,18433.9235166907,30008.6722878345,76394.0484538586,44405.2245273906,80691.3549068174,58187.9305263141,91607.0669298036,29001.9621627349,86757.6750224842,71697.7142697067,19127.2554122174,21986.8038703951,89673.3272213472,13909.7862709800,67487.0047862995,70919.9654143528,24804.1897487789,49876.8263270054,70937.8373523714,81283.6951803380,19003.6985611959,9302.9323097978,27803.6104277383,30056.6972826120,72425.6972033985,33323.6602400647,77927.2645340106,78154.3178629272,30841.2783163436,87051.6268682311,66364.1289407289,70365.1693997632,72092.4671944705
641,0,0,0,0,0,0,0,0,0,0,0,0,0,0,0,0,0,0,0,0,0,0,0,0,0,0,0,0,0,0,0,0,0,0,0,0,0,0,0,0,0,0,0,0,0,0,0,0,0,0,0,0,0,0,0,0,0,0,0,0,0,0,0,0,0,0,0,0,0,0,0,0,0,0,0,0,0,0,0,0,0,0,0,0,0,0,0,0,0,0,0,0,0,0,0,0,0,0,0,0,0,0,0,0,0,0,0,0,0,0,0,0,0,0,0,0,0,0,0,0,0,0,0,0,0,0,0,0,0,0,0,0,0,0,0,0,0,0,0,0,0,0,0,0,0,0,0,0,0,0,0,0,0,0,0,0,0,0,0,0,0,0,0,0,0,0,0,0,0,0,0,0,0,0,0,0,0,0,0,0,0,0,0,0,0,0,0,0,0,0,0,0,0,0,0,0,0,0,0,0
642,24433.3502514443,131660.5445563758,110715.1847781373,51699.4074899116,62924.0932962869,82267.2024395605,130349.4991768983,63173.2516922685,24365.3264218036,93568.0702017442,29099.7193421966,104534.2908387093,34200.4022386618,95367.7524589704,84263.9881526981,120223.2761920221,4766.0170118161,58354.6802737861,106883.8610675721,67045.4518794366,108368.0643878130,83129.1171062657,77899.2606088609,49480.8335812206,83538.2817844274,16556.4893785654,43026.2958424920,18272.5922062302,74747.2410785497,85503.4989739372,68528.5318668735,117465.4008905092,32222.2962235151,18035.6896700706,22766.0926993771,95159.2309478209,43051.3658995184,93543.7620843195,48016.4946069996,107693.3356445708,123220.8607931340,19829.4427166185,64000.4169304189,76498.1941386051,64586.5381741553,119482.5828904675,11392.9991809923,11963.5374578743,94536.8829278167,37998.3714381113,109005.2434053775,118910.3569656962,45949.9051691203,65583.2478255350,94980.5838730973,83990.4145912480,52667.5709463485,53895.5560976643,33255.2572433302,73935.6412665624,13817.4189649761,78598.5882699785,84444.5463164797,34851.0625080468,34767.5352210785,73277.1421206306,99200.8229786423,91672.3240433399,74958.9476854448,19719.7954398416,61322.6007922455,106671.5873839937,24502.4476339611,85888.6041345040,10766.4561714843,54879.4379265643,122469.3447150741,7417.4985925712,70828.0906622790,22835.7385854195,99257.0702765711,74433.0553256474,72736.3591795697,30114.7305593763,43027.1291612321,11178.3257076583,114377.0635927885,75201.3194250779,56149.8435725789,86733.3984622421,73996.4807874934,92497.4206637368,83214.0558454949,42384.4854186478,54707.7599683409,113771.6289018571,36422.4003707662,82034.6243780229,116543.6209759171,44688.0975987675,66906.0555265887,97680.5521014517,127091.1142369493,66975.0405858402,20879.9710027845,85495.8814776562,64798.7829800433,30265.2380374676,91617.2444020245,88139.2108836291,10241.8204666340,25623.1294323070,16647.5923809287,72881.1851368888,112266.2427443024,36352.3291720093,66783.2918273188,82989.8166890956,36476.7984278503,100776.6445178871,51495.3600931293,90609.8234902967,11525.9617197551,91854.6353963249,103622.5252783603,86601.9261936352,106400.7662797508,103264.6327933962,17834.7969480459,98602.5329237370,40271.2880177214,113395.5151573419,87628.0647129821,49278.9645946920,13257.7778941945,79351.7251783710,28961.8035067404,77400.9247531749,12406.0393094915,47461.5064831525,54304.5426645403,89617.9280311989,81147.8389563695,87151.9777443302,39729.2983819246,59968.9941505612,119332.2724891146,100172.9936384563,100059.1555876008,6817.4865221584,105358.5412480353,78363.9712487252,58860.5822245670,68773.5389156366,79298.6495832566,68861.5838725367,34436.9854034618,55395.3508640017,77501.2724122658,72003.9841663958,60994.3309425641,113702.5903599400,10881.0962196733,48756.3149472005,47750.6100445954,59510.8531587769,58184.3924959005,18826.3667550790,30329.9161618982,77783.8745052279,43840.0562167274,81010.8034490333,59348.1961808726,92733.8288596300,28897.4293275345,88040.0531877628,71713.0866591866,20533.4140727900,22733.8035241408,90422.5118336584,13781.4470535863,68416.3702662613,72251.7661681123,24403.1783883926,49438.9939679926,72336.4167004096,81802.9877800851,17908.7124473403,8707.4095448245,29220.7141115304,29461.7115459971,73554.0776374586,34108.7461212794,78670.5591462770,79568.8015225385,31935.4552179845,87554.6495371984,67577.1632863167,71393.8212526975,72979.1001507386
643,0,0,0,0,0,0,0,0,0,0,0,0,0,0,0,0,0,0,0,0,0,0,0,0,0,0,0,0,0,0,0,0,0,0,0,0,0,0,0,0,0,0,0,0,0,0,0,0,0,0,0,0,0,0,0,0,0,0,0,0,0,0,0,0,0,0,0,0,0,0,0,0,0,0,0,0,0,0,0,0,0,0,0,0,0,0,0,0,0,0,0,0,0,0,0,0,0,0,0,0,0,0,0,0,0,0,0,0,0,0,0,0,0,0,0,0,0,0,0,0,0,0,0,0,0,0,0,0,0,0,0,0,0,0,0,0,0,0,0,0,0,0,0,0,0,0,0,0,0,0,0,0,0,0,0,0,0,0,0,0,0,0,0,0,0,0,0,0,0,0,0,0,0,0,0,0,0,0,0,0,0,0,0,0,0,0,0,0,0,0,0,0,0,0,0,0,0,0,0,0
644,0,0,0,0,0,0,0,0,0,0,0,0,0,0,0,0,0,0,0,0,0,0,0,0,0,0,0,0,0,0,0,0,0,0,0,0,0,0,0,0,0,0,0,0,0,0,0,0,0,0,0,0,0,0,0,0,0,0,0,0,0,0,0,0,0,0,0,0,0,0,0,0,0,0,0,0,0,0,0,0,0,0,0,0,0,0,0,0,0,0,0,0,0,0,0,0,0,0,0,0,0,0,0,0,0,0,0,0,0,0,0,0,0,0,0,0,0,0,0,0,0,0,0,0,0,0,0,0,0,0,0,0,0,0,0,0,0,0,0,0,0,0,0,0,0,0,0,0,0,0,0,0,0,0,0,0,0,0,0,0,0,0,0,0,0,0,0,0,0,0,0,0,0,0,0,0,0,0,0,0,0,0,0,0,0,0,0,0,0,0,0,0,0,0,0,0,0,0,0,0
645,0,0,0,0,0,0,0,0,0,0,0,0,0,0,0,0,0,0,0,0,0,0,0,0,0,0,0,0,0,0,0,0,0,0,0,0,0,0,0,0,0,0,0,0,0,0,0,0,0,0,0,0,0,0,0,0,0,0,0,0,0,0,0,0,0,0,0,0,0,0,0,0,0,0,0,0,0,0,0,0,0,0,0,0,0,0,0,0,0,0,0,0,0,0,0,0,0,0,0,0,0,0,0,0,0,0,0,0,0,0,0,0,0,0,0,0,0,0,0,0,0,0,0,0,0,0,0,0,0,0,0,0,0,0,0,0,0,0,0,0,0,0,0,0,0,0,0,0,0,0,0,0,0,0,0,0,0,0,0,0,0,0,0,0,0,0,0,0,0,0,0,0,0,0,0,0,0,0,0,0,0,0,0,0,0,0,0,0,0,0,0,0,0,0,0,0,0,0,0,0
646,0,0,0,0,0,0,0,0,0,0,0,0,0,0,0,0,0,0,0,0,0,0,0,0,0,0,0,0,0,0,0,0,0,0,0,0,0,0,0,0,0,0,0,0,0,0,0,0,0,0,0,0,0,0,0,0,0,0,0,0,0,0,0,0,0,0,0,0,0,0,0,0,0,0,0,0,0,0,0,0,0,0,0,0,0,0,0,0,0,0,0,0,0,0,0,0,0,0,0,0,0,0,0,0,0,0,0,0,0,0,0,0,0,0,0,0,0,0,0,0,0,0,0,0,0,0,0,0,0,0,0,0,0,0,0,0,0,0,0,0,0,0,0,0,0,0,0,0,0,0,0,0,0,0,0,0,0,0,0,0,0,0,0,0,0,0,0,0,0,0,0,0,0,0,0,0,0,0,0,0,0,0,0,0.0000000000,0,0,0,0,0,0,0,0,0,0,0,0,0,0,0,0
647,0,0,0,0,0,0,0,0,0,0,0,0,0,0,0,0,0,0,0,0,0,0,0,0,0,0,0,0,0,0,0,0,0,0,0,0,0,0,0,0,0,0,0,0,0,0,0,0,0,0,0,0,0,0,0,0,0,0,0,0,0,0,0,0,0,0,0,0,0,0,0,0,0,0,0,0,0,0,0,0,0,0,0,0,0,0,0,0,0,0,0,0,0,0,0,0,0,0,0,0,0,0,0,0,0,0,0,0,0,0,0,0,0,0,0,0,0,0,0,0,0,0,0,0,0,0,0,0,0,0,0,0,0,0,0,0,0,0,0,0,0,0,0,0,0,0,0,0,0,0,0,0,0,0,0,0,0,0,0,0,0,0,0,0,0,0,0,0,0,0,0,0,0,0,0,0,0,0,0,0,0,0,0,0,0,0,0,0,0,0,0,0,0,0,0,0,0,0,0,0
648,0,0,0,0,0,0,0,0,0,0,0,0,0,0,0,0,0,0,0,0,0,0,0,0,0,0,0,0,0,0,0,0,0,0,0,0,0,0,0,0,0,0,0,0,0,0,0,0,0,0,0,0,0,0,0,0,0,0,0,0,0,0,0,0,0,0,0,0,0,0,0,0,0,0,0,0,0,0,0,0,0,0,0,0,0,0,0,0,0,0,0,0,0,0,0,0,0,0,0,0,0,0,0,0,0,0,0,0,0,0,0,0,0,0,0,0,0,0,0,0,0,0,0,0,0,0,0,0,0,0,0,0,0,0,0,0,0,0,0,0,0,0,0,0,0,0,0,0,0,0,0,0,0,0,0,0,0,0,0,0,0,0,0,0,0,0,0,0,0,0,0,0,0,0,0,0,0,0,0,0,0,0,0,0,0,0,0,0,0,0,0,0,0,0,0,0,0,0,0,0
649,0,0,0,0,0,0,0,0,0,0,0,0,0,0,0,0,0,0,0,0,0,0,0,0,0,0,0,0,0,0,0,0,0,0,0,0,0,0,0,0,0,0,0,0,0,0,0,0,0,0,0,0,0,0,0,0,0,0,0,0,0,0,0,0,0,0,0,0,0,0,0,0,0,0,0,0,0,0,0,0,0,0,0,0,0,0,0,0,0,0,0,0,0,0,0,0,0,0,0,0,0,0,0,0,0,0,0,0,0,0,0,0,0,0,0,0,0,0,0,0,0,0,0,0,0,0,0,0,0,0,0,0,0,0,0,0,0,0,0,0,0,0,0,0,0,0,0,0,0,0,0,0,0,0,0,0,0,0,0,0,0,0,0,0,0,0,0,0,0,0,0,0,0,0,0,0,0,0,0,0,0,0,0,0,0,0,0,0,0,0,0,0,0,0,0,0,0,0,0,0
650,0,0,0,0,0,0,0,0,0,0,0,0,0,0,0,0,0,0,0,0,0,0,0,0,0,0,0,0,0,0,0,0,0,0,0,0,0,0,0,0,0,0,0,0,0,0,0,0,0,0,0,0,0,0,0,0,0,0,0,0,0,0,0,0,0,0,0,0,0,0,0,0,0,0,0,0,0,0,0,0,0,0,0,0,0,0,0,0,0,0,0,0,0,0,0,0,0,0,0,0,0,0,0,0,0,0,0,0,0,0,0,0,0,0,0,0,0,0,0,0,0,0,0,0,0,0,0,0,0,0,0,0,0,0,0,0,0,0,0,0,0,0,0,0,0,0,0,0,0,0,0,0,0,0,0,0,0,0,0,0,0,0,0,0,0,0,0,0,0,0,0,0,0,0,0,0,0,0,0,0,0,0,0,0,0,0,0,0,0,0,0,0,0,0,0,0,0,0,0,0
651,0,0,0,0,0,0,0,0,0,0,0,0,0,0,0,0,0,0,0,0,0,0,0,0,0,0,0,0,0,0,0,0,0,0,0,0,0,0,0,0,0,0,0,0,0,0,0,0,0,0,0,0,0,0,0,0,0,0,0,0,0,0,0,0,0,0,0,0,0,0,0,0,0,0,0,0,0,0,0,0,0,0,0,0,0,0,0,0,0,0,0,0,0,0,0,0,0,0,0,0,0,0,0,0,0,0,0,0,0,0,0,0,0,0,0,0,0,0,0,0,0,0,0,0,0,0,0,0,0,0,0,0,0,0,0,0,0,0,0,0,0,0,0,0,0,0,0,0,0,0,0,0,0,0,0,0,0,0,0,0,0,0,0,0,0,0,0,0,0,0,0,0,0,0,0,0,0,0,0,0,0,0,0,0,0,0,0,0,0,0,0,0,0,0,0,0,0,0,0,0
652,0,0,0,0,0,0,0,0,0,0,0,0,0,0,0,0,0,0,0,0,0,0,0,0,0,0,0,0,0,0,0,0,0,0,0,0,0,0,0,0,0,0,0,0,0,0,0,0,0,0,0,0,0,0,0,0,0,0,0,0,0,0,0,0,0,0,0,0,0,0,0,0,0,0,0,0,0,0,0,0,0,0,0,0,0,0,0,0,0,0,0,0,0,0,0,0,0,0,0,0,0,0,0,0,0,0,0,0,0,0,0,0,0,0,0,0,0,0,0,0,0,0,0,0,0,0,0,0,0,0,0,0,0,0,0,0,0,0,0,0,0,0,0,0,0,0,0,0,0,0,0,0,0,0,0,0,0,0,0,0,0,0,0,0,0,0,0,0,0,0,0,0,0,0,0,0,0,0,0,0,0,0,0,0,0,0,0,0,0,0,0,0,0,0,0,0,0,0,0,0
653,0,0,0,0,0,0,0,0,0,0,0,0,0,0,0,0,0,0,0,0,0,0,0,0,0,0,0,0,0,0,0,0,0,0,0,0,0,0,0,0,0,0,0,0,0,0,0,0,0,0,0,0,0,0,0,0,0,0,0,0,0,0,0,0,0,0,0,0,0,0,0,0,0,0,0,0,0,0,0,0,0,0,0,0,0,0,0,0,0,0,0,0,0,0,0,0,0,0,0,0,0,0,0,0,0,0,0,0,0,0,0,0,0,0,0,0,0,0,0,0,0,0,0,0,0,0,0,0,0,0,0,0,0,0,0,0,0,0,0,0,0,0,0,0,0,0,0,0,0,0,0,0,0,0,0,0,0,0,0,0,0,0,0,0,0,0,0,0,0,0,0,0,0,0,0,0,0,0,0,0,0,0,0,0,0,0,0,0,0,0,0,0,0,0,0,0,0,0,0,0
654,0,0,0,0,0,0,0,0,0,0,0,0,0,0,0,0,0,0,0,0,0,0,0,0,0,0,0,0,0,0,0,0,0,0,0,0,0,0,0,0,0,0,0,0,0,0,0,0,0,0,0,0,0,0,0,0,0,0,0,0,0,0,0,0,0,0,0,0,0,0,0,0,0,0,0,0,0,0,0,0,0,0,0,0,0,0,0,0,0,0,0,0,0,0,0,0,0,0,0,0,0,0,0,0,0,0,0,0,0,0,0,0,0.0000000000,0,0,0,0,0,0,0,0,0,0,0,0,0,0,0,0,0,0,0,0,0,0,0,0,0,0,0,0,0,0,0,0,0,0,0,0,0,0,0,0,0,0,0,0,0,0,0,0,0,0,0,0,0,0,0,0,0,0,0,0,0,0,0,0,0,0,0,0,0,0,0,0,0,0,0,0,0,0,0,0,0,0,0,0,0,0,0
655,0,0,0,0,0,0,0,0,0,0,0,0,0,0,0,0,0,0,0,0,0,0,0,0,0,0,0,0,0,0,0,0,0,0,0,0,0,0,0,0,0,0,0,0,0,0,0,0,0,0,0,0,0,0,0,0,0,0,0,0,0,0,0,0,0,0,0,0,0,0,0,0,0,0,0,0,0,0,0,0,0,0,0,0,0,0,0,0,0,0,0,0,0,0,0,0,0,0,0,0,0,0,0,0,0,0,0,0,0,0,0,0,0,0,0,0,0,0,0,0,0,0,0,0,0,0,0,0,0,0,0,0,0,0,0,0,0,0,0,0,0,0,0,0,0,0,0,0,0,0,0,0,0,0,0,0,0,0,0,0,0,0,0,0,0,0,0,0,0,0,0,0,0,0,0,0,0,0,0,0,0,0,0,0,0,0,0,0,0,0,0,0,0,0,0,0,0,0,0,0
656,0,0,0,0,0,0,0,0,0,0,0,0,0,0,0,0,0,0,0,0,0,0,0,0,0,0,0,0,0,0,0,0,0,0,0,0,0,0,0,0,0,0,0,0,0,0,0,0,0,0,0,0,0,0,0,0,0,0,0,0,0,0,0,0,0,0,0,0,0,0,0,0,0,0,0,0,0,0,0,0,0,0,0,0,0,0,0,0,0,0,0,0,0,0,0,0,0,0,0,0,0,0,0,0,0,0,0,0,0,0,0,0,0,0,0,0,0,0,0,0,0,0,0,0,0,0,0,0,0,0,0,0,0,0,0,0,0,0,0,0,0,0,0,0,0,0,0,0,0,0,0,0,0,0,0,0,0,0,0,0,0,0,0,0,0,0,0,0,0,0,0,0,0,0,0,0,0,0,0,0,0,0,0,0,0,0,0,0,0,0,0,0,0,0,0,0,0,0,0,0
657,0,0,0,0,0,0,0,0,0,0,0,0,0,0,0,0,0,0,0,0,0,0,0,0,0,0,0,0,0,0,0,0,0,0,0,0,0,0,0,0,0,0,0,0,0,0,0,0,0,0,0,0,0,0,0,0,0,0,0,0,0,0,0,0,0,0,0,0,0,0,0,0,0,0,0,0,0,0,0,0,0,0,0,0,0,0,0,0,0,0,0,0,0,0,0,0,0,0,0,0,0,0,0,0,0,0,0,0,0,0,0,0,0,0,0,0,0,0,0,0,0,0,0,0,0,0,0,0,0,0,0,0,0,0,0,0,0,0,0,0,0,0,0,0,0,0,0,0,0,0,0,0,0,0,0,0,0,0,0,0,0,0,0,0,0,0,0,0,0,0,0,0,0,0,0,0,0,0,0,0,0,0,0,0,0,0,0,0,0,0,0,0,0,0,0,0,0,0,0,0
658,0,0,0,0,0,0,0,0,0,0,0,0,0,0,0,0,0,0,0,0,0,0,0,0,0,0,0,0,0,0,0,0,0,0,0,0,0,0,0,0,0,0,0,0,0,0,0,0,0,0,0,0,0,0,0,0,0,0,0,0,0,0,0,0,0,0,0,0,0,0,0,0,0,0,0,0,0,0,0,0,0,0,0,0,0,0,0,0,0,0,0,0,0,0,0,0,0,0,0,0,0,0,0,0,0,0,0,0,0,0,0,0,0,0,0,0,0,0,0,0,0,0,0,0,0,0,0,0,0,0,0,0,0,0,0,0,0,0,0,0,0,0,0,0,0,0,0,0,0,0,0,0,0,0,0,0,0,0,0,0,0,0,0,0,0,0,0,0,0,0,0,0,0,0,0,0,0,0,0,0,0,0,0,0,0,0,0,0,0,0,0,0,0,0,0,0,0,0,0,0
659,14709.0968387155,119504.5668351677,80236.6820861595,79696.0215606248,59554.9788675597,53057.3964492938,107041.2380860763,35766.1081417807,54831.7986837985,76093.3134031757,45030.0348811491,99230.4175630021,20903.8375542862,69265.0322411465,52770.7750496406,102488.9961243165,32283.8584251614,42457.4122316837,94430.6299738660,35675.9396705868,86009.4111669014,72838.2556724051,55843.9832108956,56925.2091180149,54458.7763179455,35063.5129429887,40739.4625166218,15577.3340106862,59083.4753527483,54137.8914837801,37471.7584737582,107949.8653033429,28.3049214279,45068.8204910677,30004.9354907834,64591.4830045500,59161.5616959117,71119.4241835549,25673.3042888762,88794.6054439759,102367.9158878284,51321.6541818917,53777.4264555915,50231.7169488085,42340.1176563890,105589.1759030710,22557.9888318704,41808.2330203888,81515.7410485536,45806.7363790174,93194.8739970203,95168.9485020298,34875.4310249013,36116.6522776856,65986.6053138898,64869.4144488457,53389.1452935912,47722.8739124732,30798.1374551122,66792.9585714227,34009.3149585059,47971.6561514579,69869.8448548287,13731.0518744688,11381.4915504580,44566.8934172259,78982.6568316501,60004.4635490325,44283.4768229187,24951.8274197720,29697.9323025590,98356.3992254680,20793.9969935856,59756.6333331884,24987.8375303883,34800.8765359298,110802.0441603795,31638.3275167568,52162.6129318476,8939.6595824977,83578.1628616602,46261.2502898169,61023.5365464463,37641.4009384569,27011.2422463326,42739.8915168442,93276.3579028975,43654.9903829178,31304.9616211455,56346.3181606842,42411.6482102837,61066.1340366942,52621.7582330160,53688.4364523251,43517.4063874393,102424.8462872775,56046.0237145174,50369.3070833936,97174.8994036376,47910.6456457187,52636.6705779172,73253.8307150315,113447.0743187120,41669.6774397839,40298.4165598125,63404.9142835044,34937.8950155216,6771.1421070741,71695.5399276016,60126.8229295604,37788.0204649928,9824.7548592264,48069.3176188253,49243.6042293172,98205.5572203029,51806.8908073653,59636.2857607531,58952.5714954270,38585.8747717406,82639.4613181113,35640.7784913820,66564.1745809367,20268.8841997309,76860.8621854208,93130.2047643772,69516.7272287026,85806.4945596403,89088.7028467792,16036.1617833791,68732.7812732845,33769.6096436819,95756.4316656586,75224.9736342497,46978.1051983912,28605.8456533816,66956.6807836310,15641.6229711090,58367.1084839521,37464.1181547192,40751.1969598832,58597.3583080541,60064.7491144688,53368.6674303620,56045.1980286497,20710.1891367884,53852.2387170035,97241.9158474174,87794.9574214617,76976.6799112613,36029.1375395977,88217.4424616045,47031.1227997731,58518.6202498344,38169.9448756871,48048.9074026215,37200.0066101558,46647.5852051600,52277.3386437684,47829.7959055261,50669.2642648794,47630.4810731562,90614.1274696145,26029.5962364965,29838.8947447738,76777.6337615621,36539.1448444270,49062.2800291498,22312.6794135960,25059.1638001639,48009.2255295042,51556.8329020370,64552.0318680576,28186.7268408308,61711.7330787654,32522.4272959004,56415.9084103273,62676.5289262321,19623.5592395095,16060.4556639056,64900.8902060515,28509.3648091215,40406.6525594978,41055.2656171352,35260.0910550151,53422.6811959948,43104.9446856379,61097.3534501407,41540.7593812561,31726.3374068574,12010.0881591959,41487.6148919991,42603.0182325136,15824.8882501182,53665.7742403834,51353.8545547948,5873.9743054076,66889.9926553373,36006.4830236617,41705.7910489075,45555.3729618485
660,0,0,0,0,0,0,0,0,0,0,0,0,0,0,0,0,0,0,0,0,0,0,0,0,0,0,0,0,0,0,0,0,0,0,0,0,0,0,0,0,0,0,0,0,0,0,0,0,0,0,0,0,0,0,0,0,0,0,0,0,0,0,0,0,0,0,0,0,0,0,0,0,0,0,0,0,0,0,0,0,0,0,0,0,0,0,0,0,0,0,0,0,0,0,0,0,0,0,0,0,0,0,0,0,0,0,0,0,0,0,0,0,0,0,0,0,0,0,0,0,0,0,0,0,0,0,0,0,0,0,0,0,0,0,0,0,0,0,0,0,0,0,0,0,0,0,0,0,0,0,0,0,0,0,0,0,0,0,0,0,0,0,0,0,0,0,0,0,0,0,0,0,0,0,0,0,0,0,0,0,0,0,0,0,0,0,0,0,0,0,0,0,0,0,0,0,0,0,0,0
661,0,0,0,0,0,0,0,0,0,0,0,0,0,0,0,0,0,0,0,0,0,0,0,0,0,0,0,0,0,0,0,0,0,0,0,0,0,0,0,0,0,0,0,0,0,0,0,0,0,0,0,0,0,0,0,0,0,0,0,0,0,0,0,0,0,0,0,0,0,0,0,0,0,0,0,0,0,0,0,0,0,0,0,0,0,0,0,0,0,0,0,0,0,0,0,0,0,0,0,0,0,0,0,0,0,0,0,0,0,0,0,0,0,0,0,0,0,0,0,0,0,0,0,0,0,0,0,0,0,0,0,0,0,0,0,0,0,0,0,0,0,0,0,0,0,0,0,0,0,0,0,0,0,0,0,0,0,0,0,0,0,0,0,0,0,0,0,0,0,0,0,0,0,0,0,0,0,0,0,0,0,0,0,0,0,0,0,0,0,0,0,0,0,0,0,0,0,0,0,0
662,33634.5315870815,138971.9791827421,121556.7746989630,44968.2536998791,69338.0514407933,91858.4030792168,140171.3531602989,73871.5151515854,8570.8688919151,102499.4021758289,32102.9671611861,110342.8168157406,44256.6293547395,105782.8075440834,95042.7879256283,128957.6862349713,11384.3913495991,67654.4208609055,114528.8341453029,77468.8856452817,118115.7327783684,90648.2686968808,87834.6882881217,53397.7399370951,94313.0693342153,18325.0847848112,50376.7524639083,29061.2564572237,83608.3967448999,95885.1794142583,79359.7562551590,124236.3924257248,42952.2998040926,16395.5057111069,30554.8045760447,106004.5547048079,44010.0617863173,103400.2989967009,58435.5793045793,116774.3977289627,132594.9235091287,4723.1978601892,72025.0102165640,87017.8473330661,74711.2155998871,127337.1663965022,20781.4422169007,7324.5856773977,102487.6993431685,42917.3213148695,117410.0376627451,128855.9428273188,54930.2891194566,75391.9412054558,105733.1577275537,93357.7565270919,58500.4040528954,61442.8028373541,41635.7823185455,80921.4572478430,19520.3348233203,89444.9711276210,92904.0832608067,44197.1061616831,45544.3474103189,84042.3167861799,108614.7057972476,102326.1525973029,85078.4125159548,26401.8905379596,72043.1510831566,113269.0633706051,34362.8902641019,96346.6529256749,20777.1720283481,64893.4452468526,129742.5866600175,12639.1271476732,80310.5284751288,33446.9519104337,107740.8852198758,83784.0116856590,80826.2885750159,36282.1854152296,52905.9013849072,262.8952130156,123851.3993516219,85707.3705691199,66677.8370645674,97576.3748445842,84740.9083977068,103292.8841403990,93268.1750932522,45501.0928233388,63285.0080171605,121058.9492256767,36332.7554455003,92666.4455676336,125654.4471187880,50390.5164320591,75674.5870403239,107838.2119109218,134815.6296276293,77447.8532778839,24111.6387649917,95362.7695589777,75636.3237212480,40415.6602133879,101045.9862172218,98808.8222423947,12402.5429927248,36450.3453207044,3896.9874320018,83096.8963170356,120233.6452638207,38399.9617858599,74003.3855303443,93178.0666122988,43349.6020573836,109764.5562716608,61010.2037551223,100748.3632068237,22353.0384011755,100287.2838566212,110827.4659586625,95545.0390779923,115829.8755108846,111361.9403813884,27687.6742192609,109418.7103577170,48783.6116327475,122163.1726535405,95551.4854702864,56159.9740512486,19033.3231828014,87436.1568713668,39423.9631484681,86842.0553699586,11727.7347822161,55500.1953087517,58939.6250006005,100419.8809600146,91812.0781340494,97985.8275748473,50077.6123312640,67210.1943115298,128970.4623685342,107889.6911048911,109983.6882644978,9463.2762402863,114092.0673016472,89172.4908990759,64636.2725679917,78899.3333295692,89634.6822514489,79488.8397427286,38177.6562992978,62113.2108480887,88320.8185383296,81898.2173178233,69759.0605206011,123554.2396465146,16512.0532491718,58784.6774920022,40323.7678777467,69797.9465017571,66190.1345707691,28586.6463088029,39615.9543702972,87585.2116115720,48153.7469384377,89914.6986523901,70166.0072088356,103573.4980518239,36443.7432829582,98600.2834132722,79224.3747910955,28885.8341062724,33248.6172821095,100778.1991036017,22113.8122061515,79141.3623811473,82582.9381278204,30586.9628621852,54515.1113083744,82013.6496333612,91476.3027216448,19397.2329123788,15974.7083438350,38703.3405038615,34110.2245386331,84392.7971594277,44636.7480837268,89022.2658598856,88879.1474350385,42781.4215701788,97159.0703112057,78326.0016756077,82219.6732064621,83636.4017309683
663,0,0,0,0,0,0,0,0,0,0,0,0,0,0,0,0,0,0,0,0,0,0,0,0,0,0,0,0,0,0,0,0,0,0,0,0,0,0,0,0,0,0,0,0,0,0,0,0,0,0,0,0,0,0,0,0,0,0,0,0,0,0,0,0,0,0,0,0,0,0,0,0,0,0,0,0,0,0,0,0,0,0,0,0,0,0,0,0,0,0,0,0,0,0,0,0,0,0,0,0,0,0,0,0,0,0,0,0,0,0,0,0,0,0,0,0,0,0,0,0,0,0,0,0,0,0,0,0,0,0,0,0,0,0,0,0,0,0,0,0,0,0,0,0,0,0,0,0,0,0,0,0,0,0,0,0,0,0,0,0,0,0,0,0,0,0,0,0,0,0,0,0,0,0,0,0,0,0,0,0,0,0,0,0,0,0,0,0,0,0,0,0,0,0,0,0,0,0,0,0
664,16869.6310144522,119817.8810552879,93500.9980183709,63746.0231169372,54085.0724600333,68851.2893219214,114361.2072541387,45999.7817885719,41547.3177160987,79265.7150188166,30734.3626810855,95586.3170306065,18877.1987518073,78542.7927205549,67501.3806632836,106056.9362718736,17102.9704851760,43900.0126553200,94707.3063653745,51566.4381788937,92564.4689514143,71551.1713550991,61931.0545636152,46231.5645926179,66289.7453667704,26726.4596740605,33702.3096579551,82.7194030196,60820.2020018618,69991.5695227980,51538.8242492495,106677.5404763144,16210.3345889037,29080.8768512519,16879.4133386756,77971.2075716782,45429.2351200926,77622.4039306371,31380.1031118503,93016.2709926056,107973.0526971638,36083.9853644392,51974.9936566891,59552.3445565588,48373.4637301655,106818.4330789822,12666.9007779559,28774.5677347558,81977.5557745079,34352.3198853618,95484.7247217659,102755.7250682993,32683.6607492382,51903.4675817187,77744.1888961429,68997.8567039190,45581.0361254159,43296.4002033397,22773.9744108308,63584.1210087505,18160.8481787971,61447.5108312228,71110.6287207074,24372.1102628348,17531.4115020853,56035.2401644627,84006.1825790021,75328.4564981407,60271.1650338034,21046.3692291783,44871.1402481797,96322.7354964650,11205.8668138587,69016.6560044361,9009.0378815055,38999.3429075853,110770.9113161239,19939.2620570803,55772.8430333843,8861.8919232765,85691.2994137456,61747.9119586287,60327.2836979661,25570.2384886702,27745.4038901707,27727.3303011232,99000.5049712395,59393.9166309307,39249.7090423913,69527.9867033353,57394.1499230386,75654.1283755662,68609.2425107991,41344.4401417146,41903.9634268967,102137.6506674214,41263.8112930203,65794.5948637850,101763.8993622875,38604.5593385938,53318.6640817365,81246.8416942175,114586.4727281209,50126.9803172734,24924.8759540384,69599.9750075648,47573.9544695722,17445.1186770036,76449.2227466294,70981.8254603042,21896.7535948409,8382.6232435651,33873.5729606166,56446.5842388079,99473.0454031249,37996.3437195325,56231.4553053394,66555.7042409273,29071.4233984089,86310.6308103245,36771.1643039993,74229.4124672132,7239.3984680127,78465.7647041548,92257.2187528703,72352.9752281997,91138.3085631008,90336.9288442024,11055.8213230820,81349.1570052076,28551.9300303623,99216.5873448043,75224.7151482010,40375.0037730295,20170.3004230436,66804.4061549717,12668.4454025190,62341.9852416091,26444.6424432259,36232.9220124686,49337.3527767340,72361.6110103170,64000.7136457067,70125.6855597945,23382.8063105559,49666.0290379223,103667.7115338135,87953.4428959522,83996.1063974066,21953.4975007321,91298.4638092829,61482.6715034714,51456.4602940213,54152.9721534763,63961.4374881306,52705.1969032963,33600.2703158849,46383.7625294811,60249.5257466235,56157.0137842750,47572.9230111349,97711.5263674376,11720.7657580888,32958.2679729033,60789.7552392701,43032.2243561809,46423.0655135596,14403.5922570296,17793.6327216073,63903.6569957439,40493.4814306257,66905.5714222388,42459.4782251181,75663.6730839041,21497.1617138814,71997.1883597017,60437.6893813601,17395.0320704156,13063.9470952367,73696.3881027879,12818.6703077716,51209.8354409360,56994.7314374596,21638.6077568311,44071.9617841331,58867.8149708284,66276.2875286760,25665.6544404176,15772.4912107516,19271.7675704316,28124.6396535038,56504.8774384823,17426.6804119669,61982.0921708896,66882.9528088846,14887.8454618025,72106.5702670760,50980.8439595394,54147.3129692596,55846.8815684276
665,0,0,0,0,0,0,0,0,0,0,0,0,0,0,0,0,0,0,0,0,0,0,0,0,0,0,0,0,0,0,0,0,0,0,0,0,0,0,0,0,0,0,0,0,0,0,0,0,0,0,0,0,0,0,0,0,0,0,0,0,0,0,0,0,0,0,0,0,0,0,0,0,0,0,0,0,0,0,0,0,0,0,0,0,0,0,0,0,0,0,0,0,0,0,0,0,0,0,0,0,0,0,0,0,0,0,0,0,0,0,0,0,0,0,0,0,0,0,0,0,0,0,0,0,0,0,0,0,0,0,0,0,0,0,0,0,0,0,0,0,0,0,0,0,0,0,0,0,0,0,0,0,0,0,0,0,0,0,0,0,0,0,0,0,0,0,0,0,0,0,0,0,0,0,0,0,0,0,0,0,0,0,0,0,0,0,0,0,0,0,0,0,0,0,0,0,0,0,0,0
666,9180.6224065308,135884.8208151073,101762.7052441886,68268.3659581929,70254.1414058775,67195.4921473241,127934.8339063608,57331.7409496655,34937.6646318097,94553.7956972638,42633.7776469962,111830.4343864024,34529.1046309776,90752.3152783158,73485.6614370284,121304.5724493410,19018.3197865549,59416.4589148496,110742.4988137058,54198.6529708738,106500.4157945632,87738.6507332564,75942.5227112721,60851.6167731844,76297.4428162102,13241.4100196590,49821.7853306196,17342.3760704359,76420.9009325450,72336.3407863112,58886.2407317332,122907.8567957299,22828.3613715245,34476.7283532116,31440.1921089794,86126.7010196365,57337.2762159726,91524.8789627346,45052.5172367711,107993.1711404750,122418.3266154839,35165.6608387845,68155.4508540102,71648.8461171017,62269.4587220598,122701.6426896171,7012.2986869179,22442.7674519210,97951.6401308429,48887.5643811234,111090.0706255797,116146.8616181631,48768.1966549421,50958.8960632223,87823.9694377397,83898.8656695023,61389.4636552416,59567.2282147750,38929.6190526392,79857.9560882422,27375.6377368430,69555.3795175659,86888.3320345304,19594.7216065466,29931.7006010875,66385.9237861225,98628.7698762496,79764.8412726097,61022.9906965610,5083.0913217794,50323.2670221541,112586.5220350237,27467.9731958309,81203.9224882574,18815.6029726843,53526.0624445063,126876.8005718493,12247.7394362324,70759.3241579162,13956.5219526675,101313.4571595533,59017.8974638319,76410.6418214744,40151.9368376947,43102.9007891592,26816.9459254577,113366.0035055134,62633.0102247611,51990.2936410763,77985.7996906282,62988.0715072544,81840.8665154075,69068.3609735858,54934.2338456981,58005.1718848729,118266.1213765950,51587.4298771231,70072.2803634900,116626.2854504101,54065.8850909271,69114.8280919042,94325.4730426388,130501.1441032020,62719.4339367096,35088.8937072462,83612.8209327119,56761.4301686856,17415.4203251682,91148.3572898900,81912.8240569120,26474.2535602338,21360.8560576156,29832.0478316237,69835.9140491557,115333.5210369202,50143.5799754684,72505.1156422332,79796.0095177394,44719.2472728648,101461.7432659023,52255.9487912497,87475.5570311851,12186.8227392535,94189.2953643504,108438.9060017598,87712.9304416561,105655.7221952676,106179.5147322575,6972.1534777770,90476.8257721262,44825.5601836414,114481.9480908967,91257.0992137927,56485.9691279309,7630.8083670865,82832.2918171985,27982.2826812215,77253.6357676078,16592.5978266288,52506.7489430663,64602.5004605810,81872.4356161046,75107.9825445264,77271.3260077433,37905.4007716522,65934.9950632605,117703.5292623952,103993.5574593344,97652.8241644186,19127.5201090908,106661.5545498071,68075.0033473088,67379.4956993813,54894.6328164253,66006.3598552688,57027.7202263422,46885.3340706248,62543.4020832284,69644.8474868214,70396.0735646198,63472.0465946177,111371.4805679053,13380.3192434643,47734.1163920314,64179.9461068431,56621.7136023273,62652.2757948190,23829.1460112239,34066.6715302703,63097.7880776055,55052.4011675444,82377.5498890086,49627.7270968090,82978.5904097908,36903.9159271256,75626.8211241949,76677.1114460602,1522.2433057546,22895.0267892301,86225.7286171112,24108.5374464858,62126.5631011537,58995.9225961349,35226.8012929325,59397.9116879294,57433.2549152420,80735.7054521568,33439.1486186920,22561.2002740731,14376.4622307377,41430.2792502514,64046.8631396117,31822.5162551485,74762.1181412594,64095.3608763855,25152.7661574810,86587.0101360410,56719.5658617102,63530.0747341923,67199.8639845044
667,0,0,0,0,0,0,0,0,0,0,0,0,0,0,0,0,0,0,0,0,0,0,0,0,0,0,0,0,0,0,0,0,0,0,0,0,0,0,0,0,0,0,0,0,0,0,0,0,0,0,0,0,0,0,0,0,0,0,0,0,0,0,0,0,0,0,0,0,0,0,0,0,0,0,0,0,0,0,0,0,0,0,0,0,0,0,0,0,0,0,0,0,0,0,0,0,0,0,0,0,0,0,0,0,0,0,0,0,0,0,0,0,0,0,0,0,0,0,0,0,0,0,0,0,0,0,0,0,0,0,0,0,0,0,0,0,0,0,0,0,0,0,0,0,0,0,0,0,0,0,0,0,0,0,0,0,0,0,0,0,0,0,0,0,0,0,0,0,0,0,0,0,0,0,0,0,0,0,0,0,0,0,0,0,0,0,0,0,0,0,0,0,0,0,0,0,0,0,0,0
668,36123.1091094699,139280.9590580658,123528.6773653339,42588.0078064422,69489.7966930730,94341.1620618212,141388.4521532381,75641.5020217519,7206.7998604647,103377.0301234722,31677.4745371710,110249.3978372747,45692.7695841193,107327.2850937690,97208.9072958661,129742.4011276459,13066.5492582908,68719.3879882819,114961.1564104114,79810.4285931593,119309.5309504453,91071.9532952610,89136.4821080782,52979.4616221748,96156.9189814233,20636.1917675092,50869.6037742518,30981.5184455085,84483.7760063602,98241.2814268047,81452.1738660520,124396.5967279190,45155.6806550838,15384.8283123150,31345.1905464856,108001.3679202883,42985.2213360366,104652.8141751033,60021.8789472671,117695.7830163868,133621.6996913467,195.2451034055,72642.3924354072,88640.3770338199,76117.9601817242,127824.6309696459,23223.0814099293,11653.3642725920,103030.0309863801,42818.4301980044,118087.7120250609,130136.1792945440,55913.2555035818,77848.8895844270,107546.6161058576,94410.9861666410,58536.1452445705,61944.7463918232,42487.8059249544,81204.7998054284,20074.9353626585,91467.1368222429,93626.4038035989,46685.2202014936,47420.0187946871,85877.5431259801,109672.8656673188,104580.9265711001,87491.3032528280,28925.9889252534,74256.2636664656,113390.5462356346,35765.1869500370,97923.0605824134,22375.7425799660,66260.6290137059,130046.8712859324,15169.0552811780,81425.5225687225,35706.8821328891,108454.4699738331,86284.3246809599,81445.7717806809,36567.3043440867,54238.1214614674,106.0876839273,124924.2226622528,88023.7240064253,68321.9073817700,99558.1672812066,86937.2537253877,105440.7028698032,95693.7139427728,44947.6349270274,64104.5620212315,121374.9881736401,35157.2412227666,94931.7808107665,126581.1747395812,50434.9264946317,76530.7086689955,109235.2550004062,135256.0122952963,79046.1002430575,23919.0292520388,96626.2080572181,77600.2742580354,42805.0895409827,102116.4137204259,100541.1243502113,12687.9602733951,38412.2432766759,1533.5486114705,84541.8209955512,120763.3466699437,37669.2305659606,74371.1277462498,94600.4211627510,43754.2347150607,110656.4311279811,62172.9002864362,102139.6465317689,24466.8690594938,100991.3137524570,111129.0774247570,96434.3706753145,116889.0547018147,111942.1962441357,30104.1051697740,111323.3288671917,49635.7007940771,122964.5529589758,96093.9366068144,56490.8825730095,21555.7700094444,88042.3617094650,41076.3800999281,87932.0705168324,13995.5928210964,56173.5920706284,58667.6331615794,102301.2249267652,93542.4290133867,100070.5046932498,51639.4095571380,67602.9403981216,130110.1604145078,108351.4570299680,111263.5826009854,8637.3798281349,114887.4542944947,91303.8024153122,64631.9303645212,81309.8869737030,92001.9887898191,81755.1904851818,37841.2045043856,62373.8288774381,90236.5306221167,83187.0999386863,70626.0339250973,124792.5067331837,18624.2785512875,60169.6810166141,37880.0538152574,71294.7929259826,66816.8705315321,29998.2847816762,40775.4490661803,90045.4215309577,47864.6839360066,90796.5974547751,72284.4074795433,105640.3668319925,37095.9115476638,100897.7179339578,79666.8175137566,31406.4565494237,34953.1689291305,102289.1020625629,23210.1387815889,80934.3264741679,84950.3597131658,30956.2594282999,54375.5224064986,84486.5492591535,92657.5461023638,18977.2925697377,17062.8575433644,41176.1468917457,34044.2651513868,86464.5351680227,46314.2054133409,90538.0005647662,91382.7762379578,44825.6249422754,98305.6418527320,80518.6642676272,84150.4230213528,85364.6580160626
669,0,0,0,0,0,0,0,0,0,0,0,0,0,0,0,0,0,0,0,0,0,0,0,0,0,0,0,0,0,0,0,0,0,0,0,0,0,0,0,0,0,0,0,0,0,0,0,0,0,0,0,0,0,0,0,0,0,0,0,0,0,0,0,0,0,0,0,0,0,0,0,0,0,0,0,0,0,0,0,0,0,0,0,0,0,0,0,0,0,0,0,0,0,0,0,0,0,0,0,0,0,0,0,0,0,0,0,0,0,0,0,0,0,0,0,0,0,0,0,0,0,0,0,0,0,0,0,0,0,0,0,0,0,0,0,0,0,0,0,0,0,0,0,0,0,0,0,0,0,0,0,0,0,0,0,0,0,0,0,0,0,0,0,0,0,0,0,0,0,0,0,0,0,0,0,0,0,0,0,0,0,0,0,0,0,0,0,0,0,0,0,0,0,0,0,0,0,0,0,0
670,9744.2626986574,124420.7560717105,84199.2543131330,79026.6584464725,63526.1092023206,53540.7608015548,112054.6234611063,40652.2779557029,51579.8996370000,81151.1059618880,46077.7894412654,103649.1015444962,24870.2166938774,74145.2422556485,56114.2020201534,107571.7058933992,30395.1238985904,47319.8311723779,99321.6018714738,37764.7183308608,91074.6926131871,77527.8714009915,60937.4654362942,59549.5003907913,58950.1841843704,30782.6434489791,44210.1738778633,15627.5127638485,64033.7770457224,56194.4108944419,41324.9031401993,112700.7364375535,7960.0130934842,44207.5812615484,31453.4024823970,68562.5591863646,60569.3676675006,76195.3312839186,30728.3521141547,93886.5205580789,107455.4637808559,49169.9987495412,58328.8908636674,55156.4052314873,47436.5137498763,110564.7481909189,19218.4491340572,38632.2724413243,86405.8618560233,48093.1546557117,98225.0745511452,100172.1202913288,39199.0357070780,36648.0423368780,70449.4201532924,69950.3049153239,56803.3697129014,51810.6161854389,33844.2153376485,71197.3147561727,33735.8185247703,51993.7935203775,74805.0575192798,11448.9766094391,16138.4057368998,49192.3741383588,84079.1966501355,62819.4361832625,45659.7851342600,20244.0027506305,32928.6686882024,103003.2009612370,22990.0664725685,64660.3886922915,24258.6713641823,39828.4083310160,115681.8198540481,28280.5972079228,57210.6459026522,13959.3578156387,88591.0079140539,46206.7813182513,65747.1713245010,39618.0016023591,31625.2183214258,40520.9238518532,98363.5694981471,46020.2390084150,36385.8854592280,60429.8450812345,45648.1998095470,64457.8583139623,53946.1659319723,55700.3693973743,48025.8984717650,107272.7462536585,56817.8130353387,53128.7140039721,102271.0935452421,50886.1478721157,57475.4584287818,78249.3296413527,118421.7593676911,46695.6825059131,40578.9503420304,68493.2351536444,39357.4365656794,437.6865442552,76790.1951140789,64799.0979619657,36563.1441449452,12064.2888902335,45299.0188621738,54316.2155408748,103178.0372998053,53147.6654677831,63978.4646942521,63993.1595463941,41392.3215657463,87717.9790075239,40421.0248907604,71590.6516040769,18479.9801425041,81833.9596121277,97906.6060178564,74553.3225426544,90901.1099542137,94051.2786215521,12332.6474035628,72952.6098390680,37522.0011026305,100834.3209898253,80061.0781633464,50618.5426363437,24542.4523645198,71758.3459988954,18986.8696333091,63437.9792135318,33741.8691638822,44749.9907712246,61665.3713369887,64411.2003809423,58105.1208783691,59747.6130091633,25423.5296386929,58029.2435949020,102306.8146593407,92666.9906834128,82027.7387791848,33414.0496474273,93279.6432783070,50590.2147368075,62144.2451844586,39478.0656114612,49967.3954616762,39975.0978596409,48322.6125835233,56115.3994697430,52205.2411696018,55764.9147361814,52367.0306255657,95651.1294347277,23897.6968385967,34756.0018149527,75789.5953914987,41635.6846731522,53462.2952209357,23271.2852617464,28098.7580025086,48783.2992635039,54023.5795749827,69555.2415280106,32063.5506156409,65448.5793563983,34767.2081888009,58947.1573094686,67208.5805060886,14924.7977695967,17805.4358431646,69841.2522055255,28473.9932657886,45180.5330836790,42917.6543164478,36577.9562016521,56430.9818773115,43549.2455297746,66193.2306750964,41182.1259326882,30755.8302946360,8895.4971181849,42983.8135665844,46484.7267135945,20152.3879453492,58670.3840789929,51353.8662886962,10685.1618772321,71986.4982624874,39316.4029055175,46118.2611705056,50378.8409221957
671,0,0,0,0,0,0,0,0,0,0,0,0,0,0,0,0,0,0,0,0,0,0,0,0,0,0,0,0,0,0,0,0,0,0,0,0,0,0,0,0,0,0,0,0,0,0,0,0,0,0,0,0,0,0,0,0,0,0,0,0,0,0,0,0,0,0,0,0,0,0,0,0,0,0,0,0,0,0,0,0,0,0,0,0,0,0,0,0,0,0,0,0,0,0,0,0,0,0,0,0,0,0,0,0,0,0,0,0,0,0,0,0,0,0,0,0,0,0,0,0,0,0,0,0,0,0,0,0,0,0,0,0,0,0.0000000000,0,0,0,0,0,0,0,0,0,0,0,0,0,0,0,0,0,0,0,0,0,0,0,0,0,0,0,0,0,0,0,0,0,0,0,0,0,0,0,0,0,0,0,0,0,0,0,0,0,0,0,0,0,0,0,0,0,0,0,0,0,0,0,0,0,0
672,0,0,0,0,0,0,0,0,0,0,0,0,0,0,0,0,0,0,0,0,0,0,0,0,0,0,0,0,0,0,0,0,0,0,0,0,0,0,0,0,0,0,0,0,0,0,0,0,0,0,0,0,0,0,0,0,0,0,0,0,0,0,0,0,0,0,0,0,0,0,0,0,0,0,0,0,0,0,0,0,0,0,0,0,0,0,0,0,0,0,0,0,0,0,0,0,0,0,0,0,0,0,0,0,0,0,0,0,0,0,0,0,0,0,0,0,0,0,0,0,0,0,0,0,0,0,0,0,0,0,0,0,0,0,0,0,0,0,0,0,0,0,0,0,0,0,0,0,0,0,0,0,0,0,0,0,0,0,0,0,0,0,0,0,0,0,0,0,0,0,0,0,0,0,0,0,0,0,0,0,0,0,0,0,0,0,0,0,0,0,0,0,0,0,0,0,0,0,0,0
673,0,0,0,0,0,0,0,0,0,0,0,0,0,0,0,0,0,0,0,0,0,0,0,0,0,0,0,0,0,0,0,0,0,0,0,0,0,0,0,0,0,0,0,0,0,0,0,0,0,0,0,0,0,0,0,0,0,0,0,0,0,0,0,0,0,0,0,0,0,0,0,0,0,0,0,0,0,0,0,0,0,0,0,0,0,0,0,0,0,0,0,0,0,0,0,0,0,0,0,0,0,0,0,0,0,0,0,0,0,0,0,0,0,0,0,0,0,0,0,0,0,0,0,0,0,0,0,0,0,0,0,0,0,0,0,0,0,0,0,0,0,0,0,0,0,0,0,0,0,0,0,0,0,0,0,0,0,0,0,0,0,0,0,0,0,0,0,0,0,0,0,0,0,0,0,0,0,0,0,0,0,0,0,0,0,0,0,0,0,0,0,0,0,0,0,0,0,0,0,0
674,21911.2513966521,132839.8182043301,109598.4147424371,54425.2349712535,64487.8608838638,79944.0126109216,130410.4472399666,62483.5276614636,25165.4578524387,94150.1250681731,31568.5558827790,106181.1574999291,34304.0146816675,94992.6457371529,82773.7902025389,120866.8549613126,5535.2423063847,58825.4765255390,107972.3842976158,65139.9662377505,108492.3739423610,84296.7278994044,77936.7069779642,51671.8387018417,82676.8751397411,14294.4274588247,44392.7877665855,17599.3488957930,75394.7903118945,83569.4990957931,67201.5037794999,118828.3590194419,30665.2000144433,20890.0138147345,24214.2580662996,94004.6127864970,45685.2388130160,93613.1836860190,47720.2465259644,108186.2165554421,123549.2498864267,21997.1284555289,65029.9539714585,76032.5893008178,64509.2248220481,120482.5224820635,8830.0408318180,12282.9229385575,95529.9551018609,40054.8428275557,109801.2731973900,118896.6556211239,46638.3848147139,63335.4577901250,94159.5893373700,84365.6028008883,54426.2365305061,55136.7760216761,34314.4448521586,75298.4139834330,16122.8836858436,77406.7424616054,85251.4683830718,32403.4984411062,33990.8962819486,72446.6793161783,99529.9020106542,89986.0062761660,72861.1548759600,16865.6092205079,59732.0394191624,108097.8338259097,24863.2651211133,85479.1464740837,11445.1661599432,54912.6797722979,123668.9112321763,5698.9362822505,71163.7219798423,21114.1526573932,100031.5166420198,72028.1335971946,73716.9227235823,31950.1592317754,43206.8228937813,13387.0802571027,114657.5522357307,73364.5695730885,55709.8163199650,85613.3177532963,72442.2910553736,91043.9432441913,81084.7288961537,44745.0778750050,55543.1271764269,114974.8950482583,39168.4223618928,80322.9766445970,117013.3839718327,46519.8635094580,67615.4006461905,97528.7557362249,128131.6165955465,66575.5502708085,23417.3414911122,85568.6581224677,63737.6903441765,28155.7780249379,91947.5169754158,87466.8895434751,13077.4345640227,24723.1676177977,18035.5168354305,72713.9310328564,113231.2936680445,38894.2846366228,68089.6656064988,82830.1358604903,38046.1800489803,101322.4811119376,51869.7244751502,90480.4246652503,10384.1022314617,92660.8212931243,104864.3167386886,87188.7360156031,106713.7536569563,104190.2253381259,15527.7264889001,97616.2366210615,41212.9198561593,114030.3882846696,88642.2224460159,50759.9589217074,10477.7920751245,80319.8417835951,28724.4312817817,77746.6984309996,11036.4969323245,48553.0684295624,56334.4446191365,88681.8407376112,80489.9222801456,85829.9031353920,39539.8766655563,61290.1671674664,119514.2752592899,101244.2410284920,100075.7609729996,10523.3003788309,106017.1010285975,76949.5864824476,60609.5422113495,66677.1749633490,77331.9717576305,67145.4964709638,36745.7997289687,56897.8600474447,76515.5124995793,72080.3515293947,61722.8156338538,113755.8107055991,8383.5909736088,48800.4855632063,50396.8434706341,59308.7877587531,59240.7462241749,19373.8770774954,30980.4434072894,75538.5335240195,45982.8564734278,81625.8072687199,57972.4648784306,91444.7220686767,30330.1827680250,86253.4319077085,72908.2396123895,17806.6750984424,22501.7655426375,90108.9650542602,15295.7158530516,67672.2705829271,70280.5103164736,26316.9123952509,51393.6834258457,70040.1811875571,82005.1191917819,20664.1507077028,10926.1297642245,26804.4717247481,31651.3536544565,72266.3359526464,33753.2830309703,78374.5666019358,77154.2564423493,30786.6152272254,87789.7292647414,66032.4376212306,70387.6428677734,72340.5080269760
675,0,0,0,0,0,0,0,0,0,0,0,0,0,0,0,0,0,0,0,0,0,0,0,0,0,0,0,0,0,0,0,0,0,0,0,0,0,0,0,0,0,0,0,0,0,0,0,0,0,0,0,0,0,0,0,0,0,0,0,0,0,0,0,0,0,0,0,0,0,0,0,0,0,0,0,0,0,0,0,0,0,0,0,0,0,0,0,0,0,0,0,0,0,0,0,0,0,0,0,0,0,0,0,0,0,0,0,0,0,0,0,0,0,0,0,0,0,0,0,0,0,0,0,0,0,0,0,0,0,0,0,0,0,0,0,0,0,0,0,0,0,0,0,0,0,0,0,0,0,0,0,0,0,0,0,0,0,0,0,0,0,0,0,0,0,0,0,0,0,0,0,0,0,0,0,0,0,0,0,0,0,0,0,0,0,0,0,0,0,0,0,0,0,0,0,0,0,0,0,0
676,0,0,0,0,0,0,0,0,0,0,0,0,0,0,0,0,0,0,0,0,0,0,0,0,0,0,0,0,0,0,0,0,0,0,0,0,0,0,0,0,0,0,0,0,0,0,0,0,0,0,0,0,0,0,0,0,0,0,0,0,0,0,0,0,0,0,0,0,0,0,0,0,0,0,0,0,0,0,0,0,0,0,0,0,0,0,0,0,0,0,0,0,0,0,0,0,0,0,0,0,0,0,0,0,0,0,0,0,0,0,0,0,0,0,0,0,0,0,0,0,0,0,0,0,0,0,0,0,0,0,0,0,0,0,0,0,0,0,0,0,0,0,0,0,0,0,0,0,0,0,0,0,0,0,0,0,0,0,0,0,0,0,0,0,0,0,0,0,0,0,0,0,0,0,0,0,0,0,0,0,0,0,0,0,0,0,0,0,0,0,0,0,0,0,0,0,0,0,0,0
677,0,0,0,0,0,0,0,0,0,0,0,0,0,0,0,0,0,0,0,0,0,0,0,0,0,0,0,0,0,0,0,0,0,0,0,0,0,0,0,0,0,0,0,0,0,0,0,0,0,0,0,0,0,0,0,0,0,0,0,0,0,0,0,0,0,0,0,0,0,0,0,0,0,0,0,0,0,0,0,0,0,0,0,0,0,0,0,0,0,0,0,0,0,0,0,0,0,0,0,0,0,0,0,0,0,0,0,0,0,0,0,0,0,0,0,0,0,0,0,0,0,0,0,0,0,0,0,0,0,0,0,0,0,0,0,0,0,0,0,0,0,0,0,0,0,0,0,0,0,0,0,0,0,0,0,0,0,0,0,0,0,0,0,0,0,0,0,0,0,0,0,0,0,0,0,0,0,0,0,0,0,0,0,0,0,0,0,0,0,0,0,0,0,0,0,0,0,0,0,0
678,0,0,0,0,0,0,0,0,0,0,0,0,0,0,0,0,0,0,0,0,0,0,0,0,0,0,0,0,0,0,0,0,0,0,0,0,0,0,0,0,0,0,0,0,0,0,0,0,0,0,0,0,0,0,0,0,0,0,0,0,0,0,0,0,0,0,0,0,0,0,0,0,0,0,0,0,0,0,0,0,0,0,0,0,0,0,0,0,0,0,0,0,0,0,0,0,0,0,0,0,0,0,0,0,0,0,0,0,0,0,0,0,0,0,0,0,0,0,0,0,0,0,0,0,0,0,0,0,0,0,0,0,0,0,0,0,0,0,0,0,0,0,0,0,0,0,0,0,0,0,0,0,0,0,0,0,0,0,0,0,0,0,0,0,0,0,0,0,0,0,0,0,0,0,0,0,0,0,0,0,0,0,0,0,0,0,0,0,0,0,0,0,0,0,0,0,0,0,0,0
679,0,0,0,0,0,0,0,0,0,0,0,0,0,0,0,0,0,0,0,0,0,0,0,0,0,0,0,0,0,0,0,0,0,0,0,0,0,0,0,0,0,0,0,0,0,0,0,0,0,0,0,0,0,0,0,0,0,0,0,0,0,0,0,0,0,0,0,0,0,0,0,0,0,0,0,0,0,0,0,0,0,0,0,0,0,0,0,0,0,0,0,0,0,0,0,0,0,0,0,0,0,0,0,0,0,0,0,0,0,0,0,0,0,0,0,0,0,0,0,0,0,0,0,0,0,0,0,0,0,0,0,0,0,0,0,0,0,0,0,0,0,0,0,0,0,0,0,0,0,0,0,0,0,0,0,0,0,0,0,0,0,0,0,0,0,0,0,0,0,0,0,0,0,0,0,0,0,0,0,0,0,0,0,0,0,0,0,0,0,0,0,0,0,0,0,0,0,0,0,0
680,0,0,0,0,0,0,0,0,0,0,0,0,0,0,0,0,0,0,0,0,0,0,0,0,0,0,0,0,0,0,0,0,0,0,0,0,0,0,0,0,0,0,0,0,0,0,0,0,0,0,0,0,0,0,0,0,0,0,0,0,0,0,0,0,0,0,0,0,0,0,0,0,0,0,0,0,0,0,0,0,0,0,0,0,0,0,0,0,0,0,0,0,0,0,0,0,0,0,0,0,0,0,0,0,0,0,0,0,0,0,0,0,0,0,0,0,0,0,0,0,0,0,0,0,0,0,0,0,0,0,0,0,0,0,0,0,0,0,0,0,0,0,0,0,0,0,0,0,0,0,0,0,0,0,0,0,0,0,0,0,0,0,0,0,0,0,0,0,0,0,0,0,0,0,0,0,0,0,0,0,0,0,0,0,0,0,0,0,0,0,0,0,0,0,0,0,0,0,0,0
681,0,0,0,0,0,0,0,0,0,0,0,0,0,0,0,0,0,0,0,0,0,0,0,0,0,0,0,0,0,0,0,0,0,0,0,0,0,0,0,0,0,0,0,0,0,0,0,0,0,0,0,0,0,0,0,0,0,0,0,0,0,0,0,0,0,0,0,0,0,0,0,0,0,0,0,0,0,0,0,0,0,0,0,0,0,0,0,0,0,0,0,0,0,0,0,0,0,0,0,0,0,0,0,0,0,0,0,0,0,0,0,0,0,0,0,0,0,0,0,0,0,0,0,0,0,0,0,0,0,0,0,0,0,0,0,0,0,0,0,0,0,0,0,0,0,0,0,0,0,0,0,0,0,0,0,0,0,0,0,0,0,0,0,0,0,0,0,0,0,0,0,0,0,0,0,0,0,0,0,0,0,0,0,0,0,0,0,0,0,0,0,0,0,0,0,0,0,0,0,0
682,0,0,0,0,0,0,0,0,0,0,0,0,0,0,0,0,0,0,0,0,0,0,0,0,0,0,0,0,0,0,0,0,0,0,0,0,0,0,0,0,0,0,0,0,0,0,0,0,0,0,0,0,0,0,0,0,0,0,0,0,0,0,0,0,0,0,0,0,0,0,0,0,0,0,0,0,0,0,0,0,0,0,0,0,0,0,0,0,0,0,0,0,0,0,0,0,0,0,0,0,0,0,0,0,0,0,0,0,0,0,0,0,0,0,0,0,0,0,0,0,0,0,0,0,0,0,0,0,0,0,0,0,0,0,0,0,0,0,0,0,0,0,0,0,0,0,0,0,0,0,0,0,0,0,0,0,0,0,0,0,0,0,0,0,0,0,0,0,0,0,0,0,0,0,0,0,0,0,0,0,0,0,0,0,0,0,0,0,0,0,0,0,0,0,0,0,0,0,0,0
683,19004.9954056054,137954.7385693856,110198.9418358850,59370.2740535902,70214.5279843947,77108.1080930274,133571.0910692007,64286.9225142640,25268.2965949601,98341.0335646696,38073.5185982687,111962.6778160343,38017.0996057480,97333.3781325910,82497.5389378658,125121.0080839210,12153.1299296306,62943.3800681208,112971.9756457373,63765.2701475234,111813.0525324205,89449.5386990807,81172.9601768144,58037.4353630402,83977.7714644860,9214.0315601479,49934.0139555352,20452.6622827736,79745.9613291556,82015.1160574192,67438.6563813224,124222.9176440416,30799.5866473099,26865.4780613030,30002.1127762507,94555.5912482816,52183.3144280143,96861.4874034972,50490.6421336916,112193.2973751161,127232.2257193643,25526.7778886031,70023.2665254943,78249.8034857366,67584.2256717691,125329.9591803138,7475.7813598815,12558.2537085314,100398.4066868233,46334.3606290556,114329.6436567013,121927.2454892329,51194.4231919789,60847.5774135108,95512.4294586796,88213.4926193990,60397.7859002109,60468.1347827207,39522.0724974269,80744.1937462626,22599.1512223495,77931.3881704892,89841.2691428485,29495.2811981055,35962.3562688732,73868.1969381516,103255.8668047874,89138.9536946504,70833.1816448707,11455.9822920686,59315.8707567177,113589.2784485849,29208.0062024989,87777.8373594127,16792.3899053517,58263.6670305048,128821.5667392817,1227.2972441640,74985.1058430160,21198.7155854238,104538.9219888148,68916.0724743438,78610.5917575591,38064.0370550032,46933.7174824930,17481.2572665783,118264.5680845878,72150.3699742912,58107.5926683175,86280.5411949772,72041.7842611716,90834.3202774753,78917.2860832552,51211.5671923591,60276.9095969977,120140.8000416596,45583.5190045912,79441.6019016659,120965.0180218892,52584.2378207690,72095.8514941336,100326.7562439850,133035.9452666013,68982.7019065974,29928.9659166214,88846.7805096422,64666.0789084696,26666.0762404739,95693.1772623623,89182.5587433668,19322.8475907774,26707.7978587444,19927.1000280215,75567.5980799587,118031.1223693868,45405.9689864262,73473.0369916582,85657.5358889225,43860.4382063178,105435.7484988213,55863.8689113502,93343.7349912973,13128.1590334713,97234.0444431479,110097.4164265809,91403.6925441032,110395.5019770451,108938.5398819754,14075.3660031043,98567.6534689335,46195.3816527241,118278.5990492387,93555.2559798115,56419.2386004459,5255.2538763867,85178.1566464777,31932.5861035970,81562.0068081576,9630.6755083133,53704.0491825257,62569.1416081145,89783.1943215991,82265.5257901375,85985.3626372448,42625.0880649797,66710.9422428735,122926.5509250468,106225.7374509317,103204.4899684607,9913.2060167385,110318.3910168730,76902.6948363296,66559.3226143462,64686.6743789597,75702.4355486495,66320.7577292586,43193.1087813088,62565.8336036239,77550.1127604332,75415.5425146489,66258.0307259976,116927.9668816549,9672.8613021368,52222.7097615400,55017.0103136121,62168.7071270121,64293.8801649006,24163.4409656819,35645.4365166356,72998.0184376469,52319.4613755824,85903.5797646520,58151.6837317205,91664.2136746250,36039.8048911226,85130.7013498163,78123.9216733452,13928.1472331904,25924.9232696033,92594.5722371056,21290.2257858778,69319.1510850159,68671.4927409056,32524.4744390819,57567.1508606962,67342.8878172146,85541.1461031055,27069.8476614935,17397.4329468029,24182.7350695934,38039.3065792347,72574.3682091654,36613.8299355737,80939.7636585043,73985.2695158756,31977.0622220898,91369.9179305913,65696.7409896029,71406.0591448545,74197.9148705664
684,0,0,0,0,0,0,0,0,0,0,0,0,0,0,0,0,0,0,0,0,0,0,0,0,0,0,0,0,0,0,0,0,0,0,0,0,0,0,0,0,0,0,0,0,0,0,0,0,0,0,0,0,0,0,0,0,0,0,0,0,0,0,0,0,0,0,0,0,0,0,0,0,0,0,0,0,0,0,0,0,0,0,0,0,0,0,0,0,0,0,0,0,0,0,0,0,0,0,0,0,0,0,0,0,0,0,0,0,0,0,0,0,0,0,0,0,0,0,0,0,0,0,0,0,0,0,0,0,0,0,0,0,0,0,0,0,0,0,0,0,0,0,0,0,0,0,0,0,0,0,0,0,0,0,0,0,0,0,0,0,0,0,0,0,0,0,0,0,0,0,0,0,0,0,0,0,0,0,0,0,0,0,0,0,0,0,0,0,0,0,0,0,0,0,0,0,0,0,0,0
685,5561.6745885857,129101.1605322180,88341.8212559784,78345.9437557745,67313.3022279076,54792.8261731274,116965.7053989115,45502.3038789463,48450.3200436175,86006.4865037786,47269.4803003388,107816.9821941103,28874.2411208245,78978.9657612353,59819.1895206078,112462.8367575919,28966.0479814327,51975.0904011058,103978.8245341385,40581.5148292765,96009.5468056264,81984.7619512877,65872.7209401933,62103.8706531361,63524.2752358368,26690.5278018378,47620.7147519355,16872.2091798143,68767.0196272957,58832.0018066047,45479.2711697558,117204.2935894224,11194.2762074191,43581.6682239133,33237.3903358168,72732.5330025178,61981.0537623296,81132.8928610426,35593.0507445684,98795.9547595429,112393.4206558622,47190.9378985908,62671.2439708563,60022.4028541971,52361.6708965035,115315.1593917421,16530.2068740522,35685.7659940389,91065.8571782865,50410.6982761980,103042.8795086231,105078.0367834469,43384.5256537951,38140.5221755862,74991.6414304436,74840.1751171960,60097.8712366464,55738.3074627048,36980.2727082124,75380.5294995140,33860.9064028346,56236.2788247501,79517.7646692598,5036.4990912347,20812.3055746180,53870.7868651642,89006.1398612472,66068.5305052419,47787.1359587574,15739.9701862109,36686.7363104773,107402.2240009827,25642.2290572327,69511.2151165331,24220.7617250312,44657.3763899543,120323.1528144916,25286.6209909274,62057.0607251541,15909.3390081260,93388.6945658184,47024.9465985410,70247.4138472681,41741.1975831052,36092.3005941986,38564.2762231941,103301.5763288687,48985.3885200958,41324.1332372056,64700.3012515020,49315.6025235830,68175.7428698208,55958.4769924314,57709.0565615102,52347.9426997530,111881.2085655410,57651.9087267253,56373.8287199552,107193.9762668188,53810.6081880618,62097.4838369335,83152.2633168722,123170.1536951039,51616.7570131847,41114.9888639356,73430.9970657711,43915.1994797388,974.1620030577,81707.2011989918,69496.1117105727,35688.0885971990,15358.0206495917,42715.8381805857,59253.3079113093,107925.9040930372,54548.2479133452,68113.1341689483,68919.2769045387,44237.2410924873,92602.9428392306,45008.6858093016,76510.0012015835,17654.1135672124,86586.6316936653,102441.9576138225,79382.2043615544,95835.0924203164,98789.3554480167,9667.4031239252,77309.2700335213,41224.7073952937,105717.6704981590,84666.2787938451,54145.8543275789,20787.6447967181,76332.4490916096,22651.8808921420,68313.4019031439,30251.9019453472,48625.0615213326,64620.9026472682,68873.2645911891,62850.2568869929,63725.3852733952,30000.8642820543,62021.3979724603,107241.4656109923,97305.5325533751,86957.6253185314,31146.0247245467,98140.0577329468,54485.1315895786,65614.1751916349,41615.7163893742,52527.0423147429,43320.4808359626,50076.1857186543,59800.7717755551,56705.6262379375,60685.9068046078,56894.5149692762,100574.6028689297,22410.7179260346,39480.1263674447,74810.1351044322,46563.3591279807,57671.8231659942,24860.2114982984,31315.4002064737,50343.6438498183,56463.6404976878,74345.3673441602,36286.4498038544,69440.2217465447,37196.8429948082,61974.3438427077,71520.0700709396,10525.7821328506,20319.0483985432,74713.3291426886,28962.9845234529,49959.6920212518,45489.9696643122,38147.3237234777,59354.9907250259,44864.1445839395,71114.9144272827,41091.9101568268,30262.8318953000,1743.9876641191,44627.6934265352,50639.4068690997,24487.8545696973,63579.9348608082,52171.6920503371,15359.8782216890,76912.4499725437,43079.6212664525,50655.8177142700,55185.2542754578
686,0,0,0,0,0,0,0,0,0,0,0,0,0,0,0,0,0,0,0,0,0,0,0,0,0,0,0,0,0,0,0,0,0,0,0,0,0,0,0,0,0,0,0,0,0,0,0,0,0,0,0,0,0,0,0,0,0,0,0,0,0,0,0,0,0,0,0,0,0,0,0,0,0,0,0,0,0,0,0,0,0,0,0,0,0,0,0,0,0,0,0,0,0,0,0,0,0,0,0,0,0,0,0,0,0,0,0,0,0,0,0,0,0,0,0,0,0,0,0,0,0,0,0,0,0,0,0,0,0,0,0,0,0,0,0,0,0,0,0,0,0,0,0,0,0,0,0,0,0,0,0,0,0,0,0,0,0,0,0,0,0,0,0,0,0,0,0,0,0,0,0,0,0,0,0,0,0,0,0,0,0,0,0,0,0,0,0,0,0,0,0,0,0,0,0,0,0,0,0,0
687,32507.0748083673,139096.6362669491,120791.9856877330,46186.9045205684,69554.9843204589,90732.6685391842,139833.1986806177,73235.2667999346,9402.1778562291,102345.0771321606,32621.4579681921,110663.7604836061,43828.1485818720,105269.6767558065,94157.2533077581,128846.6156775029,10922.4615261129,67412.9853369551,114596.5994298910,76462.6513585944,117792.7200133546,90725.5242115589,87459.2545109802,53887.9898982947,93628.7504814749,17133.5018171238,50439.8535343467,28362.3845849389,83460.0503020420,94866.5811332818,78524.3139982876,124434.8888355522,42052.9231178960,17206.4376751384,30496.1401395603,105225.8855042160,44767.8515170785,103048.1817721193,57911.9109856052,116594.8597889220,132358.3218503203,7070.7651452708,72012.4076503882,86463.9593845161,74282.0105946327,127375.6987760367,19707.8456762669,5221.6243616482,102503.3094177966,43271.9057082919,117354.9847607826,128485.1024269357,54739.4003647546,74291.7553586380,105065.2453566149,93113.9582609265,58778.4323670981,61493.2855537573,41525.9542870029,81070.3165549763,19623.2263605046,88652.5657606032,92831.4636148466,43068.5107547819,44856.5442766287,83364.9673357524,108365.1459859326,101380.1211474101,84015.8222379361,25185.1888542592,71129.0254302987,113487.8616448008,33965.7231725142,95817.1137238412,20299.7382682560,64489.9340851626,129870.6946588408,11450.2949845209,80037.6836421588,32512.6401215240,107669.3829617639,82639.5107851392,80809.2200376986,36464.5728329581,52528.3932137678,1417.3333330924,123591.7446546545,84718.9810253324,66117.3756669574,96807.9670159513,83836.3686632386,102418.5906586397,92194.6425368609,46057.6683959369,63173.8832672356,121182.5948810424,37158.3772907059,91713.8314737813,125470.8316127062,50670.5657027552,75538.9284549182,107406.6674050242,134876.4303442563,76910.2110025874,24547.7179710441,95006.3690181054,74882.5886479836,39378.3071732541,100791.4116094431,98189.4609159784,12702.0535189657,35715.7515819532,5420.4090605226,82644.0108882176,120252.2730252758,39040.6886755447,74113.7442526731,92735.2897318679,43463.5583931070,109601.4684445049,60719.9826148342,100321.2073978688,21537.0072153828,100222.1661394163,110959.8693335096,95386.2207994920,115578.5739708583,111356.8650158950,26632.5595910168,108695.9672098936,48666.0233711039,122044.5472064685,95568.6424149366,56298.0719925610,17815.1182156201,87423.6434836105,38875.7266378897,86580.5155543405,10558.6907563373,55468.6311412304,59360.1390423051,99712.2382563803,91195.0408878419,97152.8326112643,49572.9228259497,67311.4052746911,128674.8007841367,107944.1551648501,109615.6457206637,8164.6012008421,113977.7861109091,88310.4503625127,64929.5814971408,77839.0591654625,88607.9479027939,78536.8347520118,38646.5524081191,62281.5655005193,87594.2286048485,81531.4174403011,69620.2534383241,123206.6548492027,15714.1520895744,58374.3415692547,41550.7965823546,69320.1953421522,66175.5866562004,28195.2778240936,39345.6245050401,86481.4429772958,48590.0154683915,89761.1512609737,69315.4062534634,102751.2369711573,36444.0763724192,97624.5394724515,79296.0067254979,27716.6785458742,32677.0169627637,100284.7176830472,21919.4489187347,78490.1933699501,81556.6199609984,30739.9795159081,54877.7785236445,80898.0668909180,91165.0010152504,19953.5647309647,15821.3956039801,37591.6013843822,34462.6220464140,83569.8107837848,44068.9080643750,88528.3974135964,87730.6141557191,41988.9375870417,96864.9700608007,77424.7825721635,81485.0092198704,83022.2299953609
688,35504.1881766836,140239.7629089230,123545.6649466483,43757.7123653557,70501.7737075476,93729.1301202216,141921.9877642226,75817.2069368987,5394.1415929602,104086.6479189883,32859.5493404544,111348.3777710109,46089.0362136555,107661.1229102017,97044.9750259998,130497.8977396371,13278.7922784961,69330.8259817760,115870.0277720306,79442.7906501872,119855.3011133219,91982.6074238100,89619.0536300356,54167.2904435730,96277.5367421855,19457.9927474699,51745.3116638671,31036.4590614829,85192.9509491960,97853.0542760843,81360.6575410971,125410.2067267177,44953.3688118412,16683.1081503985,32080.3177920549,107996.7212543303,44300.9465772268,105164.7774738177,60324.8113297594,118384.7010673300,134257.8146810099,1859.3700601802,73469.3430122334,88921.2750667494,76536.8956866383,128711.5052087369,22710.2674388009,9398.8081034295,103892.4235773286,43909.2353874155,118891.8453556850,130633.3283587912,56564.7371792118,77295.1235847565,107690.9103078772,95031.2252743758,59586.8167185451,62819.3172054994,43199.8689767055,82169.5800959597,20901.6539731191,91440.0087002715,94408.6541735526,46064.6163698389,47513.0197482700,86004.4956522742,110291.5016788897,104320.7238784569,87017.2785669934,28029.5486307665,74042.9972071202,114417.4142380307,36178.7365044939,98235.4348666904,22657.7538183379,66702.3963792961,131007.0996922217,14397.1877336983,82011.8921201918,35442.9067750628,109241.7862354537,85625.2744805013,82272.9136799168,37520.1184271450,54698.7198202743,1503.9581940061,125535.8683566486,87688.9943438233,68586.7000808732,99566.3842157886,86741.8468465839,105295.3216654495,95197.8792657203,46168.2111472985,64837.8772800305,122330.2756210877,36492.7182000769,94659.4129086928,127267.8538051516,51480.6511178035,77248.3380060505,109662.2437398273,136162.5871064766,79342.8201547992,25026.7537367678,97131.4506968251,77623.2149943116,42371.8782484402,102728.1424835869,100745.4914370119,13601.4461416066,38434.5303839733,698.7675866674,84937.9279008218,121632.1659992277,38928.5207932789,75302.2963972261,95011.1518547856,44663.5976776703,111359.5329715037,62730.9749309365,102569.7963690359,24353.5329536525,101782.4770819063,112089.3524245331,97137.7760150321,117507.5295554088,112788.9159421519,29631.3548755567,111396.0937042439,50350.1816894137,123711.8871512593,96955.7522296903,57433.2937820487,20658.7572330663,88876.0010477217,41331.4618200037,88532.3807226948,12806.2286132255,56972.7137314848,59815.7143055893,102392.5141105766,93747.9501626993,99986.4121287834,51957.2707191969,68523.1588349161,130686.1413316496,109247.8971074943,111760.1633763160,8319.8758750896,115637.2050620730,91174.8267667936,65697.3029979055,80839.9993030227,91598.0162373890,81481.8560889599,39001.7906458007,63344.4478424480,90299.8279464894,83676.6993672503,71337.6336342925,125313.5069066576,18511.5204400954,60599.9052376291,38987.6415013811,71657.1248188326,67638.8172613204,30403.2290476433,41329.8447192437,89484.2719027076,49015.2293648993,91503.1801025445,72167.9750356495,105572.9095959271,37897.6393898727,100586.5753383321,80568.6662240472,30682.3876382436,35170.4736336936,102644.5063273142,23785.8739037262,81093.2032025951,84546.4571065508,31872.5495908150,55482.6638441638,83898.2712366455,93208.7754299459,20144.9553922475,17632.1295607983,40593.3899442124,35120.1798606334,86392.4138319812,46553.1525672167,90889.6862749401,90713.1583771700,44777.5706756481,98876.2915249605,80327.2034695976,84201.2317867272,85571.3343657763
689,20298.4454516952,137752.8746124479,111082.9172887560,57929.7013343473,69766.9403868824,78452.3358506875,133929.6672399370,64921.5835699056,24133.6285672644,98421.7124997777,37094.8314992732,111497.6316990386,38180.5442386817,97871.8642780183,83518.5106565118,125189.2740681701,11063.6837707779,63029.1881714548,112806.5395031661,64937.2157728104,112127.8722920060,89226.9063412775,81498.2949476839,57235.2155932610,84723.9344710741,11125.0502986829,49553.5134604099,20747.6240942766,79774.4446299753,83218.4229600638,68367.9004203097,123917.8259325057,31693.1092757189,25547.3520341975,29503.8132066441,95443.6635590191,51096.3557489730,97189.9809187040,50902.3133801920,112328.7707217968,127457.8021057578,24088.4463819126,69848.7400853817,78806.8908065026,67940.7951143762,125216.7900961616,8339.0587299269,11302.3998017096,100274.1131994737,45595.3515426377,114314.9476777349,122314.9622992369,51145.0289209968,62151.9587969681,96253.1954007462,88385.4654785395,59835.9702587844,60172.0470949286,39253.0521558950,80412.5285778509,21683.5800752958,78817.1641334377,89802.1566268675,30816.8358827623,36521.6263402924,74585.7297320697,103464.9039038822,90248.3679354803,72090.4891726702,12903.1565487853,60345.5933277685,113245.5593200319,29180.5390575745,88321.8504615756,16406.0851366329,58545.9433191443,128605.4769584019,623.0116587642,75158.4576974826,22055.5647388082,104528.5837928192,70282.8314822492,78472.1265981907,37421.3092412431,47108.5861016488,16034.1908145811,118508.2222669946,73304.8437533191,58611.0818595200,87144.9767941409,73077.2875377974,91847.9004093041,80193.2827407417,50305.0853081560,60180.5838873595,119918.9764256128,44407.2180169820,80552.4773075178,121117.4911541860,51973.2970544465,72082.9953316771,100763.5769767356,132905.0922531910,69492.9833777592,28905.6625710092,89165.1047812057,65471.0412272033,27803.2931965061,95894.8286988381,89849.2038815414,18094.9338975414,27231.4957408514,18569.0958286907,75981.1794413478,117932.2901188772,44383.4086821082,73162.8931943634,86082.1520272970,43364.4044896043,105540.1504219820,55977.9770983001,93763.0477321327,13347.3097370801,97202.0133636177,109850.2266376420,91475.5036509875,110617.9487151037,108854.5977829597,15125.4778062375,99385.1777120320,46008.7723323397,118347.3812493552,93414.8154816832,55995.1749207288,8093.1068988738,85053.2905264735,32204.7399038170,81740.0420378225,7820.4745787191,53467.5836715730,61861.9774159407,90569.7206257663,82916.9530741499,86937.8324483035,42951.7614953630,66384.4858223387,123220.8908800359,106065.2377076740,103564.0413885016,8482.0329219617,110370.2626307889,77884.4689369701,66009.5779940010,65936.9723227534,76913.0923497784,67417.0469491531,42311.5311447053,62140.6011054121,78343.5369854442,75713.6724465338,66225.8253358218,117280.4828393792,9313.6870423307,52481.2540957139,53569.6855727263,62571.7542412007,64096.7455410596,23990.1715028275,35542.4584585182,74312.3065658658,51540.0978231571,85955.5953484480,59083.6515931644,92608.1072486342,35581.1943173206,86277.6735242190,77876.1111781308,15302.5082169488,26121.8890038757,93099.4899865606,20686.6309025012,69989.1918994434,69876.6204807865,31826.3824480595,56896.8764897404,68671.1355380384,85793.5472070940,25901.0035810186,16490.7967043709,25460.7314936290,37216.8892758956,73494.7088190624,36980.3405037718,81421.9322706318,75357.9656263112,32681.2433879997,91613.2128327046,66718.4028952435,72198.9708188800,74828.3011697255
690,0,0,0,0,0,0,0,0,0,0,0,0,0,0,0,0,0,0,0,0,0,0,0,0,0,0,0,0,0,0,0,0,0,0,0,0,0,0,0,0,0,0,0,0,0,0,0,0,0,0,0,0,0,0,0,0,0,0,0,0,0,0,0,0,0,0,0,0,0,0,0,0,0,0,0,0,0,0,0,0,0,0,0,0,0,0,0,0,0,0,0,0,0,0,0,0,0,0,0,0,0,0,0,0,0,0,0,0,0,0,0,0,0,0,0,0,0,0,0,0,0,0,0,0,0,0,0,0,0,0,0,0,0,0,0,0,0,0,0,0,0,0,0,0,0,0,0,0,0,0,0,0,0,0,0,0,0,0,0,0,0,0,0,0,0,0,0,0,0,0,0,0,0,0,0,0,0,0,0,0,0,0,0,0,0,0,0,0,0,0,0,0,0,0,0,0,0,0,0,0
691,0,0,0,0,0,0,0,0,0,0,0,0,0,0,0,0,0,0,0,0,0,0,0,0,0,0,0,0,0,0,0,0,0,0,0,0,0,0,0,0,0,0,0,0,0,0,0,0,0,0,0,0,0,0,0,0,0,0,0,0,0,0,0,0,0,0,0,0,0,0,0,0,0,0,0,0,0,0,0,0,0,0,0,0,0,0,0,0,0,0,0,0,0,0,0,0,0,0,0,0,0,0,0,0,0,0,0,0,0,0,0,0,0,0,0,0,0,0,0,0,0,0,0,0,0,0,0,0,0,0,0,0,0,0,0,0,0,0,0,0,0,0,0,0,0,0,0,0,0,0,0,0,0,0,0,0,0,0,0,0,0,0,0,0,0,0,0,0,0,0,0,0,0,0,0,0,0,0,0,0,0,0,0,0,0,0,0,0,0,0,0,0,0,0,0,0,0,0,0,0
692,0,0,0,0,0,0,0,0,0,0,0,0,0,0,0,0,0,0,0,0,0,0,0,0,0,0,0,0,0,0,0,0,0,0,0,0,0,0,0,0,0,0,0,0,0,0,0,0,0,0,0,0,0,0,0,0,0,0,0,0,0,0,0,0,0,0,0,0,0,0,0,0,0,0,0,0,0,0,0,0,0,0,0,0,0,0,0,0,0,0,0,0,0,0,0,0,0,0,0,0,0,0,0,0,0,0,0,0,0,0,0,0,0,0,0,0,0,0,0,0,0,0,0,0,0,0,0,0,0,0,0,0,0,0,0,0,0,0,0,0,0,0,0,0,0,0,0,0,0,0,0,0,0,0,0,0,0,0,0,0,0,0,0,0,0,0,0,0,0,0,0,0,0,0,0,0,0,0,0,0,0,0,0,0,0,0,0,0,0,0,0,0,0,0,0,0,0,0,0,0
693,0,0,0,0,0,0,0,0,0,0,0,0,0,0,0,0,0,0,0,0,0,0,0,0,0,0,0,0,0,0,0,0,0,0,0,0,0,0,0,0,0,0,0,0,0,0,0,0,0,0,0,0,0,0,0,0,0,0,0,0,0,0,0,0,0,0,0,0,0,0,0,0,0,0,0,0,0,0,0,0,0,0,0,0,0,0,0,0,0,0,0,0,0,0,0,0,0,0,0,0,0,0,0,0,0,0,0,0,0,0,0,0,0,0,0,0,0,0,0,0,0,0,0,0,0,0,0,0,0,0,0,0,0,0,0,0,0,0,0,0,0,0,0,0,0,0,0,0,0,0,0,0,0,0,0,0,0,0,0,0,0,0,0,0,0,0,0,0,0,0,0,0,0,0,0,0,0,0,0,0,0,0,0,0,0,0,0,0,0,0,0,0,0,0,0,0,0,0,0,0
694,16490.1340463220,125873.9904306998,100192.2026931897,60115.8742488445,58926.2777409522,72678.6488740444,121449.5270808773,53039.9311155473,34619.6843692422,85982.6981148063,30922.6676164793,100646.3234993137,25670.2035486287,85673.4188169948,73643.1098687765,112763.9029687852,11207.3547996310,50585.1880967454,100833.8243876333,56679.1586795448,99620.4068683007,77436.1299666207,69000.0053324854,48823.7502362027,73212.3133437745,20174.1928103319,38491.8213335986,8289.4289077190,67403.3340673974,75151.8993552636,57916.7642752931,112381.5704896747,21637.9639329734,25335.7210399081,19477.6559005874,84614.1860367381,45720.1796163409,84691.6351374875,38512.3116823981,99840.3219377474,114932.2759530788,30196.8776442505,57930.8025753379,66670.8504456848,55470.5113142902,113108.6369472048,8255.3573214996,21739.6384959997,88199.6529790759,36862.6735661054,102008.9536370223,109862.7244314203,38927.0102322064,55836.9022154995,84695.0114526809,75874.7079422933,49677.1715596990,48691.5122514839,27773.4480138424,69024.0523709206,16168.4775483077,68033.4832131188,77544.1253316432,26080.3689451215,24541.3598910309,62982.1710969913,90941.8309476789,81109.2784581321,64864.5792347110,16696.5723260444,50727.3819594395,101862.9864587692,16959.2394672110,76143.7491348563,12006.2075190798,46029.1243480108,116771.7256311151,12839.8139929444,62646.5463210501,12444.5650208827,92216.1969925696,65127.2441222098,66445.2591202324,28145.1062658715,34593.9587549047,21613.5071688529,105981.7885993945,64754.3234922312,46379.9206131073,76206.3778833821,63387.3289993908,81874.3533897300,73164.9996379404,42954.8061205809,48062.1835428068,108106.2405413909,40451.5603040713,71488.5742715497,108617.9869887823,42200.5272924976,59780.8270197365,88376.4068544250,120837.6426837367,57259.2879272573,23785.2794753766,76661.4966198812,54305.4507315179,20452.9905105627,83373.3877344388,78022.2658852757,17471.7111163512,15260.6391667651,27231.2971333484,63572.0523066597,105792.7087950784,38424.3276084703,61703.6850819388,73683.2785544826,32983.4884449168,93077.1636591628,43505.4162529405,81354.0564440711,672.5360350317,84929.1486894928,98123.2207776279,79046.5913674807,98092.6673251768,96683.9922492263,9432.0458128876,88167.5878303149,34179.9567539624,105921.5006998697,81384.1543685235,45103.7657170094,13941.3493636045,72987.1582396202,19692.8011173108,69226.3306707601,19356.4506259800,41784.7672421092,52653.8302446524,79223.6701178849,71050.0923665689,76543.0366436017,30469.1331579362,55007.0236226412,110703.9229912136,94081.8661165540,91087.9790432616,15181.4687199128,97965.1143244608,67741.4952718250,55738.2546714197,58688.5059996381,68993.9893178750,58324.4112321718,34925.2421280354,51222.0983446144,67065.0653115511,63201.2027673652,53961.9443161587,104797.0294026823,2187.2885444724,39957.9436747814,56677.1104629998,50157.0995598104,52256.1266229983,12335.8065249519,23496.0433120757,67997.5362372456,43024.5872048631,73551.2657790941,48727.7849792124,82133.9061571350,25116.4067014921,77542.6075373936,66180.8819540308,14642.5995999338,13596.5478996166,80832.7818891382,12208.5896536192,58216.3619790307,61961.7137959163,23201.9967559116,47474.3825602745,62697.7767338265,73267.8233306589,23052.1082099279,12077.7177823487,20476.7850071417,29448.0652424033,62952.6470271007,24550.8253273431,69119.3661423587,70280.1726910317,21375.2890242352,79086.8301995997,56966.8680067637,60941.0589778182,62908.1096478156
695,0,0,0,0,0,0,0,0,0,0,0,0,0,0,0,0,0,0,0,0,0,0,0,0,0,0,0,0,0,0,0,0,0,0,0,0,0,0,0,0,0,0,0,0,0,0,0,0,0,0,0,0,0,0,0,0,0,0,0,0,0,0,0,0,0,0,0,0,0,0,0,0,0,0,0,0,0,0,0,0,0,0,0,0,0,0,0,0,0,0,0,0,0,0,0,0,0,0,0,0,0,0,0,0,0,0,0,0,0,0,0,0,0,0,0,0,0,0,0,0,0,0,0,0,0,0,0,0,0,0,0,0,0,0,0,0,0,0,0,0,0,0,0,0,0,0,0,0,0,0,0,0,0,0,0,0,0,0,0,0,0,0,0,0,0,0,0,0,0,0,0,0,0,0,0,0,0,0,0,0,0,0,0,0,0,0,0,0,0,0,0,0,0,0,0,0,0,0,0,0
696,0,0,0,0,0,0,0,0,0,0,0,0,0,0,0,0,0,0,0,0,0,0,0,0,0,0,0,0,0,0,0,0,0,0,0,0,0,0,0,0,0,0,0,0,0,0,0,0,0,0,0,0,0,0,0,0,0,0,0,0,0,0,0,0,0,0,0,0,0,0,0,0,0,0,0,0,0,0,0,0,0,0,0,0,0,0,0,0,0,0,0,0,0,0,0,0,0,0,0,0,0,0,0,0,0,0,0,0,0,0,0,0,0,0,0,0,0,0,0,0,0,0,0,0,0,0,0,0,0,0,0,0,0,0,0,0,0,0,0,0,0,0,0,0,0,0,0,0,0,0,0,0,0,0,0,0,0,0,0,0,0,0,0,0,0,0,0,0,0,0,0,0,0,0,0,0,0,0,0,0,0,0,0,0,0,0,0,0,0,0,0,0,0,0,0,0,0,0,0,0
697,59988.2053283628,77095.5494122134,86681.9494464196,69227.5864776713,10014.8167570868,91920.1477715573,84667.4238418723,42811.6571163941,75057.1041900906,43514.1566800302,33680.4395556726,50966.8758920492,28699.7302403326,59505.3841316866,72996.8851648599,68554.4213780431,52239.7474563197,18504.7580680981,52615.0185912586,70015.1567778492,63087.0930306879,28726.3043628302,38212.7665946961,20943.2768543757,59316.6844445964,69623.4357695529,11650.4086056074,43599.9326856777,25783.3007091877,84223.3879238433,58523.7786112923,62819.7256800053,48604.0181025263,49601.3318832337,31910.9858061769,74359.0169704568,35168.1477453158,50512.5924592459,30892.8659675448,57875.7613443919,74590.6725212899,63264.8380203547,11570.7704847465,46513.4259071444,31752.1833356568,65499.3041218989,56586.5943067233,65616.3557525370,40829.8330519870,21953.4519757663,56352.6866939381,74839.2642374058,15262.0754743156,77199.7327570964,67496.6395349958,37595.2510661150,9774.0626724464,718.0921889436,22054.5319773689,19292.1611578029,42413.4773571944,62458.1232153499,32541.6782707103,63197.2378069671,38645.1131288969,51485.5136672635,51853.8273789698,83206.5149368730,80220.8876011290,65658.0624192208,59637.7023630499,52125.3653991268,33413.9295257226,52409.4553960359,44716.9536233728,25957.4221670574,67879.1752958221,61008.0795276674,27830.0251541655,50186.1912385146,47020.3320723601,88098.7558880435,19881.1834595160,25841.3813857286,23918.4900723169,58944.8752166684,66691.2940951609,74121.7189846209,35098.5885442247,66984.9018968939,66941.0679141573,78607.7101311262,87367.4951151078,26424.5360611081,10480.9618065503,59184.1828125826,39963.9142414724,76283.1571625763,66622.7025226380,14331.3942248833,18662.0775810316,57662.9298700373,72909.5284204981,39220.9783868721,39258.0057516147,43613.9643199024,50935.4625806345,55760.6483423509,44941.0135042072,59131.9410706599,49664.7874756401,42091.9351982492,66334.0383861641,38401.7710575750,58501.3575813558,32679.1469081067,12119.2754347497,45607.5919008628,18593.6455358494,50712.5106297925,19261.0269307307,51249.4013285290,49324.2378286379,39601.1144652989,48989.9558795036,37019.8259315640,58759.6374584360,49827.4194619552,55495.5110298479,73747.8661854374,16262.7939857289,61968.4333507452,33918.8826051472,7939.3067748666,63734.8008856104,26228.1267770762,34756.6329961276,32585.8492515599,66979.2793490016,8807.9872554484,16756.0317429164,65473.9690089489,53542.9059002838,71555.7535649276,30026.9503122293,4640.7320268738,72620.0732241805,46012.4240685951,57084.9210517006,58404.2330585467,53957.9963921541,66993.7664452171,10832.9648880298,75689.5796075194,80238.0116043665,66999.3779995168,28124.9929950888,4537.3157392303,57456.3482889727,33297.3811320222,14609.2343371156,69033.4773942293,51823.5881210745,25143.4249653959,70083.5633784080,31833.4952221026,7013.3719013527,37500.3578527876,26860.8839118217,86209.7157056533,20758.7030223574,31635.3579384806,54224.8321261231,75235.9173688694,25787.0677104578,82668.3959172074,17326.3651605127,61834.3511452714,38286.8827781215,54300.6372568054,40892.2044032762,46751.7746027414,75156.1870970279,31390.3984274580,14909.7005562828,83422.0804493996,38463.7648031766,44464.5042244299,46516.7676393000,60137.5687466698,29410.2411166366,60969.9073416520,33764.8843861455,44844.7924009381,92450.4451087519,43499.4601246931,42766.2374072137,62472.3193654937,53788.9912998769,47507.6870995691
698,0,0,0,0,0,0,0,0,0,0,0,0,0,0,0,0,0,0,0,0,0,0,0,0,0,0,0,0,0,0,0,0,0,0,0,0,0,0,0,0,0,0,0,0,0,0,0,0,0,0,0,0,0,0,0,0,0,0,0,0,0,0,0,0,0,0,0,0,0,0,0,0,0,0,0,0,0,0,0,0,0,0,0,0,0,0,0,0,0,0,0,0,0,0,0,0,0,0,0,0,0,0,0,0,0,0,0,0,0,0,0,0,0,0,0,0,0,0,0,0,0,0,0,0,0,0,0,0,0,0,0,0,0,0,0,0,0,0,0,0,0,0,0,0,0,0,0,0,0,0,0,0,0,0,0,0,0,0,0,0,0,0,0,0,0,0,0,0,0,0,0,0,0,0,0,0,0,0,0,0,0,0,0,0,0,0,0,0,0,0,0,0,0,0,0,0,0,0,0,0
699,0,0,0,0,0,0,0,0,0,0,0,0,0,0,0,0,0,0,0,0,0,0,0,0,0,0,0,0,0,0,0,0,0,0,0,0,0,0,0,0,0,0,0,0,0,0,0,0,0,0,0,0,0,0,0,0,0,0,0,0,0,0,0,0,0,0,0,0,0,0,0,0,0,0,0,0,0,0,0,0,0,0,0,0,0,0,0,0,0,0,0,0,0,0,0,0,0,0,0,0,0,0,0,0,0,0,0,0,0,0,0,0,0,0,0,0,0,0,0,0,0,0,0,0,0,0,0,0,0,0,0,0,0,0,0,0,0,0,0,0,0,0,0,0,0,0,0,0,0,0,0,0,0,0,0,0,0,0,0,0,0,0,0,0,0,0,0,0,0,0,0,0,0,0,0,0,0,0,0,0,0,0,0,0,0,0,0,0,0,0,0,0,0,0,0,0,0,0,0,0
700,0,0,0,0,0,0,0,0,0,0,0,0,0,0,0,0,0,0,0,0,0,0,0,0,0,0,0,0,0,0,0,0,0,0,0,0,0,0,0,0,0,0,0,0,0,0,0,0,0,0,0,0,0,0,0,0,0,0,0,0,0,0,0,0,0,0,0,0,0,0,0,0,0,0,0,0,0,0,0,0,0,0,0,0,0,0,0,0,0,0,0,0,0,0,0,0,0,0,0,0,0,0,0,0,0,0,0,0,0,0,0,0,0,0,0,0,0,0,0,0,0,0,0,0,0,0,0,0,0,0,0,0,0,0,0,0,0,0,0,0,0,0,0,0,0,0,0,0,0,0,0,0,0,0,0,0,0,0,0,0,0,0,0,0,0,0,0,0,0,0,0,0,0,0,0,0,0,0,0,0,0,0,0,0,0,0,0,0,0,0,0,0,0,0,0,0,0,0,0,0
701,0,0,0,0,0,0,0,0,0,0,0,0,0,0,0,0,0,0,0,0,0,0,0,0,0,0,0,0,0,0,0,0,0,0,0,0,0,0,0,0,0,0,0,0,0,0,0,0,0,0,0,0,0,0,0,0,0,0,0,0,0,0,0,0,0,0,0,0,0,0,0,0,0,0,0,0,0,0,0,0,0,0,0,0,0,0,0,0,0,0,0,0,0,0,0,0,0,0,0,0,0,0,0,0,0,0,0,0,0,0,0,0,0,0,0,0,0,0,0,0,0,0,0,0,0,0,0,0,0,0,0,0,0,0,0,0,0,0,0,0,0,0,0,0,0,0,0,0,0,0,0,0,0,0,0,0,0,0,0,0,0,0,0,0,0,0,0,0,0,0,0,0,0,0,0,0,0,0,0,0,0,0,0,0,0,0,0,0,0,0,0,0,0,0,0,0,0,0,0,0
702,0,0,0,0,0,0,0,0,0,0,0,0,0,0,0,0,0,0,0,0,0,0,0,0,0,0,0,0,0,0,0,0,0,0,0,0,0,0,0,0,0,0,0,0,0,0,0,0,0,0,0,0,0,0,0,0,0,0,0,0,0,0,0,0,0,0,0,0,0,0,0,0,0,0,0,0,0,0,0,0,0,0,0,0,0,0,0,0,0,0,0,0,0,0,0,0,0,0,0,0,0,0,0,0,0,0,0,0,0,0,0,0,0,0,0,0,0,0,0,0,0,0,0,0,0,0,0,0,0,0,0,0,0,0,0,0,0,0,0,0,0,0,0,0,0,0,0,0,0,0,0,0,0,0,0,0,0,0,0,0,0,0,0,0,0,0,0,0,0,0,0,0,0,0,0,0,0,0,0,0,0,0,0,0,0,0,0,0,0,0,0,0,0,0,0,0,0,0,0,0
703,0,0,0,0,0,0,0,0,0,0,0,0,0,0,0,0,0,0,0,0,0,0,0,0,0,0,0,0,0,0,0,0,0,0,0,0,0,0,0,0,0,0,0,0,0,0,0,0,0,0,0,0,0,0,0,0,0,0,0,0,0,0,0,0,0,0,0,0,0,0,0,0,0,0,0,0,0,0,0,0,0,0,0,0,0,0,0,0,0,0,0,0,0,0,0,0,0,0,0,0,0,0,0,0,0,0,0,0,0,0,0,0,0,0,0,0,0,0,0,0,0,0,0,0,0,0,0,0,0,0,0,0,0,0,0,0,0,0,0,0,0,0,0,0,0,0,0,0,0,0,0,0,0,0,0,0,0,0,0,0,0,0,0,0,0,0,0,0,0,0,0,0,0,0,0,0,0,0,0,0,0,0,0,0,0,0,0,0,0,0,0,0,0,0,0,0,0,0,0,0
704,0,0,0,0,0,0,0,0,0,0,0,0,0,0,0,0,0,0,0,0,0,0,0,0,0,0,0,0,0,0,0,0,0,0,0,0,0,0,0,0,0,0,0,0,0,0,0,0,0,0,0,0,0,0,0,0,0,0,0,0,0,0,0,0,0,0,0,0,0,0,0,0,0,0,0,0,0,0,0,0,0,0,0,0,0,0,0,0,0,0,0,0,0,0,0,0,0,0,0,0,0,0,0,0,0,0,0,0,0,0,0,0,0,0,0,0,0,0,0,0,0,0,0,0,0,0,0,0,0,0,0,0,0,0,0,0,0,0,0,0,0,0,0,0,0,0,0,0,0,0,0,0,0,0,0,0,0,0,0,0,0,0,0,0,0,0,0,0,0,0,0,0,0,0,0,0,0,0,0,0,0,0,0,0,0,0,0,0,0,0,0,0,0,0,0,0,0,0,0,0
705,0,0,0,0,0,0,0,0,0,0,0,0,0,0,0,0,0,0,0,0,0,0,0,0,0,0,0,0,0,0,0,0,0,0,0,0,0,0,0,0,0,0,0,0,0,0,0,0,0,0,0,0,0,0,0,0,0,0,0,0,0,0,0,0,0,0,0,0,0,0,0,0,0,0,0,0,0,0,0,0,0,0,0,0,0,0,0,0,0,0,0,0,0,0,0,0,0,0,0,0,0,0,0,0,0,0,0,0,0,0,0,0,0,0,0,0,0,0,0,0,0,0,0,0,0,0,0,0,0,0,0,0,0,0,0,0,0,0,0,0,0,0,0,0,0,0,0,0,0,0,0,0,0,0,0,0,0,0,0,0,0,0,0,0,0,0,0,0,0,0,0,0,0,0,0,0,0,0,0,0,0,0,0,0,0,0,0,0,0,0,0,0,0,0,0,0,0,0,0,0
706,0,0,0,0,0,0,0,0,0,0,0,0,0,0,0,0,0,0,0,0,0,0,0,0,0,0,0,0,0,0,0,0,0,0,0,0,0,0,0,0,0,0,0,0,0,0,0,0,0,0,0,0,0,0,0,0,0,0,0,0,0,0,0,0,0,0,0,0,0,0,0,0,0,0,0,0,0,0,0,0,0,0,0,0,0,0,0,0,0,0,0,0,0,0,0,0,0,0,0,0,0,0,0,0,0,0,0,0,0,0,0,0,0,0,0,0,0,0,0,0,0,0,0,0,0,0,0,0,0,0,0,0,0,0,0,0,0,0,0,0,0,0,0,0,0,0,0,0,0,0,0,0,0,0,0,0,0,0,0,0,0,0,0,0,0,0,0,0,0,0,0,0,0,0,0,0,0,0,0,0,0,0,0,0,0,0,0,0,0,0,0,0,0,0,0,0,0,0,0,0
707,0,0,0,0,0,0,0,0,0,0,0,0,0,0,0,0,0,0,0,0,0,0,0,0,0,0,0,0,0,0,0,0,0,0,0,0,0,0,0,0,0,0,0,0,0,0,0,0,0,0,0,0,0,0,0,0,0,0,0,0,0,0,0,0,0,0,0,0,0,0,0,0,0,0,0,0,0,0,0,0,0,0,0,0,0,0,0,0,0,0,0,0,0,0,0,0,0,0,0,0,0,0,0,0,0,0,0,0,0,0,0,0,0,0,0,0,0,0,0,0,0,0,0,0,0,0,0,0,0,0,0,0,0,0,0,0,0,0,0,0,0,0,0,0,0,0,0,0,0,0,0,0,0,0,0,0,0,0,0,0,0,0,0,0,0,0,0,0,0,0,0,0,0,0,0,0,0,0,0,0,0,0,0,0,0,0,0,0,0,0,0,0,0,0,0,0,0,0,0,0
708,0,0,0,0,0,0,0,0,0,0,0,0,0,0,0,0,0,0,0,0,0,0,0,0,0,0,0,0,0,0,0,0,0,0,0,0,0,0,0,0,0,0,0,0,0,0,0,0,0,0,0,0,0,0,0,0,0,0,0,0,0,0,0,0,0,0,0,0,0,0,0,0,0,0,0,0,0,0,0,0,0,0,0,0,0,0,0,0,0,0,0,0,0,0,0,0,0,0,0,0,0,0,0,0,0,0,0,0,0,0,0,0,0,0,0,0,0,0,0,0,0,0,0,0,0,0,0,0,0,0,0,0,0,0,0,0,0,0,0,0,0,0,0,0,0,0,0,0,0,0,0,0,0,0,0,0,0,0,0,0,0,0,0,0,0,0,0,0,0,0,0,0,0,0,0,0,0,0,0,0,0,0,0,0,0,0,0,0,0,0,0,0,0,0,0,0,0,0,0,0
709,0,0,0,0,0,0,0,0,0,0,0,0,0,0,0,0,0,0,0,0,0,0,0,0,0,0,0,0,0,0,0,0,0,0,0,0,0,0,0,0,0,0,0,0,0,0,0,0,0,0,0,0,0,0,0,0,0,0,0,0,0,0,0,0,0,0,0,0,0,0,0,0,0,0,0,0,0,0,0,0,0,0,0,0,0,0,0,0,0,0,0,0,0,0,0,0,0,0,0,0,0,0,0,0,0,0,0,0,0,0,0,0,0,0,0,0,0,0,0,0,0,0,0,0,0,0,0,0,0,0,0,0,0,0,0,0,0,0,0,0,0,0,0,0,0,0,0,0,0,0,0,0,0,0,0,0,0,0,0,0,0,0,0,0,0,0,0,0,0,0,0,0,0,0,0,0,0,0,0,0,0,0,0,0,0,0,0,0,0,0,0,0,0,0,0,0,0,0,0,0
710,54536.4697970067,88491.6601837216,96422.1437205353,56632.0226309380,18581.1135391751,94517.9666492721,97537.2818775063,49711.7240838222,63371.8905786700,56470.2959551095,20936.4790834003,59832.3912961622,26689.0134301288,70880.5030545842,79636.4533862136,81351.2916039179,42032.9850639905,28312.7067002298,64560.4322836830,73167.6723653104,75849.9686025694,40795.3223319277,49688.1126777640,11553.4491011719,68291.9565097217,60606.6627574014,7304.3466906875,37151.0251263907,38569.5036648980,89044.4101323440,64073.2794645147,73488.1962375034,46062.2727682909,37334.2935295583,22505.9667813873,83142.1138295561,23049.2831989098,62895.8921992257,34790.1497904332,70828.1930547045,87546.7311617287,51086.5315271951,24508.9150075490,56185.9306868316,41047.0511894684,77591.4453239140,48664.8512870198,54875.8672756584,53256.5769260254,9038.7803028419,69020.3080671413,87554.7897448011,18887.0671766912,78705.7271171229,77459.4374965016,50243.4503509682,7949.5318278572,13641.7550740333,16046.0845079909,30472.1258542534,31527.6525631977,69726.8371424268,45457.2818924875,59731.1774821947,37342.0082138547,59471.4783923050,64722.7794954704,89604.2004879300,83368.8441223660,58386.0835194719,63197.4413869026,62496.0195295022,27347.1244963577,63120.9160568116,35788.3344016324,33080.0538241605,79257.1324848298,51613.2714131688,39555.2476957739,45126.5914662016,59818.3265332951,89622.0534953292,32785.5367018968,14661.0424171060,26086.8377242288,47505.3285790302,79621.7303444955,78459.4359403680,41210.7449374572,75282.4616197725,72306.9442825303,86042.8958921609,91065.9401496321,14183.0662572944,20336.4579280897,70617.2867932295,27128.3046268808,81804.5408197808,79564.2217749496,57.5299334670,31118.4943094069,69707.0322070980,84815.5070662210,47808.8357570765,27215.6116173023,55684.9768355392,56866.1293860620,52108.1156680346,57707.4381388111,69143.5239175707,38376.7658260247,37834.2501502668,54752.3319078137,48682.6535597004,70763.4700200213,19795.6257167040,24049.6552761565,56883.5887317343,8904.9418915646,63666.1151525444,25955.0631696925,63060.3622724184,41505.2471246375,52437.9838813671,60356.8812752586,49954.9198746267,71671.0699589084,62296.8315697845,49000.9996355883,83351.8814143283,14617.1552242340,74815.6950742971,46418.0790641084,6929.2161759843,55286.9316425289,39015.6015278844,31150.0598293364,44880.9804807590,57135.9008486077,12591.6802459317,11807.4488724786,74674.4126661161,63020.9081970913,79110.8380152545,30688.5622993044,17646.7683902809,85519.0799467098,58108.5391928297,69545.6900560901,47967.2061128742,66833.4462808142,73379.5252362424,14133.0521783054,78226.2686166896,84390.2069083696,71126.3557363311,15198.2972873903,11761.4041456979,65377.2048715844,44303.9507790253,26238.6985265618,81773.7813803112,42827.4294409282,29923.9210066357,57263.1745098172,39558.3315377652,19438.7012916940,29803.0750384137,21800.5062937653,88878.0089481978,8687.5447763970,44530.1897497395,58182.7035734672,83341.8614347965,16713.2062756574,88356.7382894700,29668.4281692575,55299.7833405251,32663.9631850245,65595.5522933911,31201.7490803143,54362.2943755471,78610.9405304940,20426.2794548961,10592.7828717200,85353.5530016834,50659.3145670650,32406.2935898482,36164.9048468611,55758.3635576124,17084.9087895575,67309.9714414139,32183.8987676657,55323.0129318213,94318.7404694054,41158.3352307917,55278.0070857678,67090.9046998044,60893.1451215831,56142.6138605300
711,0,0,0,0,0,0,0,0,0,0,0,0,0,0,0,0,0,0,0,0,0,0,0,0,0,0,0,0,0,0,0,0,0,0,0,0,0,0,0,0,0,0,0,0,0,0,0,0,0,0,0,0,0,0,0,0,0,0,0,0,0,0,0,0,0,0,0,0,0,0,0,0,0,0,0,0,0,0,0,0,0,0,0,0,0,0,0,0,0,0,0,0,0,0,0,0,0,0,0,0,0,0,0,0,0,0,0,0,0,0,0,0,0,0,0,0,0,0,0,0,0,0,0,0,0,0,0,0,0,0,0,0,0,0,0,0,0,0,0,0,0,0,0,0,0,0,0,0,0,0,0,0,0,0,0,0,0,0,0,0,0,0,0,0,0,0,0,0,0,0,0,0,0,0,0,0,0,0,0,0,0,0,0,0,0,0,0,0,0,0,0,0,0,0,0,0,0,0,0,0
712,9068.3633405147,132472.2617010867,88474.2319759277,81766.8328550755,71411.8979331966,52100.2159064518,118960.4960343290,47304.4331522971,50122.9170714226,88990.6631992769,51444.0240099800,111721.4123605514,32848.6011201714,80629.0637972618,59421.5924596327,115298.4361541626,32182.7432968112,55399.7299197979,107389.6165780556,39324.9740386952,98264.8389208681,85648.2459978298,68404.9852672147,66423.5078269198,64500.2792057100,27366.5877909101,51832.4349675032,21144.3478507886,72055.7103130771,57267.5856045549,45792.6079497530,120816.9302914873,14127.4212726574,47123.3204940240,37526.7298090388,72945.0031358279,66186.9241100550,83472.1942498888,38599.0383874983,101540.9833172211,114808.5569231175,49889.5609299955,66440.3035087582,61841.6347931352,55036.7577311582,118559.2130043399,19144.4345368063,37652.4839176916,94473.9945318111,54728.2883060381,106132.6617961078,107045.3319098415,47265.8134067268,35747.7008743709,75868.6675528625,77699.3244410030,64341.3701609318,59770.7570188741,41241.4663463105,79271.4141731387,37766.5097371370,56625.6177328743,82840.6465554320,614.1444206362,24236.7996904212,55121.5611480132,91625.3557905197,65101.3374477134,45826.3833749894,15970.3368637227,36532.4744567657,111122.6652778085,29949.0773472984,71245.1241007199,28136.9360519881,47751.7694034253,123756.6918880682,27365.3267057846,65083.9136662502,12271.3891768929,96532.3721181553,44074.6559282115,73865.2816500949,46052.0968445176,39745.6017707998,41338.2079945337,105718.3013911883,47805.3294476909,43784.7423734370,65101.4667125408,48929.6971980394,67760.8109946207,53849.6845240328,62005.5124741857,56132.3409998692,115362.8665336550,61721.6698736955,55446.8411198114,109840.4413508705,58108.5453264567,65566.6374992674,85121.4186540657,126417.2024424884,53774.1925973417,45128.7281082727,75885.4090704622,44946.3890105443,5901.3514715517,84412.9312252591,70745.2000262623,39149.3305887009,19535.5578553423,44955.9201039117,61605.5286676120,111176.3113413648,58757.8872490604,72034.6031977216,71087.1362719824,48539.8022237649,95473.5146706753,48527.5338944495,78604.7369510307,21363.8213653702,89831.8484245161,106018.1839144129,82449.8208889439,98363.2193646211,102060.8141799872,12721.3612332835,77822.7419515223,45343.3187745922,108589.9228956675,88154.8912732128,58329.4569698029,22113.8824279809,79862.8527913639,26755.6331384862,71236.8142900152,31701.6605422836,52678.7775398570,68918.0069881099,69604.5415186176,64247.0875385156,63679.5064128093,33537.5969444579,66023.5449563411,109485.2391359353,100745.3823674990,89145.6182387777,33762.1981200472,101102.3900367276,54365.8692800563,69817.9627747918,39716.1040088124,50923.5789863073,42598.4339547438,54347.2353158749,63935.7139953313,57553.8643480957,63382.4710341331,60482.9370974247,102681.8455446307,25691.9958244002,42802.6470968735,78071.7637951860,49226.9201950808,61541.4877286974,29142.4809460771,35556.1537109093,47903.9895368732,60783.3001512451,77513.6163282901,36789.7166760640,69393.8088145231,41516.6639921797,60784.8035314282,75315.4587910393,11388.6160188467,24628.7043903411,76530.1152986004,33010.9043069047,51500.6137812635,43949.2061105654,42403.8221623682,63654.2910175316,42276.5090633003,73794.5117799519,44883.0584314219,33947.2862124447,1116.3189112601,48887.8381363288,50919.1058016298,28249.7158218023,65622.4811836950,49193.4528565038,18794.5454421263,79550.1796713039,42864.7114615061,51606.5315191617,56793.1888299482
713,0,0,0,0,0,0,0,0,0,0,0,0,0,0,0,0,0,0,0,0,0,0,0,0,0,0,0,0,0,0,0,0,0,0,0,0,0,0,0,0,0,0,0,0,0,0,0,0,0,0,0,0,0,0,0,0,0,0,0,0,0,0,0,0,0,0,0,0,0,0,0,0,0,0,0,0,0,0,0,0,0,0,0,0,0,0,0,0,0,0,0,0,0,0,0,0,0,0,0,0,0,0,0,0,0,0,0,0,0,0,0,0,0,0,0,0,0,0,0,0,0,0,0,0,0,0,0,0,0,0,0,0,0,0,0,0,0,0,0,0,0,0,0,0,0,0,0,0,0,0,0,0,0,0,0,0,0,0,0,0,0,0,0,0,0,0,0,0,0,0,0,0,0,0,0,0,0,0,0,0,0,0,0,0,0,0,0,0,0,0,0,0,0,0,0,0,0,0,0,0
714,0,0,0,0,0,0,0,0,0,0,0,0,0,0,0,0,0,0,0,0,0,0,0,0,0,0,0,0,0,0,0,0,0,0,0,0,0,0,0,0,0,0,0,0,0,0,0,0,0,0,0,0,0,0,0,0,0,0,0,0,0,0,0,0,0,0,0,0,0,0,0,0,0,0,0,0,0,0,0,0,0,0,0,0,0,0,0,0,0,0,0,0,0,0,0,0,0,0,0,0,0,0,0,0,0,0,0,0,0,0,0,0,0,0,0,0,0,0,0,0,0,0,0,0,0,0,0,0,0,0,0,0,0,0,0,0,0,0,0,0,0,0,0,0,0,0,0,0,0,0,0,0,0,0,0,0,0,0,0,0,0,0,0,0,0,0,0,0,0,0,0,0,0,0,0,0,0,0,0,0,0,0,0,0,0,0,0,0,0,0,0,0,0,0,0,0,0,0,0,0
715,14891.6542710100,124050.5531602095,96905.0864432419,62764.7699462516,57849.8331471870,69851.8890584038,118640.7836554448,49874.5520444248,37879.2212451457,83627.4302643908,32022.8617579929,99465.4335156488,23238.5241484886,82631.0618468999,70352.6828014873,110418.5261407403,14371.6351972995,48256.7543751096,98956.7409553162,53529.7924220576,96872.1775037872,75723.4403000333,66232.6519828796,48906.6547594890,69979.3456018038,22363.9849376023,37410.4078768181,4902.0011225161,65165.8879586895,72002.3183422208,54616.0918525172,110798.4379392610,18386.6585712322,27936.8197943297,19367.6934735702,81322.7421791161,46842.3374592218,81921.8251146247,35594.7019280620,97380.5026722120,112320.2525443955,33417.3321447560,56161.6408013763,63596.6920446011,52651.3499841054,111111.1306298043,8339.6705548870,24960.2658205966,86250.5199988149,36945.4759646291,99824.0575853136,107012.9356167564,36942.9922725720,52965.0012713284,81471.7316239254,73359.5613450020,48999.9006555699,47275.1914586565,26534.9983676374,67597.1002964238,18006.0099540532,64738.4451598794,75431.0001782585,23800.4443235691,21380.9783787401,59760.8714109484,88359.4089519578,77857.1866125990,61833.2480530979,17222.2492402031,47458.7401905239,100384.5582765625,15210.3297524641,73090.3156299198,8369.3812258045,43329.1358595266,114986.6002171569,15733.5282810919,60135.2828242963,9397.4208388558,90030.0990036227,62424.1379971027,64566.7718919024,28146.0787168597,32110.0225264408,24862.6343223774,103341.9249991898,61563.2447543088,43346.7798607648,72919.1537689777,60107.8930522074,78579.5450945436,70147.7679732027,43482.4344981360,46146.2314766437,106342.5880451761,42017.8170497068,68246.4741503668,106126.6490861523,41766.8135751515,57641.6368905675,85457.1089750612,118870.4247456170,54230.5295475828,25383.1419383384,73905.9698000314,51028.2874375194,17700.2262815955,80804.8130938702,74850.8244353995,20246.2750950346,12073.7412292226,30531.7949529505,60673.6687343472,103771.9541313490,39461.1324986246,60251.8823171116,70774.6626591551,32353.2473191502,90674.8325555378,41131.6300319807,78455.4428932815,64.1131059910,82792.9306371042,96428.6477621168,76712.6789562805,95487.2882881483,94641.1502863365,8160.0318568982,84902.4933672526,32595.7935957524,103577.9192129534,79479.8160588675,44071.4922516605,15829.8645453036,71063.8810069690,17016.9534388804,66703.2681815760,22207.8436979176,40262.3587374997,52387.1147400538,75970.3816940203,67886.9917376333,73242.3222400120,27684.1405715171,53630.6864957212,107986.4952154846,92202.3866219502,88274.0725248081,18479.6355701146,95656.4156724436,64444.0383300641,54970.7982600200,55666.1189877910,65867.6416532140,55089.0023743378,35548.7726715828,50137.8587478186,63801.7431066989,60475.7678083817,51878.4354327904,101994.9813252972,8239.1040644077,37301.4944191344,59473.8492788909,47264.9341149550,50565.5752434175,11450.1310547623,21828.7606445163,65094.2755401188,43120.6533631910,71260.1524147366,45428.6919379532,78833.5809065250,24583.8880386335,74324.4460583852,64558.2924661825,14181.2044802527,11160.5544788787,77826.4245185447,13341.6993961910,55026.4479257324,58845.1759210589,23624.1691988412,47153.0911675506,59861.7935701562,70616.4966524150,25226.2106898156,14506.0000579874,18314.2148305312,30038.1818931914,59652.2689707206,21682.3532148883,66134.1020879762,67576.6137125369,18086.4506588842,76449.8015209002,53686.8399281106,57674.0239675863,59757.1772968386
716,0,0,0,0,0,0,0,0,0,0,0,0,0,0,0,0,0,0,0,0,0,0,0,0,0,0,0,0,0,0,0,0,0,0,0,0,0,0,0,0,0,0,0,0,0,0,0,0,0,0,0,0,0,0,0,0,0,0,0,0,0,0,0,0,0,0,0,0,0,0,0,0,0,0,0,0,0,0,0,0,0,0,0,0,0,0,0,0,0,0,0,0,0,0,0,0,0,0,0,0,0,0,0,0,0,0,0,0,0,0,0,0,0,0,0,0,0,0,0,0,0,0,0,0,0,0,0,0,0,0,0,0,0,0,0,0,0,0,0,0,0,0,0,0,0,0,0,0,0,0,0,0,0,0,0,0,0,0,0,0,0,0,0,0,0,0,0,0,0,0,0,0,0,0,0,0,0,0,0,0,0,0,0,0,0,0,0,0,0,0,0,0,0,0,0,0,0,0,0,0
717,0,0,0,0,0,0,0,0,0,0,0,0,0,0,0,0,0,0,0,0,0,0,0,0,0,0,0,0,0,0,0,0,0,0,0,0,0,0,0,0,0,0,0,0,0,0,0,0,0,0,0,0,0,0,0,0,0,0,0,0,0,0,0,0,0,0,0,0,0,0,0,0,0,0,0,0,0,0,0,0.0000000000,0,0,0,0,0,0,0,0,0,0,0,0,0,0,0,0,0,0,0,0,0,0,0,0,0,0,0,0,0,0,0,0,0,0,0,0,0,0,0,0,0,0,0,0,0,0,0,0,0,0,0,0,0,0,0,0,0,0,0,0,0,0,0,0,0,0,0,0,0,0,0,0,0,0,0,0,0,0,0,0,0,0,0,0,0,0,0,0,0,0,0,0,0,0,0,0,0,0,0,0,0,0,0,0,0,0,0,0,0,0,0,0,0,0,0,0,0,0,0,0
718,15964.1565583186,118577.6347745027,90062.8694678192,67091.1506557956,53953.1664795587,65614.8315666370,111778.2956599123,42821.2671796241,44841.0509502622,77361.9164779228,33185.8333048258,95175.8743182663,17194.0701566379,75594.3466258576,63947.7864473903,104140.0802087951,20627.5067655054,42124.1022684613,93427.6507474148,48074.1976244324,90079.4615807219,70533.3849686939,59436.5447616940,47496.7022679653,62980.9869690055,28865.2915315774,33777.7369893790,2500.6704911511,59118.2989326829,66483.0987013588,48010.2157001315,105755.1765351017,12749.8435937653,32517.2671826329,18695.3333197721,74513.6335944779,47711.4646286046,75112.2870098390,28673.0378506561,90950.3652614244,105680.9544850358,39634.1889199115,50958.7332232765,56548.6746077288,45810.5758955840,105366.6404695537,14749.1144632677,31975.1847736901,80624.3483618707,35776.5296918138,93796.1286522104,100113.2913820487,31514.8345457965,48665.6347372364,74460.1201301925,66878.0738033783,46001.2316289760,42814.3598812497,22904.1272368427,62962.4439122889,21405.1860997534,57968.9072180102,69557.9279562759,22157.7257451388,14324.2929572640,52747.1415575726,81771.7291852617,71767.6525598480,56864.9318782760,21932.1027823108,41310.2394851081,95546.9307347721,11275.3775591886,66049.4873365295,12505.5303287910,36653.4396948152,109588.8052319302,22758.1176557246,53681.9399187440,13360.8637358618,84013.2541121279,58646.4090831671,59125.6229232035,27113.8112316710,25829.0710331829,31250.8123536704,96672.5358706130,55864.7877005161,36321.8429648654,66082.3228298471,53832.9211491700,72108.1492127466,65203.7580572111,43116.7944438609,40747.2028662924,100993.6377022877,43954.8083282102,62237.4643966188,99647.0302150877,39392.0430195905,51780.9386194181,78500.9932955117,113166.4373885820,47204.7229507876,27865.3369265541,67117.3267592602,44146.1643044346,14863.2515811607,74241.9794683036,67800.2834481335,25429.4573979245,10051.0935937351,37297.0399068326,53745.0387799463,97998.9444182127,40283.0624239498,55612.6710694045,63832.0490414662,29803.8860437588,84332.1285445326,34964.1602351178,71518.9119567620,9318.2573815394,76867.0664794847,91216.5288071856,70489.6749265076,88865.1364225907,88845.4571352240,11392.5110840724,77970.4781072915,28037.5882712494,97307.6870441523,73945.0291004100,40418.9098359172,22177.2730333502,65521.0719874646,10660.7929458567,60220.7315390109,29199.3739857861,35683.8732169502,50193.3821903014,69008.9034800061,60833.4836468373,66607.5604464305,20957.7236229002,49185.0817289154,101223.9676840001,86681.3448613717,81414.9086467527,25315.2851303623,89445.2852246033,57939.2676616552,51718.0203001428,50765.4873598065,60473.7925798626,49154.4655719954,35577.0330256962,46300.8190357843,56867.0505954755,53735.1002744448,46140.4935223441,95143.3241482629,15037.3357322898,30709.3479314601,64220.7829303831,40352.8440995448,45547.7849876014,10404.9212621094,17492.0476613137,60605.8600318814,41838.2968102234,65113.0836895446,38913.3492258837,72157.2078891760,22590.8586250987,68448.2024144325,59576.6316398966,17639.4889471979,11410.3722887062,70809.2651606270,15930.0007569941,47984.7059464802,53521.7963765719,23739.7731339567,44918.9824932475,55644.7190179487,63956.5298424596,28935.4647565513,19281.9099941065,17454.4400086071,30182.3330877064,52990.4297970538,14880.4273685275,59132.6807591153,63767.4642741294,11352.4984913892,69802.1404241063,47419.2093457689,50751.7720848048,52700.6686936878
719,0,0,0,0,0,0,0,0,0,0,0,0,0,0,0,0,0,0,0,0,0,0,0,0,0,0,0,0,0,0,0,0,0,0,0,0,0,0,0,0,0,0,0,0,0,0,0,0,0,0,0,0,0,0,0,0,0,0,0,0,0,0,0,0,0,0,0,0,0,0,0,0,0,0,0,0,0,0,0,0,0,0,0,0,0,0,0,0,0,0,0,0,0,0,0,0,0,0,0,0,0,0,0,0,0,0,0,0,0,0,0,0,0,0,0,0,0,0,0,0,0,0,0,0,0,0,0,0,0,0,0,0,0,0,0,0,0,0,0,0,0,0,0,0,0,0,0,0,0,0,0,0,0,0,0,0,0,0,0,0,0,0,0,0,0,0,0,0,0,0,0,0,0,0,0,0,0,0,0,0,0,0,0,0,0,0,0,0,0,0,0,0,0,0,0,0,0,0,0,0
720,0,0,0,0,0,0,0,0,0,0,0,0,0,0,0,0,0,0,0,0,0,0,0,0,0,0,0,0,0,0,0,0,0,0,0,0,0,0,0,0,0,0,0,0,0,0,0,0,0,0,0,0,0,0,0,0,0,0,0,0,0,0,0,0,0,0,0,0,0,0,0,0,0,0,0,0,0,0,0,0,0,0,0,0,0,0,0,0,0,0,0,0,0,0,0,0,0,0,0,0,0,0,0,0,0,0,0,0,0,0,0,0,0,0,0,0,0,0,0,0,0,0,0,0,0,0,0,0,0,0,0,0,0,0,0,0,0,0,0,0,0,0,0,0,0,0,0,0,0,0,0,0,0,0,0,0,0,0,0,0,0,0,0,0,0,0,0,0,0,0,0,0,0,0,0,0,0,0,0,0,0,0,0,0,0,0,0,0,0,0,0,0,0,0,0,0,0,0,0,0
721,0,0,0,0,0,0,0,0,0,0,0,0,0,0,0,0,0,0,0,0,0,0,0,0,0,0,0,0,0,0,0,0,0,0,0,0,0,0,0,0,0,0,0,0,0,0,0,0,0,0,0,0,0,0,0,0,0,0,0,0,0,0,0,0,0,0,0,0,0,0,0,0,0,0,0,0,0,0,0,0,0,0,0,0,0,0,0,0,0,0,0,0,0,0,0,0,0,0,0,0,0,0,0,0,0,0,0,0,0,0,0,0,0,0,0,0,0,0,0,0,0,0,0,0,0,0,0,0,0,0,0,0,0,0,0,0,0,0,0,0,0,0,0,0,0,0,0,0,0,0,0,0,0,0,0,0,0,0,0,0,0,0,0,0,0,0,0,0,0,0,0,0,0,0,0,0,0,0,0,0,0,0,0,0,0,0,0,0,0,0,0,0,0,0,0,0,0,0,0,0
722,22746.5564974791,120492.5818654538,100282.9076136453,55771.7954106793,52695.7195145213,76796.5504854325,118421.6693155489,52034.5456243205,35962.7810257854,81719.2096181929,24211.3512567012,94451.5102276598,22300.5522212614,83732.5037273192,74958.6471577901,108416.4183694043,10665.9517681923,46444.4077279107,95573.7061437430,59493.3257277360,96427.7368138491,71960.0137772041,65987.6021261751,41917.6237744629,72635.8843057169,25743.1801090942,32365.5445695078,8467.1631847055,62939.2228204541,77894.5973369515,58827.5723582837,106656.6616128007,24162.4308362988,21105.6770383717,12732.1882236188,84858.2236438207,39034.2550222992,81617.9338083030,36389.2502595606,95799.7336806085,111278.8366896928,28913.8107890200,52617.5707056228,64990.1939346183,52738.0336232645,108041.0465293791,13591.7274648290,23901.9340636398,83089.8974660699,29965.5564963845,97325.8431570193,107008.7031262382,34168.4334745668,59853.0572323044,83974.2118202456,72055.1619144986,43122.5702410955,42904.7398348352,21979.5586741993,63167.4869999170,10329.5117217282,68458.4871479759,72776.0293374222,31539.8611628735,24106.8134162804,62350.6672893269,87257.8498942681,83004.4505305751,68250.3275682611,23584.4408234636,52562.7526029430,96011.2079972001,12552.2769377997,74300.2413001374,1.0275562904,42981.8968837007,111339.2292920371,17235.5642450288,58884.0283493290,16470.7135268238,87556.7669725130,69613.8165781885,61278.0196737056,21288.3521717620,31089.3978339426,20947.2498630760,102428.8891993093,67254.5708931647,44664.0312071083,76378.1310162953,64976.1170851801,83033.1541612715,76588.7297019355,36037.5338437922,43071.7129032393,102650.9684892686,34147.2087232362,73524.4255873188,104640.9998331593,35504.6650100565,55145.6001857992,85856.9268722370,115705.3525679845,55407.3577826222,17531.4583938818,73570.6081180726,54414.7060337004,25056.7579904498,79674.0180932875,76897.2182326642,14115.0211991507,15684.7242047999,27722.9258888966,61084.7360979355,100779.1159771500,31681.8995910005,55903.0022182311,71179.7107830765,26466.8001691431,88908.0989016683,39554.9306436517,78775.3367772282,10750.5830034835,80185.3160912277,92577.0375611952,74755.1255857210,94455.8101683301,91728.5210089123,15873.1878415063,87910.1575119420,28781.2091128667,101582.2095730625,76212.2803491346,38881.9259993609,20092.4283534658,67874.3083137913,17417.1239432899,65459.1324296342,23487.7901083290,36199.4421997451,45852.8371109834,78845.3402896071,69898.5380424567,77322.6648813851,28027.2861691681,49134.9542954315,107383.9801880440,88838.0317928377,88149.3355894211,16533.3647107512,93561.4864184365,68855.3990190285,49237.1710694202,62134.6182797515,71893.4912785070,60486.7499714975,28020.4781786642,45026.2591283464,66875.1338462814,60081.1170535480,49249.9640595660,101778.5722076738,7960.1252892044,36859.9344127025,52814.1478042895,47759.6510337333,46848.1398874854,12969.8313349404,18510.9162890199,71873.7161236205,36119.3504812457,69181.1309125283,49885.3277140699,82789.1014536572,18595.7574121680,79782.5493758138,60603.3232878100,21491.7619287667,11337.9235081252,78731.4455873127,9268.8821273225,57350.0844912385,64941.3746780862,16272.7513893455,40706.0289001364,66808.7179713359,69854.4368142701,17761.6662135654,7920.4652246256,26128.1576543039,22533.0780419700,63702.9997813997,22659.3010754029,66975.1620688514,74756.3634181848,22402.9960674477,75604.5195926209,58582.4649982519,60841.6166305230,61721.1236774038
723,27153.8731644643,140491.1106558855,117471.9455190659,52516.7528342541,71564.6415758183,85255.4049606325,138833.8399109902,70749.2687451773,16822.4728719772,102375.0287584089,36318.8993852188,113070.5656205735,42708.1120956762,103379.9129670125,90173.1787284254,129052.7928746524,11246.8898306305,67108.3178202331,115739.5375899417,71775.2029299264,116905.2865914553,91968.8619540560,86360.6693493283,57272.0809607276,90810.7916531821,18975.2988295917,51811.2070515387,25966.8274538486,83573.8594846765,90074.3815408397,74869.9108401971,126217.4053399988,38186.3942955166,22332.3306579643,31553.7927503219,101847.7454789753,49383.9047998221,102034.1170411951,56136.6219227194,116464.9852634605,131905.3536881932,17968.8507453893,72868.0570797527,84394.8119509708,72939.8634230643,128350.3818493846,14992.4366295046,2373.4264812069,103405.9675468430,46109.8828015709,117867.8246942259,127326.1382572765,54781.8618829028,69001.9733851396,102317.1050853866,92699.0650463052,61138.2338057430,62721.5195961324,42124.7776320547,82700.7027865815,21833.7927127226,85225.8298289166,93307.4502525727,37651.2855046867,42251.8385231237,80612.3620787520,107883.8804178806,97023.9164266847,78958.9476066868,19082.2230097132,67023.1890564752,115387.9361666255,33174.7543250621,93857.8300411836,19537.0538782103,63334.8495104828,131294.0535827706,11062.9498340876,79511.3124865426,28530.2582127151,108115.9107451328,77040.6120907757,81606.9162051636,38578.2914685155,51597.3320837861,10862.0202063589,123030.2412321392,80128.1372435900,64089.1008364832,93503.3819950918,79757.8866801076,98488.2414940347,87058.3499219337,49790.9807768054,63571.6846633282,122596.0236138548,42098.8235035872,87331.1477414067,125305.1790382688,53094.2012825501,75748.4745018123,105956.5415744199,135953.8792211463,74962.4315105649,28041.5546683500,93988.6315668465,71717.4717173736,34625.8479414885,100300.2445656522,95726.8754313648,16192.7471232902,32949.1470890221,15939.7291671896,81141.7014156820,121136.6769851822,43196.0498672093,75578.4731966977,91257.9254565799,45155.0423401732,109570.3830423094,60196.2044387702,98909.8408293801,18635.8060654062,100717.8551624792,112434.3084439665,95409.8463520834,115074.4203477468,112136.1454000050,21895.8926153234,105631.9054993390,49142.1058007583,122221.9678964232,96495.6323371090,57994.1427662058,11729.6431144044,88222.6239088944,37153.4836289742,86091.4052417389,635.6909939763,56324.4026230677,62391.9484877565,96749.4800582006,88761.5672440080,93473.0636151027,47969.3162997499,68761.0639170006,127915.5348582241,109032.2751992785,108502.8058336834,10460.0713403676,114191.5174169428,84476.2417865579,67330.5245942950,72805.6116732493,83772.6363983933,74181.4498529028,42052.5958390680,64089.2385275080,84549.6050531248,80498.6775684093,69840.3013594828,122179.6376283680,13315.8564152114,57220.1451757039,47875.9476326917,67734.7757663137,67049.8541697862,27580.2115135065,39141.3036917293,81153.9710443605,51760.2482292899,89827.8698225984,65598.4625601825,99124.9130847230,37674.5473730380,93092.9383836041,80547.2783610466,22060.1469343283,30932.3654619723,98512.8934669703,22586.6387725349,75900.9986354834,76733.9850119534,32818.4072725040,57663.2960882313,75497.5642294855,90398.3653879070,24065.7629664706,17083.2340894186,32323.6982283870,37396.7513695087,79976.0923895448,42166.5127344441,86783.9843502421,82100.1088937849,38787.8426151415,96174.3963370175,73380.6002976638,78410.0498361263,80627.2282917680
724,0,0,0,0,0,0,0,0,0,0,0,0,0,0,0,0,0,0,0,0,0,0,0,0,0,0,0,0,0,0,0,0,0,0,0,0,0,0,0,0,0,0,0,0,0,0,0,0,0,0,0,0,0,0,0,0,0,0,0,0,0,0,0,0,0,0,0,0,0,0,0,0,0,0,0,0,0,0,0,0,0,0,0,0,0,0,0,0,0,0,0,0,0,0,0,0,0,0,0,0,0,0,0,0,0,0,0,0,0,0,0,0,0,0,0,0,0,0,0,0,0,0,0,0,0,0,0,0,0,0,0,0,0,0,0,0,0,0,0,0,0,0,0,0,0,0,0,0,0,0,0,0,0,0,0,0,0,0,0,0,0,0,0,0,0,0,0,0,0,0,0,0,0,0,0,0,0,0,0,0,0,0,0,0,0,0,0,0,0,0,0,0,0,0,0,0,0,0,0,0
725,0,0,0,0,0,0,0,0,0,0,0,0,0,0,0,0,0,0,0,0,0,0,0,0,0,0,0,0,0,0,0,0,0,0,0,0,0,0,0,0,0,0,0,0,0,0,0,0,0,0,0,0,0,0,0,0,0,0,0,0,0,0,0,0,0,0,0,0,0,0,0,0,0,0,0,0,0,0,0,0,0,0,0,0,0,0,0,0,0,0,0,0,0,0,0,0,0,0,0,0,0,0,0,0,0,0,0,0,0,0,0,0,0,0,0,0,0,0,0,0,0,0,0,0,0,0,0,0,0,0,0,0,0,0,0,0,0,0,0,0,0,0,0,0,0,0,0,0,0,0,0,0,0,0,0,0,0,0,0,0,0,0,0,0,0,0,0,0,0,0,0,0,0,0,0,0,0,0,0,0,0,0,0,0,0,0,0,0,0,0,0,0,0,0,0,0,0,0,0,0
726,0,0,0,0,0,0,0,0,0,0,0,0,0,0,0,0,0,0,0,0,0,0,0,0,0,0,0,0,0,0,0,0,0,0,0,0,0,0,0,0,0,0,0,0,0,0,0,0,0,0,0,0,0,0,0,0,0,0,0,0,0,0,0,0,0,0,0,0,0,0,0,0,0,0,0,0,0,0,0,0,0,0,0,0,0,0,0,0,0,0,0,0,0,0,0,0,0,0,0,0,0,0,0,0,0,0,0,0,0,0,0,0,0,0,0,0,0,0,0,0,0,0,0,0,0,0,0,0,0,0,0,0,0,0,0,0,0,0,0,0,0,0,0,0,0,0,0,0,0,0,0,0,0,0,0,0,0,0,0,0,0,0,0,0,0,0,0,0,0,0,0,0,0,0,0,0,0,0,0,0,0,0,0,0,0,0,0,0,0,0,0,0,0,0,0,0,0,0,0,0
727,0,0,0,0,0,0,0,0,0,0,0,0,0,0,0,0,0,0,0,0,0,0,0,0,0,0,0,0,0,0,0,0,0,0,0,0,0,0,0,0,0,0,0,0,0,0,0,0,0,0,0,0,0,0,0,0,0,0,0,0,0,0,0,0,0,0,0,0,0,0,0,0,0,0,0,0,0,0,0,0,0,0,0,0,0,0,0,0,0,0,0,0,0,0,0,0,0,0,0,0,0,0,0,0,0,0,0,0,0,0,0,0,0,0,0,0,0,0,0,0,0,0,0,0,0,0,0,0,0,0,0,0,0,0,0,0,0,0,0,0,0,0,0,0,0,0,0,0,0,0,0,0,0,0,0,0,0,0,0,0,0,0,0,0,0,0,0,0,0,0,0,0,0,0,0,0,0,0,0,0,0,0,0,0,0,0,0,0,0,0,0,0,0,0,0,0,0,0,0,0
728,13668.1453349536,125326.7572642235,97196.5258185621,63483.4908220119,59250.5236878528,69244.3070434820,119528.7758750723,50451.2077666333,37541.5232778755,84747.3191543619,33286.7842732976,100851.8701506732,24369.6256967163,83340.0124502476,70403.0698588321,111538.1683576915,14650.3430711159,49398.7268085550,100222.3436155887,53254.3701401771,97800.9067736840,77029.2083781523,67157.1760833066,50316.1636800079,70433.0640650376,21268.6750330192,38814.8737889061,6926.1771872596,66333.1891978749,71725.7238227685,54778.1867342408,112125.4529639378,18324.8367552195,28673.2880880049,20779.4853197389,81593.9362089419,48109.7828568782,82840.3723916138,36436.0818546979,98455.3536131292,113321.8897490141,33595.5637362381,57460.0210429216,64278.6832959591,53548.9188674883,112344.1907845972,8630.3731836274,24559.8841314498,87499.5794086310,38352.6114913277,101002.0038791084,107874.8746920655,38200.1557920984,52392.7176302993,81942.0787914736,74414.8394408753,50425.0258971356,48638.9614319913,27930.1399668269,68954.7207377309,19053.0099668373,64989.8319566006,76635.7635013627,22849.2792536027,22002.1926432186,60241.1299648020,89379.4805903065,77771.0514310887,61410.8063407743,15811.2890166674,47425.4875111453,101730.4133869538,16553.4111116403,73790.6642031135,9463.3846499221,44305.1955750188,116272.2554798200,15030.3088771079,61196.6736259420,9006.1828513900,91209.0705336847,61726.5141377381,65837.8800910327,29555.9509876486,33203.7777941106,24987.5528993263,104330.3712707737,61352.9072627989,44081.3782050802,73214.0784702222,60109.5270145771,78656.5544281487,69710.3256777598,44847.2680996699,47414.8116472955,107633.7415155328,43175.8059830354,68136.8295081470,107186.4636884172,43195.0118893672,58843.4654302479,86272.0893409343,120111.0157733076,54962.3371952225,26518.2722524070,74835.2797292558,51371.7300734405,17025.1884036443,81833.2059064370,75409.0802255435,20870.3326063578,12701.8179404760,30398.5175972143,61511.9283436808,104999.3098955887,40742.5515965554,61607.1057863765,71601.5922359313,33780.6642382741,91774.7906558097,42261.1963293829,79287.7271175379,828.1301880500,83989.1008456740,97735.3853395039,77842.2127328096,96494.6727408250,95863.3632434411,9324.4215202330,85275.0946183106,33940.7013249185,104699.0879746235,80741.4196812316,45478.2485376435,14665.8729593887,72322.3784063926,18055.9129906245,67756.9183335845,21439.7831677306,41612.8314251026,53813.2221073762,76376.4819429331,68459.2201686290,73407.0215833114,28629.0810546649,54998.3120061382,108931.6674641053,93468.2173917201,89163.2463789830,18332.7390349022,96791.8176961146,64545.9883047417,56392.2157578870,55234.2488115723,65558.8769808826,54965.9886428958,36897.5739209347,51539.0840555389,64184.3869081436,61427.4980896496,53099.3419493379,102889.4708733949,8267.4779596357,38306.7187782637,60094.8840601537,48114.9792731384,51881.9637727630,12877.9150836358,23171.2234463990,64549.0915425932,44528.2498707588,72406.8483973586,45555.8258498857,79019.5811259766,26012.1420106717,74162.6650026454,65883.7964896098,12766.6176974288,12344.0055266324,78570.5002620426,14560.7732104444,55563.3650755188,58523.7672765767,24990.7129605723,48580.1153267882,59260.8754827430,71605.7178686550,26164.3578098203,15309.7251213258,17300.8316648784,31388.3300830390,59840.9214103184,22586.2440452972,66900.4311329167,66879.7568348338,18421.0107672817,77444.9083809249,53692.3309089889,58047.9378480912,60349.1243065473
729,0,0,0,0,0,0,0,0,0,0,0,0,0,0,0,0,0,0,0,0,0,0,0,0,0,0,0,0,0,0,0,0,0,0,0,0,0,0,0,0,0,0,0,0,0,0,0,0,0,0,0,0,0,0,0,0,0,0,0,0,0,0,0,0,0,0,0,0,0,0,0,0,0,0,0,0,0,0,0,0,0,0,0,0,0,0,0,0,0,0,0,0,0,0,0,0,0,0,0,0,0,0,0,0,0,0,0,0,0,0,0,0,0,0,0,0,0,0,0,0,0,0,0,0,0,0,0,0,0,0,0,0,0,0,0,0,0,0,0,0,0,0,0,0,0,0,0,0,0,0,0,0,0,0,0,0,0,0,0,0,0,0,0,0,0,0,0,0,0,0,0,0,0,0,0,0,0,0,0,0,0,0,0,0,0,0,0,0,0,0,0,0,0,0,0,0,0,0,0,0
730,0,0,0,0,0,0,0,0,0,0,0,0,0,0,0,0,0,0,0,0,0,0,0,0,0,0,0,0,0,0,0,0,0,0,0,0,0,0,0,0,0,0,0,0,0,0,0,0,0,0,0,0,0,0,0,0,0,0,0,0,0,0,0,0,0,0,0,0,0,0,0,0,0,0,0,0,0,0,0,0,0,0,0,0,0,0,0,0,0,0,0,0,0,0,0,0,0,0,0,0,0,0,0,0,0,0,0,0,0,0,0,0,0,0,0,0,0,0,0,0,0,0,0,0,0,0,0,0,0,0,0,0,0,0,0,0,0,0,0,0,0,0,0,0,0,0,0,0,0,0,0,0,0,0,0,0,0,0,0,0,0,0,0,0,0,0,0,0,0,0,0,0,0,0,0,0,0,0,0,0,0,0,0,0,0,0,0,0,0,0,0,0,0,0,0,0,0,0,0,0
731,0,0,0,0,0,0,0,0,0,0,0,0,0,0,0,0,0,0,0,0,0,0,0,0,0,0,0,0,0,0,0,0,0,0,0,0,0,0,0,0,0,0,0,0,0,0,0,0,0,0,0,0,0,0,0,0,0,0,0,0,0,0,0,0,0,0,0,0,0,0,0,0,0,0,0,0,0,0,0,0,0,0,0,0,0,0,0,0,0,0,0,0,0,0,0,0,0,0,0,0,0,0,0,0,0,0,0,0,0,0,0,0,0,0,0,0,0,0,0,0,0,0,0,0,0,0,0,0,0,0,0,0,0,0,0,0,0,0,0,0,0,0,0,0,0,0,0,0,0,0,0,0,0,0,0,0,0,0,0,0,0,0,0,0,0,0,0,0,0,0,0,0,0,0,0,0,0,0,0,0,0,0,0,0,0,0,0,0,0,0,0,0,0,0,0,0,0,0,0,0
732,0,0,0,0,0,0,0,0,0,0,0,0,0,0,0,0,0,0,0,0,0,0,0,0,0,0,0,0,0,0,0,0,0,0,0,0,0,0,0,0,0,0,0,0,0,0,0,0,0,0,0,0,0,0,0,0,0,0,0,0,0,0,0,0,0,0,0,0,0,0,0,0,0,0,0,0,0,0,0,0,0,0,0,0,0,0,0,0,0,0,0,0,0,0,0,0,0,0,0,0,0,0,0,0,0,0,0,0,0,0,0,0,0,0,0,0,0,0,0,0,0,0,0,0,0,0,0,0,0,0,0,0,0,0,0,0,0,0,0,0,0,0,0,0,0,0,0,0,0,0,0,0,0,0,0,0,0,0,0,0,0,0,0,0,0,0,0,0,0,0,0,0,0,0,0,0,0,0,0,0,0,0,0,0,0,0,0,0,0,0,0,0,0,0,0,0,0,0,0,0
733,0,0,0,0,0,0,0,0,0,0,0,0,0,0,0,0,0,0,0,0,0,0,0,0,0,0,0,0,0,0,0,0,0,0,0,0,0,0,0,0,0,0,0,0,0,0,0,0,0,0,0,0,0,0,0,0,0,0,0,0,0,0,0,0,0,0,0,0,0,0,0,0,0,0,0,0,0,0,0,0,0,0,0,0,0,0,0,0,0,0,0,0,0,0,0,0,0,0,0,0,0,0,0,0,0,0,0,0,0,0,0,0,0,0,0,0,0,0,0,0,0,0,0,0,0,0,0,0,0,0,0,0,0,0,0,0,0,0,0,0,0,0,0,0,0,0,0,0,0,0,0,0,0,0,0,0,0,0,0,0,0,0,0,0,0,0,0,0,0,0,0,0,0,0,0,0,0,0,0,0,0,0,0,0,0,0,0,0,0,0,0,0,0,0,0,0,0,0,0,0
734,0,0,0,0,0,0,0,0,0,0,0,0,0,0,0,0,0,0,0,0,0,0,0,0,0,0,0,0,0,0,0,0,0,0,0,0,0,0,0,0,0,0,0,0,0,0,0,0,0,0,0,0,0,0,0,0,0,0,0,0,0,0,0,0,0,0,0,0,0,0,0,0,0,0,0,0,0,0,0,0,0,0,0,0,0,0,0,0,0,0,0,0,0,0,0,0,0,0,0,0,0,0,0,0,0,0,0,0,0,0,0,0,0,0,0,0,0,0,0,0,0,0,0,0,0,0,0,0,0,0,0,0,0,0,0,0,0,0,0,0,0,0,0,0,0,0,0,0,0,0,0,0,0,0,0,0,0,0,0,0,0,0,0,0,0,0,0,0,0,0,0,0,0,0,0,0,0,0,0,0,0,0,0,0,0,0,0,0,0,0,0,0,0,0,0,0,0,0,0,0
735,16653.9460839164,128822.3203434580,102868.0974406292,59335.5607268710,61568.3923613318,73957.3724682148,124556.7360568991,55971.7855628152,31872.2354866886,89078.9924960287,32119.0635927684,103315.4219911805,28785.0057343127,88702.2624076040,76027.4711466385,115857.0845392553,9773.7460303111,53681.4246006971,103804.6955924887,58591.7765363818,102734.9706056107,80353.2580144487,72111.7556727473,50763.0393710739,76048.0298152604,17185.2756783878,41170.2945508013,11377.9202296415,70480.0245617418,77046.8156552209,60444.0213638299,115236.9682738574,23922.9168801141,24807.4536033753,21735.8898164341,87267.1440195701,46807.4569404821,87803.5661088327,41590.0500975969,102950.2074791016,118051.9993927114,28285.6621623715,60877.4750537929,69679.6974164235,58573.8534252928,116117.0222241820,5194.3980301741,18905.8069709786,91196.5858058873,38846.7044943200,105069.7875362072,112962.2344272398,41953.9479546838,57215.6585645970,87547.4487436272,78990.4473091332,52113.2842714726,51506.8704268818,30557.3681189772,71826.6694984271,16857.6861997511,70663.7213813599,80590.2422738038,26791.3389193721,27478.6014965747,65839.2127581684,94060.9187482050,83300.6743868298,66514.2932087544,14878.5141233685,53007.0862651420,104675.1151971035,19968.7006799241,79165.8819233823,8576.5394877468,49146.0458567049,119707.1453766270,9732.0046600670,65762.5147794115,14423.3031245539,95278.2686494962,66224.2393975354,69425.2766013651,30239.6875463077,37710.3737751804,19636.5392516566,109101.7055598521,66764.0177837222,49411.6529746934,78884.8697463847,65708.8176866698,84292.5152951362,74778.1630559364,44573.1748890704,51063.0191605920,111034.9976383732,41120.2060031223,73648.6987321392,111730.8794301330,44508.1140754229,62837.3106307951,91457.5474212944,123835.7067135779,60294.2542744164,24571.4651806921,79774.8407970533,57031.8993786153,21844.5856758932,86492.0364371589,80947.0717762928,16779.5372594474,18171.1028468024,24768.8685943203,66658.1450762990,108808.9852900032,39626.2970323850,64522.2110119561,76767.0290084779,35441.7086415240,96180.1132073685,46609.5698116994,84440.9796892959,5107.7528177999,87979.9721146784,101027.3803104215,82139.9155869119,101212.3268437615,99707.9199845190,9714.5383106866,90927.9286809961,37084.5610998515,109014.6917476573,84368.1332785806,47743.3745334874,11162.9043053911,75979.5005024024,22807.4345804478,72342.8406795522,16245.0986348774,44653.1850079477,54826.9150271785,82015.9118048946,73984.2162498483,79072.2212858329,33574.7715689241,57797.9182095298,113821.1507152814,97054.7791956820,94193.7752291488,12716.3246245375,101052.5420852005,70193.6644056938,58216.1060809165,60329.3052425995,70839.2977142225,60471.8578177744,36506.6632770274,53877.9787767122,69832.7779105862,66316.9782021396,57006.5616465247,107905.0115190786,3875.1969633139,43076.8332311274,55659.6911137145,53243.7836804997,55178.1443376070,15110.0407259939,26455.8150009752,69409.6917772943,44973.0937205712,76637.5791761775,51214.3801937839,84688.5633522005,27564.6048180176,79620.9809419310,69067.8567146540,13779.7950227623,16716.0976165638,83880.0876375586,13756.5896238715,61119.3002360640,63792.1749204182,25046.5150641843,49695.6328020369,64005.4642945546,76387.5075667434,23172.2362960213,12165.9688265039,21138.3547138991,31096.9256433058,65511.0152895980,27637.9414331908,72175.6297914944,71369.9634843260,24076.8436631514,82206.7266870675,59295.9154060493,63699.1264125762,65854.8509001853
736,0,0,0,0,0,0,0,0,0,0,0,0,0,0,0,0,0,0,0,0,0,0,0,0,0,0,0,0,0,0,0,0,0,0,0,0,0,0,0,0,0,0,0,0,0,0,0,0,0,0,0,0,0,0,0,0,0,0,0,0,0,0,0,0,0,0,0,0,0,0,0,0,0,0,0,0,0,0,0,0,0,0,0,0,0,0,0,0,0,0,0,0,0,0,0,0,0,0,0,0,0,0,0,0,0,0,0,0,0,0,0,0,0,0,0,0,0,0,0,0,0,0,0,0,0,0,0,0,0,0,0,0,0,0,0,0,0,0,0,0,0,0,0,0,0,0,0,0,0,0,0,0,0,0,0,0,0,0,0,0,0,0,0,0,0,0,0,0,0,0,0,0,0,0,0,0,0,0,0,0,0,0,0,0,0,0,0,0,0,0,0,0,0,0,0,0,0,0,0,0
737,0,0,0,0,0,0,0,0,0,0,0,0,0,0,0,0,0,0,0,0,0,0,0,0,0,0,0,0,0,0,0,0,0,0,0,0,0,0,0,0,0,0,0,0,0,0,0,0,0,0,0,0,0,0,0,0,0,0,0,0,0,0,0,0,0,0,0,0,0,0,0,0,0,0,0,0,0,0,0,0,0,0,0,0,0,0,0,0,0,0,0,0,0,0,0,0,0,0,0,0,0,0,0,0,0,0,0,0,0,0,0,0,0,0,0,0,0,0,0,0,0,0,0,0,0,0,0,0,0,0,0,0,0,0,0,0,0,0,0,0,0,0,0,0,0,0,0,0,0,0,0,0,0,0,0,0,0,0,0,0,0,0,0,0,0,0,0,0,0,0,0,0,0,0,0,0,0,0,0,0,0,0,0,0,0,0,0,0,0,0,0,0,0,0,0,0,0,0,0,0
738,0,0,0,0,0,0,0,0,0,0,0,0,0,0,0,0,0,0,0,0,0,0,0,0,0,0,0,0,0,0,0,0,0,0,0,0,0,0,0,0,0,0,0,0,0,0,0,0,0,0,0,0,0,0,0,0,0,0,0,0,0,0,0,0,0,0,0,0,0,0,0,0,0,0,0,0,0,0,0,0,0,0,0,0,0,0,0,0,0,0,0,0,0,0,0,0,0,0,0,0,0,0,0,0,0,0,0,0,0,0,0,0,0,0,0,0,0,0,0,0,0,0,0,0,0,0,0,0,0,0,0,0,0,0,0,0,0,0,0,0,0,0,0,0,0,0,0,0,0,0,0,0,0,0,0,0,0,0,0,0,0,0,0,0,0,0,0,0,0,0,0,0,0,0,0,0,0,0,0,0,0,0,0,0,0,0,0,0,0,0,0,0,0,0,0,0,0,0,0,0
739,0,0,0,0,0,0,0,0,0,0,0,0,0,0,0,0,0,0,0,0,0,0,0,0,0,0,0,0,0,0,0,0,0,0,0,0,0,0,0,0,0,0,0,0,0,0,0,0,0,0,0,0,0,0,0,0,0,0,0,0,0,0,0,0,0,0,0,0,0,0,0,0,0,0,0,0,0,0,0,0,0,0,0,0,0,0,0,0,0,0,0,0,0,0,0,0,0,0,0,0,0,0,0,0,0,0,0,0,0,0,0,0,0,0,0,0,0,0,0,0,0,0,0,0,0,0,0,0,0,0,0,0,0,0,0,0,0,0,0,0,0,0,0,0,0,0,0,0,0,0,0,0,0,0,0,0,0,0,0,0,0,0,0,0,0,0,0,0,0,0,0,0,0,0,0,0,0,0,0,0,0,0,0,0,0,0,0,0,0,0,0,0,0,0,0,0,0,0,0,0
740,0,0,0,0,0,0,0,0,0,0,0,0,0,0,0,0,0,0,0,0,0,0,0,0,0,0,0,0,0,0,0,0,0,0,0,0,0,0,0,0,0,0,0,0,0,0,0,0,0,0,0,0,0,0,0,0,0,0,0,0,0,0,0,0,0,0,0,0,0,0,0,0,0,0,0,0,0,0,0,0,0,0,0,0,0,0,0,0,0,0,0,0,0,0,0,0,0,0,0,0,0,0,0,0,0,0,0,0,0,0,0,0,0,0,0,0,0,0,0,0,0,0,0,0,0,0,0,0,0,0,0,0,0,0,0,0,0,0,0,0,0,0,0,0,0,0,0,0,0,0,0,0,0,0,0,0,0,0,0,0,0,0,0,0,0,0,0,0,0,0,0,0,0,0,0,0,0,0,0,0,0,0,0,0,0,0,0,0,0,0,0,0,0,0,0,0,0,0,0,0
741,0,0,0,0,0,0,0,0,0,0,0,0,0,0,0,0,0,0,0,0,0,0,0,0,0,0,0,0,0,0,0,0,0,0,0,0,0,0,0,0,0,0,0,0,0,0,0,0,0,0,0,0,0,0,0,0,0,0,0,0,0,0,0,0,0,0,0,0,0,0,0,0,0,0,0,0,0,0,0,0,0,0,0,0,0,0,0,0,0,0,0,0,0,0,0,0,0,0,0,0,0,0,0,0,0,0,0,0,0,0,0,0,0,0,0,0,0,0,0,0,0,0,0,0,0,0,0,0,0,0,0,0,0,0,0,0,0,0,0,0,0,0,0,0,0,0,0,0,0,0,0,0,0,0,0,0,0,0,0,0,0,0,0,0,0,0,0,0,0,0,0,0,0,0,0,0,0,0,0,0,0,0,0,0,0,0,0,0,0,0,0,0,0,0,0,0,0,0,0,0
742,0,0,0,0,0,0,0,0,0,0,0,0,0,0,0,0,0,0,0,0,0,0,0,0,0,0,0,0,0,0,0,0,0,0,0,0,0,0,0,0,0,0,0,0,0,0,0,0,0,0,0,0,0,0,0,0,0,0,0,0,0,0,0,0,0,0,0,0,0,0,0,0,0,0,0,0,0,0,0,0,0,0,0,0,0,0,0,0,0,0,0,0,0,0,0,0,0,0,0,0,0,0,0,0,0,0,0,0,0,0,0,0,0,0,0,0,0,0,0,0,0,0,0,0,0,0,0,0,0,0,0,0,0,0,0,0,0,0,0,0,0,0,0,0,0,0,0,0,0,0,0,0,0,0,0,0,0,0,0,0,0,0,0,0,0,0,0,0,0,0,0,0,0,0,0,0,0,0,0,0,0,0,0,0,0,0,0,0,0,0,0,0,0,0,0,0,0,0,0,0
743,13087.6670188907,127300.3811883091,98710.6033642508,63314.2348657314,61066.8742306563,69684.2124487872,121467.0964526105,52213.7225166967,36050.1821248243,86750.0786485346,34221.6248467167,102702.9789566892,26373.0974061619,85183.8339437129,71684.0165949949,113540.8396386022,14006.0863445197,51402.1972458088,102201.1351266191,54167.2932529742,99757.0495489753,78983.9436003366,69113.1916780076,51735.4335295230,72094.8669975487,19272.4165458580,40621.7632630018,8693.5421542442,68335.8210522069,72623.5510120902,56182.9172942678,114062.3346085161,19576.7350751331,28594.7637508507,22242.7390691123,83092.6022768679,49034.1039372029,84793.0791822206,38361.4757614041,100453.0453885967,115302.7335731251,32698.4514149156,59419.8464147375,66108.3860302954,55495.3843688248,114335.4326441930,4734.1100326657,23032.6483221754,89485.2495168779,39765.2811939709,103003.8859396763,109801.5485244306,40181.7536631350,52900.0531179881,83614.6721804162,76409.3991713996,52121.4805490609,50532.1851100375,29765.3350430682,70856.4256378086,19571.4218057313,66475.5217971885,78633.7014301546,22800.3141313846,23818.8909586783,61927.4071017471,91365.8058627383,78896.9870033485,62122.9406187100,14058.9042909382,48631.3909283201,103647.1111730998,18474.1479366160,75630.3402563960,10209.6585549278,46281.2728283990,118240.5474429405,13264.5009186892,63192.6570289365,10017.3076803583,93210.8194349553,62032.1675585002,67813.7373123386,30992.8854788316,35205.1411722701,24052.6816264553,106307.4061441010,62340.0536642115,45948.4512555618,74737.2616135847,61343.3329039836,79962.4610765149,70395.9860289058,46070.0501038088,49391.5805501029,109598.6395027178,43843.1732803906,69240.1093431640,109181.4537344141,44806.1668102324,60841.7683879196,88176.4747812477,122099.8854957115,56824.6295782075,27173.5877716615,76792.6603598941,52948.1127419974,17498.5605502624,83821.7687106316,77151.0762582835,20657.7637821261,14549.0957937288,29136.3044437625,63430.5094416188,106992.1711299803,41712.0562811913,63512.1655086142,73513.3883932690,35449.4859322973,93775.8669777767,44264.5571600636,81201.5183353367,1476.3556525867,85988.5864726755,99689.4827229446,79845.4464791892,98477.4493534165,97857.5487363556,6779.7002667339,86864.7844760764,35858.9796273660,106701.8671942137,82721.8942560947,47276.5710195379,12662.4833629513,74304.1212232778,20051.8628340412,69751.3073210005,19604.5113204121,43524.3290827299,55370.2590194500,77997.1155203683,70212.9687500881,74805.0422871115,30598.2497301304,56885.4253868429,110893.7868738516,95446.8626565681,91103.2445195322,17108.0253080226,98795.1916321556,65884.0215317911,58119.4816070240,55938.9129389418,66419.1879810001,56062.6616803314,38072.1391821756,53354.4337917577,65788.7227026626,63394.0148912839,55093.4154002170,104831.2083587266,7455.9519897311,40291.7187054742,59775.0405587183,50041.3338691896,53828.1729656394,14563.7861529929,25092.4478629454,65085.1241025757,45939.3580044947,74410.3022966048,46933.0948180110,80436.8690980345,27637.4909366343,75201.1604161980,67822.0538653307,11435.2886031841,14342.4621093326,80436.1477391922,15471.3701978053,57294.8802979561,59372.9661904054,26246.6511486502,50154.6214563054,59718.5004539248,73583.9301357416,26439.6451414087,15439.0525460678,17171.0495326831,32575.2100689386,61268.7894086563,24543.9050408087,68780.4022774952,67182.6675230532,20042.3895698851,79424.6565199026,54934.9702883623,59647.2815242798,62119.1109616524
744,0,0,0,0,0,0,0,0,0,0,0,0,0,0,0,0,0,0,0,0,0,0,0,0,0,0,0,0,0,0,0,0,0,0,0,0,0,0,0,0,0,0,0,0,0,0,0,0,0,0,0,0,0,0,0,0,0,0,0,0,0,0,0,0,0,0,0,0,0,0,0,0,0,0,0,0,0,0,0,0,0,0,0,0,0,0,0,0,0,0,0,0,0,0,0,0,0,0,0,0,0,0,0,0,0,0,0,0,0,0,0,0,0,0,0,0,0,0,0,0,0,0,0,0,0,0,0,0,0,0,0,0,0,0,0,0,0,0,0,0,0,0,0,0,0,0,0,0,0,0,0,0,0,0,0,0,0,0,0,0,0,0,0,0,0,0,0,0,0,0,0,0,0,0,0,0,0,0,0,0,0,0,0,0,0,0,0,0,0,0,0,0,0,0,0,0,0,0,0,0
745,62257.6908480857,77420.5981507543,91311.6140152465,65954.1613897173,15329.3137624961,96239.9966701385,87788.6622094619,47522.1066151035,74427.3391899126,46271.4299950618,31994.4749493315,49613.0201041387,31673.3412384180,63815.8366983784,77719.4091142875,70544.0411590547,52505.9720889425,23241.3172986588,53435.4128537940,74385.0583437955,66454.5583643100,29695.0114452352,42553.4276579069,16891.1634244289,64035.4891610931,70534.4489522933,12674.9225829983,45418.3603588757,29290.9201503028,88819.4337396122,63159.4009556891,62584.2032377803,51681.1878316891,48459.3512386689,32420.6326847407,79080.7126082719,31715.3525423727,54330.1713582438,35207.7568183547,60476.2016797649,77284.9011593476,62210.0011802775,14928.5607626838,51190.8819885907,36482.6323445737,66471.9612224317,57929.0717012902,65615.2953256858,42226.6798279764,20018.5268447721,58099.7505182987,78255.8288497877,19179.1919313061,81312.4641779667,72112.1212926158,41210.7191252641,9774.2178652231,6866.3940815327,23599.5291455748,19362.4201682976,42260.9573096187,67199.0132730203,34983.5648001864,66097.0543047303,41957.6137729192,56234.3627734784,55039.9693947689,87921.8561952274,84607.2841493161,67296.4611629224,64043.5910837361,51668.8770135136,35241.7173632886,56916.1461207255,45563.6377410254,30636.1155933817,68185.0411833207,61715.4283304962,32138.4628935882,52528.4424734677,49046.5242690890,92233.9292143703,22386.8562781360,25388.0758832040,27802.0636274205,58481.5151321351,69635.7083523690,78654.7199515178,39729.6344407057,71728.0857788857,71571.3697784257,83354.9577656254,91838.0678169871,23205.6639136049,15226.0232251458,59531.3540018612,37143.6989178056,80936.0645884541,69106.0201276912,12034.6921134128,22657.5385330271,61686.0478789608,73690.1042235616,43967.3243727852,38308.8950552225,47666.5744092642,55591.5977969122,58570.3491318207,48356.4720977579,63750.4281051908,49287.2539026954,44618.5584546957,65776.5144017471,43021.5383362269,59669.3244171627,30025.1156730301,13006.8952622445,49985.6741210723,18611.0624251197,53347.6711511233,23840.6245249907,55408.3662000736,50669.0437050970,41745.8732297763,49273.9673337930,40032.2797760897,61799.7427329854,51271.4441619420,57380.3173685328,78402.7546474496,18831.6414746167,64091.7388593553,35435.7705373342,5194.0464193006,64884.0305562398,28313.8025145587,37388.1974349327,36555.0178341437,67479.0228890978,12162.2426205407,12166.3460487627,70173.0873225657,58229.4879554302,76303.6131958167,33694.7331592379,7115.4772726170,75675.7859138532,46995.4664891047,60818.0950760754,58563.6094856551,56177.6556761627,71699.7817939622,7631.5037360748,79975.6482616775,84756.7770347575,71496.2745318610,26081.2511298682,63.4144638907,62205.2257157222,37797.1385055037,19108.2469542937,72424.0458690059,52681.1170695194,29534.3537594163,67110.8219143326,36566.1995531780,11390.4495235724,38791.6410239237,28883.5334571373,90533.0781099789,17642.6209715060,34843.8263868087,58671.5031687280,79981.5291966607,26325.2670264670,87338.9799099358,18699.9449064439,63734.9180692935,40334.1817058439,58648.9826060987,41360.4822005054,51494.7197945839,79578.2286869719,31121.6006545816,11089.4675624049,87621.3797290344,42464.8780587854,43508.8118583756,46682.1191605141,62751.6822767790,28203.0154955787,65668.3989055763,36943.7896273933,49415.0081977996,96652.2954386604,46589.8199669860,46501.7026579797,67019.8352143932,58520.3653981553,52248.8760950556
746,38438.2847836039,94464.9211226081,72268.6216060044,77852.2037549881,36272.9089189158,66121.0380977081,87025.6944205324,23240.1887378689,67451.4265734118,52150.6869557061,38472.9704630179,74267.2326029237,9243.9486477321,52496.9082146865,51749.3704093498,78897.5813633782,42142.2376245812,17344.8459747099,69331.1117867550,44510.0374196787,65127.7417562848,47560.4672157266,34552.0689071209,40325.8726349152,43764.4643656262,54130.0061930129,21505.3544098047,26329.6425303281,34266.0009204852,60289.9287008052,35708.4698666134,82669.7117835118,24178.7000404121,47790.1615562891,26037.8870399335,57656.1466723843,48628.8101267194,50230.1009430442,5519.6807983937,65646.8694384956,80457.0890735340,59107.9956415297,28690.4296994453,34214.5072032688,21220.2429757532,80797.6841281035,39998.6639576694,55340.7577673082,56420.8766091552,32496.3693718885,68820.7178455584,75534.7790170164,11263.1693071684,50894.3434634545,54482.4754831015,41571.6676772749,33001.7993468136,24374.9337042720,17358.1933145653,41961.4068560246,36623.4449316863,42634.6788342934,44944.0798672484,38876.7746820365,13923.9302997384,33811.8655573221,56503.2269616445,61439.3734574821,54740.7630916988,46762.5532979866,34428.6753393954,73095.1455201538,19171.2560566753,43212.1504615060,32768.9983112579,11530.0390219756,85670.8220135067,47346.0312162370,28380.9120979768,29069.9686035625,59079.5027935765,61825.7654270509,35738.7231811131,27975.9328515138,600.6902439634,51964.2842621097,71483.1021200510,49671.2418993188,14685.3890473414,49314.9069897626,43764.5361875983,58757.3464834517,62325.8478472430,40663.7065834729,18629.8056286882,77234.1356319700,49121.8806427193,53258.0912317900,74341.3033927031,30436.8785934749,27444.9256738870,54344.3428079517,88642.6178697096,24590.2994706321,38622.9649310334,42187.5092873127,28919.9702479463,32064.8449290067,48957.5992791246,46783.3828392074,43591.4419342575,21065.5005460280,59067.1267457131,29607.5707955249,73407.1858974059,42556.0118181886,35028.1348060273,39679.8310110419,23865.4306055742,59061.1781557484,10369.8843550374,47259.0970884748,33693.4127659618,52107.2956589159,67861.2241288185,45331.1158622511,63624.6027453803,64253.3076985105,36181.6563394531,59337.6241641998,14304.4446487376,72074.6550550647,50019.4342374305,25948.9057882919,47468.4452997594,41707.1943978327,14849.3415487514,34914.3632169407,53863.9430399763,18374.5898021918,39582.4654753165,50236.4972360624,39890.0800223630,52086.9121065674,5244.9568782193,29906.8895664826,76191.3329354493,62653.2435126673,56697.4772482895,48034.1147940033,64267.6484714869,45398.4313045871,36789.8583811440,49811.2080776033,55599.9046333536,42335.0295399770,36496.5083510144,29863.9964758839,39276.9191928799,28705.4433561008,22345.3530398609,70371.1645762512,38504.6381018473,6491.6087242400,76700.1279654490,16432.1232989213,24420.9051090502,24937.1945574948,15236.3027503963,60436.8971477597,36382.3994510020,40064.6773715556,29394.1938073655,56877.2625753599,23166.5140893449,59839.6788975782,37590.4841181682,41917.7594392476,20944.5879257005,47397.6970634127,32036.0584176798,28511.5716198431,49894.6118266905,29876.5563955448,35145.0005077618,57280.9076775393,38760.1025009751,42611.9777959121,38021.4866118753,37050.6123058099,33381.4449044064,39408.6844053057,10605.4866004698,35669.0218018382,66306.9244034285,19366.1715757891,44588.8257714574,38358.4503037248,33944.4417742674,31900.2678016286
747,0,0,0,0,0,0,0,0,0,0,0,0,0,0,0,0,0,0,0,0,0,0,0,0,0,0,0,0,0,0,0,0,0,0,0,0,0,0,0,0,0,0,0,0,0,0,0,0,0,0,0,0,0,0,0,0,0,0,0,0,0,0,0,0,0,0,0,0,0,0,0,0,0,0,0,0,0,0,0,0,0,0,0,0,0,0,0,0,0,0,0,0,0,0,0,0,0,0,0,0,0,0,0,0,0,0,0,0,0,0,0,0,0,0,0,0,0,0,0,0,0,0,0,0,0,0,0,0,0,0,0,0,0,0,0,0,0,0,0,0,0,0,0,0,0,0,0,0,0,0,0,0,0,0,0,0,0,0,0,0,0,0,0,0,0,0,0,0,0,0,0,0,0,0,0,0,0,0,0,0,0,0,0,0,0,0,0,0,0,0,0,0,0,0,0,0,0,0,0,0
748,0,0,0,0,0,0,0,0,0,0,0,0,0,0,0,0,0,0,0,0,0,0,0,0,0,0,0,0,0,0,0,0,0,0,0,0,0,0,0,0,0,0,0,0,0,0,0,0,0,0,0,0,0,0,0,0,0,0,0,0,0,0,0,0,0,0,0,0,0,0,0,0,0,0,0,0,0,0,0,0,0,0,0,0,0,0,0,0,0,0,0,0,0,0,0,0,0,0,0,0,0,0,0,0,0,0,0,0,0,0,0,0,0,0,0,0,0,0,0,0,0,0,0,0,0,0,0,0,0,0,0,0,0,0,0,0,0,0,0,0,0,0,0,0,0,0,0,0,0,0,0,0,0,0,0,0,0,0,0,0,0,0,0,0,0,0,0,0,0,0,0,0,0,0,0,0,0,0,0,0,0,0,0,0,0,0,0,0,0,0,0,0,0,0,0,0,0,0,0,0
749,0,0,0,0,0,0,0,0,0,0,0,0,0,0,0,0,0,0,0,0,0,0,0,0,0,0,0,0,0,0,0,0,0,0,0,0,0,0,0,0,0,0,0,0,0,0,0,0,0,0,0,0,0,0,0,0,0,0,0,0,0,0,0,0,0,0,0,0,0,0,0,0,0,0,0,0,0,0,0,0,0,0,0,0,0,0,0,0,0,0,0,0,0,0,0,0,0,0,0,0,0,0,0,0,0,0,0,0,0,0,0,0,0,0,0,0,0,0,0,0,0,0,0,0,0,0,0,0,0,0,0,0,0,0,0,0,0,0,0,0,0,0,0,0,0,0,0,0,0,0,0,0,0,0,0,0,0,0,0,0,0,0,0,0,0,0,0,0,0,0,0,0,0,0,0,0,0,0,0,0,0,0,0,0,0,0,0,0,0,0,0,0,0,0,0,0,0,0,0,0
750,17494.8901739148,135379.8651192646,107806.9160305748,59613.1348804876,67839.0427780675,75720.1558715302,130869.8199167281,61683.9049132904,27313.2388100394,95651.6534763610,36505.9291541060,109594.4746579865,35315.7185539100,94682.7674982217,80288.4661602975,122433.8983815672,11083.6092185712,60254.5203137439,110377.7834711347,61844.9108892936,109106.4127842203,86891.3778157635,78467.0157609417,56115.9439798837,81453.2086730147,13064.2748121307,47506.7451949259,17743.2806932989,77071.3771732875,80166.0712677808,65101.5181101983,121717.4442539645,28421.5347355793,26333.2977210626,27716.8131395738,92168.3538590671,50833.1205076833,94156.0463735449,47797.3817220089,109493.0228499680,124523.2616282551,26408.3512545465,67439.1390839435,75606.8234733953,64881.7662828063,122708.2118947299,9190.7893572853,14379.7936207415,97783.5906002915,44328.4904428574,111667.4948668819,119230.8812865302,48551.8149459994,59307.8610704528,92983.7143808118,85508.7112952954,58147.0462873229,57967.0279300588,37012.3672554212,78264.7256574843,20972.1575111517,75541.7668638318,87189.4414370317,28055.8129081843,33317.0815192023,71321.1032155858,100547.7628687881,87082.7519525191,69134.5814637903,11428.2451610671,57122.8855112606,111114.2881193187,26565.4413900496,85129.3521536496,14443.6835271219,55554.6269747558,126255.7862053612,2320.2941400006,72280.4275486389,18779.6954185718,101875.6536591199,67637.9237399946,76005.2390243112,35936.4028525825,44229.9544746168,18035.8535627315,115555.2174298760,70188.9731668126,55441.6469445009,83867.1509774267,69856.6264748222,88613.3570623297,77274.3302265065,49477.4333461312,57653.4658096622,117579.1394031151,44484.1817340815,77389.2879517624,118262.1820178721,50397.7228071312,69435.6473450008,97641.3020822025,130422.4984984304,66319.8602970033,28485.8370092191,86140.2655816807,62192.6271823419,24690.3571416502,92985.6049844291,86600.2519890784,18515.4969097533,24045.2275963244,21381.4031791291,72875.8551483336,115402.9987448622,43916.6013469693,70978.6286311367,82968.6658643178,41550.3767414758,102741.0984115368,53169.3801172639,90653.7539142932,10427.3007434380,94579.0275667101,107552.8290086022,88716.6525480321,107686.7005233342,106304.1710793973,11952.3452675202,96106.3428676321,43625.6901756833,115591.5098583039,90949.2527037756,54027.6323028751,5511.1785254152,82565.0215517227,29223.1998659414,78856.6828623968,10114.4299297079,51163.1429978674,60501.6246185767,87293.0491533586,79673.3642595303,83677.5741324718,39918.3356473028,64231.0334213442,120218.4579698411,103629.3392557266,100503.0890915210,10345.8668899493,107635.8064047478,74635.5851699829,64291.5525857145,62969.2987019745,73873.2691661543,64242.4388026161,41425.7958185461,60172.2824776380,75066.0865775014,72707.3878983157,63605.7609252558,114225.6785450836,7396.7820251489,49513.3288086785,55445.3056053925,59474.1993824741,61724.4139960407,21606.5622232331,33034.2754747205,71489.8177952992,50367.6164778644,83221.8755973825,55818.5044686198,89344.9954701398,33700.6900163460,83151.1063941559,75583.9482164109,12838.2694892150,23220.8881844900,89930.5163643776,19166.4404613036,66738.4699098983,66829.9125525872,30485.3874374058,55452.8404111837,65891.4705361333,82831.7595695219,26012.9925161028,15804.3649493222,22595.9466371630,36179.5358246712,70225.8968248415,33911.2945737308,78267.3816549995,72735.6001568865,29417.3783268189,88660.6032399802,63490.1692369268,68921.5009060348,71592.8064957357
751,0,0,0,0,0,0,0,0,0,0,0,0,0,0,0,0,0,0,0,0,0,0,0,0,0,0,0,0,0,0,0,0,0,0,0,0,0,0,0,0,0,0,0,0,0,0,0,0,0,0,0,0,0,0,0,0,0,0,0,0,0,0,0,0,0,0,0,0,0,0,0,0,0,0,0,0,0,0,0,0,0,0,0,0,0,0,0,0,0,0,0,0,0,0,0,0,0,0,0,0,0,0,0,0,0,0,0,0,0,0,0,0,0,0,0,0,0,0,0,0,0,0,0,0,0,0,0,0,0,0,0,0,0,0,0,0,0,0,0,0,0,0,0,0,0,0,0,0,0,0,0,0,0,0,0,0,0,0,0,0,0,0,0,0,0,0,0,0,0,0,0,0,0,0,0,0,0,0,0,0,0,0,0,0,0,0,0,0,0,0,0,0,0,0,0,0,0,0,0,0
752,0,0,0,0,0,0,0,0,0,0,0,0,0,0,0,0,0,0,0,0,0,0,0,0,0,0,0,0,0,0,0,0,0,0,0,0,0,0,0,0,0,0,0,0,0,0,0,0,0,0,0,0,0,0,0,0,0,0,0,0,0,0,0,0,0,0,0,0,0,0,0,0,0,0,0,0,0,0,0,0,0,0,0,0,0,0,0,0,0,0,0,0,0,0,0,0,0,0,0,0,0,0,0,0,0,0,0,0,0,0,0,0,0,0,0,0,0,0,0,0,0,0,0,0,0,0,0,0,0,0,0,0,0,0,0,0,0,0,0,0,0,0,0,0,0,0,0,0,0,0,0,0,0,0,0,0,0,0,0,0,0,0,0,0,0,0,0,0,0,0,0,0,0,0,0,0,0,0,0,0,0,0,0,0,0,0,0,0,0,0,0,0,0,0,0,0,0,0,0,0
753,0,0,0,0,0,0,0,0,0,0,0,0,0,0,0,0,0,0,0,0,0,0,0,0,0,0,0,0,0,0,0,0,0,0,0,0,0,0,0,0,0,0,0,0,0,0,0,0,0,0,0,0,0,0,0,0,0,0,0,0,0,0,0,0,0,0,0,0,0,0,0,0,0,0,0,0,0,0,0,0,0,0,0,0,0,0,0,0,0,0,0,0,0,0,0,0,0,0,0,0,0,0,0,0,0,0,0,0,0,0,0,0,0,0,0,0,0,0,0,0,0,0,0,0,0,0,0,0,0,0,0,0,0,0,0,0,0,0,0,0,0,0,0,0,0,0,0,0,0,0,0,0,0,0,0,0,0,0,0,0,0,0,0,0,0,0,0,0,0,0,0,0,0,0,0,0,0,0,0,0,0,0,0,0,0,0,0,0,0,0,0,0,0,0,0,0,0,0,0,0
754,25986.6217754110,106938.0404600842,79988.3091236677,72506.7217179667,45091.6446694916,63521.9694180083,99290.9873647908,31505.6799961427,56223.4563179807,65002.0713008671,34682.4321586279,85175.2497019184,7562.9641618886,63535.5547094940,55881.8439208522,91750.6116875444,31106.3437151517,29997.1328131947,81775.6376810143,43483.2217301854,77548.4194671783,59413.0789833410,46904.6165553805,43313.7433623381,52144.3229655345,41416.4671373932,26361.8606647705,13945.1311733767,46995.2108482046,61145.4655250093,39490.0777726259,94667.0263369379,13617.0387958254,39652.8784703723,19808.5210830982,64689.0838645348,47591.8117512813,62588.1495037736,16278.3836301949,78474.3616687452,93131.7741222204,49295.6927863429,40022.7281824950,44628.4848815819,33303.1873397388,93451.0194237489,27299.2198985455,43672.9061680597,68896.5761349730,32874.4123058211,81617.3169663509,87663.2367984171,20723.7196793272,47031.8205937427,63452.4023720544,54387.1093578763,39008.3607037415,33313.6262736307,17017.2004321484,52728.7817012520,27968.1994962272,48506.9973209685,57585.9661483028,28101.1793863708,5217.9719898652,41861.4300844256,69234.1745663469,64643.1110347032,53260.5337068106,33927.4503446944,34835.1229584830,84769.1164993697,10248.4478042814,54035.6522499247,21815.0932081344,24106.3680021350,98052.7843397161,35041.7642192902,41218.8854478111,16373.0988099643,71858.9697075384,57786.4099987440,47749.3377136141,25581.5805070565,13727.4160411025,41475.0614298814,84121.1803002477,50280.8813105125,24281.2344862199,56195.7508268289,46444.6756087218,63685.0723998207,61422.0923026577,41079.0555061545,29696.4800309524,89536.3100222884,45920.9045456688,55539.6346375983,87144.5189385257,33940.6903518730,39911.6932913957,66142.3225412424,101281.9501096941,35123.7641401049,32142.8062686224,54583.0577540914,34340.8004035667,20700.1529393320,61713.3528533460,56381.0147223805,34015.5197373892,8226.9744649995,48182.7063909588,41341.4864379590,86065.4781590067,40554.4800905674,45483.5033959415,51450.5207003768,24967.5727308861,71911.3905102074,22863.6384560355,59124.4055333832,21362.9732225364,64817.6480443240,79960.8429409289,58172.7911003959,76319.2366518825,76905.6259283060,23334.7989157662,67488.0692654806,19283.6068945328,84927.8298701097,62353.6399871399,32506.2003485175,34723.0393532073,53963.6085059826,1593.3630812897,47733.9093076847,41541.0033158639,26290.1333245926,44466.7120109674,58397.2035339178,49382.3925080140,57621.1345663610,8410.3542826270,39513.4009949126,88682.9179164781,75058.3730620064,68924.2335693931,36594.3502060233,77115.3142751608,49605.4593433285,44041.9470599986,47562.9622219476,55629.1336926213,43064.2969155318,34856.3381810328,37782.0229094973,46530.2667899124,41186.3313130200,34485.3762060446,82646.9684154941,26603.4180304942,18203.4866746910,70490.9784318763,27927.4499133815,35008.7211579858,15023.9622239905,11565.3555486029,58068.2545480078,38229.7390206738,52873.5442929621,31121.1249802079,62937.6024680630,20176.7103788220,62037.4253305233,48857.3842654992,29148.8071457884,9207.1738598914,58642.9651113449,22620.5883099510,36827.9626833207,49087.5907881316,24869.9871691249,39377.1022774728,53908.3461133545,51407.0181783309,34996.1896318980,27965.2070334138,25285.6114828961,30285.4547325394,44107.0480512582,1093.3541325006,46911.8068332483,62680.5050444139,9878.4912530435,57253.7255718294,40253.1004245498,40573.0032731541,41204.6793951170
755,0,0,0,0,0,0,0,0,0,0,0,0,0,0,0,0,0,0,0,0,0,0,0,0,0,0,0,0,0,0,0,0,0,0,0,0,0,0,0,0,0,0,0,0,0,0,0,0,0,0,0,0,0,0,0,0,0,0,0,0,0,0,0,0,0,0,0,0,0,0,0,0,0,0,0,0,0,0,0,0,0,0,0,0,0,0,0,0,0,0,0,0,0,0,0,0,0,0,0,0,0,0,0,0,0,0,0,0,0,0,0,0,0,0,0,0,0,0,0,0,0,0,0,0,0,0,0,0,0,0,0,0,0,0,0,0,0,0,0,0,0,0,0,0,0,0,0,0,0,0,0,0,0,0,0,0,0,0,0,0,0,0,0,0,0,0,0,0,0,0,0,0,0,0,0,0,0,0,0,0,0,0,0,0,0,0,0,0,0,0,0,0,0,0,0,0,0,0,0,0
756,16378.6140570770,135710.5228625895,107148.2447419912,60874.0232029170,68400.1486512527,74592.8476972531,130702.9986602741,61266.9306637533,28181.3144474498,95741.0182545667,37521.7836550565,110154.2779277705,35364.4388983322,94352.9920342082,79494.4081592833,122529.5384416626,12275.4041635643,60352.0188016867,110681.1771574715,60895.7521554835,108981.7212090211,87250.8416207631,78338.0066025869,56975.1944177036,80927.4245629187,11875.9406606374,48028.4236470611,17710.3718419873,77212.8987531871,79188.0724174668,64397.1207962334,122139.1024176275,27748.3992295843,27570.3212984963,28380.0343791546,91505.4309984173,51908.6887720280,94021.0023254909,47598.4391252897,109530.5921382612,124477.7128957452,27609.2684439720,67765.2252202899,75261.7779200600,64727.5857548255,122963.7460044472,7814.2166091932,15327.4985377026,98054.0069470363,45150.7931234165,111838.4258559226,119038.4135968140,48780.6885654385,58219.7916073942,92462.7280792638,85518.2684792979,58810.6669700560,58405.5423151347,37453.3427336574,78721.6881872719,21988.7991771951,74880.6504417343,87387.7939515352,26930.6306470240,32983.5257079845,70823.3560917230,100520.5358864259,86200.9924352322,68098.6526712214,14850.2171973288,56317.2360953951,111571.1006243397,26813.4884810957,84795.4076974144,15098.0673769642,55473.6645782265,126600.1359487662,3912.5276810745,72292.7344933271,18143.0232324372,102044.6938787562,66484.2132747131,76295.4081496424,36696.0586978827,44257.2358267178,19269.7143360055,115494.3996261119,69259.3606348857,55151.8382607419,83227.0415489288,69047.0282050501,87827.2577671651,76220.3246627008,50423.0707387463,57916.6664465963,117929.9835617779,45624.8658194597,76504.9599330652,118283.1841068931,51109.2851679281,69617.3782416180,97405.8734419407,130692.2591822769,66020.7464305821,29549.4191693089,86016.0291961620,61610.3981597829,23756.7916917671,92966.5202438140,86150.2183949757,19727.8784700937,23757.6860205110,22459.9491029174,72666.2129505030,115647.2625871941,44953.4328948574,71420.6946793585,82746.7072365316,42178.5357249116,102807.7272339520,53245.5318687842,90435.4873386551,10541.0340393974,94769.0217011161,107927.6776624731,88815.6753685731,107646.1688532209,106537.1799372233,11084.3598177284,95511.6865686982,43983.1311899813,115687.7124482403,91235.7322335949,54579.4251015757,3390.0958120446,82840.6263685104,29177.9630027008,78862.5742473721,10596.7806930250,51555.8186520404,61281.9207401652,86728.3027798236,79238.3192472192,82951.4181774403,39806.2420347518,64691.1902020687,120111.1198242672,103929.9393032306,100338.5686672679,11578.2394453297,107748.4297274287,73879.9298562011,64940.4892300971,61939.2912131857,72886.7019805155,63370.8669313689,42362.4892657104,60719.7675819893,74494.8759763676,72605.0303090085,63807.8409146543,114065.9442372513,8183.1210261747,49458.1223877991,56698.4954814923,59278.2950339284,62073.8724674723,22010.6688497394,33334.7660208345,70394.0928614039,51214.4178464086,83340.2255909198,55110.6178161426,88627.5227558975,34312.8359810342,82230.9997779074,75969.8187218261,11622.6453980922,23264.4975168193,89632.6559710919,19959.4010834978,66286.8194279960,65847.7049063181,31302.8593797105,56207.6135244255,64779.5211051663,82768.7302363077,27174.5536332150,16848.0550540904,21508.5896774814,37080.2129825451,69530.6153798515,33767.0664073993,77992.4762743008,71576.2568637633,28939.8204253705,88604.5574030590,62693.6056208499,68350.9016874485,71178.6196492425
757,0,0,0,0,0,0,0,0,0,0,0,0,0,0,0,0,0,0,0,0,0,0,0,0,0,0,0,0,0,0,0,0,0,0,0,0,0,0,0,0,0,0,0,0,0,0,0,0,0,0,0,0,0,0,0,0,0,0,0,0,0,0,0,0,0,0,0,0,0,0,0,0,0,0,0,0,0,0,0,0,0,0,0,0,0,0,0,0,0,0,0,0,0,0,0,0,0,0,0,0,0,0,0,0,0,0,0,0,0,0,0,0,0,0,0,0,0,0,0,0,0,0,0,0,0,0,0,0,0,0,0,0,0,0,0,0,0,0,0,0,0,0,0,0,0,0,0,0,0,0,0,0,0,0,0,0,0,0,0,0,0,0,0,0,0,0,0,0,0,0,0,0,0,0,0,0,0,0,0,0,0,0,0,0,0,0,0,0,0,0,0,0,0,0,0,0,0,0,0,0
758,0,0,0,0,0,0,0,0,0,0,0,0,0,0,0,0,0,0,0,0,0,0,0,0,0,0,0,0,0,0,0,0,0,0,0,0,0,0,0,0,0,0,0,0,0,0,0,0,0,0,0,0,0,0,0,0,0,0,0,0,0,0,0,0,0,0,0,0,0,0,0,0,0,0,0,0,0,0,0,0,0,0,0,0,0,0,0,0,0,0,0,0,0,0,0,0,0,0,0,0,0,0,0,0,0,0,0,0,0,0,0,0,0,0,0,0,0,0,0,0,0,0,0,0,0,0,0,0,0,0,0,0,0,0,0,0,0,0,0,0,0,0,0,0,0,0,0,0,0,0,0,0,0,0,0,0,0,0,0,0,0,0,0,0,0,0,0,0,0,0,0,0,0,0,0,0,0,0,0,0,0,0,0,0,0,0,0,0,0,0,0,0,0,0,0,0,0,0,0,0
759,0,0,0,0,0,0,0,0,0,0,0,0,0,0,0,0,0,0,0,0,0,0,0,0,0,0,0,0,0,0,0,0,0,0,0,0,0,0,0,0,0,0,0,0,0,0,0,0,0,0,0,0,0,0,0,0,0,0,0,0,0,0,0,0,0,0,0,0,0,0,0,0,0,0,0,0,0,0,0,0,0,0,0,0,0,0,0,0,0,0,0,0,0,0,0,0,0,0,0,0,0,0,0,0,0,0,0,0,0,0,0,0,0,0,0,0,0,0,0,0,0,0,0,0,0,0,0,0,0,0,0,0,0,0,0,0,0,0,0,0,0,0,0,0,0,0,0,0,0,0,0,0,0,0,0,0,0,0,0,0,0,0,0,0,0,0,0,0,0,0,0,0,0,0,0,0,0,0,0,0,0,0,0,0,0,0,0,0,0,0,0,0,0,0,0,0,0,0,0,0
760,0,0,0,0,0,0,0,0,0,0,0,0,0,0,0,0,0,0,0,0,0,0,0,0,0,0,0,0,0,0,0,0,0,0,0,0,0,0,0,0,0,0,0,0,0,0,0,0,0,0,0,0,0,0,0,0,0,0,0,0,0,0,0,0,0,0,0,0,0,0,0,0,0,0,0,0,0,0,0,0,0,0,0,0,0,0,0,0,0,0,0,0,0,0,0,0,0,0,0,0,0,0,0,0,0,0,0,0,0,0,0,0,0,0,0,0,0,0,0,0,0,0,0,0,0,0,0,0,0,0,0,0,0,0,0,0,0,0,0,0,0,0,0,0,0,0,0,0,0,0,0,0,0,0,0,0,0,0,0,0,0,0,0,0,0,0,0,0,0,0,0,0,0,0,0,0,0,0,0,0,0,0,0,0,0,0,0,0,0,0,0,0,0,0,0,0,0,0,0,0
761,0,0,0,0,0,0,0,0,0,0,0,0,0,0,0,0,0,0,0,0,0,0,0,0,0,0,0,0,0,0,0,0,0,0,0,0,0,0,0,0,0,0,0,0,0,0,0,0,0,0,0,0,0,0,0,0,0,0,0,0,0,0,0,0,0,0,0,0,0,0,0,0,0,0,0,0,0,0,0,0,0,0,0,0,0,0,0,0,0,0,0,0,0,0,0,0,0,0,0,0,0,0,0,0,0,0,0,0,0,0,0,0,0,0,0,0,0,0,0,0,0,0,0,0,0,0,0,0,0,0,0,0,0,0,0,0,0,0,0,0,0,0,0,0,0,0,0,0,0,0,0,0,0,0,0,0,0,0,0,0,0,0,0,0,0,0,0,0,0,0,0,0,0,0,0,0,0,0,0,0,0,0,0,0,0,0,0,0,0,0,0,0,0,0,0,0,0,0,0,0
762,0,0,0,0,0,0,0,0,0,0,0,0,0,0,0,0,0,0,0,0,0,0,0,0,0,0,0,0,0,0,0,0,0,0,0,0,0,0,0,0,0,0,0,0,0,0,0,0,0,0,0,0,0,0,0,0,0,0,0,0,0,0,0,0,0,0,0,0,0,0,0,0,0,0,0,0,0,0,0,0,0,0,0,0,0,0,0,0,0,0,0,0,0,0,0,0,0,0,0,0,0,0,0,0,0,0,0,0,0,0,0,0,0,0,0,0,0,0,0,0,0,0,0,0,0,0,0,0,0,0,0,0,0,0,0,0,0,0,0,0,0,0,0,0,0,0,0,0,0,0,0,0,0,0,0,0,0,0,0,0,0,0,0,0,0,0,0,0,0,0,0,0,0,0,0,0,0,0,0,0,0,0,0,0,0,0,0,0,0,0,0,0,0,0,0,0,0,0,0,0
763,0,0,0,0,0,0,0,0,0,0,0,0,0,0,0,0,0,0,0,0,0,0,0,0,0,0,0,0,0,0,0,0,0,0,0,0,0,0,0,0,0,0,0,0,0,0,0,0,0,0,0,0,0,0,0,0,0,0,0,0,0,0,0,0,0,0,0,0,0,0,0,0,0,0,0,0,0,0,0,0,0,0,0,0,0,0,0,0,0,0,0,0,0,0,0,0,0,0,0,0,0,0,0,0,0,0,0,0,0,0,0,0,0,0,0,0,0,0,0,0,0,0,0,0,0,0,0,0,0,0,0,0,0,0,0,0,0,0,0,0,0,0,0,0,0,0,0,0,0,0,0,0,0,0,0,0,0,0,0,0,0,0,0,0,0,0,0,0,0,0,0,0,0,0,0,0,0,0,0,0,0,0,0,0,0,0,0,0,0,0,0,0,0,0,0,0,0,0,0,0
764,0,0,0,0,0,0,0,0,0,0,0,0,0,0,0,0,0,0,0,0,0,0,0,0,0,0,0,0,0,0,0,0,0,0,0,0,0,0,0,0,0,0,0,0,0,0,0,0,0,0,0,0,0,0,0,0,0,0,0,0,0,0,0,0,0,0,0,0,0,0,0,0,0,0,0,0,0,0,0,0,0,0,0,0,0,0,0,0,0,0,0,0,0,0,0,0,0,0,0,0,0,0,0,0,0,0,0,0,0,0,0,0,0,0,0,0,0,0,0,0,0,0,0,0,0,0,0,0,0,0,0,0,0,0,0,0,0,0,0,0,0,0,0,0,0,0,0,0,0,0,0,0,0,0,0,0,0,0,0,0,0,0,0,0,0,0,0,0,0,0,0,0,0,0,0,0,0,0,0,0,0,0,0,0,0,0,0,0,0,0,0,0,0,0,0,0,0,0,0,0
765,0,0,0,0,0,0,0,0,0,0,0,0,0,0,0,0,0,0,0,0,0,0,0,0,0,0,0,0,0,0,0,0,0,0,0,0,0,0,0,0,0,0,0,0,0,0,0,0,0,0,0,0,0,0,0,0,0,0,0,0,0,0,0,0,0,0,0,0,0,0,0,0,0,0,0,0,0,0,0,0,0,0,0,0,0,0,0,0,0,0,0,0,0,0,0,0,0,0,0,0,0,0,0,0,0,0,0,0,0,0,0,0,0,0,0,0,0,0,0,0,0,0,0,0,0,0,0,0,0,0,0,0,0,0,0,0,0,0,0,0,0,0,0,0,0,0,0,0,0,0,0,0,0,0,0,0,0,0,0,0,0,0,0,0,0,0,0,0,0,0,0,0,0,0,0,0,0,0,0,0,0,0,0,0,0,0,0,0,0,0,0,0,0,0,0,0,0,0,0,0
766,0,0,0,0,0,0,0,0,0,0,0,0,0,0,0,0,0,0,0,0,0,0,0,0,0,0,0,0,0,0,0,0,0,0,0,0,0,0,0,0,0,0,0,0,0,0,0,0,0,0,0,0,0,0,0,0,0,0,0,0,0,0,0,0,0,0,0,0,0,0,0,0,0,0,0,0,0,0,0,0,0,0,0,0,0,0,0,0,0,0,0,0,0,0,0,0,0,0,0,0,0,0,0,0,0,0,0,0.0000000000,0,0,0,0,0,0,0,0,0,0,0,0,0,0,0,0,0,0,0,0,0,0,0,0,0,0,0,0,0,0,0,0,0,0,0,0,0,0,0,0,0,0,0,0,0,0,0,0,0,0,0,0,0,0,0,0,0,0,0,0,0,0,0,0,0,0,0,0,0,0,0,0,0,0,0,0,0,0,0,0,0,0,0,0,0,0,0,0,0,0,0,0
767,0,0,0,0,0,0,0,0,0,0,0,0,0,0,0,0,0,0,0,0,0,0,0,0,0,0,0,0,0,0,0,0,0,0,0,0,0,0,0,0,0,0,0,0,0,0,0,0,0,0,0,0,0,0,0,0,0,0,0,0,0,0,0,0,0,0,0,0,0,0,0,0,0,0,0,0,0,0,0,0,0,0,0,0,0,0,0,0,0,0,0,0,0,0,0,0,0,0,0,0,0,0,0,0,0,0,0,0,0,0,0,0,0,0,0,0,0,0,0,0,0,0,0,0,0,0,0,0,0,0,0,0,0,0,0,0,0,0,0,0,0,0,0,0,0,0,0,0,0,0,0,0,0,0,0,0,0,0,0,0,0,0,0,0,0,0,0,0,0,0,0,0,0,0,0,0,0,0,0,0,0,0,0,0,0,0,0,0,0,0,0,0,0,0,0,0,0,0,0,0
768,0,0,0,0,0,0,0,0,0,0,0,0,0,0,0,0,0,0,0,0,0,0,0,0,0,0,0,0,0,0,0,0,0,0,0,0,0,0,0,0,0,0,0,0,0,0,0,0,0,0,0,0,0,0,0,0,0,0,0,0,0,0,0,0,0,0,0,0,0,0,0,0,0,0,0,0,0,0,0,0,0,0,0,0,0,0,0,0,0,0,0,0,0,0,0,0,0,0,0,0,0,0,0,0,0,0,0,0,0,0,0,0,0,0,0,0,0,0,0,0,0,0,0,0,0,0,0,0,0,0,0,0,0,0,0,0,0,0,0,0,0,0,0,0,0,0,0,0,0,0,0,0,0,0,0,0,0,0,0,0,0,0,0,0,0,0,0,0,0,0,0,0,0,0,0,0,0,0,0,0,0,0,0,0,0,0,0,0,0,0,0,0,0,0,0,0,0,0,0,0
769,0,0,0,0,0,0,0,0,0,0,0,0,0,0,0,0,0,0,0,0,0,0,0,0,0,0,0,0,0,0,0,0,0,0,0,0,0,0,0,0,0,0,0,0,0,0,0,0,0,0,0,0,0,0,0,0,0,0,0,0,0,0,0,0,0,0,0,0,0,0,0,0,0,0,0,0,0,0,0,0,0,0,0,0,0,0,0,0,0,0,0,0,0,0,0,0,0,0,0,0,0,0,0,0,0,0,0,0,0,0,0,0,0,0,0,0,0,0,0,0,0,0,0,0,0,0,0,0,0,0,0,0,0,0,0,0,0,0,0,0,0,0,0,0,0,0,0,0,0,0,0,0,0,0,0,0,0,0,0,0,0,0,0,0,0,0,0,0,0,0,0,0,0,0,0,0,0,0,0,0,0,0,0,0,0,0,0,0,0,0,0,0,0,0,0,0,0,0,0,0
770,0,0,0,0,0,0,0,0,0,0,0,0,0,0,0,0,0,0,0,0,0,0,0,0,0,0,0,0,0,0,0,0,0,0,0,0,0,0,0,0,0,0,0,0,0,0,0,0,0,0,0,0,0,0,0,0,0,0,0,0,0,0,0,0,0,0,0,0,0,0,0,0,0,0,0,0,0,0,0,0,0,0,0,0,0,0,0,0,0,0,0,0,0,0,0,0,0,0,0,0,0,0,0,0,0,0,0,0,0,0,0,0,0,0,0,0,0,0,0,0,0,0,0,0,0,0,0,0,0,0,0,0,0,0,0,0,0,0,0,0,0,0,0,0,0,0,0,0,0,0,0,0,0,0,0,0,0,0,0,0,0,0,0,0,0,0,0,0,0,0,0,0,0,0,0,0,0,0,0,0,0,0,0,0,0,0,0,0,0,0,0,0,0,0,0,0,0,0,0,0
771,0,0,0,0,0,0,0,0,0,0,0,0,0,0,0,0,0,0,0,0,0,0,0,0,0,0,0,0,0,0,0,0,0,0,0,0,0,0,0,0,0,0,0,0,0,0,0,0,0,0,0,0,0,0,0,0,0,0,0,0,0,0,0,0,0,0,0,0,0,0,0,0,0,0,0,0,0,0,0,0,0,0,0,0,0,0,0,0,0,0,0,0,0,0,0,0,0,0,0,0,0,0,0,0,0,0,0,0,0,0,0,0,0,0,0,0,0,0,0,0,0,0,0,0,0,0,0,0,0,0,0,0,0,0,0,0,0,0,0,0,0,0,0,0,0,0,0,0,0,0,0,0,0,0,0,0,0,0,0,0,0,0,0,0,0,0,0,0,0,0,0,0,0,0,0,0,0,0,0,0,0,0,0,0,0,0,0,0,0,0,0,0,0,0,0,0,0,0,0,0
772,17889.4252992770,119418.9403225324,94130.4210752834,62684.8868224939,53392.2006973143,69937.4440259965,114469.8464605964,46443.9147324676,41082.3286063156,79105.0134074708,29602.9191598664,94949.5526033668,18736.0082434323,78839.6360864536,68301.7218076683,105893.5854398525,16410.3628721357,43716.9990792000,94326.2434350437,52547.5761857828,92633.5092815676,71096.1709264997,62015.5922310918,45241.0260008343,66813.8004379552,26908.9737524429,32979.4403712207,1005.5657616268,60595.6066350908,70958.8035269218,52286.5431439892,106183.0286829229,17209.2570872557,28058.2977706694,15832.1390157385,78622.5076028800,44306.6389079787,77706.9125260229,31592.4082046436,92912.6207592100,107956.4987332040,35313.5006140968,51531.9761630572,59886.2186591492,48497.7030801085,106490.9395091101,12960.4537256873,28394.6717459426,81624.2699606959,33342.4540106335,95241.1339509775,102893.8834965192,32315.6299013831,52988.3416204142,78247.4186045686,68923.8238434984,44761.2981377488,42706.6927913022,22065.7902804022,63016.9512518243,17063.7649934626,62124.8847190273,70828.4999128830,25505.7232975952,18042.0653959072,56547.5261353888,83971.9322260436,76200.0235219851,61303.0293362060,21674.8972365286,45744.0498892334,95787.5012305854,10612.1867976201,69326.6453070565,8029.9523612073,39041.4272660755,110355.1631835725,19825.2295784026,55695.5096515325,10002.0205675087,85446.8547782234,62858.1541773885,59935.6830696350,24550.1271562460,27645.3320746366,27022.3938294283,99000.7246522019,60338.6577809794,39557.8085281722,70168.2615387063,58231.6428443164,76432.9377328997,69641.7290098115,40277.5045360073,41515.7163161578,101711.7557863859,40123.7081737246,66684.7953249316,101677.9974847130,37711.1299459407,53042.7648804475,81439.3590790777,114246.8941775187,50422.4649975160,23789.8215259326,69675.5457800243,48202.7616767908,18584.2195941650,76406.6490128824,71417.0516518816,20960.9322100420,9056.5300605838,33296.5411368331,56628.3993365078,99154.6749121185,36874.6656886374,55668.0953906327,66742.7698991715,28202.7494901016,86175.4823026407,36609.9865323266,74407.1512879295,7295.3308895171,78196.2596356451,91801.8474553765,72180.1872900209,91117.7653194063,90026.8358487648,11897.8327646379,81925.5917644665,27998.2790391465,99051.8025198105,74850.1913891096,39650.3110046254,20432.1105901125,66435.0739652291,12706.8082893180,62272.0944634957,26342.7949703840,35672.1016750713,48421.7363675254,72918.2103818746,64429.0339579111,70853.4759354909,23495.4183977568,49069.4436218186,103716.2539188962,87571.8822667706,84110.4557616956,21454.4903774095,91115.1690143862,62257.0605224022,50668.9150601125,55192.5695016248,64946.3276320505,53614.2746348733,32510.8553593150,45684.6381803556,60833.6618810322,56213.7496914438,47267.0846524678,97816.5313740115,11310.5551144214,32971.6433204130,59765.9925839319,43214.6048457127,45942.8815128906,12504.3216602769,17228.7228000237,64974.1102641537,39492.5210265708,66709.7055527232,43243.6388062242,76373.8716944024,20569.6896103296,72909.5290421107,59941.5889975837,18203.0795616759,12561.8342411646,73962.2338703199,11694.2696228766,51680.9310477996,57990.0646474662,20543.0729418299,43161.5998613165,59956.4128524662,66284.1233878780,24577.6343815735,14806.7921866301,20385.4259916590,27028.8285883518,57229.3746096411,17621.1127678712,62233.2149539447,67991.3941497429,15673.1178546210,72105.3543420479,51823.5540136803,54744.5666519399,56265.4356379579
773,55049.1137268130,77889.0764361862,67977.8326941699,84337.8732794928,26431.7211600375,75512.6215974158,73133.6670581922,24230.5893855815,81210.7324146404,35939.9461135773,45701.6214082600,59328.4551519198,24452.5612295587,42597.7392532105,54174.5107341295,62729.9321640487,56235.6083049094,0.6814637799,52780.5693395566,53553.7669692384,51024.5823942445,31708.0597893961,21870.5001485681,39098.3393954581,40264.7445236112,70053.4426775500,22624.4763329024,42145.5640863331,17677.9844924451,66237.1662738421,40429.6803266926,66444.6702514796,40526.0290720746,58723.7565165315,37381.0348487627,55288.8803160771,51590.2588683024,36668.0847307556,16936.3827577232,49834.0475731500,65324.6260932517,71384.7031914855,14720.2535227944,27693.1225062440,12686.0154307585,64187.9244007950,55979.0301794138,69817.3606085133,39864.8210855783,36023.9901666582,52315.6314119488,62147.2269211546,12771.5671708259,62136.6137753613,48905.7305669321,26078.0698346908,28619.5850415539,17100.5509877320,26377.4158012048,28019.0687364461,48779.8633070884,43483.2919297944,28333.4844166865,55038.1784432459,30412.4794005360,32395.2274172688,41321.8771186690,64424.7611357198,63536.0827905389,63225.4503636536,43128.3839997441,57237.7840060942,33497.1128193730,34519.2158765646,47162.0997549451,13366.6249636346,69143.9576392633,62711.1488729916,13040.6173677448,45643.7663777916,42546.9926943052,72754.6181984594,19880.5050525114,35511.3887900691,15676.8654455460,65188.5989161283,56551.2262773230,56595.2551800625,17558.3724669020,47859.5868774189,48820.2876908453,59546.6515360781,70126.8988156637,42761.3113863794,8744.3848725586,60766.2506867745,54602.2229136492,57958.8075546242,58654.4175714240,30412.5824323457,11029.3893345588,42374.7408454941,72031.9596093751,20097.0504448212,48565.8044371353,28806.3432562553,32759.2795191581,48496.0806375981,33747.8092040114,40562.5558398396,56191.3978381745,37541.0025146955,72559.7599177728,20043.1706508178,56797.7190250669,47310.2934752641,22203.5588456528,28655.9853368867,28829.2794358358,43025.8393974111,11839.9244392343,35417.7434185262,49295.9260506255,35510.5385394844,51581.6916414029,29023.7218124606,48534.8219948525,47642.8874632625,52617.4967815703,54954.7627602972,19576.4686435633,55888.7593485654,33582.8139760339,22597.9124282872,63484.8085817571,25398.9944737279,30851.4438815961,19542.3958912332,69183.7115659779,16230.8904255175,35744.0104711862,46497.9019495441,34646.7927233970,52486.7763892262,21265.8924172324,19619.7245479167,61726.7243086219,46133.2527673108,43384.0519731844,62387.6383670235,47973.1391477811,48316.4743292895,29632.7529144311,59650.6361002579,62754.8965106771,49775.5645470355,41651.6125212483,22922.8007793273,38360.2011204537,16086.5612930858,7992.8945311044,56638.9820224148,53565.3021100225,11851.3070307551,84263.7228791036,13124.7099141426,13256.2750974510,39101.7820955096,27699.4611524674,69832.7171048979,37328.7703035743,23610.1315080474,37561.0138723202,56110.6302244639,32444.4995974749,64203.3874309334,22988.4933147013,58462.8514434354,36540.4892830732,37286.8576063049,45204.4204303724,27777.9893515084,58310.2514496212,39529.5077736425,33036.3962525811,67779.0881528101,24414.4091623221,53341.3270225154,51358.4256361949,53553.6774687378,40604.2354800768,42374.1767330042,27146.6115975570,26693.1161670499,76692.9875722349,35872.6867836101,29948.0039902366,44965.1113427109,34929.0724879418,28385.5160201028
774,42961.0313401739,90232.6523330519,68197.6005414539,81839.1568800987,35148.9583084677,66087.7362834316,81820.7486758143,19642.6935307944,72626.0979165342,47322.7499667580,42394.5203314250,71352.5176320637,14415.0110406813,47472.8057381085,49194.0840263894,74010.4937890475,47321.1900730798,13296.4569589351,65166.6322079338,44187.8605848404,59932.2179688460,44060.6516522142,29346.9461312896,41985.6866471547,39648.2175159249,59224.8982077572,23221.9656419237,31486.6051934728,29826.8363594757,58930.4731829290,33643.2582793056,78901.8804240478,28125.8201624243,52566.4064656757,30737.1543070230,53914.1903885193,51580.1598537572,45027.3183359843,4680.2583729940,60655.1786390022,75327.4775958065,64123.4527411837,25935.3929954615,29451.1045925222,16044.5710887513,76367.1753121621,45095.6411061451,60543.8858727331,52253.9951449767,35350.7162183526,64167.8260229634,70329.6387303625,11686.5433590422,51585.8509501103,50071.4139640655,36561.9545010401,33538.7497048715,23642.6557717258,21261.6059809517,39403.7203336600,41556.4285192221,39525.0134890199,40601.4953660636,42582.7922331678,18148.9092859433,29976.8472525618,51403.2364343431,59132.4681247378,54402.4506272368,51614.1650676135,33832.8746810901,69618.8885533802,24315.3460593664,38269.0842971262,37956.2970772060,6311.5454647159,81543.6863686753,52531.1974578921,23434.1666738363,33809.0079812634,54473.4149511277,62429.6152458259,32202.5856550931,31807.1229146889,7501.0433912694,57080.7168561872,66337.3032646353,48573.7701500059,18461.3234849041,45709.0134703893,41942.9511717781,55804.7061298901,61649.0942738185,43278.0264977801,16586.6608760309,73200.2908566870,52724.2005140514,51423.0941274491,69309.2063643659,32211.2890066496,23487.5404680349,49171.1178340621,84222.8762646997,19902.0990127219,43157.4250844659,36986.2043005911,26394.4571421290,36118.7747847932,43875.9833303843,42205.6309128854,48616.2400057449,25979.1181679613,64216.4128241785,24478.0520280663,68978.5572632262,45908.0186618075,32829.7018532039,34523.0981014548,26868.3579213119,54147.5807531672,7215.2723304392,42081.2072837147,38867.3763059269,47637.7624266210,64040.9340291514,40572.3078089155,58503.3892642561,59846.4942765766,41077.1697082470,55181.4170521737,16775.3207921983,67202.5184413454,46034.7910398670,26530.1917995720,52545.5236040537,37855.8324563066,20011.2058740995,29914.7999218057,59049.3074393921,18772.4710142870,40446.5085450069,46140.1125571354,35401.6124475515,48972.0539923837,9438.6330333902,28465.6597399624,71007.2151626185,58547.1962174116,51491.3470117832,53231.0739544352,59459.6630879129,42916.9003562793,36556.6597229374,49869.8223655629,54637.6380299226,41350.8016059905,39867.9317721452,29497.2301951598,35665.1233581139,23509.1751920103,18934.9143378414,65166.0280145098,43709.0627003843,352.7372717851,80918.0431018877,11499.7667921367,22465.1113852023,30089.4438736981,19986.4795835107,60377.0703423586,38594.2660073565,35426.7521415347,28476.0124498776,53507.5274244295,27334.0257361039,57949.3001221947,34705.9255983477,46678.4833056706,26138.3276380086,42334.9670999783,37098.1887920971,24692.6474965795,49367.8446112497,34257.5976227298,36432.2863966194,57672.0392426252,33611.7430101065,47326.9601484509,43124.0098999026,41218.4606586712,37232.4777950451,36852.0756846466,15534.2951738863,30639.5826287925,66691.1922682243,23589.8347636027,39449.9352095442,37004.8355050293,30710.1936141470,27584.2266506389
775,0,0,0,0,0,0,0,0,0,0,0,0,0,0,0,0,0,0,0,0,0,0,0,0,0,0,0,0,0,0,0,0,0,0,0,0,0,0,0,0,0,0,0,0,0,0,0,0,0,0,0,0,0,0,0,0,0,0,0,0,0,0,0,0,0,0,0,0,0,0,0,0,0,0,0,0,0,0,0,0,0,0,0,0,0,0,0,0,0,0,0,0,0,0,0,0,0,0,0,0,0,0,0,0,0,0,0,0,0,0,0,0,0,0,0,0,0,0,0,0,0,0,0,0,0,0,0,0,0,0,0,0,0,0,0,0,0,0,0,0,0,0,0,0,0,0,0,0,0,0,0,0,0,0,0,0,0,0,0,0,0,0,0,0,0,0,0,0,0,0,0,0,0,0,0,0,0,0,0,0,0,0,0,0,0,0,0,0,0,0,0,0,0,0,0,0,0,0,0,0
776,0,0,0,0,0,0,0,0,0,0,0,0,0,0,0,0,0,0,0,0,0,0,0,0,0,0,0,0,0,0,0,0,0,0,0,0,0,0,0,0,0,0,0,0,0,0,0,0,0,0,0,0,0,0,0,0,0,0,0,0,0,0,0,0,0,0,0,0,0,0,0,0,0,0,0,0,0,0,0,0,0,0,0,0,0,0,0,0,0,0,0,0,0,0,0,0,0,0,0,0,0,0,0,0,0,0,0,0,0,0,0,0,0,0,0,0,0,0,0,0,0,0,0,0,0,0,0,0,0,0,0,0,0,0,0,0,0,0,0,0,0,0,0,0,0,0,0,0,0,0,0,0,0,0,0,0,0,0,0,0,0,0,0,0,0,0,0,0,0,0,0,0,0,0,0,0,0,0,0,0,0,0,0,0,0,0,0,0,0,0,0,0,0,0,0,0,0,0,0,0
777,0,0,0,0,0,0,0,0,0,0,0,0,0,0,0,0,0,0,0,0,0,0,0,0,0,0,0,0,0,0,0,0,0,0,0,0,0,0,0,0,0,0,0,0,0,0,0,0,0,0,0,0,0,0,0,0,0,0,0,0,0,0,0,0,0,0,0,0,0,0,0,0,0,0,0,0,0,0,0,0,0,0,0,0,0,0,0,0,0,0,0,0,0,0,0,0,0,0,0,0,0,0,0,0,0,0,0,0,0,0,0,0,0,0,0,0,0,0,0,0,0,0,0,0,0,0,0,0,0,0,0,0,0,0,0,0,0,0,0,0,0,0,0,0,0,0,0,0,0,0,0,0,0,0,0,0,0,0,0,0,0,0,0,0,0,0,0,0,0,0,0,0,0,0,0,0,0,0,0,0,0,0,0,0,0,0,0,0,0,0,0,0,0,0,0,0,0,0,0,0
778,0,0,0,0,0,0,0,0,0,0,0,0,0,0,0,0,0,0,0,0,0,0,0,0,0,0,0,0,0,0,0,0,0,0,0,0,0,0,0,0,0,0,0,0,0,0,0,0,0,0,0,0,0,0,0,0,0,0,0,0,0,0,0,0,0,0,0,0,0,0,0,0,0,0,0,0,0,0,0,0,0,0,0,0,0,0,0,0,0,0,0,0,0,0,0,0,0,0,0,0,0,0,0,0,0,0,0,0,0,0,0,0,0,0,0,0,0,0,0,0,0,0,0,0,0,0,0,0,0,0,0,0,0,0,0,0,0,0,0,0,0,0,0,0,0,0,0,0,0,0,0,0,0,0,0,0,0,0,0,0,0,0,0,0,0,0,0,0,0,0,0,0,0,0,0,0,0,0,0,0,0,0,0,0,0,0,0,0,0,0,0,0,0,0,0,0,0,0,0,0
779,15669.4725920225,141681.7798489984,108782.0712799913,65903.0907368639,74968.0171478977,72499.7719871240,134873.5364613076,64433.2126667840,29196.2470918879,100970.0683138765,44434.5129332972,116698.5702321473,40669.9695386534,97829.5664042258,80318.8234899139,127751.4992568014,18823.9158025767,65684.8241586610,116587.6430517302,60636.2777883449,113360.7872152486,93333.9007671565,82760.5515892017,63919.6671876256,83422.5319723154,1884.4952737319,54542.7045612313,23057.5649245129,82651.8190013158,78578.2645924613,65902.7375479815,128362.5884833341,29957.4328959795,33691.9500935991,35164.2849016944,93154.2925552790,58738.2415821930,98381.7316434462,51868.2334947133,114553.6023016943,129163.0528471083,31618.9651893554,73782.3380024244,78720.6742092105,69090.6475379302,128718.2244602667,9334.4326242535,17618.0409709133,103873.2207369797,52077.2302184396,117329.8255406884,123109.7061509403,54569.8745906849,56666.4553080792,94947.3670199507,90472.7107286055,65560.5346891212,64723.0827021782,43825.8840147889,85058.1579338138,28900.4360875345,76603.6175794407,92995.9131087471,25470.0258596416,36831.2240910765,73514.9857680790,105308.1967384248,86353.1076280110,67011.8691451662,4990.6613168910,57198.9357218148,117886.3467524938,32790.1801753081,88276.8900648407,21918.1256952569,60174.6111514391,132614.5170009829,9094.4824582878,77287.6081694944,20980.9572425492,107539.4847792733,64101.7296440027,82198.3293946734,43576.8500950243,49421.7364755666,23965.2504458968,120128.4115611114,69108.3234528570,58969.2901014663,85045.1586271123,69812.7522530346,88675.2188463445,74914.9904098401,57377.1566245351,63777.3351794029,123967.0490202893,52289.7160564669,76677.2877921837,123234.2548791622,57928.8582194516,75202.9817424366,101319.5717018303,136485.8215978069,69736.7161633088,36403.4763159568,90439.1215135958,63878.8246595897,24316.8030301282,97798.0553828569,89039.3169763955,26108.9078588348,28006.0545941082,25338.6976156816,76761.3076493872,121371.8250383279,51843.1534790169,77729.2623927635,86755.9634236933,48889.9750237940,107945.8217492727,58532.0134331887,94441.8402014766,16563.9444543235,100340.7987598552,114036.1371657262,94089.0531151314,112371.3149205587,112233.9359275278,13274.3463216103,97564.0508871174,50138.4359066607,120917.9241955090,97109.4293008883,61142.8703036101,2619.2344161952,88692.1330685543,34235.5585368058,83817.3083299471,10811.4383878510,57777.1618266462,68171.8816866483,88982.0127692976,82229.2473227186,84223.9629453688,44492.9743348238,71049.7449318407,124548.4230526625,109833.3116361727,104561.3990040496,16592.4879800214,113044.7075312527,74994.8106074213,71664.4013756493,60948.1907553707,72230.7590015165,63714.9383087745,49318.1915381742,67268.0418069691,76758.0592370899,77153.8356205337,69470.7751712247,118287.8030749211,15126.3113264926,54290.6307033393,61413.1507239172,63489.0761396777,68163.7780950195,28393.2074782830,39394.7967826450,68681.3410320449,58153.6857578515,88689.6090412107,56661.6712749670,89936.6617759030,41012.6865112119,82095.3733382160,82134.2953927790,10063.2785574142,28711.4864472559,93274.0806702019,26881.2610659657,69246.7742017579,65269.9034941045,38230.9001904475,63074.0347032494,62916.2583300696,87448.4145397664,33783.4849094539,23731.9036655441,20741.2344168940,44037.0266884631,71064.8402283563,38396.2222405646,81774.9787951458,69094.1107884591,32185.2947540877,93299.4769796545,63591.0453484632,70647.2453849778,74309.1721075644
780,0,0,0,0,0,0,0,0,0,0,0,0,0,0,0,0,0,0.0000000000,0,0,0,0,0,0,0,0,0,0,0,0,0,0,0,0,0,0,0,0,0,0,0,0,0,0,0,0,0,0,0,0,0,0,0,0,0,0,0,0,0,0,0,0,0,0,0,0,0,0,0,0,0,0,0,0,0,0,0,0,0,0,0,0,0,0,0,0,0,0,0,0,0,0,0,0,0,0,0,0,0,0,0,0,0,0,0,0,0,0,0,0,0,0,0,0,0,0,0,0,0,0,0,0,0,0,0,0,0,0,0,0,0,0,0,0,0,0,0,0,0,0,0,0,0,0,0,0,0,0,0,0,0,0,0,0,0,0,0,0,0,0,0,0,0,0,0,0,0,0,0,0,0,0,0,0,0,0,0,0,0,0,0,0,0,0,0,0,0,0,0,0,0,0,0,0,0,0,0,0,0,0
781,53452.9583744826,102800.0335978488,110754.1325210255,40359.0700499426,33280.4380979165,101821.1225901065,114075.9507896111,62525.1512677160,50587.1927515086,72934.4575806680,10053.6938335055,71874.9119257070,33981.0995296978,86635.4866112928,91393.6960096514,97445.5282483315,33728.3498643629,43867.8262033840,79673.9907732301,81641.8832755170,92373.7893321787,56301.6130182741,65642.0969397203,13975.9573278410,82283.9426002228,53290.9218572883,21427.8852824485,36501.1416478186,55105.5383461550,98834.2902911864,75208.5953229709,87127.7478942538,49708.9535304431,24039.6356676429,20251.6868908411,96772.9724596846,8427.7289391399,79275.8093998783,46193.4261492195,87249.2929873964,104006.7902606960,37421.7871461066,41020.2882583628,70904.7615120319,55866.1407632794,92782.6147077123,44135.9680362071,44479.2265307382,68977.6729381592,8031.8941676545,84955.2045705986,104061.7652691116,32491.5410937899,85211.0752400338,92126.6853189204,66744.5436860570,22063.2398336141,30172.2939984462,22617.3209860697,45568.9703224372,23052.9294781474,82257.4573989702,61804.7943493361,61065.3092813756,43490.4425137938,72843.0100127250,81261.2098981238,100954.7956081995,91538.2235530344,54199.3587145666,72455.3001073740,75997.3526648167,29368.9537763238,78477.8444362110,30993.0456683249,46927.5409251660,93616.3247124702,44145.7116470262,55721.8874156338,45496.4504063235,75955.5853466240,95831.5581191652,49145.6540035643,12742.5409749666,37304.0566728761,35901.9664039091,96141.2417332486,87999.0312517446,53830.4973757562,88602.6359457678,83026.0813326287,98430.9003343639,99641.2894951138,7384.4826799475,36312.0542709961,85117.9116548227,10145.0932526950,92446.2752569518,95940.1902098002,15126.0753150023,47599.5754920712,85890.3702444700,99746.2871434117,61952.8204772578,15985.7247886336,71926.1863974419,68594.7373773746,53755.2895443106,74235.7308372761,83932.4313327765,27866.2978054238,40277.7829411783,42470.2201183000,63938.4733686664,86191.8238858476,3130.7028771618,39853.1339270511,72663.2937296597,16037.7046026970,80096.4009294134,40149.0186634080,79128.3267645920,37936.0758999478,68648.7288262823,74907.5797680024,66470.1040356271,88201.3699978743,78012.3215928626,46803.1379436507,97674.1929805614,26200.9948483594,91000.9128145589,62265.1748127399,23467.2552752438,49309.2800677853,55212.2639051464,35618.3933221522,61263.3530686493,48452.9010098338,27884.3930012796,20089.6480606070,88759.1672475564,77486.0989808164,91716.9501297405,39843.3903123223,33865.0633377517,102053.7876559849,73439.3017916949,85953.6975597329,38641.2918641393,83077.5226318191,85032.4690921722,27441.8812923795,85883.6602179792,93592.2096230922,80665.0429167072,6366.4371582859,27732.8432086630,78560.0205600802,60055.9671337789,42530.5962744716,98290.1071192212,36928.1393220696,42506.7030156227,40753.1623219130,53423.0552979058,35962.3318043531,28540.2020619993,26986.1090267695,96388.3421575522,9667.4599968471,61063.9634046780,68047.2860721525,96376.6598373151,18148.3363564292,99033.4318839813,45579.1505663047,52508.6336268756,34089.8880681924,81326.9058458362,25685.0920281078,67574.7784757330,87235.1422110674,15224.9173449666,16778.6363123560,92137.6087961506,66979.1822477562,20281.2296444972,28253.1223435713,56121.6796507942,8746.0490410273,79071.6970896643,38823.9071571946,70607.9434705472,100807.2255773744,45600.5414060132,71725.7792172796,77246.0474611263,73499.8230997216,70100.5214181325
782,0,0,0,0,0,0,0,0,0,0,0,0,0,0,0,0,0,0,0,0,0,0,0,0,0,0,0,0,0,0,0,0,0,0,0,0,0,0,0,0,0,0,0,0,0,0,0,0,0,0,0,0,0,0,0,0,0,0,0,0,0,0,0,0,0,0,0,0,0,0,0,0,0,0,0,0,0,0,0,0,0,0,0,0,0,0,0,0,0,0,0,0,0,0,0,0,0,0,0,0,0,0,0,0,0,0,0,0,0,0,0,0,0,0,0,0,0,0,0,0,0,0,0,0,0,0,0,0,0,0,0,0,0,0,0,0,0,0,0,0,0,0,0,0,0,0,0,0,0,0,0,0,0,0,0,0,0,0,0,0,0,0,0,0,0,0,0,0,0,0,0,0,0,0,0,0,0,0,0,0,0,0,0,0,0,0,0,0,0,0,0,0,0,0,0,0,0,0,0,0
783,0,0,0,0,0,0,0,0,0,0,0,0,0,0,0,0,0,0,0,0,0,0,0,0,0,0,0,0,0,0,0,0,0,0,0,0,0,0,0,0,0,0,0,0,0,0,0,0,0,0,0,0,0,0,0,0,0,0,0,0,0,0,0,0,0,0,0,0,0,0,0,0,0,0,0,0,0,0,0,0,0,0,0,0,0,0,0,0,0,0,0,0,0,0,0,0,0,0,0,0,0,0,0,0,0,0,0,0,0,0,0,0,0,0,0,0,0,0,0,0,0,0,0,0,0,0,0,0,0,0,0,0,0,0,0,0,0,0,0,0,0,0,0,0,0,0,0,0,0,0,0,0,0,0,0,0,0,0,0,0,0,0,0,0,0,0,0,0,0,0,0,0,0,0,0,0,0,0,0,0,0,0,0,0,0,0,0,0,0,0,0,0,0,0,0,0,0,0,0,0
784,0,0,0,0,0,0,0,0,0,0,0,0,0,0,0,0,0,0,0,0,0,0,0,0,0,0,0,0,0,0,0,0,0,0,0,0,0,0,0,0,0,0,0,0,0,0,0,0,0,0,0,0,0,0,0,0,0,0,0,0,0,0,0,0,0,0,0,0,0,0,0,0,0,0,0,0,0,0,0,0,0,0,0,0,0,0,0,0,0,0,0,0,0,0,0,0,0,0,0,0,0,0,0,0,0,0,0,0,0,0,0,0,0,0,0,0,0,0,0,0,0,0,0,0,0,0,0,0,0,0,0,0,0,0,0,0,0,0,0,0,0,0,0,0,0,0,0,0,0,0,0,0,0,0,0,0,0,0,0,0,0,0,0,0,0,0,0,0,0,0,0,0,0,0,0,0,0,0,0,0,0,0,0,0,0,0,0,0,0,0,0,0,0,0,0,0,0,0,0,0
785,0,0,0,0,0,0,0,0,0,0,0,0,0,0,0,0,0,0,0,0,0,0,0,0,0,0,0,0,0,0,0,0,0,0,0,0,0,0,0,0,0,0,0,0,0,0,0,0,0,0,0,0,0,0,0,0,0,0,0,0,0,0,0,0,0,0,0,0,0,0,0,0,0,0,0,0,0,0,0,0,0,0,0,0,0,0,0,0,0,0,0,0,0,0,0,0,0,0,0,0,0,0,0,0,0,0,0,0,0,0,0,0,0,0,0,0,0,0,0,0,0,0,0,0,0,0,0,0,0,0,0,0,0,0,0,0,0,0,0,0,0,0,0,0,0,0,0,0,0,0,0,0,0,0,0,0,0,0,0,0,0,0,0,0,0,0,0,0,0,0,0,0,0,0,0,0,0,0,0,0,0,0,0,0,0,0,0,0,0,0,0,0,0,0,0,0,0,0,0,0
786,54162.6411977584,109378.5457029629,116972.5605943605,66978.7919751120,40218.1958103348,105301.9645303939,121249.5831178679,68372.8329184479,45481.1450133468,80115.4158066666,13166.4594983473,77847.7149659154,38672.6674642698,93449.4531390846,96677.5916705916,104548.0746247147,31766.3480277378,50713.2073339244,86527.5353157732,85737.9902918455,99527.1932753421,63296.5955439418,72559.1079564885,20003.7179426248,88443.1718569639,51067.5608659345,28291.2770797598,38115.1513571855,62272.6734528195,103319.8136916674,80359.9500406570,93530.9065344866,52491.9275055404,19495.0949780391,22863.4739493221,102750.3204558359,9699.2811503357,86352.9211953889,51780.9834568224,94424.0046798886,111186.4778970280,32036.0704054788,48203.2287165069,77366.8649996094,62424.9012482529,99640.9491463355,43593.5347113302,40863.6649109371,76004.4482332059,15018.8424908792,92022.7121479454,111202.1055883026,38959.3391444320,88503.4650754701,98511.9809734223,73885.1346996897,29085.6615013282,37338.2292204002,27909.7408590568,52505.5414746723,21977.0136344256,87877.4911232316,68970.5559647772,62616.2593582128,47406.9945326411,78817.9981014672,88436.0259090658,106038.4585421556,95434.8299269365,53476.8349138544,76937.7778642129,82394.2119132174,32568.1429517679,85151.8114552634,31094.2486255951,53249.6429210942,100225.9389265254,42129.5745488883,62730.2515315318,47102.2441723628,83075.5028895054,98913.9898624757,56316.3655571066,17349.5225249645,43034.4044884234,31873.2353311538,103324.0947651102,92454.7616593409,59695.6236878339,94488.9606052283,87965.7472794924,103925.8381638752,103643.7071343984,11644.7729883617,43307.6767077886,91786.1655697061,854.3670745231,97298.0135931119,103106.5295445514,22309.0033869806,54735.1063910848,92878.5118340969,106520.0170162377,68255.5953297369,14265.9987741480,78947.3205145520,74013.9478759955,55617.8935948317,81393.9248100435,90382.4850273439,24995.5239771278,42950.2557667239,37817.3151977255,70611.5570244005,93124.1322784107,4742.7161106384,46944.5204969108,79505.1005148153,22310.4456178207,87272.8838302212,46644.8762103878,86073.8713157143,38153.5910492685,75787.1475728424,81613.0421958443,73653.1473772240,95382.2186189854,85028.8783439866,47239.6181774943,103914.8440060054,32418.6528139601,98127.0888876355,69328.8128660352,30640.2745458062,47869.7119421693,62354.0526222582,39281.7040720357,68349.5333341667,45655.1713998754,34792.0097348029,26418.2680025999,94932.2339348533,83834.9603226852,97321.6860090016,44884.3810254985,41026.9361742847,109232.7740188460,80361.1186536515,93042.0423705851,35842.5662086412,90218.7554929856,90310.4619051508,34240.0427603248,89624.6677787648,97879.1898003021,85176.5371685863,9213.4363476992,34880.2426583816,84438.0641026042,66911.0406383671,49601.0791550348,105437.4027784114,36060.6329533752,48515.2407839269,67278.2685368178,59691.6092192301,43122.6402871546,30499.6378879746,31472.7326681561,99988.7934149154,16573.8350424839,68243.2994778561,72800.8966986706,102127.1199429800,22558.8002659404,103864.0045795051,52677.9347524662,52482.1990917623,36708.7731873876,88138.1117746385,25943.8207600951,73524.1312661152,91342.3696347564,17591.6611674182,23659.3569268738,95480.2209873412,74035.9144874475,17051.2138597151,26931.6349246281,57382.1182795995,12098.1926953267,84426.1188131762,43085.6537996115,77272.8990415263,103966.0831655482,48821.5787278631,78837.3126901322,82018.1684094826,79197.2307547145,76297.1094303519
787,0,0,0,0,0,0,0,0,0,0,0,0,0,0,0,0,0,0,0,0,0,0,0,0,0,0,0,0,0,0,0,0,0,0,0,0,0,0,0,0,0,0,0,0,0,0,0,0,0,0,0,0,0,0,0,0,0,0,0,0,0,0,0,0,0,0,0,0,0,0,0,0,0,0,0,0,0,0,0,0,0,0,0,0,0,0,0,0,0,0,0,0,0,0,0,0,0,0,0,0,0,0,0,0,0,0,0,0,0,0,0,0,0,0,0,0,0,0,0,0,0,0,0,0,0,0,0,0,0,0,0,0,0,0,0,0,0,0,0,0,0,0,0,0,0,0,0,0,0,0,0,0,0,0,0,0,0,0,0,0,0,0,0,0,0,0,0,0,0,0,0,0,0,0,0,0,0,0,0,0,0,0,0,0,0,0,0,0,0,0,0,0,0,0,0,0,0,0,0,0
788,0,0,0,0,0,0,0,0,0,0,0,0,0,0,0,0,0,0,0,0,0,0,0,0,0,0,0,0,0,0,0,0,0,0,0,0,0,0,0,0,0,0,0,0,0,0,0,0,0,0,0,0,0,0,0,0,0,0,0,0,0,0,0,0,0,0,0,0,0,0,0,0,0,0,0,0,0,0,0,0,0,0,0,0,0,0,0,0,0,0,0,0,0,0,0,0,0,0,0,0,0,0,0,0,0,0,0,0,0,0,0,0,0,0,0,0,0,0,0,0,0,0,0,0,0,0,0,0,0,0,0,0,0,0,0,0,0,0,0,0,0,0,0,0,0,0,0,0,0,0,0,0,0,0,0,0,0,0,0,0,0,0,0,0,0,0,0,0,0,0,0,0,0,0,0,0,0,0,0,0,0,0,0,0,0,0,0,0,0,0,0,0,0,0,0,0,0,0,0,0
789,0,0,0,0,0,0,0,0,0,0,0,0,0,0,0,0,0,0,0,0,0,0,0,0,0,0,0,0,0,0,0,0,0,0,0,0,0,0,0,0,0,0,0,0,0,0,0,0,0,0,0,0,0,0,0,0,0,0,0,0,0,0,0,0,0,0,0,0,0,0,0,0,0,0,0,0,0,0,0,0,0,0,0,0,0,0,0,0,0,0,0,0,0,0,0,0,0,0,0,0,0,0,0,0,0,0,0,0,0,0,0,0,0,0,0,0,0,0,0,0,0,0,0,0,0,0,0,0,0,0,0,0,0,0,0,0,0,0,0,0,0,0,0,0,0,0,0,0,0,0,0,0,0,0,0,0,0,0,0,0,0,0,0,0,0,0,0,0,0,0,0,0,0,0,0,0,0,0,0,0,0,0,0,0,0,0,0,0,0,0,0,0,0,0,0,0,0,0,0,0
790,45910.4140417118,92653.2012558683,90451.7309989727,60195.6639251655,24479.1759603140,85342.9018031568,96509.9809040376,42437.0571775912,59973.9356080424,56761.6765448359,21360.5294467681,66201.2948651676,17269.9712298220,66845.8717712427,71822.8601200880,82771.8705442885,36645.4953261225,24310.5929800555,68005.2418331981,64169.9456098901,74482.5122379411,44164.7819471823,46207.7865043324,20509.5174355798,61993.0038756295,54059.0457356892,1759.7318118574,28826.9199617629,38010.1581988693,80445.8365766193,55914.0609448208,78457.1764528151,36708.3552471499,35423.1334865738,16296.9514475643,76543.3430474011,28785.0777003012,60629.0798677206,26565.0179527604,71190.7945240398,87544.3457933014,48764.4931999159,25491.8403239843,50650.8622424497,35683.0674680098,80760.8174478771,41268.4129604174,50102.2299172410,55901.3384994605,12560.5198411884,70961.1793791203,85915.4252539848,12224.1825647198,69397.7034003737,71843.3780296525,48884.2410419651,16120.6119757227,14900.1009464993,8756.2804252698,34925.5843503374,27097.2049425194,62326.4398355580,46582.7135376468,50567.4608735813,27918.4036487611,52636.2948566916,63961.9035224401,81614.0346775770,74331.5223273774,50627.2068978824,54360.8563632802,67736.2409220298,18712.4263174561,58430.8599465684,29112.6075418946,26624.4920758143,83449.8648512694,45384.0978244179,36795.6641896979,36307.3021925680,61376.3615311231,80298.8628579654,34293.1092088072,11469.8985034276,17637.3731644670,43779.0286164508,79166.9531629223,69756.4660817513,33763.0927566828,68432.9026234461,63999.3696648012,78589.2685636882,82134.7669214626,20509.0097622464,17733.2911111254,74751.9686144186,30565.8185753926,73493.1020053068,80062.3933535100,10775.4106015021,30070.1638422935,66683.0011978008,88273.0747963519,41650.0286842854,25020.2262587009,52947.8098599119,48964.9801070556,42953.2725378295,56586.1557947719,63674.5969088936,34483.4461997799,28726.8942471590,51218.2628214629,43897.2649724503,73646.9010346758,23447.0468876241,27740.3538015066,52964.7462621250,6446.7802390963,64061.8876209769,19907.0323256324,59757.5470479478,34004.2760578757,53906.5035920162,64585.4100789905,49913.3060004762,71112.9611135892,64790.2267451505,40788.8720437119,77371.1879144489,8052.4655440445,76042.3378230392,48964.9546394762,10668.4997023255,48283.3005845133,40885.5829580077,21848.7715814739,42846.7137078338,51340.8042631569,9221.6202595961,21185.0941346807,68464.0023034945,57191.1246452961,71777.3736787567,21572.7534734720,20928.7645255112,84753.5198866282,61337.2692106206,67360.4320297541,42835.3714423011,67964.8130360816,65497.0864696272,21767.7684019132,69079.6023529220,75604.8608958339,62400.6474916747,17544.0580388990,16772.2068681441,58409.4712894733,40431.0637009152,24357.2680494162,80268.2806740555,36229.1812145231,22368.4973996436,59943.3677317530,33121.4127372624,19678.1092814863,22126.7573269710,12666.2608134142,79727.6881862186,16172.7545681289,44288.3753256804,49506.6268076999,76297.4675639360,10200.7774404919,80074.5896240584,32732.0025812952,47139.6478528759,23926.5059664510,61536.6184406904,25267.1355875524,47393.0535753553,69662.8447568830,16398.7733662730,16113.7587205621,76089.4618440001,48265.1969828841,30092.4152944325,30973.3366309169,46793.9033325119,16304.5249183502,59465.0991146664,22762.0987668236,50550.9217156870,85031.4169422167,31769.2123024296,53445.5694915043,58552.0020412686,53517.3512867429,49805.0747748830
791,0,0,0,0,0,0,0,0,0,0,0,0,0,0,0,0,0,0,0,0,0,0,0,0,0,0,0,0,0,0,0,0,0,0,0,0,0,0,0,0,0,0,0,0,0,0,0,0,0,0,0,0,0,0,0,0,0,0,0,0,0,0,0,0,0,0,0,0,0,0,0,0,0,0,0,0,0,0,0,0,0,0,0,0,0,0,0,0,0,0,0,0,0,0,0,0,0,0,0,0,0,0,0,0,0,0,0,0,0,0,0,0,0,0,0,0,0,0,0,0,0,0,0,0,0,0,0,0,0,0,0,0,0,0,0,0,0,0,0,0,0,0,0,0,0,0,0,0,0,0,0,0,0,0,0,0,0,0,0,0,0,0,0,0,0,0,0,0,0,0,0,0,0,0,0,0,0,0,0,0,0,0,0,0,0,0,0,0,0,0,0,0,0,0,0,0,0,0,0,0
792,0,0,0,0,0,0,0,0,0,0,0,0,0,0,0,0,0,0,0,0,0,0,0,0,0,0,0,0,0,0,0,0,0,0,0,0,0,0,0,0,0,0,0,0,0,0,0,0,0,0,0,0,0,0,0,0,0,0,0,0,0,0,0,0,0,0,0,0,0,0,0,0,0,0,0,0,0,0,0,0,0,0,0,0,0,0,0,0,0,0,0,0,0,0,0,0,0,0,0,0,0,0,0,0,0,0,0,0,0,0,0,0,0,0,0,0,0,0,0,0,0,0,0,0,0,0,0,0,0,0,0,0,0,0,0,0,0,0,0,0,0,0,0,0,0,0,0,0,0,0,0,0,0,0,0,0,0,0,0,0,0,0,0,0,0,0,0,0,0,0,0,0,0,0,0,0,0,0,0,0,0,0,0,0,0,0,0,0,0,0,0,0,0,0,0,0,0,0,0,0
793,0,0,0,0,0,0,0,0,0,0,0,0,0,0,0,0,0,0,0,0,0,0,0,0,0,0,0,0,0,0,0,0,0,0,0,0,0,0,0,0,0,0,0,0,0,0,0,0,0,0,0,0,0,0,0,0,0,0,0,0,0,0,0,0,0,0,0,0,0,0,0,0,0,0,0,0,0,0,0,0,0,0,0,0,0,0,0,0,0,0,0,0,0,0,0,0,0,0,0,0,0,0,0,0,0,0,0,0,0,0,0,0,0,0,0,0,0,0,0,0,0,0,0,0,0,0,0,0,0,0,0,0,0,0,0,0,0,0,0,0,0,0,0,0,0,0,0,0,0,0,0,0,0,0,0,0,0,0,0,0,0,0,0,0,0,0,0,0,0,0,0,0,0,0,0,0,0,0,0,0,0,0,0,0,0,0,0,0,0,0,0,0,0,0,0,0,0,0,0,0
794,0,0,0,0,0,0,0,0,0,0,0,0,0,0,0,0,0,0,0,0,0,0,0,0,0,0,0,0,0,0,0,0,0,0,0,0,0,0,0,0,0,0,0,0,0,0,0,0,0,0,0,0,0,0,0,0,0,0,0,0,0,0,0,0,0,0,0,0,0,0,0,0,0,0,0,0,0,0,0,0,0,0,0,0,0,0,0,0,0,0,0,0,0,0,0,0,0,0,0,0,0,0,0,0,0,0,0,0,0,0,0,0,0,0,0,0,0,0,0,0,0,0,0,0,0,0,0,0,0,0,0,0,0,0,0,0,0,0,0,0,0,0,0,0,0,0,0,0,0,0,0,0,0,0,0,0,0,0,0,0,0,0,0,0,0,0,0,0,0,0,0,0,0,0,0,0,0,0,0,0,0,0,0,0,0,0,0,0,0,0,0,0,0,0,0,0,0,0,0,0
795,0,0,0,0,0,0,0,0,0,0,0,0,0,0,0,0,0,0,0,0,0,0,0,0,0,0,0,0,0,0,0,0,0,0,0,0,0,0,0,0,0,0,0,0,0,0,0,0,0,0,0,0,0,0,0,0,0,0,0,0,0,0,0,0,0,0,0,0,0,0,0,0,0,0,0,0,0,0,0,0,0,0,0,0,0,0,0,0,0,0,0,0,0,0,0,0,0,0,0,0,0,0,0,0,0,0,0,0,0,0,0,0,0,0,0,0,0,0,0,0,0,0,0,0,0,0,0,0,0,0,0,0,0,0,0,0,0,0,0,0,0,0,0,0,0,0,0,0,0,0,0,0,0,0,0,0,0,0,0,0,0,0,0,0,0,0,0,0,0,0,0,0,0,0,0,0,0,0,0,0,0,0,0,0,0,0,0,0,0,0,0,0,0,0,0,0,0,0,0,0
796,10078.6770684847,134028.4098842860,89433.1712789866,82285.2051150204,72908.1876497663,52060.1949751952,120349.8476991148,48679.9509745198,49894.1187039660,90522.4237343304,52486.9210093674,113259.5473422100,34370.7137404987,81959.5967709733,60243.8338276366,116813.6473398415,32656.4440213090,56958.4008932962,108947.2494459947,39897.1744915913,99701.5794623295,87205.3041778656,69887.7510938064,67725.2988940725,65690.8996658839,26850.0306905165,53280.6174244978,22327.4806991674,73609.5319263333,57695.1525868884,46835.5864880245,122375.6451049956,15679.0807252910,47734.5411950256,38720.3871164148,73934.4286436681,67257.0437330266,84924.3983689530,40139.3204306892,103046.6082896176,116268.4565445077,50082.7477273784,67991.1677557909,63211.7137349909,56540.5845255816,120109.5014998723,19427.9405332358,37566.5013116837,96031.6844629679,55994.2771849271,107672.6301772435,108431.1780980444,48804.3902282352,35879.2990010564,77029.3962187202,79219.7861982491,65769.3446050027,61284.1508279494,42654.8698007919,80810.5779879377,38609.7475851547,57675.6713783621,84395.6216953479,64.9049562666,25796.1991916377,56380.9418864911,93116.1640565691,65733.8496030340,46116.9836408492,15413.7577807289,37464.5628282844,112677.4895108863,31305.7078860988,72595.2350288158,29006.0312176247,49296.4166756057,125314.7911697910,27366.5972048817,66621.3114462709,13561.5383283308,98076.7524235329,43921.0880033647,75423.5584783981,47291.9897842410,41301.6277490720,41580.9883680350,107179.2863555428,48386.5357282212,45266.0535682695,66147.4687601843,49768.7444939486,68570.0383959194,54066.2655821268,63205.3300367636,57681.5478277957,116921.8938567736,62665.9669701380,56103.5095891739,111333.1893557921,59479.3829003231,67125.7866294518,86511.5018341625,127967.5302364646,55206.3959715308,46039.6016716715,77355.9603090637,46166.9636003296,8936.4835367221,85915.3931212157,71994.8478490921,39729.5355320946,20995.5754732715,44961.8478350735,63064.6664009122,112727.1033917121,59834.4673149450,73569.2849631283,72514.8634835756,49903.0433866558,96993.6740808651,50086.8884625874,80018.3401901646,22136.2676943217,91382.8783411665,107577.3802834226,83989.1291035130,99841.0452367639,103612.9369907705,13285.4419143657,78890.6292642450,46831.4710657452,110109.4666658445,89714.0987868704,59792.5738372703,21867.2737424427,81422.2506397486,28245.2031828730,72764.3749286603,31439.6910754197,54186.5130503937,70289.9117896017,70732.6859989597,65532.0134699917,64602.5504036503,35096.4667920358,67543.8958152470,110918.7380600642,102303.7721618568,90572.7509995973,33956.7075114668,102631.4177214071,55276.9987150699,71271.1956158968,40044.9176670170,51345.2780346188,43343.5740764876,55503.8347132065,65419.4285718753,58719.0633481930,64886.9369909901,62041.6529102196,104093.2183923629,26222.7754329681,44359.3297473681,78507.6341074650,50731.1001924267,63082.5254281943,30330.0378307491,36985.1682425417,47986.8936140949,62067.2931141764,79060.5056871734,37897.9055011308,70312.1963180278,42817.6358275169,61344.7662728343,76864.5431675778,11170.4412745737,25980.3132131879,77894.3008937350,33961.9686457431,52823.2381429055,44407.1573218476,43544.3066136663,65022.7046884564,42302.7214374883,75295.1736340200,45643.2382087725,34661.4236787997,2504.6567089087,50030.3591950773,51946.1424883876,29797.5240115733,67030.8945334062,49017.1920754254,20353.5994465358,81044.8216000268,43765.1880113170,52801.3259658442,58125.5113991155
797,0,0,0,0,0,0,0,0,0,0,0,0,0,0,0,0,0,0,0,0,0,0,0,0,0,0,0,0,0,0,0,0,0,0,0,0,0,0,0,0,0,0,0,0,0,0,0,0,0,0,0,0,0,0,0,0,0,0,0,0,0,0,0,0,0,0,0,0,0,0,0,0,0,0,0,0,0,0,0,0,0,0,0,0,0,0,0,0,0,0,0,0,0,0,0,0,0,0,0,0,0,0,0,0,0,0,0,0,0,0,0,0,0,0,0,0,0,0,0,0,0,0,0,0,0,0,0,0,0,0,0,0,0,0,0,0,0,0,0,0,0,0,0,0,0,0,0,0,0,0,0,0,0,0,0,0,0,0,0,0,0,0,0,0,0,0,0,0,0,0,0,0,0,0,0,0,0,0,0,0,0,0,0,0,0,0,0,0,0,0,0,0,0,0,0,0,0,0,0,0
798,0,0,0,0,0,0,0,0,0,0,0,0,0,0,0,0,0,0,0,0,0,0,0,0,0,0,0,0,0,0,0,0,0,0,0,0,0,0,0,0,0,0,0,0,0,0,0,0,0,0,0,0,0,0,0,0,0,0,0,0,0,0,0,0,0,0,0,0,0,0,0,0,0,0,0,0,0,0,0,0,0,0,0,0,0,0,0,0,0,0,0,0,0,0,0,0,0,0,0,0,0,0,0,0,0,0,0,0,0,0,0,0,0,0,0,0,0,0,0,0,0,0,0,0,0,0,0,0,0,0,0,0,0,0,0,0,0,0,0,0,0,0,0,0,0,0,0,0,0,0,0,0,0,0,0,0,0,0,0,0,0,0,0,0,0,0,0,0,0,0,0,0,0,0,0,0,0,0,0,0,0,0,0,0,0,0,0,0,0,0,0,0,0,0,0,0,0,0,0,0
799,0,0,0,0,0,0,0,0,0.0000000000,0,0,0,0,0,0,0,0,0,0,0,0,0,0,0,0,0,0,0,0,0,0,0,0,0,0,0,0,0,0,0,0,0,0,0,0,0,0,0,0,0,0,0,0,0,0,0,0,0,0,0,0,0,0,0,0,0,0,0,0,0,0,0,0,0,0,0,0,0,0,0,0,0,0,0,0,0,0,0,0,0,0,0,0,0,0,0,0,0,0,0,0,0,0,0,0,0,0,0,0,0,0,0,0,0,0,0,0,0,0,0,0,0,0,0,0,0,0,0,0,0,0,0,0,0,0,0,0,0,0,0,0,0,0,0,0,0,0,0,0,0,0,0,0,0,0,0,0,0,0,0,0,0,0,0,0,0,0,0,0,0,0,0,0,0,0,0,0,0,0,0,0,0,0,0,0,0,0,0,0,0,0,0,0,0,0,0,0,0,0,0
800,0,0,0,0,0,0,0,0,0,0,0,0,0,0,0,0,0,0,0,0,0,0,0,0,0,0,0,0,0,0,0,0,0,0,0,0,0,0,0,0,0,0,0,0,0,0,0,0,0,0,0,0,0,0,0,0,0,0,0,0,0,0,0,0,0,0,0,0,0,0,0,0,0,0,0,0,0,0,0,0,0,0,0,0,0,0,0,0,0,0,0,0,0,0,0,0,0,0,0,0,0,0,0,0,0,0,0,0,0,0,0,0,0,0,0,0,0,0,0,0,0,0,0,0,0,0,0,0,0,0,0,0,0,0,0,0,0,0,0,0,0,0,0,0,0,0,0,0,0,0,0,0,0,0,0,0,0,0,0,0,0,0,0,0,0,0,0,0,0,0,0,0,0,0,0,0,0,0,0,0,0,0,0,0,0,0,0,0,0,0,0,0,0,0,0,0,0,0,0,0
801,57842.4071322734,77774.4717190174,83471.3826456877,71236.5582355998,12999.8844669564,88459.4771506947,83054.2982934244,39262.2715690813,74989.6740984496,42361.7792599164,34640.9002396331,52888.6630926010,26207.7808905307,56727.5237086589,69455.2512511915,67958.0250790927,51587.6229474105,15125.3080904243,53010.4530603395,66536.3936538047,61286.2158323836,29233.9237921175,35442.8058918822,23790.1945621902,55953.7958400851,68427.6890762697,11384.8418002285,41848.7772672538,24069.7940906627,80669.1619599104,54964.8622347646,63943.7673378480,45927.6074568952,50020.6910058256,31253.6154925935,70985.9270463251,37441.9060201614,48298.2607673440,27462.7645182280,56793.2455144826,73377.8449995893,63555.2254425751,10550.7469989716,43241.2649926378,28372.8347884189,65724.3707390135,55119.4430460446,65106.3269502458,40855.7125660107,23299.5665587121,55999.8727909483,72967.2316511056,12209.1725672928,73843.1093490251,64314.5435361540,35650.2087608716,12948.2073462453,196.2137831489,20795.3960054154,20675.7043321742,42139.5983540224,58939.0688497581,31772.6497839284,60606.7359138653,35841.3004861442,48004.5568192603,50260.8472662538,79660.1837419904,76733.4510685813,63946.2306798708,56146.0076860725,53446.8287922885,31739.2914761105,49393.7332331019,43678.5673638650,22398.5375477709,68597.2872558758,59989.7015446073,25151.4241834696,48021.3954830736,46484.9496365128,84727.2086547671,19310.5498785666,26016.5945046452,20791.0755295886,58806.1202834620,65274.2164811364,70582.6044006007,31540.7457256208,63549.2921693467,63382.5008815158,75108.2858100633,83847.2705992584,28602.0358509041,8173.7854458749,59902.7229026451,41719.6731090900,72723.4535793132,65613.7798850687,16199.0906839541,16511.1955747346,55212.0980339829,73258.8093108517,35774.8698715084,39609.1875832396,41168.0256467668,47375.7587078677,53248.5668391850,43157.1193580413,55949.9089922904,49508.5582543132,39831.8321584285,66238.0996483907,35238.4922230921,58601.5604670525,34369.6506346337,13321.8574675862,42770.6274049305,18640.1485486007,49629.7525417499,15719.6213548268,48661.6816529331,47888.8102338960,39019.3224914298,49804.2802630382,35678.0359181999,57278.1060065906,49752.4578224948,53638.9411700397,70501.4194842899,14358.0994478519,61281.4892293775,33919.3312956054,7749.5442186690,62382.9249097146,25872.9310605873,32467.0103662822,30289.5128895007,66093.4205220698,10293.5768733581,20049.8349242233,62151.3230806494,50249.2371015150,68060.4185980398,27015.5732367384,6967.4167733172,71088.0747840120,46322.7763820287,54939.1781008313,57802.2568239759,53221.6577144964,63442.7401877596,14388.5105290341,72247.1907635304,76702.6795050212,63472.0441930666,29424.8671213949,7386.7182225714,53976.9806233329,30329.0290734534,11797.7097570617,67197.1012979734,50734.6513344180,21681.8121984549,71845.9611621414,28301.9284434169,4069.7015502525,36188.2899265451,25124.2925791595,82748.3412862031,22953.6967860117,30154.9856719774,50717.8850897468,71788.0155666078,25216.5530386115,79109.4455806600,17836.4234008271,59945.5338483078,36403.2449311140,51484.8049563496,40166.1883320998,43238.0111868186,71655.1259381567,31326.4993279516,17699.1772946531,80019.5153027123,36096.9824386927,44777.2459254498,45974.2861204248,57749.8829437537,30075.8085643656,57416.0731478166,31081.0551830048,41748.9933726203,89044.6244971443,40831.2222409154,40667.3937313236,58929.9644898416,50255.5623853397,44083.9007919193
802,57003.3619428074,77535.1864200452,80509.3365693876,73664.8413920981,15218.5542304429,85929.4994939266,81010.2332600436,36357.2255398994,75979.9820791214,40736.8114991333,36499.9622342600,53807.6737596621,25152.2014266507,53960.6700679514,66530.7983009338,66693.4850707181,52157.7087158115,12135.1279056608,52590.1682432454,63976.1946185838,59134.6262017866,29058.0805529223,32702.0276319204,26676.8790239429,52961.9614657312,68479.5427080368,12836.5113234737,41465.2989002680,22133.0306613784,77886.2948188111,52147.5754383340,64115.8254345529,44537.4715715773,51438.1513252388,31936.0205337278,67993.1948639786,40057.2124389561,45884.6815360965,25051.4399001057,55176.4989304599,71633.9436612088,64842.1213158557,9646.1203168545,40266.3150289202,25380.5708154131,65126.8992245529,54955.4436058054,65757.3731599205,40182.2401284759,25480.5446955118,54956.1579743945,70752.5463536639,10677.7092705055,71503.8286512951,61363.0168870216,33458.8382202793,15931.8101725335,4548.1200661153,21101.5066311232,21376.1017424945,43059.2914458661,55984.9497687143,30514.4643354430,59280.0624256650,34336.2439342264,45025.7086592905,48278.9123607661,76745.2226951422,74150.8237382532,63526.8231420212,53562.0018056354,53821.6582681843,31499.5448461084,46511.8031050441,43948.9818262263,19549.4770811448,68408.1239355367,60218.9578245488,22494.9482719268,47191.5934212330,45327.6432751352,82358.4220513884,18399.0908721015,27403.4031387065,18952.0583708592,59772.8785857228,63391.4936196821,67865.4035750385,28744.6995244435,60558.6800668545,60568.3477859261,72139.2986357940,81184.0166088063,31195.0199273698,2236.6033529740,59734.4977514844,44044.2940354131,69882.6809481400,64034.9654505536,18733.7877712160,14333.6131460518,52636.8182305013,72749.4943239881,32785.3278055129,41018.7971982255,38616.0013467198,44537.8532018490,52026.4944962687,41055.7974756801,52999.6427326514,50489.9894274479,38935.3949583988,67221.6431674897,32301.2161393050,57918.6651489038,36680.3178966415,14111.8216517375,39982.6804221527,20053.9438890306,48032.1198810665,13052.4999107999,46010.1606045176,47779.8708919468,37861.0596352634,49750.9001633561,33939.4182874521,55362.2151174292,48954.5552647861,53104.7198386220,67530.2955616214,14224.1744669082,59959.6431971254,33272.7877608187,10394.2984415632,62306.1057452326,25018.7561130919,31584.1248469433,27870.5093542388,66423.8465453896,11146.8144717472,23041.0636508570,59164.3362078293,47268.4067504337,65088.9670899360,25289.7872491201,8626.3631915368,69114.0422805289,45857.7418996754,52560.7719688708,58394.8942159154,51881.8598906023,60540.7862809458,17226.1414882352,69758.0635708794,73996.7858313112,60793.8168787112,31529.9415647451,10306.1354774655,50997.6196745568,27486.2866541454,9169.2503552114,65013.0926411133,50930.2342726325,19224.9072773535,74127.3148711512,25362.7210936825,3474.6290380716,36256.5699952466,24898.2948576424,80218.5089614624,25581.0294473797,28345.0787610387,48100.2879583137,68799.6290347253,26039.8688737566,76248.2332509228,17877.5440591658,59362.1180794769,35919.6333706495,48700.9967192825,40725.4118696375,40279.0438213395,69042.9101742781,32481.6243675978,20584.2258640158,77599.8289231920,33608.9434912112,46135.1495560201,46657.8215211811,56654.2761335377,31767.7223567682,54524.3306637422,29752.3593806351,38835.6256723874,86616.0905225415,39469.0537831506,38349.5379079892,56204.1123695991,47318.1890048280,41091.6228723343
803,57993.5197995712,75143.1062279475,74182.7911303436,79950.2133468240,19395.6711237399,82217.3255625024,75309.4692541342,31265.6399502693,80364.8162137081,35888.9197109530,42269.1693361422,54081.7996328679,26292.6013751117,47488.4103002331,61198.8075134788,62344.6752404732,55953.2862663584,12026.1485890928,49995.3413472268,60233.8432240900,53312.2699179319,27428.7710375910,26245.0423306424,33128.5855352746,46864.6231260587,71228.2281502261,18541.9296367659,43605.4268975717,17000.3597325516,73234.7713295575,47425.1294256028,62663.3804165876,44381.1107310901,56566.5713650643,36145.7716602161,61912.7115887462,46487.7454460698,39730.4795069848,22385.0289594818,50243.0576912128,66423.7493794052,69727.5375705528,8549.6267455016,34009.8855291668,19359.7489919456,62074.3876630045,57376.5845016585,69611.6443533774,37224.1732209370,31633.1853241818,51091.5925059621,64821.2107137512,12130.7545542832,68470.3780999247,55006.7836270954,27678.0752071287,22226.6908436611,10671.2345378567,25009.1020041716,22014.6224139153,47502.0637081198,50474.2053137863,26545.5233092184,59114.7227553387,34086.7863420876,39318.3786629857,42754.1370617657,71452.4796980465,70288.0932237594,65365.6919691592,49790.6979758798,52895.7225324709,34117.4766223709,40052.6405932358,47296.5445647887,15129.7799282484,66167.6852155774,63350.7882893265,16120.1371924715,48308.1597658339,41326.0765324643,79190.0862662416,15748.1017587800,32684.5784013485,18487.1746505827,64181.0016197354,57974.9381950282,63513.7383342651,24353.0728343609,54648.8413895800,55825.8814368890,66480.8899278591,77004.3394744129,37620.7058916398,3616.7067396792,57598.0898226770,50265.5149596497,64988.5326482781,59130.2777059574,25151.8007643552,18080.7599502151,46293.5560441493,69832.1310998298,26963.3115764882,46195.2116204165,32312.2539123562,39757.7489736764,52183.6470185434,35372.6388251895,46641.4237053201,54972.9107693483,40033.6223461855,71625.0865640287,25916.9586542350,54743.7124168740,42903.4481771878,15614.0801719747,33506.1749513056,25498.9318074487,43174.7634095029,10209.1715094556,39605.0513808657,50378.6603293628,33952.9055696649,47953.7765299633,28956.4927160634,49917.0496718306,45628.0557892120,54790.3669710810,61241.9966833965,17858.7895586938,55536.5595706418,30510.8898661174,16867.3452921698,64842.4946304516,22086.5934622768,32882.1293628809,21775.1888478325,69705.4966794674,12103.7756104185,29260.6301504537,52986.8701823510,41044.3652439517,59417.2794809563,24760.6262727051,12580.0452173984,63538.8892342658,43247.4138254061,46438.9391056786,62187.4797304736,47474.0262784386,55354.8145019332,22721.1265632297,66238.7877101850,69671.4027007930,56624.4489961853,37583.0182910210,16200.6995213274,45269.4762225376,21008.3261373523,694.0935047037,59132.9258040632,54071.0701262743,16690.2641176296,80276.1328175058,20158.8127290106,10974.3572102566,39349.2726611807,27744.1845016182,76522.6445770804,32027.0676280555,23315.0443456175,44242.3033487469,62924.4711768570,30579.2418645789,71241.6337163857,17386.4602652428,60887.8533454280,37956.2259785157,42224.7227902198,44610.0899118485,34781.2995742419,65090.5696678211,37385.9187214468,27036.0252327330,74282.8608952716,27392.2814654639,51207.0207591046,50689.0867224468,57063.4873057790,37374.4067350914,49413.8608034144,30074.9102842365,32408.0675396790,83242.0588688493,39466.8906342246,32346.8984694310,51864.3978196095,41954.3718150393,35167.1844758931
804,21790.1794782565,111196.8694916594,78748.5857395245,75918.5988076534,50583.8536671272,58615.3453126289,101223.2595715362,31459.8108453798,56260.9082685882,68448.2463863155,39080.2896711747,90308.4404535324,12000.3191533486,64468.4027924280,53259.2332155424,95065.4891539043,31789.9614338799,34070.2885885249,86066.2623736029,39211.7619438212,79756.9741127145,64128.3853107775,49215.6221171194,48851.5841185577,51559.2138782432,39359.2247854685,32022.9265668018,13801.3866099888,50921.8685530330,57247.1251217994,37073.8052037069,99317.9742993880,11529.5702251478,42181.0326675914,23948.0638655666,63242.2967119071,52497.8397602943,64782.0208523209,18357.6676248660,81564.6596216367,95731.6685971268,50603.1214083871,44930.6086739677,45372.3477711924,35546.5487338387,97474.6032439296,25533.2249167670,43393.4350667205,73155.2617939963,38193.0994622078,85339.1136940308,89462.8638155681,25905.8190528479,41946.4687256698,63038.3244385364,57495.4685740352,44667.7868684815,38738.6289047670,22550.3592507293,57860.9170375066,30552.8254764729,46763.1504017064,61644.1894574692,22702.4658025468,1966.2945480898,41325.4754576026,72027.0953589397,61545.3254058947,48724.4561220919,30745.6730319218,31260.8730452475,89597.5133420693,14191.5083696452,54909.3241480276,22994.3772150377,27110.1402647931,102405.7121220253,34012.9046582979,44507.4664025771,12859.8311164320,75640.3331989822,52592.2974882354,52360.0399548481,30554.9685626449,18221.7126453260,42391.8495984798,86666.9538946451,46431.2732453274,25353.4774451895,54785.9534777267,43411.2543028838,61292.7365280418,56977.3076630561,46315.9315807948,34636.9008628742,93961.1231950019,50305.3397736932,52203.9445633329,90109.8813832222,39554.8097829878,44179.1384677475,67699.2665530331,105325.3706033624,36182.6736069336,35658.5614625989,56879.6954437344,32820.4668773743,15503.3610888170,64598.0982268926,56421.6916422773,35804.7905763803,12812.5786996037,48643.2469096512,43111.8356826299,90083.7275221752,45322.4040560512,50679.9089659196,53110.4368083317,30477.8366384187,75189.6040823230,27088.5638299971,60798.6067165895,20738.0305769643,68758.4566492351,84538.9013107530,61732.5437201879,79004.6870583898,80937.2515298114,20441.4731863198,66579.9245040587,24908.9111223240,88277.9035713030,66746.1651759297,38138.7810172185,32641.2740667388,58415.5465070629,7669.0894067166,50892.5594552715,40368.2124484127,31783.2790653984,50113.8633074442,57600.5652514487,49468.3380812195,55569.1655833044,12081.2726748837,44866.0868488292,90961.7299946494,79388.2374996232,70919.1762485569,36708.8205950987,80589.7710510352,47118.6621256622,49667.7208818627,42875.4945132667,51521.0215206826,39384.1473912555,39789.9963427497,43345.0867417870,45479.5045893863,43726.1086481616,38990.9732472413,84642.5761962016,26443.3530884250,21666.4798047613,73560.8511127731,29879.2761293996,40124.3454300949,17664.8177786546,16956.3095783289,53252.8844050632,43683.0236236208,56595.0650125168,28201.4256286652,61052.6708995438,25210.0698256265,58593.4929735176,53816.3155317512,25660.9297952315,11013.4840405839,59782.5787550960,24991.3432173691,36585.6020306715,44798.7923653191,29180.7157688801,45009.0834574678,48880.7739708558,54109.1425176051,37909.8162893449,29612.4493873795,20362.7701693858,34972.5813761714,41947.3239553236,6839.5582231881,48195.2835354844,57547.5214292736,1163.7528659388,59954.1396615479,37066.4941879584,39377.6738875724,41359.1236203926
805,11354.3170291970,122543.2791886701,83151.2826163740,78657.3654117421,61758.9398716732,53884.6406944714,110396.0953670078,39092.6921543801,52246.0143258286,79305.9836090586,45090.0104169484,101807.6009533648,23082.6881399361,72592.5673710551,55337.8251465980,105745.6503148436,30441.2444699731,45440.6216435157,97442.8925280909,37482.2402986420,89359.2785571215,75654.3692497333,59170.2819698834,58104.2448214267,57629.9737785531,31947.2788584516,42542.2686743142,14848.1178581928,62160.1172101903,55948.1315585878,40310.4490889832,110823.7474009729,4620.1375229987,43880.2473314601,30312.6790157232,67506.8758366759,59481.6883151448,74464.8088223656,28885.6801313290,92075.2055087269,105703.2797212671,49355.9974924416,56467.5339730502,53570.5835642612,45645.4251271161,108693.8854771632,19870.8866350076,39251.7085299830,84527.1877783342,46733.2598040603,96367.4879239984,98523.0688088798,37364.0793427079,36948.6036961587,69146.8139389000,68123.1567786209,55155.3005059060,50018.4684625238,32266.1967085934,69356.0201694364,33172.7942233108,50907.5778295077,72929.5425313969,14969.4038109100,14258.7574880633,47795.6654410747,82290.5604058119,62271.5389902698,45663.9406085487,21659.6008421077,32175.1310833705,101133.8294696821,21603.7550215059,63090.4545219197,23828.0152533832,37972.4923515368,113802.6603850992,28968.7621060049,55361.4886489045,13582.5546509947,86728.3110545043,46733.8963215783,63871.0884410211,38336.6083387509,29754.3483807875,40724.2217402318,96612.2339896484,45641.2203672076,34648.6898122361,59317.6065547165,44909.7427081100,63664.7854634785,53979.7440155758,54425.9942280953,46168.3495603054,105393.0915349564,55931.3448388654,52597.0679078276,100475.7276153823,49342.7559091027,55595.8112107170,76607.0437006416,116550.6820703551,45024.8038480480,39836.9678040816,66740.0060806251,38068.0533445173,1340.0681739389,74987.1183070836,63378.1830053687,36360.3787001777,10573.2692158045,45744.0147407984,52591.1848835753,101306.7595968364,52074.8360694546,62145.6992197429,62307.2918222386,39884.3917638367,85887.8369982917,38541.8543221035,69919.3397995749,18430.7990079731,79963.0840889631,96028.3181623843,72698.6035154383,89128.6744149994,92178.6555330115,13131.8521490843,71776.4856489142,35788.2584526264,99003.2896343542,78181.4173302983,48916.3013443003,25580.1458285657,69879.0873810044,17304.0489219937,61602.0533021448,34616.2407326231,42971.8884038023,60104.2087070497,63168.7498543018,56644.8609572830,58813.6676825804,23545.5650965844,56222.6561804720,100591.8205221804,90787.6922049486,80330.0641446739,33774.2606635535,91436.8151565621,49715.5140425708,60449.5983421875,39497.8390187622,49769.0835912587,39422.3826152731,47141.9149830409,54373.1607626700,50944.3906426709,53967.2137256194,50489.8499769161,93968.9720506522,24022.8061341596,32880.2956690085,75537.1188271640,39849.4082919149,51619.5946175874,22252.1596432193,26512.0025557344,49015.7931427740,52618.1325978660,67690.5731479488,31027.5926036917,64501.2495634590,33401.2129635616,58513.3254655587,65350.1171851023,16328.4246218935,16513.1864054179,68244.1739316936,27810.3974495793,43695.0766078895,42731.9867366053,35489.3947305234,54882.5180956543,43894.3647525683,64396.3824136397,40665.5030702192,30441.0984544635,8891.3947666980,41850.9959477967,45461.1692772004,18304.8562026080,57019.7324286259,51868.1870742292,10998.5923520110,70196.2646473924,38539.4534973453,44835.9042190449,48862.7281082720
806,0,0,0,0,0,0,0,0,0,0,0,0,0,0,0,0,0,0,0,0,0,0,0,0,0,0,0,0,0,0,0,0,0,0,0,0,0,0,0,0,0,0,0,0,0,0,0,0,0,0,0,0,0,0,0,0,0,0,0,0,0,0,0,0,0,0,0,0,0,0,0,0,0,0,0,0,0,0,0,0,0,0,0,0,0,0,0,0,0,0,0,0,0,0,0,0,0,0,0,0,0,0,0,0,0,0,0,0,0,0,0,0,0,0,0,0,0,0,0,0,0,0,0,0,0,0,0,0,0,0,0,0,0,0,0,0,0,0,0,0,0,0,0,0,0,0,0,0,0,0,0,0,0,0,0,0,0,0,0,0,0,0,0,0,0,0,0,0,0,0,0,0,0,0,0,0,0,0,0,0,0,0,0,0,0,0,0,0,0,0,0,0,0,0,0,0,0,0,0,0
807,0,0,0,0,0,0,0,0,0,0,0,0,0,0,0,0,0,0,0,0,0,0,0,0,0,0,0,0,0,0,0,0,0,0,0,0,0,0,0,0,0,0,0,0,0,0,0,0,0,0,0,0,0,0,0,0,0,0,0,0,0,0,0,0,0,0,0,0,0,0,0,0,0,0,0,0,0,0,0,0,0,0,0,0,0,0,0,0,0,0,0,0,0,0,0,0,0,0,0,0,0,0,0,0,0,0,0,0,0,0,0,0,0,0,0,0,0,0,0,0,0,0,0,0,0,0,0,0,0,0,0,0,0,0,0,0,0,0,0,0,0,0,0,0,0,0,0,0,0,0,0,0,0,0,0,0,0,0,0,0,0,0,0,0,0,0,0,0,0,0,0,0,0,0,0,0,0,0,0,0,0,0,0,0,0,0,0,0,0,0,0,0,0,0,0,0,0,0,0,0
808,0,0,0,0,0,0,0,0,0,0,0,0,0,0,0,0,0,0,0,0,0,0,0,0,0,0,0,0,0,0,0,0,0,0,0,0,0,0,0,0,0,0,0,0,0,0,0,0,0,0,0,0,0,0,0,0,0,0,0,0,0,0,0,0,0,0,0,0,0,0,0,0,0,0,0,0,0,0,0,0,0,0,0,0,0,0,0,0,0,0,0,0,0,0,0,0,0,0,0,0,0,0,0,0,0,0,0,0,0,0,0,0,0,0,0,0,0,0,0,0,0,0,0,0,0,0,0,0,0,0,0,0,0,0,0,0,0,0,0,0,0,0,0,0,0,0,0,0,0,0,0,0,0,0,0,0,0,0,0,0,0,0,0,0,0,0,0,0,0,0,0,0,0,0,0,0,0,0,0,0,0,0,0,0,0,0,0,0,0,0,0,0,0,0,0,0,0,0,0,0
809,0,0,0,0,0,0,0,0,0,0,0,0,0,0,0,0,0,0,0,0,0,0,0,0,0,0,0,0,0,0,0,0,0,0,0,0,0,0,0,0,0,0,0,0,0,0,0,0,0,0,0,0,0,0,0,0,0,0,0,0,0,0,0,0,0,0,0,0,0,0,0,0,0,0,0,0,0,0,0,0,0,0,0,0,0,0,0,0,0,0,0,0,0,0,0,0,0,0,0,0,0,0,0,0,0,0,0,0,0,0,0,0,0,0,0,0,0,0,0,0,0,0,0,0,0,0,0,0,0,0,0,0,0,0,0,0,0,0,0,0,0,0,0,0,0,0,0,0,0,0,0,0,0,0,0,0,0,0,0,0,0,0,0,0,0,0,0,0,0,0,0,0,0,0,0,0,0,0,0,0,0,0,0,0,0,0,0,0,0,0,0,0,0,0,0,0,0,0,0,0
810,0,0,0,0,0,0,0,0,0,0,0,0,0,0,0,0,0,0,0,0,0,0,0,0,0,0,0,0,0,0,0,0,0,0,0,0,0,0,0,0,0,0,0,0,0,0,0,0,0,0,0,0,0,0,0,0,0,0,0,0,0,0,0,0,0,0,0,0,0,0,0,0,0,0,0,0,0,0,0,0,0,0,0,0,0,0,0,0,0,0,0,0,0,0,0,0,0,0,0,0,0,0,0,0,0,0,0,0,0,0,0,0,0,0,0,0,0,0,0,0,0,0,0,0,0,0,0,0,0,0,0,0,0,0,0,0,0,0,0,0,0,0,0,0,0,0,0,0,0,0,0,0,0,0,0,0,0,0,0,0,0,0,0,0,0,0,0,0,0,0,0,0,0,0,0,0,0,0,0,0,0,0,0,0,0,0,0,0,0,0,0,0,0,0,0,0,0,0,0,0
811,0,0,0,0,0,0,0,0,0,0,0,0,0,0,0,0,0,0,0,0,0,0,0,0,0,0,0,0,0,0,0,0,0,0,0,0,0,0,0,0,0,0,0,0,0,0,0,0,0,0,0,0,0,0,0,0,0,0,0,0,0,0,0,0,0,0,0,0,0,0,0,0,0,0,0,0,0,0,0,0,0,0,0,0,0,0,0,0,0,0,0,0,0,0,0,0,0,0,0,0,0,0,0,0,0,0,0,0,0,0,0,0,0,0,0,0,0,0,0,0,0,0,0,0,0,0,0,0,0,0,0,0,0,0,0,0,0,0,0,0,0,0,0,0,0,0,0,0,0,0,0,0,0,0,0,0,0,0,0,0,0,0,0,0,0,0,0,0,0,0,0,0,0,0,0,0,0,0,0,0,0,0,0,0,0,0,0,0,0,0,0,0,0,0,0,0,0,0,0,0
812,61220.9975371094,77864.4327231901,90341.3588615834,66308.3393291012,8690.9423855417,94994.4416865172,87449.9332835787,46346.7107814657,74004.2028571224,46032.3648861971,31818.0965020967,50424.2794771668,30518.6101517190,63022.0751011354,76551.2669436323,70545.8277453230,51857.8357230768,22168.2515866883,53743.0653397889,73141.3787533717,66028.0446278701,29932.6345916640,41741.3999350345,17519.8934104539,62985.6382398594,69755.5852336490,11757.5404844892,44450.7562338413,28791.5913853603,87600.2555406711,61950.9608777136,63155.6615930683,50523.2492704090,48153.8146424340,31695.7314342569,78027.1099321540,32115.5088786294,53738.6559424735,33963.1827252408,60293.8685889331,77079.9857129090,61890.6852619014,14430.5746403293,50182.4883574793,35417.9483021892,66748.1652154340,57057.6869345102,65036.1394434308,42372.8701425500,19880.3981514905,58163.7409466120,77815.3776816119,17936.1075833177,80067.7943524287,71151.5307108636,40686.4320906554,11295.8347144606,6216.6903524985,22649.4910449696,19787.4294987972,41700.3641243752,66052.6204049603,34826.9344013167,64965.8730789114,40769.1653500945,55115.9329603272,54669.9434593849,86747.7616554759,83364.2318786394,66372.4480923985,62801.9875664430,52284.7109804929,34263.1706690728,56021.8847474977,44783.9913701182,29446.6364097306,68629.9218310263,60975.8529354368,31337.1298129069,51476.3235525914,49025.7494823135,90988.7862299766,22181.4978761673,24867.9194467949,26563.0068770470,58009.4534638101,69349.8392292707,77424.8772770203,38521.9339540908,70638.5867857014,70361.0384773168,82223.7398636273,90600.7720846338,23504.6635103067,14098.3999983534,59961.6625470755,37325.3290036640,79732.2336850208,68962.7629127542,11953.7640298215,21974.1128509458,61016.3595537704,74018.7828197094,42869.4766084037,37941.3920827010,46981.0536866053,54390.0754348215,57449.9379970685,47906.1058282951,62787.4968508413,48787.6165662000,43533.9543503098,65331.6736194183,42056.6440254453,59890.8737639582,30141.8034173815,13170.3111742395,49157.4448958103,17950.3779856904,53150.9191445193,22624.6134094798,54680.8066612168,49793.0822610632,41684.2880268376,49712.4452579805,39708.0118073852,61480.3090550384,51413.6550457419,56407.5825709894,77413.3020288154,17708.1618589369,64052.4178484805,35540.1642684206,3669.8783438830,64054.1100583862,28246.6821212980,36283.5777445636,35897.0778019302,66787.1191382095,10938.4159254622,13096.8248690234,69144.8026851294,57213.1084076293,75175.4101663465,32470.7195922320,6882.8397350816,75355.8066786687,47255.8103755978,60260.1139850852,57943.6660306524,56106.2278662770,70520.0046801875,9990.6175970315,78729.5446768988,83524.8786122050,70262.1110915991,25996.9980661341,8.4353063443,61087.9725445774,36903.9350190472,18206.3679348707,71991.2406616265,51904.6478100344,28293.9924426522,67361.5086419634,35411.0479847218,10525.1115793507,37915.9141466101,27863.1884523322,89287.6420448509,17886.5827461086,34451.0526332071,57432.9577223024,78884.9182738587,25580.5456716620,86141.3522887509,18788.7042313881,62761.8698545794,39323.0915763652,57836.5497068286,40657.4177240643,50353.0365055623,78337.3127022584,30571.4939262139,11588.5670446226,86375.1173564432,41797.8134881842,43149.3925154215,46052.1497559435,61660.8641053979,27885.1251323321,64484.5258279184,35768.0722345253,48482.7860777599,95406.0346587549,45428.6441024478,45937.4248324110,65792.5189987566,57361.5838933656,51164.6352069240
813,0,0,0,0,0,0,0,0,0,0,0,0,0,0,0,0,0,0,0,0,0,0,0,0,0,0,0,0,0,0,0,0,0,0,0,0,0,0,0,0,0,0,0,0,0,0,0,0,0,0,0,0,0,0,0,0,0,0,0,0,0,0,0,0,0,0,0,0,0,0,0,0,0,0,0,0,0,0,0,0,0,0,0,0,0,0,0,0,0,0,0,0,0,0,0,0,0,0,0,0,0,0,0,0,0,0,0,0,0,0,0,0,0,0,0,0,0,0,0,0,0,0,0,0,0,0,0,0,0,0,0,0,0,0,0,0,0,0,0,0,0,0,0,0,0,0,0,0,0,0,0,0,0,0,0,0,0,0,0,0,0,0,0,0,0,0,0,0,0,0,0,0,0,0,0,0,0,0,0,0,0,0,0,0,0,0,0,0,0,0,0,0,0,0,0,0,0,0,0,0
814,0,0,0,0,0,0,0,0,0,0,0,0,0,0,0,0,0,0,0,0,0,0,0,0,0,0,0,0,0,0,0,0,0,0,0,0,0,0,0,0,0,0,0,0,0,0,0,0,0,0,0,0,0,0,0,0,0,0,0,0,0,0,0,0,0,0,0,0,0,0,0,0,0,0,0,0,0,0,0,0,0,0,0,0,0,0,0,0,0,0,0,0,0,0,0,0,0,0,0,0,0,0,0,0,0,0,0,0,0,0,0,0,0,0,0,0,0,0,0,0,0,0,0,0,0,0,0,0,0,0,0,0,0,0,0,0,0,0,0,0,0,0,0,0,0,0,0,0,0,0,0,0,0,0,0,0,0,0,0,0,0,0,0,0,0,0,0,0,0,0,0,0,0,0,0,0,0,0,0,0,0,0,0,0,0,0,0,0,0,0,0,0,0,0,0,0,0,0,0,0
815,0,0,0,0,0,0,0,0,0,0,0,0,0,0,0,0,0,0,0,0,0,0,0,0,0,0,0,0,0,0,0,0,0,0,0,0,0,0,0,0,0,0,0,0,0,0,0,0,0,0,0,0,0,0,0,0,0,0,0,0,0,0,0,0,0,0,0,0,0,0,0,0,0,0,0,0,0,0,0,0,0,0,0,0,0,0,0,0,0,0,0,0,0,0,0,0,0,0,0,0,0,0,0,0,0,0,0,0,0,0,0,0,0,0,0,0,0,0,0,0,0,0,0,0,0,0,0,0,0,0,0,0,0,0,0,0,0,0,0,0,0,0,0,0,0,0,0,0,0,0,0,0,0,0,0,0,0,0,0,0,0,0,0,0,0,0,0,0,0,0,0,0,0,0,0,0,0,0,0,0,0,0,0,0,0,0,0,0,0,0,0,0,0,0,0,0,0,0,0,0
816,25485.6524317453,107533.0617177746,81072.1745498055,71529.7423542525,45210.9438499748,64197.2041808018,100255.6139811937,32591.9730167642,55158.5258616611,65778.1771773761,33840.7925370734,85489.6236780933,7580.3799049547,64581.0520575641,56900.1804649321,92540.1838520013,30027.6107948245,30683.9141689453,82368.6334251948,44296.0401918177,78489.5271213196,59894.4899502897,47847.6850406811,42915.9814579768,53232.7930041843,40522.1517104277,26231.3362229494,12946.3175683606,47690.7974988223,62027.7378865399,40516.4003751803,95156.3552379555,13699.2062701221,38595.7383351442,18897.7328236684,65767.3446932865,46885.9247163125,63535.5015895927,17293.5002440820,79302.9853947056,94024.2312451792,48207.3320345650,40452.7721301282,45688.5570278761,34265.8407882277,94104.1386691374,26395.5966600070,42626.9293374789,69502.2505779693,32327.1386735559,82336.4836781793,88641.9766991602,21075.2767995737,47646.6395644516,64539.8086795837,55223.4879326955,38883.0673922284,33494.9147992702,16613.9839420915,53056.1490257971,26907.7954235977,49572.8591856933,58244.9323063695,28000.8398348641,6626.0173739502,42949.9131075278,70108.1648951468,65623.3626549208,54025.2653055813,33202.6996698470,35747.4796625676,85203.0150639871,9267.4946497266,55086.6016507611,20730.1304460250,24997.1687030862,98625.6234997425,34053.2980913291,42038.0500799654,15789.2414739737,72569.7499759716,58364.6925232679,48271.4110425731,24884.3987015238,14377.0061739118,40389.0902760741,85022.2932244852,51166.2605415360,25339.9210696590,57274.0653742718,47424.7848819498,64721.1225181781,62208.7852911565,40494.5099338308,30129.7106248997,90092.0571480685,45083.1464981149,56492.5390461072,87989.1990717869,33631.4650795562,40536.2262633660,67146.1025454324,101928.9203501848,36173.3854772360,31161.4347194631,55523.1166894031,35410.3719254012,20525.2653272703,62577.9970775292,57461.8683707367,32930.7088685796,15095.8852217567,47105.0671237917,42339.3222587942,86721.6794425569,39805.2518613062,45785.7097991999,52451.4523227157,24544.2609827854,72712.8110754256,23534.0208245949,60121.0684856366,20367.6600632507,65498.5153034038,80476.0196940221,58932.2856260891,77204.9558714870,77561.6951796287,22595.5598350653,68575.6955756806,19278.6484715950,85713.2579355940,62927.9394885188,32468.0439885338,33840.6022265360,54526.7904249622,432.1180815250,48567.3509091208,40558.1265881790,26428.7652418721,44220.5867058438,59485.3057375883,50463.1530112810,58675.2180691492,9310.2533316720,39735.6286327096,89613.9151985783,75643.5957389686,69889.2671918431,35532.8448368210,77881.7346554413,50631.4976284334,44009.5577435321,48290.7682790334,56476.3626323100,43969.3707368968,34153.3825637342,37839.2565364352,47614.9835732907,42108.4088610346,35053.8939243501,83608.4575501281,25564.7921092210,19047.0515434453,69480.0846447163,28924.3554789882,35359.9106466540,13950.8326956835,11044.1040290588,58767.4471500307,37764.6534917026,53606.0813127459,32100.5347732641,64000.4116428940,19494.0226423338,62980.0956550139,49259.8017482800,28489.6143214755,8127.5353468872,59677.7721296940,21546.4026441361,37915.4765596164,49900.2028916030,24000.2200445414,39097.5210450073,54544.3776524066,52301.4707319490,33961.1599131490,26877.4962464147,24990.0425784869,29507.5100842630,45151.5130452503,1759.4316396651,47941.8529477343,63282.6290764121,10907.4151936896,58145.0354646817,41214.4368013029,41654.0097940759,42285.3757697240
817,0,0,0,0,0,0,0,0,0,0,0,0,0,0,0,0,0,0,0,0,0,0,0,0,0,0,0,0,0,0,0,0,0,0,0,0,0,0,0,0,0,0,0,0,0,0,0,0,0,0,0,0,0,0,0,0,0,0,0,0,0,0,0,0,0,0,0,0,0,0,0,0,0,0,0,0,0,0,0,0,0,0,0,0,0,0,0,0,0,0,0,0,0,0,0,0,0,0,0,0,0,0,0,0,0,0,0,0,0,0,0,0,0,0,0,0,0,0,0,0,0,0,0,0,0,0,0,0,0,0,0,0,0,0,0,0,0,0,0,0,0,0,0,0,0,0,0,0,0,0,0,0,0,0,0,0,0,0,0,0,0,0,0,0,0,0,0,0,0,0,0,0,0,0,0,0,0,0,0,0,0,0,0,0,0,0,0,0,0,0,0,0,0,0,0,0,0,0,0,0
818,0,0,0,0,0,0,0,0,0,0,0,0,0,0,0,0,0,0,0,0,0,0,0,0,0,0,0,0,0,0,0,0,0,0,0,0,0,0,0,0,0,0,0,0,0,0,0,0,0,0,0,0,0,0,0,0,0,0,0,0,0,0,0,0,0,0,0,0,0,0,0,0,0,0,0,0,0,0,0,0,0,0,0,0,0,0,0,0,0,0,0,0,0,0,0,0,0,0,0,0,0,0,0,0,0,0,0,0,0,0,0,0,0,0,0,0,0,0,0,0,0,0,0,0,0,0,0,0,0,0,0,0,0,0,0,0,0,0,0,0,0,0,0,0,0,0,0,0,0,0,0,0,0,0,0,0,0,0,0,0,0,0,0,0,0,0,0,0,0,0,0,0,0,0,0,0,0,0,0,0,0,0,0,0,0,0,0,0,0,0,0,0,0,0,0,0,0,0,0,0
819,0,0,0,0,0,0,0,0,0,0,0,0,0,0,0,0,0,0,0,0,0,0,0,0,0,0,0,0,0,0,0,0,0,0,0,0,0,0,0,0,0,0,0,0,0,0,0,0,0,0,0,0,0,0,0,0,0,0,0,0,0,0,0,0,0,0,0,0,0,0,0,0,0,0,0,0,0,0,0,0,0,0,0,0,0,0,0,0,0,0,0,0,0,0,0,0,0,0,0,0,0,0,0,0,0,0,0,0,0,0,0,0,0,0,0,0,0,0,0,0,0,0,0,0,0,0,0,0,0,0,0,0,0,0,0,0,0,0,0,0,0,0,0,0,0,0,0,0,0,0,0,0,0,0,0,0,0,0,0,0,0,0,0,0,0,0,0,0,0,0,0,0,0,0,0,0,0,0,0,0,0,0,0,0,0,0,0,0,0,0,0,0,0,0,0,0,0,0,0,0
820,0,0,0,0,0,0,0,0,0,0,0,0,0,0,0,0,0,0,0,0,0,0,0,0,0,0,0,0,0,0,0,0,0,0,0,0,0,0,0,0,0,0,0,0,0,0,0,0,0,0,0,0,0,0,0,0,0,0,0,0,0,0,0,0,0,0,0,0,0,0,0,0,0,0,0,0,0,0,0,0,0,0,0,0,0,0,0,0,0,0,0,0,0,0,0,0,0,0,0,0,0,0,0,0,0,0,0,0,0,0,0,0,0,0,0,0,0,0,0,0,0,0,0,0,0,0,0,0,0,0,0,0,0,0,0,0,0,0,0,0,0,0,0,0,0,0,0,0,0,0,0,0,0,0,0,0,0,0,0,0,0,0,0,0,0,0,0,0,0,0,0,0,0,0,0,0,0,0,0,0,0,0,0,0,0,0,0,0,0,0,0,0,0,0,0,0,0,0,0,0
821,0,0,0,0,0,0,0,0,0,0,0,0,0,0,0,0,0,0,0,0,0,0,0,0,0,0,0,0,0,0,0,0,0,0,0,0,0,0,0,0,0,0,0,0,0,0,0,0,0,0,0,0,0,0,0,0,0,0,0,0,0,0,0,0,0,0,0,0,0,0,0,0,0,0,0,0,0,0,0,0,0,0,0,0,0,0,0,0,0,0,0,0,0,0,0,0,0,0,0,0,0,0,0,0,0,0,0,0,0,0,0,0,0,0,0,0,0,0,0,0,0,0,0,0,0,0,0,0,0,0,0,0,0,0,0,0,0,0,0,0,0,0,0,0,0,0,0,0,0,0,0,0,0,0,0,0,0,0,0,0,0,0,0,0,0,0,0,0,0,0,0,0,0,0,0,0,0,0,0,0,0,0,0,0,0,0,0,0,0,0,0,0,0,0,0,0,0,0,0,0
822,17011.3379497455,130392.1517560710,104327.1467612803,58947.9879209127,62982.5687847733,74716.8201675741,126222.5314670516,57559.7192177668,30413.9857967482,90732.2744191863,32832.7556785507,104736.4662851038,30450.2802142260,90333.3459040531,77346.1503700139,117508.3203664444,9316.4423038317,55335.1992589448,105387.6343047527,59683.1505469188,104403.5089561240,81908.4972944854,73779.3679656503,51822.1922295883,77588.0147002622,15618.8930849575,42611.6630962104,13040.2353808070,72122.3054473092,78119.5661315492,61837.7340021130,116756.8397530708,25240.1506837477,24648.3303818592,23005.8470783749,88716.5931565138,47431.9242116862,89471.2113934045,43244.5009115919,104611.7412317325,119720.8377507457,27325.5653801434,62450.2952678207,71302.1904506174,60238.3585973350,117720.2000515265,5411.1151892816,17413.0786648883,92794.2146533070,39942.8221557045,106702.4530607878,114624.9012600030,43571.2041572584,58038.8284467424,89094.4573131592,80655.9621314483,53425.5318427875,53013.2780208164,32058.2675887819,73322.2687420532,17414.2470618101,72104.8328639438,82215.2176170794,27343.1517157679,29076.1687984494,67390.6376778247,95729.0499368942,84520.9168709756,67468.0525296582,14125.4224102267,54283.5818387000,106172.3624471955,21584.1135421388,80794.1309496248,9744.1224221669,50815.3324517056,121270.2000014662,8068.8953703855,67428.2319993878,15658.2686326963,96911.7941337957,66895.1459435034,71014.9653183461,31406.7554405906,39376.5661903042,18677.9088777173,110771.1210723878,67899.1994808374,51045.7610280868,80348.0749641175,66999.6691876879,85626.0461722090,75708.7004352936,45475.1471765930,52665.4830352897,112594.7475873861,41536.9502769893,74856.3011106988,113394.3633326678,45760.5089189832,64468.6465198795,93112.3917705054,125433.0090644694,61929.1416392529,25109.5926245951,81442.9940449765,58522.7128064335,22758.9789808294,88159.7709342665,82529.3731306426,16604.8986993465,19765.0683934844,23492.2860674433,68315.4372844416,110416.6960900093,40323.2599897999,66027.3475410897,78423.1742669210,36778.5833424631,97837.3429613475,48268.0840758698,86098.4188674788,8219.7595522849,89607.3520665561,102574.2932216446,83791.5201540904,102881.0806061575,101320.0879147690,10291.1501265631,92429.7491715859,38640.9351615855,110665.9770211810,85959.0286861675,49161.5570811370,9781.3588307328,77575.3699086433,24476.2323210335,74008.9244326691,14578.8184710547,46188.7178659623,56002.7710023810,83534.2110942406,75571.4368824408,80461.9379884154,35240.4791158631,59290.0850112522,115490.4806612699,98639.0917184604,95859.0716886083,11503.0950657191,102700.5012070939,71547.5228377946,59546.7367317919,61282.7915869836,71889.7231951848,61678.9581034787,37404.0499839747,55301.8222108583,71340.7892526270,67985.9291805117,58631.7614379659,109571.1378241615,1729.0949779831,44746.4936825441,55147.0883004460,54901.5756482306,56738.8573851839,16631.9173560210,28044.0782470632,70240.4871286561,46043.0268258364,78285.1997179252,52592.2777869094,86089.8328790699,28908.3426851874,80785.4531728245,70608.2261146207,13626.7854743225,18384.8632473445,85519.7982615909,14764.0666824924,62693.0577077186,64838.9777205904,26107.6311862995,50899.8671865692,64786.5205345948,78057.1269886582,23373.8774832956,12503.0740280432,21701.3429668877,32041.6546820914,66918.3078662226,29296.9965349650,73819.6828864210,72033.4379712188,25576.7167639736,83876.1912321170,60593.2102504385,65203.5723714503,67448.6749419685
823,0,0,0,0,0,0,0,0,0,0,0,0,0,0,0,0,0,0,0,0,0,0,0,0,0,0,0,0,0,0,0,0,0,0,0,0,0,0,0,0,0,0,0,0,0,0,0,0,0,0,0,0,0,0,0,0,0,0,0,0,0,0,0,0,0,0,0,0,0,0,0,0,0,0,0,0,0,0,0,0,0,0,0,0,0,0,0,0,0,0,0,0,0,0,0,0,0,0,0,0,0,0,0,0,0,0,0,0,0,0,0,0,0,0,0,0,0,0,0,0,0,0,0,0,0,0,0,0,0,0,0,0,0,0,0,0,0,0,0,0,0,0,0,0,0,0,0,0,0,0,0,0,0,0,0,0,0,0,0,0,0,0,0,0,0,0,0,0,0,0,0,0,0,0,0,0,0,0,0,0,0,0,0,0,0,0,0,0,0,0,0,0,0,0,0,0,0,0,0,0
824,0,0,0,0,0,0,0,0,0,0,0,0,0,0,0,0,0,0,0,0,0,0,0,0,0,0,0,0,0,0,0,0,0,0,0,0,0,0,0,0,0,0,0,0,0,0,0,0,0,0,0,0,0,0,0,0,0,0,0,0,0,0,0,0,0,0,0,0,0,0,0,0,0,0,0,0,0,0,0,0,0,0,0,0,0,0,0,0,0,0,0,0,0,0,0,0,0,0,0,0,0,0,0,0,0,0,0,0,0,0,0,0,0,0,0,0,0,0,0,0,0,0,0,0,0,0,0,0,0,0,0,0,0,0,0,0,0,0,0,0,0,0,0,0,0,0,0,0,0,0,0,0,0,0,0,0,0,0,0,0,0,0,0,0,0,0,0,0,0,0,0,0,0,0,0,0,0,0,0,0,0,0,0,0,0,0,0,0,0,0,0,0,0,0,0,0,0,0,0,0
825,0,0,0,0,0,0,0,0,0,0,0,0,0,0,0,0,0,0,0,0,0,0,0,0,0,0,0,0,0,0,0,0,0,0,0,0,0,0,0,0,0,0,0,0,0,0,0,0,0,0,0,0,0,0,0,0,0,0,0,0,0,0,0,0,0,0,0,0,0,0,0,0,0,0,0,0,0,0,0,0,0,0,0,0,0,0,0,0,0,0,0,0,0,0,0,0,0,0,0,0,0,0,0,0,0,0,0,0,0,0,0,0,0,0,0,0,0,0,0,0,0,0,0,0,0,0,0,0,0,0,0,0,0,0,0,0,0,0,0,0,0,0,0,0,0,0,0,0,0,0,0,0,0,0,0,0,0,0,0,0,0,0,0,0,0,0,0,0,0,0,0,0,0,0,0,0,0,0,0,0,0,0,0,0,0,0,0,0,0,0,0,0,0,0,0,0,0,0,0,0
826,0,0,0,0,0,0,0,0,0,0,0,0,0,0,0,0,0,0,0,0,0,0,0,0,0,0,0,0,0,0,0,0,0,0,0,0,0,0,0,0,0,0,0,0,0,0,0,0,0,0,0,0,0,0,0,0,0,0,0,0,0,0,0,0,0,0,0,0,0,0,0,0,0,0,0,0,0,0,0,0,0,0,0,0,0,0,0,0,0,0,0,0,0,0,0,0,0,0,0,0,0,0,0,0,0,0,0,0,0,0,0,0,0,0,0,0,0,0,0,0,0,0,0,0,0,0,0,0,0,0,0,0,0,0,0,0,0,0,0,0,0,0,0,0,0,0,0,0,0,0,0,0,0,0,0,0,0,0,0,0,0,0,0,0,0,0,0,0,0,0,0,0,0,0,0,0,0,0,0,0,0,0,0,0,0,0,0,0,0,0,0,0,0,0,0,0,0,0,0,0
827,0,0,0,0,0,0,0,0,0,0,0,0,0,0,0,0,0,0,0,0,0,0,0,0,0,0,0,0,0,0,0,0,0,0,0,0,0,0,0,0,0,0,0,0,0,0,0,0,0,0,0,0,0,0,0,0,0,0,0,0,0,0,0,0,0,0,0,0,0,0,0,0,0,0,0,0,0,0,0,0,0,0,0,0,0,0,0,0,0,0,0,0,0,0,0,0,0,0,0,0,0,0,0,0,0,0,0,0,0,0,0,0,0,0,0,0,0,0,0,0,0,0,0,0,0,0,0,0,0,0,0,0,0,0,0,0,0,0,0,0,0,0,0,0,0,0,0,0,0,0,0,0,0,0,0,0,0,0,0,0,0,0,0,0,0,0,0,0,0,0,0,0,0,0,0,0,0,0,0,0,0,0,0,0,0,0,0,0,0,0,0,0,0,0,0,0,0,0,0,0
828,0,0,0,0,0,0,0,0,0,0,0,0,0,0,0,0,0,0,0,0,0,0,0,0,0,0,0,0,0,0,0,0,0,0,0,0,0,0,0,0,0,0,0,0,0,0,0,0,0,0,0,0,0,0,0,0,0,0,0,0,0,0,0,0,0,0,0,0,0,0,0,0,0,0,0,0,0,0,0,0,0,0,0,0,0,0,0,0,0,0,0,0,0,0,0,0,0,0,0,0,0,0,0,0,0,0,0,0,0,0,0,0,0,0,0,0,0,0,0,0,0,0,0,0,0,0,0,0,0,0,0,0,0,0,0,0,0,0,0,0,0,0,0,0,0,0,0,0,0,0,0,0,0,0,0,0,0,0,0,0,0,0,0,0,0,0,0,0,0,0,0,0,0,0,0,0,0,0,0,0,0,0,0,0,0,0,0,0,0,0,0,0,0,0,0,0,0,0,0,0
829,0,0,0,0,0,0,0,0,0,0,0,0,0,0,0,0,0,0,0,0,0,0,0,0,0,0,0,0,0,0,0,0,0,0,0,0,0,0,0,0,0,0,0,0,0,0,0,0,0,0,0,0,0,0,0,0,0,0,0,0,0,0,0,0,0,0,0,0,0,0,0,0,0,0,0,0,0,0,0,0,0,0,0,0,0,0,0,0,0,0,0,0,0,0,0,0,0,0,0,0,0,0,0,0,0,0,0,0,0,0,0,0,0,0,0,0,0,0,0,0,0,0,0,0,0,0,0,0,0,0,0,0,0,0,0,0,0,0,0,0,0,0,0,0,0,0,0,0,0,0,0,0,0,0,0,0,0,0,0,0,0,0,0,0,0,0,0,0,0,0,0,0,0,0,0,0,0,0,0,0,0,0,0,0,0,0,0,0,0,0,0,0,0,0,0,0,0,0,0,0
830,0,0,0,0,0,0,0,0,0,0,0,0,0,0,0,0,0,0,0,0,0,0,0,0,0,0,0,0,0,0,0,0,0,0,0,0,0,0,0,0,0,0,0,0,0,0,0,0,0,0,0,0,0,0,0,0,0,0,0,0,0,0,0,0,0,0,0,0,0,0,0,0,0,0,0,0,0,0,0,0,0,0,0,0,0,0,0,0,0,0,0,0,0,0,0,0,0,0,0,0,0,0,0,0,0,0,0,0,0,0,0,0,0,0,0,0,0,0,0,0,0,0,0,0,0,0,0,0,0,0,0,0,0,0,0,0,0,0,0,0,0,0,0,0,0,0,0,0,0,0,0,0,0,0,0,0,0,0,0,0,0,0,0,0,0,0,0,0,0,0,0,0,0,0,0,0,0,0,0,0,0,0,0,0,0,0,0,0,0,0,0,0,0,0,0,0,0,0,0,0
831,0,0,0,0,0,0,0,0,0,0,0,0,0,0,0,0,0,0,0,0,0,0,0,0,0,0,0,0,0,0,0,0,0,0,0,0,0,0,0,0,0,0,0,0,0,0,0,0,0,0,0,0,0,0,0,0,0,0,0,0,0,0,0,0,0,0,0,0,0,0,0,0,0,0,0,0,0,0,0,0,0,0,0,0,0,0,0,0,0,0,0,0,0,0,0,0,0,0,0,0,0,0,0,0,0,0,0,0,0,0,0,0,0,0,0,0,0,0,0,0,0,0,0,0,0,0,0,0,0,0,0,0,0,0,0,0,0,0,0,0,0,0,0,0,0,0,0,0,0,0,0,0,0,0,0,0,0,0,0,0,0,0,0,0,0,0,0,0,0,0,0,0,0,0,0,0,0,0,0,0,0,0,0,0,0,0,0,0,0,0,0,0,0,0,0,0,0,0,0,0
832,0,0,0,0,0,0,0,0,0,0,0,0,0,0,0,0,0,0,0,0,0,0,0,0,0,0,0,0,0,0,0,0,0,0,0,0,0,0,0,0,0,0,0,0,0,0,0,0,0,0,0,0,0,0,0,0,0,0,0,0,0,0,0,0,0,0,0,0,0,0,0,0,0,0,0,0,0,0,0,0,0,0,0,0,0,0,0,0,0,0,0,0,0,0,0,0,0,0,0,0,0,0,0,0,0,0,0,0,0,0,0,0,0,0,0,0,0,0,0,0,0,0,0,0,0,0,0,0,0,0,0,0,0,0,0,0,0,0,0,0,0,0,0,0,0,0,0,0,0,0,0,0,0,0,0,0,0,0,0,0,0,0,0,0,0,0,0,0,0,0,0,0,0,0,0,0,0,0,0,0,0,0,0,0,0,0,0,0,0,0,0,0,0,0,0,0,0,0,0,0
833,0,0,0,0,0,0,0,0,0,0,0,0,0,0,0,0,0,0,0,0,0,0,0,0,0,0,0,0,0,0,0,0,0,0,0,0,0,0,0,0,0,0,0,0,0,0,0,0,0,0,0,0,0,0,0,0,0,0,0,0,0,0,0,0,0,0,0,0,0,0,0,0,0,0,0,0,0,0,0,0,0,0,0,0,0,0,0,0,0,0,0,0,0,0,0,0,0,0,0,0,0,0,0,0,0,0,0,0,0,0,0,0,0,0,0,0,0,0,0,0,0,0,0,0,0,0,0,0,0,0,0,0,0,0,0,0,0,0,0,0,0,0,0,0,0,0,0,0,0,0,0,0,0,0,0,0,0,0,0,0,0,0,0,0,0,0,0,0,0,0,0,0,0,0,0,0,0,0,0,0,0,0,0,0,0,0,0,0,0,0,0,0,0,0,0,0,0,0,0,0
834,34950.4351837809,138937.3613112365,122501.4522651733,43605.7349064883,69211.0942499895,93168.7695801129,140654.4684953108,74686.2629239896,7965.4082759274,102783.4807789446,31651.9042847626,110086.6178295469,44862.0039977881,106460.3051045380,96115.1492102028,129189.9593499323,12115.9824680232,68043.6837839825,114561.5831029567,78664.6862179834,118584.3502111724,90674.4400541375,88365.4397759572,52960.2358967172,95175.3135628662,19655.1752250246,50434.9568225807,29964.9646841705,83889.6782181781,97092.0349404823,80382.2022005031,124119.1047619464,44048.0780374159,15622.0830909009,30772.9238967221,106965.0085007881,43256.4620637229,103902.8211947930,59135.0731548798,117084.4594198255,132966.5847244092,2164.3432851036,72157.8295942354,87742.0623978517,75303.5760366222,127401.4012808304,22054.4981475445,9789.0494497526,102581.2740960353,42646.8336698745,117580.9034439074,129375.9582383567,55269.5950285571,76678.9775251693,106576.6603512575,93742.7562197280,58307.8954428901,61508.8007741529,41895.4024691906,80868.6318169204,19590.2163499161,90421.4662206203,93098.6750565713,45512.5696357337,46423.0652845070,84898.6690082629,109003.5336305240,103459.7879757987,86328.9780758274,27788.3427479490,73147.1451239536,113129.9366765009,34944.4675457464,97043.1541243561,21470.8160365576,65461.0077032218,129704.9712904988,14009.5692789533,80730.4929142621,34581.6367802081,107931.5745599984,85111.7868631317,80961.4057984579,36218.5238823453,53450.6503240447,61.0278265397,124249.4826060541,86884.7810927637,67413.7821423329,98526.8736103799,85833.6782928800,104353.0239869564,94528.9654561206,44989.9879746549,63531.5874581742,121027.4125632278,35500.8121597441,93807.3875039511,125967.9936713404,50200.5491325092,75943.9422299883,108426.9134860439,134853.8802642715,78156.5534505656,23776.1947535340,95871.2839517597,76574.4502355633,41647.0456694114,101441.5199030312,99601.3777911004,12298.1146265989,37383.1663673639,2581.4425966740,83712.9151778209,120321.2058761492,37793.7288811742,73996.4854932133,93781.1798476061,43355.9440564096,110057.2639470618,61455.7754446918,101333.2722365841,23383.3450672816,100472.0493895914,110787.3470083340,95835.3622102977,116219.6618021986,111477.4310657991,28940.0608887246,110319.9881433911,49045.6656355614,122404.6563567183,95644.5974223633,56129.2859439803,20420.6423584905,87564.4615060582,40160.7088354752,87247.9966178835,13036.1104474579,55661.7565795212,58581.2209820511,101306.0885409412,92603.1173831122,99003.6691589545,50760.7920925440,67216.1670438336,129407.7811430663,107938.4755546638,110502.7425475610,7487.0067252151,114329.7212894404,90221.2208770839,64423.2423864238,80147.9943063998,90849.9201121089,80630.2705665773,37777.6227859548,62044.9010146055,89228.4972229682,82420.8363124062,70033.8875466972,124049.2642863666,17538.2877906251,59362.0809655538,38943.3774689932,70444.2001491865,66327.3481483327,29170.9252325858,40054.3474880882,88875.1258720972,47783.2253222806,90200.3008961485,71205.4543886606,104579.6979517629,36586.4339696639,99764.1729915001,79259.8070461253,30237.9920611388,34016.0297227972,101435.1101445016,22502.8314873568,79970.8474957222,83798.1948521639,30566.2091894893,54226.6203031367,83314.8646823471,91936.0631281965,18932.9396390281,16348.5187994024,40004.3211234955,33852.7500415468,85401.7002274681,45390.2834324231,89681.4706288848,90210.4468701386,43769.3999425884,97598.8601026513,79416.0826669902,83136.7294735596,84425.7194244608
835,0,0,0,0,0,0,0,0,0,0,0,0,0,0,0,0,0,0,0,0,0,0,0,0,0,0,0,0,0,0,0,0,0,0,0,0,0,0,0,0,0,0,0,0,0,0,0,0,0,0,0,0,0,0,0,0,0,0,0,0,0,0,0,0,0,0,0,0,0,0,0,0,0,0,0,0,0,0,0,0,0,0,0,0,0,0,0,0,0,0,0,0,0,0,0,0,0,0,0,0,0,0,0,0,0,0,0,0,0,0,0,0,0,0,0,0,0,0,0,0,0,0,0,0,0,0,0,0,0,0,0,0,0,0,0,0,0,0,0,0,0,0,0,0,0,0,0,0,0,0,0,0,0,0,0,0,0,0,0,0,0,0,0,0,0,0,0,0,0,0,0,0,0,0,0,0,0,0,0,0,0,0,0,0,0,0,0,0,0,0,0,0,0,0,0,0,0,0,0,0
836,31211.4978726844,101697.3108231760,77659.4580135266,73367.9341230634,40528.7290367454,65386.8654717703,94734.9410362851,28651.7568027206,60056.9501004738,59880.5454029145,34585.9201144588,80176.6685297735,2029.9110895387,59635.9199916639,54984.8474350377,86649.3316180858,34766.1622286511,24779.6484804068,76535.1184319859,44584.5495962700,72884.6003288141,54222.7713526138,42270.9954110373,40575.5535181922,49431.1287309799,46308.5634422609,22700.6024825149,18519.7412207055,41784.6716572491,61620.2281677667,38588.6710754281,89467.0868427258,18143.2614451480,41720.3867866950,20583.8340124851,62614.5208358522,46450.3601015718,57961.1320017716,12340.6915667462,73448.6999113329,88276.1601707880,52301.8372191362,34889.1182253525,40974.3654314691,28798.6726113444,88218.8133839866,32177.5369617279,47766.3427963274,63655.6401032333,30972.5817240634,76426.5473716166,83190.1926319266,15751.0811581569,49297.0597079529,60523.5030823626,49383.0700806148,35207.6841280056,28637.2122585886,14815.6816341699,47725.5008816899,30213.3890312878,46835.3602345179,52355.3930681934,32857.2782066917,12177.2992881722,39220.7143272189,64326.0090439452,64177.4783721348,54625.4431318022,39111.9057922437,35240.1717071818,79617.0425882491,12223.5913140250,50222.0619401329,25372.8467880661,19296.7758171514,92814.9152320120,39573.9943672980,36179.9877284872,21613.7656957385,66660.7455279414,60186.8755181032,42533.5767484080,24672.0884979668,8489.1792670298,44840.7331423576,79296.4431122955,50783.5328710188,20749.2598192352,54148.3325842494,46071.4353969740,62499.1524830335,62605.2641063237,39285.7360311647,24570.0364206901,84302.9440118390,45685.2057530047,55401.1817720397,82154.8979627540,30894.7263808396,34671.6456086475,61849.0860405630,96047.7504127396,31358.7100176497,33295.3905802792,49927.5983869143,32693.1780741046,25616.3534809259,56780.2683783561,53145.8770193724,36824.8649147831,13434.8804026423,51797.6316523778,37042.8804360512,80834.3329526214,39746.2141115083,40529.2199803764,47154.3604189380,22582.6299580268,66831.8054250408,17635.8021739953,54787.0214111520,25902.5528111694,59598.0102531322,74745.5900613774,53027.7187240827,71445.2449519123,71674.3082937876,28505.6891412819,64936.2037764056,15306.8327932396,79820.0257528943,57116.0875865923,28455.7445113344,39651.6371039310,48729.2426130131,7044.8532753241,42724.9154256494,46091.6905576266,21763.5186626605,41082.1041084281,55808.4491443940,46166.3097275468,56150.4878480785,2680.6492728822,34724.7011226382,83971.3101195106,69818.7072308834,64383.3172326506,40527.3320305976,71979.1214162042,48633.2116423349,39909.4081312398,49191.8954700255,56404.6494560805,43450.5678374015,33817.0656677779,33409.6822284775,44263.9611733548,36465.4227329613,29251.1606135580,78080.2136155220,30825.5124825365,13256.5698764735,71745.6736954464,23674.9533124131,29988.5503872165,17819.0082744630,10432.7464242469,59815.2471748938,35849.0695353209,47696.0437857226,30914.9734528969,61271.2765516082,19347.3573347969,61971.4127512178,43750.6923546575,34374.5672564388,13213.7810190868,54631.2784004865,25235.0410660337,34025.1492371511,50151.8757995904,25163.8074993993,36158.8853843287,56027.0233423146,46571.2675144014,36757.1413225059,31011.2702574614,30348.4390775813,29801.1591549836,42882.7936205030,3080.6277697759,42874.9059932131,64943.2606606464,13053.4549913584,52404.1956071468,40131.8608722412,38513.9643672610,38022.6208492667
837,0,0,0,0,0,0,0,0,0,0,0,0,0,0,0,0,0,0,0,0,0,0,0,0,0,0,0,0,0,0,0,0,0,0,0,0,0,0,0,0,0,0,0,0,0,0,0,0,0,0,0,0,0,0,0,0,0,0,0,0,0,0,0,0,0,0,0,0,0,0,0,0,0,0,0,0,0,0,0,0,0,0,0,0,0,0,0,0,0,0,0,0,0,0,0,0,0,0,0,0,0,0,0,0,0,0,0,0,0,0,0,0,0,0,0,0,0,0,0,0,0,0,0,0,0,0,0,0,0,0,0,0,0,0,0,0,0,0,0,0,0,0,0,0,0,0,0,0,0,0,0,0,0,0,0,0,0,0,0,0,0,0,0,0,0,0,0,0,0,0,0,0,0,0,0,0,0,0,0,0,0,0,0,0,0,0,0,0,0,0,0,0,0,0,0,0,0,0,0,0
838,0,0,0,0,0,0,0,0,0,0,0,0,0,0,0,0,0,0,0,0,0,0,0,0,0,0,0,0,0,0,0,0,0,0,0,0,0,0,0,0,0,0,0,0,0,0,0,0,0,0,0,0,0,0,0,0,0,0,0,0,0,0,0,0,0,0,0,0,0,0,0,0,0,0,0,0,0,0,0,0,0,0,0,0,0,0,0,0,0,0,0,0,0,0,0,0,0,0,0,0,0,0,0,0,0,0,0,0,0,0,0,0,0,0,0,0,0,0,0,0,0,0,0,0,0,0,0,0,0,0,0,0,0,0,0,0,0,0,0,0,0,0,0,0,0,0,0,0,0,0,0,0,0,0,0,0,0,0,0,0,0,0,0,0,0,0,0,0,0,0,0,0,0,0,0,0,0,0,0,0,0,0,0,0,0,0,0,0,0,0,0,0,0,0,0,0,0,0,0,0
839,0,0,0,0,0,0,0,0,0,0,0,0,0,0,0,0,0,0,0,0,0,0,0,0,0,0,0,0,0,0,0,0,0,0,0,0,0,0,0,0,0,0,0,0,0,0,0,0,0,0,0,0,0,0,0,0,0,0,0,0,0,0,0,0,0,0,0,0,0,0,0,0,0,0,0,0,0,0,0,0,0,0,0,0,0,0,0,0,0,0,0,0,0,0,0,0,0,0,0,0,0,0,0,0,0,0,0,0,0,0,0,0,0,0,0,0,0,0,0,0,0,0,0,0,0,0,0,0,0,0,0,0,0,0,0,0,0,0,0,0,0,0,0,0,0,0,0,0,0,0,0,0,0,0,0,0,0,0,0,0,0,0,0,0,0,0,0,0,0,0,0,0,0,0,0,0,0,0,0,0,0,0,0,0,0,0,0,0,0,0,0,0,0,0,0,0,0,0,0,0
840,0,0,0,0,0,0,0,0,0,0,0,0,0,0,0,0,0,0,0,0,0,0,0,0,0,0,0,0,0,0,0,0,0,0,0,0,0,0,0,0,0,0,0,0,0,0,0,0,0,0,0,0,0,0,0,0,0,0,0,0,0,0,0,0,0,0,0,0,0,0,0,0,0,0,0,0,0,0,0,0,0,0,0,0,0,0,0,0,0,0,0,0,0,0,0,0,0,0,0,0,0,0,0,0,0,0,0,0,0,0,0,0,0,0,0,0,0,0,0,0,0,0,0,0,0,0,0,0,0,0,0,0,0,0,0,0,0,0,0,0,0,0,0,0,0,0,0,0,0,0,0,0,0,0,0,0,0,0,0,0,0,0,0,0,0,0,0,0,0,0,0,0,0,0,0,0,0,0,0,0,0,0,0,0,0,0,0,0,0,0,0,0,0,0,0,0,0,0,0,0
841,0,0,0,0,0,0,0,0,0,0,0,0,0,0,0,0,0,0,0,0,0,0,0,0,0,0,0,0,0,0,0,0,0,0,0,0,0,0,0,0,0,0,0,0,0,0,0,0,0,0,0,0,0,0,0,0,0,0,0,0,0,0,0,0,0,0,0,0,0,0,0,0,0,0,0,0,0,0,0,0,0,0,0,0,0,0,0,0,0,0,0,0,0,0,0,0,0,0,0,0,0,0,0,0,0,0,0,0,0,0,0,0,0,0,0,0,0,0,0,0,0,0,0,0,0,0,0,0,0,0,0,0,0,0,0,0,0,0,0,0,0,0,0,0,0,0,0,0,0,0,0,0,0,0,0,0,0,0,0,0,0,0,0,0,0,0,0,0,0,0,0,0,0,0,0,0,0,0,0,0,0,0,0,0,0,0,0,0,0,0,0,0,0,0,0,0,0,0,0,0
842,0,0,0,0,0,0,0,0,0,0,0,0,0,0,0,0,0,0,0,0,0,0,0,0,0,0,0,0,0,0,0,0,0,0,0,0,0,0,0,0,0,0,0,0,0,0,0,0,0,0,0,0,0,0,0,0,0,0,0,0,0,0,0,0,0,0,0,0,0,0,0,0,0,0,0,0,0,0,0,0,0,0,0,0,0,0,0,0,0,0,0,0,0,0,0,0,0,0,0,0,0,0,0,0,0,0,0,0,0,0,0,0,0,0,0,0,0,0,0,0,0,0,0,0,0,0,0,0,0,0,0,0,0,0,0,0,0,0,0,0,0,0,0,0,0,0,0,0,0,0,0,0,0,0,0,0,0,0,0,0,0,0,0,0,0,0,0,0,0,0,0,0,0,0,0,0,0,0,0,0,0,0,0,0,0,0,0,0,0,0,0,0,0,0,0,0,0,0,0,0
843,0,0,0,0,0,0,0,0,0,0,0,0,0,0,0,0,0,0,0,0,0,0,0,0,0,0,0,0,0,0,0,0,0,0,0,0,0,0,0,0,0,0,0,0,0,0,0,0,0,0,0,0,0,0,0,0,0,0,0,0,0,0,0,0,0,0,0,0,0,0,0,0,0,0,0,0,0,0,0,0,0,0,0,0,0,0,0,0,0,0,0,0,0,0,0,0,0,0,0,0,0,0,0,0,0,0,0,0,0,0,0,0,0,0,0,0,0,0,0,0,0,0,0,0,0,0,0,0,0,0,0,0,0,0,0,0,0,0,0,0,0,0,0,0,0,0,0,0,0,0,0,0,0,0,0,0,0,0,0,0,0,0,0,0,0,0,0,0,0,0,0,0,0,0,0,0,0,0,0,0,0,0,0,0,0,0,0,0,0,0,0,0,0,0,0,0,0,0,0,0
844,0,0,0,0,0,0,0,0,0,0,0,0,0,0,0,0,0,0,0,0,0,0,0,0,0,0,0,0,0,0,0,0,0,0,0,0,0,0,0,0,0,0,0,0,0,0,0,0,0,0,0,0,0,0,0,0,0,0,0,0,0,0,0,0,0,0,0,0,0,0,0,0,0,0,0,0,0,0,0,0,0,0,0,0,0,0,0,0,0,0,0,0,0,0,0,0,0,0,0,0,0,0,0,0,0,0,0,0,0,0,0,0,0,0,0,0,0,0,0,0,0,0,0,0,0,0,0,0,0,0,0,0,0,0,0,0,0,0,0,0,0,0,0,0,0,0,0,0,0,0,0,0,0,0,0,0,0,0,0,0,0,0,0,0,0,0,0,0,0,0,0,0,0,0,0,0,0,0,0,0,0,0,0,0,0,0,0,0,0,0,0,0,0,0,0,0,0,0,0,0
845,22395.9664748746,112171.4623253909,87827.6672627591,65897.8036480076,47405.1965725333,68043.7256938636,106774.7003652295,39489.8115982218,48273.5616950959,71434.6552936483,29599.7965252552,88585.7718795853,11046.1498825332,71421.6704450280,63089.8016449145,98225.8632080222,23117.0798902858,36071.3399388723,87037.7974840159,49136.4387552094,84913.9300772360,64029.3448235034,54308.8725989400,41866.0469724728,60095.9370578554,34557.1398212840,27326.1606421121,10362.9070581535,53003.1893638371,67248.6297796873,46796.8305245754,99228.0613796579,15254.5468704724,32260.2575956786,14468.1168872547,72458.3665373815,43564.7728113319,69997.8055461698,24076.0169010309,85197.7977418945,100215.0336963291,41380.9345827000,44447.3289592590,52571.2840990780,40829.4250431811,99075.9354064527,20487.5681483438,35813.9995405339,74271.4143910206,30429.5332021613,87674.3106041023,95225.5348518712,25044.5034725756,51206.4124956486,71427.7186386312,61193.7919815003,39683.5745758248,36224.5974188397,16545.7428364198,56376.5952624210,20590.2369775357,56152.1468494200,63329.2138107888,27457.7143958757,11834.6791010417,49810.8577155292,76231.7688682533,71519.0386828280,58500.1762309709,28400.6150941329,41281.1499124764,88985.0597273467,5341.8815915556,61944.5789499616,13830.8932070626,31315.5169634349,103154.9240049214,27550.2639656630,47966.2731672556,12730.2621977158,77881.9665792283,61616.6740702691,52689.8005454570,22080.7356812471,19924.4435199721,33493.7484565793,91259.7356910044,56444.3017520404,32223.6028661357,63968.9597592588,53357.9258247551,71038.1190726708,66791.7165605785,38161.4048186482,34281.4124015106,94542.3746309142,40738.5825557580,62212.1602740788,93953.8660354368,33355.9156446362,45536.4805357434,73838.8939626429,106856.9892279013,43031.7865240640,25682.5635115119,61961.7747087600,42038.4333213975,19868.9183652999,68667.7111951559,64372.1350871056,26217.1572473503,11621.2155167420,40195.0453060888,49024.3704096461,91721.5756599194,36231.1952601636,49025.7435517681,59140.4043767123,23799.7535610020,78482.4692912579,28940.2295155696,66789.2923028597,13909.7400025271,70673.2340280156,84724.3939778407,64522.1904863455,83376.4107021312,82578.1868953155,17941.7311857541,75396.9336646487,21450.3276667132,91385.4923952042,67551.3546627569,33937.9708175315,27993.5407126424,59126.8991550481,8556.1786944524,54540.2579398273,34068.2594302058,29093.1882798596,44163.6441970662,66320.9562433864,57373.4672618080,65144.8295094474,15848.7651847876,42594.7690147659,95986.6743050271,80286.5437034032,76422.8831495096,28662.2723831097,83468.4822650789,56889.0506843207,45307.0186305603,52561.8480881724,61480.7150009147,49409.0485674700,31037.5186109474,39771.0044718574,54390.5747788861,48491.3446788222,39822.8512465091,90119.8973097758,18807.3009398099,25236.0991194010,63547.2323371889,35623.5420397478,38995.1385339665,8625.4193522898,10986.5952759785,62794.3775809958,36335.2225248060,59078.3477835179,38090.0187143366,70541.7713525542,17097.4697681253,68613.5392486951,53026.0755901137,24221.9446944001,2072.5270676894,66485.1491068068,15071.4209562994,44803.5618639058,54706.7580653001,19745.1076314415,38903.1467680595,58188.9459961880,58544.5004068114,27898.0725038446,20097.4064154302,23301.2482932599,25892.4421811176,51559.2917366762,10174.8201708440,54737.0110309440,66660.7944149512,11622.9162461475,64364.4736939301,47040.1671964921,48386.8728318715,49195.7159134726
846,26888.2502682518,106057.5078474447,79843.3551142001,72330.0825759909,44175.7312980488,64089.7537984883,98668.1226573633,31226.3514938773,56642.8617378830,64204.6121889831,34313.3674456090,84248.0693347165,5760.5301916140,63063.8414167821,55990.3420587902,90962.1035755381,31468.1680171212,29150.0080549694,80894.1955605180,43919.7271003981,76895.3052250542,58503.2064958984,46254.2527087801,42573.9738109906,51913.2757687716,42120.4957779564,25508.5616673565,14524.1411740975,46153.2308378552,61491.7198449544,39583.0807364131,93759.1355479140,14508.0855642091,39680.5403691633,19546.5379944551,64587.2769177151,47073.4464969033,61942.8962475929,15744.6596634906,77713.3625962567,92425.7200436994,49524.9108638846,39104.1497772219,44201.8622013688,32678.9114046086,92591.4025803333,27994.1571306056,44150.9496269063,68019.0852626457,32232.6748432643,80787.7158204551,87060.6869899877,19797.2270293826,47651.8101593943,63184.2445656771,53631.8543394363,38150.0816656943,32391.1521412380,16297.1399721746,51801.9016434814,28013.4146020814,48470.5013871577,56728.1347926054,29019.5563709498,6414.6737065737,41636.5237277019,68510.7387781570,64831.9396965486,53746.2289289294,34750.7022133969,35146.5937347064,83851.8263617303,10133.5372563860,53579.6493587761,22136.3952704104,23398.5850537094,97165.3407454519,35632.9942764126,40450.2626201913,17250.6869690096,71024.9909078098,58431.5119805893,46847.6572530951,25066.5331795184,12860.8448872662,41778.2929435396,83423.7142692815,50625.1625294237,23854.4820790454,56094.7611390332,46637.5564722456,63746.3660626274,61883.2436331286,40461.2567958614,28777.8314751141,88643.9372274221,45542.4356677860,55779.7438112053,86396.1305152309,33157.8285412194,39039.8317098600,65580.8597417288,100419.9543582796,34666.0843767942,31985.5624025865,53928.8790788845,34292.2984937669,21625.7445815220,60981.5693070904,56047.8864688032,34188.8351013376,9063.3635539215,48547.2850827835,40770.7149614164,85207.0296284937,40080.2672097900,44555.9573510486,50884.5564923076,24250.2879740976,71130.6710770487,22008.2908363154,58550.8303673961,21945.2003613603,63969.4077364763,79058.2618825754,57365.0631660395,75606.6890627314,76046.9983910531,24149.3173925128,67295.8944625707,18396.1059580846,84136.5595799490,61466.1112615534,31623.2282848504,35438.0562029736,53072.6576990940,1552.5925308880,46976.2554235812,42140.2919180108,25373.0262368304,43652.8307783086,58193.9083064535,49049.4396404441,57627.6918184991,7712.6716649778,38587.6558852429,88017.7536480115,74174.3879973692,68302.2202498955,37027.9436751941,76312.0418164701,49696.1432882993,43155.9124368492,48086.3815785580,56021.7428547199,43382.9709126052,34340.0552967043,36876.7099731110,46381.2161021933,40511.3376511407,33595.0322942412,82019.9539820300,27102.1979589393,17452.6917039271,70384.4940474878,27356.4007387192,34082.7027709528,15138.6944979081,10936.9140962966,58615.8369913045,37530.9917048796,52050.4348739296,31321.9332427495,62911.1214719753,19655.1251595084,62293.5317720632,47935.7655015627,30001.8230967889,9586.0636673677,58144.7760885962,22729.2586204408,36566.1528952774,49522.6902844573,24544.1878933799,38578.8797615211,54510.2263655887,50702.8918264917,34957.9862487165,28180.8153091653,26212.5274017342,29846.4267407736,44147.7736000407,0.9316408021,46403.4348046673,63307.2911789519,11443.4205511829,56546.5213366596,40482.8088004090,40457.1497814097,40872.5860443823
847,0,0,0,0,0,0,0,0,0,0,0,0,0,0,0,0,0,0,0,0,0,0,0,0,0,0,0,0,0,0,0,0,0,0,0,0,0,0,0,0,0,0,0,0,0,0,0,0,0,0,0,0,0,0,0,0,0,0,0,0,0,0,0,0,0,0,0,0,0,0,0,0,0,0,0,0,0,0,0,0,0,0,0,0,0,0,0,0,0,0,0,0,0,0,0,0,0,0,0,0,0,0,0,0,0,0,0,0,0,0,0,0,0,0,0,0,0,0,0,0,0,0,0,0,0,0,0,0,0,0,0,0,0,0,0,0,0,0,0,0,0,0,0,0,0,0,0,0,0,0,0,0,0,0,0,0,0,0,0,0,0,0,0,0,0,0,0,0,0,0,0,0,0,0,0,0,0,0,0,0,0,0,0,0,0,0,0,0,0,0,0,0,0,0,0,0,0,0,0,0
848,28650.9150134232,104957.9027159560,82834.2615399513,68641.6818411290,41428.9131315104,68161.3688899332,99656.9086969451,33896.8604146307,54875.0239929736,64035.4939971441,30344.3279368630,82080.3157467199,1873.2974675812,64871.1971412300,59622.4073434458,90826.6288518661,29567.0036999750,28673.4875607239,79806.7313706711,47972.2256320773,77732.1157761101,56979.8258022435,47185.9452654270,38702.7255772902,54671.5807760325,41955.9393531672,22129.8364310332,14046.6693567598,45617.2602830224,65473.1448043878,43203.0804293710,92227.6236620790,17852.6688867535,36531.0417301491,15778.1956929044,67715.8779696852,42998.5798419990,62855.5115951509,17628.3827433809,77816.3584956413,92904.6689755028,47005.7569158323,37428.8963574667,46257.3881360258,33841.5611386900,91764.4149196645,27884.2986932691,42700.5812216541,67004.8259630619,28201.9766094878,80293.3967567481,88176.2581897779,17958.8598247524,51698.6239562421,65797.8554000676,53832.8790487100,34772.9736076758,29859.9419272857,12398.8303398623,49712.9644819718,24970.8719824957,51790.9803432522,55981.7580578527,31944.2324636372,9787.8931173700,44440.7251234183,68905.6972612792,68603.4846510281,57817.2187613198,35550.7684237416,39101.9368187832,82113.0787870644,9885.2371801633,55479.0893086061,20176.3834543849,24158.4082887703,95975.7184970347,34822.4937810391,40604.4999168758,18833.0699577894,70502.6074204343,62458.4936571597,45518.1427137942,20993.7304683515,12551.7954231887,39569.5095976540,83970.8753886889,54607.1769169877,26045.3302377501,59235.9234592032,50426.2660139088,67276.1441160154,65945.6585610623,36410.6053324264,27169.9163284565,87388.3432844553,41556.8450086286,59634.3706720245,86582.5849153242,29417.6991417779,38193.4309478772,66949.3705118397,99557.9504027775,36635.2172169774,28384.4234988853,54809.8236969912,37614.3228325900,24390.9313664421,61334.3513646752,58440.4594426049,31530.7109353485,10611.8387598039,46564.6457075853,42170.2790501604,84401.6825334432,36020.5535567669,42393.6749264190,52267.5815099252,20336.1321529159,71088.2361627000,21540.5692207478,59872.0495839744,21254.7217373643,63312.3289517803,77643.2195701310,57122.5414939988,76064.1194778057,75251.9946211661,24980.7159056214,70154.5518362464,15365.6218689166,83986.1265295344,60324.7253502639,28462.0515312160,35390.5184507908,51901.1257746342,1514.7135928292,47183.6707779353,41333.5170702730,22735.1350335601,40025.4841685903,61029.9707979971,51459.4124596793,61040.0694570641,9230.6331059813,36170.6158466935,88765.6799793937,73060.8613979787,69336.6402873877,35406.2369506040,76069.2200904223,53298.7626814998,39997.0499898152,52162.9797562009,60044.4991631330,47341.4278036986,30266.0813211840,33962.9798247893,49403.7670243727,41320.1075671523,32524.7009629199,83003.5331562044,25886.4751103859,18041.4569577364,66845.0079638767,28854.3722050919,32128.9837253186,12529.1355724742,6220.7774098043,62691.3306861608,33576.4118685997,51681.4874403458,35139.7430853393,66238.8949783153,15581.6855421822,66168.0680928993,46127.8265993342,31128.8406015015,8459.8626416362,59840.9443256695,19943.5802011265,39268.6527246079,53573.7553473031,20646.3272822681,34890.6641839070,58568.1506790660,51277.6801772489,31639.8404555676,25719.9969036254,28632.0575201976,25811.9060617995,47653.5781130461,4715.4688885305,48086.8483710884,67349.5129361115,12935.4710690733,57081.7512158243,44332.0888325707,43587.4966990439,43312.1208297547
849,23157.0018674577,110099.3140981286,76665.9185032141,77717.6913720900,50436.1028730666,57316.8930422492,99413.9018250161,29429.7179211456,58338.8542222240,67055.2804055929,40565.7811471958,89750.3356305059,12229.9638001136,62513.3573879663,51267.9031359113,93609.6506048624,33870.0825739030,32995.2472225273,84996.8525975049,37597.6917401464,78014.1396838023,63303.6999053709,47526.3887238692,49581.3124620613,49483.3274263426,41250.1727309151,32343.1354339928,15884.8028581533,49733.4144299606,55519.6407832353,35048.4073140425,98428.3965367160,12868.8484529693,44121.2144896000,25493.8653635599,61163.4904480724,53761.2496892136,63046.8697218332,16765.7357472708,80047.1967091372,94072.2657665472,52666.2184419819,44259.8457552550,43408.0817607014,33873.7939782778,96278.7738733988,27498.6387026306,45462.9524744843,72081.1592299143,39170.3212050063,84030.4410904285,87632.5503237360,25515.3060824273,40762.9211889126,60966.8578410363,56007.1335239543,44946.4614612279,38526.7781945267,23300.9793710631,57330.2039765750,32469.0518690517,44692.8713657455,60493.2332900206,23210.2294438143,3038.1509378133,39254.6726359887,70432.3249605465,59631.1313102177,47227.7123813988,32414.8907064083,29421.8667533799,88820.5403122673,15734.5588861752,52952.8742699253,25044.1311923618,25686.3423648669,101357.0540145630,36040.7302625144,43100.5366132886,14578.0736036931,74361.6930784446,51496.1766330100,51493.1092094529,31765.9775466626,17490.7929443988,44468.9176056258,84998.5588378876,44682.7366126071,23485.6158827989,52705.1848026686,41475.1445367650,59277.3703031032,55444.4715315190,47362.0371509069,34020.9119502778,92952.6625356092,51805.4938098991,50331.6487548900,88550.7940555045,40143.1286188512,43155.6359811941,65836.7925748733,104134.1562853067,34276.9611055920,37404.9137575524,55176.1037555967,30738.2910938225,16308.9505437039,63035.6483571171,54378.8772292121,37824.7137717244,8487.8240044595,50728.1442992504,41316.8211663180,88889.8409373198,46653.9809409000,50213.9071120426,51279.3002607711,31253.9306444689,73734.9969667471,26123.3133378555,58962.2831366938,22810.2675726201,67549.6984216172,83617.1903966441,60386.8407143786,77376.2050588627,79755.3073960884,22234.3609884806,64495.4969362298,25078.3905824631,86837.2547620724,65743.3993390402,38290.7622326678,34541.3958047803,57453.7474333980,8934.2578075228,49430.4126076809,42375.4959385910,31680.3263394654,50587.1596162139,55518.1068216537,47432.4221914383,53520.6729131928,11174.3959110321,44559.1334410120,89228.6369945455,78342.5784649777,69136.8758557223,38791.9213484214,79195.8444634983,45107.7222652079,49780.8148917123,41448.4417130385,49857.3175300995,37582.5699655190,41031.4679903021,43322.9790192793,43394.8316661561,42103.8641766794,38101.4825713319,82852.3772918908,28524.6140790840,20446.8310543286,75429.6591355307,28161.7458879005,39616.0296626221,19526.2501638206,17862.4768897976,51899.4326107461,44526.1616162568,55315.9625728340,26228.9021257470,58993.9212496045,26379.4269478833,56748.2827291517,53162.2441848748,27263.6239592616,12928.7295020896,57859.1954070798,26925.7769361687,34534.2977227306,43196.0620182307,30682.9845054915,45543.2541850104,47657.9562894959,52510.0695260599,39783.6790244890,31637.7200940219,21337.3052849992,36333.2928192515,39901.7038110843,10021.9333756160,46305.1300207256,56403.1355912236,2836.6273792389,58346.7496436584,35151.9224761624,37292.7845744679,39335.0213869153
850,0,0,0,0,0,0,0,0,0,0,0,0,0,0,0,0,0,0,0,0,0,0,0,0,0,0,0,0,0,0,0,0,0,0,0,0,0,0,0,0,0,0,0,0,0,0,0,0,0,0,0,0,0,0,0,0,0,0,0,0,0,0,0,0,0,0,0,0,0,0,0,0,0,0,0,0,0,0,0,0,0,0,0,0,0,0,0,0,0,0,0,0,0,0,0,0,0,0,0,0,0,0,0,0,0,0,0,0,0,0,0,0,0,0,0,0,0,0,0,0,0,0,0,0,0,0,0,0,0,0,0,0,0,0,0,0,0,0,0,0,0,0,0,0,0,0,0,0,0,0,0,0,0,0,0,0,0,0,0,0,0,0,0,0,0,0,0,0,0,0,0,0,0,0,0,0,0,0,0,0,0,0,0,0,0,0,0,0,0,0,0,0,0,0,0,0,0,0,0,0
851,0,0,0,0,0,0,0,0,0,0,0,0,0,0,0,0,0,0,0,0,0,0,0,0,0,0,0,0,0,0,0,0,0,0,0,0,0,0,0,0,0,0,0,0,0,0,0,0,0,0,0,0,0,0,0,0,0,0,0,0,0,0,0,0,0,0,0,0,0,0,0,0,0,0,0,0,0,0,0,0,0,0,0,0,0,0,0,0,0,0,0,0,0,0,0,0,0,0,0,0,0,0,0,0,0,0,0,0,0,0,0,0,0,0,0,0,0,0,0,0,0,0,0,0,0,0,0,0,0,0,0,0,0,0,0,0,0,0,0,0,0,0,0,0,0,0,0,0,0,0,0,0,0,0,0,0,0,0,0,0,0,0,0,0,0,0,0,0,0,0,0,0,0,0,0,0,0,0,0,0,0,0,0,0,0,0,0,0,0,0,0,0,0,0,0,0,0,0,0,0
852,0,0,0,0,0,0,0,0,0,0,0,0,0,0,0,0,0,0,0,0,0,0,0,0,0,0,0,0,0,0,0,0,0,0,0,0,0,0,0,0,0,0,0,0,0,0,0,0,0,0,0,0,0,0,0,0,0,0,0,0,0,0,0,0,0,0,0,0,0,0,0,0,0,0,0,0,0,0,0,0,0,0,0,0,0,0,0,0,0,0,0,0,0,0,0,0,0,0,0,0,0,0,0,0,0,0,0,0,0,0,0,0,0,0,0,0,0,0,0,0,0,0,0,0,0,0,0,0,0,0,0,0,0,0,0,0,0,0,0,0,0,0,0,0,0,0,0,0,0,0,0,0,0,0,0,0,0,0,0,0,0,0,0,0,0,0,0,0,0,0,0,0,0,0,0,0,0,0,0,0,0,0,0,0,0,0,0,0,0,0,0,0,0,0,0,0,0,0,0,0
853,0,0,0,0,0,0,0,0,0,0,0,0,0,0,0,0,0,0,0,0,0,0,0,0,0,0,0,0,0,0,0,0,0,0,0,0,0,0,0,0,0,0,0,0,0,0,0,0,0,0,0,0,0,0,0,0,0,0,0,0,0,0,0,0,0,0,0,0,0,0,0,0,0,0,0,0,0,0,0,0,0,0,0,0,0,0,0,0,0,0,0,0,0,0,0,0,0,0,0,0,0,0,0,0,0,0,0,0,0,0,0,0,0,0,0,0,0,0,0,0,0,0,0,0,0,0,0,0,0,0,0,0,0,0,0,0,0,0,0,0,0,0,0,0,0,0,0,0,0,0,0,0,0,0,0,0,0,0,0,0,0,0,0,0,0,0,0,0,0,0,0,0,0,0,0,0,0,0,0,0,0,0,0,0,0,0,0,0,0,0,0,0,0,0,0,0,0,0,0,0
854,0,0,0,0,0,0,0,0,0,0,0,0,0,0,0,0,0,0,0,0,0,0,0,0,0,0,0,0,0,0,0,0,0,0,0,0,0,0,0,0,0,0,0,0,0,0,0,0,0,0,0,0,0,0,0,0,0,0,0,0,0,0,0,0,0,0,0,0,0,0,0,0,0,0,0,0,0,0,0,0,0,0,0,0,0,0,0,0,0,0,0,0,0,0,0,0,0,0,0,0,0,0,0,0,0,0,0,0,0,0,0,0,0,0,0,0,0,0,0,0,0,0,0,0,0,0,0,0,0,0,0,0,0,0,0,0,0,0,0,0,0,0,0,0,0,0,0,0,0,0,0,0,0,0,0,0,0,0,0,0,0,0,0,0,0,0,0,0,0,0,0,0,0,0,0,0,0,0,0,0,0,0,0,0,0,0,0,0,0,0,0,0,0,0,0,0,0,0,0,0
855,27832.8713395639,109729.6987523344,92023.9493462563,59953.5319164879,42967.9044069406,74789.5362919401,107634.4040275723,43083.0346446491,46512.5285819809,70644.4845750727,22814.9673497537,84593.2606579831,11982.0034457475,73655.4641955636,68441.8829911100,97340.9334498210,21315.6906179221,35396.4576889115,84733.7070992521,55527.7059635877,85593.0299782615,61252.4803133298,55295.1689644012,35473.5043034967,63860.4422971746,36278.6797053250,22533.9900951422,10403.1971056371,51864.6043256745,73454.3811458834,52040.5851902135,96168.4169838987,22138.2371340151,27346.9482262897,7051.6803472380,76879.6369080306,36678.7852212843,70856.1711355137,26674.2488808785,84739.7168335428,100283.9459148644,37986.1632016764,41789.1320602395,55229.9944962311,42276.8698769205,97111.9885922646,22915.6178636539,34848.2753950678,72171.6354289243,23818.4075692527,86282.2569479693,96312.4985271969,23106.5166800523,57995.4709043584,74961.0069357570,61044.2872054130,34330.1194755395,32493.8385299325,11654.6023256197,52828.9646279876,15779.0453270659,60875.8751797326,61742.5800598899,33961.3839169631,17434.2903574162,53634.0011136965,76268.2029057141,77201.2397088223,65054.1684076463,32090.8426385646,47258.0092041511,85659.1089391366,436.7137467421,64342.6390579309,12200.7648641907,32403.2635636020,100608.9229433670,28161.9180703135,47903.9550631993,18692.0835207585,76507.0724499430,68459.0918235993,50375.6132879687,15294.5812520292,20379.1379108487,30831.1280175436,91464.9288076561,62607.4720454014,35138.1380607328,68394.7797275469,59002.6753423988,76209.2485037394,73311.9719167635,31382.3191463852,32078.7588338901,91935.1900140792,34008.5300010811,68055.6664736375,93586.9712443096,27448.7472031417,44082.3139773587,75381.7286187324,104805.8542862348,45592.6655486426,19584.5616198913,62817.8319244632,46692.9115296099,26455.6879229772,68686.2508256916,67543.0650582138,22473.1715768721,12678.1818626536,38011.7971696384,50730.5876813089,89827.1291664396,29352.4978633240,45500.6986798443,60763.4551015066,17877.4242987185,77837.4789357736,28567.9467056657,68284.7834136411,15665.6262028624,69149.2695699288,81928.3517286093,63680.0343251721,83473.6762397813,80753.3687159143,22307.7124866412,79348.3412521247,17983.8444605026,90506.4154676609,65320.0394242308,29200.5359620353,30154.5016485822,56950.5912666726,9277.3857075254,54468.1883467184,34510.3758841270,25571.8107100811,38227.4362824891,70223.3511387211,60574.0849683783,70070.3992529862,18323.1357003395,38825.5225355537,96491.0958146281,77987.2626402517,77439.7660265884,27424.7302807875,82487.1183413609,62154.9044346168,40210.5836046992,59178.6952210031,67804.3788943712,55460.3777483853,24161.9598820652,35256.3479549933,58585.9336533226,49354.7917235394,38194.1809718542,91011.8635620089,18875.2235729629,26322.8399920568,57928.5177932560,37586.9552185829,36078.3315768691,39.0470648425,9020.0133928112,69492.4901421045,29836.9948800294,58105.0896738790,43678.4270435895,75322.9257548867,10565.4318028127,74530.5601244804,49974.6940520290,28642.8348577226,10841.1041985460,68557.4701724202,10887.2380645095,48455.8040900957,61120.5862149052,12923.6250268962,32953.3051060166,64969.0305316951,58971.5166068533,22519.2879425621,16871.4924891805,29461.2881634426,19007.6407926662,56608.0546752344,14092.1815336367,56829.5372297641,73489.7763443411,18308.4161342382,64687.2905323734,52785.9338599015,52744.9558342644,52444.3077615290
856,25355.8662716015,109991.1411930375,88622.3916789140,63962.9198032509,44565.9970161105,70661.1332893403,105910.8792719209,39895.3433519679,48556.2060563856,69846.8435392510,26948.4922642347,85897.3347687443,9757.3295868124,71173.8799223214,64574.6107954534,96621.9516554165,23248.7736663336,34450.9522404504,84893.3826114686,51389.6764154487,83956.1892458923,61702.5203357750,53450.3121517345,38727.1149774402,60629.8466476496,36280.5640939151,24364.6420164179,8748.3655267375,51250.9997119632,69347.9100273045,48199.5734566262,96832.4106849562,18166.7902372287,30916.8725093514,11788.2944114438,73374.3523476150,40687.7750528534,69105.2565758518,23877.5135253934,83757.0384494353,99003.8624005135,40862.0352922773,42127.7274669972,52510.2140724022,40149.0593590021,97060.8687350114,22394.7163758605,36413.9611329888,72189.8670255493,27320.5421801573,85865.9955395728,94457.3071036960,22881.0190237816,53885.0158041056,71846.2710365590,59853.9190955579,36638.1795243525,33552.1708730108,13510.5729180209,53795.5652732686,19236.8923189136,57236.0271088612,61423.5199185759,30598.7401367630,13400.0560889953,50364.1458987889,74988.6698330401,73230.0723504443,60905.6416556347,30834.3605114997,43194.0628003459,86498.5812279435,275.1076681808,61766.8449369595,13857.5634356127,30427.0609510029,100934.5017435439,28781.3119378114,46636.7737333932,15785.9675972547,76072.3630315094,64383.0131055278,50504.5864224047,19047.6263094869,18646.5858342271,33302.1355520721,90100.9073341577,58507.5650421512,32239.0151212836,64881.7753961517,55035.8055119822,72409.4676864865,69164.5317996924,35106.8850868945,32083.0496699265,92296.6317783555,38151.5693094461,64034.7656933450,92556.8043312340,30231.3968167156,43646.7852963909,73263.2194716572,104813.9355369178,42900.7250341125,23608.4289538077,61057.6213379813,43063.6292691757,23007.6556708607,67408.6818503315,64591.5558686295,25455.3213942000,8874.3040429601,40257.7916596948,48488.3704047659,89727.7671792560,33400.3955874502,46441.0187246374,58583.9373453704,20667.4885091769,76960.0497711236,27402.4894329657,66183.6574213718,15431.8420564424,68799.9445714593,82408.6851702887,62905.1800359245,82165.5957034778,80603.6751643211,20548.9160548581,76047.2521625677,18775.0279702695,89779.6063760500,65416.1528443919,31005.5651933925,29856.2539468950,57000.5162066348,8468.6457075289,53221.2361168711,35267.6697513215,26453.4143413531,41040.9219647629,66937.1955158062,57600.1206140614,66358.9356132090,15485.5297685138,39926.9391948672,94960.1669657455,78139.0427227169,75608.3363706310,29099.4023923912,81816.3011660818,58313.9587357733,42315.2889095094,55031.4563921788,63676.7395488045,51382.6301307380,28091.0333171127,36901.3008361610,55160.6760427639,47564.9600780406,37850.9925316615,89260.5797333724,19708.6926550421,24304.2287493014,61827.0321885882,35170.8605284468,36576.3456749583,4819.3520569764,9143.7549303467,65353.5835793853,33205.3984224395,57401.5022467163,39717.3535886179,71670.5186431481,13991.3158171666,70491.5076105594,50594.7158512347,26885.2182010286,4208.2447345416,66153.3232059037,13949.3475921848,45253.4362801773,56980.6755630376,17050.1214562458,35777.4159500199,60853.6064900767,57445.8389470239,26275.7764676700,19526.5387958221,26415.4742911003,23039.5075354265,52840.7255058866,10530.5524679730,54398.1754399481,69401.4257309163,14185.0159312371,63229.6436275392,48785.8830557767,49244.0407572514,49435.1519414492
857,0,0,0,0,0,0,0,0,0,0,0,0,0,0,0,0,0,0,0,0,0,0,0,0,0,0,0,0,0,0,0,0,0,0,0,0,0,0,0,0,0,0,0,0,0,0,0,0,0,0,0,0,0,0,0,0,0,0,0,0,0,0,0,0,0,0,0,0,0,0,0,0,0,0,0,0,0,0,0,0,0,0,0,0,0,0,0,0,0,0,0,0,0,0,0,0,0,0,0,0,0,0,0,0,0,0,0,0,0,0,0,0,0,0,0,0,0,0,0,0,0,0,0,0,0,0,0,0,0,0,0,0,0,0,0,0,0,0,0,0,0,0,0,0,0,0,0,0,0,0,0,0,0,0,0,0,0,0,0,0,0,0,0,0,0,0,0,0,0,0,0,0,0,0,0,0,0,0,0,0,0,0,0,0,0,0,0,0,0,0,0,0,0,0,0,0,0,0,0,0
858,28576.4223301510,106561.2882492386,87219.2631621384,64280.3848908274,41235.5353267528,71715.7533797011,103075.9516641744,38233.0678492610,51159.1193604109,66617.8146223923,26258.7965459691,82492.2772513932,7129.9632942394,68825.7161702548,63992.8263998414,93376.2469568662,25876.4097682769,31243.4241589687,81471.4404482567,51887.4941147601,81071.7495882059,58256.9006369749,50666.6823987329,36278.4137637822,59012.4235301376,39636.5545545981,21156.3496435822,12197.2160585443,47960.8356292125,69568.2687951026,47574.7304959885,93383.3160865723,20079.3416846497,32147.8069524601,11447.4690483627,72122.8245267056,39366.1820756851,66276.3499791570,21794.1775166284,80592.9621832095,95957.3862822857,42853.9081279713,38684.3008534898,50359.2736739425,37531.5642043887,93667.5630263884,25809.5469505006,39260.4845916486,68782.9607113835,25209.3332217566,82539.8602446536,91692.9436336219,19477.4112395380,55089.2765081586,70091.8301921625,56758.5051806615,33568.9640914811,30136.6058579969,10457.5699481648,50360.3290716559,20635.2324780418,56207.8536938100,58069.9951697794,33268.7523192492,13556.6911091968,48798.5127134701,71935.9197767783,72912.6448332709,61614.0580463078,34278.2313755754,43242.6552983244,83052.5228119318,3284.4646222954,59493.0267272222,16570.7996918483,27700.1246222601,97498.8584011775,31977.1612350338,43563.8195794316,18885.1314176631,72748.1917361432,65737.8150254606,47079.4019040297,17406.9935374009,15742.4924390151,35611.4426576704,87088.5944584135,58702.9499975246,30258.5665793529,63645.0067188415,54723.4103827165,71673.4304966388,69802.1266041940,33235.5701072215,28661.8186334175,88857.9421016801,37499.0012541934,63884.0179037147,89411.6658646262,27456.8115834567,40308.4374445939,70654.9698788488,101412.7976624335,40722.9415089888,23986.6104291479,58230.5206910360,42030.6157315186,25646.2100135899,64352.3156288458,62663.2289300178,27345.3261211883,11367.4663045538,42727.7887481892,45954.9536065988,86341.0423520644,32238.2024110145,43005.7906959433,56011.6651621447,17992.5344988179,73758.5691564904,24261.0079444908,63562.0270489970,18783.2651854310,65455.0538539413,78963.1893702349,59666.4872112440,79127.0780821679,77223.7686386055,23959.2662702650,74514.2804487153,15354.1511010392,86534.8382375135,61998.2649002705,27759.2694318356,33253.5912288030,53586.0542325028,6664.9707269433,50144.8251196987,38432.7027248818,23026.3338262129,38237.8164526143,65387.1601710208,55695.0790913081,65452.8147557110,13447.4262156861,36511.2351410253,92025.7367828971,74717.1070407348,72826.1120963831,31879.3531180128,78553.6523348390,57677.3145321972,39145.5624888876,55861.3870645278,64052.1076229101,51476.2140837047,26648.0558418703,33593.7480332512,53800.1814785240,44746.3931523638,34488.5539611097,86437.4871348097,22806.0431645593,21592.5514736586,62440.2591191489,32758.3312528724,33127.3801901201,8086.2624664618,2898.4529867062,66312.7489402293,30898.7262761777,54139.3713654473,39415.4128399653,70655.8488892457,12074.9284616956,70400.0895533461,47145.6327613305,30283.4395593634,10683.3194962689,63744.3856791926,15752.6147811684,43606.4574421422,57491.8255161959,16448.8725344596,33001.2931672129,62014.7571715266,54496.3677112260,27229.1456819485,21676.3155369520,29350.1872016727,21922.5159758248,52053.1853668958,9562.3161417956,52006.8517930042,70695.4065718219,15591.3102903250,60250.8890636834,48585.3787834217,47997.7763158693,47567.7118592015
859,0,0,0,0,0,0,0,0,0,0,0,0,0,0,0,0,0,0,0,0,0,0,0,0,0,0,0,0,0,0,0,0,0,0,0,0,0,0,0,0,0,0,0,0,0,0,0,0,0,0,0,0,0,0,0,0,0,0,0,0,0,0,0,0,0,0,0,0,0,0,0,0,0,0,0,0,0,0,0,0,0,0,0,0,0,0,0,0,0,0,0,0,0,0,0,0,0,0,0,0,0,0,0,0,0,0,0,0,0,0,0,0,0,0,0,0,0,0,0,0,0,0,0,0,0,0,0,0,0,0,0,0,0,0,0,0,0,0,0,0,0,0,0,0,0,0,0,0,0,0,0,0,0,0,0,0,0,0,0,0,0,0,0,0,0,0,0,0,0,0,0,0,0,0,0,0,0,0,0,0,0,0,0,0,0,0,0,0,0,0,0,0,0,0,0,0,0,0,0,0
860,0,0,0,0,0,0,0,0,0,0,0,0,0,0,0,0,0,0,0,0,0,0,0,0,0,0,0,0,0,0,0,0,0,0,0,0,0,0,0,0,0,0,0,0,0,0,0,0,0,0,0,0,0,0,0,0,0,0,0,0,0,0,0,0,0,0,0,0,0,0,0,0,0,0,0,0,0,0,0,0,0,0,0,0,0,0,0,0,0,0,0,0,0,0,0,0,0,0,0,0,0,0,0,0,0,0,0,0,0,0,0,0,0,0,0,0,0,0,0,0,0,0,0,0,0,0,0,0,0,0,0,0,0,0,0,0,0,0,0,0,0,0,0,0,0,0,0,0,0,0,0,0,0,0,0,0,0,0,0,0,0,0,0,0,0,0,0,0,0,0,0,0,0,0,0,0,0,0,0,0,0,0,0,0,0,0,0,0,0,0,0,0,0,0,0,0,0,0,0,0
861,0,0,0,0,0,0,0,0,0,0,0,0,0,0,0,0,0,0,0,0,0,0,0,0,0,0,0,0,0,0,0,0,0,0,0,0,0,0,0,0,0,0,0,0,0,0,0,0,0,0,0,0,0,0,0,0,0,0,0,0,0,0,0,0,0,0,0,0,0,0,0,0,0,0,0,0,0,0,0,0,0,0,0,0,0,0,0,0,0,0,0,0,0,0,0,0,0,0,0,0,0,0,0,0,0,0,0,0,0,0,0,0,0,0,0,0,0,0,0,0,0,0,0,0,0,0,0,0,0,0,0,0,0,0,0,0,0,0,0,0,0,0,0,0,0,0,0,0,0,0,0,0,0,0,0,0,0,0,0,0,0,0,0,0,0,0,0,0,0,0,0,0,0,0,0,0,0,0,0,0,0,0,0,0,0,0,0,0,0,0,0,0,0,0,0,0,0,0,0,0
862,0,0,0,0,0,0,0,0,0,0,0,0,0,0,0,0,0,0,0,0,0,0,0,0,0,0,0,0,0,0,0,0,0,0,0,0,0,0,0,0,0,0,0,0,0,0,0,0,0,0,0,0,0,0,0,0,0,0,0,0,0,0,0,0,0,0,0,0,0,0,0,0,0,0,0,0,0,0,0,0,0,0,0,0,0,0,0,0,0,0,0,0,0,0,0,0,0,0,0,0,0,0,0,0,0,0,0,0,0,0,0,0,0,0,0,0,0,0,0,0,0,0,0,0,0,0,0,0,0,0,0,0,0,0,0,0,0,0,0,0,0,0,0,0,0,0,0,0,0,0,0,0,0,0,0,0,0,0,0,0,0,0,0,0,0,0,0,0,0,0,0,0,0,0,0,0,0,0,0,0,0,0,0,0,0,0,0,0,0,0,0,0,0,0,0,0,0,0,0,0
863,0,0,0,0,0,0,0,0,0,0,0,0,0,0,0,0,0,0,0,0,0,0,0,0,0,0,0,0,0,0,0,0,0,0,0,0,0,0,0,0,0,0,0,0,0,0,0,0,0,0,0,0,0,0,0,0,0,0,0,0,0,0,0,0,0,0,0,0,0,0,0,0,0,0,0,0,0,0,0,0,0,0,0,0,0,0,0,0,0,0,0,0,0,0,0,0,0,0,0,0,0,0,0,0,0,0,0,0,0,0,0,0,0,0,0,0,0,0,0,0,0,0,0,0,0,0,0,0,0,0,0,0,0,0,0,0,0,0,0,0,0,0,0,0,0,0,0,0,0,0,0,0,0,0,0,0,0,0,0,0,0,0,0,0,0,0,0,0,0,0,0,0,0,0,0,0,0,0,0,0,0,0,0,0,0,0,0,0,0,0,0,0,0,0,0,0,0,0,0,0
864,0,0,0,0,0,0,0,0,0,0,0,0,0,0,0,0,0,0,0,0,0,0,0,0,0,0,0,0,0,0,0,0,0,0,0,0,0,0,0,0,0,0,0,0,0,0,0,0,0,0,0,0,0,0,0,0,0,0,0,0,0,0,0,0,0,0,0,0,0,0,0,0,0,0,0,0,0,0,0,0,0,0,0,0,0,0,0,0,0,0,0,0,0,0,0,0,0,0,0,0,0,0,0,0,0,0,0,0,0,0,0,0,0,0,0,0,0,0,0,0,0,0,0,0,0,0,0,0,0,0,0,0,0,0,0,0,0,0,0,0,0,0,0,0,0,0,0,0,0,0,0,0,0,0,0,0,0,0,0,0,0,0,0,0,0,0,0,0,0,0,0,0,0,0,0,0,0,0,0,0,0,0,0,0,0,0,0,0,0,0,0,0,0,0,0,0,0,0,0,0
865,0,0,0,0,0,0,0,0,0,0,0,0,0,0,0,0,0,0,0,0,0,0,0,0,0,0,0,0,0,0,0,0,0,0,0,0,0,0,0,0,0,0,0,0,0,0,0,0,0,0,0,0,0,0,0,0,0,0,0,0,0,0,0,0,0,0,0,0,0,0,0,0,0,0,0,0,0,0,0,0,0,0,0,0,0,0,0,0,0,0,0,0,0,0,0,0,0,0,0,0,0,0,0,0,0,0,0,0,0,0,0,0,0,0,0,0,0,0,0,0,0,0,0,0,0,0,0,0,0,0,0,0,0,0,0,0,0,0,0,0,0,0,0,0,0,0,0,0,0,0,0,0,0,0,0,0,0,0,0,0,0,0,0,0,0,0,0,0,0,0,0,0,0,0,0,0,0,0,0,0,0,0,0,0,0,0,0,0,0,0,0,0,0,0,0,0,0,0,0,0
866,0,0,0,0,0,0,0,0,0,0,0,0,0,0,0,0,0,0,0,0,0,0,0,0,0,0,0,0,0,0,0,0,0,0,0,0,0,0,0,0,0,0,0,0,0,0,0,0,0,0,0,0,0,0,0,0,0,0,0,0,0,0,0,0,0,0,0,0,0,0,0,0,0,0,0,0,0,0,0,0,0,0,0,0,0,0,0,0,0,0,0,0,0,0,0,0,0,0,0,0,0,0,0,0,0,0,0,0,0,0,0,0,0,0,0,0,0,0,0,0,0,0,0,0,0,0,0,0,0,0,0,0,0,0,0,0,0,0,0,0,0,0,0,0,0,0,0,0,0,0,0,0,0,0,0,0,0,0,0,0,0,0,0,0,0,0,0,0,0,0,0,0,0,0,0,0,0,0,0,0,0,0,0,0,0,0,0,0,0,0,0,0,0,0,0,0,0,0,0,0
867,0,0,0,0,0,0,0,0,0,0,0,0,0,0,0,0,0,0,0,0,0,0,0,0,0,0,0,0,0,0,0,0,0,0,0,0,0,0,0,0,0,0,0,0,0,0,0,0,0,0,0,0,0,0,0,0,0,0,0,0,0,0,0,0,0,0,0,0,0,0,0,0,0,0,0,0,0,0,0,0,0,0,0,0,0,0,0,0,0,0,0,0,0,0,0,0,0,0,0,0,0,0,0,0,0,0,0,0,0,0,0,0,0,0,0,0,0,0,0,0,0,0,0,0,0,0,0,0,0,0,0,0,0,0,0,0,0,0,0,0,0,0,0,0,0,0,0,0,0,0,0,0,0,0,0,0,0,0,0,0,0,0,0,0,0,0,0,0,0,0,0,0,0,0,0,0,0,0,0,0,0,0,0,0,0,0,0,0,0,0,0,0,0,0,0,0,0,0,0,0
868,0,0,0,0,0,0,0,0,0,0,0,0,0,0,0,0,0,0,0,0,0,0,0,0,0,0,0,0,0,0,0,0,0,0,0,0,0,0,0,0,0,0,0,0,0,0,0,0,0,0,0,0,0,0,0,0,0,0,0,0,0,0,0,0,0,0,0,0,0,0,0,0,0,0,0,0,0,0,0,0,0,0,0,0,0,0,0,0,0,0,0,0,0,0,0,0,0,0,0,0,0,0,0,0,0,0,0,0,0,0,0,0,0,0,0,0,0,0,0,0,0,0,0,0,0,0,0,0,0,0,0,0,0,0,0,0,0,0,0,0,0,0,0,0,0,0,0,0,0,0,0,0,0,0,0,0,0,0,0,0,0,0,0,0,0,0,0,0,0,0,0,0,0,0,0,0,0,0,0,0,0,0,0,0,0,0,0,0,0,0,0,0,0,0,0,0,0,0,0,0
869,0,0,0,0,0,0,0,0,0,0,0,0,0,0,0,0,0,0,0,0,0,0,0,0,0,0,0,0,0,0,0,0,0,0,0,0,0,0,0,0,0,0,0,0,0,0,0,0,0,0,0,0,0,0,0,0,0,0,0,0,0,0,0,0,0,0,0,0,0,0,0,0,0,0,0,0,0,0,0,0,0,0,0,0,0,0,0,0,0,0,0,0,0,0,0,0,0,0,0,0,0,0,0,0,0,0,0,0,0,0,0,0,0,0,0,0,0,0,0,0,0,0,0,0,0,0,0,0,0,0,0,0,0,0,0,0,0,0,0,0,0,0,0,0,0,0,0,0,0,0,0,0,0,0,0,0,0,0,0,0,0,0,0,0,0,0,0,0,0,0,0,0,0,0,0,0,0,0,0,0,0,0,0,0,0,0,0,0,0,0,0,0,0,0,0,0,0,0,0,0
870,0,0,0,0,0,0,0,0,0,0,0,0,0,0,0,0,0,0,0,0,0,0,0,0,0,0,0,0,0,0,0,0,0,0,0,0,0,0,0,0,0,0,0,0,0,0,0,0,0,0,0,0,0,0,0,0,0,0,0,0,0,0,0,0,0,0,0,0,0,0,0,0,0,0,0,0,0,0,0,0,0,0,0,0,0,0,0,0,0,0,0,0,0,0,0,0,0,0,0,0,0,0,0,0,0,0,0,0,0,0,0,0,0,0,0,0,0,0,0,0,0,0,0,0,0,0,0,0,0,0,0,0,0,0,0,0,0,0,0,0,0,0,0,0,0,0,0,0,0,0,0,0,0,0,0,0,0,0,0,0,0,0,0,0,0,0,0,0,0,0,0,0,0,0,0,0,0,0,0,0,0,0,0,0,0,0,0,0,0,0,0,0,0,0,0,0,0,0,0,0
871,0,0,0,0,0,0,0,0,0,0,0,0,0,0,0,0,0,0,0,0,0,0,0,0,0,0,0,0,0,0,0,0,0,0,0,0,0,0,0,0,0,0,0,0,0,0,0,0,0,0,0,0,0,0,0,0,0,0,0,0,0,0,0,0,0,0,0,0,0,0,0,0,0,0,0,0,0,0,0,0,0,0,0,0,0,0,0,0,0,0,0,0,0,0,0,0,0,0,0,0,0,0,0,0,0,0,0,0,0,0,0,0,0,0,0,0,0,0,0,0,0,0,0,0,0,0,0,0,0,0,0,0,0,0,0,0,0,0,0,0,0,0,0,0,0,0,0,0,0,0,0,0,0,0,0,0,0,0,0,0,0,0,0,0,0,0,0,0,0,0,0,0,0,0,0,0,0,0,0,0,0,0,0,0,0,0,0,0,0,0,0,0,0,0,0,0,0,0,0,0
872,0,0,0,0,0,0,0,0,0,0,0,0,0,0,0,0,0,0,0,0,0,0,0,0,0,0,0,0,0,0,0,0,0,0,0,0,0,0,0,0,0,0,0,0,0,0,0,0,0,0,0,0,0,0,0,0,0,0,0,0,0,0,0,0,0,0,0,0,0,0,0,0,0,0,0,0,0,0,0,0,0,0,0,0,0,0,0,0,0,0,0,0,0,0,0,0,0,0,0,0,0,0,0,0,0,0,0,0,0,0,0,0,0,0,0,0,0,0,0,0,0,0,0,0,0,0,0,0,0,0,0,0,0,0,0,0,0,0,0,0,0,0,0,0,0,0,0,0,0,0,0,0,0,0,0,0,0,0,0,0,0,0,0,0,0,0,0,0,0,0,0,0,0,0,0,0,0,0,0,0,0,0,0,0,0,0,0,0,0,0,0,0,0,0,0,0,0,0,0,0
873,0,0,0,0,0,0,0,0,0,0,0,0,0,0,0,0,0,0,0,0,0,0,0,0,0,0,0,0,0,0,0,0,0,0,0,0,0,0,0,0,0,0,0,0,0,0,0,0,0,0,0,0,0,0,0,0,0,0,0,0,0,0,0,0,0,0,0,0,0,0,0,0,0,0,0,0,0,0,0,0,0,0,0,0,0,0,0,0,0,0,0,0,0,0,0,0,0,0,0,0,0,0,0,0,0,0,0,0,0,0,0,0,0,0,0,0,0,0,0,0,0,0,0,0,0,0,0,0,0,0,0,0,0,0,0,0,0,0,0,0,0,0,0,0,0,0,0,0,0,0,0,0,0,0,0,0,0,0,0,0,0,0,0,0,0,0,0,0,0,0,0,0,0,0,0,0,0,0,0,0,0,0,0,0,0,0,0,0,0,0,0,0,0,0,0,0,0,0,0,0
874,0,0,0,0,0,0,0,0,0,0,0,0,0,0,0,0,0,0,0,0,0,0,0,0,0,0,0,0,0,0,0,0,0,0,0,0,0,0,0,0,0,0,0,0,0,0,0,0,0,0,0,0,0,0,0,0,0,0,0,0,0,0,0,0,0,0,0,0,0,0,0,0,0,0,0,0,0,0,0,0,0,0,0,0,0,0,0,0,0,0,0,0,0,0,0,0,0,0,0,0,0,0,0,0,0,0,0,0,0,0,0,0,0,0,0,0,0,0,0,0,0,0,0,0,0,0,0,0,0,0,0,0,0,0,0,0,0,0,0,0,0,0,0,0,0,0,0,0,0,0,0,0,0,0,0,0,0,0,0,0,0,0,0,0,0,0,0,0,0,0,0,0,0,0,0,0,0,0,0,0,0,0,0,0,0,0,0,0,0,0,0,0,0,0,0,0,0,0,0,0
875,0,0,0,0,0,0,0,0,0,0,0,0,0,0,0,0,0,0,0,0,0,0,0,0,0,0,0,0,0,0,0,0,0,0,0,0,0,0,0,0,0,0,0,0,0,0,0,0,0,0,0,0,0,0,0,0,0,0,0,0,0,0,0,0,0,0,0,0,0,0,0,0,0.0000000000,0,0,0,0,0,0,0,0,0,0,0,0,0,0,0,0,0,0,0,0,0,0,0,0,0,0,0,0,0,0,0,0,0,0,0,0,0,0,0,0,0,0,0,0,0,0,0,0,0,0,0,0,0,0,0,0,0,0,0,0,0,0,0,0,0,0,0,0,0,0,0,0,0,0,0,0,0,0,0,0,0,0,0,0,0,0,0,0,0,0,0,0,0,0,0,0,0,0,0,0,0,0,0,0,0,0,0,0,0,0,0,0,0,0,0,0,0,0,0,0,0,0,0,0,0,0,0
876,0,0,0,0,0,0,0,0,0,0,0,0,0,0,0,0,0,0,0,0,0,0,0,0,0,0,0,0,0,0,0,0,0,0,0,0,0,0,0,0,0,0,0,0,0,0,0,0,0,0,0,0,0,0,0,0,0,0,0,0,0,0,0,0,0,0,0,0,0,0,0,0,0,0,0,0,0,0,0,0,0,0,0,0,0,0,0,0,0,0,0,0,0,0,0,0,0,0,0,0,0,0,0,0,0,0,0,0,0,0,0,0,0,0,0,0,0,0,0,0,0,0,0,0,0,0,0,0,0,0,0,0,0,0,0,0,0,0,0,0,0,0,0,0,0,0,0,0,0,0,0,0,0,0,0,0,0,0,0,0,0,0,0,0,0,0,0,0,0,0,0,0,0,0,0,0,0,0,0,0,0,0,0,0,0,0,0,0,0,0,0,0,0,0,0,0,0,0,0,0
877,0,0,0,0,0,0,0,0,0,0,0,0,0,0,0,0,0,0,0,0,0,0,0,0,0,0,0,0,0,0,0,0,0,0,0,0,0,0,0,0,0,0,0,0,0,0,0,0,0,0,0,0,0,0,0,0,0,0,0,0,0,0,0,0,0,0,0,0,0,0,0,0,0,0,0,0,0,0,0,0,0,0,0,0,0,0,0,0,0,0,0,0,0,0,0,0,0,0,0,0,0,0,0,0,0,0,0,0,0,0,0,0,0,0,0,0,0,0,0,0,0,0,0,0,0,0,0,0,0,0,0,0,0,0,0,0,0,0,0,0,0,0,0,0,0,0,0,0,0,0,0,0,0,0,0,0,0,0,0,0,0,0,0,0,0,0,0,0,0,0,0,0,0,0,0,0,0,0,0,0,0,0,0,0,0,0,0,0,0,0,0,0,0,0,0,0,0,0,0,0
878,26636.0389091231,109104.3115334095,89059.7803547661,63102.0937471374,43373.9081493966,71844.5898010925,105622.9448064936,40207.9886256478,48679.9266997152,69245.0914603675,25794.4601708301,84772.3534278292,9533.1087569081,71171.5378128369,65309.9909508977,96003.3201447602,23375.7981412664,33869.4915898550,84028.0107546418,52438.7056084769,83633.5043020977,60757.9466892256,53191.7211313581,37361.1063141015,60971.7120634910,37037.5086634011,23116.2034253829,9800.0504311032,50585.1273814768,70329.1748791842,48913.5843109850,95846.4039605406,19474.2187505770,30357.5089737289,11451.5214436570,73869.3198763243,39423.8340426793,68819.1051105201,23981.9000380780,83216.6357539897,98562.4671795741,40648.0480258388,41198.2620799436,52604.5350182125,39988.6516458043,96253.0663841809,23261.2216743944,36695.1823089195,71357.7563273659,25962.5323400552,85156.5791882378,94215.1871040950,22063.8358259329,55094.9921825091,72131.4388655401,59371.8158715152,35336.9857262835,32452.7047128165,12228.5800785212,52730.4455797926,18723.2676746613,57811.2473118703,60678.7086576403,31963.9721684001,14290.8510321546,50724.0077266756,74541.5981648160,74053.7530399256,62009.7928838992,31893.6509102066,44116.3841806848,85470.9971241383,174.5725352307,61801.6570165725,14028.1751514294,30196.3108185053,100030.3221885024,29349.8674937254,46171.9090355975,17111.2179028035,75365.6178481379,65623.6787467192,49633.9092504976,17723.0625859758,18292.7939418070,33248.6222059423,89685.7726213390,59478.7835739183,32402.9939676776,65380.2704069416,55855.2946465901,73094.3798782994,70253.7078011687,33769.1848153374,31225.7767194303,91382.1010252145,37016.8264225737,64907.4269358807,92033.3443821296,28882.3055600263,42923.4509147624,73115.5333292236,103991.6995308428,42977.7098401117,22733.0808966884,60771.7985638965,43629.6230701342,24373.6406604599,66958.4186960805,64796.1106756447,25177.4452119648,10229.7603205703,40299.1587389479,48379.3187554083,88931.4694747323,32159.4260544576,45377.3879488097,58455.0710760223,19313.1857980285,76385.0471448810,26878.8059274206,66027.1122201230,16189.6331120875,68066.6115843148,81463.1938750719,62293.7650577967,81729.9669650795,79818.8399531005,21694.9511568397,76428.7946100520,17697.8837607414,89161.9533696730,64561.3624698171,29769.3967105697,30683.2106307406,56153.9740815011,9237.9597838392,52754.1611096072,35806.3620439814,25379.3500181075,39692.5604030430,67309.4515163094,57813.4637667876,66981.9559293930,15586.5722327961,38825.1093107512,94602.8003669941,77274.0225984888,75353.3801061106,29331.4550737469,81180.0116879549,59028.6623932218,41042.9211526056,56162.1767635092,64698.2165607433,52322.3717925518,26801.0646337472,35696.1891168615,55606.8724544987,47282.5832297242,37095.5762195994,88979.7703794278,20183.5013228353,24077.7470869905,61061.4666142189,35122.4303421516,35603.0621914936,3845.9564195683,7008.0400038139,66515.7696120717,31840.7113757323,56765.9730299899,40531.1469392017,72255.2757545685,12636.1250676777,71383.7776873237,49604.6434159092,28043.0095031724,6763.0779953956,66117.4614224770,13598.1611600349,45576.1107972663,58035.1842951164,15893.5938224819,34427.1784507994,62056.7936341123,57075.3189319862,25602.7552154911,19369.7992517071,27763.0290224707,21795.6906300935,53500.9769482363,11023.2992350671,54369.2371602262,70631.7899339179,15395.3414136444,62838.3305065871,49637.2131667462,49732.6664975102,49662.6276250598
879,24404.5826510495,113544.5546968633,93440.1591383387,59981.7859749762,46836.2943950538,73586.3471210179,110662.9888228724,44808.8034333610,43664.2221010564,74139.9418794475,24375.8102386421,88477.1364955617,14555.6518785347,76112.2034541449,68999.7935601425,100875.4839804086,18354.0454973012,38800.4613000111,88525.4321481811,54985.4790167528,88671.1944688035,65089.9284563904,58230.9787245229,38699.3318439534,65522.2942995322,32465.0978633054,26394.0136819547,11773.0258257788,55421.1138464800,73149.8956720308,52681.4049543561,100037.3950928116,20528.6932817308,26350.1901226427,9465.9826997686,78140.6768840101,38751.1905386778,73859.2775251019,28831.7605360162,88160.9803161292,103565.5972754509,35933.4065760148,45599.2412647644,57465.1662189466,45007.6671799402,100858.4128502551,19028.1958215543,31657.1992761606,75929.1888107691,26872.8195759870,89922.1142767024,99253.6396427626,26747.3941026981,56689.6187364306,76765.6546913426,64358.5069774136,38065.8070604994,36379.1876863581,15537.2767909461,56714.2266282009,14664.8019990781,61917.4360344761,65404.5759658868,31195.2670153595,17719.5900265576,55248.6762778116,79543.9384778579,77463.1285462700,64252.1434872690,28237.0911043077,47223.5665324894,89540.7971640304,4161.5735656675,66714.0770455056,8990.3126618364,35230.9830816525,104433.8982486775,24501.8236461325,51170.5615958719,15677.9224181894,80138.1122610518,66949.6083969866,54149.3040436976,18141.5156064872,23331.4410952677,28347.0622925098,94700.4451026348,62358.3150010379,37193.6151243028,69647.4703809354,59298.2338866708,76919.2895678688,72561.5754577366,34093.2602483935,35805.2958843432,95764.9533993394,35347.5561007126,68158.0576496779,96988.9992526955,31015.9530628132,47694.7880372718,78132.6293567254,108567.6956401146,47853.7990405514,19863.5419209324,65811.9891031251,47768.4523622260,23857.0010764639,71960.1309017322,69537.8617934482,20573.7266559896,11026.8779783518,35324.3050150937,53379.6630074246,93560.0237737977,31336.1344716734,49383.6152290492,63464.4979405194,21498.3936447943,81302.4582354945,31856.3083156774,71046.8596863558,11784.0036755087,72805.0846689904,85774.4131493213,67181.5729437485,86736.8119632444,84470.9095660449,18601.7269711607,80911.3106796900,21830.1713499314,94036.3641153764,69093.1893082949,33054.2681949779,26288.8325987901,60709.8560325358,10163.8255469894,57750.1249999062,30913.5216583097,29441.3021814817,41743.7148129781,71809.3930165551,62544.9046067447,70969.6372812464,20437.4560639986,42713.4773841553,99634.4834271106,81775.9316924846,80392.7050722938,24291.3154861853,86036.4619302852,62782.7977256036,43993.8656913154,58268.8025632422,67348.9761574947,55342.8549942155,26542.9550122013,39123.9561759909,59980.0160176177,52322.7451222133,41830.1449070317,94019.9628936797,15262.2730396390,29110.5899453921,57601.5747068954,40089.7363344980,39910.7318266056,1350.5225455432,11178.2252699071,68407.4090412158,32985.7668199838,61631.7120633419,44021.2787557174,76331.6060241916,13906.6472874405,74556.2301429844,53831.3319072337,24905.4058331696,8350.7996351600,71080.1530813091,9197.2581372124,50160.2374824458,60542.1556629015,14756.5048598349,36478.7293353264,63681.3094031140,62105.7014698549,21951.8710431474,14589.0053926891,26418.8209498276,21166.7117633248,57405.8758262698,15394.5582457226,59326.8593077137,72030.9012603507,17400.4484546717,67862.8227937300,52984.9042980786,54027.5799499923,54377.2286214747
880,0,0,0,0,0,0,0,0,0,0,0,0,0,0,0,0,0,0,0,0,0,0,0,0,0,0,0,0,0,0,0,0,0,0,0,0,0,0,0,0,0,0,0,0,0,0,0,0,0,0,0,0,0,0,0,0,0,0,0,0,0,0,0,0,0,0,0,0,0,0,0,0,0,0,0,0,0,0,0,0,0,0,0,0,0,0,0,0,0,0,0,0,0,0,0,0,0,0,0,0,0,0,0,0,0,0,0,0,0,0,0,0,0,0,0,0,0,0,0,0,0,0,0,0,0,0,0,0,0,0,0,0,0,0,0,0,0,0,0,0,0,0,0,0,0,0,0,0,0,0,0,0,0,0,0,0,0,0,0,0,0,0,0,0,0,0,0,0,0,0,0,0,0,0,0,0,0,0,0,0,0,0,0,0,0,0,0,0,0,0,0,0,0,0,0,0,0,0,0,0
881,0,0,0,0,0,0,0,0,0,0,0,0,0,0,0,0,0,0,0,0,0,0,0,0,0,0,0,0,0,0,0,0,0,0,0,0,0,0,0,0,0,0,0,0,0,0,0,0,0,0,0,0,0,0,0,0,0,0,0,0,0,0,0,0,0,0,0,0,0,0,0,0,0,0,0,0,0,0,0,0,0,0,0,0,0,0,0,0,0,0,0,0,0,0,0,0,0,0,0,0,0,0,0,0,0,0,0,0,0,0,0,0,0,0,0,0,0,0,0,0,0,0,0,0,0,0,0,0,0,0,0,0,0,0,0,0,0,0,0,0,0,0,0,0,0,0,0,0,0,0,0,0,0,0,0,0,0,0,0,0,0,0,0,0,0,0,0,0,0,0,0,0,0,0,0,0,0,0,0,0,0,0,0,0,0,0,0,0,0,0,0,0,0,0,0,0,0,0,0,0
882,25321.8247045941,107775.0072126408,76197.7605041060,77113.9371348666,48062.2536802709,58829.5088464363,97718.8320748988,28358.7488996041,59185.3316443829,64892.8850667447,39452.7035313099,87322.5162084383,10101.8629774601,61140.6410280087,51446.9086927968,91496.7033473911,34413.4055297784,30654.2962526604,82660.5902003606,38707.5508488774,76215.6410269553,60898.8683766797,45656.6494395401,47646.7598394044,48700.9303726111,42819.2756371331,30167.1913189519,16587.8060436572,47445.5325333156,56394.2018833580,35108.0344891010,96038.4748092156,10873.9872696213,43922.1417983098,24532.6147403283,60778.8244099090,52332.0546551022,61238.5132123011,14784.4784929994,77987.4502639915,92162.2967136701,52998.8300186210,41835.0756873989,42071.9811877546,31985.0217901696,93998.0254823590,28907.9157226580,46407.7035544339,69745.8910400093,37461.9353130676,81812.0152675916,85975.2633830412,23103.1184116553,42423.2220575614,60126.9880908418,53920.7154253122,42734.4611403399,36141.5216426480,21445.9371186388,54902.7221415655,32230.5540549027,44430.6209500827,58188.9569749477,25636.8409665044,207.9492502668,38429.8526604095,68449.2709132430,60060.6732234163,48497.8195180183,34320.1564042823,30115.7521636451,86409.0566258244,14874.4619486453,51588.0366954619,25354.8558511316,23542.6669110400,99013.8675743870,37232.9246045781,40946.7117528024,16432.1666046590,72124.6523753398,53228.0115770927,49095.4259010090,30322.9771106080,15065.9968283449,44947.7900778975,83099.8263509823,45532.0699764942,21929.3543239623,52295.4804197909,41865.8488637968,59343.9544499293,56650.5785501718,45706.0227138170,31593.3457445298,90595.4250317534,50692.6508083283,50888.6412717614,86530.8733364353,38118.2984717067,40798.8837141414,64243.8139922601,101851.4119308738,32792.3593633778,36746.5605883053,53324.5771569541,30340.5026867631,18694.6270539033,61019.0927406852,53341.9888469133,37934.2756115973,9505.0822493817,51398.9335207706,39606.3463582437,86607.8191425368,45318.7636479574,47789.4249842806,49629.4719090799,29388.1539482665,71620.5724962426,23743.4971968614,57320.1599340586,23777.8525114298,65273.8818336029,81234.4764808617,58190.9447073514,75430.2774979276,77466.9842306735,23984.1445503604,63871.7412195065,22840.8948254487,84711.9236110149,63382.7325849659,36025.6666375652,36095.7379269217,55079.9818960999,7903.0658891331,47321.2102898042,43639.8399425122,29327.7169667075,48477.3689477291,54836.1643123259,46364.9363281573,53416.1174692348,8765.6531464987,42153.5737168152,87415.4548047179,75997.2520380616,67399.6055986279,39570.3197015066,77034.6820477223,45213.4650453196,47491.8906729395,42824.3923648920,50858.2392342490,38335.4163418903,39597.5704009131,40988.1828122246,42807.6326918233,40152.2886001739,35706.6202844451,81126.5445509733,29363.9910255277,18164.9391469837,74993.0718548775,26336.1773420782,37189.8387779711,19225.6697171659,16188.2041476348,53352.4455468686,42688.6922892625,53077.7033363820,26547.7867981530,58812.8639732768,24912.9013732731,57365.0415095931,50736.8791407403,29239.9275073422,12874.1975205009,56404.0680141913,26765.7253219464,33568.5879625837,44311.8925409657,29627.1521193678,43475.9054407264,49266.2812540590,50532.0225612761,39407.7122564718,31790.4820113676,23683.9232503768,35058.9497119070,39836.9785449558,6346.7999263525,44776.6143577064,58082.8605571905,4091.3715486138,56377.6443615866,35624.4501446558,36758.9210983664,38219.8546260903
883,0,0,0,0,0,0,0,0,0,0,0,0,0,0,0,0,0,0,0,0,0,0,0,0,0,0,0,0,0,0,0,0,0,0,0,0,0,0,0,0,0,0,0,0,0,0,0,0,0,0,0,0,0,0,0,0,0,0,0,0,0,0,0,0,0,0,0,0,0,0,0,0,0,0,0,0,0,0,0,0,0,0,0,0,0,0,0,0,0,0,0,0,0,0,0,0,0,0,0,0,0,0,0,0,0,0,0,0,0,0,0,0,0,0,0,0,0,0,0,0,0,0,0,0,0,0,0,0,0,0,0,0,0,0,0,0,0,0,0,0,0,0,0,0,0,0,0,0,0,0,0,0,0,0,0,0,0,0,0,0,0,0,0,0,0,0,0,0,0,0,0,0,0,0,0,0,0,0,0,0,0,0,0,0,0,0,0,0,0,0,0,0,0,0,0,0,0,0,0,0
884,0,0,0,0,0,0,0,0,0,0,0,0,0,0,0,0,0,0,0,0,0,0,0,0,0,0,0,0,0,0,0,0,0,0,0,0,0,0,0,0,0,0,0,0,0,0,0,0,0,0,0,0,0,0,0,0,0,0,0,0,0,0,0,0,0,0,0,0,0,0,0,0,0,0,0,0,0,0,0,0,0,0,0,0,0,0,0,0,0,0,0,0,0,0,0,0,0,0,0,0,0,0,0,0,0,0,0,0,0,0,0,0,0,0,0,0,0,0,0,0,0,0,0,0,0,0,0,0,0,0,0,0,0,0,0,0,0,0,0,0,0,0,0,0,0,0,0,0,0,0,0,0,0,0,0,0,0,0,0,0,0,0,0,0,0,0,0,0,0,0,0,0,0,0,0,0,0,0,0,0,0,0,0,0,0,0,0,0,0,0,0,0,0,0,0,0,0,0,0,0
885,27999.6810571818,104868.7240394301,78092.3718428510,73842.6314534477,43778.8751308019,63235.5119619229,96958.9480849474,29429.1118660845,58446.9293277322,62750.7575861003,35598.7125756231,83503.7102658432,5625.8645091373,61269.4681250741,54434.9630396652,89486.7505859383,33276.9552548915,27844.1816377358,79711.9282839861,42820.6743625397,75214.8423156006,57501.6961245582,44571.0145100052,43060.9650937546,50127.9957662093,43743.4444681768,25587.2064096455,16262.3813038591,44823.2334802175,60234.3349576851,38018.4611894339,92734.9784251756,14850.0173132915,41378.0608276919,20998.9654793808,62861.0096376255,48094.4098529417,60254.4844805325,13971.3543002491,76183.4427935341,90808.1633321364,51315.9338048150,38199.8561305834,42397.1175198858,30970.5014327279,91316.2079371505,29629.1473581999,45940.7746601345,66820.0556413374,33003.7055807802,79415.4015301318,85334.7158096838,19074.8661517999,46927.4187374571,61387.8074800861,52092.6818185242,38177.9182012482,31912.3058615004,16916.5601744007,51052.5906094983,29726.7291751090,46790.1227305749,55450.4904515721,29541.2953960748,5890.3359693374,39854.2165823067,66918.4767421194,63362.0709670704,52730.3426704546,36157.5711761086,33854.4273422014,82916.8524705246,11767.0294910438,51780.9064862816,23944.6238482599,21786.6234333975,96011.4616097098,37365.4256293414,38937.6424494926,18497.6541006812,69666.3129853476,57761.2503951074,45788.0847118365,26124.0197028759,11660.3384918713,43584.2359592862,81794.8009683009,49369.7793071909,22048.9469756135,54369.9327966326,45178.9199008337,62143.6059863130,60817.4272801903,41277.7080910961,27885.1082103745,87517.5997599520,46804.1329813897,54375.7098126171,84843.5015349107,33514.1939052797,37823.6030285725,63826.3044748005,99153.1958964667,32867.1450393966,33533.6561068223,52249.5688025308,32607.7668416509,22289.2916629870,59402.4097339772,54240.6568940636,35963.2174418614,10466.1232802165,50356.1013800718,39021.4201093975,83928.0772256747,41189.0123222735,43854.7899259059,49132.4968388862,24839.7019526363,69639.6714139466,20738.8826011897,56803.8096867610,23682.7809356134,62656.7568002882,77996.7690054849,55936.4575696914,73998.3828722027,74769.5649770642,25582.2858051049,65524.0727713460,18305.0256506719,82667.5256025599,60317.4590001980,31519.4164765402,37046.8397207412,51944.6639288848,4459.7781998264,45442.0044724637,43867.1233355873,24989.7518157074,43876.5533218415,56418.1929599177,47242.3235139205,55978.7240463673,8129.6500324884,38027.3510271515,86350.0982879220,73005.3984309811,66592.1852019685,38829.0162472479,74871.0018177698,48124.8679925306,43016.1463925793,47148.5201936612,54840.0117005789,42093.8649213222,35377.9331676850,36597.0969798326,44631.0400957572,38855.2856418342,32472.8968397560,80314.3945086407,28883.6690604207,15913.7775396892,71968.1374335945,25606.5695371635,33315.6037259524,16898.2566012881,11844.1298256267,57721.0483020835,38145.1510229066,50662.8744902210,29884.6170233278,61235.5370078733,20717.5418773996,60908.0641204017,47067.5945800265,31324.5998834344,11391.9304980620,56359.1544113797,24479.8928240186,34772.8277056255,48416.9059959373,25904.9202202366,38870.1045885146,53737.8850030272,49083.5006976608,36609.9847133088,29970.2636125528,27034.2148210047,31028.3918537421,42531.5549011206,0.0000000000,44621.5148122501,62589.0953298586,9750.3792626517,54931.1747257837,39073.4606467759,38726.2650587301,39065.7191997112
886,0,0,0,0,0,0,0,0,0,0,0,0,0,0,0,0,0,0,0,0,0,0,0,0,0,0,0,0,0,0,0,0,0,0,0,0,0,0,0,0,0,0,0,0,0,0,0,0,0,0,0,0,0,0,0,0,0,0,0,0,0,0,0,0,0,0,0,0,0,0,0,0,0,0,0,0,0,0,0,0,0,0,0,0,0,0,0,0,0,0,0,0,0,0,0,0,0,0,0,0,0,0,0,0,0,0,0,0,0,0,0,0,0,0,0,0,0,0,0,0,0,0,0,0,0,0,0,0,0,0,0,0,0,0,0,0,0,0,0,0,0,0,0,0,0,0,0,0,0,0,0,0,0,0,0,0,0,0,0,0,0,0,0,0,0,0,0,0,0,0,0,0,0,0,0,0,0,0,0,0,0,0,0,0,0,0,0,0,0,0,0,0,0,0,0,0,0,0,0,0
887,38393.9053359918,101653.6588927706,93838.5457000528,56228.1491983074,33299.5969006866,82752.6032011186,103858.0795054788,44866.2945909177,51385.8517905423,64933.5697561226,16866.4325094440,75055.3699386836,14845.3383960771,72365.8726059007,72776.8058919247,91223.6098914215,27655.0011111570,30994.4799080903,76948.3602647777,62443.7678982248,81756.1451501104,53140.5757075881,52479.9655275059,25087.3278726683,65301.7046494509,45109.7777674129,13042.3880163754,20932.7433676420,46058.0945851547,79686.7041178449,56454.4289262360,87483.7853029692,31455.1247657877,27897.8104976168,840.3282812008,79282.6018258277,28466.3389516296,67494.3905953974,28103.4378051501,79304.3414958862,95433.6886842336,40730.9808744175,34231.7354877572,55035.5588276036,40680.8478624097,89646.8590144546,32592.4230922080,41172.7661631192,64742.9614147303,13820.9239277310,79599.4287230707,92965.4798925726,18055.3076530765,66258.9614351951,75803.8601992872,56404.2971342618,23993.3784383989,23884.1700662451,8350.4420018779,43950.8997445534,18468.1863850388,64104.1908234537,55110.7288634483,44232.4514981474,24379.1404302557,55425.8777122861,71624.9401787951,82141.6610586765,72358.1847161589,42187.2193107107,53295.8813296208,76749.0756849891,11490.8596739124,63494.8966877122,20139.9451136207,30927.1909635843,92456.1673659589,36376.2745185616,43770.9858826620,29181.8995897843,69943.3150382350,76979.9150514442,43026.8961589331,13087.9619815458,19656.6473905172,35180.0533794134,86883.4783597808,68839.6883255096,36273.8198242492,70932.7343920500,64094.9813228584,80074.2729126433,80446.4155665703,21890.9936073894,25636.5510541326,83758.1481156699,27734.1228762629,73459.9808876105,88191.3095800826,16896.1808570358,38089.3189977118,72980.9073573425,97196.6234681681,45586.6110083869,17832.0040630631,59612.1357840719,50157.3594285884,36647.7559643059,64136.2907203012,67897.5440262751,25932.1967796412,22469.5405055055,42631.4657600032,49171.3166120915,82492.5936808988,21662.6435184205,36767.2916908383,58776.1090648006,7359.2795430913,72226.3747864144,25237.7353256231,65935.5168862598,25368.5856849058,62484.3919891322,73602.1418570225,58013.9238275695,78824.5035392298,73577.1659942794,32741.3599371829,80862.4397702944,11346.3656706839,84451.2059214146,57812.2423534058,19489.8374952595,39450.9447924578,49642.0970166539,16767.1197147805,50105.4604801398,42312.5480349055,17688.3560347056,27666.2029442071,71787.1169369727,61128.4085250251,73527.6672670808,20978.8101450381,29956.9821985228,92289.7298523890,70261.2061535951,74209.2221657936,33864.0715738850,76372.7235520276,66410.1710244331,30006.9295755604,66741.6018827870,74402.8433197912,61518.0012809026,15766.5429433666,25635.9470904034,60899.9869192758,46550.8227048069,32215.8214851846,87428.0167138971,27261.1320625644,25515.8285529876,55186.7238270876,37065.9290837312,28394.6452774674,13567.8552305367,13636.3756364747,77280.6065824080,19583.0494228061,52371.8534120531,48991.7111619645,78427.6254596939,875.5931039157,80036.5768650470,41713.7460519230,39036.6042932617,16782.3975929050,67103.1045722087,16251.4454666190,50122.9243570289,68036.2510395644,17530.2484004704,22392.4066986664,73144.8539738412,55219.2263682696,22516.2782826960,22044.1596500261,39922.5554812484,11852.4186492413,60541.4197232768,19630.7938179481,55682.2198078295,81898.8447641143,26959.7378023894,60652.6773575097,58206.3494071444,55496.6823983177,53302.6227151265
888,38262.6537390792,102035.4149294543,94224.0967561724,55853.9228547886,33611.1063647502,82917.7072953617,104303.1347728252,45238.4971777036,50957.7910339259,65369.2028776998,16515.1366655725,75365.7835189793,15111.9500167536,72797.7145463987,73091.9380931340,91652.1215846980,27267.5670311123,31439.5848789017,77341.9907510833,62656.3565402876,82201.2539793499,53527.7662364745,52921.8334396865,25126.3149903495,65689.7570663653,44788.6904348988,13395.0938434526,20783.8308671897,46495.0920823412,79934.7686008026,56760.9256444922,87842.4114052075,31506.2228484124,27453.2786320325,43.4928179600,79652.5980295265,28258.3009372368,67939.0953450542,28466.4727817180,79741.6943869819,95874.9812683647,40287.8181828569,34642.4336091033,55450.2146566548,41109.8225070937,90048.3220368689,32329.3326898941,40772.9631393937,65148.3384066477,13766.4193887777,80019.4721694826,93410.4813700499,18500.1115421640,66402.3193452917,76205.7519540833,56848.1858629275,24226.8166524313,24267.4494821095,9225.1166513749,44308.7618112161,18037.5309595332,64449.1492964048,55534.8272264571,44194.2987032726,24547.3536429934,55803.1817286002,72068.1646424718,82439.2061984093,72555.6124215599,41954.3844595751,53541.9293114778,77098.0039806551,11454.0704185983,63920.4941330741,19816.6628964638,31349.5259419959,92835.9604990388,36034.6516839064,44216.1495823956,29095.4058696841,70366.5045815371,77110.1472022541,43439.2152982243,12571.1835169724,20049.1651766352,34751.2103516853,87326.5038946512,69084.6262120743,36653.9771080012,71297.5802418143,64381.8781761345,80405.6322033576,80654.2619519387,21783.2850654718,26072.5439231517,84137.9271912765,27421.5147147820,73738.7725350574,88628.5696353936,17053.4984359992,38525.9795031348,73421.9337160965,97593.4788878826,45994.9093582449,17393.7239741518,60056.1797243364,50489.4005881369,36618.4989884461,64580.1791927674,68306.4424053135,25499.8079593086,22468.2370895967,42202.7507869009,49602.3622034134,82898.1208961926,21409.2652845158,37135.3589063597,59212.9363029759,7558.7676257044,72662.4525829791,25676.6648540396,66375.7550054169,25116.1999304563,62906.7372052376,73977.5823099733,58450.7240255082,79267.4473281508,73987.5118164140,32560.4830135451,81252.3019949061,11790.8119846261,84881.0356578782,58216.7837934390,19810.4930146395,39157.8623957412,50053.4873454334,16873.2968657032,50550.3487507067,41951.9367528285,18104.8723392793,27803.3918577389,72174.1996305744,61532.3377885063,73869.1368979381,21289.7140213059,30322.7252608052,92734.0735925302,70657.5098910347,74653.7785654537,33471.9280209147,76802.3412836278,66725.8188633959,30260.3235316936,66924.1328669374,74633.8262263445,61767.3314400567,15543.0696597656,25957.1257762275,61267.2416005323,46991.9447231640,32654.2247578018,87873.1734154487,26937.1383040466,25921.8664933547,54789.6848163570,37478.1850563536,28805.4990779743,13345.5444973816,13934.1172027752,77454.1966063175,19586.5311411690,52808.6542706195,49262.8861542531,78779.8615645453,14.7380569083,80313.3565357517,42099.2183725901,38845.4922272546,16723.4731207336,67536.0393905816,15873.7117763085,50500.6742622511,68250.9294610781,16655.1770943522,22532.1673949645,73295.4127509855,55664.2937878667,22071.9250032715,21642.3127371542,39846.1853255898,11530.0307690891,60864.7776217061,19836.9791179499,56110.0186248037,82037.2118317165,27047.8152889106,61097.7830701800,58478.8539951085,55850.9119324208,53698.5010345774
889,0,0,0,0,0,0,0,0,0,0,0,0,0,0,0,0,0,0,0,0,0,0,0,0,0,0,0,0,0,0,0,0,0,0,0,0,0,0,0,0,0,0,0,0,0,0,0,0,0,0,0,0,0,0,0,0,0,0,0,0,0,0,0,0,0,0,0,0,0,0,0,0,0,0,0,0,0,0,0,0,0,0,0,0,0,0,0,0,0,0,0,0,0,0,0,0,0,0,0,0,0,0,0,0,0,0,0,0,0,0,0,0,0,0,0,0,0,0,0,0,0,0,0,0,0,0,0,0,0,0,0,0,0,0,0,0,0,0,0,0,0,0,0,0,0,0,0,0,0,0,0,0,0,0,0,0,0,0,0,0,0,0,0,0,0,0,0,0,0,0,0,0,0,0,0,0,0,0,0,0,0,0,0,0,0,0,0,0,0,0,0,0,0,0,0,0,0,0,0,0
890,0,0,0,0,0,0,0,0,0,0,0,0,0,0,0,0,0,0,0,0,0,0,0,0,0,0,0,0,0,0,0,0,0,0,0,0,0,0,0,0,0,0,0,0,0,0,0,0,0,0,0,0,0,0,0,0,0,0,0,0,0,0,0,0,0,0,0,0,0,0,0,0,0,0,0,0,0,0,0,0,0,0,0,0,0,0,0,0,0,0,0,0,0,0,0,0,0,0,0,0,0,0,0,0,0,0,0,0,0,0,0,0,0,0,0,0,0,0,0,0,0,0,0,0,0,0,0,0,0,0,0,0,0,0,0,0,0,0,0,0,0,0,0,0,0,0,0,0,0,0,0,0,0,0,0,0,0,0,0,0,0,0,0,0,0,0,0,0,0,0,0,0,0,0,0,0,0,0,0,0,0,0,0,0,0,0,0,0,0,0,0,0,0,0,0,0,0,0,0,0
891,29361.7068463972,103670.4786717589,79630.8240179192,71768.9789086683,41623.2074281933,65805.5613140590,97072.7699157718,30718.7075174744,57747.4547078722,62089.9243750882,33278.7555172891,81688.8574060338,1231.1516907860,61931.6464916167,56501.0941785036,88868.5955485367,32466.8078926710,26895.8764442017,78505.9049307046,45318.5139276746,75217.4902491708,56018.0110297186,44607.3829839123,40483.0169243131,51487.9988983204,44027.6672021412,23120.2267062256,16202.5852255019,43903.0605761553,62633.0596820573,40083.5827328808,91279.3055938815,17023.7416418956,39735.9441634463,18906.8148145283,64508.5315297269,45592.3088864949,60296.9323216049,14598.8311568497,75707.8152752844,90583.5354384048,50114.6024134045,36587.0331814164,43227.0740751572,31137.4497779033,90273.5700243056,29899.5826815811,45434.2398211064,65645.4479613004,30431.5505527779,78567.4006988028,85529.2983478295,17244.3731171230,49512.1044166760,62638.6468466432,51654.5002377422,35740.1544938153,29826.7676553806,14332.6241456990,49245.0673020498,28164.1963549753,48596.1770281359,54421.9010836566,31579.2270486111,10760.1494017834,41249.5386422684,66623.7813220802,65549.8188244275,55259.2487988028,36995.6591444476,36240.6044479979,81337.4613948924,10123.0915331641,52503.7451173031,23076.2099128452,21624.5175184459,94755.8193318042,37241.3484481188,38441.6896036790,19664.5449204498,68792.6289450756,60346.8250547086,44393.7775716764,23654.2162460787,10580.2108051644,42586.9299207014,81610.0307412926,51773.7749198298,22955.3595082361,56028.8038232412,47390.9902297314,64118.9806980540,63325.4159129530,38712.1374523933,26262.0490397321,86218.2812320208,44454.0462392592,56645.3923379759,84426.9477689694,30957.0182058037,36692.8816760031,64182.5471892557,98093.7581993322,33623.5162929929,31554.4971971088,52262.2472392071,34422.8794500171,24194.1348565913,59072.6708060708,55325.0879434211,34663.3140119345,11406.4467350176,49511.5118457152,39374.1403542591,82893.7515106410,38734.5840665546,41993.5029126621,49486.8524566494,22254.1217565424,69066.0666269052,19736.8663642282,57122.3044456911,23574.7129801734,61692.7109012779,76597.9165407130,55220.4983020255,73750.0444713370,73734.3278191607,26383.0029190536,66961.1318497691,15920.2323203911,82035.8175689426,59059.4968371461,29151.1875758458,37383.8132008121,50655.6076162117,2962.8741131336,44996.2450052105,43759.2977911291,22819.0954599790,41358.8921714822,57838.0391444978,48337.7239878484,57857.4862351105,7081.5630772055,36019.2915655791,86299.6864356693,71778.2336865064,66721.9172102653,38204.4208287849,74175.6031522495,50168.2239300794,40673.1816985331,49702.2546495151,57290.5138599948,44476.2099153052,32889.4322242744,34348.0493062986,46197.5301631006,38796.6984179845,31185.8925026795,80417.9383117524,28486.8134917852,15567.9113145480,70019.1868345631,25998.1331410547,31531.6234072116,15611.2100636377,9341.8478724426,60283.6105515029,35559.5725588660,49858.9248048980,32138.7021747640,63043.3091833983,18260.1310856667,63194.5466949537,45405.1240446023,32333.9650860585,10874.6901718096,56939.7489013135,23090.6533121905,36088.4944628361,50909.7666921748,23678.4232835787,36330.5816373638,56319.2343428243,48886.3548713220,34846.3107252097,28797.1989481136,28771.3755342713,28630.0036661920,44494.6916454827,3345.2451103716,45183.6146872066,65173.7261156679,11929.1298313088,54715.9409651391,41347.5133691380,40380.5932243398,40180.3801934109
892,0,0,0,0,0,0,0,0,0,0,0,0,0,0,0,0,0,0,0,0,0,0,0,0,0,0,0,0,0,0,0,0,0,0,0,0,0,0,0,0,0,0,0,0,0,0,0,0,0,0,0,0,0,0,0,0,0,0,0,0,0,0,0,0,0,0,0,0,0,0,0,0,0,0,0,0,0,0,0,0,0,0,0,0,0,0,0,0,0,0,0,0,0,0,0,0,0,0,0,0,0,0,0,0,0,0,0,0,0,0,0,0,0,0,0,0,0,0,0,0,0,0,0,0,0,0,0,0,0,0,0,0,0,0,0,0,0,0,0,0,0,0,0,0,0,0,0,0,0,0,0,0,0,0,0,0,0,0,0,0,0,0,0,0,0,0,0,0,0,0,0,0,0,0,0,0,0,0,0,0,0,0,0,0,0,0,0,0,0,0,0,0,0,0,0,0,0,0,0,0
893,0,0,0,0,0,0,0,0,0,0,0,0,0,0,0,0,0,0,0,0,0,0,0,0,0,0,0,0,0,0,0,0,0,0,0,0,0,0,0,0,0,0,0,0,0,0,0,0,0,0,0,0,0,0,0,0,0,0,0,0,0,0,0,0,0,0,0,0,0,0,0,0,0,0,0,0,0,0,0,0,0,0,0,0,0,0,0,0,0,0,0,0,0,0,0,0,0,0,0,0,0,0,0,0,0,0,0,0,0,0,0,0,0,0,0,0,0,0,0,0,0,0,0,0,0,0,0,0,0,0,0,0,0,0,0,0,0,0,0,0,0,0,0,0,0,0,0,0,0,0,0,0,0,0,0,0,0,0,0,0,0,0,0,0,0,0,0,0,0,0,0,0,0,0,0,0,0,0,0,0,0,0,0,0,0,0,0,0,0,0,0,0,0,0,0,0,0,0,0,0
894,0,0,0,0,0,0,0,0,0,0,0,0,0,0,0,0,0,0,0,0,0,0,0,0,0,0,0,0,0,0,0,0,0,0,0,0,0,0,0,0,0,0,0,0,0,0,0,0,0,0,0,0,0,0,0,0,0,0,0,0,0,0,0,0,0,0,0,0,0,0,0,0,0,0,0,0,0,0,0,0,0,0,0,0,0,0,0,0,0,0,0,0,0,0,0,0,0,0,0,0,0,0,0,0,0,0,0,0,0,0,0,0,0,0,0,0,0,0,0,0,0,0,0,0,0,0,0,0,0,0,0,0,0,0,0,0,0,0,0,0,0,0,0,0,0,0,0,0,0,0,0,0,0,0,0,0,0,0,0,0,0,0,0,0,0,0,0,0,0,0,0,0,0,0,0,0,0,0,0,0,0,0,0,0,0,0,0,0,0,0,0,0,0,0,0,0,0,0,0,0
895,0,0,0,0,0,0,0,0,0,0,0,0,0,0,0,0,0,0,0,0,0,0,0,0,0,0,0,0,0,0,0,0,0,0,0,0,0,0,0,0,0,0,0,0,0,0,0,0,0,0,0,0,0,0,0,0,0,0,0,0,0,0,0,0,0,0,0,0,0,0,0,0,0,0,0,0,0,0,0,0,0,0,0,0,0,0,0,0,0,0,0,0,0,0,0,0,0,0,0,0,0,0,0,0,0,0,0,0,0,0,0,0,0,0,0,0,0,0,0,0,0,0,0,0,0,0,0,0,0,0,0,0,0,0,0,0,0,0,0,0,0,0,0,0,0,0,0,0,0,0,0,0,0,0,0,0,0,0,0,0,0,0,0,0,0,0,0,0,0,0,0,0,0,0,0,0,0,0,0,0,0,0,0,0,0,0,0,0,0,0,0,0,0,0,0,0,0,0,0,0
896,0,0,0,0,0,0,0,0,0,0,0,0,0,0,0,0,0,0,0,0,0,0,0,0,0,0,0,0,0,0,0,0,0,0,0,0,0,0,0,0,0,0,0,0,0,0,0,0,0,0,0,0,0,0,0,0,0,0,0,0,0,0,0,0,0,0,0,0,0,0,0,0,0,0,0,0,0,0,0,0,0,0,0,0,0,0,0,0,0,0,0,0,0,0,0,0,0,0,0,0,0,0,0,0,0,0,0,0,0,0,0,0,0,0,0,0,0,0,0,0,0,0,0,0,0,0,0,0,0,0,0,0,0,0,0,0,0,0,0,0,0,0,0,0,0,0,0,0,0,0,0,0,0,0,0,0,0,0,0,0,0,0,0,0,0,0,0,0,0,0,0,0,0,0,0,0,0,0,0,0,0,0,0,0,0,0,0,0,0,0,0,0,0,0,0,0,0,0,0,0
897,0,0,0,0,0,0,0,0,0,0,0,0,0,0,0,0,0,0,0,0,0,0,0,0,0,0,0,0,0,0,0,0,0,0,0,0,0,0,0,0,0,0,0,0,0,0,0,0,0,0,0,0,0,0,0,0,0,0,0,0,0,0,0,0,0,0,0,0,0,0,0,0,0,0,0,0,0,0,0,0,0,0,0,0,0,0,0,0,0,0,0,0,0,0,0,0,0,0,0,0,0,0,0,0,0,0,0,0,0,0,0,0,0,0,0,0,0,0,0,0,0,0,0,0,0,0,0,0,0,0,0,0,0,0,0,0,0,0,0,0,0,0,0,0,0,0,0,0,0,0,0,0,0,0,0,0,0,0,0,0,0,0,0,0,0,0,0,0,0,0,0,0,0,0,0,0,0,0,0,0,0,0,0,0,0,0,0,0,0,0,0,0,0,0,0,0,0,0,0,0
898,0,0,0,0,0,0,0,0,0,0,0,0,0,0,0,0,0,0,0,0,0,0,0,0,0,0,0,0,0,0,0,0,0,0,0,0,0,0,0,0,0,0,0,0,0,0,0,0,0,0,0,0,0,0,0,0,0,0,0,0,0,0,0,0,0,0,0,0,0,0,0,0,0,0,0,0,0,0,0,0,0,0,0,0,0,0,0,0,0,0,0,0,0,0,0,0,0,0,0,0,0,0,0,0,0,0,0,0,0,0,0,0,0,0,0,0,0,0,0,0,0,0,0,0,0,0,0,0,0,0,0,0,0,0,0,0,0,0,0,0,0,0,0,0,0,0,0,0,0,0,0,0,0,0,0,0,0,0,0,0,0,0,0,0,0,0,0,0,0,0,0,0,0,0,0,0,0,0,0,0,0,0,0,0,0,0,0,0,0,0,0,0,0,0,0,0,0,0,0,0
899,0,0,0,0,0,0,0,0,0,0,0,0,0,0,0,0,0,0,0,0,0,0,0,0,0,0,0,0,0,0,0,0,0,0,0,0,0,0,0,0,0,0,0,0,0,0,0,0,0,0,0,0,0,0,0,0,0,0,0,0,0,0,0,0,0,0,0,0,0,0,0,0,0,0,0,0,0,0,0,0,0,0,0,0,0,0,0,0,0,0,0,0,0,0,0,0,0,0,0,0,0,0,0,0,0,0,0,0,0,0,0,0,0,0,0,0,0,0,0,0,0,0,0,0,0,0,0,0,0,0,0,0,0,0,0,0,0,0,0,0,0,0,0,0,0,0,0,0,0,0,0,0,0,0,0,0,0,0,0,0,0,0,0,0,0,0,0,0,0,0,0,0,0,0,0,0,0,0,0,0,0,0,0,0,0,0,0,0,0,0,0,0,0,0,0,0,0,0,0,0
900,25291.9953404231,107613.8102310557,77687.9877995758,75369.1183115153,47068.4192577850,60524.1276418543,98438.4692225694,29599.7474735503,57930.7974649755,65066.1507476811,37687.4954151090,86661.9218561902,8721.0490446786,62142.0783766459,53139.1411098989,91735.0716395087,33030.1311673064,30498.2335799518,82474.1369058086,40465.7043449397,76842.0813660069,60476.5804921211,46231.1827951088,46112.8413362213,50065.5476744785,42079.7321532294,28835.0792300223,15355.3531881132,47396.9016153626,58161.9960079612,36781.2752238647,95674.0711730032,11588.5363968821,42260.3688329629,22765.8608445067,62305.9683343358,50606.3212443623,61863.4230503588,15344.9804227437,78306.3598458857,92662.4498563591,51505.6836252513,41272.2267825802,43117.7536911312,32563.0353096488,93941.2405371141,28069.7757804236,45219.7371248436,69566.8787375217,35814.1298692649,81881.5925552023,86733.3597298893,22285.2608893962,44070.8793536378,61455.4678254010,54217.1821668854,41444.3812104267,35189.3738183448,19859.1724132191,54217.0677053199,30566.4079338593,46008.3631532015,58094.0511022314,26320.7071166772,44.1654136932,39783.9971609681,68872.6394645718,61794.9469239799,50239.2369071580,33925.2665314948,31879.8331880337,85940.6130664032,13118.5217088380,52602.6546488181,23887.3751501226,23813.0701853250,98804.1673538944,36215.0944170826,41156.2509214687,16074.2504334868,72163.6045369869,54850.7303807588,48715.5356337793,28595.9015840960,14568.8066199493,43522.0541324122,83615.8884102886,47299.7569567190,22860.7088780548,53817.2113581831,43597.9895895327,61008.8516127540,58400.9665351953,44040.6430834469,30980.4701414182,90346.6329969699,48928.0212041091,52639.5136048074,86899.4682062073,36645.5481138207,40579.0995544793,65068.9639638895,101788.4492746847,33744.2240841138,35000.3687339833,53910.5179172048,31885.9030878911,19161.0038887997,61404.7506711427,54567.6681685582,36369.3998543195,8594.1740592005,50058.0245897976,40351.1916155547,86550.3660106772,43575.6963675823,47047.9612782204,50416.7336076835,27810.7507279544,71864.5145505237,23479.6945188403,58107.2388080901,22654.3341633986,65238.3773855695,80902.0609997779,58312.5332185637,75895.0608892715,77398.8620144051,23463.4293684881,65301.0287899956,21589.0448349625,84934.0131617491,63132.9375292363,34810.3470194855,35355.9853438239,54791.4806067687,6733.8950376882,47591.1753855103,42661.6440981555,28285.0014821457,47076.8266358811,56243.8935370901,47578.8635143974,55037.6926411427,8495.4929863206,41279.9789452123,88022.2783389367,75787.9151339269,68091.4641050576,38297.4959917498,77203.8645026978,46891.9448971199,46312.7452514961,44547.3854443545,52623.8552881206,40101.1208252683,37870.9417512300,39898.0928497651,44265.6178060674,40641.0978218920,35353.6874168329,81822.7021305477,28144.9798345210,18206.4492706743,73273.2625595219,26999.7958666585,36482.1215540671,17565.1668167158,14515.9649017688,55060.8944207677,41099.4917188035,53126.1594629053,28276.1568332189,60409.6970916181,23188.6255650248,59120.8668483402,50158.8029596333,28941.6319229853,11324.2389717843,57347.0513209646,25129.1012817237,34857.1796228318,46070.1451717802,27859.6034723992,42037.6477873192,50932.3551085396,50975.2415124262,37707.2047914730,30248.2006991282,24011.6447851459,33306.2383148638,41476.2154011490,3279.5208280679,45673.0674962057,59725.9665356485,5254.4955002138,56826.4291832985,37369.0235297662,38244.8769974895,39415.3847465600
901,0,0,0,0,0,0,0,0,0,0,0,0,0,0,0,0,0,0,0,0,0,0,0,0,0,0,0,0,0,0,0,0,0,0,0,0,0,0,0,0,0,0,0,0,0,0,0,0,0,0,0,0,0,0,0,0,0,0,0,0,0,0,0,0,0,0,0,0,0,0,0,0,0,0,0,0,0,0,0,0,0,0,0,0,0,0,0,0,0,0,0,0,0,0,0,0,0,0,0,0,0,0,0,0,0,0,0,0,0,0,0,0,0,0,0,0,0,0,0,0,0,0,0,0,0,0,0,0,0,0,0,0,0,0,0,0,0,0,0,0,0,0,0,0,0,0,0,0,0,0,0,0,0,0,0,0,0,0,0,0,0,0,0,0,0,0,0,0,0,0,0,0,0,0,0,0,0,0,0,0,0,0,0,0,0,0,0,0,0,0,0,0,0,0,0,0,0,0,0,0
902,0,0,0,0,0,0,0,0,0,0,0,0,0,0,0,0,0,0,0,0,0,0,0,0,0,0,0,0,0,0,0,0,0,0,0,0,0,0,0,0,0,0,0,0,0,0,0,0,0,0,0,0,0,0,0,0,0,0,0,0,0,0,0,0,0,0,0,0,0,0,0,0,0,0,0,0,0,0,0,0,0,0,0,0,0,0,0,0,0,0,0,0,0,0,0,0,0,0,0,0,0,0,0,0,0,0,0,0,0,0,0,0,0,0,0,0,0,0,0,0,0,0,0,0,0,0,0,0,0,0,0,0,0,0,0,0,0,0,0,0,0,0,0,0,0,0,0,0,0,0,0,0,0,0,0,0,0,0,0,0,0,0,0,0,0,0,0,0,0,0,0,0,0,0,0,0,0,0,0,0,0,0,0,0,0,0,0,0,0,0,0,0,0,0,0,0,0,0,0,0
903,0,0,0,0,0,0,0,0,0,0,0,0,0,0,0,0,0,0,0,0,0,0,0,0,0,0,0,0,0,0,0,0,0,0,0,0,0,0,0,0,0,0,0,0,0,0,0,0,0,0,0,0,0,0,0,0,0,0,0,0,0,0,0,0,0,0,0,0,0,0,0,0,0,0,0,0,0,0,0,0,0,0,0,0,0,0,0,0,0,0,0,0,0,0,0,0,0,0,0,0,0,0,0,0,0,0,0,0,0,0,0,0,0,0,0,0,0,0,0,0,0,0,0,0,0,0,0,0,0,0,0,0,0,0,0,0,0,0,0,0,0,0,0,0,0,0,0,0,0,0,0,0,0,0,0,0,0,0,0,0,0,0,0,0,0,0,0,0,0,0,0,0,0,0,0,0,0,0,0,0,0,0,0,0,0,0,0,0,0,0,0,0,0,0,0,0,0,0,0,0
904,0,0,0,0,0,0,0,0,0,0,0,0,0,0,0,0,0,0,0,0,0,0,0,0,0,0,0,0,0,0,0,0,0,0,0,0,0,0,0,0,0,0,0,0,0,0,0,0,0,0,0,0,0,0,0,0,0,0,0,0,0,0,0,0,0,0,0,0,0,0,0,0,0,0,0,0,0,0,0,0,0,0,0,0,0,0,0,0,0,0,0,0,0,0,0,0,0,0,0,0,0,0,0,0,0,0,0,0,0,0,0,0,0,0,0,0,0,0,0,0,0,0,0,0,0,0,0,0,0,0,0,0,0,0,0,0,0,0,0,0,0,0,0,0,0,0,0,0,0,0,0,0,0,0,0,0,0,0,0,0,0,0,0,0,0,0,0,0,0,0,0,0,0,0,0,0,0,0,0,0,0,0,0,0,0,0,0,0,0,0,0,0,0,0,0,0,0,0,0,0
905,54851.2731622803,99496.2355773234,108953.0539299243,42917.2465021700,30018.8342389372,101762.8636010559,111179.6688279725,61078.5268151892,53763.9433412368,69922.3996748208,10526.2308010693,68623.5419842253,33505.4690868012,84309.9271837837,90286.3082669472,94280.0523061646,36219.0531786504,41567.5061012409,76396.2987942328,81280.7360123849,89549.4000355363,53065.8631241864,63216.0092879674,10817.6974304559,80558.1245670273,55754.2869608097,19238.2745888534,37640.1765105104,52251.7374803728,98215.2277272940,74217.9993410778,83827.4490468327,50177.0945098615,27193.7730202048,21250.4051653831,95170.8836690257,10531.3112791706,76613.1378132105,45002.4574381126,84203.0408231967,100982.7562324156,40655.5338666446,38077.3900029838,68939.7259446254,53839.7669075272,89506.5503025205,46078.4260333637,47358.5504607173,65758.3895702619,6867.0186656001,81761.4164628527,101267.8904496429,30652.0287417448,85283.0548785142,90203.3535485861,63962.4587596588,18834.4250586839,27352.3189512656,21919.0561488803,42309.6029549384,25416.6413110851,80934.8920421698,58733.1652698659,62062.5036177802,43393.1335348065,71276.3965369599,78365.0715987640,99964.6520936879,91269.8576485658,56153.2667096223,71890.5207404580,72697.8728974260,29837.1960695621,76304.1886996033,32823.4292274022,45145.8332146324,90313.1853759011,46583.7424148177,53185.2879914676,46556.2478647129,72807.8773173341,95992.4426961284,46090.6888346822,12990.1287913360,36064.1511787397,38905.6078808079,93182.9310732602,87415.4283925129,52397.7555627261,87078.2014859769,82155.4869312211,97172.2523673272,99300.1681969381,1552.0980225338,33833.7728465854,81817.2464816284,13451.6496779227,91614.4515134040,92867.3315735042,12197.0969367873,44844.3727296105,83356.8952705598,96456.0570357899,60143.7189419494,18703.8029692100,69355.3481834699,67440.1892240910,54644.9680628504,71402.9071440094,81961.2897155203,30655.9394436044,40875.6411429257,45579.1262201211,61784.3542211779,82934.6331493725,8304.3459175410,36676.8226864471,70318.7624214107,14678.4703130856,77058.0811673086,38235.7347284439,76654.6175524228,39642.3825624688,65524.6979387086,71609.1968496442,63513.4501724408,85267.0702457818,74788.1826283125,48352.4250665716,95865.8312740139,24666.1157371861,87860.3142472870,59068.0013368322,20633.5336338219,51536.2853572966,52093.9951096551,35741.6222333653,58596.5300067744,51103.3615806326,25573.0510552416,16818.9728790344,87014.2431621677,75610.5004228615,90390.9804108592,39078.6795676573,30789.9076434397,99130.9728399964,70178.2093670380,83268.7231100120,41335.2448248345,79957.1213888452,83939.0885380114,24147.5961487199,85712.5406430548,93097.9318229603,80062.8809743387,7625.9605972863,24629.1638178293,77056.6060430831,57711.3753511564,39915.0691192929,95480.4906281404,39040.7118098072,41011.4996143778,43575.2935803600,51665.5619926949,33152.1605991428,29637.6957782100,26748.9179424689,96274.3434057601,8332.7917272887,58148.2128200408,67329.2403454874,94941.7160257746,18213.0971455031,98205.0454118870,42409.7850433756,54208.3333683438,34784.5850775311,79008.4588151563,27543.9476279040,66038.5602917703,86855.9418255438,16569.5747833376,13492.5883578825,92169.1293649075,64357.6365335008,23238.8701506346,30608.2028258560,57270.7643295630,10209.8467565037,77938.0181599348,38564.4238544343,68452.3770210997,100920.2957769436,45870.3653834945,69004.4474096120,76492.5561048474,72138.2227114907,68363.6784357245
906,0,0,0,0,0,0,0,0,0,0,0,0,0,0,0,0,0,0,0,0,0,0,0,0,0,0,0,0,0,0,0,0,0,0,0,0,0,0,0,0,0,0.0000000000,0,0,0,0,0,0,0,0,0,0,0,0,0,0,0,0,0,0,0,0,0,0,0,0,0,0,0,0,0,0,0,0,0,0,0,0,0,0,0,0,0,0,0,0,0,0,0,0,0,0,0,0,0,0,0,0,0,0,0,0,0,0,0,0,0,0,0,0,0,0,0,0,0,0,0,0,0,0,0,0,0,0,0,0,0,0,0,0,0,0,0,0,0,0,0,0,0,0,0,0,0,0,0,0,0,0,0,0,0,0,0,0,0,0,0,0,0,0,0,0,0,0,0,0,0,0,0,0,0,0,0,0,0,0,0,0,0,0,0,0,0,0,0,0,0,0,0,0,0,0,0,0,0,0,0,0,0,0
907,0,0,0,0,0,0,0,0,0,0,0,0,0,0,0,0,0,0,0,0,0,0,0,0,0,0,0,0,0,0,0,0,0,0,0,0,0,0,0,0,0,0,0,0,0,0,0,0,0,0,0,0,0,0,0,0,0,0,0,0,0,0,0,0,0,0,0,0,0,0,0,0,0,0,0,0,0,0,0,0,0,0,0,0,0,0,0,0,0,0,0,0,0,0,0,0,0,0,0,0,0,0,0,0,0,0,0,0,0,0,0,0,0,0,0,0,0,0,0,0,0,0,0,0,0,0,0,0,0,0,0,0,0,0,0,0,0,0,0,0,0,0,0,0,0,0,0,0,0,0,0,0,0,0,0,0,0,0,0,0,0,0,0,0,0,0,0,0,0,0,0,0,0,0,0,0,0,0,0,0,0,0,0,0,0,0,0,0,0,0,0,0,0,0,0,0,0,0,0,0
908,0,0,0,0,0,0,0,0,0,0,0,0,0,0,0,0,0,0,0,0,0,0,0,0,0,0,0,0,0,0,0,0,0,0,0,0,0,0,0,0,0,0,0,0,0,0,0,0,0,0,0,0,0,0,0,0,0,0,0,0,0,0,0,0,0,0,0,0,0,0,0,0,0,0,0,0,0,0,0,0,0,0,0,0,0,0,0,0,0,0,0,0,0,0,0,0,0,0,0,0,0,0,0,0,0,0,0,0,0,0,0,0,0,0,0,0,0,0,0,0,0,0,0,0,0,0,0,0,0,0,0,0,0,0,0,0,0,0,0,0,0,0,0,0,0,0,0,0,0,0,0,0,0,0,0,0,0,0,0,0,0,0,0,0,0,0,0,0,0,0,0,0,0,0,0,0,0,0,0,0,0,0,0,0,0,0,0,0,0,0,0,0,0,0,0,0,0,0,0,0
909,14266.3567796411,120306.8270398067,80226.0943942742,80349.4045770513,60519.6053103296,52330.6593218980,107513.0907771615,36136.9288608563,54996.1629952920,76807.0176490248,45878.5907079923,100151.2473648858,21876.1533613019,69634.9347737832,52576.7602424491,103166.1180878188,32708.2088379349,43288.5177827297,95244.3604733215,35190.3604642910,86541.7843763788,73713.2500098851,56440.5135800519,57890.5553822417,54632.3201953215,34930.3190305656,41720.1695383874,16250.3956008487,59874.4787351154,53661.3849596461,37411.9639749625,108807.4962420520,1437.2034151376,45678.3681935396,30880.3872644912,64580.4136857017,60048.7568350063,71669.6131361555,26400.7409360636,89449.3773568618,102942.6023659614,51717.3590714535,54682.1574398393,50630.4977480099,42971.8361430783,106363.1753314673,22661.8291827181,41981.9026866656,82330.6895009117,46753.6583355961,93933.2831187825,95631.2309214343,35815.8517567802,35383.3995388287,66150.5414905023,65552.0991681245,54369.9422798323,48681.3419800018,31773.6086794529,67717.9695712964,34691.7731336071,47971.5409012578,70666.7430273350,18530.7936856975,12273.2448194955,44797.0825834155,79605.5010180634,59686.6379840203,43681.5521511857,24650.4789046667,29455.3230379894,99238.8526076846,21719.5052777884,60141.4773288697,25587.6135110347,35549.5786473908,111619.2286678416,31757.3550804939,52889.0317056879,9193.9263329939,84330.1821664459,45464.8062835613,61891.8682650442,38565.5301918402,27913.3481621021,43116.0443291689,93850.3357858673,43231.7371600894,31867.9305648224,56369.4754962094,42184.1081687007,60888.0814307503,52017.1622193788,54620.3308223180,44431.2287084365,103253.8131338736,56871.3297424453,50034.2996416586,97805.8872536485,48886.5690982161,53473.5694160205,73709.0835561568,114221.2350680907,42154.2908314507,41059.1239020238,63982.9286127217,35075.0294431636,5390.1098509407,72339.5637620897,60382.1019501671,38333.6450108693,10716.2390226908,48338.3330199717,49788.8371995111,98981.6235719858,52685.9744697372,60569.7528210387,59453.1148312295,39555.4806046360,83325.0221021539,36500.1634923567,67049.1191198164,20678.1172260532,77638.0080701785,93981.7133117053,70251.4919562818,86407.2659204185,89870.5929355495,16024.7541651427,68805.5664457613,34746.2485607645,96442.3897135356,76059.7685675349,47956.2980539566,28533.6427104783,67803.1284997207,16619.2814168998,59066.3278645745,37497.8671723891,41716.4262772758,59575.8348005610,60182.0272524382,53655.0853533413,55950.4481018154,21596.3700169160,54802.9369174811,97773.5678374428,88616.2762791644,77489.6656850181,36319.1526864503,88925.3574409333,46891.7722268372,59496.5819517876,37551.3979709643,47543.0473683129,36858.0121064074,47552.9049909372,53249.0721385063,47954.9561016066,51308.5572200708,48497.9668878366,91110.3308171856,26395.9447093201,30653.4306959288,77383.0026590293,37165.8038929843,49990.2673767927,23126.2568773684,26032.9212934294,47319.0997966290,52514.4515598833,65312.2849737034,28125.0183656146,61628.8735851143,33461.8986763771,56034.9398852930,63583.2358532831,19319.5295221373,16936.9265835804,65311.6987582750,29215.2625896331,40710.7907261019,40533.5569146718,36128.2664646443,54399.7467430235,42366.8192481608,61733.6360917646,42219.7715482705,32303.5771702483,11302.9063052305,42375.8520717757,42555.5156093183,16776.7637991156,54129.1317662078,50566.4840499126,7743.1303315737,67516.1836127485,35792.0828358872,41843.3194824826,45888.5975108777
910,0,0,0,0,0,0,0,0,0,0,0,0,0,0,0,0,0,0,0,0,0,0,0,0,0,0,0,0,0,0,0,0,0,0,0,0,0,0,0,0,0,0,0,0,0,0,0,0,0,0,0,0,0,0,0,0,0,0,0,0,0,0,0,0,0,0,0,0,0,0,0,0,0,0,0,0,0,0,0,0,0,0,0,0,0,0,0,0,0,0,0,0,0,0,0,0,0,0,0,0,0,0,0,0,0,0,0,0,0,0,0,0,0,0,0,0,0,0,0,0,0,0,0,0,0,0,0,0,0,0,0,0,0,0,0,0,0,0,0,0,0,0,0,0,0,0,0,0,0,0,0,0,0,0,0,0,0,0,0,0,0,0,0,0,0,0,0,0,0,0,0,0,0,0,0,0,0,0,0,0,0,0,0,0,0,0,0,0,0,0,0,0,0,0,0,0,0,0,0,0
911,33243.5437505312,136780.2297745885,120141.9958507431,44333.2337105304,67137.2530975526,91405.3979735206,138215.2089511195,72263.2371476590,12621.1594503903,100413.3877285069,29963.2382225219,108146.9210983043,42406.5770500697,104006.8932357690,93870.6060399866,126846.6895394688,9686.4422421501,65629.3755710143,112349.4471959821,76604.9671508492,116148.1943943755,88467.0485448545,85916.9519049099,51247.0540428982,92770.6502626206,19339.3231298476,48201.4573171935,27593.7453727532,81520.4164443664,95050.4046068517,78087.8972674895,122036.2645178173,41844.4439601766,14506.5568091866,28431.6480512758,104617.2598010724,42053.3613280259,101459.2654807222,56684.7517869334,114702.6605371266,130559.9834658538,6387.8032356018,69872.8641116415,85294.8344960086,72848.8432357184,125165.6075212203,20234.1007414774,10054.3945565867,100323.9488868161,40725.3189973353,115272.8917589486,126929.5363748559,52873.2183317080,74840.5966602267,104163.3804873070,91330.7325615456,56300.0382531648,59270.1408993235,39534.0382158348,78726.6476964480,17342.3162338158,88086.8462715148,90775.9240708295,43790.5033818009,44031.3407769586,82491.8334202876,106590.4862033426,101293.0605752482,84386.5704882341,26615.8850011787,70944.2991911030,111068.0558337029,32489.6890230244,94591.7598334738,19023.5014795034,63007.8795732367,127550.3358861930,12716.8487492985,78306.7694787873,32439.8091917230,105611.4574357769,83420.2887838941,78675.2517354287,34084.7461012554,50999.6059698371,446.7788761171,121833.5275787414,84789.9223012351,64969.2677380461,96172.5784871452,83614.5159993475,102094.1935654730,92611.1168802553,43382.6861989694,61178.8404928184,118867.5308307433,34457.4281716959,91652.5587280738,123584.7881226684,48190.1599628349,73580.2053972038,105972.5548757311,132637.7249268777,75707.0470725170,21937.3821997521,93426.5225647294,74213.4943708494,39678.8531341966,99026.0580024918,97170.0578938530,10201.3575335670,35026.9494965210,7210.4153734969,81257.4442517221,118068.4239851114,36336.4392741210,71815.3034290351,91326.0643905377,41162.5441383921,107683.2486752948,59024.1215351795,98879.1239024801,21124.2309049729,98155.2923129869,108634.7025147460,93462.1518121674,113806.3996296722,109205.1045150813,27041.4388865808,107934.4592981267,46683.8871206514,120056.3610895403,93387.4571675354,53967.5194872228,19304.2848615220,85283.0091767217,37718.1565136162,84828.8087054874,12901.5266299047,53357.3909857471,56764.0035504851,98912.8628494336,90171.5348101731,96703.2228943949,48308.7513485995,65024.2705231703,126979.8518764283,105713.9688444140,108056.3276846024,7173.9793626643,111983.3266611728,87951.6799146281,62437.0139588220,78202.3061675228,88826.3494827918,78478.2483212942,36017.1579826298,59916.2984510224,86847.6505351424,79973.4970851369,67667.2027494935,121607.3760670778,15289.4744939384,56908.0882507996,39870.8227586171,67989.1035500652,64039.2296860988,26715.8344674725,37623.1172402779,87042.5987959388,45982.4853642245,87829.1686210860,68929.0323916155,102268.4450885273,34292.0753085001,97644.4987679438,77044.9376772137,28716.4624726409,31582.2499393648,98980.3332447906,20082.6499754662,77553.0333265100,81776.0245360928,28394.1669324558,52325.1243798319,81521.1233172658,89501.6696630813,17274.4221247541,13930.0204432634,38234.4496090997,31917.2538228652,83094.4633553008,42951.0638333671,87226.8701207566,88533.2716234500,41452.5870769290,95169.8022527393,77194.5825890599,80761.8403550073,81993.8882590235
912,0,0,0,0,0,0,0,0,0,0,0,0,0,0,0,0,0,0,0,0,0,0,0,0,0,0,0,0,0,0,0,0,0,0,0,0,0,0,0,0,0,0,0,0,0,0,0,0,0,0,0,0,0,0,0,0,0,0,0,0,0,0,0,0,0,0,0,0,0,0,0,0,0,0,0,0,0,0,0,0,0,0,0,0,0,0,0,0,0,0,0,0,0,0,0,0,0,0,0,0,0,0,0,0,0,0,0,0,0,0,0,0,0,0,0,0,0,0,0,0,0,0,0,0,0,0,0,0,0,0,0,0,0,0,0,0,0,0,0,0,0,0,0,0,0,0,0,0,0,0,0,0,0,0,0,0,0,0,0,0,0,0,0,0,0,0,0,0,0,0,0,0,0,0,0,0,0,0,0,0,0,0,0,0,0,0,0,0,0,0,0,0,0,0,0,0,0,0,0,0
913,0,0,0,0,0,0,0,0,0,0,0,0,0,0,0,0,0,0,0,0,0,0,0,0,0,0,0,0,0,0,0,0,0,0,0,0,0,0,0,0,0,0,0,0,0,0,0,0,0,0,0,0,0,0,0,0,0,0,0,0,0,0,0,0,0,0,0,0,0,0,0,0,0,0,0,0,0,0,0,0,0,0,0,0,0,0,0,0,0,0,0,0,0,0,0,0,0,0,0,0,0,0,0,0,0,0,0,0,0,0,0,0,0,0,0,0,0,0,0,0,0,0,0,0,0,0,0,0,0,0,0,0,0,0,0,0,0,0,0,0,0,0,0,0,0,0,0,0,0,0,0,0,0,0,0,0,0,0,0,0,0,0,0,0,0,0,0,0,0,0,0,0,0,0,0,0,0,0,0,0,0,0,0,0,0,0,0,0,0,0,0,0,0,0,0,0,0,0,0,0
914,27962.5850730457,105520.9716849194,82577.0320228734,69105.6979728001,42188.5874650227,67438.8214576222,99858.2455564083,33707.1833488742,54802.5003362296,64442.8531870321,30937.1715392470,82784.0355977773,2584.7073725986,64896.2490129538,59167.4447415611,91233.6399970173,29507.4443991491,29110.8349817463,80365.0896153559,47314.4141562244,77959.5661842137,57596.7157677180,47384.4594130695,39499.4097466462,54470.3286233136,41559.4280010919,22932.2731131413,13649.4435778597,46079.0404005286,64868.2097313239,42749.6086363311,92851.2315191748,17043.8486122752,36805.5662156767,16261.8634128717,67418.4703000642,43693.1560195176,63064.4127425831,17587.4426264637,78179.6297391742,93202.4614840762,47109.5104164244,38059.4498823487,46220.3350847348,33983.7943701569,92284.6684837791,27464.0701862807,42552.8469311995,67549.7974931582,28962.9398785101,80758.8703056504,88350.7924189136,18590.2736731477,50953.1233945116,65635.9012363642,54171.6896631220,35576.9630008318,30593.6439053119,13196.9255658568,50402.3591642823,25204.4146082392,51434.9235942193,56482.0206499457,31153.8023617656,13032.0036598949,44223.9803909960,69214.3125177563,68097.3171679073,57134.7117794283,34994.3689305015,38510.5167413162,82763.4623854182,9994.1870764821,55480.8959081437,20113.7412860536,24364.4271800369,96551.2077173578,34538.6362904102,40944.2855581058,18151.5532600280,70970.7471126119,61702.2604757271,46103.4712193270,21683.5609619305,12907.6852676148,39591.8927902794,84254.5609506838,54001.5904966126,25958.9288811508,58933.4462161191,49911.6696295002,66856.9227180832,65276.4203508423,37159.2725637281,27782.8679450972,87972.4907121463,42160.9764935981,59092.9288728974,86932.6001002000,30224.5363285321,38700.8578975309,67068.0673571256,100084.5127327194,36610.9030280095,28807.3498025699,55021.9499650846,37253.2176426793,23607.7177639721,61648.4676285627,58330.3765129224,31661.5795612570,9902.3638534733,46537.3813756601,42271.7196608473,84917.5731471036,36687.3087157961,43089.8714684761,52378.1068382194,21129.3917983481,71475.5572676615,21963.2989309534,59998.2832968345,20925.7722772581,63800.5275786485,78248.8886674266,57540.2247087800,76362.9288617508,75764.7604298968,24407.6794298917,69930.8823638142,16139.2231335887,84394.6453631863,60887.2509418508,29253.0699030764,34968.5691512951,52465.5953648351,7.9335820102,47518.1164254082,41054.4478268370,23475.8993821330,40834.5264112944,60810.3756439311,51342.7947042077,60657.7446577012,9197.2981886694,36894.4209415047,89012.2297485473,73621.9970582366,69523.4726717411,35289.9342890457,76492.0251613859,52853.1780055408,40789.8258505238,51461.3843939140,59412.2097014650,46748.9138096902,30958.3378608273,34736.0408405843,49131.5068939295,41538.6713300688,33062.6776392958,83203.3767023186,25671.5370440577,18261.9858102525,67253.6966075873,28921.8538906177,32793.8930705737,12605.8804948653,7773.8039067461,61978.3073965158,34360.4411357979,52118.4032772619,34610.9189200343,65883.2626322738,16274.1210993436,65618.0737240811,46780.2241316906,30522.3207436262,8134.0121581096,59888.5372458785,20094.4331196163,39074.8727560580,52917.3938305510,21196.5124012768,35698.8912737960,57830.2453073939,51546.6900431466,31965.0795196259,25792.3254671767,27877.5283796837,26452.2519481694,47239.1475427759,3831.4670560232,48132.2848896677,66600.7086496102,12128.0268613876,57360.6532436762,43791.6051357591,43283.6243172700,43184.7061216789
915,0,0,0,0,0,0,0,0,0,0,0,0,0,0,0,0,0,0,0,0,0,0,0,0,0,0,0,0,0,0,0,0,0,0,0,0,0,0,0,0,0,0,0,0,0,0,0,0,0,0,0,0,0,0,0,0,0,0,0,0,0,0,0,0,0,0,0,0,0,0,0,0,0,0,0,0,0,0,0,0,0,0,0,0,0,0,0,0,0,0,0,0,0,0,0,0,0,0,0,0,0,0,0,0,0,0,0,0,0,0,0,0,0,0,0,0,0,0,0,0,0,0,0,0,0,0,0,0,0,0,0,0,0,0,0,0,0,0,0,0,0,0,0,0,0,0,0,0,0,0,0,0,0,0,0,0,0,0,0,0,0,0,0,0,0,0,0,0,0,0,0,0,0,0,0,0,0,0,0,0,0,0,0,0,0,0,0,0,0,0,0,0,0,0,0,0,0,0,0,0
916,0,0,0,0,0,0,0,0,0,0,0,0,0,0,0,0,0,0,0,0,0,0,0,0,0,0,0,0,0,0,0,0,0,0,0,0,0,0,0,0,0,0,0,0,0,0,0,0,0,0,0,0,0,0,0,0,0,0,0,0,0,0,0,0,0,0,0,0,0,0,0,0,0,0,0,0,0,0,0,0,0,0,0,0,0,0,0,0,0,0,0,0,0,0,0,0,0,0,0,0,0,0,0,0,0,0,0,0,0,0,0,0,0,0,0,0,0,0,0,0,0,0,0,0,0,0,0,0,0,0,0,0,0,0,0,0,0,0,0,0,0,0,0,0,0,0,0,0,0,0,0,0,0,0,0,0,0,0,0,0,0,0,0,0,0,0,0,0,0,0,0,0,0,0,0,0,0,0,0,0,0,0,0,0,0,0,0,0,0,0,0,0,0,0,0,0,0,0,0,0
917,0,0,0,0,0,0,0,0,0,0,0,0,0,0,0,0,0,0,0,0,0,0,0,0,0,0,0,0,0,0,0,0,0,0,0,0,0,0,0,0,0,0,0,0,0,0,0,0,0,0,0,0,0,0,0,0,0,0,0,0,0,0,0,0,0,0,0,0,0,0,0,0,0,0,0,0,0,0,0,0,0,0,0,0,0,0,0,0,0,0,0,0,0,0,0,0,0,0,0,0,0,0,0,0,0,0,0,0,0,0,0,0,0,0,0,0,0,0,0,0,0,0,0,0,0,0,0,0,0,0,0,0,0,0,0,0,0,0,0,0,0,0,0,0,0,0,0,0,0,0,0,0,0,0,0,0,0,0,0,0,0,0,0,0,0,0,0,0,0,0,0,0,0,0,0,0,0,0,0,0,0,0,0,0,0,0,0,0,0,0,0,0,0,0,0,0,0,0,0,0
918,0,0,0,0,0,0,0,0,0,0,0,0,0,0,0,0,0,0,0,0,0,0,0,0,0,0,0,0,0,0,0,0,0,0,0,0,0,0,0,0,0,0,0,0,0,0,0,0,0,0,0,0,0,0,0,0,0,0,0,0,0,0,0,0,0,0,0,0,0,0,0,0,0,0,0,0,0,0,0,0,0,0,0,0,0,0,0,0,0,0,0,0,0,0,0,0,0,0,0,0,0,0,0,0,0,0,0,0,0,0,0,0,0,0,0,0,0,0,0,0,0,0,0,0,0,0,0,0,0,0,0,0,0,0,0,0,0,0,0,0,0,0,0,0,0,0,0,0,0,0,0,0,0,0,0,0,0,0,0,0,0,0,0,0,0,0,0,0,0,0,0,0,0,0,0,0,0,0,0,0,0,0,0,0,0,0,0,0,0,0,0,0,0,0,0,0,0,0,0,0
919,0,0,0,0,0,0,0,0,0,0,0,0,0,0,0,0,0,0,0,0,0,0,0,0,0,0,0,0,0,0,0,0,0,0,0,0,0,0,0,0,0,0,0,0,0,0,0,0,0,0,0,0,0,0,0,0,0,0,0,0,0,0,0,0,0,0,0,0,0,0,0,0,0,0,0,0,0,0,0,0,0,0,0,0,0,0,0,0,0,0,0,0,0,0,0,0,0,0,0,0,0,0,0,0,0,0,0,0,0,0,0,0,0,0,0,0,0,0,0,0,0,0,0,0,0,0,0,0,0,0,0,0,0,0,0,0,0,0,0,0,0,0,0,0,0,0,0,0,0,0,0,0,0,0,0,0,0,0,0,0,0,0,0,0,0,0,0,0,0,0,0,0,0,0,0,0,0,0,0,0,0,0,0,0,0,0,0,0,0,0,0,0,0,0,0,0,0,0,0,0
920,0,0,0,0,0,0,0,0,0,0,0,0,0,0,0,0,0,0,0,0,0,0,0,0,0,0,0,0,0,0,0,0,0,0,0,0,0,0,0,0,0,0,0,0,0,0,0,0,0,0,0,0,0,0,0,0,0,0,0,0,0,0,0,0,0,0,0,0,0,0,0,0,0,0,0,0,0,0,0,0,0,0,0,0,0,0,0,0,0,0,0,0,0,0,0,0,0,0,0,0,0,0,0,0,0,0,0,0,0,0,0,0,0,0,0,0,0,0,0,0,0,0,0,0,0,0,0,0,0,0,0,0,0,0,0,0,0,0,0,0,0,0,0,0,0,0,0,0,0,0,0,0,0,0,0,0,0,0,0,0,0,0,0,0,0,0,0,0,0,0,0,0,0,0,0,0,0,0,0,0,0,0,0,0,0,0,0,0,0,0,0,0,0,0,0,0,0,0,0,0
921,0,0,0,0,0,0,0,0,0,0,0,0,0,0,0,0,0,0,0,0,0,0,0,0,0,0,0,0,0,0,0,0,0,0,0,0,0,0,0,0,0,0,0,0,0,0,0,0,0,0,0,0,0,0,0,0,0,0,0,0,0,0,0,0,0,0,0,0,0,0,0,0,0,0,0,0,0,0,0,0,0,0,0,0,0,0,0,0,0,0,0,0,0,0,0,0,0,0,0,0,0,0,0,0,0,0,0,0,0,0,0,0,0,0,0,0,0,0,0,0,0,0,0,0,0,0,0,0,0,0,0,0,0,0,0,0,0,0,0,0,0,0,0,0,0,0,0,0,0,0,0,0,0,0,0,0,0,0,0,0,0,0,0,0,0,0,0,0,0,0,0,0,0,0,0,0,0,0,0,0,0,0,0,0,0,0,0,0,0,0,0,0,0,0,0,0,0,0,0,0
922,0,0,0,0,0,0,0,0,0,0,0,0,0,0,0,0,0,0,0,0,0,0,0,0,0,0,0,0,0,0,0,0,0,0,0,0,0,0,0,0,0,0,0,0,0,0,0,0,0,0,0,0,0,0,0,0,0,0,0,0,0,0,0,0,0,0,0,0,0,0,0,0,0,0,0,0,0,0,0,0,0,0,0,0,0,0,0,0,0,0,0,0,0,0,0,0,0,0,0,0,0,0,0,0,0,0,0,0,0,0,0,0,0,0,0,0,0,0,0,0,0,0,0,0,0,0,0,0,0,0,0,0,0,0,0,0,0,0,0,0,0,0,0,0,0,0,0,0,0,0,0,0,0,0,0,0,0,0,0,0,0,0,0,0,0,0,0,0,0,0,0,0,0,0,0,0,0,0,0,0,0,0,0,0,0,0,0,0,0,0,0,0,0,0,0,0.0000000000,0,0,0,0
923,0,0,0,0,0,0,0,0,0,0,0,0,0,0,0,0,0,0,0,0,0,0,0,0,0,0,0,0,0,0,0,0,0,0,0,0,0,0,0,0,0,0,0,0,0,0,0,0,0,0,0,0,0,0,0,0,0,0,0,0,0,0,0,0,0,0,0,0,0,0,0,0,0,0,0,0,0,0,0,0,0,0,0,0,0,0,0,0,0,0,0,0,0,0,0,0,0,0,0,0,0,0,0,0,0,0,0,0,0,0,0,0,0,0,0,0,0,0,0,0,0,0,0,0,0,0,0,0,0,0,0,0,0,0,0,0,0,0,0,0,0,0,0,0,0,0,0,0,0,0,0,0,0,0,0,0,0,0,0,0,0,0,0,0,0,0,0,0,0,0,0,0,0,0,0,0,0,0,0,0,0,0,0,0,0,0,0,0,0,0,0,0,0,0,0,0,0,0,0,0
924,0,0,0,0,0,0,0,0,0,0,0,0,0,0,0,0,0,0,0,0,0,0,0,0,0,0,0,0,0,0,0,0,0,0,0,0,0,0,0,0,0,0,0,0,0,0,0,0,0,0,0,0,0,0,0,0,0,0,0,0,0,0,0,0,0,0,0,0,0,0,0,0,0,0,0,0,0,0,0,0,0,0,0,0,0,0,0,0,0,0,0,0,0,0,0,0,0,0,0,0,0,0,0,0,0,0,0,0,0,0,0,0,0,0,0,0,0,0,0,0,0,0,0,0,0,0,0,0,0,0,0,0,0,0,0,0,0,0,0,0,0,0,0,0,0,0,0,0,0,0,0,0,0,0,0,0,0,0,0,0,0,0,0,0,0,0,0,0,0,0,0,0,0,0,0,0,0,0,0,0,0,0,0,0,0,0,0,0,0,0,0,0,0,0,0,0,0,0,0,0
925,0,0,0,0,0,0,0,0,0,0,0,0,0,0,0,0,0,0,0,0,0,0,0,0,0,0,0,0,0,0,0,0,0,0,0,0,0,0,0,0,0,0,0,0,0,0,0,0,0,0,0,0,0,0,0,0,0,0,0,0,0,0,0,0,0,0,0,0,0,0,0,0,0,0,0,0,0,0,0,0,0,0,0,0,0,0,0,0,0,0,0,0,0,0,0,0,0,0,0,0,0,0,0,0,0,0,0,0,0,0,0,0,0,0,0,0,0,0,0,0,0,0,0,0,0,0,0,0,0,0,0,0,0,0,0,0,0,0,0,0,0,0,0,0,0,0,0,0,0,0,0,0,0,0,0,0,0,0,0,0,0,0,0,0,0,0,0,0,0,0,0,0,0,0,0,0,0,0,0,0,0,0,0,0,0,0,0,0,0,0,0,0,0,0,0,0,0,0,0,0
926,0,0,0,0,0,0,0,0,0,0,0,0,0,0,0,0,0,0,0,0,0,0,0,0,0,0,0,0,0,0,0,0,0,0,0,0,0,0,0,0,0,0,0,0,0,0,0,0,0,0,0,0,0,0,0,0,0,0,0,0,0,0,0,0,0,0,0,0,0,0,0,0,0,0,0,0,0,0,0,0,0,0,0,0,0,0,0,0,0,0,0,0,0,0,0,0,0,0,0,0,0,0,0,0,0,0,0,0,0,0,0,0,0,0,0,0,0,0,0,0,0,0,0,0,0,0,0,0,0,0,0,0,0,0,0,0,0,0,0,0,0,0,0,0,0,0,0,0,0,0,0,0,0,0,0,0,0,0,0,0,0,0,0,0,0,0,0,0,0,0,0,0,0,0,0,0,0,0,0,0,0,0,0,0,0,0,0,0,0,0,0,0,0,0,0,0,0,0,0,0
927,0,0,0,0,0,0,0,0,0,0,0,0,0,0,0,0,0,0,0,0,0,0,0,0,0,0,0,0,0,0,0,0,0,0,0,0,0,0,0,0,0,0,0,0,0,0,0,0,0,0,0,0,0,0,0,0,0,0,0,0,0,0,0,0,0,0,0,0,0,0,0,0,0,0,0,0,0,0,0,0,0,0,0,0,0,0,0,0,0,0,0,0,0,0,0,0,0,0,0,0,0,0,0,0,0,0,0,0,0,0,0,0,0,0,0,0,0,0,0,0,0,0,0,0,0,0,0,0,0,0,0,0,0,0,0,0,0,0,0,0,0,0,0,0,0,0,0,0,0,0,0,0,0,0,0,0,0,0,0,0,0,0,0,0,0,0,0,0,0,0,0,0,0,0,0,0,0,0,0,0,0,0,0,0,0,0,0,0,0,0,0,0,0,0,0,0,0,0,0,0
928,0,0,0,0,0,0,0,0,0,0,0,0,0,0,0,0,0,0,0,0,0,0,0,0,0,0,0,0,0,0,0,0,0,0,0,0,0,0,0,0,0,0,0,0,0,0,0,0,0,0,0,0,0,0,0,0,0,0,0,0,0,0,0,0,0,0,0,0,0,0,0,0,0,0,0,0,0,0,0,0,0,0,0,0,0,0,0,0,0,0,0,0,0,0,0,0,0,0,0,0,0,0,0,0,0,0,0,0,0,0,0,0,0,0,0,0,0,0,0,0,0,0,0,0,0,0,0,0,0,0,0,0,0,0,0,0,0,0,0,0,0,0,0,0,0,0,0,0,0,0,0,0,0,0,0,0,0,0,0,0,0,0,0,0,0,0,0,0,0,0,0,0,0,0,0,0,0,0,0,0,0,0,0,0,0,0,0,0,0,0,0,0,0,0,0,0,0,0,0,0
929,0,0,0,0,0,0,0,0,0,0,0,0,0,0,0,0,0,0,0,0,0,0,0,0,0,0,0,0,0,0,0,0,0,0,0,0,0,0,0,0,0,0,0,0,0,0,0,0,0,0,0,0,0,0,0,0,0,0,0,0,0,0,0,0,0,0,0,0,0,0,0,0,0,0,0,0,0,0,0,0,0,0,0,0,0,0,0,0,0,0,0,0,0,0,0,0,0,0,0,0,0,0,0,0,0,0,0,0,0,0,0,0,0,0,0,0,0,0,0,0,0,0,0,0,0,0,0,0,0,0,0,0,0,0,0,0,0,0,0,0,0,0,0,0,0,0,0,0,0,0,0,0,0,0,0,0,0,0,0,0,0,0,0,0,0,0,0,0,0,0,0,0,0,0,0,0,0,0,0,0,0,0,0,0,0,0,0,0,0,0,0,0,0,0,0,0,0,0,0,0
930,0,0,0,0,0,0,0,0,0,0,0,0,0,0,0,0,0,0,0,0,0,0,0,0,0,0,0,0,0,0,0,0,0,0,0,0,0,0,0,0,0,0,0,0,0,0,0,0,0,0,0,0,0,0,0,0,0,0,0,0,0,0,0,0,0,0,0,0,0,0,0,0,0,0,0,0,0,0,0,0,0,0,0,0,0,0,0,0,0,0,0,0,0,0,0,0,0,0,0,0,0,0,0,0,0,0,0,0,0,0,0,0,0,0,0,0,0,0,0,0,0,0,0,0,0,0,0,0,0,0,0,0,0,0,0,0,0,0,0,0,0,0,0,0,0,0,0,0,0,0,0,0,0,0,0,0,0,0,0,0,0,0,0,0,0,0,0,0,0,0,0,0,0,0,0,0,0,0,0,0,0,0,0,0,0,0,0,0,0,0,0,0,0,0,0,0,0,0,0,0
931,0,0,0,0,0,0,0,0,0,0,0,0,0,0,0,0,0,0,0,0,0,0,0,0,0,0,0,0,0,0,0,0,0,0,0,0,0,0,0,0,0,0,0,0,0,0,0,0,0,0,0,0,0,0,0,0,0,0,0,0,0,0,0,0,0,0,0,0,0,0,0,0,0,0,0,0,0,0,0,0,0,0,0,0,0,0,0,0,0,0,0,0,0,0,0,0,0,0,0,0,0,0,0,0,0,0,0,0,0,0,0,0,0,0,0,0,0,0,0,0,0,0,0,0,0,0,0,0,0,0,0,0,0,0,0,0,0,0,0,0,0,0,0,0,0,0,0,0,0,0,0,0,0,0,0,0,0,0,0,0,0,0,0,0,0,0,0,0,0,0,0,0,0,0,0,0,0,0,0,0,0,0,0,0,0,0,0,0,0,0,0,0,0,0,0,0,0,0,0,0
932,0,0,0,0,0,0,0,0,0,0,0,0,0,0,0,0,0,0,0,0,0,0,0,0,0,0,0,0,0,0,0,0,0,0,0,0,0,0,0,0,0,0,0,0,0,0,0,0,0,0,0,0,0,0,0,0,0,0,0,0,0,0,0,0,0,0,0,0,0,0,0,0,0,0,0,0,0,0,0,0,0,0,0,0,0,0,0,0,0,0,0,0,0,0,0,0,0,0,0,0,0,0,0,0,0,0,0,0,0,0,0,0,0,0,0,0,0,0,0,0,0,0,0,0,0,0,0,0,0,0,0,0,0,0,0,0,0,0,0,0,0,0,0,0,0,0,0,0,0,0,0,0,0,0,0,0,0,0,0,0,0,0,0,0,0,0,0,0,0,0,0,0,0,0,0,0,0,0,0,0,0,0,0,0,0,0,0,0,0,0,0,0,0,0,0,0,0,0,0,0
933,0,0,0,0,0,0,0,0,0,0,0,0,0,0,0,0,0,0,0,0,0,0,0,0,0,0,0,0,0,0,0,0,0,0,0,0,0,0,0,0,0,0,0,0,0,0,0,0,0,0,0,0,0,0,0,0,0,0,0,0,0,0,0,0,0,0,0,0,0,0,0,0,0,0,0,0,0,0,0,0,0,0,0,0,0,0,0,0,0,0,0,0,0,0,0,0,0,0,0,0,0,0,0,0,0,0,0,0,0,0,0,0,0,0,0,0,0,0,0,0,0,0,0,0,0,0,0,0,0,0,0,0,0,0,0,0,0,0,0,0,0,0,0,0,0,0,0,0,0,0,0,0,0,0,0,0,0,0,0,0,0,0,0,0,0,0,0,0,0,0,0,0,0,0,0,0,0,0,0,0,0,0,0,0,0,0,0,0,0,0,0,0,0,0,0,0,0,0,0,0
934,0,0,0,0,0,0,0,0,0,0,0,0,0,0,0,0,0,0,0,0,0,0,0,0,0,0,0,0,0,0,0,0,0,0,0,0,0,0,0,0,0,0,0,0,0,0,0,0,0,0,0,0,0,0,0,0,0,0,0,0,0,0,0,0,0,0,0,0,0,0,0,0,0,0,0,0,0,0,0,0,0,0,0,0,0,0,0,0,0,0,0,0,0,0,0,0,0,0,0,0,0,0,0,0,0,0,0,0,0,0,0,0,0,0,0,0,0,0,0,0,0,0,0,0,0,0,0,0,0,0,0,0,0,0,0,0,0,0,0,0,0,0,0,0,0,0,0,0,0,0,0,0,0,0,0,0,0,0,0,0,0,0,0,0,0,0,0,0,0,0,0,0,0,0,0,0,0,0,0,0,0,0,0,0,0,0,0,0,0,0,0,0,0,0,0,0,0,0,0,0
935,0,0,0,0,0,0,0,0,0,0,0,0,0,0,0,0,0,0,0,0,0,0,0,0,0,0,0,0,0,0,0,0,0,0,0,0,0,0,0,0,0,0,0,0,0,0,0,0,0,0,0,0,0,0,0,0,0,0,0,0,0,0,0,0,0,0,0,0,0,0,0,0,0,0,0,0,0,0,0,0,0,0,0,0,0,0,0,0,0,0,0,0,0,0,0,0,0,0,0,0,0,0,0,0,0,0,0,0,0,0,0,0,0,0,0,0,0,0,0,0,0,0,0,0,0,0,0,0,0,0,0,0,0,0,0,0,0,0,0,0,0,0,0,0,0,0,0,0,0,0,0,0,0,0,0,0,0,0,0,0,0,0,0,0,0,0,0,0,0,0,0,0,0,0,0,0,0,0,0,0,0,0,0,0,0,0,0,0,0,0,0,0,0,0,0,0,0,0,0,0
936,56143.0669522677,110411.6517856761,119375.0128961267,62503.5754780330,41630.0845553559,107677.2998030584,123151.7578405436,70814.3993958077,45581.6960363041,81900.4886226150,10076.2393977917,78514.5767977410,41143.7948015926,95691.9910575212,99149.0710345212,106112.2787409658,33187.4865448137,52935.6215383689,87801.7613743924,88172.2043232207,101488.8270005063,64733.8459008332,74749.1943197484,20985.4592341093,90852.0179783412,52301.4837030014,30494.5837751272,40301.2822684553,64203.8307472665,105775.4397200570,82832.4769732484,94448.6674013108,54813.9265553509,20134.4056433220,25238.1194802919,105183.1528075567,9851.5332552741,88424.7495248346,54237.9539281730,96167.7783515732,112955.8658471737,32066.6379122859,50057.0689442813,79718.6691593642,64749.8282882392,100912.7624580398,45326.3993568028,41654.5799660627,77470.3920223413,17140.8800544200,93535.9229056876,113188.9931100117,41297.2127800433,90862.7363700359,100883.0341801055,75873.6804463568,30619.8377000373,39280.6187668837,30371.2159850135,53892.6937563673,23748.3332570166,90337.2508828412,70686.9458879127,64741.2834414851,49842.0417818628,81248.6766557217,90336.1197942902,108510.9940776603,97851.7739488272,55131.3591316367,79396.0088559533,83317.0841099346,34964.8594082792,87446.4577207647,33037.6545151868,55624.6228960753,101287.4089980148,43466.0987844520,64861.2791720742,49263.1312882565,84677.5557123608,101245.1050367207,58056.5900283616,19819.7378519225,45479.0419538102,32562.2431621774,105165.8049515761,94909.8863713041,62133.9558307877,96930.1226347238,90437.1489368777,106392.0991623704,106067.9001847005,12828.0515711012,45445.5322008320,92898.3138220139,107.2856510311,99767.4649581857,104815.1826378766,24162.5511770534,56734.1626108795,95025.5907404630,107711.7852956639,70638.1554879356,16050.5499641308,81069.4069690996,76481.3195592065,57805.1566566249,83346.0293399160,92738.7909497634,26202.8613601725,45272.3344726591,38182.0853139632,72904.4332535911,94472.8546390699,8182.5315418911,48524.7353255791,81733.8994034902,24665.5102662262,89027.0390786456,48980.4710440004,88248.4132713002,40082.4272749953,77429.3094865469,82762.2440642708,75495.9680506231,97247.4917376786,86477.1399578049,49181.2330019543,106312.7711574544,34799.1404950036,99736.3215878305,70847.8399384884,32565.7938726214,49350.0956645654,64010.4523079722,41705.6806944648,70411.9116629406,46721.2525203905,36978.7361132499,27468.4407140378,97339.7698119952,86211.5518755598,99782.8329292017,47356.7473482580,42751.4063998921,111109.6124258822,81706.0443769215,95101.7263720721,36964.7329787532,91862.0192399247,92781.8937622468,35548.9882385101,92029.2747459574,100324.2479284484,87635.0940140202,11529.9311328334,36578.2008580863,86879.0311019622,69132.1212793257,51679.4975322982,107411.4265408947,37750.1059442862,50935.2060276081,63249.2922436923,62078.1331013531,45076.7385578785,32764.3867963427,33942.1246552169,102377.6141031745,18103.6665358031,70123.8027944438,75269.2651397240,104579.7693687291,25030.6691315227,106332.7069915403,54262.8753364694,54307.9222750976,39037.0431409176,90381.4036099659,27958.5349959927,75956.7693494231,93776.3806536450,19977.4147249050,25093.4542533734,97842.9475472062,76127.6140109538,18293.2409087781,28578.1669923876,59462.8025274701,14568.5997948379,86895.8693103856,45542.4154713759,79569.4576158159,106305.0960202313,51196.6816549421,80869.3324477401,84486.3830831760,81651.6649332379,78698.7649623304
937,0,0,0,0,0,0,0,0,0,0,0,0,0,0,0,0,0,0,0,0,0,0,0,0,0,0,0,0,0,0,0,0,0,0,0,0,0,0,0,0,0,0,0,0,0,0,0,0,0,0,0,0,0,0,0,0,0,0,0,0,0,0,0,0,0,0,0,0,0,0,0,0,0,0,0,0,0,0,0,0,0,0,0,0,0,0,0,0,0,0,0,0,0,0,0,0,0,0,0,0,0,0,0,0,0,0,0,0,0,0,0,0,0,0,0,0,0,0,0,0,0,0,0,0,0,0,0,0,0,0,0,0,0,0,0,0,0,0,0,0,0,0,0,0,0,0,0,0,0,0,0,0,0,0,0,0,0,0,0,0,0,0,0,0,0,0,0,0,0,0,0,0,0,0,0,0,0,0,0,0,0,0,0,0,0,0,0,0,0,0,0,0,0,0,0,0,0,0,0,0
938,0,0,0,0,0,0,0,0,0,0,0,0,0,0,0,0,0,0,0,0,0,0,0,0,0,0,0,0,0,0,0,0,0,0,0,0,0,0,0,0,0,0,0,0,0,0,0,0,0,0,0,0,0,0,0,0,0,0,0,0,0,0,0,0,0,0,0,0,0,0,0,0,0,0,0,0,0,0,0,0,0,0,0,0,0,0,0,0,0,0,0,0,0,0,0,0,0,0,0,0,0,0,0,0,0,0,0,0,0,0,0,0,0,0,0,0,0,0,0,0,0,0,0,0,0,0,0,0,0,0,0,0,0,0,0,0,0,0,0,0,0,0,0,0,0,0,0,0,0,0,0,0,0,0,0,0,0,0,0,0,0,0,0,0,0,0,0,0,0,0,0,0,0,0,0,0,0,0,0,0,0,0,0,0,0,0,0,0,0,0,0,0,0,0,0,0,0,0,0,0
939,32986.1525879667,101445.0373540776,84177.3974690419,66330.2513049572,36852.4411703803,72322.6516821694,98258.5276561066,35057.2327695027,55879.9141169857,61482.8470157026,27337.3023093645,77786.9227428290,2019.2582874128,64586.2367807351,62186.5424023781,88230.4808248001,30692.5575201123,26135.0584793370,76340.7465499101,51762.4175793520,76214.5912014673,53203.3531010660,45945.4911099794,34079.6597364611,55760.7996554282,44807.4351205068,17349.0675760301,17245.1347491132,42799.6918670813,68917.1568876101,45816.2022201791,88377.4161737942,22640.5539674416,35582.3273621856,13894.5040966625,69329.0762430393,39182.9738268263,61485.9286688860,18276.6109720295,75496.0465817107,90947.0341817879,47018.3228706611,33620.8784090016,46423.1354203485,33048.1891911270,88507.5507860361,30951.1316820473,44196.4243490884,63633.4639071063,23914.5661661122,77368.2954029590,86952.5043899028,14324.6149235262,56016.8960029265,66616.2001126127,51720.4417651919,29986.4228016504,25450.1244263239,10112.0908931296,45525.2722805295,24446.7126331229,53799.7437256242,52897.3925536897,36694.3976446213,14125.2560912266,45672.7294027911,66927.0348034580,71451.8017774688,61740.3546107864,39244.1313254931,42529.1916568350,78117.4706318031,13489.0725847161,55366.8740914705,21508.2139126799,23136.7021838520,92397.4177836543,37121.6289973009,38554.9752406705,23178.2404515460,67577.0109966272,66838.0943038994,41955.3901427055,17358.7447367292,11091.0951622067,40115.6134232655,82109.5757044046,58073.5574392292,26720.4323681220,60903.4357491733,53367.0224909766,69610.8347855340,69778.6072361878,32199.4425021798,23532.2376729383,83766.6559903444,38394.9826567820,62709.6780295680,84326.4758189034,24688.7828305687,35136.0888136179,66102.8635495951,96258.3074116893,36801.6199756006,26577.5333255899,53450.4885972079,39728.5289598083,29119.1960733542,59343.5324587299,58977.4280641142,31520.8675454779,15125.6824693818,47349.9546831275,41542.9050973442,81177.3401695847,32436.1043498178,38178.2523614635,51525.0772645594,15776.7070713613,68638.5859570184,19221.5820679611,59004.0382969350,23953.4634261144,60282.2218711130,73906.1835710526,54527.2860008109,74127.8344460644,72057.0026798422,28809.5853483595,71325.6879603099,10761.2154657451,81389.9135920464,56861.7347347713,23729.4829833372,38409.2718464000,48445.0449746425,7904.7678478183,45127.0803651271,43561.7820150284,18306.8660364651,35254.7046645583,62203.4715996473,52065.3080324805,63172.2179687486,10456.8756796113,31805.0663677086,87115.8257887747,69586.5007467308,68079.2842622372,36783.1730296302,73401.0445360431,55826.1166867776,35252.6521648744,56209.5203954736,63660.9671457611,50747.7923147229,26521.6946117512,29319.9280725136,50933.0080754949,39997.8829971185,29316.5300404412,81639.1300874352,27918.5977750511,17118.6394228995,64892.9245076481,28576.4650524241,28132.3097479403,13453.4267571269,596.4240403020,66797.1128416502,29074.9583058726,48989.2251965751,38228.0037838441,68199.8567017451,12040.8219411270,69281.9268993795,42163.0828980309,35081.3047861483,11642.1552775319,59439.7833512235,20059.7836336418,40403.2165396448,57345.0307406768,18101.0293803756,30138.8500205437,62833.0206186422,49593.9976122773,30425.3743479490,26152.3132912890,33248.6174160330,22502.6144241974,50020.0436903778,9095.3717807403,47753.3137411362,71678.5193971962,17695.4853672863,55315.0567711159,47444.5108838691,45331.9529957532,44028.9466138729
940,0,0,0,0,0,0,0,0,0,0,0,0,0,0,0,0,0,0,0,0,0,0,0,0,0,0,0,0,0,0,0,0,0,0,0,0,0,0,0,0,0,0,0,0,0,0,0,0,0,0,0,0,0,0,0,0,0,0,0,0,0,0,0,0,0,0,0,0,0,0,0,0,0,0,0,0,0,0,0,0,0,0,0,0,0,0,0,0,0,0,0,0,0,0,0,0,0,0,0,0,0,0,0,0,0,0,0,0,0,0,0,0,0,0,0,0,0,0,0,0,0,0,0,0,0,0,0,0,0,0,0,0,0,0,0,0,0,0,0,0,0,0,0,0,0,0,0,0,0,0,0,0,0,0,0,0,0,0,0,0,0,0,0,0,0,0,0,0,0,0,0,0,0,0,0,0,0,0,0,0,0,0,0,0,0,0,0,0,0,0,0,0,0,0,0,0,0,0,0,0
941,0,0,0,0,0,0,0,0,0,0,0,0,0,0,0,0,0,0,0,0,0,0,0,0,0,0,0,0,0,0,0,0,0,0,0,0,0,0,0,0,0,0,0,0,0,0,0,0,0,0,0,0,0,0,0,0,0,0,0,0,0,0,0,0,0,0,0,0,0,0,0,0,0,0,0,0,0,0,0,0,0,0,0,0,0,0,0,0,0,0,0,0,0,0,0,0,0,0,0,0,0,0,0,0,0,0,0,0,0,0,0,0,0,0,0,0,0,0,0,0,0,0,0,0,0,0,0,0,0,0,0,0,0,0,0,0,0,0,0,0,0,0,0,0,0,0,0,0,0,0,0,0,0,0,0,0,0,0,0,0,0,0,0,0,0,0,0,0,0,0,0,0,0,0,0,0,0,0,0,0,0,0,0,0,0,0,0,0,0,0,0,0,0,0,0,0,0,0,0,0
942,0,0,0,0,0,0,0,0,0,0,0,0,0,0,0,0,0,0,0,0,0,0,0,0,0,0,0,0,0,0,0,0,0,0,0,0,0,0,0,0,0,0,0,0,0,0,0,0,0,0,0,0,0,0,0,0,0,0,0,0,0,0,0,0,0,0,0,0,0,0,0,0,0,0,0,0,0,0,0,0,0,0,0,0,0,0,0,0,0,0,0,0,0,0,0,0,0,0,0,0,0,0,0,0,0,0,0,0,0,0,0,0,0,0,0,0,0,0,0,0,0,0,0,0,0,0,0,0,0,0,0,0,0,0,0,0,0,0,0,0,0,0,0,0,0,0,0,0,0,0,0,0,0,0,0,0,0,0,0,0,0,0,0,0,0,0,0,0,0,0,0,0,0,0,0,0,0,0,0,0,0,0,0,0,0,0,0,0,0,0,0,0,0,0,0,0,0,0,0,0
943,0,0,0,0,0,0,0,0,0,0,0,0,0,0,0,0,0,0,0,0,0,0,0,0,0,0,0,0,0,0,0,0,0,0,0,0,0,0,0,0,0,0,0,0,0,0,0,0,0,0,0,0,0,0,0,0,0,0,0,0,0,0,0,0,0,0,0,0,0,0,0,0,0,0,0,0,0,0,0,0,0,0,0,0,0,0,0,0,0,0,0,0,0,0,0,0,0,0,0,0,0,0,0,0,0,0,0,0,0,0,0,0,0,0,0,0,0,0,0,0,0,0,0,0,0,0,0,0,0,0,0,0,0,0,0,0,0,0,0,0,0,0,0,0,0,0,0,0,0,0,0,0,0,0,0,0,0,0,0,0,0,0,0,0,0,0,0,0,0,0,0,0,0,0,0,0,0,0,0,0,0,0,0,0,0,0,0,0,0,0,0,0,0,0,0,0,0,0,0,0
944,0,0,0,0,0,0,0,0,0,0,0,0,0,0,0,0,0,0,0,0,0,0,0,0,0,0,0,0,0,0,0,0,0,0,0,0,0,0,0,0,0,0,0,0,0,0,0,0,0,0,0,0,0,0,0,0,0,0,0,0,0,0,0,0,0,0,0,0,0,0,0,0,0,0,0,0,0,0,0,0,0,0,0,0,0,0,0,0,0,0,0,0,0,0,0,0,0,0,0,0,0,0,0,0,0,0,0,0,0,0,0,0,0,0,0,0,0,0,0,0,0,0,0,0,0,0,0,0,0,0,0,0,0,0,0,0,0,0,0,0,0,0,0,0,0,0,0,0,0,0,0,0,0,0,0,0,0,0,0,0,0,0,0,0,0,0,0,0,0,0,0,0,0,0,0,0,0,0,0,0,0,0,0,0,0,0,0,0,0,0,0,0,0,0,0,0,0,0,0,0
945,0,0,0,0,0,0,0,0,0,0,0,0,0,0,0,0,0,0,0,0,0,0,0,0,0,0,0,0,0,0,0,0,0,0,0,0,0,0,0,0,0,0,0,0,0,0,0,0,0,0,0,0,0,0,0,0,0,0,0,0,0,0,0,0,0,0,0,0,0,0,0,0,0,0,0,0,0,0,0,0,0,0,0,0,0,0,0,0,0,0,0,0,0,0,0,0,0,0,0,0,0,0,0,0,0,0,0,0,0,0,0,0,0,0,0,0,0,0,0,0,0,0,0,0,0,0,0,0,0,0,0,0,0,0,0,0,0,0,0,0,0,0,0,0,0,0,0,0,0,0,0,0,0,0,0,0,0,0,0,0,0,0,0,0,0,0,0,0,0,0,0,0,0,0,0,0,0,0,0,0,0,0,0,0,0,0,0,0,0,0,0,0,0,0,0,0,0,0,0,0
946,0,0,0,0,0,0,0,0,0,0,0,0,0,0,0,0,0,0,0,0,0,0,0,0,0,0,0,0,0,0,0,0,0,0,0,0,0,0,0,0,0,0,0,0,0,0,0,0,0,0,0,0,0,0,0,0,0,0,0,0,0,0,0,0,0,0,0,0,0,0,0,0,0,0,0,0,0,0,0,0,0,0,0,0,0,0,0,0,0,0,0,0,0,0,0,0,0,0,0,0,0,0,0,0,0,0,0,0,0,0,0,0,0,0,0,0,0,0,0,0,0,0,0,0,0,0,0,0,0,0,0,0,0,0,0,0,0,0,0,0,0,0,0,0,0,0,0,0,0,0,0,0,0,0,0,0,0,0,0,0,0,0,0,0,0,0,0,0,0,0,0,0,0,0,0,0,0,0,0,0,0,0,0,0,0,0,0,0,0,0,0,0,0,0,0,0,0,0,0,0
947,0,0,0,0,0,0,0,0,0,0,0,0,0,0,0,0,0,0,0,0,0,0,0,0,0,0,0,0,0,0,0,0,0,0,0,0,0,0,0,0,0,0,0,0,0,0,0,0,0,0,0,0,0,0,0,0,0,0,0,0,0,0,0,0,0,0,0,0,0,0,0,0,0,0,0,0,0,0,0,0,0,0,0,0,0,0,0,0,0,0,0,0,0,0,0,0,0,0,0,0,0,0,0,0,0,0,0,0,0,0,0,0,0,0,0,0,0,0,0,0,0,0,0,0,0,0,0,0,0,0,0,0,0,0,0,0,0,0,0,0,0,0,0,0,0,0,0,0,0,0,0,0,0,0,0,0,0,0,0,0,0,0,0,0,0,0,0,0,0,0,0,0,0,0,0,0,0,0,0,0,0,0,0,0,0,0,0,0,0,0,0,0,0,0,0,0,0,0,0,0
948,0,0,0,0,0,0,0,0,0,0,0,0,0,0,0,0,0,0,0,0,0,0,0,0,0,0,0,0,0,0,0,0,0,0,0,0,0,0,0,0,0,0,0,0,0,0,0,0,0,0,0,0,0,0,0,0,0,0,0,0,0,0,0,0,0,0,0,0,0,0,0,0,0,0,0,0,0,0,0,0,0,0,0,0,0,0,0,0,0,0,0,0,0,0,0,0,0,0,0,0,0,0,0,0,0,0,0,0,0,0,0,0,0,0,0,0,0,0,0,0,0,0,0,0,0,0,0,0,0,0,0,0,0,0,0,0,0,0,0,0,0,0,0,0,0,0,0,0,0,0,0,0,0,0,0,0,0,0,0,0,0,0,0,0,0,0,0,0,0,0,0,0,0,0,0,0,0,0,0,0,0,0,0,0,0,0,0,0,0,0,0,0,0,0,0,0,0,0,0,0
949,0,0,0,0,0,0,0,0,0,0,0,0,0,0,0,0,0,0,0,0,0,0,0,0,0,0,0,0,0,0,0,0,0,0,0,0,0,0,0,0,0,0,0,0,0,0,0,0,0,0,0,0,0,0,0,0,0,0,0,0,0,0,0,0,0,0,0,0,0,0,0,0,0,0,0,0,0,0,0,0,0,0,0,0,0,0,0,0,0,0,0,0,0,0,0,0,0,0,0,0,0,0,0,0,0,0,0,0,0,0,0,0,0,0,0,0,0,0,0,0,0,0,0,0,0,0,0,0,0,0,0,0,0,0,0,0,0,0,0,0,0,0,0,0,0,0,0,0,0,0,0,0,0,0,0,0,0,0,0,0,0,0,0,0,0,0,0,0,0,0,0,0,0,0,0,0,0,0,0,0,0,0,0,0,0,0,0,0,0,0,0,0,0,0,0,0,0,0,0,0
950,0,0,0,0,0,0,0,0,0,0,0,0,0,0,0,0,0,0,0,0,0,0,0,0,0,0,0,0,0,0,0,0,0,0,0,0,0,0,0,0,0,0,0,0,0,0,0,0,0,0,0,0,0,0,0,0,0,0,0,0,0,0,0,0,0,0,0,0,0,0,0,0,0,0,0,0,0,0,0,0,0,0,0,0,0,0,0,0,0,0,0,0,0,0,0,0,0,0,0,0,0,0,0,0,0,0,0,0,0,0,0,0,0,0,0,0,0,0,0,0,0,0,0,0,0,0,0,0,0,0,0,0,0,0,0,0,0,0,0,0,0,0,0,0,0,0,0,0,0,0,0,0,0,0,0,0,0,0,0,0,0,0,0,0,0,0,0,0,0,0,0,0,0,0,0,0,0,0,0,0,0,0,0,0,0,0,0,0,0,0,0,0,0,0,0,0,0,0,0,0
951,45346.1289988142,105199.7516390800,105606.8516423955,44453.9301030799,35222.5447039867,94042.4258977016,112559.2028366035,56807.6971931008,46744.9113024497,72242.4763829997,4709.7768985113,75788.4739952682,26913.8945197443,82997.1826450778,84921.2982549344,97689.0991199461,27075.2774707592,40582.9047424961,81300.1347083263,74173.2493792517,90591.6356055445,57505.4795773897,62472.3528481700,19474.6252117213,77057.8745604419,46488.7754386075,18809.1316227925,28312.4786356468,53755.3794491926,91636.7663841459,68595.9807479936,90049.1991288006,41645.1720803083,20589.4153316666,12069.0375863850,91220.0214801374,17171.2301953692,76870.5574310164,40128.4519475335,86677.5156909964,103225.8304208707,34340.9507428459,40368.3241531953,66326.5792362069,51585.0291180614,94319.4162113929,36463.2208433574,38992.9626796191,69883.5459786475,8349.2588787792,85507.6809103135,102092.3619313905,28190.1172755443,77346.0537552809,87333.3454036735,64936.4635594983,24113.4842197786,29281.0601489465,16257.8569418741,47214.9059943490,16202.7213663459,76194.2834657473,61579.5871898050,52869.9675736541,35871.6226461914,67311.7052635493,79883.9217195920,94272.4395926168,83958.8520894314,46536.8456441304,65245.1027285346,79000.9907133990,21370.3077102288,74424.7561101347,23197.0559814975,42132.3764664360,95967.5537131734,37312.3299585938,53047.9491281819,37302.6139135507,76162.1312709313,87896.8280572395,48975.5447877111,10089.1679326634,31479.3084382234,31098.9344028573,95013.8037502463,80775.8688603947,48158.3494460065,82913.6246700711,76204.0560763748,92201.9026008681,92125.5960999934,12926.0424405193,33821.0191937649,87340.1974449748,15589.6841344607,85545.2830961480,95499.9558545998,16057.8746766022,45918.2583852114,82956.6453585854,101560.0647913620,57050.3038328195,19876.1035312902,69217.8342160653,62285.5493346841,45564.1618491802,72598.2017386174,79296.0639267113,22238.3045050666,32171.3117004953,38205.3484638681,59934.0853524491,87455.6722009833,9895.5001585054,40736.2804697782,69168.4372864218,11833.4446732362,79515.0808251478,35820.2914499408,76021.3518965899,30019.7695729779,68726.4032898179,77079.2724057814,65517.6130740909,86982.0950695070,78910.4076663147,38774.0896841870,92581.1436706535,21414.7788156107,91069.1370007203,63006.4704051534,23032.0184624087,42045.9823409771,55382.5558815156,27841.7598677686,59022.7512741086,42148.9301832089,25178.4456103157,24497.9713220800,83549.8721587389,72640.6002189136,85628.8375343672,33122.4400831857,34178.5827080771,100713.4846858838,74828.7562824163,83599.5695614717,32529.5728120483,83031.9259150690,78554.6047068916,30167.1527206009,78218.8365019227,86252.3849818785,73480.6436650282,5455.8149345719,28478.8577204423,72867.6920068140,56671.7809937929,40380.9043817276,96414.2224532798,29498.1565739656,37118.0229469356,43836.5147052610,48481.0015228653,34805.0500142280,20345.2918997987,19726.9384602009,88660.9545463696,13856.5806567217,59948.9191610325,61054.5157682010,90483.3158421930,10797.5102946316,92114.7260652423,46288.9188077774,44590.5272736535,25958.0993739480,77694.2014929302,17925.5431364873,62009.8207135966,79776.4424370297,14100.1611743119,19945.9987811702,84296.4326321003,64504.1482787047,15713.3032283845,21320.6137362691,47940.1628949018,1161.8341063511,72681.5805888460,31416.7931929715,66553.8821987265,92901.2146958890,37662.3110277484,69613.5690602573,70272.0683965472,67548.1809710516,64965.4001563028
952,0,0,0,0,0,0,0,0,0,0,0,0,0,0,0,0,0,0,0,0,0,0,0,0,0,0,0,0,0,0,0,0,0,0,0,0,0,0,0,0,0,0,0,0,0,0,0,0,0,0,0,0,0,0,0,0,0,0,0,0,0,0,0,0,0,0,0,0,0,0,0,0,0,0,0,0,0,0,0,0,0,0,0,0,0,0,0,0,0,0,0,0,0,0,0,0,0,0,0,0,0,0,0,0,0,0,0,0,0,0,0,0,0,0,0,0,0,0,0,0,0,0,0,0,0,0,0,0,0,0,0,0,0,0,0,0,0,0,0,0,0,0,0,0,0,0,0,0,0,0,0,0,0,0,0,0,0,0,0,0,0,0,0,0,0,0,0,0,0,0,0,0,0,0,0,0,0,0,0,0,0,0,0,0,0,0,0,0,0,0,0,0,0,0,0,0,0,0,0,0
953,0,0,0,0,0,0,0,0,0,0,0,0,0,0,0,0,0,0,0,0,0,0,0,0,0,0,0,0,0,0,0,0,0,0,0,0,0,0,0,0,0,0,0,0,0,0,0,0,0,0,0,0,0,0,0,0,0,0,0,0,0,0,0,0,0,0,0,0,0,0,0,0,0,0,0,0,0,0,0,0,0,0,0,0,0,0,0,0,0,0,0,0,0,0,0,0,0,0,0,0,0,0,0,0,0,0,0,0,0,0,0,0,0,0,0,0,0,0,0,0,0,0,0,0,0,0,0,0,0,0,0,0,0,0,0,0,0,0,0,0,0,0,0,0,0,0,0,0,0,0,0,0,0,0,0,0,0,0,0,0,0,0,0,0,0,0,0,0,0,0,0,0,0,0,0,0,0,0,0,0,0,0,0,0,0,0,0,0,0,0,0,0,0,0,0,0,0,0,0,0
954,22367.7248889790,110496.0920428583,80444.2546221700,73602.4294750250,48907.2930904675,61064.5002593072,101721.2946843379,32675.0779250990,54864.5232607614,68198.3507677540,36636.4226761423,88987.5766371425,10218.4744290243,65368.3779436510,55339.7072423838,94895.7363661581,30121.9414186050,33440.5384617263,85341.3222281464,41617.8730028644,80120.9546795959,63120.6631489474,49505.6136364786,46576.1437865808,53013.4847249605,38797.0819234530,30011.9765654236,12266.9817108949,50396.6976841322,59605.8433861122,39079.3885942135,98360.9279308432,14996.8592773846,40023.3851309322,21511.6517916348,64993.3771561774,50054.8803688734,65142.5966828233,18625.0349298436,81505.6340486604,95919.6481381771,48780.4817106455,43779.3296598462,46322.7415697016,35839.6999405296,96913.2940593968,24790.3802811278,42093.8774805293,72446.4761575271,35820.7566298167,84946.9834775624,90014.8706520369,24532.1763641322,44388.1118651138,64445.3990149669,57412.2036999392,42663.6938230232,37141.3655276760,20298.0003037119,56538.3461919264,28361.1200196721,48588.6752520595,61050.5415724486,24284.1216728646,3334.9479569908,42745.4206788714,72110.8512429488,63747.1662328429,51160.5416649297,30732.5500658700,33540.8944574385,88514.1953843766,11750.6682975685,55822.7437481849,21130.9037566247,27017.8947165342,101644.8303346188,32984.4929143366,44317.8938272372,12943.2712501392,75211.4921522811,55019.9984662710,51418.8229639112,28122.9983067204,17295.6921487691,40676.5841462681,86877.1683792416,48777.3001246546,26104.6420143598,56517.7115899914,45585.0700484616,63318.2356033170,59406.9531124486,43918.5135998757,33455.9955974155,93153.1135951802,47864.1139515475,54453.3182358875,90117.1583817521,37360.6369053333,43448.9224864606,68343.1746390017,104753.8917787249,36985.1704328003,33303.6185161963,57185.8050896876,34548.9920835392,16870.0506190549,64631.9139324475,57657.6130953503,33819.5913868271,10628.0803266830,47088.5411837304,43632.5305222204,89523.8548994938,42874.0780084226,49301.8791903130,53695.0923030597,28196.3757873144,75031.2968391288,26355.6220357614,61385.9236889506,19477.2934206490,68236.3279874513,83628.9559915160,61417.9178989890,79144.4304055836,80367.0026001730,20229.3388853533,68159.5510600068,23035.7660435903,88087.4947174438,65951.9770859017,36237.8382433530,32073.4939310173,57580.3477922530,5210.2933854169,50777.2494475646,39416.5629176507,30109.2335964003,47977.1091739502,59134.6106722864,50678.1289601867,57495.4335464151,11513.7616197345,43343.4804978590,91298.7614118950,78637.2458014206,71374.1846110774,35249.8935037967,80330.6118274203,49157.5144407730,47778.7918299638,45320.4392005879,53909.8921663142,41694.4708162973,37351.0463288956,41572.9924227608,47082.9038739225,43901.3052231769,38108.5283989603,85105.4389714491,25044.3994646619,21318.8341673463,71308.4769583831,30282.5567814180,38811.6700687069,15406.3135054032,14644.8644396362,55702.3572171979,41359.3203545056,56188.9011556599,30322.3028673734,62934.9341675863,22789.2774942284,60868.8632110933,52630.0707068934,25806.4457939930,8834.5609206026,60593.8892713052,22828.8831856153,37889.3942320028,47209.1955576311,26738.0282208657,42840.4812678020,51325.7533857994,54222.0312114114,35663.5779604580,27647.9363065318,21481.5074819882,32523.3628087452,43888.6802186516,6628.6181356137,48931.9107975491,59982.6336473174,4030.0744417248,60073.7031070552,39269.0185730539,41017.4081951143,42528.3967470895
955,0,0,0,0,0,0,0,0,0,0,0,0,0,0,0,0,0,0,0,0,0,0,0,0,0,0,0,0,0,0,0,0,0,0,0,0,0,0,0,0,0,0,0,0,0,0,0,0,0,0,0,0,0,0,0,0,0,0,0,0,0,0,0,0,0,0,0,0,0,0,0,0,0,0,0,0,0,0,0,0,0,0,0,0,0,0,0,0,0,0,0,0,0,0,0,0,0,0,0,0,0,0,0,0,0,0,0,0,0,0,0,0,0,0,0,0,0,0,0,0,0,0,0,0,0,0,0,0,0,0,0,0,0,0,0,0,0,0,0,0,0,0,0,0,0,0,0,0,0,0,0,0,0,0,0,0,0,0,0,0,0,0,0,0,0,0,0,0,0,0,0,0,0,0,0,0,0,0,0,0,0,0,0,0,0,0,0,0,0,0,0,0,0,0,0,0,0,0,0,0
956,0,0,0,0,0,0,0,0,0,0,0,0,0,0,0,0,0,0,0,0,0,0,0,0,0,0,0,0,0,0,0,0,0,0,0,0,0,0,0,0,0,0,0,0,0,0,0,0,0,0,0,0,0,0,0,0,0,0,0,0,0,0,0,0,0,0,0,0,0,0,0,0,0,0,0,0,0,0,0,0,0,0,0,0,0,0,0,0,0,0,0,0,0,0,0,0,0,0,0,0,0,0,0,0,0,0,0,0,0,0,0,0,0,0,0,0,0,0,0,0,0,0,0,0,0,0,0,0,0,0,0,0,0,0,0,0,0,0,0,0,0,0,0,0,0,0,0,0,0,0,0,0,0,0,0,0,0,0,0,0,0,0,0,0,0,0,0,0,0,0,0,0,0,0,0,0,0,0,0,0,0,0,0,0,0,0,0,0,0,0,0,0,0,0,0,0,0,0,0,0
957,0,0,0,0,0,0,0,0,0,0,0,0,0,0,0,0,0,0,0,0,0,0,0,0,0,0,0,0,0,0,0,0,0,0,0,0,0,0,0,0,0,0,0,0,0,0,0,0,0,0,0,0,0,0,0,0,0,0,0,0,0,0,0,0,0,0,0,0,0,0,0,0,0,0,0,0,0,0,0,0,0,0,0,0,0,0,0,0,0,0,0,0,0,0,0,0,0,0,0,0,0,0,0,0,0,0,0,0,0,0,0,0,0,0,0,0,0,0,0,0,0,0,0,0,0,0,0,0,0,0,0,0,0,0,0,0,0,0,0,0,0,0,0,0,0,0,0,0,0,0,0,0,0,0,0,0,0,0,0,0,0,0,0,0,0,0,0,0,0,0,0,0,0,0,0,0,0,0,0,0,0,0,0,0,0,0,0,0,0,0,0,0,0,0,0,0,0,0,0,0
958,15490.1350925145,137192.3114409020,107186.6502279892,62538.4115342046,70124.6631165321,73567.7777347893,131546.6678482108,61750.1143365860,28689.4699676637,96941.3426940360,39528.6156894739,111871.4133449121,36554.0382043837,94958.7455552405,79277.7795728741,123732.6073152563,14239.9207850295,61576.5329908375,112135.4556492657,60350.5324913950,109890.2419185753,88771.0535416882,79250.1298696505,58921.3237076442,81214.8454022149,8791.2606819384,49724.1185265079,18861.0897955911,78484.1455170450,78563.9835257035,64367.7398875306,123719.9148764536,27841.9721913287,29464.1400782749,30208.1443580448,91540.8104126541,53920.4450613924,94918.7401412454,48432.5288615045,110660.8683711017,125493.7638858442,28961.5443743013,69254.7379796344,75851.5109714296,65611.0872470072,124361.5970526093,8513.4370337742,16079.8317628908,99472.9663313858,47077.9839212947,113137.1207860917,119846.6460516111,50171.4732725859,57319.0550367342,92753.6723795805,86617.8533364088,60624.4649282160,60016.5425033864,39080.0559885760,80344.9214852431,23996.8374717222,74926.9401515676,88724.8177949238,25961.2008087351,33641.5938308996,71164.5796803107,101566.4617604736,85795.5388514787,67334.3022299919,11033.3672645306,56092.1213896563,113188.9633997095,28256.8989074915,85398.1785029102,16942.7503774546,56466.9552050081,128097.9471156672,6089.8326845810,73401.1955717480,18363.3796270823,103342.9042526640,65377.7461698032,77742.1645915015,38586.8077927916,45406.2676644259,20773.7888508879,116491.0732865896,68754.2533692959,55841.8764885722,83308.3545027171,68803.9965793764,87623.3259594293,75404.4448554451,52409.3954748111,59340.5841088535,119435.8864230777,47623.6740165237,76098.0264397100,119389.9785424310,52961.6811817869,70940.5013121090,98155.5665225918,132105.6633015442,66687.7411098141,31561.2308922656,86931.8440992510,61810.3084226739,23318.9249807058,94025.4914100579,86564.2845078674,21668.7693430771,24519.6254615885,23466.0067799261,73464.2855526121,117032.9727006768,46963.2393196989,73030.8382233762,83521.7518748854,43969.6345657386,103977.2366408365,54448.1629040164,91213.0928828751,11941.4634802162,96094.1902959716,109460.8299876187,90030.1179812027,108672.3210108435,107911.1469456142,10937.7585527004,95671.2947593516,45519.4388956474,116892.6058282371,92674.4125057660,56299.6607089614,420.6202926860,84269.0059715602,30260.3266850461,79959.7249151956,10575.3263265354,53123.5957561071,63180.1730225650,86944.7429325316,79680.4187420225,82869.1164142176,40774.9815611760,66321.3811939484,121041.9476033227,105382.1317197720,101192.0362713742,13109.0904339970,108975.5634100199,73743.8570649362,66741.1231455947,61193.9129274939,72244.6020968443,62999.6563848250,44346.1508897119,62434.0271594739,74705.7284711865,73557.4421389225,65157.8694901059,114923.0153385953,10130.4608844738,50492.2174635504,58283.2077917535,60105.2960387500,63590.9807217182,23627.3334673836,34822.4785680980,69464.8595497017,53154.4862639078,84580.6326737448,55082.5265278606,88559.7863710567,36095.8327622091,81741.3935685142,77520.8824511761,10391.0527360627,24480.7038124174,90289.8276547417,21881.9981796801,66708.8986154541,65220.0542873066,33231.4679029610,58089.5609132380,63805.2798750669,83771.2701649650,29162.4989537535,18859.4125441164,20676.6202145237,39049.6637148181,69515.2498989440,34702.7792278438,78689.8180150717,70448.9019401960,29377.9302250511,89614.6276904453,62481.8885054028,68566.6019893193,71659.4342604573
959,0,0,0,0,0,0,0,0,0,0,0,0,0,0,0,0,0,0,0,0,0,0,0,0,0,0,0,0,0,0,0,0,0,0,0,0,0,0,0,0,0,0,0,0,0,0,0,0,0,0,0,0,0,0,0,0,0,0,0,0,0,0,0,0,0,0,0,0,0,0,0,0,0,0,0,0,0,0,0,0,0,0,0,0,0,0,0,0,0,0,0,0,0,0,0,0,0,0,0,0,0,0,0,0,0,0,0,0,0,0,0,0,0,0,0,0,0,0,0,0,0,0,0,0,0,0,0,0,0,0,0,0,0,0,0,0,0,0,0,0,0,0,0,0,0,0,0,0,0,0,0,0,0,0,0,0,0,0,0,0,0,0,0,0,0,0,0,0,0,0,0,0,0,0,0,0,0,0,0,0,0,0,0,0,0,0,0,0,0,0,0,0,0,0,0,0,0,0,0,0
960,25082.4178542578,107800.1916573323,78154.1934779171,74926.8127657406,47028.6163447222,60858.5826105204,98810.3715984669,30049.2138319231,57484.6371494709,65332.3489127350,37289.1598646334,86718.1023476479,8574.7077048492,62560.0712163701,53597.0172919669,92013.4992905538,32571.9688522332,30696.7573215274,82655.6799727528,40853.9103102857,77198.1858415490,60600.3547741959,46580.3956577948,45870.4008680842,50524.8951010904,41713.4905310939,28681.6590745548,14916.9436826689,47615.5434741808,58575.9857625015,37241.9374172071,95809.9946289307,11595.9429373310,41797.3797101323,22346.9919643296,62773.1284436008,50253.9819350836,62220.1820212197,15704.8352886711,78602.4643766407,92994.1508135261,51039.9357953667,41361.9200565321,43543.0365023990,32915.6614382807,94153.2510023743,27688.8226847347,44782.1320083535,69751.2979306042,35514.8510600731,82123.4582821117,87112.2478851828,22311.2825041576,44379.0193215737,61911.6864133831,54510.7960508160,41303.2521196043,35166.1260839277,19597.6555243583,54269.4476847321,30103.5277537719,46475.4855901975,58300.0391420193,26295.4337852368,669.2935390258,40242.8276456938,69190.5756281340,62241.7280571032,50608.8626317639,33629.2346156966,32305.6237368229,86049.7571113900,12683.5149081612,53023.0021532888,23423.4704516492,24110.2927716317,98979.0465225058,35802.4603702479,41433.8807778466,15798.9688025792,72399.2351404639,55145.0337702616,48852.3272254955,28244.0460435506,14697.6991879218,43060.2247638553,83951.0382093896,47715.1042855059,23273.8200456235,54284.3007032317,44045.4859592773,61470.7717043948,58779.2982872498,43730.1328827680,31060.1741430640,90512.2525465391,48530.8608983504,53077.9753050179,87205.3052449505,36432.0499395163,40758.3392595794,65459.9415596045,101998.6297673775,34157.5953980535,34558.6816431449,54260.8823246015,32353.2626401021,19083.0626870842,61715.7831908414,55014.1053289615,35902.0425956685,16438.9427889521,49603.0716157562,40731.2364121587,86762.6317346483,43208.0997440660,47085.5345218955,50802.5837174629,27550.7807510154,72145.3291442138,23656.4667717295,58492.4166681206,22228.5094718570,65457.4909124105,81047.1457683674,58568.1344116784,76220.6904223887,77609.2331741522,23145.8208030372,65764.4826708667,21470.4761919602,85209.3033994766,63300.5786878355,34698.4217914278,34990.9499546258,54950.5613629629,5852.0713872978,47880.2592866234,42254.4324073638,28235.4299101889,46891.7421183801,56706.1368357949,48024.3059340185,55503.2537219345,8704.8862964120,41279.3520133257,88374.2970299479,75964.3375547150,68459.7405440463,37850.0966271929,77468.1766540984,47351.9923314191,46210.8591051061,44902.0653679918,53025.1068835558,40523.8004613399,37518.5637489997,39828.2600896565,44730.7438141761,40975.2124695675,35501.1741775773,82191.0546152445,27704.9845328720,18460.2839031154,72821.1031411277,27369.3448890067,36532.4679235243,17101.5050328247,14208.6125132440,55404.6811381969,40830.9788939005,53366.1122413430,28724.7946586793,60876.3766250869,22839.9862263876,59555.7471148471,50242.2040736250,28668.4475613153,10857.4103935823,57756.8007619957,24663.6915640464,35310.7433055106,46458.3134174541,27452.6641715049,41837.8359031093,51250.1405643568,51298.8684889883,37250.0558067436,29781.1055469918,23891.8731911453,32928.5487152473,41940.4899565891,2906.8467382642,46076.7089168158,60030.6140583480,5222.9394604247,57150.4479260624,37811.0479350921,38711.1544981919,39859.2738790703
961,0,0,0,0,0,0,0,0,0,0,0,0,0,0,0,0,0,0,0,0,0,0,0,0,0,0,0,0,0,0,0,0,0,0,0,0,0,0,0,0,0,0,0,0,0,0,0,0,0,0,0,0,0,0,0,0,0,0,0,0,0,0,0,0,0,0,0,0,0,0,0,0,0,0,0,0,0,0,0,0,0,0,0,0,0,0,0,0,0,0,0,0,0,0,0,0,0,0,0,0,0,0,0,0,0,0,0,0,0,0,0,0,0,0,0,0,0,0,0,0,0,0,0,0,0,0,0,0,0,0,0,0,0,0,0,0,0,0,0,0,0,0,0,0,0,0,0,0,0,0,0,0,0,0,0,0,0,0,0,0,0,0,0,0,0,0,0,0,0,0,0,0,0,0,0,0,0,0,0,0,0,0,0,0,0,0,0,0,0,0,0,0,0,0,0,0,0,0,0,0
962,0,0,0,0,0,0,0,0,0,0,0,0,0,0,0,0,0,0,0,0,0,0,0,0,0,0,0,0,0,0,0,0,0,0,0,0,0,0,0,0,0,0,0,0,0,0,0,0,0,0,0,0,0,0,0,0,0,0,0,0,0,0,0,0,0,0,0,0,0,0,0,0,0,0,0,0,0,0,0,0,0,0,0,0,0,0,0,0,0,0,0,0,0,0,0,0,0,0,0,0,0,0,0,0,0,0,0,0,0,0,0,0,0,0,0,0,0,0,0,0,0,0,0,0,0,0,0,0,0,0,0,0,0,0,0,0,0,0,0,0,0,0,0,0,0,0,0,0,0,0,0,0,0,0,0,0,0,0,0,0,0,0,0,0,0,0,0,0,0,0,0,0,0,0,0,0,0,0,0,0,0,0,0,0,0,0,0,0,0,0,0,0,0,0,0,0,0,0,0,0
963,0,0,0,0,0,0,0,0,0,0,0,0,0,0,0,0,0,0,0,0,0,0,0,0,0,0,0,0,0,0,0,0,0,0,0,0,0,0,0,0,0,0,0,0,0,0,0,0,0,0,0,0,0,0,0,0,0,0,0,0,0,0,0,0,0,0,0,0,0,0,0,0,0,0,0,0,0,0,0,0,0,0,0,0,0,0,0,0,0,0,0,0,0,0,0,0,0,0,0,0,0,0,0,0,0,0,0,0,0,0,0,0,0,0,0,0,0,0,0,0,0,0,0,0,0,0,0,0,0,0,0,0,0,0,0,0,0,0,0,0,0,0,0,0,0,0,0,0,0,0,0,0,0,0,0,0,0,0,0,0,0,0,0,0,0,0,0,0,0,0,0,0,0,0,0,0,0,0,0,0,0,0,0,0,0,0,0,0,0,0,0,0,0,0,0,0,0,0,0,0
964,0,0,0,0,0,0,0,0,0,0,0,0,0,0,0,0,0,0,0,0,0,0,0,0,0,0,0,0,0,0,0,0,0,0,0,0,0,0,0,0,0,0,0,0,0,0,0,0,0,0,0,0,0,0,0,0,0,0,0,0,0,0,0,0,0,0,0,0,0,0,0,0,0,0,0,0,0,0,0,0,0,0,0,0,0,0,0,0,0,0,0,0,0,0,0,0,0,0,0,0,0,0,0,0,0,0,0,0,0,0,0,0,0,0,0,0,0,0,0,0,0,0,0,0,0,0,0,0,0,0,0,0,0,0,0,0,0,0,0,0,0,0,0,0,0,0,0,0,0,0,0,0,0,0,0,0,0,0,0,0,0,0,0,0,0,0,0,0,0,0,0,0,0,0,0,0,0,0,0,0,0,0,0,0,0,0,0,0,0,0,0,0,0,0,0,0,0,0,0,0
965,0,0,0,0,0,0,0,0,0,0,0,0,0,0,0,0,0,0,0,0,0,0,0,0,0,0,0,0,0,0,0,0,0,0,0,0,0,0,0,0,0,0,0,0,0,0,0,0,0,0,0,0,0,0,0,0,0,0,0,0,0,0,0,0,0,0,0,0,0,0,0,0,0,0,0.0000000000,0,0,0,0,0,0,0,0,0,0,0,0,0,0,0,0,0,0,0,0,0,0,0,0,0,0,0,0,0,0,0,0,0,0,0,0,0,0,0,0,0,0,0,0,0,0,0,0,0,0,0,0,0,0,0,0,0,0,0,0,0,0,0,0,0,0,0,0,0,0,0,0,0,0,0,0,0,0,0,0,0,0,0,0,0,0,0,0,0,0,0,0,0,0,0,0,0,0,0,0,0,0,0,0,0,0,0,0,0,0,0,0,0,0,0,0,0,0,0,0,0,0,0,0,0
966,0,0,0,0,0,0,0,0,0,0,0,0,0,0,0,0,0,0,0,0,0,0,0,0,0,0,0,0,0,0,0,0,0,0,0,0,0,0,0,0,0,0,0,0,0,0,0,0,0,0,0,0,0,0,0,0,0,0,0,0,0,0,0,0,0,0,0,0,0,0,0,0,0,0,0,0,0,0,0,0,0,0,0,0,0,0,0,0,0,0,0,0,0,0,0,0,0,0,0,0,0,0,0,0,0,0,0,0,0,0,0,0,0,0,0,0,0,0,0,0,0,0,0,0,0,0,0,0,0,0,0,0,0,0,0,0,0,0,0,0,0,0,0,0,0,0,0,0,0,0,0,0,0,0,0,0,0,0,0,0,0,0,0,0,0,0,0,0,0,0,0,0,0,0,0,0,0,0,0,0,0,0,0,0,0,0,0,0,0,0,0,0,0,0,0,0,0,0,0,0
967,0,0,0,0,0,0,0,0,0,0,0,0,0,0,0,0,0,0,0,0,0,0,0,0,0,0,0,0,0,0,0,0,0,0,0,0,0,0,0,0,0,0,0,0,0,0,0,0,0,0,0,0,0,0,0,0,0,0,0,0,0,0,0,0,0,0,0,0,0,0,0,0,0,0,0,0,0,0,0,0,0,0,0,0,0,0,0,0,0,0,0,0,0,0,0,0,0,0,0,0,0,0,0,0,0,0,0,0,0,0,0,0,0,0,0,0,0,0,0,0,0,0,0,0,0,0,0,0,0,0,0,0,0,0,0,0,0,0,0,0,0,0,0,0,0,0,0,0,0,0,0,0,0,0,0,0,0,0,0,0,0,0,0,0,0,0,0,0,0,0,0,0,0,0,0,0,0,0,0,0,0,0,0,0,0,0,0,0,0,0,0,0,0,0,0,0,0,0,0,0
968,0,0,0,0,0,0,0,0,0,0,0,0,0,0,0,0,0,0,0,0,0,0,0,0,0,0,0,0,0,0,0,0,0,0,0,0,0,0,0,0,0,0,0,0,0,0,0,0,0,0,0,0,0,0,0,0,0,0,0,0,0,0,0,0.0000000000,0,0,0,0,0,0,0,0,0,0,0,0,0,0,0,0,0,0,0,0,0,0,0,0,0,0,0,0,0,0,0,0,0,0,0,0,0,0,0,0,0,0,0,0,0,0,0,0,0,0,0,0,0,0,0,0,0,0,0,0,0,0,0,0,0,0,0,0,0,0,0,0,0,0,0,0,0,0,0,0,0,0,0,0,0,0,0,0,0,0,0,0,0,0,0,0,0,0,0,0,0,0,0,0,0,0,0,0,0,0,0,0,0,0,0,0,0,0,0,0,0,0,0,0,0,0,0,0,0,0,0,0,0,0,0,0
969,0,0,0,0,0,0,0,0,0,0,0,0,0,0,0,0,0,0,0,0,0,0,0,0,0,0,0,0,0,0,0,0,0,0,0,0,0,0,0,0,0,0,0,0,0,0,0,0,0,0,0,0,0,0,0,0,0,0,0,0,0,0,0,0,0,0,0,0,0,0,0,0,0,0,0,0,0,0,0,0,0,0,0,0,0,0,0,0,0,0,0,0,0,0,0,0,0,0,0,0,0,0,0,0,0,0,0,0,0,0,0,0,0,0,0,0,0,0,0,0,0,0,0,0,0,0,0,0,0,0,0,0,0,0,0,0,0,0,0,0,0,0,0,0,0,0,0,0,0,0,0,0,0,0,0,0,0,0,0,0,0,0,0,0,0,0,0,0,0,0,0,0,0,0,0,0,0,0,0,0,0,0,0,0,0,0,0,0,0,0,0,0,0,0,0,0,0,0,0,0
970,0,0,0,0,0,0,0,0,0,0,0,0,0,0,0,0,0,0,0,0,0,0,0,0,0,0,0,0,0,0,0,0,0,0,0,0,0,0,0,0,0,0,0,0,0,0,0,0,0,0,0,0,0,0,0,0,0,0,0,0,0,0,0,0,0,0,0,0,0,0,0,0,0,0,0,0,0,0,0,0,0,0,0,0,0,0,0,0,0,0,0,0,0,0,0,0,0,0,0,0,0,0,0,0,0,0,0,0,0,0,0,0,0,0,0,0,0,0,0,0,0,0,0,0,0,0,0,0,0,0,0,0,0,0,0,0,0,0,0,0,0,0,0,0,0,0,0,0,0,0,0,0,0,0,0,0,0,0,0,0,0,0,0,0,0,0,0,0,0,0,0,0,0,0,0,0,0,0,0,0,0,0,0,0,0,0,0,0,0,0,0,0,0,0,0,0,0,0,0,0
971,0,0,0,0,0,0,0,0,0,0,0,0,0,0,0,0,0,0,0,0,0,0,0,0,0,0,0,0,0,0,0,0,0,0,0,0,0,0,0,0,0,0,0,0,0,0,0,0,0,0,0,0,0,0,0,0,0,0,0,0,0,0,0,0,0,0,0,0,0,0,0,0,0,0,0,0,0,0,0,0,0,0,0,0,0,0,0,0,0,0,0,0,0,0,0,0,0,0,0,0,0,0,0,0,0,0,0,0,0,0,0,0,0,0,0,0,0,0,0,0,0,0,0,0,0,0,0,0,0,0,0,0,0,0,0,0,0,0,0,0,0,0,0,0,0,0,0,0,0,0,0,0,0,0,0,0,0,0,0,0,0,0,0,0,0,0,0,0,0,0,0,0,0,0,0,0,0,0,0,0,0,0,0,0,0,0,0,0,0,0,0,0,0,0,0,0,0,0,0,0
972,0,0,0,0,0,0,0,0,0,0,0,0,0,0,0,0,0,0,0,0,0,0,0,0,0,0,0,0,0,0,0,0,0,0,0,0,0,0,0,0,0,0,0,0,0,0,0,0,0,0,0,0,0,0,0,0,0,0,0,0,0,0,0,0,0,0,0,0,0,0,0,0,0,0,0,0,0,0,0,0,0,0,0,0,0,0,0,0,0,0,0,0,0,0,0,0,0,0,0,0,0,0,0,0,0,0,0,0,0,0,0,0,0,0,0,0,0,0,0,0,0,0,0,0,0,0,0,0,0,0,0,0,0,0,0,0,0,0,0,0,0,0,0,0,0,0,0,0,0,0,0,0,0,0,0,0,0,0,0,0,0,0,0,0,0,0,0,0,0,0,0,0,0,0,0,0,0,0,0.0000000000,0,0,0,0,0,0,0,0,0,0,0,0,0,0,0,0,0,0,0,0,0
973,0,0,0,0,0,0,0,0,0,0,0,0,0,0,0,0,0,0,0,0,0,0,0,0,0,0,0,0,0,0,0,0,0,0,0,0,0,0,0,0,0,0,0,0,0,0,0,0,0,0,0,0,0,0,0,0,0,0,0,0,0,0,0,0,0,0,0,0,0,0,0,0,0,0,0,0,0,0,0,0,0,0,0,0,0,0,0,0,0,0,0,0,0,0,0,0,0,0,0,0,0,0,0,0,0,0,0,0,0,0,0,0,0,0,0,0,0,0,0,0,0,0,0,0,0,0,0,0,0,0,0,0,0,0,0,0,0,0,0,0,0,0,0,0,0,0,0,0,0,0,0,0,0,0,0,0,0,0,0,0,0,0,0,0,0,0,0,0,0,0,0,0,0,0,0,0,0,0,0,0,0,0,0,0,0,0,0,0,0,0,0,0,0,0,0,0,0,0,0,0
974,0,0,0,0,0,0,0,0,0,0,0,0,0,0,0,0,0,0,0,0,0,0,0,0,0,0,0,0,0,0,0,0,0,0,0,0,0,0,0,0,0,0,0,0,0,0,0,0,0,0,0,0,0,0,0,0,0,0,0,0,0,0,0,0,0,0,0,0,0,0,0,0,0,0,0,0,0,0,0,0,0,0,0,0,0,0,0,0,0,0,0,0,0,0,0,0,0,0,0,0,0,0,0,0,0,0,0,0,0,0,0,0,0,0,0,0,0,0,0,0,0,0,0,0,0,0,0,0,0,0,0,0,0,0,0,0,0,0,0,0,0,0,0,0,0,0,0,0,0,0,0,0,0,0,0,0,0,0,0,0,0,0,0,0,0,0,0,0,0,0,0,0,0,0,0,0,0,0,0,0,0,0,0,0,0,0,0,0,0,0,0,0,0,0,0,0,0,0,0,0
975,0,0,0,0,0,0,0,0,0,0,0,0,0,0,0,0,0,0,0,0,0,0,0,0,0,0,0,0,0,0,0,0,0,0,0,0,0,0,0,0,0,0,0,0,0,0,0,0,0,0,0,0,0,0,0,0,0,0,0,0,0,0,0,0,0,0,0,0,0,0,0,0,0,0,0,0,0,0,0,0,0,0,0,0,0,0,0,0,0,0,0,0,0,0,0,0,0,0,0,0,0,0,0,0,0,0,0,0,0,0,0,0,0,0,0,0,0,0,0,0,0,0,0,0,0,0,0,0,0,0,0,0,0,0,0,0,0,0,0,0,0,0,0,0,0,0,0,0,0,0,0,0,0,0,0,0,0,0,0,0,0,0,0,0,0,0,0,0,0,0,0,0,0,0,0,0,0,0,0,0,0,0,0,0,0,0,0,0,0,0,0,0,0,0,0,0,0,0,0,0
976,0,0,0,0,0,0,0,0,0,0,0,0,0,0,0,0,0,0,0,0,0,0,0,0,0,0,0,0,0,0,0,0,0,0,0,0,0,0,0,0,0,0,0,0,0,0,0,0,0,0,0,0,0,0,0,0,0,0,0,0,0,0,0,0,0,0,0,0,0,0,0,0,0,0,0,0,0,0,0,0,0,0,0,0,0,0,0,0,0,0,0,0,0,0,0,0,0,0,0,0,0,0,0,0,0,0,0,0,0,0,0,0,0,0,0,0,0,0,0,0,0,0,0,0,0,0,0,0,0,0,0,0,0,0,0,0,0,0,0,0,0,0,0,0,0,0,0,0,0,0,0,0,0,0,0,0,0,0,0,0,0,0,0,0,0,0,0,0,0,0,0,0,0,0,0,0,0,0,0,0,0,0,0,0,0,0,0,0,0,0,0,0,0,0,0,0,0,0,0,0
977,0,0,0,0,0,0,0,0,0,0,0,0,0,0,0,0,0,0,0,0,0,0,0,0,0,0,0,0,0,0,0,0,0,0,0,0,0,0,0,0,0,0,0,0,0,0,0,0,0,0,0,0,0,0,0,0,0,0,0,0,0,0,0,0,0,0,0,0,0,0,0,0,0,0,0,0,0,0,0,0,0,0,0,0,0,0,0,0,0,0,0,0,0,0,0,0,0,0,0,0,0,0,0,0,0,0,0,0,0,0,0,0,0,0,0,0,0,0,0,0,0,0,0,0,0,0,0,0,0,0,0,0,0,0,0,0,0,0,0,0,0,0,0,0,0,0,0,0,0,0,0,0,0,0,0,0,0,0,0,0,0,0,0,0,0,0,0,0,0,0,0,0,0,0,0,0,0,0,0,0,0,0,0,0,0,0,0,0,0,0,0,0,0,0,0,0,0,0,0,0
978,0,0,0,0,0,0,0,0,0,0,0,0,0,0,0,0,0,0,0,0,0,0,0,0,0,0,0,0,0,0,0,0,0,0,0,0,0,0,0,0,0,0,0,0,0,0,0,0,0,0,0,0,0,0,0,0,0,0,0,0,0,0,0,0,0,0,0,0,0,0,0,0,0,0,0,0,0,0,0,0,0,0,0,0,0,0,0,0,0,0,0,0,0,0,0,0,0,0,0,0,0,0,0,0,0,0,0,0,0,0,0,0,0,0,0,0,0,0,0,0,0,0,0,0,0,0,0,0,0,0,0,0,0,0,0,0,0,0,0,0,0,0,0,0,0,0,0,0,0,0,0,0,0,0,0,0,0,0,0,0,0,0,0,0,0,0,0,0,0,0,0,0,0,0,0,0,0,0,0,0,0,0,0,0,0,0,0,0,0,0,0,0,0,0,0,0,0,0,0,0
979,0,0,0,0,0,0,0,0,0,0,0,0,0,0,0,0,0,0,0,0,0,0,0,0,0,0,0,0,0,0,0,0,0,0,0,0,0,0,0,0,0,0,0,0,0,0,0,0,0,0,0,0,0,0,0,0,0,0,0,0,0,0,0,0,0,0,0,0,0,0,0,0,0,0,0,0,0,0,0,0,0,0,0,0,0,0,0,0,0,0,0,0,0,0,0,0,0,0,0,0,0,0,0,0,0,0,0,0,0,0,0,0,0,0,0,0,0,0,0,0,0,0,0,0,0,0,0,0,0,0,0,0,0,0,0,0,0,0,0,0,0,0,0,0,0,0,0,0,0,0,0,0,0,0,0,0,0,0,0,0,0,0,0,0,0,0,0,0,0,0,0,0,0,0,0,0,0,0,0,0,0,0,0,0,0,0,0,0,0,0,0,0,0,0,0,0,0,0,0,0
980,31287.4260005908,103629.2062183580,85932.6223761477,64890.0772610293,38483.4704816574,72541.3503195764,100581.8660919684,36831.8545943167,53566.0926040664,63820.4076821149,26219.6938717484,79638.9279742448,4533.2349670876,66754.6356574566,63442.9327764849,90562.4727926311,28358.4438544930,28481.3525358958,78542.5275697930,52290.1990311423,78544.4654000564,55323.2099164437,48244.6889535288,34488.7264428438,57583.2408030185,42538.3956042288,18592.0471808575,15124.2992359906,45121.4032909529,69690.4697884406,47036.9254548843,90455.0788733004,21855.1331438633,33612.8947235765,12148.9469622254,70984.3901500188,38643.9368626840,63802.2519871170,20141.6106119116,77842.6869873939,93295.9669789971,44836.8132234153,35749.9867968665,48486.1404684270,35279.6001661649,90753.2634387195,28738.6877166543,41850.4186404809,65861.6126393529,23840.3503072092,79669.2649787703,89259.7186021440,16563.2216628220,56076.2642388252,68525.9704929294,54070.1715638719,31129.9204321692,27277.2517175797,11754.5252123263,47466.1346433173,22340.4697918519,55293.8928761932,55182.6199379398,35527.4578469710,14168.3952245194,47440.4096626306,69275.7289421669,72570.9065207054,62167.0199251644,37193.0607395986,43300.7691141237,80136.8665917552,8978.0989170994,57496.9207582783,19159.9419490411,25384.4135089823,94565.1649324285,34793.9489120447,40903.1688045064,21529.9335763261,69879.7418650358,66827.5096237733,44149.5485753376,16652.9436744828,13344.6510926607,37844.0451674704,84456.2270050407,58828.7879468234,28618.6825587153,62534.1729077781,54428.3042237813,70976.5704817269,70277.9501861833,32034.4654336135,25734.6434522494,85923.7140079150,37387.1369288901,63702.4258388228,86674.4486576644,25368.4032297123,37434.9173562203,68362.3927543669,98493.9939496276,38852.9331922719,24874.9965980917,55763.9108433460,41163.9447581176,27913.4534065076,61692.1388026857,60959.3499218939,29325.4237928918,13711.7194745022,45054.5233696768,43757.1708985086,83430.7593844957,31710.9225700851,40112.2926650929,53764.0784705549,16109.5003343515,70980.8058617339,21570.7095621335,61264.1420045086,21690.0263111983,62572.8769661725,76029.4581780163,56863.2894500418,76475.9906200291,74317.9180129440,26837.8128436859,73131.7519702197,12499.0214652778,83722.4736139816,59071.4477327125,25126.0681598307,36175.5366429690,50661.1396353297,6911.4101718623,47475.9865590033,41226.4232516805,20151.9510951136,36075.3131927381,64003.8891388502,54024.0852541300,64622.0845787906,12035.8596141460,33649.4108155804,89454.4132802261,71788.2588021979,70386.8045795654,34439.5753229699,75729.0049887112,57095.9550635112,36583.1031695845,56531.7501332401,64317.4361539189,51537.9450327040,25916.9986312354,30875.9403032214,52605.6851244274,42302.3145342893,31598.9661427721,83958.2081829462,25579.6680201492,19330.2858280161,63297.5871088735,30708.8447062513,30198.3795499926,11107.4506158803,8.7217358109,67067.4160193673,29281.9524051609,51319.6303251191,39195.3689549907,69722.4799102614,11242.8521659605,70255.4857560037,44219.5813935129,33147.2886293308,9604.0857039106,61627.0684371583,17813.9571260024,42195.1563871415,57888.5883104634,16695.1961192135,30884.7094338566,62948.7287756947,51930.0674760864,28525.0445503830,23878.1568985822,31831.0260921063,21567.2340567738,51358.9701983559,9478.3804286025,49921.3549078617,71725.1562745114,17086.4825818678,57656.2984374498,48407.4169543942,46920.5259802086,45949.5754397731
981,0,0,0,0,0,0,0,0,0,0,0,0,0,0,0,0,0,0,0,0,0,0,0,0,0,0,0,0,0,0,0,0,0,0,0,0,0,0,0,0,0,0,0,0,0,0,0,0,0,0,0,0,0,0,0,0,0,0,0,0,0,0,0,0,0,0,0,0,0,0,0,0,0,0,0,0,0,0,0,0,0,0,0,0,0,0,0,0,0,0,0,0,0,0,0,0,0,0,0,0,0,0,0,0,0,0,0,0,0,0,0,0,0,0,0,0,0,0,0,0,0,0,0,0,0,0,0,0,0,0,0,0,0,0,0,0,0,0,0,0,0,0,0,0,0,0,0,0,0,0,0,0,0,0,0,0,0,0,0,0,0,0,0,0,0,0,0,0,0,0,0,0,0,0,0,0,0,0,0,0,0,0,0,0,0,0,0,0,0,0,0,0,0,0,0,0,0,0,0,0
982,0,0,0,0,0,0,0,0,0,0,0,0,0,0,0,0,0,0,0,0,0,0,0,0,0,0,0,0,0,0,0,0,0,0,0,0,0,0,0,0,0,0,0,0,0,0,0,0,0,0,0,0,0,0,0,0,0,0,0,0,0,0,0,0,0,0,0,0,0,0,0,0,0,0,0,0,0,0,0,0,0,0,0,0,0,0,0,0,0,0,0,0,0,0,0,0,0,0,0,0,0,0,0,0,0,0,0,0,0,0,0,0,0,0,0,0,0,0,0,0,0,0,0,0,0,0,0,0,0,0,0,0,0,0,0,0,0,0,0,0,0,0,0,0,0,0,0,0,0,0,0,0,0,0,0,0,0,0,0,0,0,0,0,0,0,0,0,0,0,0,0,0,0,0,0,0,0,0,0,0,0,0,0,0,0,0,0,0,0,0,0,0,0,0,0,0,0,0,0,0
983,23366.1520802847,131223.7360956359,109641.6755993987,52701.9178690501,62649.3432526583,81149.8614408972,129531.4285130943,62169.8170037215,25356.6094345836,92907.4421930593,29356.4562245919,104303.4889178488,33376.5999812123,94435.6003840478,83144.6539390071,119585.5320510808,1622.2994293608,57651.8968045640,106409.1307401406,65904.4457418433,107566.6326604467,82683.9693769598,77070.4340104476,49543.9451046731,82504.9135735238,16417.4288121541,42656.5208120521,17248.6851202494,74106.4811840282,84362.4218348571,67425.2402743098,117105.2341084089,31093.3605023271,18851.0476311707,22417.9336440809,94079.6253740899,43455.3132509326,92725.5865730316,47095.4250659616,107004.4718607379,122480.9478186130,20968.6600524781,63497.3351920365,75543.5832588738,63724.5963128938,118974.1036209636,10359.2864197359,12811.9145750439,94023.9128347179,37976.4936114737,108420.2395007432,118071.1016887423,45316.0541646977,64457.4083664990,93955.3216631328,83261.7681534626,52486.2593351945,53475.6184263670,32751.9344704165,73571.5740729549,13942.2512367482,77512.9229158435,83861.1783908561,33760.4641875436,33739.9875024017,72248.4016670230,98459.4442282955,90538.6627493289,73821.6249275216,18939.3125350132,60194.1470018661,106338.6109204976,23744.7595710871,84947.6818030276,10069.3127296240,54045.0737804955,122040.3855518342,10015.3460902147,70085.2839221499,21696.8024218859,98663.5557619333,73329.2364158649,72215.9367404769,29965.1632824375,42230.0000993748,12318.1375783317,113622.0008399976,74061.3814398580,55197.6583024413,85658.3152822359,72871.3243523858,91381.8179141998,82078.2449934781,42561.0766150294,54129.2238727111,113343.6894944080,36953.8723671705,80899.4371953581,115847.8739914368,44542.7295804824,66285.3366637327,96803.3355962214,126598.7532204558,66034.0709108913,21192.8464290619,84677.8200954786,63730.7223547598,29130.8055909322,90875.5206871818,87141.9976981299,10950.6504815038,24568.8058502910,17733.1234724185,71997.3161084692,111743.9723070675,36670.9441459077,66393.7450757020,82109.1727771100,36196.7904350861,100104.6115566687,50760.0338540744,89737.7643732505,10418.0939513513,91271.8206055490,103209.8627087204,85942.1497501796,105655.0331065284,102726.8005545576,16726.3181448737,97548.7861983861,39726.7588994145,112754.3637227342,87122.5215477764,48962.7023390193,12693.9604956667,78827.5112615157,28044.7007244248,76662.2702860457,12691.2923357378,46978.3777418451,54270.7567095361,88572.0216300718,80152.9107478305,86050.3037833947,38831.0504054069,59584.4891406081,118548.2291521493,99690.9214387096,99226.8988197576,9002.5977476932,104724.9187545680,77251.7350097498,58675.5606663429,67636.2637331508,78157.7053646256,67725.8851984322,34575.5053698282,55090.5668385645,76446.2460213033,71185.1304703012,60379.0835571312,112881.4418172891,8634.2844799265,47923.1007658770,48795.9580995502,58615.8332172448,57690.5109636343,18117.9435485038,29673.3625754895,76657.3441055678,43871.9188176709,80359.8475865148,58238.7896273291,91636.3480726048,28548.8882923183,86901.7259673754,71277.6747364108,19559.6248722403,21810.9134662387,89504.5004928238,13444.7742259864,67403.1312245198,71110.8903794451,24292.2066209877,49361.5501572554,71215.8743570697,81021.6181797368,18456.9622749059,8759.1675004971,28125.1449961054,29518.9430954067,72455.7708358166,33167.6097750973,77755.5481097415,78466.5682110676,30848.0469872683,86783.6966715869,66452.4836768382,70334.9705139549,71987.2158989112
984,0,0,0,0,0,0,0,0,0,0,0,0,0,0,0,0,0,0,0,0,0,0,0,0,0,0,0,0,0,0,0,0,0,0,0,0,0,0,0,0,0,0,0,0,0,0,0,0,0,0,0,0,0,0,0,0,0,0,0,0,0,0,0,0,0,0,0,0,0,0,0,0,0,0,0,0,0,0,0,0,0,0,0,0,0,0,0,0,0,0,0,0,0,0,0,0,0,0,0,0,0,0,0,0,0,0,0,0,0,0,0,0,0,0,0,0,0,0,0,0,0,0,0,0,0,0,0,0,0,0,0,0,0,0,0,0,0,0,0,0,0,0,0,0,0,0,0,0,0,0,0,0,0,0,0,0,0,0,0,0,0,0,0,0,0,0,0,0,0,0,0,0,0,0,0,0,0,0,0,0,0,0,0,0,0,0,0,0,0,0,0,0,0,0,0,0,0,0,0,0
985,0,0,0,0,0,0,0,0,0,0,0,0,0,0,0,0,0,0,0,0,0,0,0,0,0,0,0,0,0,0,0,0,0,0,0,0,0,0,0,0,0,0,0,0,0,0,0,0,0,0,0,0,0,0,0,0,0,0,0,0,0,0,0,0,0,0,0,0,0,0,0,0,0,0,0,0,0,0,0,0,0,0,0,0,0,0,0,0,0,0,0,0,0,0,0,0,0,0,0,0,0,0,0,0,0,0,0,0,0,0,0,0,0,0,0,0,0,0,0,0,0,0,0,0,0,0,0,0,0,0,0,0,0,0,0,0,0,0,0,0,0,0,0,0,0,0,0,0,0,0,0,0,0,0,0,0,0,0,0,0,0,0,0,0,0,0,0,0,0,0,0,0,0,0,0,0,0,0,0,0,0,0,0,0,0,0,0,0,0,0,0,0,0,0,0,0,0,0,0,0
986,0,0,0,0,0,0,0,0,0,0,0,0,0,0,0,0,0,0,0,0,0,0,0,0,0,0,0,0,0,0,0,0,0,0,0,0,0,0,0,0,0,0,0,0,0,0,0,0,0,0,0,0,0,0,0,0,0,0,0,0,0,0,0,0,0,0,0,0,0,0,0,0,0,0,0,0,0,0,0,0,0,0,0,0,0,0,0,0,0,0,0,0,0,0,0,0,0,0,0,0,0,0,0,0,0,0,0,0,0,0,0,0,0,0,0,0,0,0,0,0,0,0,0,0,0,0,0,0,0,0,0,0,0,0,0,0,0,0,0,0,0,0,0,0,0,0,0,0,0,0,0,0,0,0,0,0,0,0,0,0,0,0,0,0,0,0,0,0,0,0,0,0,0,0,0,0,0,0,0,0,0,0,0,0,0,0,0,0,0,0,0,0,0,0,0,0,0,0,0,0
987,48010.8376321275,85237.3469538055,66493.8217539528,83925.0251090045,32383.2746121566,68771.0150749243,77359.7584457799,19406.9552989781,76843.8526778694,42296.4727783052,44600.8202076349,66994.1513568235,18826.2945787331,44004.7359003191,49591.2733411564,69007.1917379035,51589.8168253539,11948.3454976001,60197.4922634521,46785.3770705275,55378.7868661601,39418.2487189018,24959.7866506881,41727.8195862225,38077.2333621052,64070.3944306679,23511.5205862625,36241.7285984900,24806.3894974219,60489.5758870709,34793.5005568104,74075.2786637299,33126.0555117684,55904.1828572184,34098.9010391005,52772.8641103679,52571.4230145513,40557.4771371219,13901.1578931520,55709.7314754239,70547.8487334277,67887.7353566347,21957.1882130728,26806.8649702144,12288.7082319622,71332.5830496243,49939.4704385463,64956.8204783014,47291.3236479777,36439.6150722739,59118.2800689052,65982.6417781433,11834.1760270174,54896.5410147577,47908.6688632324,31629.5535052825,32336.4908477414,21545.2279002602,23845.2445868947,35411.3581891108,45220.5633572500,39377.6118129274,35595.4973008249,47503.6085339643,23195.7903010899,29010.7515170817,46575.4245403834,59724.4006593721,56901.5653646709,56617.3221124162,36343.2559990303,64940.2916251531,28545.6156794369,35080.4086586254,42285.4405903943,20.4435325977,76580.2505929895,57198.1727663929,18451.8155685206,38836.3802739243,49423.8396051485,65620.2235232769,27591.4628791387,34044.8657933641,9977.2361278174,61112.3697802696,61593.8903608125,50459.3057415182,11363.8978663894,44829.8844593361,43207.6059066447,55680.0578024880,63814.8415946177,43989.4796177774,13618.7738702946,68270.9783062735,54455.5383910874,52571.8139167254,64398.0988576598,32252.7958829814,18688.8810181588,45135.6336575757,79189.1706709595,17686.1824141079,46168.0038322730,32511.1430810968,27232.7223203904,41127.4861867482,39022.4443122947,39796.7893333375,52438.7969217612,30950.3063727613,68342.1207450283,20811.0679260287,63945.1547345366,47403.9295686118,29187.9315218095,30631.7117678741,28313.4922801973,49154.2764799080,4748.4820097645,38038.1445486568,43577.6462879410,42601.9189276361,59202.5364535045,35530.2417538979,53710.3232569492,54818.4156081099,46062.0793151454,53410.6904336107,18189.9756356649,62192.8733879389,41146.6553418087,25573.4467494293,57411.5710540616,33045.1430026171,24767.5257726056,24973.0061714296,63712.8617112168,18045.9806798991,39428.4708129093,44532.0294885101,33238.3642468097,48705.9869660918,14411.5047874060,25555.2003120443,66384.7079307448,53600.6544957952,47112.1328915760,57593.0095749401,54429.6636158295,43467.3827996771,34569.4601458147,52720.6538595470,56595.4025297966,43416.9131011557,41455.0835439850,27542.7106918423,34911.5122513586,19028.2017787616,14586.4187664275,60718.6179013397,48263.3695927423,4898.4995623407,83319.9199405908,17091.9317806241,19272.5496946158,34309.2334016849,23594.2270156477,63067.1473895789,38951.5490996651,30377.0337517354,30826.9040309205,52876.2151742114,30052.8529557973,58989.8384871430,30513.9934467258,51704.8940058535,30794.5197858927,38771.7615578218,41048.3869298878,23901.7916647774,51747.7154830084,37137.1262999901,35897.2050516238,60727.6340252359,28890.1429341048,50587.1468957647,47150.0935337647,46241.9201048571,39411.6649923622,37407.7309754569,20486.7421456745,27271.8638540244,69699.2723722760,28631.9022204539,34700.0096137484,38795.9411953511,30568.8300914450,25882.6334645979
988,0,0,0,0,0,0,0,0,0,0,0,0,0,0,0,0,0,0,0,0,0,0,0,0,0,0,0,0,0,0,0,0,0,0,0,0,0,0,0,0,0,0,0,0,0,0,0,0,0,0,0,0,0,0,0,0,0,0,0,0,0,0,0,0,0,0,0,0,0,0,0,0,0,0,0,0,0,0,0,0,0,0,0,0,0,0,0,0,0,0,0,0,0,0,0,0,0,0,0,0,0,0,0,0,0,0,0,0,0,0,0,0,0,0,0,0,0,0,0,0,0,0,0,0,0,0,0,0,0,0,0,0,0,0,0,0,0,0,0,0,0,0,0,0,0,0,0,0,0,0,0,0,0,0,0,0,0,0,0,0,0,0,0,0,0,0,0,0,0,0,0,0,0,0,0,0,0,0,0,0,0,0,0,0,0,0,0,0,0,0,0,0,0,0,0,0,0,0,0,0
989,0,0,0,0,0,0,0,0,0,0,0,0,0,0,0,0,0,0,0,0,0,0,0,0,0,0,0,0,0,0,0,0,0,0,0,0,0,0,0,0,0,0,0,0,0,0,0,0,0,0,0,0,0,0,0,0,0,0,0,0,0,0,0,0,0,0,0,0,0,0,0,0,0,0,0,0,0,0,0,0,0,0,0,0,0,0,0,0,0,0,0,0,0,0,0,0,0,0,0,0,0,0,0,0,0,0,0,0,0,0,0,0,0,0,0,0,0,0,0,0,0,0,0,0,0,0,0,0,0,0,0,0,0,0,0,0,0,0,0,0,0,0,0,0,0,0,0,0,0,0,0,0,0,0,0,0,0,0,0,0,0,0,0,0,0,0,0,0,0,0,0,0,0,0,0,0,0,0,0,0,0,0,0,0,0,0,0,0,0,0,0,0,0,0,0,0,0,0,0,0
990,0,0,0,0,0,0,0,0,0,0,0,0,0,0,0,0,0,0,0,0,0,0,0,0,0,0,0,0,0,0,0,0,0,0,0,0,0,0,0,0,0,0,0,0,0,0,0,0,0,0,0,0,0,0,0,0,0,0,0,0,0,0,0,0,0,0,0,0,0,0,0,0,0,0,0,0,0,0,0,0,0,0,0,0,0,0,0,0,0,0,0,0,0,0,0,0,0,0,0,0,0,0,0,0,0,0,0,0,0,0,0,0,0,0,0,0,0,0,0,0,0,0,0,0,0,0,0,0,0,0,0,0,0,0,0,0,0,0,0,0,0,0,0,0,0,0,0,0,0,0,0,0,0,0,0,0,0,0,0,0,0,0,0,0,0,0,0,0,0,0,0,0,0,0,0,0,0,0,0,0,0,0,0,0,0,0,0,0,0,0,0,0,0,0,0,0,0,0,0,0
991,0,0,0,0,0,0,0,0,0,0,0,0,0,0,0,0,0,0,0,0,0,0,0,0,0,0,0,0,0,0,0,0,0,0,0,0,0,0,0,0,0,0,0,0,0,0,0,0,0,0,0,0,0,0,0,0,0,0,0,0,0,0,0,0,0,0,0,0,0,0,0,0,0,0,0,0,0,0,0,0,0,0,0,0,0,0,0,0,0,0,0,0,0,0,0,0,0,0,0,0,0,0,0,0,0,0,0,0,0,0,0,0,0,0,0,0,0,0,0,0,0,0,0,0,0,0,0,0,0,0,0,0,0,0,0,0,0,0,0,0,0,0,0,0,0,0,0,0,0,0,0,0,0,0,0,0,0,0,0,0,0,0,0,0,0,0,0,0,0,0,0,0,0,0,0,0,0,0,0,0,0,0,0,0,0,0,0,0,0,0,0,0,0,0,0,0,0,0,0,0
992,0,0,0,0,0,0,0,0,0,0,0,0,0,0,0,0,0,0,0,0,0,0,0,0,0,0,0,0,0,0,0,0,0,0,0,0,0,0,0,0,0,0,0,0,0,0,0,0,0,0,0,0,0,0,0,0,0,0,0,0,0,0,0,0,0,0,0,0,0,0.0000000000,0,0,0,0,0,0,0,0,0,0,0,0,0,0,0,0,0,0,0,0,0,0,0,0,0,0,0,0,0,0,0,0,0,0,0,0,0,0,0,0,0,0,0,0,0,0,0,0,0,0,0,0,0,0,0,0,0,0,0,0,0,0,0,0,0,0,0,0,0,0,0,0,0,0,0,0,0,0,0,0,0,0,0,0,0,0,0,0,0,0,0,0,0,0,0,0,0,0,0,0,0,0,0,0,0,0,0,0,0,0,0,0,0,0,0,0,0,0,0,0,0,0,0,0,0,0,0,0,0,0
993,0,0,0,0,0,0,0,0,0,0,0,0,0,0,0,0,0,0,0,0,0,0,0,0,0,0,0,0,0,0,0,0,0,0,0,0,0,0,0,0,0,0,0,0,0,0,0,0,0,0,0,0,0,0,0,0,0,0,0,0,0,0,0,0,0,0,0,0,0,0,0,0,0,0,0,0,0,0,0,0,0,0,0,0,0,0,0,0,0,0,0,0,0,0,0,0,0,0,0,0,0,0,0,0,0,0,0,0,0,0,0,0,0,0,0,0,0,0,0,0,0,0,0,0,0,0,0,0,0,0,0,0,0,0,0,0,0,0,0,0,0,0,0,0,0,0,0,0,0,0,0,0,0,0,0,0,0,0,0,0,0,0,0,0,0,0,0,0,0,0,0,0,0,0,0,0,0,0,0,0,0,0,0,0,0,0,0,0,0,0,0,0,0,0,0,0,0,0,0,0
994,0,0,0,0,0,0,0,0,0,0,0,0,0,0,0,0,0,0,0,0,0,0,0,0,0,0,0,0,0,0,0,0,0,0,0,0,0,0,0,0,0,0,0,0,0,0,0,0,0,0,0,0,0,0,0,0,0,0,0,0,0,0,0,0,0,0,0,0,0,0,0,0,0,0,0,0,0,0,0,0,0,0,0,0,0,0,0,0,0,0,0,0,0,0,0,0,0,0,0,0,0,0,0,0,0,0,0,0,0,0,0,0,0,0,0,0,0,0,0,0,0,0,0,0,0,0,0,0,0,0,0,0,0,0,0,0,0,0,0,0,0,0,0,0,0,0,0,0,0,0,0,0,0,0,0,0,0,0,0,0,0,0,0,0,0,0,0,0,0,0,0,0,0,0,0,0,0,0,0,0,0,0,0,0,0,0,0,0,0,0,0,0,0,0,0,0,0,0,0,0
995,0,0,0,0,0,0,0,0,0,0,0,0,0,0,0,0,0,0,0,0,0,0,0,0,0,0,0,0,0,0,0,0,0,0,0,0,0,0,0,0,0,0,0,0,0,0,0,0,0,0,0,0,0,0,0,0,0,0,0,0,0,0,0,0,0,0,0,0,0,0,0,0,0,0,0,0,0,0,0,0,0,0,0,0,0,0,0,0,0,0,0,0,0,0,0,0,0,0,0,0,0,0,0,0,0,0,0,0,0,0,0,0,0,0,0,0,0,0,0,0,0,0,0,0,0,0,0,0,0,0,0,0,0,0,0,0,0,0,0,0,0,0,0,0,0,0,0,0,0,0,0,0,0,0,0,0,0,0,0,0,0,0,0,0,0,0,0,0,0,0,0,0,0,0,0,0,0,0,0,0,0,0,0,0,0,0,0,0,0,0,0,0,0,0,0,0,0,0,0,0
996,0,0,0,0,0,0,0,0,0,0,0,0,0,0,0,0,0,0,0,0,0,0,0,0,0,0,0,0,0,0,0,0,0,0,0,0,0,0,0,0,0,0,0,0,0,0,0,0,0,0,0,0,0,0,0,0,0,0,0,0,0,0,0,0,0,0,0,0,0,0,0,0,0,0,0,0,0,0,0,0,0,0,0,0,0,0,0,0,0,0,0,0,0,0,0,0,0,0,0,0,0,0,0,0,0,0,0,0,0,0,0,0,0,0,0,0,0,0,0,0,0,0,0,0,0,0,0,0,0,0,0,0,0,0,0,0,0,0,0,0,0,0,0,0,0,0,0,0,0,0,0,0,0,0,0,0,0,0,0,0,0,0,0,0,0,0,0,0,0,0,0,0,0,0,0,0,0,0,0,0,0,0,0,0,0,0,0,0,0,0,0,0,0,0,0,0,0,0,0,0
997,0,0,0,0,0,0,0,0,0,0,0,0,0,0,0,0,0,0,0,0,0,0,0,0,0,0,0,0,0,0,0,0,0,0,0,0,0,0,0,0,0,0,0,0,0,0,0,0,0,0,0,0,0,0,0,0,0,0,0,0,0,0,0,0,0,0,0,0,0,0,0,0,0,0,0,0,0,0,0,0,0,0,0,0,0,0,0,0,0,0,0,0,0,0,0,0,0,0,0,0,0,0,0,0,0,0,0,0,0,0,0,0,0,0,0,0,0,0,0,0,0,0,0,0,0,0,0,0,0,0,0,0,0,0,0,0,0,0,0,0,0,0,0,0,0,0,0,0,0,0,0,0,0,0,0,0,0,0,0,0,0,0,0,0,0,0,0,0,0,0,0,0,0,0,0,0,0,0,0,0,0,0,0,0,0,0,0,0,0,0,0,0,0,0,0,0,0,0,0,0
998,0,0,0,0,0,0,0,0,0,0,0,0,0,0,0,0,0,0,0,0,0,0,0,0,0,0,0,0.0000000000,0,0,0,0,0,0,0,0,0,0,0,0,0,0,0,0,0,0,0,0,0,0,0,0,0,0,0,0,0,0,0,0,0,0,0,0,0,0,0,0,0,0,0,0,0,0,0,0,0,0,0,0,0,0,0,0,0,0,0,0,0,0,0,0,0,0,0,0,0,0,0,0,0,0,0,0,0,0,0,0,0,0,0,0,0,0,0,0,0,0,0,0,0,0,0,0,0,0,0,0,0,0,0,0,0,0,0,0,0,0,0,0,0,0,0,0,0,0,0,0,0,0,0,0,0,0,0,0,0,0,0,0,0,0,0,0,0,0,0,0,0,0,0,0,0,0,0,0,0,0,0,0,0,0,0,0,0,0,0,0,0,0,0,0,0,0,0,0,0,0,0,0
999,33869.2518696263,120855.0903685809,109944.0104714123,43817.1730651253,51210.7209168252,88800.9057536580,123866.7884048698,61023.9166398640,31271.0567069568,85174.4137850861,15479.3939837556,92356.7682368087,29780.1939863576,91124.5250837502,85783.3892255319,111405.8791124442,10605.6593456467,50979.6106798998,96481.4464412839,71204.4626949600,101757.4307613420,72592.9234468730,72018.1765319901,36165.7965368124,81801.9857351760,30162.9545320402,32386.2697863159,20302.3592370921,66301.6392270129,89529.2362253923,69467.3464979767,106102.4201877243,36003.4207421802,11722.4744873064,13352.8491396096,94747.8675759019,29578.5011239476,87310.3477337884,44536.9814842449,99547.9831752959,115650.5412800663,20666.4468498708,54196.1624968330,72960.7438444935,59496.9749581837,109338.6239616263,22387.2653214908,22266.3719774637,84549.0554182102,25078.0962814247,99662.8428625766,112821.5213783911,38047.3144962833,71854.3936043508,92882.8474427930,76553.0335266809,40441.6149046600,43460.8953540358,24441.6996220629,62793.1674778184,489.7119684311,78625.7304582765,75245.7955879649,43263.8909473101,34505.7353753219,71574.9856348089,91797.0127551577,94180.4087370068,80128.7989749639,32140.0028976789,63851.0357073389,95143.8030463135,20207.8186140620,81930.2212959929,11188.1705769734,49571.6030800319,111623.6625862664,21041.8813560204,63760.0816931180,28460.8930859076,90059.3386170963,81626.3190953396,62996.8074127946,18146.7136552896,37579.6466859562,15091.8089694249,107059.7393030626,78808.7429269936,53016.4623119816,86257.0217473183,76038.7673835257,93704.0602499520,88466.9908376972,28830.3805844290,45878.7251758862,102943.9154512628,23437.7915046042,84816.8013264552,108434.9560785508,32337.8986498876,58332.5472244827,92386.8537100096,116775.3263256352,63328.2530854381,2208.5062473213,79345.3493413638,64454.9969636790,37017.2234706521,84281.8603519845,85403.8556810079,8416.3261057000,27061.9142843905,22518.0185766622,68018.9628003159,102279.5279592695,22747.0902712050,55908.7658399332,77918.0503441368,25272.9895026026,92468.4581804592,44763.5016300350,85296.3086751738,17812.4204458321,82591.3836085791,92706.7052888461,78257.3055697648,99004.7660696169,93470.2115129971,26804.7809361135,97288.4104972077,31527.6470221330,104648.9745553811,77613.5008687638,38043.7080495968,26520.0119955211,69584.5956201262,26784.4866318582,70179.3555451297,25420.6260920142,37785.6066922782,41314.8469201398,88164.1969412737,78451.0084445992,87725.2944847355,36235.3091325376,49130.0926744785,112397.3854668366,89866.8591395350,93990.4056107657,15720.8378537299,96569.1021983180,79569.3012563567,46603.4188685840,74037.4631760640,83605.3146983789,71902.6125181464,20975.7025232143,43978.6362948571,76492.9826865662,66054.1006494356,52458.3783542637,107358.7374971920,14781.0825102392,43642.7043968716,41053.1138456292,55140.6109756029,48379.8538727376,15137.7317132569,23724.3340139209,83851.8903423026,30650.7754314058,72615.2360833033,60785.7036154789,93056.8360843888,18749.0156395666,91167.6251197274,61183.5031312318,31504.5624254500,21636.6244964447,85954.1310502282,9694.4379251091,66396.9316360933,76698.6375024923,12478.9687768023,36674.1436694801,78815.2482110829,75136.5900189472,8995.8750760117,11192.3152533258,37733.7993166064,16310.7871406791,74177.8956407635,31887.1134074388,74296.4914918112,86769.8532122129,33748.2363662052,80670.7456670852,69701.4611616086,70612.2942171596,70342.1323164581
1000,36906.2394085979,96606.3044275453,79881.9005349483,70222.3690144131,33802.2509186834,71618.1085086731,92801.8548757355,30869.9787775312,61331.1604806474,56127.3267632011,30851.4281617893,73927.5767268286,4365.1267060159,59407.3654705636,59093.4225176326,82896.2753172123,36159.4057134841,20741.6424178909,71461.7630463776,50448.8509386632,70752.0335876149,48611.2458004262,40524.7677160536,34237.1955037017,51363.1885178139,49985.9840954730,15970.8068776252,22189.6047134612,37524.2985084805,66930.6731845348,42898.1806580526,83863.5868549550,24814.4920112819,40535.3377778031,18698.1336181573,65284.9642529686,41380.3743175870,56038.4275131138,14115.3283774823,70088.0180700154,85490.1880640836,52292.8853443658,29071.2128377927,41494.1190938653,27767.4820959489,83481.5007310644,36012.1952493193,49661.4963607552,58680.2266839923,25420.0767474421,72157.6888020419,81515.8275889460,9603.5676105975,55769.6657728281,61997.4525549465,46272.1437462612,28391.2311191925,21985.5296126801,9793.3669686022,41504.7710620716,29645.8501622851,50180.4786623517,47757.2073126429,39418.1193476192,15019.0696771129,41438.8195190500,61469.1517128738,68647.3329417183,60599.7890095590,43907.5073321055,40721.3465586863,73783.7664950284,13252.5200026650,50275.9992716199,26969.4566974273,17841.4693853228,87613.1181533210,42471.6132180968,33095.4276863151,27113.0773136263,62363.4106308567,66691.8552861427,37150.9732306432,20384.2385110137,7637.8841287409,45520.9024398197,76645.6591259499,56181.6151835759,22299.0892688589,56937.3236853474,50778.6915084958,66236.8023258740,68429.5231176495,33696.3095541128,18798.9377217379,79020.4284212987,41562.1644033390,60234.6084626984,78907.9586551909,24430.4397920351,29966.1423311951,60745.7691866239,91261.4875446897,31926.6270463883,31135.8599114330,48007.3966693809,36339.6666480925,32031.5905315378,53885.3259156481,54208.4753358923,36830.3585149802,18834.2649370376,52782.3329349925,36287.4992749008,76129.2705443052,35106.8281726167,34221.8826132330,46211.6985151120,16805.7921136332,63257.9082179135,13769.1937550371,53647.7616560520,29152.9139540039,55116.7741308394,69271.1092546891,49181.0989485809,68667.7038182486,66988.5936510225,33349.0364000388,66933.6073258476,14071.1484806931,76054.1186171739,51976.5505295126,21607.5800326290,43505.6159379015,43551.8120185384,11523.5602514719,39670.7078277137,48934.9043226624,15001.0759124907,34390.0084913867,57841.2639839414,47362.1369667859,59621.5708549789,7849.3129060404,28184.1035771608,81648.1670112633,64713.0773035162,62643.1976057763,42250.2093910044,68086.4718908363,52729.2103039230,33059.7892930620,55346.9837208640,61971.6770339074,48821.3481652930,29058.4630571108,26596.3756074186,46902.6789212679,34570.1991419425,24228.5465962783,76187.4747652719,33310.9202457153,11953.8847881616,69093.1768929259,23539.8965432797,23841.7031738224,18918.5839832927,10270.0457017390,65996.4115997380,29808.0475679089,43671.3871585000,35999.0455376523,64465.0077250313,15537.5276192484,66825.2051551280,37804.6198493430,39499.7093627016,16535.9498003666,54225.3709233631,25449.3326067074,36137.3901040714,55955.7789436234,22301.2690506684,29561.8215075659,62413.0696069776,44127.4427497359,35284.6437528343,31567.2490977690,36558.9183722768,25775.6390178686,46789.8866394464,10001.2318115720,42589.2178002561,71377.4740606276,19710.1474953915,49847.1562982919,45132.3934985393,41529.9326835554,39437.6995532956
1001,0,0,0,0,0,0,0,0,0,0,0,0,0,0,0,0,0,0,0,0,0,0,0,0,0,0,0,0,0,0,0,0,0,0,0,0,0,0,0,0,0,0,0,0,0,0,0,0,0,0,0,0,0,0,0,0,0,0,0,0,0,0,0,0,0,0,0,0,0,0,0,0,0,0,0,0,0,0,0,0,0,0,0,0,0,0,0,0,0,0,0,0,0,0,0,0,0,0,0,0,0,0,0,0,0,0,0,0,0,0,0,0,0,0,0,0,0,0,0,0,0,0,0,0,0,0,0,0,0,0,0,0,0,0,0,0,0,0,0,0,0,0,0,0,0,0,0,0,0,0,0,0,0,0,0,0,0,0,0,0,0,0,0,0,0,0,0,0,0,0,0,0,0,0,0,0,0,0,0,0,0,0,0,0,0,0,0,0,0,0,0,0,0,0,0,0,0,0,0,0
1002,0,0,0,0,0,0,0,0,0,0,0,0,0,0,0,0,0,0,0,0,0,0,0,0,0,0,0,0,0,0,0,0,0,0,0,0,0,0,0,0,0,0,0,0,0,0,0,0,0,0,0,0,0,0,0,0,0,0,0,0,0,0,0,0,0,0,0,0,0,0,0,0,0,0,0,0,0,0,0,0,0,0,0,0,0,0,0,0,0,0,0,0,0,0,0,0,0,0,0,0,0,0,0,0,0,0,0,0,0,0,0,0,0,0,0,0,0,0,0,0,0,0,0,0,0,0,0,0,0,0,0,0,0,0,0,0,0,0,0,0,0,0,0,0,0,0,0,0,0,0,0,0,0,0,0,0,0,0,0,0,0,0,0,0,0,0,0,0,0,0,0,0,0,0,0,0,0,0,0,0,0,0,0,0,0,0,0,0,0,0,0,0,0,0,0,0,0,0,0,0
1003,54312.9093834779,80547.2306047790,81646.5867536623,71445.0998454438,16769.8023969052,84916.4836332713,83667.9196503828,36376.2144410194,72962.3184770268,43635.3913905382,33833.5781029812,56419.2502866838,22562.6804329560,55785.5300534469,66593.9746232902,69684.2763202184,49109.7274939853,13273.7101861948,55622.3611124347,63027.7332622423,61727.1806529082,32045.3552916952,34630.0556806956,25442.0994110991,53797.0923618913,65482.1211051612,10090.1922339935,38574.0562709544,24929.5078468049,77438.8040560063,51820.1878205797,67035.1563106168,42192.7559228101,48536.1890693668,28893.7702446526,68775.2643605896,38147.7251589247,48253.3618128147,23880.2964184761,58068.0503102993,74464.8198767905,61891.7805748044,12690.5342058061,41361.4261094204,26288.7010563933,68172.6722410150,52003.8474181036,62710.3043417111,43229.2187218925,23107.4227295386,57985.6473933054,73286.2889297154,9328.8474976435,70178.3515040078,62582.1425725383,36056.5406828745,15340.2839978385,6999.5315337256,18056.9946492982,24065.6937123477,40038.1478161320,56223.4629271531,33521.4298633242,56891.5766227190,32080.1095192675,45479.0613549433,50997.7043658776,76756.3460573913,73241.4868949228,60656.3345120814,52666.4253057483,56673.3664295423,28556.6015159811,48046.9496912885,40915.1647820642,19431.2108816768,71410.9748719170,57192.5542920196,24624.8121200825,44492.6898907478,48343.8945400092,81075.5093664086,21446.7758252300,24521.7352736493,17014.7181649252,56754.1694190640,66156.2810750946,67252.3867557841,28401.3989651110,61159.7014630860,60223.0622621692,72468.6382575739,80439.8788813681,29284.4374085790,5328.6640725257,62732.2972711527,41745.7197644427,69614.6118389320,66936.6090975133,16843.9626144860,17035.9098500752,54795.3660467674,75790.9663218850,33421.3885627399,38122.7607326199,40832.1627432248,44286.6249325920,49562.5687056933,43705.4439938694,54237.4009894710,47475.8807413296,36267.0412131600,64204.1724053178,33659.4973239395,60966.4316512769,34385.8781550886,16732.7628477074,41787.9191923239,17212.1910211665,50934.9837459237,12485.5807759676,48063.5060644585,44812.1527109045,40879.9943740201,52723.3685085803,36800.9098097494,58113.6747073502,52001.7891555547,50274.2386414248,68612.7603929741,11223.9189263050,62939.2007178848,36318.1339432769,8937.2852870614,59334.7289558959,28066.4411918371,28902.5419739227,30279.0250140847,63387.2465166193,5170.7507646635,22474.4038464898,60090.3256223677,48290.5641828869,65444.8237980038,23232.4378894433,10675.3403403344,71822.5958897397,48893.1971762506,54957.4523344382,55346.9823278310,54859.8325131041,60507.1923741798,17724.6730026863,68676.6821120724,73353.3444082483,60093.4238718146,29059.3492663970,10660.6336154435,51445.8069533408,29201.8642521922,11535.0604534318,67575.7663968964,47906.6390985678,18156.1457321168,71748.1867158267,25594.1847294145,9073.9979125218,33247.6324094977,21944.1499088287,79206.8043761369,23761.4940589261,31185.3124483458,47277.9636329044,69346.9866650628,23015.4122466551,76045.8185863516,20796.9276607570,56553.6637332814,33060.4230835323,50496.8936033844,37677.4945162071,40577.0457942836,68195.1912978729,29515.7543820416,19403.2622263282,76398.6645414456,35919.7411054721,43216.3021926388,43613.0196740257,54109.3331060659,29014.8276800359,54454.8358773044,27354.0789370264,40275.8180147743,85427.2925659190,37101.2568369339,40828.3463011454,55620.5854633775,47470.5394797782,41774.8733814789
1004,0,0,0,0,0,0,0,0,0,0,0,0,0,0,0,0,0,0,0,0,0,0,0,0,0,0,0,0,0,0,0,0,0,0,0,0,0,0,0,0,0,0,0,0,0,0,0,0,0,0,0,0,0,0,0,0,0,0,0,0,0,0,0,0,0,0,0,0,0,0,0,0,0,0,0,0,0,0,0,0,0,0,0,0,0,0,0,0,0,0,0,0,0,0,0,0,0,0,0,0,0,0,0,0,0,0,0,0,0,0,0,0,0,0,0,0,0,0,0,0,0,0,0,0,0,0,0,0,0,0,0,0,0,0,0,0,0,0,0,0,0,0,0,0,0,0,0,0,0,0,0,0,0,0,0,0,0,0,0,0,0,0,0,0,0,0,0,0,0,0,0,0,0,0,0,0,0,0,0,0,0,0,0,0,0,0,0,0,0,0,0,0,0,0,0,0,0,0,0,0
1005,0,0,0,0,0,0,0,0,0,0,0,0,0,0,0,0,0,0,0,0,0,0,0,0,0,0,0,0,0,0,0,0,0,0,0,0,0.0000000000,0,0,0,0,0,0,0,0,0,0,0,0,0,0,0,0,0,0,0,0,0,0,0,0,0,0,0,0,0,0,0,0,0,0,0,0,0,0,0,0,0,0,0,0,0,0,0,0,0,0,0,0,0,0,0,0,0,0,0,0,0,0,0,0,0,0,0,0,0,0,0,0,0,0,0,0,0,0,0,0,0,0,0,0,0,0,0,0,0,0,0,0,0,0,0,0,0,0,0,0,0,0,0,0,0,0,0,0,0,0,0,0,0,0,0,0,0,0,0,0,0,0,0,0,0,0,0,0,0,0,0,0,0,0,0,0,0,0,0,0,0,0,0,0,0,0,0,0,0,0,0,0,0,0,0,0,0,0,0,0,0,0,0
1006,0,0,0,0,0,0,0,0,0,0,0,0,0,0,0,0,0,0,0,0,0,0,0,0,0,0,0,0,0,0,0,0,0,0,0,0,0,0,0,0,0,0,0,0,0,0,0,0,0,0,0,0,0,0,0,0,0,0,0,0,0,0,0,0,0,0,0,0,0,0,0,0,0,0,0,0,0,0,0,0,0,0,0,0,0,0,0,0,0,0,0,0,0,0,0,0,0,0,0,0,0,0,0,0,0,0,0,0,0,0,0,0,0,0,0,0,0,0,0,0,0,0,0,0,0,0,0,0,0,0,0,0,0,0,0,0,0,0,0,0,0,0,0,0,0,0,0,0,0,0,0,0,0,0,0,0,0,0,0,0,0,0,0,0,0,0,0,0,0,0,0,0,0,0,0,0,0,0,0,0,0,0,0,0,0,0,0,0,0,0,0,0,0,0,0,0,0,0,0,0
1007,41872.3593039658,93787.4192930015,85328.4057266172,64819.8886968574,27903.2881953027,79205.1684971611,94205.9623897149,36843.0223944516,60627.7836735307,55634.6929978463,25449.6094752432,69081.2907421909,11520.5346311765,62891.5633266661,65905.6450245260,82116.0930702554,36210.6437823375,21321.5001135025,68824.2091817639,57996.3137112410,72099.9186844571,45296.7163804464,42826.5429806330,26653.7137480663,56794.2300870575,52231.2777342953,8593.8853828269,25516.5658623912,36741.6697659565,74299.3171567469,49895.8576134458,80242.2279117302,31395.6767519778,37579.9606819880,16443.8014419257,71144.0472480959,34500.3141808465,57812.5220784615,20617.9986190056,69939.8387871001,85935.2661138191,50328.5857773855,25866.0519477676,45950.1079179131,31301.4549040235,81285.6988675128,38788.7677658354,49864.1217449880,56333.4059776084,18321.8625053587,70745.1228904628,83286.8426772468,15815.2306196481,63333.7279318188,66963.0860820586,46818.8250193608,21217.7749082031,16737.8152613564,2835.3883160764,37020.4032944892,27854.3378781091,56593.1383419773,46186.8915292960,45638.6336382877,22147.8857065924,47206.5821641971,62062.4784610963,75625.6780311896,68162.2981946738,47610.1603459563,48188.5165294930,69794.5489383707,15386.9463932241,54155.3350646978,27752.5937468453,21754.1096987315,84658.4603456312,43987.1754480703,34104.2420057017,32092.7639822120,61013.8105049022,74249.0776257671,34520.4600435682,14893.6891244442,11677.9886911675,44468.6941286890,77325.3161736869,63595.9905883309,28148.3851018402,62935.3710905600,57926.9292488913,72803.1823741868,75958.7698951189,26477.3797768698,16460.5735116195,75981.9923117003,35521.1131016985,67413.3142964884,78825.2637802896,16844.2831367783,28806.7817689301,63338.2657714746,88945.3389194802,36680.0752195882,27468.0896995199,49931.9741356001,43055.4463857788,38083.6503605984,54548.4367308346,58915.4031393710,35317.0491603273,24109.6508195439,51901.4328518173,39731.0224965046,74034.8277631110,28677.8362062938,29669.8147728255,49210.2698110268,9714.5183690635,62906.8236201521,15661.3870801947,56306.3685935470,31577.4769494705,53594.2735858846,65972.4672872896,48684.9749661810,69271.0888853435,65005.1823339967,37365.0023188467,72278.2262799777,2189.7256898777,75310.7759727029,49452.3425233473,14768.3650382971,46093.6786116772,41122.0934179986,16880.1802542015,40469.9033905593,50231.1884102172,9673.0976130870,26927.8181048568,63283.9262113967,52271.5449527613,66052.6468966837,15404.6127967956,23111.8242785183,82677.3157557564,62084.4574495204,64527.0721251355,42450.8071017496,67246.0773026930,59562.7963152394,26307.0123516388,62931.5409168035,69434.4542189792,56238.5950854271,22636.5326595034,20336.4860300457,52888.1982843173,36910.5404558983,22890.4437916635,77757.5762969805,34693.5850091261,16873.8066154128,64166.7339966313,28109.0452082156,20127.4548852835,20004.7573464377,8774.1850987423,73581.6117883783,22328.5282056593,43050.6969661824,43356.5201620433,70690.9145500200,11304.3301288921,73999.2417867158,34026.0697131498,43695.4639809582,20140.3994867560,57609.5885432610,24840.3828941562,41924.0975613229,63487.0348618280,18409.6283122025,22019.4977844895,69993.1555320240,45542.9488485196,32198.2578411690,30914.2725420788,42238.3518952955,20260.2526493693,53554.5566394299,16994.9043146938,46304.0461699876,78951.2742293969,26354.3500447856,50998.0761225733,52424.5908917384,47821.0916203039,44656.8281917478
1008,31981.4184063519,102311.7376813094,84059.4519209715,66623.4843288422,37873.8566156154,71533.3014447462,98723.2739662839,34948.0623549236,55445.3093765782,62166.5396768616,27774.2490917420,78776.2391039500,1417.5412153179,64811.9161613395,61786.2740834299,88928.5197442868,30208.3189914038,26789.0096250111,77196.8530278967,51065.5945374521,76698.4876690016,54109.4738889080,46358.5255400015,34998.7447569057,55687.2470663546,44024.2106810198,18372.3797097647,16370.6544376150,43526.2173581061,68310.6948738122,45396.0042153278,89299.9616221234,21638.1403316596,35538.5633533954,13993.2963200424,69146.6264897744,39849.7439920123,61934.6848509570,18226.8981888641,76138.6612063769,91521.9139322164,46779.9496873711,34526.3031397043,46541.7472286768,33353.2176215757,89327.9591247565,30121.7855431133,43658.0557538101,64470.6989789333,24713.3232454654,78126.4283748810,87379.6738166276,15173.2462054364,55182.0708205809,66607.1659890199,52313.8546997088,31006.2020100007,26449.8906565415,11993.5571175447,46496.6934247217,24285.4286810726,53521.6007131707,53679.1929821277,35667.1321926986,13258.8148429409,45560.4997220523,67500.2461558860,70988.5024825605,61012.3124804908,38324.2524779546,41916.9278706323,79062.6109050254,12054.3664370253,55551.2147787786,20960.4870931080,23466.7904660167,93274.6996689473,36428.5284164283,39126.3818117121,22169.6906015352,68333.2685067396,65987.0452061063,42820.8808849612,17947.6998351011,11437.5943910269,39760.2094724530,82663.6536937900,57458.7208232839,26698.9432967046,60705.3187916985,52875.5591983317,69265.8904955024,69075.2086962630,32978.9818203044,24398.9970496308,84650.6120970231,38884.8221454938,62190.2346490620,84958.4955521983,25652.3966196518,35903.5114785789,66446.3021327099,97087.1525320816,36909.2007335856,26714.0340514475,53893.0655822703,39415.5762764250,28090.4189345461,59916.3553463316,59025.4239140410,31267.2756272959,14100.8046820457,46953.3306649770,41824.4035760063,81990.9875994168,33034.0601542172,39152.5753017294,51839.1819175900,16664.7905559792,69304.5218447741,19812.7177266053,59348.6507298964,23173.0717268504,61056.1685640594,74808.7145794028,55216.6761025699,74694.7979194584,72863.9195712115,27865.1008229110,71241.6007162938,11780.9369682070,82086.8100754090,57713.9068047086,24759.0263870278,37594.1245404590,49293.6571921144,7412.5764243290,45705.3288145801,42886.8843304382,19306.6007320978,36242.6171111907,62114.9989396910,52094.1140253127,62870.9392121165,10201.4966391453,32800.1372919632,87628.9115502705,70443.1211047449,68507.8445137819,36259.8862064573,74110.0383855808,55431.5072076170,36281.5226183141,55448.2477300580,63010.7995927127,50144.7720543149,27158.6623773873,30346.5848243535,50759.6969921736,40422.2840351268,30107.7246729870,82093.5539486848,27260.2511723430,17400.5874720369,65100.7434962111,28763.6587545830,29067.6600382598,12932.6323448377,625.9646179968,66022.0208406841,29948.2837563138,49694.8993711344,37692.3180065283,67939.1841556025,12580.0758674426,68755.2439117023,43098.3264428183,34123.4453401509,10742.8613347624,59687.3399334209,19745.4147989933,40306.8399902492,56654.6045586082,18393.3595660352,31114.9729588961,62014.0681305990,50100.1644808729,30432.5819964554,25795.1273251006,32220.8433174607,23011.6322874861,49658.8684779633,8301.0752257029,47978.9018343451,70842.4678005765,16710.9864071678,55841.2215350318,46909.7363229779,45106.6543818464,44027.0517406734
1009,16664.3386722106,118542.5282145170,91122.8247167583,65771.2785917238,53490.2017865593,66932.3774045983,112331.0934425341,43693.8161577347,43883.0820288269,77597.2767431476,31972.7562591496,94823.4638793113,17283.0090347566,76335.0142521990,65142.4368201674,104384.7506707613,19482.8984328603,42291.9525575456,93405.2727570489,49376.6167931685,90582.7982034161,70403.1669344813,59940.0139252363,46584.9940555063,63941.5302385420,28476.6874213635,33227.4161540273,3.5662983422,59262.2256536957,67779.0024471591,49163.2315665227,105594.6652401379,14064.0429885818,31206.9504269504,17604.0384462820,75590.6149151502,46539.5429292926,75626.0883786219,29271.6650647601,91259.3194579947,106094.3345823446,38450.3435155469,50820.5055305751,57318.4209789331,46344.0348940616,105415.3963349981,14346.8602093345,31072.5478159317,80629.3387105570,34812.3700238100,93941.7435658483,100694.9453816824,31420.5929430383,49982.9425621002,75404.0984765357,67207.2954205989,45347.3488933014,42469.5177916481,22315.2463993661,62679.6086287547,20084.7982101904,59065.6011165972,69642.1843981216,23268.2527329293,15204.2576956046,53692.8013262156,82155.9192250471,73011.1337606954,58182.5337889163,22028.2794641676,42554.4390576219,95329.3437278286,10642.3341627634,66799.7047705204,11217.6576257715,37076.6073589068,109529.7460520110,22052.1688380392,53994.4607078745,15422.1988941901,84152.9534492637,59951.4600839796,59063.9727031167,26107.7802123072,26042.5421296476,30106.8375861438,97101.8393264233,57150.3712548271,37044.2755688863,67148.6241478793,55053.5770364366,73287.2976746218,66521.3157754254,42065.0068407220,40657.6231807995,100918.5281856286,42700.6414337155,63492.5164294452,99979.8022118738,38616.8650756984,51852.9455154289,79133.5117573397,113203.0803967391,47927.0463742028,26569.4133239238,67616.5240985585,45196.6905857415,16054.1977861561,74612.4968224043,68677.1756057094,24153.7346971870,12012.0821481180,36246.4852201268,54350.9755236427,98055.9303823151,39107.5563654166,55325.7817243616,64451.2595721438,29034.8720659268,84601.3984192739,35140.1059170673,72132.4226466373,8454.9897412362,76972.1430733277,91099.5916702871,70706.0285012431,89268.1132962059,88908.2594640729,11626.8524699825,78982.4127626314,27687.0376735425,97548.1574271384,73918.9784830334,39886.2800979779,21832.7988145172,65494.2187529397,10862.7872985511,60548.9956805293,28531.3409414066,35356.9499356187,49404.2740809695,70001.1731866284,61700.9465092566,67746.8768957287,21403.1574536684,48844.1649543089,101708.4365372766,86654.8539971729,81964.4148419492,24308.3521516415,89660.5852482457,59114.1996230710,51119.6971121767,52084.5314727326,61777.2161041379,50420.9003226140,34470.0441791994,45816.3925606362,57881.3918118223,54201.9581536423,46166.0220104171,95687.7158280518,14054.2314892673,31081.8094388522,62908.2456467725,40943.3799138476,45351.9347384346,9257.2655502995,17033.6202543671,61926.0306781565,40900.7355548117,65297.5294089338,40093.6709229308,73282.8956863937,21700.3586710863,69716.1936335574,59382.5141386088,17953.4063299022,10769.0337185402,71515.8377511471,14613.7373924536,48887.8406492967,54829.3408601092,22592.4950758283,44129.6036991818,56961.2151269490,64377.3211986184,27614.9515362008,17994.9282369716,18444.9309376708,29052.1003043293,54125.4671981328,15373.9143914917,59817.3985257034,65074.3123532802,12519.1679129954,70216.9025230775,48643.2545584699,51776.1263801477,53554.3489787037
1010,0,0,0,0,0,0,0,0,0,0,0,0,0,0,0,0,0,0,0,0,0,0,0,0,0,0,0,0,0,0,0,0,0,0,0,0,0,0,0,0,0,0,0,0,0,0,0,0,0,0,0,0,0,0,0,0,0,0,0,0,0,0,0,0,0,0,0,0,0,0,0,0,0,0,0,0,0,0,0,0,0,0,0,0,0,0,0,0,0,0,0,0,0,0,0,0,0,0,0,0,0,0,0,0,0,0,0,0,0,0,0,0,0,0,0,0,0,0,0,0,0,0,0,0,0,0,0,0,0,0,0,0,0,0,0,0,0,0,0,0,0,0,0,0,0,0,0,0,0,0,0,0,0,0,0,0,0,0,0,0,0,0,0,0,0,0,0,0,0,0,0,0,0,0,0,0,0,0,0,0,0,0,0,0,0,0,0,0,0,0,0,0,0,0,0,0,0,0,0,0
1011,0,0,0,0,0,0,0,0,0,0,0,0,0,0,0,0,0,0,0,0,0,0,0,0,0,0,0,0,0,0,0,0,0,0,0,0,0,0,0,0,0,0,0,0,0,0,0,0,0,0,0,0,0,0,0,0,0,0,0,0,0,0,0,0,0,0,0,0,0,0,0,0,0,0,0,0,0,0,0,0,0,0,0,0,0,0,0,0,0,0,0,0,0,0,0,0,0,0,0,0,0,0,0,0,0,0,0,0,0,0,0,0,0,0,0,0,0,0,0,0,0,0,0,0,0,0,0,0,0,0,0,0,0,0,0,0,0,0,0,0,0,0,0,0,0,0,0,0,0,0,0,0,0,0,0,0,0,0,0,0,0,0,0,0,0,0,0,0,0,0,0,0,0,0,0,0,0,0,0,0,0,0,0,0,0,0,0,0,0,0,0,0,0,0,0,0,0,0,0,0
1012,0,0,0,0,0,0,0,0,0,0,0,0,0,0,0,0,0,0,0,0,0,0,0,0,0,0,0,0,0,0,0,0,0,0,0,0,0,0,0,0,0,0,0,0,0,0,0,0,0,0,0,0,0,0,0,0,0,0,0,0,0,0,0,0,0,0,0,0,0,0,0,0,0,0,0,0,0,0,0,0,0,0,0,0,0,0,0,0,0,0,0,0,0,0,0,0,0,0,0,0,0,0,0,0,0,0,0,0,0,0,0,0,0,0,0,0,0,0,0,0,0,0,0,0,0,0,0,0,0,0,0,0,0,0,0,0,0,0,0,0,0,0,0,0,0,0,0,0,0,0,0,0,0,0,0,0,0,0,0,0,0,0,0,0,0,0,0,0,0,0,0,0,0,0,0,0,0,0,0,0,0,0,0,0,0,0,0,0,0,0,0,0,0,0,0,0,0,0,0,0
1013,0,0,0,0,0,0,0,0,0,0,0,0,0,0,0,0,0,0,0,0,0,0,0,0,0,0,0,0,0,0,0,0,0,0,0,0,0,0,0,0,0,0,0,0,0,0,0,0,0,0,0,0,0,0,0,0,0,0,0,0,0,0,0,0,0,0,0,0,0,0,0,0,0,0,0,0,0,0,0,0,0,0,0,0,0,0,0,0,0,0,0,0,0,0,0,0,0,0,0,0,0,0,0,0,0,0,0,0,0,0,0,0,0,0,0,0,0,0,0,0,0,0,0,0,0,0,0,0,0,0,0,0,0,0,0,0,0,0,0,0,0,0,0,0,0,0,0,0,0,0,0,0,0,0,0,0,0,0,0,0,0,0,0,0,0,0,0,0,0,0,0,0,0,0,0,0,0,0,0,0,0,0,0,0,0,0,0,0,0,0,0,0,0,0,0,0,0,0,0,0
1014,0,0,0,0,0,0,0,0,0,0,0,0,0,0,0,0,0,0,0,0,0,0,0,0,0,0,0,0,0,0,0,0,0,0,0,0,0,0,0,0,0,0,0,0,0,0,0,0,0,0,0,0,0,0,0,0,0,0,0,0,0,0,0,0,0,0,0,0,0,0,0,0,0,0,0,0,0,0,0,0,0,0,0,0,0,0,0,0,0,0,0,0,0,0,0,0,0,0,0,0,0,0,0,0,0,0,0,0,0,0,0,0,0,0,0,0,0,0,0,0,0,0,0,0,0,0,0,0,0,0,0,0,0,0,0,0,0,0,0,0,0,0,0,0,0,0,0,0,0,0,0,0,0,0,0,0,0,0,0,0,0,0,0,0,0,0,0,0,0,0,0,0,0,0,0,0,0,0,0,0,0,0,0,0,0,0,0,0,0,0,0,0,0,0,0,0,0,0,0,0
1015,0,0,0,0,0,0,0,0,0,0,0,0,0,0,0,0,0,0,0,0,0,0,0,0,0,0,0,0,0,0,0,0,0,0,0,0,0,0,0,0,0,0,0,0,0,0,0,0,0,0,0,0,0,0,0,0,0,0,0,0,0,0,0,0,0,0,0,0,0,0,0,0,0,0,0,0,0,0,0,0,0,0,0,0,0,0,0,0,0,0,0,0,0,0,0,0,0,0,0,0,0,0,0,0,0,0,0,0,0,0,0,0,0,0,0,0,0,0,0,0,0,0,0,0,0,0,0,0,0,0,0,0,0,0,0,0,0,0,0,0,0,0,0,0,0,0,0,0,0,0,0,0,0,0,0,0,0,0,0,0,0,0,0,0,0,0,0,0,0,0,0,0,0,0,0,0,0,0,0,0,0,0,0,0,0,0,0,0,0,0,0,0,0,0,0,0,0,0,0,0
1016,0,0,0,0,0,0,0,0,0,0,0,0,0,0,0,0,0,0,0,0,0,0,0,0,0,0,0,0,0,0,0,0,0,0,0,0,0,0,0,0,0,0,0,0,0,0,0,0,0,0,0,0,0,0,0,0,0,0,0,0,0,0,0,0,0,0,0,0,0,0,0,0,0,0,0,0,0,0,0,0,0,0,0,0,0,0,0,0,0,0,0,0,0,0,0,0,0,0,0,0,0,0,0,0,0,0,0,0,0,0,0,0,0,0,0,0,0,0,0,0,0,0,0,0,0,0,0,0,0,0,0,0,0,0,0,0,0,0,0,0,0,0,0,0,0,0,0,0,0,0,0,0,0,0,0,0,0,0,0,0,0,0,0,0,0,0,0,0,0,0,0,0,0,0,0,0,0,0,0,0,0,0,0,0,0,0,0,0,0,0,0,0,0,0,0,0,0,0,0,0
1017,0,0,0,0,0,0,0,0,0,0,0,0,0,0,0,0,0,0,0,0,0,0,0,0,0,0,0,0,0,0,0,0,0,0,0,0,0,0,0,0,0,0,0,0,0,0,0,0,0,0,0,0,0,0,0,0,0,0,0,0,0,0,0,0,0,0,0,0,0,0,0,0,0,0,0,0,0,0,0,0,0,0,0,0,0,0,0,0,0,0,0,0,0,0,0,0,0,0,0,0,0,0,0,0,0,0,0,0,0,0,0,0,0,0,0,0,0,0,0,0,0,0,0,0,0,0,0,0,0,0,0,0,0,0,0,0,0,0,0,0,0,0,0,0,0,0,0,0,0,0,0,0,0,0,0,0,0,0,0,0,0,0,0,0,0,0,0,0,0,0,0,0,0,0,0,0,0,0,0,0,0,0,0,0,0,0,0,0,0,0,0,0,0,0,0,0,0,0,0,0
1018,34992.0839983018,120109.2344301680,110230.6041724465,43017.5825386395,50386.5191238046,89680.2762421991,123601.1082837428,61250.9525572101,31885.5209088886,84730.1459034997,14296.3950364421,91439.3994490386,29933.7899827902,91106.6106152677,86286.9072729512,110896.4281944705,11802.1024648144,50704.1127280404,95794.5908605014,71932.3616347312,101492.0170417009,71905.5214509680,71860.2398066281,35079.0319940916,82030.0846925436,31349.7039653260,31763.3046178981,21133.9764833943,65873.2510029527,90226.5948548843,69945.8768399409,105290.9146696751,36800.8374424359,10888.7303102331,13148.1626937417,95078.7683340731,28352.3903369007,87096.7121507848,44691.3554381523,99120.0491128821,115275.2142286923,20915.4992129400,53624.6540656436,73034.4080759723,59443.9295958337,108676.9710137581,23592.6177305348,23215.0498319163,83919.8988923965,24093.7030179162,99100.0418932652,112602.3544040453,37757.2647236437,72731.0690982688,93065.2509296283,76223.6078569959,39553.8068484034,42830.2217346493,24130.0957608131,62035.8916330295,246.2741112255,79013.2685224638,74718.7719510987,44315.4036875426,35006.6248034744,71821.5197819567,91455.6221895205,94755.4695129727,80919.6896320556,33361.4132122376,64467.4337883394,94314.6488478964,20502.9930987012,81950.4682860581,12186.4435131519,49523.6748848062,110875.8090293997,22240.5967385065,63489.9904988498,29419.5182977053,89519.5169398912,82555.5028327174,62419.4394096072,17391.1095833230,37568.9571321687,15770.3491414017,106716.3554163221,79485.4615518413,53173.2223683520,86591.3304386025,76596.8578319330,94173.5673846446,89256.1930137673,27679.9341107458,45447.4613442664,102201.5712532142,22227.1517590079,85422.8152688425,108005.4927095306,31444.8754547412,57902.5918912736,92263.9505068119,116090.2406423266,63409.3988744307,3128.4832646308,79149.3320913499,64834.8070250528,37995.4350336429,83954.8581670706,85535.7818642743,9766.6719640842,27761.0371755670,23151.2575699727,67971.4252555442,101639.8374627562,21535.8291057062,55195.6300065844,77833.9962186376,24600.1373686891,92027.6490108243,44579.9277951906,85178.8060717574,18910.3308715405,82049.8527025937,91957.8872070550,77825.3597585333,98658.4939924270,92858.2350290115,27932.6217728885,97537.2774465293,31168.6018248100,104151.0932121589,76986.5797141801,37314.1123201142,27745.0755599057,68995.7116776131,27187.7834339678,69882.0182107570,26540.2763340645,37274.0675191572,40292.3616752682,88409.9534432943,78595.6223541136,88147.9326113333,36431.9312213885,48432.4110540607,112091.0700826135,89195.4695536576,93787.3489631733,16799.5681801165,96071.3987534872,80054.5602446945,45702.0613643474,74841.7514870526,84329.4422023967,72545.1327732326,19863.4072916350,43208.9888058031,76793.5826454891,65898.9815047189,52045.1323760618,107116.9835755023,15992.2435131655,43637.2194553586,40373.2772330353,55170.9397750202,47820.2064606393,15625.6653429762,23702.9423657311,84702.8955717473,29597.8310025502,72184.0275849533,61322.0164182934,93452.6474800319,18308.9256914031,91794.3677458001,60508.9049817151,32690.0181290765,22208.2477175989,85919.8504938173,11103.3329564971,66624.2409617942,77440.6980274804,11809.0648208132,35698.9585734599,79698.9602421549,74891.8866329581,7751.8234980690,6810.1226189121,38803.6252085784,15300.9077384886,74622.4924629497,32236.2122825821,74286.9386660244,87695.8000365959,34418.7884277003,80396.0341751827,70275.6955049760,70942.3472925853,70505.1808286803
1019,0,0,0,0,0,0,0,0,0,0,0,0,0,0,0,0,0,0,0,0,0,0,0,0,0,0,0,0,0,0,0,0,0,0,0,0,0,0,0,0,0,0,0,0,0,0,0,0,0,0,0,0,0,0,0,0,0,0,0,0,0,0,0,0,0,0,0,0,0,0,0,0,0,0,0,0,0,0,0,0,0,0,0,0,0,0,0,0,0,0,0,0,0,0,0,0,0,0,0,0,0,0,0,0,0,0,0,0,0,0,0,0,0,0,0,0,0,0,0,0,0,0,0,0,0,0,0,0,0,0,0,0,0,0,0,0,0,0,0,0,0,0,0,0,0,0,0,0,0,0,0,0,0,0,0,0,0,0,0,0,0,0,0,0,0,0,0,0,0,0,0,0,0,0,0,0,0,0,0,0,0,0,0,0,0,0,0,0,0,0,0,0,0,0,0,0,0,0,0,0
1020,0,0,0,0,0,0,0,0,0,0,0,0,0,0,0,0,0,0,0,0,0,0,0,0,0,0,0,0,0,0,0,0,0,0,0,0,0,0,0,0,0,0,0,0,0,0,0,0,0,0,0,0,0,0,0,0,0,0,0,0,0,0,0,0,0,0,0,0,0,0,0,0,0,0,0,0,0,0,0,0,0,0,0,0,0,0,0,0,0,0,0,0,0,0,0,0,0,0,0,0,0,0,0,0,0,0,0,0,0,0,0,0,0,0,0,0,0,0,0,0,0,0,0,0,0,0,0,0,0,0,0,0,0,0,0,0,0,0,0,0,0,0,0,0,0,0,0,0,0,0,0,0,0,0,0,0,0,0,0,0,0,0,0,0,0,0,0,0,0,0,0,0,0,0,0,0,0,0,0,0,0,0,0,0,0,0,0,0,0,0,0,0,0,0,0,0,0,0,0,0
1021,53765.5729264611,79263.8272533055,67075.0133293301,84725.1487471700,27972.3802312953,73828.6923490180,73522.1526123667,22701.8015180669,80684.4736109655,36920.2715719444,45888.1528223218,61001.7477844884,23509.5682186103,42252.6873011058,52733.6135745224,63706.5127646045,55618.2331098356,340.1446600993,54183.9597061778,51865.3096501921,51425.0918915106,33322.9232895194,21829.7540644122,40052.2765722353,39187.8640510072,69096.3169003458,23130.5423649164,41184.5199187767,18923.1093522274,64649.6135264215,38839.9613690936,67970.0431187667,39104.7788449431,58547.4452361608,37051.0238347956,54181.8495069553,52235.0204183023,36914.3100831534,15326.1419628119,50673.5982309195,65981.9814663542,71063.3278705863,16417.1489692619,26805.4524873317,11686.9984614356,65474.2916070038,54996.8194809148,69158.8456209795,41270.0365104902,36509.0140679121,53467.2899805138,62423.8738879612,12691.1187867231,60429.5603153011,48070.3715502301,26769.9393853407,29756.2231095976,18316.3271716634,26162.6104112941,29726.1881254916,48414.2269343545,42099.5042987527,29654.7586108808,53561.1665050643,29051.2405834880,31095.3453620430,41961.3868772444,62974.4886962395,61858.7790307685,62082.9247006471,41436.8238931827,58832.7942316796,32758.0212060351,33960.9191781875,46474.0579230464,10013.2367452444,70558.9175838945,61877.3391032664,13589.6029047593,44429.2967348407,43720.5345935326,71049.6765538032,21515.3975199034,35584.8042042647,14636.7969727246,64721.6107050825,57149.5136916665,54961.4994422757,15879.7922779106,46653.2668667241,47240.1437248142,58218.5136512681,68479.1240849559,43438.6385411330,9923.9475039856,62215.2096773340,55014.1469556238,56411.7931100384,59460.7306055363,31174.4515394492,12575.4105742604,42347.9330238322,73324.9333956102,18878.0276126392,48468.8464416864,28973.7627847225,31172.1533053422,47090.2574491401,34377.7633558287,39752.6329219647,55791.9722130204,36382.7185159284,72064.5706677766,19427.0141387489,58083.3764875473,47759.4756071807,23882.7420729050,28387.4814191443,29077.8577142692,43938.8980937358,9758.5225102571,35335.4687399828,48394.3091073504,36763.5907414147,53099.6250110395,30045.3395321081,49162.2265469390,48937.1764149876,51484.7269992281,54024.8006815011,19546.5693428682,56870.2645617656,35061.7970020540,23551.0049664172,62498.5838726209,26934.3216306464,29818.7252258684,20162.2456268263,68365.7739383620,16860.4633649471,36896.8018120148,45475.0885747599,33693.9481961970,51164.9230426010,19993.9384247273,21140.0969336576,62222.3716706900,47560.6881003182,43604.5464809596,61739.5555235458,49000.2041646957,46832.9021224499,31005.0143596270,57953.4461622928,61120.6589193283,48118.0990304597,42024.1147419074,24211.9797883797,37067.0727710340,15937.0429906304,11039.6832461967,56973.3546817835,52778.0764623098,10408.6871775664,84535.7459293781,11600.6136220607,14759.7151019185,38417.9735875890,27135.3948890504,68146.5467675993,38072.4333399797,24717.8608555824,35870.8884343868,54881.4392453750,32297.4920357036,62682.0767789241,24692.3860465372,57271.7723472428,35610.4118288938,36943.2002801680,44689.3515558003,26387.6400513961,56637.7322704001,39410.2480056796,34018.5671531159,66076.8237018778,24772.7941313908,53171.8098828615,50841.8973774600,52171.6107140166,40756.4397991219,40868.2849855619,25948.1783013104,26096.8683605360,74993.6828297623,34508.3535982033,30411.8526734717,43323.0688264715,33492.4392204848,27211.1258573542
1022,0,0,0,0,0,0,0,0,0,0,0,0,0,0,0,0,0,0,0,0,0,0,0,0,0,0,0,0,0,0,0,0,0,0,0,0,0,0,0,0,0,0,0,0,0,0,0,0,0,0,0,0,0,0,0,0,0,0,0,0,0,0,0,0,0,0,0,0,0,0,0,0,0,0,0,0,0,0,0,0,0,0,0,0,0,0,0,0,0,0,0,0,0,0,0,0,0,0,0,0,0,0,0,0,0,0,0,0,0,0,0,0,0,0,0,0,0,0,0,0,0,0,0,0,0,0,0,0,0,0,0,0,0,0,0,0,0,0,0,0,0,0,0,0,0,0,0,0,0,0,0,0,0,0,0,0,0,0,0,0,0,0,0,0,0,0,0,0,0,0,0,0,0,0,0,0,0,0,0,0,0,0,0,0,0,0,0,0,0,0,0,0,0,0,0,0,0,0,0,0
1023,0,0,0,0,0,0,0,0,0,0,0,0,0,0,0,0,0,0,0,0,0,0,0,0,0,0,0,0,0,0,0,0,0,0,0,0,0,0,0,0,0,0,0,0,0,0,0,0,0,0,0,0,0,0,0,0,0,0,0,0,0,0,0,0,0,0,0,0,0,0,0,0,0,0,0,0,0,0,0,0,0,0,0,0,0,0,0,0,0,0,0,0,0,0,0,0,0,0,0,0,0,0,0,0,0,0,0,0,0,0,0,0,0,0,0,0,0,0,0,0,0,0,0,0,0,0,0,0,0,0,0,0,0,0,0,0,0,0,0,0,0,0,0,0,0,0,0,0,0,0,0,0,0,0,0,0,0,0,0,0,0,0,0,0,0,0,0,0,0,0,0,0,0,0,0,0,0,0,0,0,0,0,0,0,0,0,0,0,0,0,0,0,0,0,0,0,0,0,0,0
1024,0,0,0,0,0,0,0,0,0,0,0,0,0,0,0,0,0,0,0,0,0,0,0,0,0,0,0,0,0,0,0,0,0,0,0,0,0,0,0,0,0,0,0,0,0,0,0,0,0,0,0,0,0,0,0,0,0,0,0,0,0,0,0,0,0,0,0,0,0,0,0,0,0,0,0,0,0,0,0,0,0,0,0,0,0,0,0,0,0,0,0,0,0,0,0,0,0,0,0,0,0,0,0,0,0,0,0,0,0,0,0,0,0,0,0,0,0,0,0,0,0,0,0,0,0,0,0,0,0,0,0,0,0,0,0,0,0,0,0,0,0,0,0,0,0,0,0,0,0,0,0,0,0,0,0,0,0,0,0,0,0,0,0,0,0,0,0,0,0,0,0,0,0,0,0,0,0,0,0,0,0,0,0,0,0,0,0,0,0,0,0,0,0,0,0,0,0,0,0,0
1025,0,0,0,0,0,0,0,0,0,0,0,0,0,0,0,0,0,0,0,0,0,0,0,0,0,0,0,0,0,0,0,0,0,0,0,0,0,0,0,0,0,0,0,0,0,0,0,0,0,0,0,0,0,0,0,0,0,0,0,0,0,0,0,0,0,0,0,0,0,0,0,0,0,0,0,0,0,0,0,0,0,0,0,0,0,0,0,0,0,0,0,0,0,0,0,0,0,0,0,0,0,0,0,0,0,0,0,0,0,0,0,0,0,0,0,0,0,0,0,0,0,0,0,0,0,0,0,0,0,0,0,0,0,0,0,0,0,0,0,0,0,0,0,0,0,0,0,0,0,0,0,0,0,0,0,0,0,0,0,0,0,0,0,0,0,0,0,0,0,0,0,0,0,0,0,0,0,0,0,0,0,0,0,0,0,0,0,0,0,0,0,0,0,0,0,0,0,0,0,0
1026,0,0,0,0,0,0,0,0,0,0,0,0,0,0,0,0,0,0,0,0,0,0,0,0,0,0,0,0,0,0,0,0,0,0,0,0,0,0,0,0,0,0,0,0,0,0,0,0,0,0,0,0,0,0,0,0,0,0,0,0,0,0,0,0,0,0,0,0,0,0,0,0,0,0,0,0,0,0,0,0,0,0,0,0,0,0,0,0,0,0,0,0,0,0,0,0,0,0,0,0,0,0,0,0,0,0,0,0,0,0,0,0,0,0,0,0,0,0,0,0,0,0,0,0,0,0,0,0,0,0,0,0,0,0,0,0,0,0,0,0,0,0,0,0,0,0,0,0,0,0,0,0,0,0,0,0,0,0,0,0,0,0,0,0,0,0,0,0,0,0,0,0,0,0,0,0,0,0,0,0,0,0,0,0,0,0,0,0,0,0,0,0,0,0,0,0,0,0,0,0
1027,0,0,0,0,0,0,0,0,0,0,0,0,0,0,0,0,0,0,0,0,0,0,0,0,0,0,0,0,0,0,0,0,0,0,0,0,0,0,0,0,0,0,0,0,0,0,0,0,0,0,0,0,0,0,0,0,0,0,0,0,0,0,0,0,0,0,0,0,0,0,0,0,0,0,0,0,0,0,0,0,0,0,0,0,0,0,0,0,0,0,0,0,0,0,0,0,0,0,0,0,0,0,0,0,0,0,0,0,0,0,0,0,0,0,0,0,0,0,0,0,0,0,0,0,0,0,0,0,0,0,0,0,0,0,0,0,0,0,0,0,0,0,0,0,0,0,0,0,0,0,0,0,0,0,0,0,0,0,0,0,0,0,0,0,0,0,0,0,0,0,0,0,0,0,0,0,0,0,0,0,0,0,0,0,0,0,0,0,0,0,0,0,0,0,0,0,0,0,0,0
1028,0,0,0,0,0,0,0,0,0,0,0,0,0,0,0,0,0,0,0,0,0,0,0,0,0,0,0,0,0,0,0,0,0,0,0,0,0,0,0,0,0,0,0,0,0,0,0,0,0,0,0,0,0,0,0,0,0,0,0,0,0,0,0,0,0,0,0,0,0,0,0,0,0,0,0,0,0,0,0,0,0,0,0,0,0,0,0,0,0,0,0,0,0,0,0,0,0,0,0,0,0,0,0,0,0,0,0,0,0,0,0,0,0,0,0,0,0,0,0,0,0,0,0,0,0,0,0,0,0,0,0,0,0,0,0,0,0,0,0,0,0,0,0,0,0,0,0,0,0,0,0,0,0,0,0,0,0,0,0,0,0,0,0,0,0,0,0,0,0,0,0,0,0,0,0,0,0,0,0,0,0,0,0,0,0,0,0,0,0,0,0,0,0,0,0,0,0,0,0,0
1029,0,0,0,0,0,0,0,0,0,0,0,0,0,0,0,0,0,0,0,0,0,0,0,0,0,0,0,0,0,0,0,0,0,0,0.0000000000,0,0,0,0,0,0,0,0,0,0,0,0,0,0,0,0,0,0,0,0,0,0,0,0,0,0,0,0,0,0,0,0,0,0,0,0,0,0,0,0,0,0,0,0,0,0,0,0,0,0,0,0,0,0,0,0,0,0,0,0,0,0,0,0,0,0,0,0,0,0,0,0,0,0,0,0,0,0,0,0,0,0,0,0,0,0,0,0,0,0,0,0,0,0,0,0,0,0,0,0,0,0,0,0,0,0,0,0,0,0,0,0,0,0,0,0,0,0,0,0,0,0,0,0,0,0,0,0,0,0,0,0,0,0,0,0,0,0,0,0,0,0,0,0,0,0,0,0,0,0,0,0,0,0,0,0,0,0,0,0,0,0,0,0,0
1030,0,0,0,0,0,0,0,0,0,0,0,0,0,0,0,0,0,0,0,0,0,0,0,0,0,0,0,0,0,0,0,0,0,0,0,0,0,0,0,0,0,0,0,0,0,0,0,0,0,0,0,0,0,0,0,0,0,0,0,0,0,0,0,0,0,0,0,0,0,0,0,0,0,0,0,0,0,0,0,0,0,0,0,0,0,0,0,0,0,0,0,0,0,0,0,0,0,0,0,0,0,0,0,0,0,0,0,0,0,0,0,0,0,0,0,0,0,0,0,0,0,0,0,0,0,0,0,0,0,0,0,0,0,0,0,0,0,0,0,0,0,0,0,0,0,0,0,0,0,0,0,0,0,0,0,0,0,0,0,0,0,0,0,0,0,0,0,0,0,0,0,0,0,0,0,0,0,0,0,0,0,0,0,0,0,0,0,0,0,0,0,0,0,0,0,0,0,0,0,0
1031,0,0,0,0,0,0,0,0,0,0,0,0,0,0,0,0,0,0,0,0,0,0,0,0,0,0,0,0,0,0,0,0,0,0,0,0,0,0,0,0,0,0,0,0,0,0,0,0,0,0,0,0,0,0,0,0,0,0,0,0,0,0,0,0,0,0,0,0,0,0,0,0,0,0,0,0,0,0,0,0,0,0,0,0,0,0,0,0,0,0,0,0,0,0,0,0,0,0,0,0,0,0,0,0,0,0,0,0,0,0,0,0,0,0,0,0,0,0,0,0,0,0,0,0,0,0,0,0,0,0,0,0,0,0,0,0,0,0,0,0,0,0,0,0,0,0,0,0,0,0,0,0,0,0,0,0,0,0.0000000000,0,0,0,0,0,0,0,0,0,0,0,0,0,0,0,0,0,0,0,0,0,0,0,0,0,0,0,0,0,0,0,0,0,0,0,0,0,0,0,0,0,0
1032,0,0,0,0,0,0,0,0,0,0,0,0,0,0,0,0,0,0,0,0,0,0,0,0,0,0,0,0,0,0,0,0,0,0,0,0,0,0,0,0,0,0,0,0,0,0,0,0,0,0,0,0,0,0,0,0,0,0,0,0,0,0,0,0,0,0,0,0,0,0,0,0,0,0,0,0,0,0,0,0,0,0,0,0,0,0,0,0,0,0,0,0,0,0,0,0,0,0,0,0,0,0,0,0,0,0,0,0,0,0,0,0,0,0,0,0,0,0,0,0,0,0,0,0,0,0,0,0,0,0,0,0,0,0,0,0,0,0,0,0,0,0,0,0,0,0,0,0,0,0,0,0,0,0,0,0,0,0,0,0,0,0,0,0,0,0,0,0,0,0,0,0,0,0,0,0,0,0,0,0,0,0,0,0,0,0,0,0,0,0,0,0,0,0,0,0,0,0,0,0
1033,0,0,0,0,0,0,0,0,0,0,0,0,0,0,0,0,0,0,0,0,0,0,0,0,0,0,0,0,0,0,0,0,0,0,0,0,0,0,0,0,0,0,0,0,0,0,0,0,0,0,0,0,0,0,0,0,0,0,0,0,0,0,0,0,0,0,0,0,0,0,0,0,0,0,0,0,0,0,0,0,0,0,0,0,0,0,0,0,0,0,0,0,0,0,0,0,0,0,0,0,0,0,0,0,0,0,0,0,0,0,0,0,0,0,0,0,0,0,0,0,0,0,0,0,0,0,0,0,0,0,0,0,0,0,0,0,0,0,0,0,0,0,0,0,0,0,0,0,0,0,0,0,0,0,0,0,0,0,0,0,0,0,0,0,0,0,0,0,0,0,0,0,0,0,0,0,0,0,0,0,0,0,0,0,0,0,0,0,0,0,0,0,0,0,0,0,0,0,0,0
1034,35110.6783991104,97759.5866423241,74207.5464064420,76228.0491432279,38367.9758495804,65226.7266476452,90277.4786056467,25088.4000697386,64394.6969372594,55563.0758119508,37040.4331030816,77087.4375212477,7440.1108892360,55370.1284308690,52605.1177756890,82311.2413304961,39087.3633652815,20674.3833419580,72613.5289435711,43907.1728926630,68419.8003671109,50647.0986012808,37809.9813686775,40713.9487026651,45814.5450833130,50742.1118007992,22148.6808284477,22983.0313645964,37633.4428156605,60285.0857403970,36342.4536963587,85819.3720533422,21143.6298320511,45392.2765296090,23845.5517250354,59362.8279001258,47988.0178530385,53499.0553004906,9351.8115258709,69054.8550541921,83823.6737497786,56362.2833867054,31569.7659992667,36851.0522946793,24364.8890424317,84146.1465922250,36610.8499579342,52174.5072670227,59710.1198933927,32065.6397585937,72213.9994731436,78744.9022102012,13203.7700157395,49605.1302179791,56744.0273295529,44975.8010173096,34200.3821513802,26410.3689917233,16275.8261342775,44694.4380123619,34044.2519362030,43935.5254786551,48284.2392988600,35898.6085666226,10845.0774271036,35703.5919964784,59884.0312371738,62080.0329056236,54087.4240601512,43354.4315851306,34100.9230923536,76143.9693387711,16277.5979214329,46003.8227230998,29696.1695362302,14831.6000338463,88936.8930493017,44038.7664876740,31790.9751805009,25687.2448539154,62466.7667907176,60544.8511011959,38863.2932723625,26733.1266509568,4209.9515833158,49050.7383504269,74838.7010562802,49543.0967621108,16839.3985885534,50946.2386653018,44161.6934088539,59868.3622256359,61860.4149179640,40343.8247184233,21356.1967522148,80474.4955370343,47925.7720852591,53606.8711090399,77743.0209879150,30855.3160090157,30716.0155109346,57447.3814277801,91987.2968181410,27214.5377164249,36547.3322697829,45464.0935285749,29951.6720355662,28939.2344504308,52344.9452996760,49210.8489663374,40852.3185322825,17655.0124336859,56078.3340320943,32656.3874070681,76756.6149163683,41616.0026626125,37639.8088401573,42759.3431454199,23453.2596987982,62474.5592573231,13614.0603848053,50376.5458755138,30368.1460888480,55471.2537102530,71037.0853280702,48739.5096390098,66995.6019052690,67599.9612182594,32770.2764953012,61372.0843789196,14691.8600257326,75488.1383750368,53261.3223414316,27226.3849593574,44073.4548915659,44919.0634340923,11510.4170852036,38319.3595010345,50556.5870060316,19954.1181513308,40509.2041381271,52246.7711697272,42261.6685348361,53342.0332265362,67.7692307720,32214.7460219899,79505.7672424473,65921.9112037467,59929.8784892108,44907.2415988339,67678.4905426653,46237.7568457361,38402.3756308324,48928.3702663969,55350.7124108054,42182.9766103486,35585.8985394412,31624.8412559411,40964.6160660980,31999.9871652463,25489.4576721183,73622.4446113911,35267.3935556386,8809.8130933588,74857.5898250888,19335.3742102870,27021.5601446688,21991.5078755337,13154.3636045753,59579.6809403981,36409.0899212943,43460.9464021414,29351.6469307055,58302.4055043323,21649.4533010154,60197.2764109817,40473.6357907839,38524.6344230471,17666.1266664325,50326.1585131446,29260.9340272160,30440.7733227287,49389.5263053245,28034.7802603231,35838.2823306281,56150.4203841885,42113.0300266096,40305.3378491187,35154.3208087009,33861.1835928899,32058.0600578120,40343.6686475450,7201.9620381320,38574.0615612138,65148.2461405767,16220.8286581658,47948.6201235855,38487.4066842775,35401.9192619568,34171.8987698578
1035,0,0,0,0,0,0,0,0,0,0,0,0,0,0,0,0,0,0,0,0,0,0,0,0,0,0,0,0,0,0,0,0,0,0,0,0,0,0,0,0,0,0,0,0,0,0,0,0,0,0,0,0,0,0,0,0,0,0,0,0,0,0,0,0,0,0,0,0,0,0,0,0,0,0,0,0,0,0,0,0,0,0,0,0,0,0,0,0,0,0,0,0,0,0,0,0,0,0,0,0,0,0,0,0,0,0,0,0,0,0,0,0,0,0,0,0,0,0,0,0,0,0,0,0,0,0,0,0,0,0,0,0,0,0,0,0,0,0,0,0,0,0,0,0,0,0,0,0,0,0,0,0,0,0,0,0,0,0,0,0,0,0,0,0,0,0,0,0,0,0,0,0,0,0,0,0,0,0,0,0,0,0,0,0,0,0,0,0,0,0,0,0,0,0,0,0,0,0,0,0
1036,0,0,0,0,0,0,0,0,0,0,0,0,0,0,0,0,0,0,0,0,0,0,0,0,0,0,0,0,0,0,0,0,0,0,0,0,0,0,0,0,0,0,0,0,0,0,0,0,0,0,0,0,0,0,0,0,0,0,0,0,0,0,0,0,0,0,0,0,0,0,0,0,0,0,0,0,0,0,0,0,0,0,0,0,0,0,0,0,0,0,0,0,0,0,0,0,0,0,0,0,0,0,0,0,0,0,0,0,0,0,0,0,0,0,0,0,0,0,0,0,0,0,0,0,0,0,0,0,0,0,0,0,0,0,0,0,0,0,0,0,0,0,0,0,0,0,0,0,0,0,0,0,0,0,0,0,0,0,0,0,0,0,0,0,0,0,0,0,0,0,0,0,0,0,0,0,0,0,0,0,0,0,0,0,0,0,0,0,0,0,0,0,0,0,0,0,0,0,0,0
1037,0,0,0,0,0,0,0,0,0,0,0,0,0,0,0,0,0,0,0,0,0,0,0,0,0,0,0,0,0,0,0,0,0,0,0,0,0,0,0,0,0,0,0,0,0,0,0,0,0,0,0,0,0,0,0,0,0,0,0,0,0,0,0,0,0,0,0,0,0,0,0,0,0,0,0,0,0,0,0,0,0,0,0,0,0,0,0,0,0,0,0,0,0,0,0,0,0,0,0,0,0,0,0,0,0,0,0,0,0,0,0,0,0,0,0,0,0,0,0,0,0,0,0,0,0,0,0,0,0,0,0,0,0,0,0,0,0,0,0,0,0,0,0,0,0,0,0,0,0,0,0,0,0,0,0,0,0,0,0,0,0,0,0,0,0,0,0,0,0,0,0,0,0,0,0,0,0,0,0,0,0,0,0,0,0,0,0,0,0,0,0,0,0,0,0,0,0,0,0,0
1038,0,0,0,0,0,0,0,0,0,0,0,0,0,0,0,0,0,0,0,0,0,0,0,0,0,0,0,0,0,0,0,0,0,0,0,0,0,0,0,0,0,0,0,0,0,0,0,0,0,0,0,0,0,0,0,0,0,0,0,0,0,0,0,0,0,0,0,0,0,0,0,0,0,0,0,0,0,0,0,0,0,0,0,0,0,0,0,0,0,0,0,0,0,0,0,0,0,0,0,0,0,0,0,0,0,0,0,0,0,0,0,0,0,0,0,0,0,0,0,0,0,0,0,0,0,0,0,0,0,0,0,0,0,0,0,0,0,0,0,0,0,0,0,0,0,0,0,0,0,0,0,0,0,0,0,0,0,0,0,0,0,0,0,0,0,0,0,0,0,0,0,0,0,0,0,0,0,0,0,0,0,0,0,0,0,0,0,0,0,0,0,0,0,0,0,0,0,0,0,0
1039,41263.3343526910,92384.3054415916,66616.8454762675,83462.2286928288,38199.8343363699,63052.4573262655,82345.7712996503,17661.8675382462,72609.0925013684,48951.7171957474,44050.7266203194,74134.6820488748,14615.5081702167,47123.6887920791,46707.7912191317,75511.3131467014,47309.3855091502,15844.0131954500,67388.5114021558,41166.8883629027,60609.6306859046,46671.1813638833,29966.8711744336,44664.3033543694,38100.3198766651,58306.4566682388,25833.3070201087,30848.6798031526,31934.6807419294,56078.9031554709,30954.5122647920,81344.3851773304,26069.9649925261,53422.0196964764,31700.2389893439,52076.3560070974,53797.1908770594,45644.0638858134,2379.2398341013,61996.0381326365,76313.6975063709,64583.2822138500,28828.0020165012,28646.6181826526,16356.1722316897,78374.5372237906,44214.2771892788,60315.4832219491,54493.8413079087,37589.6127846552,65976.8441743820,70736.6377076829,14505.4106509809,48538.9213444655,48809.2166115994,37927.0567444901,36453.3239883011,26680.3201381209,22894.7213293190,42306.9439568983,42186.3023515458,37287.3299647605,42742.3244239930,40304.4015774473,16436.8611557655,28191.0849825045,52513.0442321581,56558.0490274778,51387.5676928129,50264.2476932500,30830.6760765170,72204.6865662529,24519.6871081154,37759.0750126167,37915.6805453849,9933.0571809281,83774.4203537785,51957.4102645932,24996.5180107805,32383.8994630103,56346.9109386498,59379.5125772437,34830.8857894250,33512.9272914710,7690.8648427196,57298.2038941413,67275.6592503822,45661.0454147025,15139.3514643336,43773.1371475246,39193.6057873643,53502.4317523754,58676.1084329977,45632.3816471164,19615.9827468121,75497.9905021203,54595.9296116218,48687.9513112373,70557.0127846744,34837.8363010086,25962.5022918015,49309.1442944819,86232.5451920003,19009.2977092305,44298.0484662204,37648.0805375965,23854.9829583684,34078.7372223887,45053.2694841883,41135.4067270484,49068.3178291920,24849.2591458895,64317.0292052288,24495.8573314408,70995.3251363737,47918.0745403570,35805.5517393718,34611.1221569302,29017.1405281840,55635.3830985948,10196.9968776689,42258.8936298763,38268.8433668232,49654.6195830025,66470.1721083745,42310.2363909901,59537.2687230000,61893.7679303335,39823.6522883412,53672.2307849857,19085.0272603259,68733.4999965434,48401.9481546602,29421.8018765708,51595.2069921946,40318.3713338362,19497.4982635955,31332.3806058178,58465.6648678011,21665.2263203290,43312.1990069810,44576.6537059789,34228.2038887093,46747.0250641595,8682.1324225322,31511.6497631831,71758.0648932848,60816.7587838918,51979.1864390812,53086.1418603171,61091.2119340542,40393.7336741723,39572.3147972774,46826.4506863981,51705.0463722897,38411.3168082491,41860.3907254672,32517.3172157776,33724.4318777305,24301.8041106600,21684.6011208549,65699.9815209519,43338.0733099373,4567.3731660590,82357.2284874385,11116.0720599268,25487.1579359182,30238.9899261455,20900.3721148023,57342.3059192971,41093.2813606909,37321.0174785645,25507.4782537141,51428.4578868306,28794.1695818840,55235.7067277487,37542.1467097722,45223.4848880694,25723.9029126213,42089.2005650637,37484.2984375205,22887.5740387612,46370.1595554880,35545.2788772277,39199.2455704999,54621.1599309174,34615.8292231715,48263.2356457269,43398.5290489992,39234.7476510585,38932.2607441794,34350.3091858162,14614.9078735501,30334.5548107154,63640.6909164169,21777.0737493721,40467.2898552788,34130.7751307635,28527.0758797210,26225.4042586102
1040,0,0,0,0,0,0,0,0,0,0,0,0,0,0,0,0,0,0,0,0,0,0,0,0,0,0,0,0,0,0,0,0,0,0,0,0,0,0,0,0,0,0,0,0,0,0,0,0,0,0,0,0,0,0,0,0,0,0,0,0,0,0,0,0,0,0,0,0,0,0,0,0,0,0,0,0,0,0,0,0,0,0,0,0,0,0,0,0,0,0,0,0,0,0,0,0,0,0,0,0,0,0,0,0,0,0,0,0,0,0,0,0,0,0,0,0,0,0,0,0,0,0,0,0,0,0,0,0,0,0,0,0,0,0,0,0,0,0,0,0,0,0,0,0,0,0,0,0,0,0,0,0,0,0,0,0,0,0,0,0,0,0,0,0,0,0,0,0,0,0,0,0,0,0,0,0,0,0,0,0,0,0,0,0,0,0,0,0,0,0,0,0,0,0,0,0,0,0,0,0
1041,0,0,0,0,0,0,0,0,0,0,0,0,0,0,0,0,0,0,0,0,0,0,0,0,0,0,0,0,0,0,0,0,0,0,0,0,0,0,0,0,0,0,0,0,0,0,0,0,0,0,0,0,0,0,0,0,0,0,0,0,0,0,0,0,0,0,0,0,0,0,0,0,0,0,0,0,0,0,0,0,0,0,0,0,0,0,0,0,0,0,0,0,0,0,0,0,0,0,0,0,0,0,0,0,0,0,0,0,0,0,0,0,0,0,0,0,0,0,0,0,0,0,0,0,0,0,0,0,0,0,0,0,0,0,0,0,0,0,0,0,0,0,0,0,0,0,0,0,0,0,0,0,0,0,0,0,0,0,0,0,0,0,0,0,0,0,0,0,0,0,0,0,0,0,0,0,0,0,0,0,0,0,0,0,0,0,0,0,0,0,0,0,0,0,0,0,0,0,0,0
1042,0,0,0,0,0,0,0,0,0,0,0,0,0,0,0,0,0,0,0,0,0,0,0,0,0,0,0,0,0,0,0,0,0,0,0,0,0,0,0,0,0,0,0,0,0,0,0,0,0,0,0,0,0,0,0,0,0,0,0,0,0,0,0,0,0,0,0,0,0,0,0,0,0,0,0,0,0,0,0,0,0,0,0,0,0,0,0,0,0,0,0,0,0,0,0,0,0,0,0,0,0,0,0,0,0,0,0,0,0,0,0,0,0,0,0,0,0,0,0,0,0,0,0,0,0,0,0,0,0,0,0,0,0,0,0,0,0,0,0,0,0,0,0,0,0,0,0,0,0,0,0,0,0,0,0,0,0,0,0,0,0,0,0,0,0,0,0,0,0,0,0,0,0,0,0,0,0,0,0,0,0,0,0,0,0,0,0,0,0,0,0,0,0,0,0,0,0,0,0,0
1043,0,0,0,0,0,0,0,0,0,0,0,0,0,0,0,0,0,0,0,0,0,0,0,0,0,0,0,0,0,0,0,0,0,0,0,0,0,0,0,0,0,0,0,0,0,0,0,0,0,0,0,0,0,0,0,0,0,0,0,0,0,0,0,0,0,0,0,0,0,0,0,0,0,0,0,0,0,0,0,0,0,0,0,0,0,0,0,0,0,0,0,0,0,0,0,0,0,0,0,0,0,0,0,0,0,0,0,0,0,0,0,0,0,0,0,0,0,0,0,0,0,0,0,0,0,0,0,0,0,0,0,0,0,0,0,0,0,0,0,0,0,0,0,0,0,0,0,0,0,0,0,0,0,0,0,0,0,0,0,0,0,0,0,0,0,0,0,0,0,0,0,0,0,0,0,0,0,0,0,0,0,0,0,0,0,0,0,0,0,0,0,0,0,0,0,0,0,0,0,0
1044,0,0,0,0,0,0,0,0,0,0,0,0,0,0,0,0,0,0,0,0,0,0,0,0,0,0,0,0,0,0,0,0,0,0,0,0,0,0,0,0,0,0,0,0,0,0,0,0,0,0,0,0,0,0,0,0,0,0,0,0,0,0,0,0,0,0,0,0,0,0,0,0,0,0,0,0,0,0,0,0,0,0,0,0,0,0,0,0,0,0,0,0,0,0,0,0,0,0,0,0,0,0,0,0,0,0,0,0,0,0,0,0,0,0,0,0,0,0,0,0,0,0,0,0,0,0,0,0,0,0,0,0,0,0,0,0,0,0,0,0,0,0,0,0,0,0,0,0,0,0,0,0,0,0,0,0,0,0,0,0,0,0,0,0,0,0,0,0,0,0,0,0,0,0,0,0,0,0,0,0,0,0,0,0,0,0,0,0,0,0,0,0,0,0,0,0,0,0,0,0
1045,43726.7170755747,91759.3594203186,84594.7304062688,65747.7338090093,26093.4543657460,79918.0219695079,92519.8057867913,36412.8008138616,62509.9160128483,53741.4962495328,26517.4465666506,67142.5367742497,12911.3343342694,61633.3409112120,65789.7803278091,80180.8324760656,38181.1899435101,19697.8024068483,66798.9476015594,58553.6621218936,70421.3672172659,43268.9007905249,41367.5044842197,26085.7809220958,56096.9191145661,54259.3731159600,7484.5852297522,27493.0381745256,34848.0784481064,74587.6793872088,49918.8969033744,78224.1567424588,32900.6104366217,39194.5998270653,18295.9217115807,70578.1965822369,34805.6114274466,56221.1239641479,20555.7490724430,68069.9373083451,84122.8960807646,52071.4617561577,23840.6163111921,44981.9997371925,30171.2940776630,79269.6027043954,40805.3692914902,51829.5612609356,54317.0386935270,18576.0007466800,68768.3678124407,81665.9523773605,12434.2898143301,64207.9095759855,66094.5719758247,45060.2575584877,19901.2111362699,14782.9571776853,6642.4497206979,35032.5789076657,29681.0573834762,56286.3395840998,44213.8465682351,47265.6138958444,23419.6433251915,46655.5853214459,60287.1891236107,75600.4712596895,68752.1789192333,49590.0682915596,48619.5995025998,67789.9150357567,17387.5562045673,53010.4428010225,29768.0096884816,20831.7833651918,82630.1979718829,46010.5580533254,32452.9829645023,33929.2723045472,59045.3972025390,75139.2458055766,32504.0040639476,16074.3787552777,11657.9242698495,46333.9940097958,75547.7536647069,63943.4407417811,27732.0853727677,62437.0872015151,58039.7458304553,72546.6522728684,76465.8321709035,26548.8970548976,14508.4746891485,73953.8165839365,36275.1178484640,67537.8182461614,76956.8694897566,16201.6058163459,26898.2880505276,61888.2442661540,86925.0295359953,35839.1444041807,28992.2106304384,48382.4721342708,42933.1227174372,39742.0502510072,52792.1755772521,57983.7564907083,37150.6007189288,25878.2908191201,53774.2928151490,38528.8006058035,72023.2731636635,29282.6450695853,27679.5580403174,47873.6546193868,10171.3373393475,61021.2371984041,14410.5024027004,54882.0116760360,33598.9887020075,51618.7945678557,63945.9736651221,46799.4369029960,67489.9786416559,63000.0753620846,39313.3810904681,71524.4873854316,0.0000000000,73381.3759881448,47432.5970120458,13231.1618410495,48117.2912368607,39108.5888847264,18587.6896781743,38762.8080524862,52247.5031916378,14475.0154661068,25901.4722989877,62577.7164898250,51416.3102948339,65738.5369535096,16105.5262593542,21157.3001681082,80943.4209438865,60060.0173806125,62944.3982520772,44422.8939071734,65312.6172121045,59468.3319329156,24759.8335926074,63620.2039568827,69838.0105041203,56596.9715817572,23293.9303097470,18597.4062736731,52405.4556807524,35483.3101877292,20990.4123523580,76108.5817231481,36717.7597371934,16348.0769072649,65251.2746638731,27279.8511421661,18099.2069932754,22032.5652626568,10769.5625537620,74271.4465856618,22092.2262222568,41161.0230671773,43671.6692304481,70276.9422371899,12932.8565080187,74113.9383255875,32003.0231344074,45635.4948627480,22079.2573339362,56338.3577771140,26792.4309811951,41399.2154786262,64005.5174232693,19970.8716247797,21152.0132150483,70806.1385193220,43917.4257765525,33810.3368400268,32844.7626419410,43980.1224112794,21341.9282658513,53431.8938140024,18305.0256506719,45140.9906370327,79789.8660142461,27827.3855618749,49318.3257705677,52662.2698349833,47480.1210544561,43923.4789824776
1046,0,0,0,0,0,0,0,0,0,0,0,0,0,0,0,0,0,0,0,0,0,0,0,0,0,0,0,0,0,0,0,0,0,0,0,0,0,0,0,0,0,0,0,0,0,0,0,0,0,0,0,0,0,0,0,0,0,0,0,0,0,0,0,0,0,0,0,0,0,0,0,0,0,0,0,0,0,0,0,0,0,0,0,0,0,0,0,0,0,0,0,0,0,0,0,0,0,0,0,0,0,0,0,0,0,0,0,0,0,0,0,0,0,0,0,0,0,0,0,0,0,0,0,0,0,0,0,0,0,0,0,0,0,0,0,0,0,0,0,0,0,0,0,0,0,0,0,0,0,0,0,0,0,0,0,0,0,0,0,0,0,0,0,0,0,0,0,0,0,0,0,0,0,0,0,0,0,0,0,0,0,0,0,0,0,0,0,0,0,0,0,0,0,0,0,0,0,0,0,0
1047,0,0,0,0,0,0,0,0,0,0,0,0,0,0,0,0,0,0,0,0,0,0,0,0,0,0,0,0,0,0,0,0,0,0,0,0,0,0,0,0,0,0,0,0,0,0,0,0,0,0,0,0,0,0,0,0,0,0,0,0,0,0,0,0,0,0,0,0,0,0,0,0,0,0,0,0,0,0,0,0,0,0,0,0,0,0,0,0,0,0,0,0,0,0,0,0,0,0,0,0,0,0,0,0,0,0,0,0,0,0,0,0,0,0,0,0,0,0,0,0,0,0,0,0,0,0,0,0,0,0,0,0,0,0,0,0,0,0,0,0,0,0,0,0,0,0,0,0,0,0,0,0,0,0,0,0,0,0,0,0,0,0,0,0,0,0,0,0,0,0,0,0,0,0,0,0,0,0,0,0,0,0,0,0,0,0,0,0,0,0,0,0,0,0,0,0,0,0,0,0
1048,0,0,0,0,0,0,0,0,0,0,0,0,0,0,0,0,0,0,0,0,0,0,0,0,0,0,0,0,0,0,0,0,0,0,0,0,0,0,0,0,0,0,0,0,0,0,0,0,0,0,0,0,0,0,0,0,0,0,0,0,0,0,0,0,0,0,0,0,0,0,0,0,0,0,0,0,0,0,0,0,0,0,0,0,0,0,0,0,0,0,0,0,0,0,0,0,0,0,0,0,0,0,0,0,0,0,0,0,0,0,0,0,0,0,0,0,0,0,0,0,0,0,0,0,0,0,0,0,0,0,0,0,0,0,0,0,0,0,0,0,0,0,0,0,0,0,0,0,0,0,0,0,0,0,0,0,0,0,0,0,0,0,0,0,0,0,0,0,0,0,0,0,0,0,0,0,0,0,0,0,0,0,0,0,0,0,0,0,0,0,0,0,0,0,0,0,0,0,0,0
1049,0,0,0,0,0,0,0,0,0,0,0,0,0,0,0,0,0,0,0,0,0,0,0,0,0,0,0,0,0,0,0,0,0,0,0,0,0,0,0,0,0,0,0,0,0,0,0,0,0,0,0,0,0,0,0,0,0,0,0,0,0,0,0,0,0,0,0,0,0,0,0,0,0,0,0,0,0,0,0,0,0,0,0,0,0,0,0,0,0,0,0,0,0,0,0,0,0,0,0,0,0,0,0,0,0,0,0,0,0,0,0,0,0,0,0,0,0,0,0,0,0,0,0,0,0,0,0,0,0,0,0,0,0,0,0,0,0,0,0,0,0,0,0,0,0,0,0,0,0,0,0,0,0,0,0,0,0,0,0,0,0,0,0,0,0,0,0,0,0,0,0,0,0,0,0,0,0,0,0,0,0,0,0,0,0,0,0,0,0,0,0,0,0,0,0,0,0,0,0,0
1050,38853.8625687520,96764.9559084215,85808.4606736348,64221.9109669108,30917.5349268595,77538.1239625268,96317.7505246933,36966.4794729929,58172.0689434151,58193.9884875390,24780.7005949408,72152.2077922398,9227.7639887923,64260.5876028115,65456.5321370260,84764.2939962026,33525.5973704833,23452.6958761900,71771.0602287042,56575.9563652763,74209.0860266569,48301.0623924110,44579.0330700013,28413.4854052430,57260.5772336039,49241.6890590179,11200.9951496691,22441.8125469275,39319.9539229481,73239.4984705262,49275.9817113397,83286.7495538796,28757.8375832634,35771.2072197244,14199.9734146862,71376.7525140255,35002.1857902045,59772.4063927383,20348.6237214819,72439.3998726802,88304.4382901126,48212.4068312323,28823.5764282084,46878.1588309609,32556.2521284639,84180.2608737044,35743.0437329401,47183.6760972123,59232.5801448829,19088.1595239917,73506.6159813669,85279.4046281262,10597.2219363609,61463.0548142083,67682.8397592124,49107.5525612370,23841.5290661876,19812.4976736174,388.3963571150,40092.0100846607,25595.3604997420,56453.3166547634,48946.8651821761,42837.2537328170,19864.4006961002,47470.7906723205,64368.4256608335,75025.6177702565,66679.3783057272,44535.9054583655,46973.0633184315,72857.0243344961,12320.5698486329,55350.2378284956,24897.0895113062,22773.1243315330,87647.7928984794,41072.8568209162,36219.6689914916,29092.0701958548,63754.6415925398,72344.5067644693,37426.6618644035,14214.4603318542,11637.3616262699,42071.3080791811,79626.3118540110,62466.5996577962,28315.4903546145,63076.8376478676,57152.4039094695,72555.8829108517,74583.1950863983,27386.7876691782,19215.7634631583,78976.9580619452,35308.9971619571,66603.3107830815,81317.8387966651,18803.4326213473,31430.9401642510,65037.7747534607,91859.8493973483,37443.7561747703,25900.1282391252,51827.9185763628,42678.7159757364,35254.5976387136,56823.3604193027,59751.5227005670,33016.5239866363,21180.9913621573,49476.2867909960,41061.6602513603,76910.7810183898,28759.6011313612,32740.4357313829,50737.4851824095,10522.6841926969,65444.7638815524,17283.8129452239,57970.8925413401,28545.0512624580,56357.4731222772,68988.0873784119,51232.4257643432,71583.7845110522,67857.9452017092,34293.8337887467,72806.0091237715,5769.7568113823,77946.2942417051,52368.8432251924,17618.0504138175,43067.9966342176,44013.2183483528,14043.6325237797,42671.2848584234,47357.8787434071,12741.8675542606,29223.2518934687,63750.8382574800,53000.0200094144,65904.2289561160,14090.5392557741,26186.3041956838,84887.9930897374,65026.0102985540,66463.3611307063,39754.3747745738,69894.2582558526,59093.9955710333,29123.6115459002,61317.5444482557,68214.9395733663,55107.8527451699,22704.6100093674,23312.8562314068,53028.9020270454,38626.9037807276,25512.2417584655,79806.6043504656,31776.6874721731,17387.2981632221,63300.5329758853,28913.0470176523,23121.7611923511,17055.8160949646,8646.2651169631,71952.1716137874,23707.0920332835,45612.6563600265,42326.5954686523,70688.2438066508,9789.0111453248,73193.8401520333,37058.9607481774,40626.6789200307,17074.5059928271,59009.1847412509,22238.5078009862,42168.2457558802,62112.2372553104,16860.6107133545,24170.9540860511,68197.9100898471,47583.9961797935,30416.4238274345,28363.1489593017,39319.1830394489,19638.8395390761,53142.8627967438,14711.5494112661,47548.4955097345,77112.2609562386,23772.8345331692,53130.4962842386,51479.3983483680,47758.9370755057,45215.5836912382
1051,0,0,0,0,0,0,0,0,0,0,0,0,0,0,0,0,0,0,0,0,0,0,0,0,0,0,0,0,0,0,0,0,0,0,0,0,0,0,0,0,0,0,0,0,0,0,0,0,0,0,0,0,0,0,0,0,0,0,0,0,0,0,0,0,0,0,0,0,0,0,0,0,0,0,0,0,0,0,0,0,0,0,0,0,0,0,0,0,0,0,0,0,0,0,0,0,0,0,0,0,0,0,0,0,0,0,0,0,0,0,0,0,0,0,0,0,0,0,0,0,0,0,0,0,0,0,0,0,0,0,0,0,0,0,0,0,0,0,0,0,0,0,0,0,0,0,0,0,0,0,0,0,0,0,0,0,0,0,0,0,0,0,0,0,0,0,0,0,0,0,0,0,0,0,0,0,0,0,0,0,0,0,0,0,0,0,0,0,0,0,0,0,0,0,0,0,0,0,0,0
1052,0,0,0,0,0,0,0,0,0,0,0,0,0,0,0,0,0,0,0,0,0,0,0,0,0,0,0,0,0,0,0,0,0,0,0,0,0,0,0,0,0,0,0,0,0,0,0,0,0,0,0,0,0,0,0,0,0,0,0,0,0,0,0,0,0,0,0,0,0,0,0,0,0,0,0,0,0,0,0,0,0,0,0,0,0,0,0,0,0,0,0,0,0,0,0,0,0,0,0,0,0,0,0,0,0,0,0,0,0,0,0,0,0,0,0,0,0,0,0,0,0,0,0,0,0,0,0,0,0,0,0,0,0,0,0,0,0,0,0,0,0,0,0,0,0,0,0,0,0,0,0,0,0,0,0,0,0,0,0,0,0,0,0,0,0,0,0,0,0,0,0,0,0,0,0,0,0,0,0,0,0,0,0,0,0,0,0,0,0,0,0,0,0,0,0,0,0,0,0,0
1053,56828.3760883655,79776.7661563908,85785.7937795128,68511.8837252850,13151.5293431865,89317.5643066562,85775.0320160644,40922.0548473553,72661.1365286361,45010.7851479965,31981.6159837714,54075.1674578662,25542.4940195829,59319.2887158771,71140.6331917426,70479.4840152802,49522.2040978235,17350.0552851161,55144.2781271069,67462.8405965710,64016.6515119619,31289.5797698627,38050.4538118023,21333.4717199999,58103.0946688871,66685.7110151429,9025.9033061389,40494.2334528091,26788.2055721644,81988.7483920071,56382.2036482264,65690.3459420283,45465.8323296645,47507.3159833270,29172.0092109760,73111.1513250663,34759.1328325909,51018.6832009343,28284.7007739907,59433.6188744597,76046.3426142682,61089.5439441732,13098.8327387715,45516.3949635833,30536.2738017263,67941.7006866394,53556.6749455119,62974.5446126157,43143.3270849794,20578.5112830790,58439.4333499167,75699.5814595097,12336.5306541053,74430.3305520630,66662.3620944447,38382.6674607945,10844.5477075195,1768.7787963728,19054.9006185690,22215.3951406141,39883.3969789531,60738.7570266283,34322.8606605575,60043.2275761338,35541.4598178829,49934.4619029999,52976.7757178411,81309.8116673234,77686.0695833905,62567.3734569734,57125.6281007732,55065.2784847598,30318.5496703973,51872.5046154138,41827.2024386200,23981.5541092359,70576.3024351713,58134.6617537807,27800.7222458214,47023.9598896007,48979.0978158766,85345.6969490382,21776.1108100462,23558.0336488666,20992.8322333652,56501.5546047890,67972.7056445474,71778.4326853937,32965.1844682389,65570.0023909487,64783.5018601494,76966.3892773552,84933.0213312821,25909.2628153795,9127.5808419000,61878.2692790440,38987.1897123070,74177.9119225268,68240.8475207943,13483.9333565864,19243.3117616326,57897.5993796456,75422.3969479834,37803.4926206179,37110.1582160133,43858.8697355793,48850.7321869834,52599.3105524679,45885.6077524817,58302.4288694375,47206.4687928621,38924.4105108775,63918.5818517692,37626.9619026024,60869.7957407167,31637.1221994121,14935.4329339716,45345.7688020160,16205.8995778060,52267.8332407933,17048.9268621903,51318.0683987952,46300.6774938701,41522.4115332771,51723.1170109468,38357.3087659249,59983.3985394330,52087.0310159995,52373.2486974881,72784.9584339822,13107.7024907331,63827.0497406025,36209.6340651572,7062.4022098791,60742.3668872711,28284.0618732785,31588.3754056559,33006.6064656703,64162.6411149461,8183.6033488019,17990.3144793466,64351.5208805641,52493.2528997145,69934.5235874497,27015.1866030205,8187.8529848429,73800.6016987305,48491.8071862998,57664.3289229211,55713.9271797209,55777.9094824273,65063.4173522871,13286.2106403297,73055.4268204815,77871.9599795701,64603.0345621438,26712.2323061409,6275.0224220376,55905.3118326573,32854.6344267826,14445.4995271172,69928.7497565891,48918.6558064573,22620.7333805191,69113.4535978163,30093.9974162854,7635.3059198561,34507.2828470843,23746.4892382076,83610.4309422823,20271.8324986715,32851.3863188054,51762.7597677637,73778.8780432729,23078.1352773315,80609.9299823273,19856.0174654101,58707.6971085704,35154.5518995501,54063.6174887499,38131.9678724575,45073.2033198682,72661.9931121537,28968.1432243651,15244.5904518391,80715.8549438084,38802.8125156968,42294.7983731139,43848.8902913940,56969.6876514459,27476.5656112582,59013.2592557788,30634.5020753987,44181.1938583600,89746.6740398047,40361.3183695965,43396.7873466936,60154.8590912064,52000.0915791092,46144.1997748466
1054,0,0,0,0,0,0,0,0,0,0,0,0,0,0,0,0,0,0,0,0,0,0,0,0,0,0,0,0,0,0,0,0,0,0,0,0,0,0,0,0,0,0,0,0,0,0,0,0,0,0,0,0,0,0,0,0,0,0,0,0,0,0,0,0,0,0,0,0,0,0,0,0,0,0,0,0,0,0,0,0,0,0,0,0,0,0,0,0,0,0,0,0,0,0,0,0,0,0,0,0,0,0,0,0,0,0,0,0,0,0,0,0,0,0,0,0,0,0,0,0,0,0,0,0,0,0,0,0,0,0,0,0,0,0,0,0,0,0,0,0,0,0,0,0,0,0,0,0,0,0,0,0,0,0,0,0,0,0,0,0,0,0,0,0,0,0,0,0,0,0,0,0,0,0,0,0,0,0,0,0,0,0,0,0,0,0,0,0,0,0,0,0,0,0,0,0,0,0,0,0
1055,0,0,0,0,0,0,0,0,0,0,0,0,0,0,0,0,0,0,0,0,0,0,0,0,0,0,0,0,0,0,0,0,0,0,0,0,0,0,0,0,0,0,0,0,0,0,0,0,0,0,0,0,0,0,0,0,0,0,0,0,0,0,0,0,0,0,0,0,0,0,0,0,0,0,0,0,0,0,0,0,0,0,0,0,0,0,0,0,0,0,0,0,0,0,0,0,0,0,0,0,0,0,0,0,0,0,0,0,0,0,0,0,0,0,0,0,0,0,0,0,0,0,0,0,0,0,0,0,0,0,0,0,0,0,0,0,0,0,0,0,0,0,0,0,0,0,0,0,0,0,0,0,0,0,0,0,0,0,0,0,0,0,0,0,0,0,0,0,0,0,0,0,0,0,0,0,0,0,0,0,0,0,0,0,0,0,0,0,0,0,0,0,0,0,0,0,0,0,0,0
1056,26802.1248405057,108393.9472920211,87866.7298652603,64187.9710906337,43049.6655295208,71033.3940139400,104537.3548528733,39008.7339476586,49814.0842710710,68315.1299882187,26675.4829543044,84338.1746284926,8405.3268324644,70002.2703997757,64183.1685364430,95084.7115020484,24504.7834171772,32924.3270291858,83297.7398525822,51491.4014032528,82561.1590805137,60104.3124968417,52093.2045679493,37646.3587069351,59772.9532663340,37854.3185450968,22909.1884457797,10342.7394192522,49696.2709412129,69327.3187203996,47780.9423783987,95236.7576318080,18912.9671262132,31540.1586549207,11604.9479960990,72683.3415743514,40138.6595298879,67731.7668913456,22792.4478369110,82250.4451975879,97543.9747423767,41842.7601373818,40529.2594629810,51418.6440306467,38856.4787504718,95472.7798045521,23987.4642784304,37775.5786871503,70597.8546578030,26388.9666040223,84299.5894809869,93112.4562479784,21288.9017450116,54322.9854627620,70932.0864802701,58372.6935035601,35256.0836485485,31985.7012625986,12118.7288806320,52215.6293138959,19914.4301273184,56639.9232801199,59847.4939643579,31750.7599363234,13261.0896100240,49526.0459072837,73525.2427842813,72962.1380019332,61110.7924727298,32421.6377530929,43080.8206897026,84908.9982662133,1431.9219757206,60625.2150177267,15138.2030262033,29085.0211166750,99336.4182627270,30290.9751423905,45162.8552739119,17158.4266738387,74506.4869414949,64897.0037938937,48908.1436904151,18315.0821476579,17224.4756167328,34422.1074198929,88654.3615232332,58471.4265389559,31208.5441739334,64195.0329005332,54763.5308241468,71950.3272862010,69339.0885456509,34295.9722534911,30487.2265403948,90698.2376067360,37911.6577585734,63840.5698788221,91057.8105192973,28990.1790221711,42075.1935908692,71981.7822457734,103223.6322539584,41793.7385628227,23822.7885263790,59683.9307850837,42457.4814251366,24137.3044884193,65943.3436381541,63599.6741638417,26375.3037480167,9886.8056328132,41453.8557563242,47233.5558649855,88141.5930918769,32918.3834823815,44861.0623349974,57315.3261165314,19463.6581096395,75438.9378916941,25898.2957677293,64895.6816992922,17001.4254868111,67226.9059564586,80810.4408710211,61369.6036366323,80708.2045826454,79019.5120926613,22109.7979937322,75231.6279138023,17204.4851171569,88242.5843547499,63821.3631474822,29532.6095701935,31443.9279304966,55406.4903704583,6980.0627140628,51746.7941790178,36765.7636495397,24879.1257977068,39790.8207192252,66111.8730211374,56616.4062353147,65821.0758361074,14395.4152602108,38360.5175611752,93545.3279239350,76543.3843908371,74254.6908421952,30428.4741758477,80272.5036057638,57895.1619444356,40883.5666458605,55291.6088437455,63726.5492564275,51295.7043131675,27471.1127354867,35396.9008770562,54415.3515573861,46192.4187486280,36271.3877213057,87891.0868233894,21172.7265643956,22963.3018648766,62187.5278438532,33960.5977059862,34980.2922315885,6044.2116424082,6183.7813958419,65678.9400631494,32188.3486848218,55857.1004241885,39439.5260165874,71085.2885344569,13110.5225917366,70326.7870900829,49000.0306214294,28438.2088383175,7074.3584242451,64954.9954958230,14797.3910617587,44376.9895287626,57091.4026277646,16786.1276209761,34538.3938673891,61273.6758041477,56022.1232050082,26763.2401751108,20556.4222632030,27704.8165635797,22559.8734674457,52350.9980322345,9849.8127459937,53204.7633212693,69887.6315255015,14659.2733656014,61794.8224004310,48561.5581606201,48546.6597327312,48464.7261311355
1057,0,0,0,0,0,0,0,0,0,0,0,0,0,0,0,0,0,0,0,0,0,0,0,0,0,0,0,0,0,0,0,0,0,0,0,0,0,0,0,0,0,0,0,0,0,0,0,0,0,0,0,0,0,0,0,0,0,0,0,0,0,0,0,0,0,0,0,0,0,0,0,0,0,0,0,0,0,0,0,0,0,0,0,0,0,0,0,0,0,0,0,0,0,0,0,0,0,0,0,0,0,0,0,0,0,0,0,0,0,0,0,0,0,0,0,0,0,0,0,0,0,0,0,0,0,0,0,0,0,0,0,0,0,0,0,0,0,0,0,0,0,0,0,0,0,0,0,0,0,0,0,0,0,0,0,0,0,0,0,0,0,0,0,0,0,0,0,0,0,0,0,0,0,0,0,0,0,0,0,0,0,0,0,0,0,0,0,0,0,0,0,0,0,0,0,0,0,0,0,0
1058,27339.5758947588,105522.9668647873,77865.8147923982,74327.3508374258,44629.7605943450,62459.7747663331,97239.9422485335,29329.6714230620,58401.2325499110,63269.9169531399,36212.6832909416,84296.7826702767,7254.2827462211,61376.8127983927,53980.4568928872,89988.6157384108,33288.8142505757,28459.4968283045,80370.5540429401,42117.6449935253,75535.0405960381,58228.7938184764,44893.1933275543,43897.7612830566,49982.2657813374,43383.0401972972,26455.5393171057,16067.0800993261,45418.4911573878,59598.0037589653,37571.1829484407,93451.5687792853,14011.4346146455,41690.3435165069,21519.4058976612,62592.8613903231,48813.5367336997,60566.7592969227,14169.1175568921,76647.0202885043,91195.0655776871,51453.4977578593,38959.4559462953,42455.7884262782,31265.1782450708,91932.3317470454,29287.7062336878,45835.7282476837,67472.9376718688,33788.2280279555,79981.9719330193,85591.8052955764,19885.6708094211,46121.1796059428,61279.9069223244,52552.8218669572,39047.8146286076,32755.5789098971,17725.1046101445,51847.2777726473,30019.0000444757,46459.4115964599,56069.5020016083,28720.6375526011,4209.3471746051,39701.0626355268,67331.4138085832,62844.4128385241,51999.8749634124,35636.4463350932,33232.1632835575,83661.7622798835,12149.3341265167,51871.3971632038,23993.9666095239,22199.9007942167,96680.5311195533,37140.5291736907,39421.9610506410,17907.9256455437,70241.5270634828,56945.4867041727,46498.0792629083,26826.7103113586,12348.5036218120,43652.2070559233,82171.2410647026,48731.7685031899,22110.8154830270,54099.8569534176,44652.9850298104,61730.4446975777,60104.2179931311,42053.1399496415,28651.7240091960,88198.0107105934,47430.5047759732,53816.0338810025,85288.3234298609,34365.2761612232,38475.3311079920,64036.2792471630,99772.8500583229,32961.7718130697,33990.4846997702,52574.6283331141,32282.8240789676,21499.7716277410,59828.0943682854,54198.9188123755,36148.5973495721,9989.6151635410,50365.2344750234,39246.7607479830,84542.9468166933,41877.1679126843,44660.4796771233,49349.7919348498,25657.5986206601,70132.6494963678,21378.4241227088,57028.9738836509,23475.1239385984,63257.2631912384,78701.6552781850,56472.9028091535,74395.6636052258,75386.0090186098,25084.9051638804,65341.6166646665,19175.1594161294,83174.2482585706,60991.8919102586,32388.9140339851,36675.5562458734,52628.5208563511,5018.2950131369,45907.7096566596,43631.2132661363,25844.7619218754,44739.2943382654,56245.7668528113,47200.2603300626,55611.7453108923,9379.8427123519,38858.3996696512,86684.4708879339,73670.1260160788,66874.6889400389,38770.1804314357,75396.8560700864,47683.5189515747,43884.3515269771,46393.8737034286,54170.2336477948,41471.2171290307,36089.6819917789,37458.6336436098,44404.5574119464,39211.2427719062,33164.8427016689,80601.6450473381,28760.6417951312,16400.0837293511,72397.2386250693,25838.1156046690,34110.0742257721,17120.5366395601,12580.7595122064,56955.4414193044,38961.7696602202,51225.0327596548,29343.3375608927,60898.7292450519,21416.0393849388,60337.8472218999,47834.7617701234,30758.6796016220,11389.3732863289,56496.6831141010,24715.5551821449,34656.1822388424,47716.9713291065,26479.1725529093,39727.6621628039,52942.3009849235,49474.3364257708,36974.5591226039,30116.4248256161,26279.7920726926,31686.5458842146,42131.0684993665,719.0644028287,44772.0959508838,61782.7751441189,9838.5358405409,55324.6150507467,38515.8851416187,38466.7172463793,39022.5190113662
1059,0,0,0,0,0,0,0,0,0,0,0,0,0,0,0,0,0,0,0,0,0,0,0,0,0,0,0,0,0,0,0,0,0,0,0,0,0,0,0,0,0,0,0,0,0,0,0,0,0,0,0,0,0,0,0,0,0,0,0,0,0,0,0,0,0,0,0,0,0,0,0,0,0,0,0,0,0,0,0,0,0,0,0,0,0,0,0,0,0,0,0,0,0,0,0,0,0,0,0,0,0,0,0,0,0,0,0,0,0,0,0,0,0,0,0,0,0,0,0,0,0,0,0,0,0,0,0,0,0,0,0,0,0,0,0,0,0,0,0,0,0,0,0,0,0,0,0,0,0,0,0,0,0,0,0,0,0,0,0,0,0,0,0,0,0,0,0,0,0,0,0,0,0,0,0,0,0,0,0,0,0,0,0,0,0,0,0,0,0,0,0,0,0,0,0,0,0,0,0,0
1060,0,0,0,0,0,0,0,0,0,0,0,0,0,0,0,0,0,0,0,0,0,0,0,0,0,0,0,0,0,0,0,0,0,0,0,0,0,0,0,0,0,0,0,0,0,0,0,0,0,0,0,0,0,0,0,0,0,0,0,0,0,0,0,0,0,0,0,0,0,0,0,0,0,0,0,0,0,0,0,0,0,0,0,0,0,0,0,0,0,0,0,0,0,0,0,0,0,0,0,0,0,0,0,0,0,0,0,0,0,0,0,0,0,0,0,0,0,0,0,0,0,0,0,0,0,0,0,0,0,0,0,0,0,0,0,0,0,0,0,0,0,0,0,0,0,0,0,0,0,0,0,0,0,0,0,0,0,0,0,0,0,0,0,0,0,0,0,0,0,0,0,0,0,0,0,0,0,0,0,0,0,0,0,0,0,0,0,0,0,0,0,0,0,0,0,0,0,0,0,0
1061,41372.7485365331,95806.9065932443,88602.8272974267,61499.0651235094,28645.4786670004,81172.7702198213,97347.0036353883,39991.2836656684,57819.0368338770,58450.9154878779,22103.9610129256,70217.8647429223,12809.4822142680,66247.6548260801,68806.4948774216,84808.4466300190,33729.9578329254,24516.2655782893,70960.0733926631,60201.4615622109,75248.7729650811,47264.4170263053,46125.1060886376,24808.5265424300,60060.0737009014,50401.3656938209,8338.3258189839,24467.4728264155,39565.4354221743,76805.4488364182,52693.4138633783,81955.9582680622,32039.8105993145,34369.5513773671,13609.5063525181,74344.5917220183,31579.0628794161,61036.0625263885,23572.2793952786,72806.1677047722,88909.3968783294,47260.2544079602,28069.9583907413,49297.9215968772,34664.5119498189,83551.3548867532,37275.8508055541,47342.6392465445,58610.8273385408,15543.9054480240,73280.3211988148,86488.2363660272,11619.2869046359,65081.0713050105,70285.4704086588,49876.2937386371,20773.1386055382,18204.2630904333,1228.1581978181,38518.0981865799,24937.0377023149,59644.5982846980,48752.4711512517,45887.1908844534,23401.5915333762,50410.0960693564,65095.6693836476,78442.6050033461,70310.6763881155,46428.1936404554,50567.3611977476,71366.5768171209,14282.5531062228,57518.4004535199,25626.0608850055,25102.1135619659,86640.0809604089,41935.5843720330,37278.1609531547,31716.9824624467,63590.3765818353,75955.8898304139,36826.1719677932,11535.7906860874,14693.3153110432,41624.8149705092,80354.2540162438,66046.8057789907,31303.4672046090,66102.4892491182,60630.6553603784,75809.3370798342,78205.4893798440,23817.8781407003,19160.6263056648,77947.9644424443,32283.8583032212,70096.0792556933,81693.5629831943,15278.5566014060,31601.2294963140,66642.6418038163,91156.6240595330,40002.3042879301,24189.4099255290,53183.4053993033,45985.5212968509,38274.9581334056,57608.2714011973,62254.3550175142,32407.8070822900,24061.9145537888,49072.5073634118,43091.6836919240,76348.8452705370,25540.2862264127,31217.6738095812,52550.9532970011,12222.8053228430,65739.2353897081,19010.3795400156,59620.5663728754,30013.0975643064,56143.6541087229,67859.1175591463,51521.6151104816,72295.3425561314,67377.1485230155,36425.1265088133,75562.4079943145,4362.7387464023,78023.0686411570,51696.6178030063,14985.3196825883,44438.6863962649,43445.4417454866,17165.5261822385,43589.3145371784,48062.8900091853,11529.3559401721,25831.8116789447,66551.4961781149,55592.7922020720,69103.2078459223,17675.0850787074,24491.5052591050,85764.4421424057,64242.7348679791,67757.2033165552,39968.9258500123,69947.7795232715,62450.9799119996,26313.3945169494,64953.1323882663,71813.8722051795,58686.8918619202,19482.6431680870,20946.0701873191,56051.7647853605,40221.2697364923,25713.4580036974,80934.6501090711,32680.5571679278,20115.3353964754,60811.1424165562,31433.0275015010,22249.7452808486,18203.1321634408,14251.5196493744,75587.6692875806,20071.6852109140,45880.1084115541,45877.3076814852,73804.9052568162,12993.5630201072,76686.3802913166,35888.2386231522,42779.6254340460,19403.1941847258,60963.6260397225,22300.3072794619,45118.2774536856,65733.4398645699,15152.8622205627,20711.3526129710,71824.5103113189,48739.4263884999,28985.2576135872,28273.6017410687,42151.5869551189,16915.3933945432,56471.5261332421,18265.9266188958,49666.8487695943,80733.1238541686,27120.9609709166,54145.7285326247,55010.2315462573,50902.6565686434,47941.2942313501
1062,0,0,0,0,0,0,0,0,0,0,0,0,0,0,0,0,0,0,0,0,0,0,0,0,0,0,0,0,0,0,0,0,0,0,0,0,0,0,0,0,0,0,0,0,0,0,0,0,0,0,0,0,0,0,0,0,0,0,0,0,0,0,0,0,0,0,0,0,0,0,0,0,0,0,0,0,0,0,0,0,0,0,0,0,0,0,0,0,0,0,0,0,0,0,0,0,0,0,0,0,0,0,0,0,0,0,0,0,0,0,0,0,0,0,0,0,0,0,0,0,0,0,0,0,0,0,0,0,0,0,0,0,0,0,0,0,0,0,0,0,0,0,0,0,0,0,0,0,0,0,0,0,0,0,0,0,0,0,0,0,0,0,0,0,0,0,0,0,0,0,0,0,0,0,0,0,0,0,0,0,0,0,0,0,0,0,0,0,0,0,0,0,0,0,0,0,0,0,0,0
1063,0,0,0,0,0,0,0,0,0,0,0,0,0,0,0,0,0,0,0,0,0,0,0,0,0,0,0,0,0,0,0,0,0,0,0,0,0,0,0,0,0,0,0,0,0,0,0,0,0,0,0,0,0,0,0,0,0,0,0,0,0,0,0,0,0,0,0,0,0,0,0,0,0,0,0,0,0,0,0,0,0,0,0,0,0,0,0,0,0,0,0,0,0,0,0,0,0,0,0,0,0,0,0,0,0,0,0,0,0,0,0,0,0,0,0,0,0,0,0,0,0,0,0,0,0,0,0,0,0,0,0,0,0,0,0,0,0,0,0,0,0,0,0,0,0,0,0,0,0,0,0,0,0,0,0,0,0,0,0,0,0,0,0,0,0,0,0,0,0,0,0,0,0,0,0,0,0,0,0,0,0,0,0,0,0,0,0,0,0,0,0,0,0,0,0,0,0,0,0,0
1064,0,0,0,0,0,0,0,0,0,0,0,0,0,0,0,0,0,0,0,0,0,0,0,0,0,0,0,0,0,0,0,0,0,0,0,0,0,0,0,0,0,0,0,0,0,0,0,0,0,0,0,0,0,0,0,0,0,0,0,0,0,0,0,0,0,0,0,0,0,0,0,0,0,0,0,0,0,0,0,0,0,0,0,0,0,0,0,0,0,0,0,0,0,0,0,0,0,0,0,0,0,0,0,0,0,0,0,0,0,0,0,0,0,0,0,0,0,0,0,0,0,0,0,0,0,0,0,0,0,0,0,0,0,0,0,0,0,0,0,0,0,0,0,0,0,0,0,0,0,0,0,0,0,0,0,0,0,0,0,0,0,0,0,0,0,0,0,0,0,0,0,0,0,0,0,0,0,0,0,0,0,0,0,0,0,0,0,0,0,0,0,0,0,0,0,0,0,0,0,0
1065,0,0,0,0,0,0,0,0,0,0,0,0,0,0,0,0,0,0,0,0,0,0,0,0,0,0,0,0,0,0,0,0,0,0,0,0,0,0,0,0,0,0,0,0,0,0,0,0,0,0,0,0,0,0,0,0,0,0,0,0,0,0,0,0,0,0,0,0,0,0,0,0,0,0,0,0,0,0,0,0,0,0,0,0,0,0,0,0,0,0,0,0,0,0,0,0,0,0,0,0,0,0,0,0,0,0,0,0,0,0,0,0,0,0,0,0,0,0,0,0,0,0,0,0,0,0,0,0,0,0,0,0,0,0,0,0,0,0,0,0,0,0,0,0,0,0,0,0,0,0,0,0,0,0,0,0,0,0,0,0,0,0,0,0,0,0,0,0,0,0,0,0,0,0,0,0,0,0,0,0,0,0,0,0,0,0,0,0,0,0,0,0,0,0,0,0,0,0,0,0
1066,63410.1070699383,83161.4870086291,100642.0407956726,56976.1112462861,13995.4696447349,102466.4983258247,96925.6709498589,55705.7543447818,69519.6420391063,55221.4069753296,26097.3007448470,52793.6561608446,35299.3088541882,73442.0321107011,85898.5072574551,78602.7970065613,49668.3893866877,32277.7082903490,60148.3164857887,80884.8135089226,75800.9008813751,37083.0977449114,52166.0637034208,14267.3015437017,73080.7198859905,68662.9843247520,15274.2926369577,45983.9860745066,38801.8235266184,96184.8960304719,70814.4285552773,67561.4390728010,54883.1567315060,43013.1890120956,30892.6258788765,88096.1550158742,22751.4728815027,63917.5109432772,41950.7302524178,69219.3327882373,86063.2191084515,56676.1713758106,24485.1252872426,60416.0050921574,45503.5200728127,73261.7881456741,57163.3202408938,62002.4019565978,49838.3505322158,14697.6058242940,65951.6923346420,87620.0075018981,25611.1376453895,86922.1309621787,81474.9741623198,50734.5394956326,2519.7674997729,15810.4233696305,24947.6653830967,26213.2435724959,38902.6336130025,75615.0524973798,43759.7813357888,68637.2362907872,45951.4364175867,64896.4902285657,64285.4547704516,96015.8072568451,91118.0705345304,66991.3141707290,70734.9726065889,56444.1154165404,36250.2731296962,66428.0385405094,44097.9776194777,38771.2740814570,73975.2725580628,59568.8735530784,41758.1170999707,54034.6736904147,57284.0421839824,97858.8164398584,31406.0252656307,22501.5113923751,33651.1032006522,54100.1917764459,78657.5859379545,85766.3872605996,47524.2620222066,80555.7257628310,79164.0029946177,91876.7002651168,98644.7006194810,14862.7678708889,24073.6819157533,65479.5011684325,29026.6829933437,88621.1740007432,77702.4318863384,8177.9993069510,32303.6023162422,71323.2600579079,80149.7756514043,52792.9185004021,33545.0615463578,57310.0467059561,63393.1100937760,61014.6563061661,57764.7768059044,73109.6336686162,45268.6223473659,46744.4058340932,61104.6846646345,52386.3761987740,66784.4470551331,22396.1663446826,21273.2829697408,59584.5471528596,17715.2938799866,62154.8308449998,31694.5500549941,65055.9942478693,50079.2339233880,50174.8254484384,55276.6661727801,49212.1995440273,70918.8716684372,58822.7287012053,57779.5611389053,87676.6724187317,22744.4244558820,72332.4240165985,43301.8193376100,10765.7384375168,63587.5994872615,36884.1742209647,40004.1556277685,46191.0560057377,64821.7662909182,18495.2514853293,0.5667175024,79307.7046972153,67419.5598645869,84858.4573871262,38795.7409405137,16510.9824709277,84777.7360506364,54017.7500292653,70368.8175385136,55383.2129668333,64565.7757652475,79754.5158316420,9624.8531584341,86154.5596648659,91785.4898156675,78489.6120389210,19853.8337500541,10674.3797042740,70864.1713125037,47314.4955448747,28620.6795407618,81777.6389418560,51031.4577195396,36638.4519963155,58492.2667549464,45007.7504681831,20952.3418895936,38508.7754845117,30696.3579544308,96793.2885937910,9992.8314562504,44178.2201064576,65549.8938755877,88756.6688183153,25360.9270989093,95112.8298750622,26960.9342952000,64051.1635220126,41571.0117676900,68261.7874984017,39280.6276520534,59989.5000948652,86243.1231776449,28105.4340613838,1685.6920473135,93474.0492723348,52103.2503460497,38545.9506967937,43804.3154131197,64674.9483811395,23506.0005748388,73686.4412734243,40791.9559048689,58855.0119005455,102474.7558830274,49938.8961733498,56066.3590114488,74245.2505316357,66839.8424876635,61134.4774773866
1067,0,0,0,0,0,0,0,0,0,0,0,0,0,0,0,0,0,0,0,0,0,0,0,0,0,0,0,0,0,0,0,0,0,0,0,0,0,0,0,0,0,0,0,0,0,0,0,0,0,0,0,0,0,0,0,0,0,0,0,0,0,0,0,0,0,0,0,0,0,0,0,0,0,0,0,0,0,0,0,0,0,0,0,0,0,0,0,0,0,0,0,0,0,0,0,0,0,0,0,0,0,0,0,0,0,0,0,0,0,0,0,0,0,0,0,0,0,0,0,0,0,0,0,0,0,0,0,0,0,0,0,0,0,0,0,0,0,0,0,0,0,0,0,0,0,0,0,0,0,0,0,0,0,0,0,0,0,0,0,0,0,0,0,0,0,0,0,0,0,0,0,0,0,0,0,0,0,0,0,0,0,0,0,0,0,0,0,0,0,0,0,0,0,0,0,0,0,0,0,0
1068,0,0,0,0,0,0,0,0,0,0,0,0,0,0,0,0,0,0,0,0,0,0,0,0,0,0,0,0,0,0,0,0,0,0,0,0,0,0,0,0,0,0,0,0,0,0,0,0,0,0,0,0,0,0,0,0,0,0,0,0,0,0,0,0,0,0,0,0,0,0,0,0,0,0,0,0,0,0,0,0,0,0,0,0,0,0,0,0,0,0,0,0,0,0,0,0,0,0,0,0,0,0,0,0,0,0,0,0,0,0,0,0,0,0,0,0,0,0,0,0,0,0,0,0,0,0,0,0,0,0,0,0,0,0,0,0,0,0,0,0,0,0,0,0,0,0,0,0,0,0,0,0,0,0,0,0,0,0,0,0,0,0,0,0,0,0,0,0,0,0,0,0,0,0,0,0,0,0,0,0,0,0,0,0,0,0,0,0,0,0,0,0,0,0,0,0,0,0,0,0
1069,0,0,0,0,0,0,0,0,0,0,0,0,0,0,0,0,0,0,0,0,0,0,0,0,0,0,0,0,0,0,0,0,0,0,0,0,0,0,0,0,0,0,0,0,0,0,0,0,0,0,0,0,0,0,0,0,0,0,0,0,0,0,0,0,0,0,0,0,0,0,0,0,0,0,0,0,0,0,0,0,0,0,0,0,0,0,0,0,0,0,0,0,0,0,0,0,0,0,0,0,0,0,0,0,0,0,0,0,0,0,0,0,0,0,0,0,0,0,0,0,0,0,0,0,0,0,0,0,0,0,0,0,0,0,0,0,0,0,0,0,0,0,0,0,0,0,0,0,0,0,0,0,0,0,0,0,0,0,0,0,0,0,0,0,0,0,0,0,0,0,0,0,0,0,0,0,0,0,0,0,0,0,0,0,0,0,0,0,0,0,0,0,0,0,0,0,0,0,0,0
1070,0,0,0,0,0,0,0,0,0,0,0,0,0,0,0,0,0,0,0,0,0,0,0,0,0,0,0,0,0,0,0,0,0,0,0,0,0,0,0,0,0,0,0,0,0,0,0,0,0,0,0,0,0,0,0,0,0,0,0,0,0,0,0,0,0,0,0,0,0,0,0,0,0,0,0,0,0,0,0,0,0,0,0,0,0,0,0,0,0,0,0,0,0,0,0,0,0,0,0,0,0,0,0,0,0,0,0,0,0,0,0,0,0,0,0,0,0,0,0,0,0,0,0,0,0,0,0,0,0,0,0,0,0,0,0,0,0,0,0,0,0,0,0,0,0,0,0,0,0,0,0,0,0,0,0,0,0,0,0,0,0,0,0,0,0,0,0,0,0,0,0,0,0,0,0,0,0,0,0,0,0,0,0,0,0,0,0,0,0,0,0,0,0,0,0,0,0,0,0,0
1071,62851.0345290430,80304.3527145076,96380.6856309500,61137.9329380228,10428.8760126771,99651.3362011577,92660.1462866474,51959.1099307848,71790.8021879173,51015.6377110308,28680.2123068570,50984.4466353767,33476.3699588419,69022.9455301676,82177.2210108219,74764.5665283305,50913.5853326422,28122.6998427706,56845.6404126889,77926.6545324520,71453.2780386286,33444.5938859515,47755.0212695922,11773.8448566025,68952.2553159282,69514.8381020569,13441.2730790444,45624.5723326911,34391.7394954249,92843.3281118790,67322.0765697099,65010.2389352117,53361.7886869035,45472.8606619603,31388.9964914524,83985.5520018856,26873.8210097033,59487.4176672876,38804.9563375092,65100.7995672564,81936.9930547923,59217.3901294225,20058.1082679274,56198.9490376426,41372.1168488958,69946.1192083568,57468.9569024281,63651.1944569914,46148.7555640348,16798.3828085604,62187.9890986755,83267.1374087695,22479.0259351739,84375.3191096159,77195.7032905161,46322.5589164627,1287.3003339839,11607.8868387965,24008.8439724907,22706.0381800202,40340.3170421282,71779.4180367496,39609.1944768269,67457.0808938098,44035.7260477270,60941.8387364302,59972.7932515310,92338.3590620796,88164.3575510949,67113.2242866962,67678.0674144265,53953.0363201290,35618.0996390164,62072.3810667048,44671.5390186845,35014.6304987261,71085.0946692169,60524.8771415162,37342.4454282723,53281.5936543825,53356.4434399156,95315.5235533662,27150.3198840596,23530.9064789446,30844.0500528063,56089.5527474448,74433.4191358592,82534.0865167302,43936.5508843295,76531.6021382407,75707.1961766425,87999.0781259433,95561.0718288164,18621.6856653786,19970.2349947890,62508.1842138609,32741.3990583165,85128.4769502674,73645.9224849694,9063.6886793970,27863.1973810845,66882.1346402125,76981.4965564945,48755.4467646151,35625.5482569349,52868.8630997972,59826.8950786138,59857.7385326886,53392.2231430805,68831.0667394947,47054.4819140390,45675.1311719749,63248.9226103370,48100.7547326816,63324.7694691914,25832.7834000840,17218.4325110687,55181.8018339315,17637.1321396241,58007.6925612752,28029.7128288067,60618.5001784973,50274.9265503459,46163.9990139394,52260.3347960362,44918.0312543554,66655.3043698246,55172.7857664357,57548.8060932787,83441.7822105279,20616.8427028091,68416.1800730616,39497.3967601601,7610.6621505527,64159.4888949817,32798.1177429169,38671.1922676431,41749.9536117038,66030.4234111387,15265.2898533511,5813.7397656829,75138.5205309550,63221.1367125227,80962.9321542374,36349.2877933132,12109.2396251609,80523.8742629764,50575.3544469997,65949.9124368344,56810.3765029173,60584.9179565104,76087.0155000980,3815.4711084979,83347.7166025003,88595.5452081617,75304.8187653742,22537.9516799005,6239.3854399762,66914.3212704969,42953.7215355810,24256.2573730067,77428.0770440953,51725.0058484329,33313.8788135494,62489.4999462134,41131.7921898980,16560.6429830850,38492.6049044297,29637.1469686900,93958.5893680103,13283.3431354595,39827.2502114728,62401.4983332396,84759.6236781251,25510.4275565370,91582.8116312455,22950.1204624238,63878.4190346762,40876.0733146381,63851.0809680460,40113.0862806627,56107.4048091657,83214.9674772438,29283.8203815215,7848.2846886072,90822.8624481225,47662.0037549614,40752.8386231961,45041.4612352845,63766.3958895093,25455.8587320647,70031.6226302245,38911.9724708093,54534.5444605466,99844.7094409232,48331.3500836932,51642.4295787413,70950.9277899037,63042.7015390366,57075.2714344595
1072,0,0,0,0,0,0,0,0,0,0,0,0,0,0,0,0,0,0,0,0,0,0,0,0,0,0,0,0,0,0,0,0,0,0,0,0,0,0,0,0,0,0,0,0,0,0,0,0,0,0,0,0,0,0,0,0,0,0,0,0,0,0,0,0,0,0,0,0,0,0,0,0,0,0,0,0,0,0,0,0,0,0,0,0,0,0,0,0,0,0,0,0,0,0,0,0,0,0,0,0,0,0,0,0,0,0,0,0,0,0,0,0,0,0,0,0,0,0,0,0,0,0,0,0,0,0,0,0,0,0,0,0,0,0,0,0,0,0,0,0,0,0,0,0,0,0,0,0,0,0,0,0,0,0,0,0,0,0,0,0,0,0,0,0,0,0,0,0,0,0,0,0,0,0,0,0,0,0,0,0,0,0,0,0,0,0,0,0,0,0,0,0,0,0,0,0,0,0,0,0
1073,0,0,0,0,0,0,0,0,0,0,0,0,0,0,0,0,0,0,0,0,0,0,0,0,0,0,0,0,0,0,0,0,0,0,0,0,0,0,0,0,0,0,0,0,0,0,0,0,0,0,0,0,0,0,0,0,0,0,0,0,0,0,0,0,0,0,0,0,0,0,0,0,0,0,0,0,0,0,0,0,0,0,0,0,0,0,0,0,0,0,0,0,0,0,0,0,0,0,0,0,0,0,0,0,0,0,0,0,0,0,0,0,0,0,0,0,0,0,0,0,0,0,0,0,0,0,0,0,0,0,0,0,0,0,0,0,0,0,0,0,0,0,0,0,0,0,0,0,0,0,0,0,0,0,0,0,0,0,0,0,0,0,0,0,0,0,0,0,0,0,0,0,0,0,0,0,0,0,0,0,0,0,0,0,0,0,0,0,0,0,0,0,0,0,0,0,0,0,0,0
1074,0,0,0,0,0,0,0,0,0,0,0,0,0,0,0,0,0,0,0,0,0,0,0,0,0,0,0,0,0,0,0,0,0,0,0,0,0,0,0,0,0,0,0,0,0,0,0,0,0,0,0,0,0,0,0,0,0,0,0,0,0,0,0,0,0,0,0,0,0,0,0,0,0,0,0,0,0,0,0,0,0,0,0,0,0,0,0,0,0,0,0,0,0,0,0,0,0,0,0,0,0,0,0,0,0,0,0,0,0,0,0,0,0,0,0,0,0,0,0,0,0,0,0,0,0,0,0,0,0,0,0,0,0,0,0,0,0,0,0,0,0,0,0,0,0,0,0,0,0,0,0,0,0,0,0,0,0,0,0,0,0,0,0,0,0,0,0,0,0,0,0,0,0,0,0.0000000000,0,0,0,0,0,0,0,0,0,0,0,0,0,0,0,0,0,0,0,0,0,0,0,0,0
1075,0,0,0,0,0,0,0,0,0,0,0,0,0,0,0,0,0,0,0,0,0,0,0,0,0,0,0,0,0,0,0,0,0,0,0,0,0,0,0,0,0,0,0,0,0,0,0,0,0,0,0,0,0,0,0,0,0,0,0,0,0,0,0,0,0,0,0,0,0,0,0,0,0,0,0,0,0,0,0,0,0,0,0,0,0,0,0,0,0,0,0,0,0,0,0,0,0,0,0,0,0,0,0,0,0,0,0,0,0,0,0,0,0,0,0,0,0,0,0,0,0,0,0,0,0,0,0,0,0,0,0,0,0,0,0,0,0,0,0,0,0,0,0,0,0,0,0,0,0,0,0,0,0,0,0,0,0,0,0,0,0,0,0,0,0,0,0,0,0,0,0,0,0,0,0,0,0,0,0,0,0,0,0,0,0,0,0,0,0,0,0,0,0,0,0,0,0,0,0,0
1076,69896.2631788281,67111.3208140893,86762.8237303528,75543.6259412046,10331.5827039944,98223.7622804386,78490.0514201431,47000.0410958185,84788.9491511582,36720.3942694059,42504.3890344753,40858.9238937478,38252.4812170193,57620.3154557777,76546.4641819077,60236.2688290602,62379.5393784249,22024.0806177500,42951.5258072237,76238.0932756995,57645.4474736647,19184.5078121748,36900.6917663014,25957.6120717828,60823.1847742297,79883.0809947723,21843.8567631170,53749.8558213633,21501.9255069213,89084.7036534479,63288.6983832631,52610.0159368530,57863.7117775095,58938.0604055691,42090.2617552123,75759.5517914892,41314.8884549694,46619.0087426198,37932.4237765164,50652.4161739530,67496.8443420960,72680.4115627794,8867.0891064768,47601.5190916557,34185.6540727077,55971.4170976418,66828.2618816194,75671.8888445382,31751.6502701423,30525.5344868301,47703.3361825770,69468.7287881745,24004.8720202378,84305.2668809235,67594.7956286817,33238.5707528683,15258.0709704134,11505.8768406760,32306.4632441606,18171.0159587961,52380.3896904128,65652.6512122407,25214.6222251840,72581.4143692225,47697.5307867757,54298.1394099711,46011.8006138690,86808.3326946082,86301.6596532450,75833.4455753728,65793.7542209044,41872.9926671817,43585.7576514619,51821.5026039788,54967.0227470110,31143.7114716873,57879.8256935695,71249.0656961126,26772.8371458499,60076.2687114177,38811.2622758925,95080.1291234811,13131.1554363827,35610.7044192933,32331.9903099315,68768.9894521121,60163.5320658113,79479.5785554210,40360.0873648146,69054.3566989769,71660.1231097527,81331.4839598214,92996.8938148993,33167.2567422401,16238.0843997680,49201.1136568967,47277.4302644326,80714.9881373846,59140.6003585704,22536.0052939538,16866.4434429962,54468.5446903887,63223.2292521636,41947.6813459318,48737.9587720626,40761.4226778660,55618.5712736201,65264.5850573318,39817.0498791097,59357.2527877599,59528.2608781608,51893.4818992487,76106.9940193102,39065.7229759881,49158.9633541514,40298.0884700858,5418.8213167424,44322.0134745893,28551.0204954698,43598.4375691217,25653.3287628666,48730.4786279780,59569.2720212196,31630.6491690474,38963.3167797976,30922.6710370995,52498.2188066953,40795.0585581941,65600.9348266377,74190.2822347130,26288.8294194752,53871.1641734335,25011.9194460633,15705.5295065914,73992.3917735971,18315.8745753481,44528.9183204333,29694.9943983008,77187.8093429980,18635.3490505161,20004.9128304552,66568.4911744798,54618.7257637696,74284.4625872548,38675.6793671885,5781.3704662736,66326.8531391847,36488.5479876807,52817.1453533262,68514.4225052729,46044.2598952173,70878.9219153852,11293.4410201850,82213.2221004160,85639.0385463837,72626.7003217481,36566.2052552643,9873.7494063295,60147.8748221350,33160.6063399389,16142.6397256682,63619.9690665626,62077.1890304881,32105.5842375465,77011.7822907281,35937.4068706641,10353.2619141247,47756.5843851125,36999.2212758625,92526.4956939612,27780.9210796328,26190.9998495290,60250.4864059454,77347.9505753461,35958.2613513057,86872.5840636924,11136.7671669670,71924.2750114377,48368.0384606814,52691.1459581647,51075.3839968390,50113.4530450793,81104.6322522283,41277.6081368572,20831.7083491221,90214.7476702616,35516.5684717970,53945.6591591030,56617.9149787752,69799.7760373617,38671.3233188273,65029.1418520927,43040.1699107526,44892.5289161218,99192.6199783643,52780.3898464425,38707.3694916116,67843.0899427903,57373.7803271345,49785.0477871883
1077,0,0,0,0,0,0,0,0,0,0,0,0,0,0,0,0,0,0,0,0,0,0,0,0,0,0,0,0,0,0,0,0,0,0,0,0,0,0,0,0,0,0,0,0,0,0,0,0,0,0,0,0,0,0,0,0,0,0,0,0,0,0,0,0,0,0,0,0,0,0,0,0,0,0,0,0,0,0,0,0,0,0,0,0,0,0,0,0,0,0,0,0,0,0,0,0,0,0,0,0,0,0,0,0,0,0,0,0,0,0,0,0,0,0,0,0,0,0,0,0,0,0,0,0,0,0,0,0,0,0,0,0,0,0,0,0,0,0,0,0,0,0,0,0,0,0,0,0,0,0,0,0,0,0,0,0,0,0,0,0,0,0,0,0,0,0,0,0,0,0,0,0,0,0,0,0,0,0,0,0,0,0,0,0,0,0,0,0,0,0,0,0,0,0,0,0,0,0,0,0
1078,0,0,0,0,0,0,0,0,0,0,0,0,0,0,0,0,0,0,0,0,0,0,0,0,0,0,0,0,0,0,0,0,0,0,0,0,0,0,0,0,0,0,0,0,0,0,0,0,0,0,0,0,0,0,0,0,0,0,0,0,0,0,0,0,0,0,0,0,0,0,0,0,0,0,0,0,0,0,0,0,0,0,0,0,0,0,0,0,0,0,0,0,0,0,0,0,0,0,0,0,0,0,0,0,0,0,0,0,0,0,0,0,0,0,0,0,0,0,0,0,0,0,0,0,0,0,0,0,0,0,0,0,0,0,0,0,0,0,0,0,0,0,0,0,0,0,0,0,0,0,0,0,0,0,0,0,0,0,0,0,0,0,0,0,0,0,0,0,0,0,0,0,0,0,0,0,0,0,0,0,0,0,0,0,0,0,0,0,0,0,0,0,0,0,0,0,0,0,0,0
1079,0,0,0,0,0,0,0,0,0,0,0,0,0,0,0,0,0,0,0,0,0,0,0,0,0,0,0,0,0,0,0,0,0,0,0,0,0,0,0,0,0,0,0,0,0,0,0,0,0,0,0,0,0,0,0,0,0,0,0,0,0,0,0,0,0,0,0,0,0,0,0,0,0,0,0,0,0,0,0,0,0,0,0,0,0,0,0,0,0,0,0,0,0,0,0,0,0,0,0,0,0,0,0,0,0,0,0,0,0,0,0,0,0,0,0,0,0,0,0,0,0,0,0,0,0,0,0,0,0,0,0,0,0,0,0,0,0,0,0,0,0,0,0,0,0,0,0,0,0,0,0,0,0,0,0,0,0,0,0,0,0,0,0,0,0,0,0,0,0,0,0,0,0,0,0,0,0,0,0,0,0,0,0,0,0,0,0,0,0,0,0,0,0,0,0,0,0,0,0,0
1080,0,0,0,0,0,0,0,0,0,0,0,0,0,0,0,0,0,0,0,0,0,0,0,0,0,0,0,0,0,0,0,0,0,0,0,0,0,0,0,0,0,0,0,0,0,0,0,0,0,0,0,0,0,0,0,0,0,0,0,0,0,0,0,0,0,0,0,0,0,0,0,0,0,0,0,0,0,0,0,0,0,0,0,0,0,0,0,0,0,0,0,0,0,0,0,0,0,0,0,0,0,0,0,0,0,0,0,0,0,0,0,0,0,0,0,0,0,0,0,0,0,0,0,0,0,0,0,0,0,0,0,0,0,0,0,0,0,0,0,0,0,0,0,0,0,0,0,0,0,0,0,0,0,0,0,0,0,0,0,0,0,0,0,0,0,0,0,0,0,0,0,0,0,0,0,0,0,0,0,0,0,0,0,0,0,0,0,0,0,0,0,0,0,0,0,0,0,0,0,0
1081,0,0,0,0,0,0,0,0,0,0,0,0,0,0,0,0,0,0,0,0,0,0,0,0,0,0,0,0,0,0,0,0,0,0,0,0,0,0,0,0,0,0,0,0,0,0,0,0,0,0,0,0,0,0,0,0,0,0,0,0,0,0,0,0,0,0,0,0,0,0,0,0,0,0,0,0,0,0,0,0,0,0,0,0,0,0,0,0,0,0,0,0,0,0,0,0,0,0,0,0,0,0,0,0,0,0,0,0,0,0,0,0,0,0,0,0,0,0,0,0,0,0,0,0,0,0,0,0,0,0,0,0,0,0,0,0,0,0,0,0,0,0,0,0,0,0,0,0,0,0,0,0,0,0,0,0,0,0,0,0,0,0,0,0,0,0,0,0,0,0,0,0,0,0,0,0,0,0,0,0,0,0,0,0,0,0,0,0,0,0,0,0,0,0,0,0,0,0,0,0
1082,27479.2992095357,105502.5110244520,75862.4202881336,76536.4823376416,45713.7259156038,60420.7936324504,96116.7943488068,27522.6945151756,60055.7112717582,62804.2202647907,38423.7069672346,84927.4943288173,8132.8045356962,59897.8121138539,51787.8430008445,89455.1817356851,35055.1940334384,28375.1087348912,80376.2698049871,39962.7947114004,74513.6601248038,58536.0305677532,43902.0259404994,45749.8205218169,48088.8718759296,44404.3181132930,28034.5012114477,17537.6002994700,45222.0170963173,57393.6407116386,35383.9217509482,93692.3747549439,13264.2592007243,43803.0339595368,23738.0918546394,60545.9332789311,50950.9602643497,59535.1125350230,13017.0217570481,76006.2476312590,90336.5511030437,53380.5502279651,39446.2042752623,40899.4211779286,30234.0189441136,91774.3955860185,30383.9268534960,47395.3056285529,67463.8418251438,35817.1485650288,79658.0816160413,84417.1789566904,20719.8279338654,44167.9092300278,59435.4643767271,51920.5279128890,40552.4596713318,33783.2078864949,19698.7776343529,52506.9091593220,32119.8337005252,44354.6435521000,55943.8307800877,28029.6538590279,2957.1649467847,37803.6557682502,66554.1054231443,60629.1126424627,49879.0994958600,36230.4981282056,31021.5087563245,84037.3728486388,14328.2488060314,50366.2396084450,25830.0563883291,21515.9969824047,96720.8083574178,38478.5970910296,38880.3081652088,18363.6393961778,69951.9926735104,55024.0731889609,46742.0901966680,28982.1690127355,12678.4441044891,45490.6125582975,81288.8311532051,46528.0245185994,20605.6546820480,52052.7525901193,42436.3766467020,59560.2303438145,57960.7797008992,44100.8804895575,29199.3544110209,88286.9655325085,49637.4284201869,51595.7578050020,84589.9591282633,36137.2720311226,38496.5346143790,62766.7223110681,99624.9608788682,31488.2290684819,36192.1279838062,51581.3918544320,30188.8295444776,21049.5263129283,59091.3724018732,52459.1179243778,38140.3937075872,10912.8358217287,52112.5721252568,38036.0722496177,84383.4937595560,44046.1714604657,45394.8267167461,48107.8811569096,27595.4754401176,69582.1887700681,21418.6304769062,55797.5742224482,24882.1634012165,63059.4595818643,78897.2316934250,56067.5377456524,73571.9470651568,75236.7239934793,25784.9253014964,63394.1858457347,20651.4886198859,82658.4246350619,61072.2060177667,33791.9148682945,37681.0902395383,52754.9559730566,7488.2570273636,45300.0675089198,44937.0740128377,27004.8146864793,46398.0414261246,54313.9330420539,45464.3097928125,53474.7040552149,10141.4554734459,39775.0839457238,85693.2813203735,73703.2045483622,65767.5326944476,40417.2981017361,74944.0731335197,45498.1432130031,45228.6660594434,44312.6502351066,51985.5631097117,39260.9492707980,38235.6797039528,38679.9456920672,42409.9252458097,38314.6819595550,33358.3798893429,79498.8379186609,30312.0728486885,15978.1766161609,74584.0218478943,24676.3759709962,34794.3032535946,19173.6328978191,14698.5403260853,54894.8695231430,40898.8400864918,50908.7104061986,27124.7438879874,58785.8347679493,23575.4668235741,58117.6959950607,48346.9461151906,31223.9701529143,13211.0704951362,55080.4047435583,26769.4985546751,32815.7761637657,45558.8175506155,28698.1812006878,41444.4193066924,50955.0202364497,48653.5029493472,39127.3341494348,32067.9134004051,26001.7984820027,33877.2138632872,39971.5951687666,4190.1617915318,43392.9678144968,59827.5618464323,8439.0929849550,54504.3721959503,36295.7139357277,36436.9238353419,37291.9016374250
1083,0,0,0,0,0,0,0,0,0,0,0,0,0,0,0,0,0,0,0,0,0,0,0,0,0,0,0,0,0,0,0,0,0,0,0,0,0,0,0,0,0,0,0,0,0,0,0,0,0,0,0,0,0,0,0,0,0,0,0,0,0,0,0,0,0,0,0,0,0,0,0,0,0,0,0,0,0,0,0,0,0,0,0,0,0,0,0,0,0,0,0,0,0,0,0,0,0,0,0,0,0,0,0,0,0,0,0,0,0,0,0,0,0,0,0,0,0,0,0,0,0,0,0,0,0,0,0,0,0,0,0,0,0,0,0,0,0,0,0,0,0,0,0,0,0,0,0,0,0,0,0,0,0,0,0,0,0,0,0,0,0,0,0,0,0,0,0,0,0,0,0,0,0,0,0,0,0,0,0,0,0,0,0,0,0,0,0,0,0,0,0,0,0,0,0,0,0,0,0,0
1084,0,0,0,0,0,0,0,0,0,0,0,0,0,0,0,0,0,0,0,0,0,0,0,0,0,0,0,0,0,0,0,0,0,0,0,0,0,0,0,0,0,0,0,0,0,0,0,0,0,0,0,0,0,0,0,0,0,0,0,0,0,0,0,0,0,0,0,0,0,0,0,0,0,0,0,0,0,0,0,0,0,0,0,0,0,0,0,0,0,0,0,0,0,0,0,0,0,0,0,0,0,0,0,0,0,0,0,0,0,0,0,0,0,0,0,0,0,0,0,0,0,0,0,0,0,0,0,0,0,0,0,0,0,0,0,0,0,0,0,0,0,0,0,0,0,0,0,0,0,0,0,0,0,0,0,0,0,0,0,0,0,0,0,0,0,0,0,0,0,0,0,0,0,0,0,0,0,0,0,0,0,0,0,0,0,0,0,0,0,0,0,0,0,0,0,0,0,0,0,0
1085,0,0,0,0,0,0,0,0,0,0,0,0,0,0,0,0,0,0,0,0,0,0,0,0,0,0,0,0,0,0,0,0,0,0,0,0,0,0,0,0,0,0,0,0,0,0,0,0,0,0,0,0,0,0,0,0,0,0,0,0,0,0,0,0,0,0,0,0,0,0,0,0,0,0,0,0,0,0,0,0,0,0,0,0,0,0,0,0,0,0,0,0,0,0,0,0,0,0,0,0,0,0,0,0,0,0,0,0,0,0,0,0,0,0,0,0,0,0,0,0,0,0,0,0,0,0,0,0,0,0,0,0,0,0,0,0,0,0,0,0,0,0,0,0,0,0,0,0,0,0,0,0,0,0,0,0,0,0,0,0,0,0,0,0,0,0,0,0,0,0,0,0,0,0,0,0,0,0,0,0,0,0,0,0,0,0,0,0,0,0,0,0,0,0,0,0,0,0,0,0
1086,0,0,0,0,0,0,0,0,0,0,0,0,0,0,0,0,0,0,0,0,0,0,0,0,0,0,0,0,0,0,0,0,0,0,0,0,0,0,0,0,0,0,0,0,0,0,0,0,0,0,0,0,0,0,0,0,0,0,0,0,0,0,0,0,0,0,0,0,0,0,0,0,0,0,0,0,0,0,0,0,0,0,0,0,0,0,0,0,0,0,0,0,0,0,0,0,0,0,0,0,0,0,0,0,0,0,0,0,0,0,0,0,0,0,0,0,0,0,0,0,0,0,0,0,0,0,0,0,0,0,0,0,0,0,0,0,0,0,0,0,0,0,0,0,0,0,0,0,0,0,0,0,0,0,0,0,0,0,0,0,0,0,0,0,0,0,0,0,0,0,0,0,0,0,0,0,0,0,0,0,0,0,0,0,0,0,0,0,0,0,0,0,0,0,0,0,0,0,0,0
1087,0,0,0,0,0,0,0,0,0,0,0,0,0,0,0,0,0,0,0,0,0,0,0,0,0,0,0,0,0,0,0,0,0,0,0,0,0,0,0,0,0,0,0,0,0,0,0,0,0,0,0,0,0,0,0,0,0,0,0,0,0,0,0,0,0,0,0,0,0,0,0,0,0,0,0,0,0,0,0,0,0,0,0,0,0,0,0,0,0,0,0,0,0,0,0,0,0,0,0,0,0,0,0,0,0,0,0,0,0,0,0,0,0,0,0,0,0,0,0,0,0,0,0,0,0,0,0,0,0,0,0,0,0,0,0,0,0,0,0,0,0,0,0,0,0,0,0,0,0,0,0,0,0,0,0,0,0,0,0,0,0,0,0,0,0,0,0,0,0,0,0,0,0,0,0,0,0,0,0,0,0,0,0,0,0,0,0,0,0,0,0,0,0,0,0,0,0,0,0,0
1088,0,0,0,0,0,0,0,0,0,0,0,0,0,0,0,0,0,0,0,0,0,0,0,0,0,0,0,0,0,0,0,0,0,0,0,0,0,0,0,0,0,0,0,0,0,0,0,0,0,0,0,0,0,0,0,0,0,0,0,0,0,0,0,0,0,0,0,0,0,0,0,0,0,0,0,0,0,0,0,0,0,0,0,0,0,0,0,0,0,0,0,0,0,0,0,0,0,0,0,0,0,0,0,0,0,0,0,0,0,0,0,0,0,0,0,0,0,0,0,0,0,0,0,0,0,0,0,0,0,0,0,0,0,0,0,0,0,0,0,0,0,0,0,0,0,0,0,0,0,0,0,0,0,0,0,0,0,0,0,0,0,0,0,0,0,0,0,0,0,0,0,0,0,0,0,0,0,0,0,0,0,0,0,0,0,0,0,0,0,0,0,0,0,0,0,0,0,0,0,0
1089,0,0,0,0,0,0,0,0,0,0,0,0,0,0,0,0,0,0,0,0,0,0,0,0,0,0,0,0,0,0,0,0,0,0,0,0,0,0,0,0,0,0,0,0,0,0,0,0,0,0,0,0,0,0,0,0,0,0,0,0,0,0,0,0,0,0,0,0,0,0,0,0,0,0,0,0,0,0,0,0,0,0,0,0,0,0,0,0,0,0,0,0,0,0,0,0,0,0,0,0,0,0,0,0,0.0000000000,0,0,0,0,0,0,0,0,0,0,0,0,0,0,0,0,0,0,0,0,0,0,0,0,0,0,0,0,0,0,0,0,0,0,0,0,0,0,0,0,0,0,0,0,0,0,0,0,0,0,0,0,0,0,0,0,0,0,0,0,0,0,0,0,0,0,0,0,0,0,0,0,0,0,0,0,0,0,0,0,0,0,0,0,0,0,0,0,0,0,0,0,0,0,0
1090,0,0,0,0,0,0,0,0,0,0,0,0,0,0,0,0,0,0,0,0,0,0,0,0,0,0,0,0,0,0,0,0,0,0,0,0,0,0,0,0,0,0,0,0,0,0,0,0,0,0,0,0,0,0,0,0,0,0,0,0,0,0,0,0,0,0,0,0,0,0,0,0,0,0,0,0,0,0,0,0,0,0,0,0,0,0,0,0,0,0,0,0,0,0,0,0,0,0,0,0,0,0,0,0,0,0,0,0,0,0,0,0,0,0,0,0,0,0,0,0,0,0,0,0,0,0,0,0,0,0,0,0,0,0,0,0,0,0,0,0,0,0,0,0,0,0,0,0,0,0,0,0,0,0,0,0,0,0,0,0,0,0,0,0,0,0,0,0,0,0,0,0,0,0,0,0,0,0,0,0,0,0,0,0,0,0,0,0,0,0,0,0,0,0,0,0,0,0,0,0
1091,0,0,0,0,0,0,0,0,0,0,0,0,0,0,0,0,0,0,0,0,0,0,0,0,0,0,0,0,0,0,0,0,0,0,0,0,0,0,0,0,0,0,0,0,0,0,0,0,0,0,0,0,0,0,0,0,0,0,0,0,0,0,0,0,0,0,0,0,0,0,0,0,0,0,0,0,0,0,0,0,0,0,0,0,0,0,0,0,0,0,0,0,0,0,0,0,0,0,0,0,0,0,0,0,0,0,0,0,0,0,0,0,0,0,0,0,0,0,0,0,0,0,0,0,0,0,0,0,0,0,0,0,0,0,0,0,0,0,0,0,0,0,0,0,0,0,0,0,0,0,0,0,0,0,0,0,0,0,0,0,0,0,0,0,0,0,0,0,0,0,0,0,0,0,0,0,0,0,0,0,0,0,0,0,0,0,0,0,0,0,0,0,0,0,0,0,0,0,0,0
1092,66182.2972373654,68549.8527756416,81088.3665412752,78193.4992621644,10552.4158338105,92311.8953551442,75556.0492736739,40889.7049585965,84154.6221255162,34176.7260530217,43113.5489862311,44774.9376084829,34297.5601239075,52456.1775528533,70415.7288686326,59132.3695273148,60839.9856654098,15971.8196261177,43757.8300166851,70335.3588610241,54190.2760694645,20007.5425395133,31441.1966096461,29078.4452201070,54841.5095788946,77553.0712176015,20511.6312935001,50675.0107846811,17097.5441363094,82986.3056445726,57199.5504429228,54920.4767071474,53417.7381590493,58935.6328884616,40505.8549339314,69814.7535657298,43972.7539041829,42255.4255421015,32420.7049824668,48494.1567896697,65245.4255278098,72554.6080169137,3477.0558613019,41650.8559034488,28063.6391677978,56485.6548285802,64116.8025891290,74356.5850814112,31651.8499938139,31370.6639627715,46987.6943464113,65993.6801809324,19724.5653424179,78612.0953364720,61885.6227399972,29030.4950222886,17756.3670149290,9442.4987735111,29984.1901430539,24675.5831703940,51349.4347150501,59528.4158254356,23113.2063944919,68183.9500094771,43150.0538636816,48183.4592353412,42785.9668802325,80677.9798203073,80358.5327699378,72745.1078959047,59896.1543621224,44598.2152217203,40671.4893993745,46237.5025715540,52879.9398257803,25222.5334776018,59385.3445670474,69184.1893851999,21132.4423910071,56378.3990784431,37602.5044267974,89334.9074814122,20894.8315555535,35040.8737096822,27557.5253290693,67988.6823784506,57459.4603894043,73434.5352523595,34384.2383051119,63013.9768444018,65560.7120695527,75240.4800575054,86975.9455375386,35399.5021531961,11035.8185591681,50695.4563330397,49186.4842111237,74594.9031044775,57216.3727659010,23642.7392650058,11218.9548092493,49810.3838041833,64007.9874444742,35824.9889026597,48558.5433505830,35887.4081138507,49531.4440940057,61022.4125463568,36100.2383261637,53600.9084317321,58692.0841202432,48109.9051757921,75409.9792696973,33150.7168803712,49386.4480554875,41958.5798878068,8905.7612909568,38903.0865849403,27699.9139903629,41337.2601213159,20142.0226174408,43766.0921819829,56918.7739606938,30173.3753313593,40639.4094363561,27812.0446031365,49584.2948498129,40590.5967829772,62328.1562119179,68417.4992056379,23320.3728428509,52536.0363715881,24716.5549330235,15580.6035179970,71437.5631396632,16833.7666626008,40770.9221295891,24736.1341075887,75317.3320163282,15758.2075545021,23787.8596990085,60659.8500554399,48689.1531430698,68189.1360237932,33937.8975838740,7081.5996199603,63459.7851703608,37071.4977287157,48671.0486482273,67054.9371112329,44523.5734623122,64746.6288910876,15624.6720248738,76367.2357303577,79594.2113787826,66624.7935529875,37540.0966584268,11300.6504763045,54044.9514085928,27363.2316929121,10015.9925593168,60160.5089822988,59914.6267631052,26647.9331457518,79249.7897444747,29844.5269791313,9847.2121202970,45306.9393752281,34058.3001127365,86622.6749359810,29781.2617246685,22580.2721626523,54339.4117959352,71310.7877778868,34460.9028319765,80743.5061345532,9630.6072577172,68584.2079488764,45139.3667217144,47414.8962146466,49417.2333563647,43980.8884293145,75143.7496291427,40463.4534532735,23353.9258255369,84424.2693948891,30642.4226690359,53753.6259842473,55224.2843380549,65723.8408003434,38799.3813469545,58901.0655663061,38734.3163905854,39125.9305596312,93378.8448410995,48388.0977635106,34382.4578206959,61812.0118684378,51240.8527190936,43699.8336562657
1093,0,0,0,0,0,0,0,0,0,0,0,0,0,0,0,0,0,0,0,0,0,0,0,0,0,0,0,0,0,0,0,0,0,0,0,0,0,0,0,0,0,0,0,0,0,0,0,0,0,0,0,0,0,0,0,0,0,0,0,0,0,0,0,0,0,0,0,0,0,0,0,0,0,0,0,0,0,0,0,0,0,0,0,0,0,0,0,0,0,0,0,0,0,0,0,0,0,0,0,0,0,0,0,0,0,0,0,0,0,0,0,0,0,0,0,0,0,0,0,0,0,0,0,0,0,0,0,0,0,0,0,0,0,0,0,0,0,0,0,0,0,0,0,0,0,0,0,0,0,0,0,0,0,0,0,0,0,0,0,0,0,0,0,0,0,0,0,0,0,0,0,0,0,0,0,0,0,0,0,0,0,0,0,0,0,0,0,0,0,0,0,0,0,0,0,0,0,0,0,0
1094,0,0,0,0,0,0,0,0,0,0,0,0,0,0,0,0,0,0,0,0,0,0,0,0,0,0,0,0,0,0,0,0,0,0,0,0,0,0,0,0,0,0,0,0,0,0,0,0,0,0,0,0,0,0,0,0,0,0,0,0,0,0,0,0,0,0,0,0,0,0,0,0,0,0,0,0,0,0,0,0,0,0,0,0,0,0,0,0,0,0,0,0,0,0,0,0,0,0,0,0,0,0,0,0,0,0,0,0,0,0,0,0,0,0,0,0,0,0,0,0,0,0,0,0,0,0,0,0,0,0,0,0,0,0,0,0,0,0,0,0,0,0,0,0,0,0,0,0,0,0,0,0,0,0,0,0,0,0,0,0,0,0,0,0,0,0,0,0,0,0,0,0,0,0,0,0,0,0,0,0,0,0,0,0,0,0,0,0,0,0,0,0,0,0,0,0,0,0,0,0
1095,0,0,0,0,0,0,0,0,0,0,0,0,0,0,0,0,0,0,0,0,0,0,0,0,0,0,0,0,0,0,0,0,0,0,0,0,0,0,0,0,0,0,0,0,0,0,0,0,0,0,0,0,0,0,0,0,0,0,0,0,0,0,0,0,0,0,0,0,0,0,0,0,0,0,0,0,0,0,0,0,0,0,0,0,0,0,0,0,0,0,0,0,0,0,0,0,0,0,0,0,0,0,0,0,0,0,0,0,0,0,0,0,0,0,0,0,0,0,0,0,0,0,0,0,0,0,0,0,0,0,0,0,0,0,0,0,0,0,0,0,0,0,0,0,0,0,0,0,0,0,0,0,0,0,0,0,0,0,0,0,0,0,0,0,0,0,0,0,0,0,0,0,0,0,0,0,0,0,0,0,0,0,0,0,0,0,0,0,0,0,0,0,0,0,0,0,0,0,0,0
1096,0,0,0,0,0,0,0,0,0,0,0,0,0,0,0,0,0,0,0,0,0,0,0,0,0,0,0,0,0,0,0,0,0,0,0,0,0,0,0,0,0,0,0,0,0,0,0,0,0,0,0,0,0,0,0,0,0,0,0,0,0,0,0,0,0,0,0,0,0,0,0,0,0,0,0,0,0,0,0,0,0,0,0,0,0,0,0,0,0,0,0,0,0,0,0,0,0,0,0,0,0,0,0,0,0,0,0,0,0,0,0,0,0,0,0,0,0,0,0,0,0,0,0,0,0,0,0,0,0,0,0,0,0,0,0,0,0,0,0,0,0,0,0,0,0,0,0,0,0,0,0,0,0,0,0,0,0,0,0,0,0,0,0,0,0,0,0,0,0,0,0,0,0,0,0,0,0,0,0,0,0,0,0,0,0,0,0,0,0,0,0,0,0,0,0,0,0,0,0,0
1097,0,0,0,0,0,0,0,0,0,0,0,0,0,0,0,0,0,0,0,0,0,0,0,0,0,0,0,0,0,0,0,0,0,0,0,0,0,0,0,0,0,0,0,0,0,0,0,0,0,0,0,0,0,0,0,0,0,0,0,0,0,0,0,0,0,0,0,0,0,0,0,0,0,0,0,0,0,0,0,0,0,0,0,0,0,0,0,0,0,0,0,0,0,0,0,0,0,0,0,0,0,0,0,0,0,0,0,0,0,0,0,0,0,0,0,0,0,0,0,0,0,0,0,0,0,0,0,0,0,0,0,0,0,0,0,0,0,0,0,0,0,0,0,0,0,0,0,0,0,0,0,0,0,0,0,0,0,0,0,0,0,0,0,0,0,0,0,0,0,0,0,0,0,0,0,0,0,0,0,0,0,0,0,0,0,0,0,0,0,0,0,0,0,0,0,0,0,0,0,0
1098,0,0,0,0,0,0,0,0,0,0,0,0,0,0,0,0,0,0,0,0,0,0,0,0,0,0,0,0,0,0,0,0,0,0,0,0,0,0,0,0,0,0,0,0,0,0,0,0,0,0,0,0,0,0,0,0,0,0,0,0,0,0,0,0,0,0,0,0,0,0,0,0,0,0,0,0,0,0,0,0,0,0,0,0,0,0,0,0,0,0,0,0,0,0,0,0,0,0,0,0,0,0,0,0,0,0,0,0,0,0,0,0,0,0,0,0,0,0,0,0,0,0,0,0,0,0,0,0,0,0,0,0,0,0,0,0,0,0,0,0,0,0,0,0,0,0,0,0,0,0,0,0,0,0,0,0,0,0,0,0,0,0,0,0,0,0,0,0,0,0,0,0,0,0,0,0,0,0,0,0,0,0,0,0,0,0,0,0,0,0,0,0,0,0,0,0,0,0,0,0
1099,0,0,0,0,0,0,0,0,0,0,0,0,0,0,0,0,0,0,0,0,0,0,0,0,0,0,0,0,0,0,0,0,0,0,0,0,0,0,0,0,0,0,0,0,0,0,0,0,0,0,0,0,0,0,0,0,0,0,0,0,0,0,0,0,0,0,0,0,0,0,0,0,0,0,0,0,0,0,0,0,0,0,0,0,0,0,0,0,0,0,0,0,0,0,0,0,0,0,0,0,0,0,0,0,0,0,0,0,0,0,0,0,0,0,0,0,0,0,0,0,0,0,0,0,0,0,0,0,0,0,0,0,0,0,0,0,0,0,0,0,0,0,0,0,0,0,0,0,0,0,0,0,0,0,0,0,0,0,0,0,0,0,0,0,0,0,0,0,0,0,0,0,0,0,0,0,0,0,0,0,0,0,0,0,0,0,0,0,0,0,0,0,0,0,0,0,0,0,0,0
1100,0,0,0,0,0,0,0,0,0,0,0,0,0,0,0,0,0,0,0,0,0,0,0,0,0,0,0,0,0,0,0,0,0,0,0,0,0,0,0,0,0,0,0,0,0,0,0,0,0,0,0,0,0,0,0,0,0,0,0,0,0,0,0,0,0,0,0,0,0,0,0,0,0,0,0,0,0,0,0,0,0,0,0,0,0,0,0,0,0,0,0,0,0,0,0,0,0,0,0,0,0,0,0,0,0,0,0,0,0,0,0,0,0,0,0,0,0,0,0,0,0,0,0,0,0,0,0,0,0,0,0,0,0,0,0,0,0,0,0,0,0,0,0,0,0,0,0,0,0,0,0,0,0,0,0,0,0,0,0,0,0,0,0,0,0,0,0,0,0,0,0,0,0,0,0,0,0,0,0,0,0,0,0,0,0,0,0,0,0,0,0,0,0,0,0,0,0,0,0,0
1101,0,0,0,0,0,0,0,0,0,0,0,0,0,0,0,0,0,0,0,0,0,0,0,0,0,0,0,0,0,0,0,0,0,0,0,0,0,0,0,0,0,0,0,0,0,0,0,0,0,0,0,0,0,0,0,0,0,0,0,0,0,0,0,0,0,0,0,0,0,0,0,0,0,0,0,0,0,0,0,0,0,0,0,0,0,0,0,0,0,0,0,0,0,0,0,0,0,0,0,0,0,0,0,0,0,0,0,0,0,0,0,0,0,0,0,0,0,0,0,0,0,0,0,0,0,0,0,0,0,0,0,0,0,0,0,0,0,0,0,0,0,0,0,0,0,0,0,0,0,0,0,0,0,0,0,0,0,0,0,0,0,0,0,0,0,0,0,0,0,0,0,0,0,0,0,0,0,0,0,0,0,0,0,0,0,0,0,0,0,0,0,0,0,0,0,0,0,0,0,0
1102,0,0,0,0,0,0,0,0,0,0,0,0,0,0,0,0,0,0,0,0,0,0,0,0,0,0,0,0,0,0,0,0,0,0,0,0,0,0,0,0,0,0,0,0,0,0,0,0,0,0,0,0,0,0,0,0,0,0,0,0,0,0,0,0,0,0,0,0,0,0,0,0,0,0,0,0,0,0,0,0,0,0,0,0,0,0,0,0,0,0,0,0,0,0,0,0,0,0,0,0,0,0,0,0,0,0,0,0,0,0,0,0,0,0,0,0,0,0,0,0,0,0,0,0,0,0,0,0,0,0,0,0,0,0,0,0,0,0,0,0,0,0,0,0,0,0,0,0,0,0,0,0,0,0,0,0,0,0,0,0,0,0,0,0,0,0,0,0,0,0,0,0,0,0,0,0,0,0,0,0,0,0,0,0,0,0,0,0,0,0,0,0,0,0,0,0,0,0,0,0
1103,0,0,0,0,0,0,0,0,0,0,0,0,0,0,0,0,0,0,0,0,0,0,0,0,0,0,0,0,0,0,0,0,0,0,0,0,0,0,0,0,0,0,0,0,0,0,0,0,0,0,0,0,0,0,0,0,0,0,0,0,0,0,0,0,0,0,0,0,0,0,0,0,0,0,0,0,0,0,0,0,0,0,0,0,0,0,0,0,0,0,0,0,0,0,0,0,0,0,0,0,0,0,0,0,0,0,0,0,0,0,0,0,0,0,0,0,0,0,0,0,0,0,0,0,0,0,0,0,0,0,0,0,0,0,0,0,0,0,0,0,0,0,0,0,0,0,0,0,0,0,0,0,0,0,0,0,0,0,0,0,0,0,0,0,0,0,0,0,0,0,0,0,0,0,0,0,0,0,0,0,0,0,0,0,0,0,0,0,0,0,0,0,0,0,0,0,0,0,0,0
1104,0,0,0,0,0,0,0,0,0,0,0,0,0,0,0,0,0,0,0,0,0,0,0,0,0,0,0,0,0,0,0,0,0,0,0,0,0,0,0,0,0,0,0,0,0,0,0,0,0,0,0,0,0,0,0,0,0,0,0,0,0,0,0,0,0,0,0,0,0,0,0,0,0,0,0,0,0,0,0,0,0,0,0,0,0,0,0,0,0,0,0,0,0,0,0,0,0,0,0,0,0,0,0,0,0,0,0,0,0,0,0,0,0,0,0,0,0,0,0,0,0,0,0,0,0,0,0,0,0,0,0,0,0,0,0,0,0,0,0,0,0,0,0,0,0,0,0,0,0,0,0,0,0,0,0,0,0,0,0,0,0,0,0,0,0,0,0,0,0,0,0,0,0,0,0,0,0,0,0,0,0,0,0,0,0,0,0,0,0,0,0,0,0,0,0,0,0,0,0,0
1105,0,0,0,0,0,0,0,0,0,0,0,0,0,0,0,0,0,0,0,0,0,0,0,0,0,0,0,0,0,0,0,0,0,0,0,0,0,0,0,0,0,0,0,0,0,0,0,0,0,0,0,0,0,0,0,0,0,0,0,0,0,0,0,0,0,0,0,0,0,0,0,0,0,0,0,0,0,0,0,0,0,0,0,0,0,0,0,0,0,0,0,0,0,0,0,0,0,0,0,0,0,0,0,0,0,0,0,0,0,0,0,0,0,0,0,0,0,0,0,0,0,0,0,0,0,0,0,0,0,0,0,0,0,0,0,0,0,0,0,0,0,0,0,0,0,0,0,0,0,0,0,0,0,0,0,0,0,0,0,0,0,0,0,0,0,0,0,0,0,0,0,0,0,0,0,0,0,0,0,0,0,0,0,0,0,0,0,0,0,0,0,0,0,0,0,0,0,0,0,0
1106,0,0,0,0,0,0,0,0,0,0,0,0,0,0,0,0,0,0,0,0,0,0,0,0,0,0,0,0,0,0,0,0,0,0,0,0,0,0,0,0,0,0,0,0,0,0,0,0,0,0,0,0,0,0,0,0,0,0,0,0,0,0,0,0,0,0,0,0,0,0,0,0,0,0,0,0,0,0,0,0,0,0,0,0,0,0,0,0,0,0,0,0,0,0,0,0,0,0,0,0,0,0,0,0,0,0,0,0,0,0,0,0,0,0,0,0,0,0,0,0,0,0,0,0,0,0,0,0,0,0,0,0,0,0,0,0,0,0,0,0,0,0,0,0,0,0,0,0,0,0,0,0,0,0,0,0,0,0,0,0,0,0,0,0,0,0,0,0,0,0,0,0,0,0,0,0,0,0,0,0,0,0,0,0,0,0,0,0,0,0,0,0,0,0,0,0,0,0,0,0
1107,0,0,0,0,0,0,0,0,0,0,0,0,0,0,0,0,0,0,0,0,0,0,0,0,0,0,0,0,0,0,0,0,0,0,0,0,0,0,0,0,0,0,0,0,0,0,0,0,0,0,0,0,0,0,0,0,0,0,0,0,0,0,0,0,0,0,0,0,0,0,0,0,0,0,0,0,0,0,0,0,0,0,0,0,0,0,0,0,0,0,0,0,0,0,0,0,0,0,0,0,0,0,0,0,0,0,0,0,0,0,0,0,0,0,0,0,0,0,0,0,0,0,0,0,0,0,0,0,0,0,0,0,0,0,0,0,0,0,0,0,0,0,0,0,0,0,0,0,0,0,0,0,0,0,0,0,0,0,0,0,0,0,0,0,0,0,0,0,0,0,0,0,0,0,0,0,0,0,0,0,0,0,0,0,0,0,0,0,0,0,0,0,0,0,0,0,0,0,0,0
1108,0,0,0,0,0,0,0,0,0,0,0,0,0,0,0,0,0,0,0,0,0,0,0,0,0,0,0,0,0,0,0,0,0,0,0,0,0,0,0,0,0,0,0,0,0,0,0,0,0,0,0,0,0,0,0,0,0,0,0,0,0,0,0,0,0,0,0,0,0,0,0,0,0,0,0,0,0,0,0,0,0,0,0,0,0,0,0,0,0,0,0,0,0,0,0,0,0,0,0,0,0,0,0,0,0,0,0,0,0,0,0,0,0,0,0,0,0,0,0,0,0,0,0,0,0,0,0,0,0,0,0,0,0,0,0,0,0,0,0,0,0,0,0,0,0,0,0,0,0,0,0,0,0,0,0,0,0,0,0,0,0,0,0,0,0,0,0,0,0,0,0,0,0,0,0,0,0,0,0,0,0,0,0,0,0,0,0,0,0,0,0,0,0,0,0,0,0,0,0,0
1109,0,0,0,0,0,0,0,0,0,0,0,0,0,0,0,0,0,0,0,0,0,0,0,0,0,0,0,0,0,0,0,0,0,0,0,0,0,0,0,0,0,0,0,0,0,0,0,0,0,0,0,0,0,0,0,0,0,0,0,0,0,0,0,0,0,0,0,0,0,0,0,0,0,0,0,0,0,0,0,0,0,0,0,0,0,0,0,0,0,0,0,0,0,0,0,0,0,0,0,0,0,0,0,0,0,0,0,0,0,0,0,0,0,0,0,0,0,0,0,0,0,0,0,0,0,0,0,0,0,0,0,0,0,0,0,0,0,0,0,0,0,0,0,0,0,0,0,0,0,0,0,0,0,0,0,0,0,0,0,0,0,0,0,0,0,0,0,0,0,0,0,0,0,0,0,0,0,0,0,0,0,0,0,0,0,0,0,0,0,0,0,0,0,0,0,0,0,0,0,0
1110,0,0,0,0,0,0,0,0,0,0,0,0,0,0,0,0,0,0,0,0,0,0,0,0,0,0,0,0,0,0,0,0,0,0,0,0,0,0,0,0,0,0,0,0,0,0,0,0,0,0,0,0,0,0,0,0,0,0,0,0,0,0,0,0,0,0,0,0,0,0,0,0,0,0,0,0,0,0,0,0,0,0,0,0,0,0,0,0,0,0,0,0,0,0,0,0,0,0,0,0,0,0,0,0,0,0,0,0,0,0,0,0,0,0,0,0,0,0,0,0,0,0,0,0,0,0,0,0,0,0,0,0,0,0,0,0,0,0,0,0,0,0,0,0,0,0,0,0,0,0,0,0,0,0,0,0,0,0,0,0,0,0,0,0,0,0,0,0,0,0,0,0,0,0,0,0,0,0,0,0,0,0,0,0,0,0,0,0,0,0,0,0,0,0,0,0,0,0,0,0
1111,0,0,0,0,0,0,0,0,0,0,0,0,0,0,0,0,0,0,0,0,0,0,0,0,0,0,0,0,0,0,0,0,0,0,0,0,0,0,0,0,0,0,0,0,0,0,0,0,0,0,0,0,0,0,0,0,0,0,0,0,0,0,0,0,0,0,0,0,0,0,0,0,0,0,0,0,0,0,0,0,0,0,0,0,0,0,0,0,0,0,0,0,0,0,0,0,0,0,0,0,0,0,0,0,0,0,0,0,0,0,0,0,0,0,0,0,0,0,0,0,0,0,0,0,0,0,0,0,0,0,0,0,0,0,0,0,0,0,0,0,0,0,0,0,0,0,0,0,0,0,0,0,0,0,0,0,0,0,0,0,0,0,0,0,0,0,0,0,0,0,0,0,0,0,0,0,0,0,0,0,0,0,0,0,0,0,0,0,0,0,0,0,0,0,0,0,0,0,0,0
1112,0,0,0,0,0,0,0,0,0,0,0,0,0,0,0,0,0,0,0,0,0,0,0,0,0,0,0,0,0,0,0,0,0,0,0,0,0,0,0,0,0,0,0,0,0,0,0,0,0,0,0,0,0,0,0,0,0,0,0,0,0,0,0,0,0,0,0,0,0,0,0,0,0,0,0,0,0,0,0,0,0,0,0,0,0,0,0,0,0,0,0,0,0,0,0,0,0,0,0,0,0,0,0,0,0,0,0,0,0,0,0,0,0,0,0,0,0,0,0,0,0,0,0,0,0,0,0,0,0,0,0,0,0,0,0,0,0,0,0,0,0,0,0,0,0,0,0,0,0,0,0,0,0,0,0,0,0,0,0,0,0,0,0,0,0,0,0,0,0,0,0,0,0,0,0,0,0,0,0,0,0,0,0,0,0,0,0,0,0,0,0,0,0,0,0,0,0,0,0,0
1113,0,0,0,0,0,0,0,0,0,0,0,0,0,0,0,0,0,0,0,0,0,0,0,0,0,0,0,0,0,0,0,0,0,0,0,0,0,0,0,0,0,0,0,0,0,0,0,0,0,0,0,0,0,0,0,0,0,0,0,0,0,0,0,0,0,0,0,0,0,0,0,0,0,0,0,0,0,0,0,0,0,0,0,0,0,0,0,0,0,0,0,0,0,0,0,0,0,0,0,0,0,0,0,0,0,0,0,0,0,0,0,0,0,0,0,0,0,0,0,0,0,0,0,0,0,0,0,0,0,0,0,0,0,0,0,0,0,0,0,0,0,0,0,0,0,0,0,0,0,0,0,0,0,0,0,0,0,0,0,0,0,0,0,0,0,0,0,0,0,0,0,0,0,0,0,0,0,0,0,0,0,0,0,0,0,0,0,0,0,0,0,0,0,0,0,0,0,0,0,0
1114,0,0,0,0,0,0,0,0,0,0,0,0,0,0,0,0,0,0,0,0,0,0,0,0,0,0,0,0,0,0,0,0,0,0,0,0,0,0,0,0,0,0,0,0,0,0,0,0,0,0,0,0,0,0,0,0,0,0,0,0,0,0,0,0,0,0,0,0,0,0,0,0,0,0,0,0,0,0,0,0,0,0,0,0,0,0,0,0,0,0,0,0,0,0,0,0,0,0,0,0,0,0,0,0,0,0,0,0,0,0,0,0,0,0,0,0,0,0,0,0,0,0,0,0,0,0,0,0,0,0,0,0,0,0,0,0,0,0,0,0,0,0,0,0,0,0,0,0,0,0,0,0,0,0,0,0,0,0,0,0,0,0,0,0,0,0,0,0,0,0,0,0,0,0,0,0,0,0,0,0,0,0,0,0,0,0,0,0,0,0,0,0,0,0,0,0,0,0,0,0
1115,0,0,0,0,0,0,0,0,0,0,0,0,0,0,0,0,0,0,0,0,0,0,0,0,0,0,0,0,0,0,0,0,0,0,0,0,0,0,0,0,0,0,0,0,0,0,0,0,0,0,0,0,0,0,0,0,0,0,0,0,0,0,0,0,0,0,0,0,0,0,0,0,0,0,0,0,0,0,0,0,0,0,0,0,0,0,0,0,0,0,0,0,0,0,0,0,0,0,0,0,0,0,0,0,0,0,0,0,0,0,0,0,0,0,0,0,0,0,0,0,0,0,0,0,0,0,0,0,0,0,0,0,0,0,0,0,0,0,0,0,0,0,0,0,0,0,0,0,0,0,0,0,0,0,0,0,0,0,0,0,0,0,0,0,0,0,0,0,0,0,0,0,0,0,0,0,0,0,0,0,0,0,0,0,0,0,0,0,0,0,0,0,0,0,0,0,0,0,0,0
1116,0,0,0,0,0,0,0,0,0,0,0,0,0,0,0,0,0,0,0,0,0,0,0,0,0,0,0,0,0,0,0,0,0,0,0,0,0,0,0,0,0,0,0,0,0,0,0,0,0,0,0,0,0,0,0,0,0,0,0,0,0,0,0,0,0,0,0,0,0,0,0,0,0,0,0,0,0,0,0,0,0,0,0,0,0,0,0,0,0,0,0,0,0,0,0,0,0,0,0,0,0,0,0,0,0,0,0,0,0,0,0,0,0,0,0,0,0,0,0,0,0,0,0,0,0,0,0,0,0,0,0,0,0,0,0,0,0,0,0,0,0,0,0,0,0,0,0,0,0,0,0,0,0,0,0,0,0,0,0,0,0,0,0,0,0,0,0,0,0,0,0,0,0,0,0,0,0,0,0,0,0,0,0,0,0,0,0,0,0,0,0,0,0,0,0,0,0,0,0,0
1117,0,0,0,0,0,0,0,0,0,0,0,0,0,0,0,0,0,0,0,0,0,0,0,0,0,0,0,0,0,0,0,0,0,0,0,0,0,0,0,0,0,0,0,0,0,0,0,0,0,0,0,0,0,0,0,0,0,0,0,0,0,0,0,0,0,0,0,0,0,0,0,0,0,0,0,0,0,0,0,0,0,0,0,0,0,0,0,0,0,0,0,0,0,0,0,0,0,0,0,0,0,0,0,0,0,0,0,0,0,0,0,0,0,0,0,0,0,0,0,0,0,0,0,0,0,0,0,0,0,0,0,0,0,0,0,0,0,0,0,0,0,0,0,0,0,0,0,0,0,0,0,0,0,0,0,0,0,0,0,0,0,0,0,0,0,0,0,0,0,0,0,0,0,0,0,0,0,0,0,0,0,0,0,0,0,0,0,0,0,0,0,0,0,0,0,0,0,0,0,0
1118,51358.6762824989,90183.3881166062,94562.8279714599,57378.5670801045,20633.1866249491,91402.3837255014,97443.2970584861,47322.2615419079,61706.9510820266,56762.3820257653,20232.4593277720,62237.3332006242,23426.0320878068,69687.9911042512,77079.1643980849,82090.9965170091,39693.1405032847,26936.3833327028,65972.7071300922,70131.3966082463,75606.9401095940,42106.7117347994,48635.7078724580,14487.3376108386,66285.5457043953,57978.1397509659,3023.9427753473,34024.8564806456,38479.3642545931,86181.0552087676,61373.2996727461,75437.7324333467,42760.3406856305,36046.5272016814,19803.4355127806,81041.9495447996,24490.9597787917,62309.8010450878,32024.8463451133,71181.3195603185,87799.6073973384,49734.7965891502,24815.0494774286,54431.3799351214,39302.3189606868,78930.5642401855,45784.6841197406,52760.1167653185,54362.1491162870,9027.6287526203,69919.7874243847,87233.9664433704,16500.8127224426,75520.3671561381,75711.4632595571,49935.0354068755,10756.5612539988,13726.7270853351,12759.2194048554,32108.3795023477,29405.9385212910,67318.2058983840,45999.2936660062,56448.6423632916,34072.2418234057,57258.0365280195,64669.3874763448,86983.6160051400,80316.6395438601,55423.1753057669,60227.4469565075,64522.2174901404,24139.7019936340,61681.2084580321,33064.1130614006,30918.4714753639,80949.4190244622,49059.6244072990,38703.7613571039,41902.8570074025,60563.2200405758,86428.4914823078,33380.4528407286,12547.1182069882,23213.7862199537,45689.7280463583,79704.9322021924,75550.1143793545,38739.5981862856,73082.9828560709,69554.3718020556,83626.1860876666,88062.1297844628,15760.3788796812,19290.6208966731,72277.9169292429,27665.7782932557,79054.7067363775,79980.2130274562,5270.5821293089,30792.4418078116,68869.6407707406,86262.9140653055,45811.8450510730,25735.3255608996,54913.5598230594,54257.4863087297,48825.9906692526,57508.6308291859,67437.1880296304,36465.4385733956,34556.0425640108,53021.9049538837,47170.3091137747,71993.1113781348,20308.7289563433,25341.3245990026,55700.9776302449,7296.3300433757,64014.8692842114,23870.2635325188,62110.4031286925,38584.4482836674,53128.9330041074,62031.5611647218,50106.9382376305,71703.9393946002,63374.0359254817,45915.4106324530,81478.0681293670,11609.9269824819,75477.5354209039,47464.6346949985,7478.2774698457,52522.8737720465,39785.5947370716,27849.2272373695,44312.2918740632,54719.4092704230,10941.3234120854,15108.6046370491,72708.0148196600,61175.2651808727,76734.8645073658,27581.8557652287,18665.1815540489,85502.2617534019,59431.4485051795,69003.3369372286,45723.8301326261,67446.4722458217,70792.0771276476,16811.3325481691,75122.8348808527,81447.9322999009,68205.2951698103,15049.5655207917,13284.8881619719,63123.6510414753,43091.8687465554,25559.3305886750,81491.9080046153,40148.4903000978,27372.1707681512,57680.6914935246,37435.4504378198,19367.4677889486,26804.8589851442,18510.0998551539,85773.9416920103,10726.5983654797,44587.1205921499,55276.1255324361,81076.9084778015,13840.7687804548,85620.9367238834,30793.7745769910,52232.3771653342,29445.9630205482,64384.3969952170,28651.4919433876,52091.7956315946,75597.5730199122,18267.5362088759,9973.8142059583,82192.3585000695,49990.4285882451,30946.7518804682,33853.6937982850,52510.0805943831,15843.5362058827,64732.3998842048,28917.1918403676,53835.8309132036,91145.5234918757,37858.4450868490,54822.3092196915,64244.0526490804,58484.2357978359,54102.3782567969
1119,0,0,0,0,0,0,0,0,0,0,0,0,0,0,0,0,0,0,0,0,0,0,0,0,0,0,0,0,0,0,0,0,0,0,0,0,0,0,0,0,0,0,0,0,0,0,0,0,0,0,0,0,0,0,0,0,0,0,0,0,0,0,0,0,0,0,0,0,0,0,0,0,0,0,0,0,0,0,0,0,0,0,0,0,0,0,0,0,0,0,0,0,0,0,0,0,0,0,0,0,0,0,0,0,0,0,0,0,0,0,0,0,0,0,0,0,0,0,0,0,0,0,0,0,0,0,0,0,0,0,0,0,0,0,0,0,0,0,0,0,0,0,0,0,0,0,0,0,0,0,0,0,0,0,0,0,0,0,0,0,0,0,0,0,0,0,0,0,0,0,0,0,0,0,0,0,0,0,0,0,0,0,0,0,0,0,0,0,0,0,0,0,0,0,0,0,0,0,0,0
1120,0,0,0,0,0,0,0,0,0,0,0,0,0,0,0,0,0,0,0,0,0,0,0,0,0,0,0,0,0,0,0,0,0,0,0,0,0,0,0,0,0,0,0,0,0,0,0,0,0,0,0,0,0,0,0,0,0,0,0,0,0,0,0,0,0,0,0,0,0,0,0,0,0,0,0,0,0,0,0,0,0,0,0,0,0,0,0,0,0,0,0,0,0,0,0,0,0,0,0,0,0,0,0,0,0,0,0,0,0,0,0,0,0,0,0,0,0,0,0,0,0,0,0,0,0,0,0,0,0,0,0,0,0,0,0,0,0,0,0,0,0,0,0,0,0,0,0,0,0,0,0,0,0,0,0,0,0,0,0,0,0,0,0,0,0,0,0,0,0,0,0,0,0,0,0,0,0,0,0,0,0,0,0,0,0,0,0,0,0,0,0,0,0,0,0,0,0,0,0,0
1121,0,0,0,0,0,0,0,0,0,0,0,0,0,0,0,0,0,0,0,0,0,0,0,0,0,0,0,0,0,0,0,0,0,0,0,0,0,0,0,0,0,0,0,0,0,0,0,0,0,0,0,0,0,0,0,0,0,0,0,0,0,0,0,0,0,0,0,0,0,0,0,0,0,0,0,0,0,0,0,0,0,0,0,0,0,0,0,0,0,0,0,0,0,0,0,0,0,0,0,0,0,0,0,0,0,0,0,0,0,0,0,0,0,0,0,0,0,0,0,0,0,0,0,0,0,0,0,0,0,0,0,0,0,0,0,0,0,0,0,0,0,0,0,0,0,0,0,0,0,0,0,0,0,0,0,0,0,0,0,0,0,0,0,0,0,0,0,0,0,0,0,0,0,0,0,0,0,0,0,0,0,0,0,0,0,0,0,0,0,0,0,0,0,0,0,0,0,0,0,0
1122,0,0,0,0,0,0,0,0,0,0,0,0,0,0,0,0,0,0,0,0,0,0,0,0,0,0,0,0,0,0,0,0,0,0,0,0,0,0,0,0,0,0,0,0,0,0,0,0,0,0,0,0,0,0,0,0,0,0,0,0,0,0,0,0,0,0,0,0,0,0,0,0,0,0,0,0,0,0,0,0,0,0,0,0,0,0,0,0,0,0,0,0,0,0,0,0,0,0,0,0,0,0,0,0,0,0,0,0,0,0,0,0,0,0,0,0,0,0,0,0,0,0,0,0,0,0,0,0,0,0,0,0,0,0,0,0,0,0,0,0,0,0,0,0,0,0,0,0,0,0,0,0,0,0,0,0,0,0,0,0,0,0,0,0,0,0,0,0,0,0,0,0,0,0,0,0,0,0,0,0,0,0,0,0,0,0,0,0,0,0,0,0,0,0,0,0,0,0,0,0
1123,0,0,0,0,0,0,0,0,0,0,0,0,0,0,0,0,0,0,0,0,0,0,0,0,0,0,0,0,0,0,0,0,0,0,0,0,0,0,0,0,0,0,0,0,0,0,0,0,0,0,0,0,0,0,0,0,0,0,0,0,0,0,0,0,0,0,0,0,0,0,0,0,0,0,0,0,0,0,0,0,0,0,0,0,0,0,0,0,0,0,0,0,0,0,0,0,0,0,0,0,0,0,0,0,0,0,0,0,0,0,0,0,0,0,0,0,0,0,0,0,0,0,0,0,0,0,0,0,0,0,0,0,0,0,0,0,0,0,0,0,0,0,0,0,0,0,0,0,0,0,0,0,0,0,0,0,0,0,0,0,0,0,0,0,0,0,0,0,0,0,0,0,0,0,0,0,0,0,0,0,0,0,0,0,0,0,0,0,0,0,0,0,0,0,0,0,0,0,0,0
1124,0,0,0,0,0,0,0,0,0,0,0,0,0,0,0,0,0,0,0,0,0,0,0,0,0,0,0,0,0,0,0,0,0,0,0,0,0,0,0,0,0,0,0,0,0,0,0,0,0,0,0,0,0,0,0,0,0,0,0,0,0,0,0,0,0,0,0,0,0,0,0,0,0,0,0,0,0,0,0,0,0,0,0,0,0,0,0,0,0,0,0,0,0,0,0,0,0,0,0,0,0,0,0,0,0,0,0,0,0,0,0,0,0,0,0,0,0,0,0,0,0,0,0,0,0,0,0,0,0,0,0,0,0,0,0,0,0,0,0,0,0,0,0,0,0,0,0,0,0,0,0,0,0,0,0,0,0,0,0,0,0,0,0,0,0,0,0,0,0,0,0,0,0,0,0,0,0,0,0,0,0,0,0,0,0,0,0,0,0,0,0,0,0,0,0,0,0,0,0,0
1125,0,0,0,0,0,0,0,0,0,0,0,0,0,0,0,0,0,0,0,0,0,0,0,0,0,0,0,0,0,0,0,0,0,0,0,0,0,0,0,0,0,0,0,0,0,0,0,0,0,0,0,0,0,0,0,0,0,0,0,0,0,0,0,0,0,0,0,0,0,0,0,0,0,0,0,0,0,0,0,0,0,0,0,0,0,0,0,0,0,0,0,0,0,0,0,0,0,0,0,0,0,0,0,0,0,0,0,0,0,0,0,0,0,0,0,0,0,0,0,0,0,0,0,0,0,0,0,0,0,0,0,0,0,0,0,0,0,0,0,0,0,0,0,0,0,0,0,0,0,0,0,0,0,0,0,0,0,0,0,0,0,0,0,0,0,0,0,0,0,0,0,0,0,0,0,0,0,0,0,0,0,0,0,0,0,0,0,0,0,0,0.0000000000,0,0,0,0,0,0,0,0,0
1126,0,0,0,0,0,0,0,0,0,0,0,0,0,0,0,0,0,0,0,0,0,0,0,0,0,0,0,0,0,0,0,0,0,0,0,0,0,0,0,0,0,0,0,0,0,0,0,0,0,0,0,0,0,0,0,0,0,0,0,0,0,0,0,0,0,0,0,0,0,0,0,0,0,0,0,0,0,0,0,0,0,0,0,0,0,0,0,0,0,0,0,0,0,0,0,0,0,0,0,0,0,0,0,0,0,0,0,0,0,0,0,0,0,0,0,0,0,0,0,0,0,0,0,0,0,0,0,0,0,0,0,0,0,0,0,0,0,0,0,0,0,0,0,0,0,0,0,0,0,0,0,0,0,0,0,0,0,0,0,0,0,0,0,0,0,0,0,0,0,0,0,0,0,0,0,0,0,0,0,0,0,0,0,0,0,0,0,0,0,0,0,0,0,0,0,0,0,0,0,0
1127,0,0,0,0,0,0,0,0,0,0,0,0,0,0,0,0,0,0,0,0,0,0,0,0,0,0,0,0,0,0,0,0,0,0,0,0,0,0,0,0,0,0,0,0,0,0,0,0,0,0,0,0,0,0,0,0,0,0,0,0,0,0,0,0,0,0,0,0,0,0,0,0,0,0,0,0,0,0,0,0,0,0,0,0,0,0,0,0,0,0,0,0,0,0,0,0,0,0,0,0,0,0,0,0,0,0,0,0,0,0,0,0,0,0,0,0,0,0,0,0,0,0,0,0,0,0,0,0,0,0,0,0,0,0,0,0,0,0,0,0,0,0,0,0,0,0,0,0,0,0,0,0,0,0,0,0,0,0,0,0,0,0,0,0,0,0,0,0,0,0,0,0,0,0,0,0,0,0,0,0,0,0,0,0,0,0,0,0,0,0,0,0,0,0,0,0,0,0,0,0
1128,0,0,0,0,0,0,0,0,0,0,0,0,0,0,0,0,0,0,0,0,0,0,0,0,0,0,0,0,0,0,0,0,0,0,0,0,0,0,0,0,0,0,0,0,0,0,0,0,0,0,0,0,0,0,0,0,0,0,0,0,0,0,0,0,0,0,0,0,0,0,0,0,0,0,0,0,0,0,0,0,0,0,0,0,0,0,0,0,0,0,0,0,0,0,0,0,0,0,0,0,0,0,0,0,0,0,0,0,0,0,0,0,0,0,0,0,0,0,0,0,0,0,0,0,0,0,0,0,0,0,0,0,0,0,0,0,0,0,0,0,0,0,0,0,0,0,0,0,0,0,0,0,0,0,0,0,0,0,0,0,0,0,0,0,0,0,0,0,0,0,0,0,0,0,0,0,0,0,0,0,0,0,0,0,0,0,0,0,0,0,0,0,0,0,0,0,0,0,0,0
1129,0,0,0,0,0,0,0,0,0,0,0,0,0,0,0,0,0,0,0,0,0,0,0,0,0,0,0,0,0,0,0,0,0,0,0,0,0,0,0,0,0,0,0,0,0,0,0,0,0,0,0,0,0,0,0,0,0,0,0,0,0,0,0,0,0,0,0,0,0,0,0,0,0,0,0,0,0,0,0,0,0,0,0,0,0,0,0,0,0,0,0,0,0,0,0,0,0,0,0,0,0,0,0,0,0,0,0,0,0,0,0,0,0,0,0,0,0,0,0,0,0,0,0,0,0,0,0,0,0,0,0,0,0,0,0,0,0,0,0,0,0,0,0,0,0,0,0,0,0,0,0,0,0,0,0,0,0,0,0,0,0,0,0,0,0,0,0,0,0,0,0,0,0,0,0,0,0,0,0,0,0,0,0,0,0,0,0,0,0,0,0,0,0,0,0,0,0,0,0,0
1130,0,0,0,0,0,0,0,0,0,0,0,0,0,0,0,0,0,0,0,0,0,0,0,0,0,0,0,0,0,0,0,0,0,0,0,0,0,0,0,0,0,0,0,0,0,0,0,0,0,0,0,0,0,0,0,0,0,0,0,0,0,0,0,0,0,0,0,0,0,0,0,0,0,0,0,0,0,0,0,0,0,0,0,0,0,0,0,0,0,0,0,0,0,0,0,0,0,0,0,0,0,0,0,0,0,0,0,0,0,0,0,0,0,0,0,0,0,0,0,0,0,0,0,0,0,0,0,0,0,0,0,0,0,0,0,0,0,0,0,0,0,0,0,0,0,0,0,0,0,0,0,0,0,0,0,0,0,0,0,0,0,0,0,0,0,0,0,0,0,0,0,0,0,0,0,0,0,0,0,0,0,0,0,0,0,0,0,0,0,0,0,0,0,0,0,0,0,0,0,0
1131,0,0,0,0,0,0,0,0,0,0,0,0,0,0,0,0,0,0,0,0,0,0,0,0,0,0,0,0,0,0,0,0,0,0,0,0,0,0,0,0,0,0,0,0,0,0,0,0,0,0,0,0,0,0,0,0,0,0,0,0,0,0,0,0,0,0,0,0,0,0,0,0,0,0,0,0,0,0,0,0,0,0,0,0,0,0,0,0,0,0,0,0,0,0,0,0,0,0,0,0,0,0,0,0,0,0,0,0,0,0,0,0,0,0,0,0,0,0,0,0,0,0,0,0,0,0,0,0,0,0,0,0,0,0,0,0,0,0,0,0,0,0,0,0,0,0,0,0,0,0,0,0,0,0,0,0,0,0,0,0,0,0,0,0,0,0,0,0,0,0,0,0,0,0,0,0,0,0,0,0,0,0,0,0,0,0,0,0,0,0,0,0,0,0,0,0,0,0,0,0
1132,0,0,0,0,0,0,0,0,0,0,0,0,0,0,0,0,0,0,0,0,0,0,0,0,0,0,0,0,0,0,0,0,0,0,0,0,0,0,0,0,0,0,0,0,0,0,0,0,0,0,0,0,0,0,0,0,0,0,0,0,0,0,0,0,0,0,0,0,0,0,0,0,0,0,0,0,0,0,0,0,0,0,0,0,0,0,0,0,0,0,0,0,0,0,0,0,0,0,0,0,0,0,0,0,0,0,0,0,0,0,0,0,0,0,0,0,0,0,0,0,0,0,0,0,0,0,0,0,0,0,0,0,0,0,0,0,0,0,0,0,0,0,0,0,0,0,0,0,0,0,0,0,0,0,0,0,0,0,0,0,0,0,0,0,0,0,0,0,0,0,0,0,0,0,0,0,0,0,0,0,0,0,0,0,0,0,0,0,0,0,0,0,0,0,0,0,0,0,0,0
1133,29417.3038337959,141113.5281688948,119443.0984605256,50576.9278711420,71935.6480297245,87530.4220225903,140221.7130006737,72512.2357449250,12471.8310208053,103441.0140735754,35974.4142054375,113314.4389001697,44066.9170078325,105004.5776051497,92270.3299379842,130071.5133195933,11856.6220658433,68256.7975946810,116442.8732911264,73980.8608692927,118255.2875103689,92627.5472048976,87759.7756968870,57094.3435331840,92663.1512227181,12668.4456484612,52387.7197744433,27631.1102906758,84603.6779178152,92296.0490247921,76899.5663967533,126697.6068208845,40233.9295623311,21295.7185633929,32182.8507726148,103828.1399141170,48653.6593803517,103415.8963644337,57701.8857049556,117586.2334209466,133130.1630699280,15885.8371419270,73646.7785232333,86059.0518878975,74400.0913582268,129115.1310860006,17148.8590565361,8.1211710313,104186.8296830199,46134.5458582967,118783.8928361524,128757.1114747125,55806.9818087246,71268.4216496723,104156.5393952984,93898.8121192712,61368.5382989715,63362.8956936893,42944.6439578133,83217.5372268711,21989.8496342619,87212.0824978668,94225.7439554105,39921.6195516007,44015.8048388328,82445.3392616390,109110.1783512366,99185.4129867669,81208.0326763952,21316.8284454780,69135.8784417943,115822.0631802940,34408.3915271997,95497.4105115992,20675.4018930843,64733.7086593070,131904.1018562309,8192.7981467371,80737.4257592526,30585.5562177339,109050.3159820432,79316.5992816533,82411.6868474093,38858.9850273963,52916.5700175788,9315.1055420856,124285.4986119526,82322.0053378212,65729.9438061354,95466.0582937243,81869.5624257128,100577.2179017292,89315.0026399527,49457.6415833585,64493.3822920139,123207.1963358422,41201.4606151446,89495.2749336323,126440.1572172112,53289.9053909187,76742.2589670239,107463.1058097804,136685.4331814556,76589.7278632173,27750.3900303267,95368.1379121436,73641.6255575859,36826.0573897369,101526.6040709071,97495.3773938178,15796.7331701800,34734.5809113125,11556.3069789644,82651.9270010859,121929.9920382881,42669.3068773182,76149.1636482660,92766.3379135794,45605.5655847344,110658.3831757884,61404.6587149109,100403.1167767043,20391.7318489411,101633.1734837647,113020.6919078098,96474.7382906602,116310.0638706257,112961.9080764803,24077.3439067684,107544.8535154560,50017.6712340060,123247.9949426774,97265.1755923268,58464.7662848953,13979.3852294294,89031.0483247340,38671.6026347679,87310.2479589130,3389.4810880512,57085.0825340536,62362.6525274663,98637.2226391234,90520.3314721465,95513.1978429415,49476.2543105875,69331.2612615457,129230.9264956815,109752.1216032137,109915.2924697506,10352.4274509314,115203.4112433814,86544.1409692143,67551.5935338580,75051.8290087685,85998.7506355013,76338.5624808565,41842.3102260444,64526.8679846344,86452.0357316545,81875.4470381057,70825.8125551759,123571.5727315982,14867.4956918359,58612.1538636690,45857.4159616806,69258.9648949585,67816.9798317783,28734.5790272336,40212.8933849417,83423.2113376293,51662.6320969397,90876.2879155198,67636.8574354229,101155.6847626365,38267.4984378899,95280.3078449559,81196.3657354845,24336.0163138917,32437.4286727191,100104.4897522565,23290.4523817928,77692.3048999049,78957.6820306115,33091.9184184402,57726.0750445462,77769.9651656650,91702.6799788017,23497.4194409681,17516.4322501552,34582.5579685879,37363.2949789481,81995.2358861197,43745.7244470719,88363.3135108749,84375.6999100392,40690.8052058311,97458.8522844981,75484.3377783507,80316.9463606765,82372.8594725661
1134,46196.0723602543,93182.1518280742,91766.2756722904,58907.3693034319,24610.9170857119,86379.4887146818,97598.5636324361,43736.6510366364,59225.5994288640,57709.2321852198,20151.5172259306,66365.4475143450,18153.5799767545,68110.1912187650,73086.6613534041,83628.0006671034,36148.0107924350,25530.9906481956,68612.4048449815,65268.5597198775,75588.0448728627,44744.8531182336,47433.6154687837,19501.1374041969,63307.4860738387,53807.9586693742,2035.8692864797,28986.9070342261,39004.7343938581,81622.8274803903,57152.6824968936,78860.5456638148,37379.6815633154,34459.1641637901,15839.8014038904,77854.6047895356,27482.3912300609,61791.0777855122,27816.1332649101,72145.3239479292,88542.6062010221,47873.3033560669,26277.2505244858,51958.3822432829,36981.6437865552,81413.6211907381,41188.3695911581,49533.3662805561,56593.6408799978,11254.8369377177,71752.1022197701,87046.4659647444,13530.2976970430,70372.4548203738,73154.5778944846,49967.4929059441,15769.1044891650,15518.0188344003,10048.8423551608,35330.9966923871,26411.0216396805,63616.0762979336,47430.4798237017,51096.3549743509,28771.5639853268,53945.5828035245,65011.5745737951,82862.2617666790,75416.4311817640,50650.5985740481,55501.5341308312,68089.2634732306,18960.4221378753,59717.8862917000,28837.8344923926,27938.6757242059,83969.1375060760,45058.1301718000,37964.7110019447,36661.6751099321,62199.9370673416,81261.8205237567,35065.7046802999,10440.2164929232,18879.9750972837,43048.5831012497,80200.8194557122,70918.2445799402,35059.5634447963,69740.1320371309,65219.6281839897,79873.7975833923,83246.3418045889,19242.6557334569,18812.1562568797,75273.0008177373,29264.2262861691,74710.5985282007,81009.9578359483,9897.9445036176,31084.4332902336,67896.0909557906,88893.9010389511,42964.0966455295,24042.5787733934,54134.9662163622,50228.4721610282,43475.1832622561,57658.9869646285,64982.8347587614,33751.1800113637,29215.2070318494,50475.8727570740,45181.8315379205,74329.7722723122,22135.5592284484,28213.3894672066,54217.9889727808,3917.1903225256,65007.1975007089,21210.7163384483,60982.8708791845,33936.8268536120,54730.0725315749,65083.8496575160,50883.1981656664,72150.7572716951,65511.6572486807,40931.1364507658,78685.6259267895,10441.4735665520,76914.3609852984,49657.4269015715,10793.2197485230,48121.8019973721,41638.5714988929,22468.6599215627,43973.7840847448,50943.2341737950,10224.3759545327,20489.7941869039,69778.6165493575,58503.7563420225,73068.4653487889,22667.9674810922,21395.0297251622,85816.3805054901,61964.7585262573,68521.1207664230,42310.0988929820,68840.2561024728,66757.1051999066,21578.7687066456,70130.1039228283,76749.7592095283,63560.3688924480,16242.3550881545,16938.4912871062,59715.0100916990,41672.5945653546,25419.3580500338,81387.1185057322,35958.9749188004,23668.6627062658,58686.8016757910,34436.0400986276,20493.4671030250,22068.4066871081,13151.8336869771,80774.6168255109,15008.6171566137,45267.4018899108,50680.1518036295,77598.7442989434,9707.6944702000,81294.1631107208,33313.2236584305,47272.5162463743,24230.6651230916,62800.1644952319,24824.8690125869,48700.3226726497,70772.9233146800,15565.9225014542,15340.2911614506,77087.8239459976,49425.1318767058,29151.9071875566,30424.3676733780,47218.5051191176,15134.0383652913,60729.3970055958,23627.8348245208,51838.0579080802,86015.7798545222,32484.8558451425,54570.6641659990,59743.7228702816,54809.9454545521,51119.6805686136
1135,0,0,0,0,0,0,0,0,0,0,0,0,0,0,0,0,0,0,0,0,0,0,0,0,0,0,0,0,0,0,0,0,0,0,0,0,0,0,0,0,0,0,0,0,0,0,0,0,0,0,0,0,0,0,0,0,0,0,0,0,0,0,0,0,0,0,0,0,0,0,0,0,0,0,0,0,0,0,0,0,0,0,0,0,0,0,0,0,0,0,0,0,0,0,0,0,0,0,0,0,0,0,0,0,0,0,0,0,0,0,0,0,0,0,0,0,0,0,0,0,0,0,0,0,0,0,0,0,0,0,0,0,0,0,0,0,0,0,0,0,0,0,0,0,0,0,0,0,0,0,0,0,0,0,0,0,0,0,0,0,0,0,0,0,0,0,0,0,0,0,0,0,0,0,0,0,0,0,0,0,0,0,0,0,0,0,0,0,0,0,0,0,0,0,0,0,0,0,0,0
1136,0,0,0,0,0,0,0,0,0,0,0,0,0,0,0,0,0,0,0,0,0,0,0,0,0,0,0,0,0,0,0,0,0,0,0,0,0,0,0,0,0,0,0,0,0,0,0,0,0,0,0,0,0,0,0,0,0,0,0,0,0,0,0,0,0,0,0,0,0,0,0,0,0,0,0,0,0,0,0,0,0,0,0,0,0,0,0,0,0,0,0,0,0,0,0,0,0,0,0,0,0,0,0,0,0,0,0,0,0,0,0,0,0,0,0,0,0,0,0,0,0,0,0,0,0,0,0,0,0,0,0,0,0,0,0,0,0,0,0,0,0,0,0,0,0,0,0,0,0,0,0,0,0,0,0,0,0,0,0,0,0,0,0,0,0,0,0,0,0,0,0,0,0,0,0,0,0,0,0,0,0,0,0,0,0,0,0,0,0,0,0,0,0,0,0,0,0,0,0,0
1137,0,0,0,0,0,0,0,0,0,0,0,0,0,0,0,0,0,0,0,0,0,0,0,0,0,0,0,0,0,0,0,0,0,0,0,0,0,0,0,0,0,0,0,0,0,0,0,0,0,0,0,0,0,0,0,0,0,0,0,0,0,0,0,0,0,0,0,0,0,0,0,0,0,0,0,0,0,0,0,0,0,0,0,0,0,0,0,0,0,0,0,0,0,0,0,0,0,0,0,0,0,0,0,0,0,0,0,0,0,0,0,0,0,0,0,0,0,0,0,0,0,0,0,0,0,0,0,0,0,0,0,0,0,0,0,0,0,0,0,0,0,0,0,0,0,0,0,0,0,0,0,0,0,0,0,0,0,0,0,0,0,0,0,0,0,0,0,0,0,0,0,0,0,0,0,0,0,0,0,0,0,0,0,0,0,0,0,0,0,0,0,0,0,0,0,0,0,0,0,0
1138,0,0,0,0,0,0,0,0,0,0,0,0,0,0,0,0,0,0,0,0,0,0,0,0,0,0,0,0,0,0,0,0,0,0,0,0,0,0,0,0,0,0,0,0,0,0,0,0,0,0,0,0,0,0,0,0,0,0,0,0,0,0,0,0,0,0,0,0,0,0,0,0,0,0,0,0,0,0,0,0,0,0,0,0,0,0,0,0,0,0,0,0,0,0,0,0,0,0,0,0,0,0,0,0,0,0,0,0,0,0,0,0,0,0,0,0,0,0,0,0,0,0,0,0,0,0,0,0,0,0,0,0,0,0,0,0,0,0,0,0,0,0,0,0,0,0,0,0,0,0,0,0,0,0,0,0,0,0,0,0,0,0,0,0,0,0,0,0,0,0,0,0,0,0,0,0,0,0,0,0,0,0,0,0,0,0,0,0,0,0,0,0,0,0,0,0,0,0,0,0
1139,0,0,0,0,0,0,0,0,0,0,0,0,0,0,0,0,0,0,0,0,0,0,0,0,0,0,0,0,0,0,0,0,0,0,0,0,0,0,0,0,0,0,0,0,0,0,0,0,0,0,0,0,0,0,0,0,0,0,0,0,0,0,0,0,0,0,0,0,0,0,0,0,0,0,0,0,0,0,0,0,0,0,0,0,0,0,0,0,0,0,0,0,0,0,0,0,0,0,0,0,0,0,0,0,0,0,0,0,0,0,0,0,0,0,0,0,0,0,0,0,0,0,0,0,0,0,0,0,0,0,0,0,0,0,0,0,0,0,0,0,0,0,0,0,0,0,0,0,0,0,0,0,0,0,0,0,0,0,0,0,0,0,0,0,0,0,0,0,0,0,0,0,0,0,0,0,0,0,0,0,0,0,0,0,0,0,0,0,0,0,0,0,0,0,0,0,0,0,0,0
1140,0,0,0,0,0,0,0,0,0,0,0,0,0,0,0,0,0,0,0,0,0,0,0,0,0,0,0,0,0,0,0,0,0,0,0,0,0,0,0,0,0,0,0,0,0,0,0,0,0,0,0,0,0,0,0,0,0,0,0,0,0,0,0,0,0,0,0,0,0,0,0,0,0,0,0,0,0,0,0,0,0,0,0,0,0,0,0,0,0,0,0,0,0,0,0,0,0,0,0,0,0,0,0,0,0,0,0,0,0,0,0,0,0,0,0,0,0,0,0,0,0,0,0,0,0,0,0,0,0,0,0,0,0,0,0,0,0,0,0,0,0,0,0,0,0,0,0,0,0,0,0,0,0,0,0,0,0,0,0,0,0,0,0,0,0,0,0,0,0,0,0,0,0,0,0,0,0,0,0,0,0,0,0,0,0,0,0,0,0,0,0,0,0,0,0,0,0,0,0,0
1141,0,0,0,0,0,0,0,0,0,0,0,0,0,0,0,0,0,0,0,0,0,0,0,0,0,0,0,0,0,0,0,0,0,0,0,0,0,0,0,0,0,0,0,0,0,0,0,0,0,0,0,0,0,0,0,0,0,0,0,0,0,0,0,0,0,0,0,0,0,0,0,0,0,0,0,0,0,0,0,0,0,0,0,0,0,0,0,0,0,0,0,0,0,0,0,0,0,0,0,0,0,0,0,0,0,0,0,0,0,0,0,0,0,0,0,0,0,0,0,0,0,0,0,0,0,0,0,0,0,0,0,0,0,0,0,0,0,0,0,0,0,0,0,0,0,0,0,0,0,0,0,0,0,0,0,0,0,0,0,0,0,0,0,0,0,0,0,0,0,0,0,0,0,0,0,0,0,0,0,0,0,0,0,0,0,0,0,0,0,0,0,0,0,0,0,0,0,0,0,0
1142,0,0,0,0,0,0,0,0,0,0,0,0,0,0,0,0,0,0,0,0,0,0,0,0,0,0,0,0,0,0,0,0,0,0,0,0,0,0,0,0,0,0,0,0,0,0,0,0,0,0,0,0,0,0,0,0,0,0,0,0,0,0,0,0,0,0,0,0,0,0,0,0,0,0,0,0,0,0,0,0,0,0,0,0,0,0,0,0,0,0,0,0,0,0,0,0,0,0,0,0,0,0,0,0,0,0,0,0,0,0,0,0,0,0,0,0,0,0,0,0,0,0,0,0,0,0,0,0,0,0,0,0,0,0,0,0,0,0,0,0,0,0,0,0,0,0,0,0,0,0,0,0,0,0,0,0,0,0,0,0,0,0,0,0,0,0,0,0,0,0,0,0,0,0,0,0,0,0,0,0,0,0,0,0,0,0,0,0,0,0,0,0,0,0,0,0,0,0,0,0
1143,0,0,0,0,0,0,0,0,0,0,0,0,0,0,0,0,0,0,0,0,0,0,0,0,0,0,0,0,0,0,0,0,0,0,0,0,0,0,0,0,0,0,0,0,0,0,0,0,0,0,0,0,0,0,0,0,0,0,0,0,0,0,0,0,0,0,0,0,0,0,0,0,0,0,0,0,0,0,0,0,0,0,0,0,0,0,0,0,0,0,0,0,0,0,0,0,0,0,0,0,0,0,0,0,0,0,0,0,0,0,0,0,0,0,0,0,0,0,0,0,0,0,0,0,0,0,0,0,0,0,0,0,0,0,0,0,0,0,0,0,0,0,0,0,0,0,0,0,0,0,0,0,0,0,0,0,0,0,0,0,0,0,0,0,0,0,0,0,0,0,0,0,0,0,0,0,0,0,0,0,0,0,0,0,0,0,0,0,0,0,0,0,0,0,0,0,0,0,0,0
1144,0,0,0,0,0,0,0,0,0,0,0,0,0,0,0,0,0,0,0,0,0,0,0,0,0,0,0,0,0,0,0,0,0,0,0,0,0,0,0,0,0,0,0,0,0,0,0,0,0,0,0,0,0,0,0,0,0,0,0,0,0,0,0,0,0,0,0,0,0,0,0,0,0,0,0,0,0,0,0,0,0,0,0,0,0,0,0,0,0,0,0,0,0,0,0,0,0,0,0,0,0,0,0,0,0,0,0,0,0,0,0,0,0,0,0,0,0,0,0,0,0,0,0,0,0,0,0,0,0,0,0,0,0,0,0,0,0,0,0,0,0,0,0,0,0,0,0,0,0,0,0,0,0,0,0,0,0,0,0,0,0,0,0,0,0,0,0,0,0,0,0,0,0,0,0,0,0,0,0,0,0,0,0,0,0,0,0,0,0,0,0,0,0,0,0,0,0,0,0,0
1145,0,0,0,0,0,0,0,0,0,0,0,0,0,0,0,0,0,0,0,0,0,0,0,0,0,0,0,0,0,0,0,0,0,0,0,0,0,0,0,0,0,0,0,0,0,0,0,0,0,0,0,0,0,0,0,0,0,0,0,0,0,0,0,0,0,0,0,0,0,0,0,0,0,0,0,0,0,0,0,0,0,0,0,0,0,0,0,0,0,0,0,0,0,0,0,0,0,0,0,0,0,0,0,0,0,0,0,0,0,0,0,0,0,0,0,0,0,0,0,0,0,0,0,0,0,0,0,0,0,0,0,0,0,0,0,0,0,0,0,0,0,0,0,0,0,0,0,0,0,0,0,0,0,0,0,0,0,0,0,0,0,0,0,0,0,0,0,0,0,0,0,0,0,0,0,0,0,0,0,0,0,0,0,0,0,0,0,0,0,0,0,0,0,0,0,0,0,0,0,0
1146,0,0,0,0,0,0,0,0,0,0,0,0,0,0,0,0,0,0,0,0,0,0,0,0,0,0,0,0,0,0,0,0,0,0,0,0,0,0,0,0,0,0,0,0,0,0,0,0,0,0,0,0,0,0,0,0,0,0,0,0,0,0,0,0,0,0,0,0,0,0,0,0,0,0,0,0,0,0,0,0,0,0,0,0,0,0,0,0,0,0,0,0,0,0,0,0,0,0,0,0,0,0,0,0,0,0,0,0,0,0,0,0,0,0,0,0,0,0,0,0,0,0,0,0,0,0,0,0,0,0,0,0,0,0,0,0,0,0,0,0,0,0,0,0,0,0,0,0,0,0,0,0,0,0,0,0,0,0,0,0,0,0,0,0,0,0,0,0,0,0,0,0,0,0,0,0,0,0,0,0,0,0,0,0,0,0,0,0,0,0,0,0,0,0,0,0,0,0,0,0
1147,0,0,0,0,0,0,0,0,0,0,0,0,0,0,0,0,0,0,0,0,0,0,0,0,0,0,0,0,0,0,0,0,0,0,0,0,0,0,0,0,0,0,0,0,0,0,0,0,0,0,0,0,0,0,0,0,0,0,0,0,0,0,0,0,0,0,0,0,0,0,0,0,0,0,0,0,0,0,0,0,0,0,0,0,0,0,0,0,0,0,0,0,0,0,0,0,0,0,0,0,0,0,0,0,0,0,0,0,0,0,0,0,0,0,0,0,0,0,0,0,0,0,0,0,0,0,0,0,0,0,0,0,0,0,0,0,0,0,0,0,0,0,0,0,0,0,0,0,0,0,0,0,0,0,0,0,0,0,0,0,0,0,0,0,0,0,0,0,0,0,0,0,0,0,0,0,0,0,0,0,0,0,0,0,0,0,0,0,0,0,0,0,0,0,0,0,0,0,0,0
1148,0,0,0,0,0,0,0,0,0,0,0,0,0,0,0,0,0,0,0,0,0,0,0,0,0,0,0,0,0,0,0,0,0,0,0,0,0,0,0,0,0,0,0,0,0,0,0,0,0,0,0,0,0,0,0,0,0,0,0,0,0,0,0,0,0,0,0,0,0,0,0,0,0,0,0,0,0,0,0,0,0,0,0,0,0,0,0,0,0,0,0,0,0,0,0,0,0,0,0,0,0,0,0,0,0,0,0,0,0,0,0,0,0,0,0,0,0,0,0,0,0,0,0,0,0,0,0,0,0,0,0,0,0,0,0,0,0,0,0,0,0,0,0,0,0,0,0,0,0,0,0,0,0,0,0,0,0,0,0,0,0,0,0,0,0,0,0,0,0,0,0,0,0,0,0,0,0,0,0,0,0,0,0,0,0,0,0,0,0,0,0,0,0,0,0,0,0,0,0,0
1149,0,0,0,0,0,0,0,0,0,0,0,0,0,0,0,0,0,0,0,0,0,0,0,0,0,0,0,0,0,0,0,0,0,0,0,0,0,0,0,0,0,0,0,0,0,0,0,0,0,0,0,0,0,0,0,0,0,0,0,0,0,0,0,0,0,0,0,0,0,0,0,0,0,0,0,0,0,0,0,0,0,0,0,0,0,0,0,0,0,0,0,0,0,0,0,0,0,0,0,0,0,0,0,0,0,0,0,0,0,0,0,0,0,0,0,0,0,0,0,0,0,0,0,0,0,0,0,0,0,0,0,0,0,0,0,0,0,0,0,0,0,0,0,0,0,0,0,0,0,0,0,0,0,0,0,0,0,0,0,0,0,0,0,0,0,0,0,0,0,0,0,0,0,0,0,0,0,0,0,0,0,0,0,0,0,0,0,0,0,0,0,0,0,0,0,0,0,0,0,0
1150,53665.5561349573,79338.9357919582,67338.2574034723,84458.1323761903,27784.4529308876,73960.9925106120,73745.8760182229,22899.6478698947,80470.7849539159,37071.1776866363,45625.9927454985,60962.2731844013,23343.9172056209,42517.7439126408,52947.7218978870,63859.5064599316,55413.4617004943,105.5001285144,54251.1153658419,51993.9028083013,51647.0723029321,33317.4249619235,22081.1656364010,39793.0839176691,39442.9519019909,68936.3907248911,22861.9769032875,41023.9451930239,19023.2745876069,64828.5915898176,39019.0724622452,68001.0093065657,39038.4919229934,58304.0337922637,36817.9735733580,54434.4784404995,51966.8651632892,37148.4086290924,15325.7568152186,50846.1153824222,66178.0810109197,70830.9159766381,16302.0457207825,27070.0432862314,11949.2106262078,65569.9817122201,54840.3296227728,68959.1324004182,41336.1659138648,36240.6088445346,53589.9609462442,62656.7340686545,12437.0214744355,60524.1702039941,48335.9724836844,26959.0741771860,29509.4291337928,18078.4528869925,25919.8977274430,29634.3180285754,48184.7706840058,42323.3959772137,29740.5575429275,53511.9408387386,28968.1378101429,31331.1214899500,42158.4230411937,63186.6250256816,61996.4378498501,61954.2938347002,41562.5935665204,58836.8611424778,32565.8949391474,34229.3166748062,46276.8963852378,10124.4133469935,70623.3829071581,61699.3421847156,13790.2064897780,44314.0320761383,43838.5454583163,71154.2147702450,21499.3387264970,35326.7200309327,14483.5572464196,64501.7836956349,57351.9692188654,55123.4323580221,16019.3569311150,46898.0367148784,47421.9337134724,58449.6069602922,68634.2599116756,43170.9165374138,9686.5853620903,62270.0320217882,54746.6037511819,56602.7798979753,59638.1217272657,30908.5545506415,12594.8574735680,42600.2484444729,73419.3349096623,19123.8261923525,48220.1018385456,29212.9861502476,31352.6188884551,47020.0957597768,34575.2096954625,40018.9925812671,55565.7153301443,36255.7217331286,71847.6311178332,19695.5511135404,58179.0080505696,47491.4304690064,23750.1620227369,28649.7559149528,28813.2407349413,44100.5798888533,9441.4867805788,35590.3177788317,48225.2789575784,36865.1189854919,53132.8368429783,30188.8335334035,49361.0838133130,49030.5366498476,51353.8733608810,54287.1426904612,19291.8335515433,57022.2392310433,35106.7141257386,23292.7267209243,62343.0074191314,26960.3342453388,29668.5060937218,20358.1706172695,68185.8305521198,16592.7311301412,36650.8657340723,45733.1909689243,33955.8193810155,51397.0110929152,19887.9668440527,20948.2875451404,62435.7199547874,47621.1296320576,43841.0248106929,61538.4355658007,49144.4961461156,47039.0087861925,30784.3076837283,58072.2536874504,61282.2425169900,48268.6020434418,41757.0696438640,23981.0308034214,37303.2377795080,16192.8667023968,10730.7001733032,57201.3320289703,52593.5240920325,10342.8530697517,84271.3490338569,11803.0080538347,14566.0229438061,38219.7517573010,26922.6690900556,68276.9752894090,37805.9503530577,24845.7897359916,35998.3371797789,55123.7899837832,32050.9582060778,62879.3568486168,24617.7840152313,57152.3645677698,35444.6379016240,37208.0998187237,44473.3718201401,26611.7095387267,56778.8567732125,39162.4607163520,33761.0783558741,66187.5692103220,24996.1551619468,52927.7906417497,50626.3788197342,52095.3181036175,40495.3711542877,41069.8563206202,25827.8136851335,26365.3936487041,75109.3215514681,34426.5607114884,30626.3035092209,43481.5953304641,33708.2364701045,27459.7608330034
1151,0,0,0,0,0,0,0,0,0,0,0,0,0,0,0,0,0,0,0,0,0,0,0,0,0,0,0,0,0,0,0,0,0,0,0,0,0,0,0,0,0,0,0,0,0,0,0,0,0,0,0,0,0,0,0,0,0,0,0,0,0,0,0,0,0,0,0,0,0,0,0,0,0,0,0,0,0,0,0,0,0,0,0,0,0,0,0,0,0,0,0,0,0,0,0,0,0,0,0,0,0,0,0,0,0,0,0,0,0,0,0,0,0,0,0,0,0,0,0,0,0,0,0,0,0,0,0,0,0,0,0,0,0,0,0,0,0,0,0,0,0,0,0,0,0,0,0,0,0,0,0,0,0,0,0,0,0,0,0,0,0,0,0,0,0,0,0,0,0,0,0,0,0,0,0,0,0,0,0,0,0,0,0,0,0,0,0,0,0,0,0,0,0,0,0,0,0,0,0,0
1152,61943.4031510183,90615.4679523437,107110.0986569745,48795.1195523439,22137.6146146190,105164.2599729635,105049.5502730087,60832.4457856895,63230.4152712366,63378.6856545681,19962.7301314123,59255.4992517131,36836.9379292523,80714.6149705683,90789.3656154288,86746.6659099852,45210.6529937340,38714.5240724868,68007.8620868864,84003.8047108718,83832.3125861835,45172.7480164401,59421.4710942797,14.6720991232,79156.6975570194,64639.8457360786,18426.7576832498,44457.7760876478,46698.8763134231,100102.1810495643,75214.4521627656,74752.3372534623,55351.1889250230,36666.5153758449,28341.4958842097,94072.2382309154,14565.3814126142,71696.1940455827,45902.4719889999,77402.0496527461,94245.2960245210,50072.3520528228,32334.2786099510,66825.9769422240,51733.3604074478,81113.7300691716,54222.0206649725,56723.3704148120,57935.3549019343,10757.6769416767,74070.8450615334,95641.8000678329,30033.5839472125,89119.9048086289,88045.2460670833,58615.6235367571,11896.4459750578,22746.1175899244,25435.0938372437,34273.5886030799,34341.2347797866,80846.9718469201,51934.3345228598,68268.0098030085,47354.0707751433,70501.1577815495,72364.8314350048,100758.5832863142,94171.2811296450,64251.8219217138,74141.0729767398,63615.5290803859,35530.4764157428,73350.9858307473,40928.7029893857,44119.0370241360,81475.5416611511,55463.9520624468,49077.2824854089,53067.5001738730,65457.0465560164,99991.4924723809,39532.9449356421,19562.1756504037,37130.5216308009,48355.9356442656,86807.4503421680,89474.3215659164,52356.1914382985,86291.5584397872,83431.1766506995,97162.4453182356,101955.5924229010,7146.6610764512,30530.0577496999,73068.5779577989,21102.4193562196,92930.5632986499,85889.2783151769,9422.2353621250,39908.2527098883,78939.2460043613,87880.5060444244,58700.5803520230,28020.3805809826,64893.4447896292,68020.4660961073,60694.8662334018,65752.9743595098,79696.6018967897,39974.3125991721,46516.8592832631,55057.6836850908,59070.7532102873,74741.4447824128,14935.9432006961,29457.5465723147,66769.2964335075,17487.5255986939,70331.8869746224,36976.3792505943,72530.8160402827,47454.6424879489,58360.3653720213,62928.0005062705,57310.7487562977,79043.6643809399,66894.3370795958,55791.4006486669,94069.3051096422,25532.0396226708,80500.5465821639,51447.0629727699,16555.2730129407,60096.2628083774,45068.6567983886,40456.0077174587,53837.5433336436,60235.7160019513,23518.9771053692,10875.9471682063,85494.8408987635,73740.4549989389,90215.7883859979,41412.6011192410,24466.9814802111,92909.8703220658,61978.8617342790,78210.2374223344,50536.6675143572,72747.1746599069,84534.2472790441,15896.4115097530,88912.2252648741,95367.8087274128,82128.8854109661,13909.5968246837,18402.7117636941,76426.3341593000,54321.6681437562,35763.9758046735,89805.4404926250,47505.2449980814,41078.7298811942,50323.7942756163,50559.4438505530,28295.4829694746,36571.1730141981,31023.2428826661,99557.9609947949,8332.1941770463,52208.1904431329,69200.4617266919,94388.4911829578,23818.4702106439,99488.4926771860,35147.7900895572,61872.7134724869,40783.6306546619,75481.0534983841,35780.0642005399,65428.6610110122,89486.5381618963,24449.8535539131,10735.9542597530,95857.6373570795,59729.4565209903,32681.2701067626,39472.5118227964,63840.3128061930,18705.2367631786,78464.4995159396,42257.0362445074,65647.6818762336,104771.6762153967,50662.6334982509,63889.1982012579,78160.7605626201,72015.9423210649,67053.1635212659
1153,0,0,0,0,0,0,0,0,0,0,0,0,0,0,0,0,0,0,0,0,0,0,0,0,0,0,0,0,0,0,0,0,0,0,0,0,0,0,0,0,0,0,0,0,0,0,0,0,0,0,0,0,0,0,0,0,0,0,0,0,0,0,0,0,0,0,0,0,0,0,0,0,0,0,0,0,0,0,0,0,0,0,0,0,0,0,0,0,0,0,0,0,0,0,0,0,0,0,0,0,0,0,0,0,0,0,0,0,0,0,0,0,0,0,0,0,0,0,0,0,0,0,0,0,0,0,0,0,0,0,0,0,0,0,0,0,0,0,0,0,0,0,0,0,0,0,0,0,0,0,0,0,0,0,0,0,0,0,0,0,0,0,0,0,0,0,0,0,0,0,0,0,0,0,0,0,0,0,0,0,0,0,0,0,0,0,0,0,0,0,0,0,0,0,0,0,0,0,0,0
1154,0,0,0,0,0,0,0,0,0,0,0,0,0,0,0,0,0,0,0,0,0,0,0,0,0,0,0,0,0,0,0,0,0,0,0,0,0,0,0,0,0,0,0,0,0,0,0,0,0,0,0,0,0,0,0,0,0,0,0,0,0,0,0,0,0,0,0,0,0,0,0,0,0,0,0,0,0,0,0,0,0,0,0,0,0,0,0,0,0,0,0,0,0,0,0,0,0,0,0,0,0,0,0,0,0,0,0,0,0,0,0,0,0,0,0,0,0,0,0,0,0,0,0,0,0,0,0,0,0,0,0,0,0,0,0,0,0,0,0,0,0,0,0,0,0,0,0,0,0,0,0,0,0,0,0,0,0,0,0,0,0,0,0,0,0,0,0,0,0,0,0,0,0,0,0,0,0,0,0,0,0,0,0,0,0,0,0,0,0,0,0,0,0,0,0,0,0,0,0,0
1155,0,0,0,0,0,0,0,0,0,0,0,0,0,0,0,0,0,0,0,0,0,0,0,0,0,0,0,0,0,0,0,0,0,0,0,0,0,0,0,0,0,0,0,0,0,0,0,0,0,0,0,0,0,0,0,0,0,0,0,0,0,0,0,0,0,0,0,0,0,0,0,0,0,0,0,0,0,0,0,0,0,0,0,0,0,0,0,0,0,0,0,0,0,0,0,0,0,0,0,0,0,0,0,0,0,0,0,0,0,0,0,0,0,0,0,0,0,0,0,0,0,0,0,0,0,0,0,0,0,0,0,0,0,0,0,0,0,0,0,0,0,0,0,0,0,0,0,0,0,0,0,0,0,0,0,0,0,0,0,0,0,0,0,0,0,0,0,0,0,0,0,0,0,0,0,0,0,0,0,0,0,0,0,0,0,0,0,0,0,0,0,0,0,0,0,0,0,0,0,0
1156,0,0,0,0,0,0,0,0,0,0,0,0,0,0,0,0,0,0,0,0,0,0,0,0,0,0,0,0,0,0,0,0,0,0,0,0,0,0,0,0,0,0,0,0,0,0,0,0,0,0,0,0,0,0,0,0,0,0,0,0,0,0,0,0,0,0,0,0,0,0,0,0,0,0,0,0,0,0,0,0,0,0,0,0,0,0,0,0,0,0,0,0,0,0,0,0,0,0,0,0,0,0,0,0,0,0,0,0,0,0,0,0,0,0,0,0,0,0,0,0,0,0,0,0,0,0,0,0,0,0,0,0,0,0,0,0,0,0,0,0,0,0,0,0,0,0,0,0,0,0,0,0,0,0,0,0,0,0,0,0,0,0,0,0,0,0,0,0,0,0,0,0,0,0,0,0,0,0,0,0,0,0,0,0,0,0,0,0,0,0,0,0,0,0,0,0,0,0,0,0
1157,0,0,0,0,0,0,0,0,0,0,0,0,0.0000000000,0,0,0,0,0,0,0,0,0,0,0,0,0,0,0,0,0,0,0,0,0,0,0,0,0,0,0,0,0,0,0,0,0,0,0,0,0,0,0,0,0,0,0,0,0,0,0,0,0,0,0,0,0,0,0,0,0,0,0,0,0,0,0,0,0,0,0,0,0,0,0,0,0,0,0,0,0,0,0,0,0,0,0,0,0,0,0,0,0,0,0,0,0,0,0,0,0,0,0,0,0,0,0,0,0,0,0,0,0,0,0,0,0,0,0,0,0,0,0,0,0,0,0,0,0,0,0,0,0,0,0,0,0,0,0,0,0,0,0,0,0,0,0,0,0,0,0,0,0,0,0,0,0,0,0,0,0,0,0,0,0,0,0,0,0,0,0,0,0,0,0,0,0,0,0,0,0,0,0,0,0,0,0,0,0,0,0
1158,56464.5812268600,109247.4749875812,118723.0652046362,64225.0544567657,40506.3250150929,107588.5153480427,122142.0114474675,70245.6486204050,46647.1388095393,80854.0636960733,10020.1470969327,77349.5177500448,40785.1405983009,94866.4902247420,98710.5263741546,105009.5043623548,33830.0924693827,52101.3788145066,86655.8103259567,87964.0373567201,100503.5368777831,63610.7973029946,73887.6062797404,19823.9550683526,90212.8623888522,53032.8808541528,29657.7124460937,40448.3396907605,63210.0873848256,105499.6635764190,82417.1665328215,93281.2080348458,54806.8218366214,21054.6937021267,25158.5563954879,104590.0108906132,7714.0711098548,87491.5291192309,53719.1285003086,95108.3090695618,111902.8384762801,33140.8636752915,49037.6806851314,78999.6156504893,64002.9702658481,99766.1609865413,45809.6542905681,42544.5146388031,76351.0416728511,16273.0450858957,92423.9338193360,112213.7320286524,40571.4141595225,90800.3291560947,100186.1044347094,74902.1565002078,29521.8387997046,38298.2183351839,29880.5866067012,52763.1732201868,24201.0194201454,89824.1629724588,69622.0598823552,64945.7262544457,49635.2667428591,80652.8148293542,89327.5091147497,108116.2749783649,97684.2999524963,55660.9989061967,79111.2684180983,82149.7834040648,34844.1521332036,86666.3855851590,33382.9844223998,54939.2584131004,100124.6432043129,44151.1311033346,63963.8403423434,49434.4529370745,83583.7885417673,101223.9440200992,56999.9964231864,19393.1726555992,44924.1464160975,33479.4018696707,104135.7076616694,94636.5566225923,61558.5480697998,96357.5680844579,90067.3121372153,105909.4984223460,105883.7255447137,11692.5938072002,44557.2507328127,91738.5405204404,30.1034884558,99417.9616231773,103745.7343344283,23157.4964738314,55770.4467516368,94134.0712485312,106557.5265766211,69960.3069412276,16487.4447015704,80164.4091864166,76008.0516184674,57951.2133237160,82358.2718276262,92023.7902618932,26934.1519248674,45265.7915067778,39188.5936223966,72124.5152741150,93335.4078431236,6524.1222389156,47430.4991767186,80899.1920379556,23973.0280718690,87970.9723333813,48249.0853463710,87374.8719280573,40439.3696590164,76345.1342815542,81605.2309042099,74468.5537035123,96225.8844236067,85354.3706964491,49530.3611808814,105654.3006324928,34129.8959214505,98643.2674504266,69738.3806957802,31580.3190427683,49969.4938925528,62931.0563592327,41527.5389939194,69475.9679602556,47517.7538956909,36125.6787624972,26309.1246041131,96697.7976953536,85523.3911937852,99274.9053481680,46941.6545509384,41693.9668106767,110091.2523864773,80568.6331422927,94161.7287715610,37736.4568477986,90777.0815027309,92343.1272599283,34412.1007621520,91887.7291031406,100084.8962510425,87348.3992446702,10836.0252515890,35515.8114003532,86306.8439193137,68293.3871615391,50755.6900018245,106430.9651044623,38256.6020681011,50322.8968205823,65228.1736395778,61407.5085168376,44096.8448485684,32829.2990723236,33603.9161262025,102265.5456346747,17016.3800531912,69110.1127031269,74930.3395276191,104039.7117490936,24670.4890473785,105989.0833217347,53168.5960854199,54735.6225213405,39022.7679441374,89556.9777188618,28250.5672055905,75365.8867565781,93568.4667282800,19882.3497887234,23979.8956839726,97774.9288082852,75206.2447764187,19000.5397931299,29104.7998111984,59705.4630337491,14243.3962675904,86439.4520949074,45268.2185016348,78792.0752648980,106272.6268332703,51111.0680506550,79917.1086597710,84147.8230091770,81119.4691644080,78048.8152143960
1159,0,0,0,0,0,0,0,0,0,0,0,0,0,0,0,0,0,0,0,0,0,0,0,0,0,0,0,0,0,0,0,0,0,0,0,0,0,0,0,0,0,0,0,0,0,0,0,0,0,0,0,0,0,0,0,0,0,0,0,0,0,0,0,0,0,0,0,0,0,0,0,0,0,0,0,0,0,0,0,0,0,0,0,0,0,0,0,0,0,0,0,0,0,0,0,0,0,0,0,0,0,0,0,0,0,0,0,0,0,0,0,0,0,0,0,0,0,0,0,0,0,0,0,0,0,0,0,0,0,0,0,0,0,0,0,0,0,0,0,0,0,0,0,0,0,0,0,0,0,0,0,0,0,0,0,0,0,0,0,0,0,0,0,0,0,0,0,0.0000000000,0,0,0,0,0,0,0,0,0,0,0,0,0,0,0,0,0,0,0,0,0,0,0,0,0,0,0,0,0,0,0,0
1160,0,0,0,0,0,0,0,0,0,0,0,0,0,0,0,0,0,0,0,0,0,0,0,0,0,0,0,0,0,0,0,0,0,0,0,0,0,0,0,0,0,0,0,0,0,0,0,0,0,0,0,0,0,0,0,0,0,0,0,0,0,0,0,0,0,0,0,0,0,0,0,0,0,0,0,0,0,0,0,0,0,0,0,0,0,0,0,0,0,0,0,0,0,0,0,0,0,0,0,0,0,0,0,0,0,0,0,0,0,0,0,0,0,0,0,0,0,0,0,0,0,0,0,0,0,0,0,0,0,0,0,0,0,0,0,0,0,0,0,0,0,0,0,0,0,0,0,0,0,0,0,0,0,0,0,0,0,0,0,0,0,0,0,0,0,0,0,0,0,0,0,0,0,0,0,0,0,0,0,0,0,0,0,0,0,0,0,0,0,0,0,0,0,0,0,0,0,0,0,0
1161,0,0,0,0,0,0,0,0,0,0,0,0,0,0,0,0,0,0,0,0,0,0,0,0,0,0,0,0,0,0,0,0,0,0,0,0,0,0,0,0,0,0,0,0,0,0,0,0,0,0,0,0,0,0,0,0,0,0,0,0,0,0,0,0,0,0,0,0,0,0,0,0,0,0,0,0,0,0,0,0,0,0,0,0,0,0,0,0,0,0,0,0,0,0,0,0,0,0,0,0,0,0,0,0,0,0,0,0,0,0,0,0,0,0,0,0,0,0,0,0,0,0,0,0,0,0,0,0,0,0,0,0,0,0,0,0,0,0,0,0,0,0,0,0,0,0,0,0,0,0,0,0,0,0,0,0,0,0,0,0,0,0,0,0,0,0,0,0,0,0,0,0,0,0,0,0,0,0,0,0,0,0,0,0,0,0,0,0,0,0,0,0,0,0,0,0,0,0,0,0
1162,0,0,0,0,0,0,0,0,0,0,0,0,0,0,0,0,0,0,0,0,0,0,0,0,0,0,0,0,0,0,0,0,0,0,0,0,0,0,0,0,0,0,0,0,0,0,0,0,0,0,0,0,0,0,0,0,0,0,0,0,0,0,0,0,0,0,0,0,0,0,0,0,0,0,0,0,0,0,0,0,0,0,0,0,0,0,0,0,0,0,0,0,0,0,0,0,0,0,0,0,0,0,0,0,0,0,0,0,0,0,0,0,0,0,0,0,0,0,0,0,0,0,0,0,0,0,0,0,0,0,0,0,0,0,0,0,0,0,0,0,0,0,0,0,0,0,0,0,0,0,0,0,0,0,0,0,0,0,0,0,0,0,0,0,0,0,0,0,0,0,0,0,0,0,0,0,0,0,0,0,0,0,0,0,0,0,0,0,0,0,0,0,0,0,0,0,0,0,0,0
1163,0,0,0,0,0,0,0,0,0,0,0,0,0,0,0,0,0,0,0,0,0,0,0,0,0,0,0,0,0,0,0,0,0,0,0,0,0,0,0,0,0,0,0,0,0,0,0,0,0,0,0,0,0,0,0,0,0,0,0,0,0,0,0,0,0,0,0,0,0,0,0,0,0,0,0,0,0,0,0,0,0,0,0,0,0,0,0,0,0,0,0,0,0,0,0,0,0,0,0,0,0,0,0,0,0,0,0,0,0,0,0,0,0,0,0,0,0,0,0,0,0,0,0,0,0,0,0,0,0,0,0,0,0,0,0,0,0,0,0,0,0,0,0,0,0,0,0,0,0,0,0,0,0,0,0,0,0,0,0,0,0,0,0,0,0,0,0,0,0,0,0,0,0,0,0,0,0,0,0,0,0,0,0,0,0,0,0,0,0,0,0,0,0,0,0,0,0,0,0,0
1164,0,0,0,0,0,0,0,0,0,0,0,0,0,0,0,0,0,0,0,0,0,0,0,0,0,0,0,0,0,0,0,0,0,0,0,0,0,0,0,0,0,0,0,0,0,0,0,0,0,0,0,0,0,0,0,0,0,0,0,0,0,0,0,0,0,0,0,0,0,0,0,0,0,0,0,0,0,0,0,0,0,0,0,0,0,0,0,0,0,0,0,0,0,0,0,0,0,0,0,0,0,0,0,0,0,0,0,0,0,0,0,0,0,0,0,0,0,0,0,0,0,0,0,0,0,0,0,0,0,0,0,0,0,0,0,0,0,0,0,0,0,0,0,0,0,0,0,0,0,0,0,0,0,0,0,0,0,0,0,0,0,0,0,0,0,0,0,0,0,0,0,0,0,0,0,0,0,0,0,0,0,0,0,0,0,0,0,0,0,0,0,0,0,0,0,0,0,0,0,0
1165,0,0,0,0,0,0,0,0,0,0,0,0,0,0,0,0,0,0,0,0,0,0,0,0,0,0,0,0,0,0,0,0,0,0,0,0,0,0,0,0,0,0,0,0,0,0,0,0,0,0,0,0,0,0,0,0,0,0,0,0,0,0,0,0,0,0,0,0,0,0,0,0,0,0,0,0,0,0,0,0,0,0,0,0,0,0,0,0,0,0,0,0,0,0,0,0,0,0,0,0,0,0,0,0,0,0,0,0,0,0,0,0,0,0,0,0,0,0,0,0,0,0,0,0,0,0,0,0,0,0,0,0,0,0,0,0,0,0,0,0,0,0,0,0,0,0,0,0,0,0,0,0,0,0,0,0,0,0,0,0,0,0,0,0,0,0,0,0,0,0,0,0,0,0,0,0,0,0,0,0,0,0,0,0,0,0,0,0,0,0,0,0,0,0,0,0,0,0,0,0
1166,64015.0812908483,73941.7457296851,88359.9049087692,69962.8897677433,11581.4628522299,95523.9014887268,83784.3778615098,45738.6923379363,77963.1802532482,42240.8348441160,35844.1331456971,47081.6859707931,32780.4628650580,60383.0401137357,75813.6693525730,66559.6081755475,55607.3201139872,20935.8565100733,49742.8419052094,73579.9517583350,62502.2960075477,25914.6409334344,39191.7818189467,20743.5340119642,61432.6877820300,73279.9132205857,15174.2514967028,47525.4998253267,25425.3298744401,87443.2272423496,61675.2638343150,59368.4042586848,52683.0521979019,52167.3512367788,35356.5336302402,76477.5882961666,35711.8187598405,50548.7094960796,34571.1647033877,56441.2005367337,73250.1523390039,65898.9773419206,11119.2898354653,48430.5446906227,34025.8892082172,62735.8027303253,60386.7915086104,68863.7705300024,38346.2177463925,23899.6842931713,54152.8194427212,74311.7787603973,19239.8497226650,80975.8067162292,69140.9885462053,37357.5922658793,9439.5853221493,6011.8320498592,25860.2303872040,15891.2007159104,45558.8221875105,65141.4299066847,30949.2354320142,67278.5728941988,42709.5304892596,54011.5753467552,51054.3637704673,86055.2073435260,83760.8770973588,69550.8681129560,63171.3775190274,48564.6123644239,37329.7461051097,53750.1617394303,48328.0225045886,29075.2684091581,64709.7998198038,64578.4503202724,28780.2377639145,54220.6685237137,45049.7110947905,91855.0839602058,18354.2815537189,28779.5970372403,27873.6054772307,61937.9926255914,65613.9419118194,77466.5132158708,38310.1492491528,69312.9979285613,70096.3212923745,81173.7702900450,90798.6032046253,27235.5300652383,13430.7671790800,56032.0157225665,41176.9113611369,79370.1649598003,65073.9455232536,15953.1854014384,19088.7484433974,58015.2562405347,70025.1976533246,41656.5253662107,41935.7588995716,44034.5188134291,54042.8661178895,59839.8821685985,44427.7562483686,60796.6781674211,52697.5588157271,46147.0256189499,69277.9621804832,40114.2529717213,55867.0165645771,34046.3091643018,9145.5442231044,46650.5982214376,21741.2530329376,49312.7938167084,22667.7576572592,51845.1744285048,53119.4391441386,37731.8325974692,45792.7295405857,36027.8377872620,57789.6415287763,47387.4911753554,59445.3278310939,75530.7318309065,20291.4655313659,60087.7051714009,31518.0500536111,8883.8975448468,67474.9613157060,24295.9429783533,38819.2547238171,32892.3952591614,70465.1344976815,12888.5165605748,15575.1396656136,67465.8936318980,55488.6417642703,74110.4524744680,34036.0453922789,1206.7152146269,71664.7613230480,43240.6530702176,56991.2630339497,61726.1869570803,52161.3772947519,69902.0714180634,12594.2200738175,79333.1700261051,83601.6907556891,70406.7642741883,30004.9538162764,1878.5004844351,59963.5495094229,34668.6445725196,16142.2362510403,68475.2586125327,55446.7923380492,28769.9109809254,71143.9099717099,34664.6892288359,8522.5343030186,41263.6860375338,30812.2061925219,89812.6092941503,21677.6611815923,30879.3859019950,57715.0331980500,77596.0365218537,29225.1163996408,85697.3288370088,14766.5298403119,65790.7831158662,42260.2928207101,55264.2887760410,44338.0670137880,49436.1868272705,78657.6899239202,34450.0746992046,15065.6269130144,87133.8731768618,38807.8660917970,47145.7648721912,49829.3381931957,64205.9351066306,31899.0215924774,63917.8914422582,37841.8297372755,46379.4847741218,96156.5278814245,47578.5741795940,42690.9486890211,65802.9162072371,56570.7250016832,49839.2102834510
1167,0,0,0,0,0,0,0,0,0,0,0,0,0,0,0,0,0,0,0,0,0,0,0,0,0,0,0,0,0,0,0,0,0,0,0,0,0,0,0,0,0,0,0,0,0,0,0,0,0,0,0,0,0,0,0,0,0,0,0,0,0,0,0,0,0,0,0,0,0,0,0,0,0,0,0,0,0,0,0,0,0,0,0,0,0,0,0,0,0,0,0,0,0,0,0,0,0,0,0,0,0,0,0,0,0,0,0,0,0,0,0,0,0,0,0,0,0,0,0,0,0,0,0,0,0,0,0,0,0,0,0,0,0,0,0,0,0,0,0,0,0,0,0,0,0,0,0,0,0,0,0,0,0,0,0,0,0,0,0,0,0,0,0,0,0,0,0,0,0,0,0,0,0,0,0,0,0,0,0,0,0,0,0,0,0,0,0,0,0,0,0,0,0,0,0,0,0,0,0,0
1168,30831.8688571253,105242.5895949021,88616.7240604790,62353.2854890617,39161.4541004467,74277.2016091175,103062.2830120137,39525.4270606938,51069.3893064574,65966.3199093428,23938.9125250724,80599.6889293982,8135.4591877468,69424.1727427330,65928.8854105634,92666.5035917027,25943.1423730964,30724.6551814465,80209.9186781921,54303.7305488948,81004.3900198424,56817.7248828220,50785.1962505049,33623.5470780700,60283.0707134958,40779.6401992786,18899.1413811054,13969.6873398565,47192.0157764628,71870.7249731616,49513.0595382742,91833.2584760301,22755.1120423945,30901.1868757759,8856.6881361296,73641.4438488900,36801.5753710301,66304.2539630199,22851.6174613740,80062.7189959118,95628.1154049189,42170.9794467815,37299.6659794928,51189.8783626625,37905.8155786650,92534.3436539784,27199.2724738553,39508.1286646451,67605.3901642319,22533.8319884340,81634.7746989355,91781.8789156861,18452.8840659353,57688.1669487428,71236.3912862711,56384.7085703665,31168.7572411178,28316.2941281741,12495.1361723957,48623.8213647366,19639.9479523366,57895.1602189943,57104.2125560312,35845.1676558489,15998.9724111883,50130.6865124414,71615.7546004506,74976.0083532826,64088.6798119914,36033.1623396928,45505.8221620349,81403.3036571896,5966.2120387437,60182.9142345962,16878.5980655682,27995.4553728397,96141.7857428204,32789.6500175470,43259.5453934907,21244.0210033904,71855.7556830281,68360.2678615916,45828.8208142688,14808.5325696382,15949.7282889460,35265.2452080867,86821.4963690195,61004.2386294962,31329.7984688103,65184.4413983332,56808.5342192597,73515.6714596508,72250.9100552669,30574.3596373047,27481.8819589840,87478.7688061257,35157.4483831835,66034.2222740789,88911.4051656012,24883.2514455757,39422.4048776230,70960.4057803768,100244.0758056639,41558.2140062569,22236.7565369582,58273.7749257421,43747.1199157718,28227.0037604171,64035.2358463054,63671.7246905581,26667.7897462652,13955.9077753961,42516.1854516687,46397.4256904458,85237.0349589183,29728.0000097841,41275.5103599702,56383.6900443410,15375.6947305772,73158.8030679843,23928.3815003424,63861.5555117567,20019.2449026104,64508.2453385617,77513.3945107008,59002.0629670094,78823.6476612118,76150.5620506812,25898.3818457038,75827.6828778554,13615.6341569254,85831.3132561233,60771.9532300494,25550.0620169445,34546.6202972921,52386.3982319595,8100.7488627779,49817.6681681810,39163.2015009477,21281.8387282959,35680.6282967421,66699.2495410859,56736.7089235462,67201.8432625507,14709.3170972472,34682.4395272499,91876.1040897577,73459.3259862368,72909.0828612692,32079.0578325766,77814.5216286401,59591.7934882260,36839.5723013416,58373.6531203238,66416.3252396273,53745.0655706676,24071.1624887533,31479.7729257834,55270.8327255859,44833.3238985815,33541.9906073697,86451.6615270021,23516.5368067792,21970.4444763808,60685.5142611667,33392.1459666919,31639.2627782509,8835.9246910410,3022.1764668737,68853.2050993071,28227.0271962033,53428.8659782332,41534.4955521087,72331.7481536195,16513.2690011634,72571.4551754852,45600.7892152090,32249.6889574085,8848.7724630844,64285.9780548525,15203.0851542431,44891.0854431851,59907.6227840952,14253.5301362960,30431.1529809415,64602.5322929070,54368.3459980854,25822.4652256326,21305.5489726459,31817.2181147668,19459.1649958696,53892.3924146649,11666.7714087388,52590.5363615326,73306.2999074095,18254.1565275774,60067.0020458936,50732.2403305783,49560.1784692391,48661.1765904269
1169,0,0,0,0,0,0,0,0,0,0,0,0,0,0,0,0,0,0,0,0,0,0,0,0,0,0,0,0,0,0,0,0,0,0,0,0,0,0,0,0,0,0,0,0,0,0,0,0,0,0,0,0,0,0,0,0,0,0,0,0,0,0,0,0,0,0,0,0,0,0,0,0,0,0,0,0,0,0,0,0,0,0,0,0,0,0,0,0,0,0,0,0,0,0,0,0,0,0,0,0,0,0,0,0,0,0,0,0,0,0,0,0,0,0,0,0,0,0,0,0,0,0,0,0,0,0,0,0,0,0,0,0,0,0,0,0,0,0,0,0,0,0,0,0,0,0,0,0,0,0,0,0,0,0,0,0,0,0,0,0,0,0,0,0,0,0,0,0,0,0,0,0,0,0,0,0,0,0,0,0,0,0,0,0,0,0,0,0,0,0,0,0,0,0,0,0,0,0,0,0
1170,0,0,0,0,0,0,0,0,0,0,0,0,0,0,0,0,0,0,0,0,0,0,0,0,0,0,0,0,0,0,0,0,0,0,0,0,0,0,0,0,0,0,0,0,0,0,0,0,0,0,0,0,0,0,0,0,0,0,0,0,0,0,0,0,0,0,0,0,0,0,0,0,0,0,0,0,0,0,0,0,0,0,0,0,0,0,0,0,0,0,0,0,0,0,0,0,0,0,0,0,0,0,0,0,0,0,0,0,0,0,0,0,0,0,0,0,0,0,0,0,0,0,0,0,0,0,0,0,0,0,0,0,0,0,0,0,0,0,0,0,0,0,0,0,0,0,0,0,0,0,0,0,0,0,0,0,0,0,0,0,0,0,0,0,0,0,0,0,0,0,0,0,0,0,0,0,0,0,0,0,0,0,0,0,0,0,0,0,0,0,0,0,0,0,0,0,0,0,0,0
1171,29378.2531365341,103797.2136562598,80578.2899714745,70770.7769387736,41266.7801296434,66691.4602521819,97681.5285201315,31634.8789086905,57003.0194612583,62444.3120166157,32286.1619044913,81521.9857338760,4500.8237208306,62700.7190778673,57500.2742821232,89231.1764544988,31706.3088911874,27172.0000487753,78634.2524939026,46262.5704409181,75795.8376032587,56027.6935678659,45208.6238726338,39705.6795068721,52409.5381634275,43598.6197717034,22523.2562107141,15715.0212692952,44167.4871305004,63609.5584808608,41082.9449913317,91291.5892919409,17480.0806914379,38786.2922223713,17909.8196951954,65472.4114122493,44647.9804281775,60892.1853378893,15409.2599191177,76125.4573985919,91084.8204510871,49247.9412502856,36547.6221135419,44043.3255181494,31790.2489612399,90468.8704294741,29482.7505706311,44749.4182985819,65791.4846051091,29551.5985069292,78844.3133739650,86164.2770923844,17131.6671486010,50358.1077722792,63538.5339642055,52094.9465319302,35163.6424263212,29527.4604954402,13492.7732906453,49093.3681839826,27232.4441894938,49579.3249571365,54634.9132347342,31926.8973325188,12153.3769335823,42179.3680785816,67107.3126069202,66548.8526403154,56185.9658076152,36780.7865370062,37218.7380220616,81292.1756616703,9203.4749607374,53290.7458910806,22312.4309588743,22196.3797272051,94858.8288834341,36680.6078941147,38871.8821857175,19624.6498502898,69062.3060309535,61177.2463793516,44452.9075004084,22694.0909826999,10890.3039185722,41771.0097768266,82126.3918990843,52748.8327960874,23805.2720499182,56994.8406934843,48388.9201762522,65114.4251074767,64264.7279704422,37820.8830959754,26233.3628318921,86303.4998434731,43465.8081287365,57639.8993170179,84863.4486813065,30231.4044539732,36877.1693730983,64869.2167185194,98280.6049664744,34428.4917061779,30563.5702949973,52851.7348595982,35408.3760465712,24481.6456969968,59547.1136112817,56193.2794239253,33780.9082848276,11337.4375582096,48731.3893678423,40071.3944058938,83094.1185228200,37769.9592655150,41816.8634056694,50178.4732621505,21432.8742973155,69450.2196559626,20012.3585458484,57800.6089359482,23041.7532155829,61928.7459024316,76640.0567761869,55557.2669038072,74247.1012183616,73936.7584182372,26171.8612305707,67893.5380346417,15420.6012693199,82394.8489016343,59171.7232831331,28643.6544701352,36979.9179086497,50758.4375340804,2114.1932282131,45438.4093495559,43198.1208409282,22473.8702689281,40690.6963931299,58768.6772290230,49209.9999129843,58846.5182909696,8341.6917433019,35761.8421020715,86858.8306320020,71899.2465520014,67341.7211580737,37490.4789997285,74512.7622103095,51166.8668214769,40178.9650046368,50608.6270806890,58253.2589151563,45455.5229376542,31937.9687406218,33931.0612396705,47152.4201558372,39373.0164779158,31309.1963256439,81026.4001989362,27851.1753921010,16105.6052922475,69028.6506095950,26720.7811436680,31408.6792628320,14755.5910663838,8393.7642385605,61180.0737085341,34734.1160340444,50164.9572869834,33133.6213002270,64025.7359531013,17294.5893576913,64187.7005913991,45332.5721512134,32194.7617747414,10276.0914961898,57689.3684376257,22197.7352985243,37006.6203860618,51856.2796586482,22679.0932001615,35633.0000239021,57180.5400479526,49410.5720805774,33879.3786342555,27947.6963067869,28964.5242643295,27649.4988857936,45490.0451143548,1417.9837334747,45933.2355688461,66019.5515278607,12414.3329079813,55231.0090141577,42341.2524511410,41348.0494971954,41059.4022640211
1172,0,0,0,0,0,0,0,0,0,0,0,0,0,0,0,0,0,0,0,0,0,0,0,0,0,0,0,0,0,0,0,0,0,0,0,0,0,0,0,0,0,0,0,0,0,0,0,0,0,0,0,0,0,0,0,0,0,0,0,0,0,0,0,0,0,0,0,0,0,0,0,0,0,0,0,0,0,0,0,0,0,0,0,0,0,0,0,0,0,0,0,0,0,0,0,0,0,0,0,0,0,0,0,0,0,0,0,0,0,0,0,0,0,0,0,0,0,0,0,0,0,0,0,0,0,0,0,0,0,0,0,0,0,0,0,0,0,0,0,0,0,0,0,0,0,0,0,0,0,0,0,0,0,0,0,0,0,0,0,0,0,0,0,0,0,0,0,0,0,0,0,0,0,0,0,0,0,0,0,0,0,0,0,0,0,0,0,0,0,0,0,0,0,0,0,0,0,0,0,0
1173,0,0,0,0,0,0,0,0,0,0,0,0,0,0,0,0,0,0,0,0,0,0,0,0,0,0,0,0,0,0,0,0,0,0,0,0,0,0,0,0,0,0,0,0,0,0,0,0,0,0,0,0,0,0,0,0,0,0,0,0,0,0,0,0,0,0,0,0,0,0,0,0,0,0,0,0,0,0,0,0,0,0,0,0,0,0,0,0,0,0,0,0,0,0,0,0,0,0,0,0,0,0,0,0,0,0,0,0,0,0,0,0,0,0,0,0,0,0,0,0,0,0,0,0,0,0,0,0,0,0,0,0,0,0,0,0,0,0,0,0,0,0,0,0,0,0,0,0,0,0,0,0,0,0,0,0,0,0,0,0,0,0,0,0,0,0,0,0,0,0,0,0,0,0,0,0,0,0,0,0,0,0,0,0,0,0,0,0,0,0,0,0,0,0,0,0,0,0,0,0
1174,0,0,0,0,0,0,0,0,0,0,0,0,0,0,0,0,0,0,0,0,0,0,0,0,0,0,0,0,0,0,0,0,0,0,0,0,0,0,0,0,0,0,0,0,0,0,0,0,0,0,0,0,0,0,0,0,0,0,0,0,0,0,0,0,0,0,0,0,0,0,0,0,0,0,0,0,0,0,0,0,0,0,0,0,0,0,0,0,0,0,0,0,0,0,0,0,0,0,0,0,0,0,0,0,0,0,0,0,0,0,0,0,0,0,0,0,0,0,0,0,0,0,0,0,0,0,0,0,0,0,0,0,0,0,0,0,0,0,0,0,0,0,0,0,0,0,0,0,0,0,0,0,0,0,0,0,0,0,0,0,0,0,0,0,0,0,0,0,0,0,0,0,0,0,0,0,0,0,0,0,0,0,0,0,0,0,0,0,0,0,0,0,0,0,0,0,0,0,0,0
1175,0,0,0,0,0,0,0,0,0,0,0,0,0,0,0,0,0,0,0,0,0,0,0,0,0,0,0,0,0,0,0,0,0,0,0,0,0,0,0,0,0,0,0,0,0,0,0,0,0,0,0,0,0,0,0,0,0,0,0,0,0,0,0,0,0,0,0,0,0,0,0,0,0,0,0,0,0,0,0,0,0,0,0,0,0,0,0,0,0,0,0,0,0,0,0,0,0,0,0,0,0,0,0,0,0,0,0,0,0,0,0,0,0,0,0,0,0,0,0,0,0,0,0,0,0,0,0,0,0,0,0,0,0,0,0,0,0,0,0,0,0,0,0,0,0,0,0,0,0,0,0,0,0,0,0,0,0,0,0,0,0,0,0,0,0,0,0,0,0,0,0,0,0,0,0,0,0,0,0,0,0,0,0,0,0,0,0,0,0,0,0,0,0,0,0,0,0,0,0,0
1176,0,0,0,0,0,0,0,0,0,0,0,0,0,0,0,0,0,0,0,0,0,0,0,0,0,0,0,0,0,0,0,0,0,0,0,0,0,0,0,0,0,0,0,0,0,0,0,0,0,0,0,0,0,0,0,0,0,0,0,0,0,0,0,0,0,0,0,0,0,0,0,0,0,0,0,0,0,0,0,0,0,0,0,0,0,0,0,0,0,0,0,0,0,0,0,0,0,0,0,0,0,0,0,0,0,0,0,0,0,0,0,0,0,0,0,0,0,0,0,0,0,0,0,0,0,0,0,0,0,0,0,0,0,0,0,0,0,0,0,0,0,0,0,0,0,0,0,0,0,0,0,0,0,0,0,0,0,0,0,0,0,0,0,0,0,0,0,0,0,0,0,0,0,0,0,0,0,0,0,0,0,0,0,0,0,0,0,0,0,0,0,0,0,0,0,0,0,0,0,0
1177,0,0,0,0,0,0,0,0,0,0,0,0,0,0,0,0,0,0,0,0,0,0,0,0,0,0,0,0,0,0,0,0,0,0,0,0,0,0,0,0,0,0,0,0,0,0,0,0,0,0,0,0,0,0,0,0,0,0,0,0,0,0,0,0,0,0,0,0,0,0,0,0,0,0,0,0,0,0,0,0,0,0,0,0,0,0,0,0,0,0,0,0,0,0,0,0,0,0,0,0,0,0,0,0,0,0,0,0,0,0,0,0,0,0,0,0,0,0,0,0,0,0,0,0,0,0,0,0,0,0,0,0,0,0,0,0,0,0,0,0,0,0,0,0,0,0,0,0,0,0,0,0,0,0,0,0,0,0,0,0,0,0,0,0,0,0,0,0,0,0,0,0,0,0,0,0,0,0,0,0,0,0,0,0,0,0,0,0,0,0,0,0,0,0,0,0,0,0,0,0
1178,0,0,0,0,0,0,0,0,0,0,0,0,0,0,0,0,0,0,0,0,0,0,0,0,0,0,0,0,0,0,0,0,0,0,0,0,0,0,0,0,0,0,0,0,0,0,0,0,0,0,0,0,0,0,0,0,0,0,0,0,0,0,0,0,0,0,0,0,0,0,0,0,0,0,0,0,0,0,0,0,0,0,0,0,0,0,0,0,0,0,0,0,0,0,0,0,0,0,0,0,0,0,0,0,0,0,0,0,0,0,0,0,0,0,0,0,0,0,0,0,0,0,0,0,0,0,0,0,0,0,0,0,0,0,0,0,0,0,0,0,0,0,0,0,0,0,0,0,0,0,0,0,0,0,0,0,0,0,0,0,0,0,0,0,0,0,0,0,0,0,0,0,0,0,0,0,0,0,0,0,0,0,0,0,0,0,0,0,0,0,0,0,0,0,0,0,0,0,0,0
1179,0,0,0,0,0,0,0,0,0,0,0,0,0,0,0,0,0,0,0,0,0,0,0,0,0,0,0,0,0,0,0,0,0,0,0,0,0,0,0,0,0,0,0,0,0,0,0,0,0,0,0,0,0,0,0,0,0,0,0,0,0,0,0,0,0,0,0,0,0,0,0,0,0,0,0,0,0,0,0,0,0,0,0,0,0,0,0,0,0,0,0,0,0,0,0,0,0,0,0,0,0,0,0,0,0,0,0,0,0,0,0,0,0,0,0,0,0,0,0,0,0,0,0,0,0,0,0,0,0,0,0,0,0,0,0,0,0,0,0,0,0,0,0,0,0,0,0,0,0,0,0,0,0,0,0,0,0,0,0,0,0,0,0,0,0,0,0,0,0,0,0,0,0,0,0,0,0,0,0,0,0,0,0,0,0,0,0,0,0,0,0,0,0,0,0,0,0,0,0,0
1180,0,0,0,0,0,0,0,0,0,0,0,0,0,0,0,0,0,0,0,0,0,0,0,0,0,0,0,0,0,0,0,0,0,0,0,0,0,0,0,0,0,0,0,0,0,0,0,0,0,0,0,0,0,0,0,0,0,0,0,0,0,0,0,0,0,0,0,0,0,0,0,0,0,0,0,0,0,0,0,0,0,0,0,0,0,0,0,0,0,0,0,0,0,0,0,0,0,0,0,0,0,0,0,0,0,0,0,0,0,0,0,0,0,0,0,0,0,0,0,0,0,0,0,0,0,0,0,0,0,0,0,0,0,0,0,0,0,0,0,0,0,0,0,0,0,0,0,0,0,0,0,0,0,0,0,0,0,0,0,0,0,0,0,0,0,0,0,0,0,0,0,0,0,0,0,0,0,0,0,0,0,0,0,0,0,0,0,0,0,0,0,0,0,0,0,0,0,0,0,0
1181,0,0,0,0,0,0,0,0,0,0,0,0,0,0,0,0,0,0,0,0,0,0,0,0,0,0,0,0,0,0,0,0,0,0,0,0,0,0,0,0,0,0,0,0,0,0,0,0,0,0,0,0,0,0,0,0,0,0,0,0,0,0,0,0,0,0,0,0,0,0,0,0,0,0,0,0,0,0,0,0,0,0,0,0,0,0,0,0,0,0,0,0,0,0,0,0,0,0,0,0,0,0,0,0,0,0,0,0,0,0,0,0,0,0,0,0,0,0,0,0,0,0,0,0,0,0,0,0,0,0,0,0,0,0,0,0,0,0,0,0,0,0,0,0,0,0,0,0,0,0,0,0,0,0,0,0,0,0,0,0,0,0,0,0,0,0,0,0,0,0,0,0,0,0,0,0,0,0,0,0,0,0,0,0,0,0,0,0,0,0,0,0,0,0,0,0,0,0,0,0
1182,0,0,0,0,0,0,0,0,0,0,0,0,0,0,0,0,0,0,0,0,0,0,0,0,0,0,0,0,0,0,0,0,0,0,0,0,0,0,0,0,0,0,0,0,0,0,0,0,0,0,0,0,0,0,0,0,0,0,0,0,0,0,0,0,0,0,0,0,0,0,0,0,0,0,0,0,0,0,0,0,0,0,0,0,0,0,0,0,0,0,0,0,0,0,0,0,0,0,0,0,0,0,0,0,0,0,0,0,0,0,0,0,0,0,0,0,0,0,0,0,0,0,0,0,0,0,0,0,0,0,0,0,0,0,0,0,0,0,0,0,0,0,0,0,0,0,0,0,0,0,0,0,0,0,0,0,0,0,0,0,0,0,0,0,0,0,0,0,0,0,0,0,0,0,0,0,0,0,0,0,0,0,0,0,0,0,0,0,0,0,0,0,0,0,0,0,0,0,0,0
1183,0,0,0,0,0,0,0,0,0,0,0,0,0,0,0,0,0,0,0,0,0,0,0,0,0,0,0,0,0,0,0,0,0,0,0,0,0,0,0,0,0,0,0,0,0,0,0,0,0,0,0,0,0,0,0,0,0,0,0,0,0,0,0,0,0,0,0,0,0,0,0,0,0,0,0,0,0,0,0,0,0,0,0,0,0,0,0,0,0,0,0,0,0,0,0,0,0.0000000000,0,0,0,0,0,0,0,0,0,0,0,0,0,0,0,0,0,0,0,0,0,0,0,0,0,0,0,0,0,0,0,0,0,0,0,0,0,0,0,0,0,0,0,0,0,0,0,0,0,0,0,0,0,0,0,0,0,0,0,0,0,0,0,0,0,0,0,0,0,0,0,0,0,0,0,0,0,0,0,0,0,0,0,0,0,0,0,0,0,0,0,0,0,0,0,0,0,0,0,0,0,0,0
1184,0,0,0,0,0,0,0,0,0,0,0,0,0,0,0,0,0,0,0,0,0,0,0,0,0,0,0,0,0,0,0,0,0,0,0,0,0,0,0,0,0,0,0,0,0,0,0,0,0,0,0,0,0,0,0,0,0,0,0,0,0,0,0,0,0,0,0,0,0,0,0,0,0,0,0,0,0,0,0,0,0,0,0,0,0,0,0,0,0,0,0,0,0,0,0,0,0,0,0,0,0,0,0,0,0,0,0,0,0,0,0,0,0,0,0,0,0,0,0,0,0,0,0,0,0,0,0,0,0,0,0,0,0,0,0,0,0,0,0,0,0,0,0,0,0,0,0,0,0,0,0,0,0,0,0,0,0,0,0,0,0,0,0,0,0,0,0,0,0,0,0,0,0,0,0,0,0,0,0,0,0,0,0,0,0,0,0,0,0,0,0,0,0,0,0,0,0,0,0,0
1185,0,0,0,0,0,0,0,0,0,0,0,0,0,0,0,0,0,0,0,0,0,0,0,0,0,0,0,0,0,0,0,0,0,0,0,0,0,0,0,0,0,0,0,0,0,0,0,0,0,0,0,0,0,0,0,0,0,0,0,0,0,0,0,0,0,0,0,0,0,0,0,0,0,0,0,0,0,0,0,0,0,0,0,0,0,0,0,0,0,0,0,0,0,0,0,0,0,0,0,0,0,0,0,0,0,0,0,0,0,0,0,0,0,0,0,0,0,0,0,0,0,0,0,0,0,0,0,0,0,0,0,0,0,0,0,0,0,0,0,0,0,0,0,0,0,0,0,0,0,0,0,0,0,0,0,0,0,0,0,0,0,0,0,0,0,0,0,0,0,0,0,0,0,0,0,0,0,0,0,0,0,0,0,0,0,0,0,0,0,0,0,0,0,0,0,0,0,0,0,0
1186,0,0,0,0,0,0,0,0,0,0,0,0,0,0,0,0,0,0,0,0,0,0,0,0,0,0,0,0,0,0,0,0,0,0,0,0,0,0,0,0,0,0,0,0,0,0,0,0,0,0,0,0,0,0,0,0,0,0,0,0,0,0,0,0,0,0,0,0,0,0,0,0,0,0,0,0,0,0,0,0,0,0,0,0,0,0,0,0,0,0,0,0,0,0,0,0,0,0,0,0,0,0,0,0,0,0,0,0,0,0,0,0,0,0,0,0,0,0,0,0,0,0,0,0,0,0,0,0,0,0,0,0,0,0,0,0,0,0,0,0,0,0,0,0,0,0,0,0,0,0,0,0,0,0,0,0,0,0,0,0,0,0,0,0,0,0,0,0,0,0,0,0,0,0,0,0,0,0,0,0,0,0,0,0,0,0,0,0,0,0,0,0,0,0,0,0,0,0,0,0
1187,0,0,0,0,0,0,0,0,0,0,0,0,0,0,0,0,0,0,0,0,0,0,0,0,0,0,0,0,0,0,0,0,0,0,0,0,0,0,0,0,0,0,0,0,0,0,0,0,0,0,0,0,0,0,0,0,0,0,0,0,0,0,0,0,0,0,0,0,0,0,0,0,0,0,0,0,0,0,0,0,0,0,0,0,0,0,0,0,0,0,0,0,0,0,0,0,0,0,0,0,0,0,0,0,0,0,0,0,0,0,0,0,0,0,0,0,0,0,0,0,0,0,0,0,0,0,0,0,0,0,0,0,0,0,0,0,0,0,0,0,0,0,0,0,0,0,0,0,0,0,0,0,0,0,0,0,0,0,0,0,0,0,0,0,0,0,0,0,0,0,0,0,0,0,0,0,0,0,0,0,0,0,0,0,0,0,0,0,0,0,0,0,0,0,0,0,0,0,0,0
1188,54573.7596630906,87871.9920131706,95632.2512451149,57483.3044157299,18019.5848515070,94066.5412771171,96700.3118930591,49011.9164253402,63979.0541436215,55654.7626531553,21678.3322990550,59396.8833315471,26389.2011098557,70039.9088397534,78969.7933957430,80580.4284926355,42465.8139549021,27488.9404121930,63884.3449047232,72672.1836568166,75006.1606917126,40096.4074296917,48843.2228363520,12161.2983932627,67522.9939839791,60945.4325733700,6599.5410420130,37230.7968670767,37729.0259122448,88470.6440304271,63447.8967391233,72925.2424563631,45873.9900197942,38004.2626968264,22802.3966196540,82385.2613715076,23890.7871815779,62044.5085943045,34195.0588780864,70018.8418374839,86730.6098018623,51750.3882025755,23686.1179430356,55388.0150487380,40251.2340334343,76904.3696288363,48893.5141252454,55375.9194412066,52529.2809389475,9823.2689829445,68267.4737648366,86708.7500977874,18210.7443657426,78307.2490638478,76658.5720829159,49396.4850496261,7637.7816837411,12798.3800359693,15944.8498417865,29827.3050515952,32017.2238067321,69027.1137448817,44661.1717462623,59630.7133156704,37047.2344145281,58735.9329329819,63886.4703559553,88953.0226680307,82880.7058777080,58572.6589869792,62671.1563175078,61950.7137101555,27355.5418417242,62294.8220074129,36083.8458601732,32344.2978776288,78636.7237880040,51978.2027126253,38705.7342924573,45116.9754015352,59045.7751841916,89229.7431580433,31990.6471653232,15127.3643085396,25537.2171757770,48076.5702506605,78793.7472464329,77904.8054385958,40531.7805327556,74542.3146979158,71696.5499324860,85343.0502424912,90552.1300634621,15023.4933683859,19497.5305657614,69989.3271087217,27973.3357904604,81192.0965043440,78760.8043504185,1645.8387849997,30269.5319011458,68856.3680618073,84148.0453515025,47042.1106944988,27844.4807845649,54833.7923803713,56216.3706127355,52009.0826713660,56864.4421223243,68339.1668680177,38922.6263589669,37745.0537673950,55344.0771386897,47863.6279693363,70057.7416874374,20637.3081235663,23337.2724982183,56043.3360552213,9070.0641364760,62855.7754770006,25212.2052429085,62211.8876270871,41712.2694104955,51658.2982368932,59730.2545706644,49128.8512481533,70839.7190266476,61567.0540423622,49111.1451774209,82564.4982205967,14148.5856446785,74035.7092152342,45680.8017039932,4995.9372954887,55569.9979652795,38241.3460396499,30986.8113557619,44029.4927709169,57548.4324682197,11815.6374932053,12010.7609568084,73899.3536645122,62232.1568552434,78403.1631446834,30246.5141998037,16886.4381085706,84685.6411571508,57416.0400630225,68694.7759130845,48430.3614351643,66047.5805683216,72721.3262850410,13776.5787040539,77768.5628676290,83848.7596517482,70577.5138399879,15990.8983531828,11063.4890989027,64647.7724752172,43466.3009256196,25387.6668457389,80928.8259723375,43143.3072846424,29271.1507662465,58107.5024424511,38813.0484846500,18593.8621621788,29965.3583181265,21686.4299981103,88419.6698502463,9506.1547896834,43697.7421939632,57630.2051462535,82612.3846166292,16930.9461214353,87739.1940681835,28935.3250379493,55422.7113944407,32661.1025387709,64756.0669923444,31561.0673066504,53637.9546465521,78103.0761479230,20894.3746844691,7024.3461163399,84934.9851335128,49807.6422594880,33043.1287556094,36603.9807896788,55717.5096530180,17740.8047686087,66650.0974766511,31886.3929857790,54501.1321169953,93908.9046700998,40943.9463078455,54428.0191233354,66513.6732815573,60194.9013991465,55380.2373176717
1189,0,0,0,0,0,0,0,0,0,0,0,0,0,0,0,0,0,0,0,0,0,0,0,0,0,0,0,0,0,0,0,0,0,0,0,0,0,0,0,0,0,0,0,0,0,0,0,0,0,0,0,0,0,0,0,0,0,0,0,0,0,0,0,0,0,0,0,0,0,0,0,0,0,0,0,0,0,0,0,0,0,0,0,0,0,0,0,0,0,0,0,0,0,0,0,0,0,0,0,0,0,0,0,0,0,0,0,0,0,0,0,0,0,0,0,0,0,0,0,0,0,0,0,0,0,0,0,0,0,0,0,0,0,0,0,0,0,0,0,0,0,0,0,0,0,0,0,0,0,0,0,0,0,0,0,0,0,0,0,0,0,0,0,0,0,0,0,0,0,0,0,0,0,0,0,0,0,0,0,0,0,0,0,0,0,0,0,0,0,0,0,0,0,0,0,0,0,0,0,0
1190,0,0,0,0,0,0,0,0,0,0,0,0,0,0,0,0,0,0,0,0,0,0,0,0,0,0,0,0,0,0,0,0,0,0,0,0,0,0,0,0,0,0,0,0,0,0,0,0,0,0,0,0,0,0,0,0,0,0,0,0,0,0,0,0,0,0,0,0,0,0,0,0,0,0,0,0,0,0,0,0,0,0,0,0,0,0,0,0,0,0,0,0,0,0,0,0,0,0,0,0,0,0,0,0,0,0,0,0,0,0,0,0,0,0,0,0,0,0,0,0,0,0,0,0,0,0,0,0,0,0,0,0,0,0,0,0,0,0,0,0,0,0,0,0,0,0,0,0,0,0,0,0,0,0,0,0,0,0,0,0,0,0,0,0,0,0,0,0,0,0,0,0,0,0,0,0,0,0,0,0,0,0,0,0,0,0,0,0,0,0,0,0,0,0,0,0,0,0,0,0
1191,0,0,0,0,0,0,0,0,0,0,0,0,0,0,0,0,0,0,0,0,0,0,0,0,0,0,0,0,0,0,0,0,0,0,0,0,0,0,0,0,0,0,0,0,0,0,0,0,0,0,0,0,0,0,0,0,0,0,0,0,0,0,0,0,0,0,0,0,0,0,0,0,0,0,0,0,0,0,0,0,0,0,0,0,0,0,0,0,0,0,0,0,0,0,0,0,0,0,0,0,0,0,0,0,0,0,0,0,0,0,0,0,0,0,0,0,0,0,0,0,0,0,0,0,0,0,0,0,0,0,0,0,0,0,0,0,0,0,0,0,0,0,0,0,0,0,0,0,0,0,0,0,0,0,0,0,0,0,0,0,0,0,0,0,0,0,0,0,0,0,0,0,0,0,0,0,0,0,0,0,0,0,0,0,0,0,0,0,0,0,0,0,0,0,0,0,0,0,0,0
1192,62783.7647498861,84911.2482903872,101938.0890907976,55149.9153199247,15843.0585266338,102818.4716684426,98719.4138830148,56623.0118683268,67942.0409311628,57031.1584016336,24489.0786508527,54336.9161375891,35274.7081918055,74956.1072754023,86778.6891582796,80450.5432055652,48411.0293980813,33517.2908338158,61964.9606369660,81324.1429372092,77556.5609435740,38928.2487184263,53667.6892726491,10668.6604580730,74262.1262703265,67513.5416917773,15462.3868754738,45311.3907856928,40503.9383563474,96827.8743306315,71560.7525577354,69259.1993356144,54669.3957587854,41406.3037757470,29949.8017266564,89257.5249542678,20914.6369990254,65584.7014376851,42541.4244545538,71047.1386766920,87890.3473373676,55037.5344716485,26162.8417806687,61680.7891380980,46705.2798694482,75078.1836134676,56218.3584088076,60604.3511354145,51684.3896335513,13319.9917095529,67799.0993360560,89372.5645833916,26260.7304469572,87146.4980255522,82793.4613934475,52433.8406864057,4745.7539300739,17147.8327426967,24611.1970684148,28054.6574262926,37603.5504881361,76576.4886954073,45580.4094038856,68257.2399565840,45932.1495702068,65947.6866333807,66059.3814554262,96863.4621603761,91548.6147016090,66100.8920097105,71235.1479131838,58134.8887315903,35717.7524962277,67839.2416302445,43081.1489712796,39720.0300844139,75732.2908782357,58393.7431448612,43272.9954431394,53500.7167240211,59129.3021725264,98074.9282492593,33198.9049021683,21419.2618971775,34094.6689652750,52609.6208636305,80463.6377106946,86352.2136669478,48353.1962333811,81650.7777699860,79883.4613653506,92860.2387060832,99141.4726616991,13029.2042188463,25296.2429474874,67251.2866201344,27188.7780088826,89356.9685728263,79538.7103037955,7543.0329988542,33902.3461014339,72940.0071185156,81947.3710042455,53914.3589821657,32059.5082175581,58913.6101175859,64190.0812732417,60635.0434061080,59503.1368790104,74429.6421959678,43848.2752989381,46356.1460142094,59565.5090611966,53722.2956401120,68615.6339377167,20599.5190803385,23103.1867572520,61068.5278344488,17121.1241877428,63977.4827543096,32606.0832207978,66628.1738782374,49186.5819827511,52014.4063373675,57057.8805212474,50993.4004236479,72712.5953456254,60666.8900279736,57033.6772023435,88948.9341018492,22942.1307854947,74178.4730227694,45149.5931293357,11654.4696438183,62539.4571329218,38714.2100687609,39747.3368302519,47811.0654526815,63558.2551608512,19257.5578158594,2152.8268152181,80521.7343223791,68664.0715857991,85857.2431105153,39044.2595863453,18222.9835352781,86575.1181299397,55848.8215511071,72057.5106068873,54059.8822614967,66408.2942166459,80603.0633482269,9691.7743965327,86511.0865180938,92344.3134603027,79053.5155905364,18241.9630176654,12278.0541407220,71908.3673910613,48739.7426208801,30066.5840718475,83532.2042321863,49958.2198430177,37340.3769261183,56647.1780910456,46023.1796084731,22447.5664355011,37726.0586573515,30367.0811863238,97158.1670080773,8285.0714809745,45930.8515329072,66104.6481859023,89828.1793030954,24584.8460767687,95868.3986304083,28797.6114423263,63274.3349499351,41044.2161838243,69758.8778082216,38184.8375492309,60993.0265352039,86716.3478283865,26932.0879282995,2954.1333208259,93746.6074345532,53718.7824333240,37013.6537071566,42559.9832995298,64187.3591738803,22098.4852244311,74530.4984969103,40771.7312530638,60225.7229873863,102731.9744890053,49772.8320664015,57746.8210719594,74873.7071823303,67780.6751327253,62266.2790096683
1193,0,0,0,0,0,0,0,0,0,0,0,0,0,0,0,0,0,0,0,0,0,0,0,0,0,0,0,0,0,0,0,0,0,0,0,0,0,0,0,0,0,0,0,0,0,0,0,0,0,0,0,0,0,0,0,0,0,0,0,0,0,0,0,0,0,0,0,0,0,0,0,0,0,0,0,0,0,0,0,0,0,0,0,0,0,0,0,0,0,0,0,0,0,0,0,0,0,0,0,0,0,0,0,0,0,0,0,0,0,0,0,0,0,0,0,0,0,0,0,0,0,0,0,0,0,0,0,0,0,0,0,0,0,0,0,0,0,0,0,0,0,0,0,0,0,0,0,0,0,0,0,0,0,0,0,0,0,0,0,0,0,0,0,0,0,0,0,0,0,0,0,0,0,0,0,0,0,0,0,0,0,0,0,0,0,0,0,0,0,0,0,0,0,0,0,0,0,0,0,0
1194,0,0,0,0,0,0,0,0,0,0,0,0,0,0,0,0,0,0,0,0,0,0,0,0,0,0,0,0,0,0,0,0,0,0,0,0,0,0,0,0,0,0,0,0,0,0,0,0,0,0,0,0,0,0,0,0,0,0,0,0,0,0,0,0,0,0,0,0,0,0,0,0,0,0,0,0,0,0,0,0,0,0,0,0,0,0,0,0,0,0,0,0,0,0,0,0,0,0,0,0,0,0,0,0,0,0,0,0,0,0,0,0,0,0,0,0,0,0,0,0,0,0,0,0,0,0,0,0,0,0,0,0,0,0,0,0,0,0,0,0,0,0,0,0,0,0,0,0,0,0,0,0,0,0,0,0,0,0,0,0,0,0,0,0,0,0,0,0,0,0,0,0,0,0,0,0,0,0,0,0,0,0,0,0,0,0,0,0,0,0,0,0,0,0,0,0,0,0,0,0
1195,0,0,0,0,0,0,0,0,0,0,0,0,0,0,0,0,0,0,0,0,0,0,0,0,0,0,0,0,0,0,0,0,0,0,0,0,0,0,0,0,0,0,0,0,0,0,0,0,0,0,0,0,0,0,0,0,0,0,0,0,0,0,0,0,0,0,0,0,0,0,0,0,0,0,0,0,0,0,0,0,0,0,0,0,0,0,0,0,0,0,0,0,0,0,0,0,0,0,0,0,0,0,0,0,0,0,0,0,0,0,0,0,0,0,0,0,0,0,0,0,0,0,0,0,0,0,0,0,0,0,0,0,0,0,0,0,0,0,0,0,0,0,0,0,0,0,0,0,0,0,0,0,0,0,0,0,0,0,0,0,0,0,0,0,0,0,0,0,0,0,0,0,0,0,0,0,0,0,0,0,0,0,0,0,0,0,0,0,0,0,0,0,0,0,0,0,0,0,0,0
1196,0,0,0,0,0,0,0,0,0,0,0,0,0,0,0,0,0,0,0,0,0,0,0,0,0,0,0,0,0,0,0,0,0,0,0,0,0,0,0,0,0,0,0,0,0,0,0,0,0,0,0,0,0,0,0,0,0,0,0,0,0,0,0,0,0,0,0,0,0,0,0,0,0,0,0,0,0,0,0,0,0,0,0,0,0,0,0,0,0,0,0,0,0,0,0,0,0,0,0,0,0,0,0,0,0,0,0,0,0,0,0,0,0,0,0,0,0,0,0,0,0,0,0,0,0,0,0,0,0,0,0,0,0,0,0,0,0,0,0,0,0,0,0,0,0,0,0,0,0,0,0,0,0,0,0,0,0,0,0,0,0,0,0,0,0,0,0,0,0,0,0,0,0,0,0,0,0,0,0,0,0,0,0,0,0,0,0,0,0,0,0,0,0,0,0,0,0,0,0,0
1197,0,0,0,0,0,0,0,0,0,0,0,0,0,0,0,0,0,0,0,0,0,0,0,0,0,0,0,0,0,0,0,0,0,0,0,0,0,0,0,0,0,0,0,0,0,0,0,0,0,0,0,0,0,0,0,0,0,0,0,0,0,0,0,0,0,0,0,0,0,0,0,0,0,0,0,0,0,0,0,0,0,0,0,0,0,0,0,0,0,0,0,0,0,0,0,0,0,0,0,0,0,0,0,0,0,0,0,0,0,0,0,0,0,0,0,0,0,0,0,0,0,0,0,0,0,0,0,0,0,0,0,0,0,0,0,0,0,0,0,0,0,0,0,0,0,0,0,0,0,0,0,0,0,0,0,0,0,0,0,0,0,0,0,0,0,0,0,0,0,0,0,0,0,0,0,0,0,0,0,0,0,0,0,0,0,0,0,0,0,0,0,0,0,0,0,0,0,0,0,0
1198,0,0,0,0,0,0,0,0,0,0,0,0,0,0,0,0,0,0,0,0,0,0,0,0,0,0,0,0,0,0,0,0,0,0,0,0,0,0,0,0,0,0,0,0,0,0,0,0,0,0,0,0,0,0,0,0,0,0,0,0,0,0,0,0,0,0,0,0,0,0,0,0,0,0,0,0,0,0,0,0,0,0,0,0,0,0,0,0,0,0,0,0,0,0,0,0,0,0,0,0,0,0,0,0,0,0,0,0,0,0,0,0,0,0,0,0,0,0,0,0,0,0,0,0,0,0,0,0,0,0,0,0,0,0,0,0,0,0,0,0,0,0,0,0,0,0,0,0,0,0,0,0,0,0,0,0,0,0,0,0,0,0,0,0,0,0,0,0,0,0,0,0,0,0,0,0,0,0,0,0,0,0,0,0,0,0,0,0,0,0,0,0,0,0,0,0,0,0,0,0
1199,0,0,0,0,0,0,0,0,0,0,0,0,0,0,0,0,0,0,0,0,0,0,0,0,0,0,0,0,0,0,0,0,0,0,0,0,0,0,0,0,0,0,0,0,0,0,0,0,0,0,0,0,0,0,0,0,0,0,0,0,0,0,0,0,0,0,0,0,0,0,0,0,0,0,0,0,0,0,0,0,0,0,0,0,0,0,0,0,0,0,0,0,0,0,0,0,0,0,0,0,0,0,0,0,0,0,0,0,0,0,0,0,0,0,0,0,0,0,0,0,0,0,0,0,0,0,0,0,0,0,0,0,0,0,0,0,0,0,0,0,0,0,0,0,0,0,0,0,0,0,0,0,0,0,0,0,0,0,0,0,0,0,0,0,0,0,0,0,0,0,0,0,0,0,0,0,0,0,0,0,0,0,0,0,0,0,0,0,0,0,0,0,0,0,0,0,0,0,0,0
1200,0,0,0,0,0,0,0,0,0,0,0,0,0,0,0,0,0,0,0,0,0,0,0,0,0,0,0,0,0,0,0,0,0,0,0,0,0,0,0,0,0,0,0,0,0,0,0,0,0,0,0,0,0,0,0,0,0,0,0,0,0,0,0,0,0,0,0,0,0,0,0,0,0,0,0,0,0,0,0,0,0,0,0,0,0,0,0,0,0,0,0,0,0,0,0,0,0,0,0,0,0,0,0,0,0,0,0,0,0,0,0,0,0,0,0,0,0,0,0,0,0,0,0,0,0,0,0,0,0,0,0,0,0,0,0,0,0,0,0,0,0,0,0,0,0,0,0,0,0,0,0,0,0,0,0,0,0,0,0,0,0,0,0,0,0,0,0,0,0,0,0,0,0,0,0,0,0,0,0,0,0,0,0,0,0,0,0,0,0,0,0,0,0,0,0,0,0,0,0,0
1201,0,0,0,0,0,0,0,0,0,0,0,0,0,0,0,0,0,0,0,0,0,0,0,0,0,0,0,0,0,0,0,0,0,0,0,0,0,0,0,0,0,0,0,0,0,0,0,0,0,0,0,0,0,0,0,0,0,0,0,0,0,0,0,0,0,0,0,0,0,0,0,0,0,0,0,0,0,0,0,0,0,0,0,0,0,0,0,0,0,0,0,0,0,0,0,0,0,0,0,0,0,0,0,0,0,0,0,0,0,0,0,0,0,0,0,0,0,0,0,0,0,0,0,0,0,0,0,0,0,0,0,0,0,0,0,0,0,0,0,0,0,0,0,0,0,0,0,0,0,0,0,0,0,0,0,0,0,0,0,0,0,0,0,0,0,0,0,0,0,0,0,0,0,0,0,0,0,0,0,0,0,0,0,0,0,0,0,0,0,0,0,0,0,0,0,0,0,0,0,0
1202,61965.1475293082,81205.1617452741,96404.0664020435,60555.4136316010,11283.0328097374,99118.1328563882,93208.0835912064,51702.7491421487,70857.6184347866,51606.4531841004,27784.9312682656,51946.3132248541,32728.9507032142,69228.5254401320,81915.3951132906,75493.6320012243,49949.5905229538,28065.3508182099,57692.9321925474,77425.7445031271,71939.9614775874,34238.3757820566,47945.6920731120,11364.7935427976,68883.8730629021,68554.4190993552,12651.8678551416,44718.0986006277,34811.0684109760,92451.3720589144,66975.1863286715,65939.1807873563,52581.3127679883,44557.7627974776,30433.1137955968,83907.3573195807,26293.2920407911,59856.1832061347,38341.8220769152,65731.4819324672,82561.5011547210,58305.8056799820,20452.8440898664,56187.9442465483,41302.6957453970,70788.7912900768,56525.1484672934,62692.1408997602,46923.9749279001,15880.5141073814,62939.8945397174,83747.4030882286,21995.0544626810,83779.8902523982,77233.2965324808,46734.1492641813,0.0000000000,11575.4281933377,23137.9473969351,23537.6598407085,39378.6936274545,71563.4715289090,40233.1195287073,66636.3844339892,43310.5962578188,60778.9903238867,60491.4741054768,92060.5650854897,87663.8163495711,66179.7070726844,67200.9548022706,54887.5841148774,34729.3292895748,62183.4300838303,43716.0492586866,34756.5219022748,71983.4974947341,59562.4413799597,37543.6253380084,52411.2454961786,54062.8336902774,94720.8127685666,27724.6674975149,22566.9227260972,30286.1450916564,55142.8846141494,75008.8578353569,82108.2982874958,43616.9417263764,76405.2264394815,75349.7981483303,87803.0078735944,95095.3120847917,17938.5774518057,19876.1247324884,63398.9642687346,32021.3763249187,84784.1979329927,74301.3704493113,8109.8881295553,28153.6237709667,67192.3931298678,77845.3061668781,48633.1291879300,34688.0116519510,53164.8240002388,59504.0806946537,59032.4936387571,53856.5983909426,68867.9271271269,46100.8663748147,44835.0029933973,62309.1718829103,48143.0708721086,64143.6491967746,25060.1399854654,17910.5311825624,55357.0870083493,16693.9214888486,58626.6774041002,27730.1226672813,60881.2214666393,49335.1674648322,46843.9858345227,53147.9777852594,45454.9567009621,67207.8362966850,55954.2961783398,56635.9429182436,83444.7662647831,19901.2111362699,69122.6440946076,40246.2545624391,7062.3933026817,63206.0525369640,33455.6140099099,37858.7596459952,42064.6167217307,65066.3230830833,14792.4330221920,6109.0788926831,75095.9244833355,63197.4410961255,80774.3803678865,35716.3023336065,12573.1643843149,81080.5895815764,51400.6186323014,66344.6169164685,55847.6526445720,61271.3123876131,75803.8359125449,5660.0745676722,82810.4982811762,88158.3703577232,74864.3184084755,21660.6806518336,6537.3502122293,66749.8564367286,43071.1983296783,24379.7031241572,77912.1599522581,50767.0508232732,32900.0501362931,61838.7986779505,40927.9288222370,16725.1826699319,37561.0245099485,28785.4063340311,93429.4218995854,12525.5175202575,40318.4958010108,61948.1738646570,84619.8981836059,24564.4250200229,91251.8559964408,23648.0960506135,62962.6122867773,39995.6856462766,64040.0105018537,39151.2691249660,55909.8108991140,82732.9474103079,28320.1988503063,6768.1681703015,90250.9806648499,47971.3353428665,39821.0684556917,44077.5276061338,62914.3392107861,24516.6033515611,69742.8711789669,38177.9182012482,54608.7674724896,99269.2241942026,47561.0552416954,52028.5737008581,70541.6709966846,62809.2400560368,56965.9369037541
1203,47413.1762828982,106747.2038363862,108993.9487077852,41095.0885216885,36796.2761237660,97119.6867374733,115336.7737145622,60217.6589559552,45593.6315704278,74772.7196273204,7.4229792003,76686.6612899166,30276.6626453529,86197.2862208127,88320.1093886506,99971.0073013589,27536.4971841236,43671.4012862962,83110.6782934914,77397.4244709553,93420.8604480322,59423.9672879912,65574.4585940275,19382.2647280012,80446.1261790921,47090.8499201625,21616.0668483569,30704.5028430374,56432.1413795404,94932.2587141705,71986.5500426919,91380.6717701262,44516.6852157388,19090.7754837583,14813.5624988669,94627.8222816547,14467.1557768394,79830.9856497900,43543.6865333406,89189.5905812420,105807.9100079493,32798.5718158006,42814.1551125662,69650.4174145008,54859.9381692426,96174.1552598353,37874.3084871962,38689.9546331610,71924.9284663198,9724.1036586147,87682.6834055340,104972.3713163747,31423.0559329518,80374.3928258918,90687.6765475722,67747.0579965292,25543.4281833393,31732.7716149702,19671.2892701928,48950.9620063201,16798.5666894689,79609.3418403121,63959.9120836131,55306.4964286972,39072.2114806819,70715.8793627900,82604.8418217922,97651.8155678510,87137.5150876285,47932.4423040240,68546.4711370032,80288.0445593485,24375.0510191526,77684.1488953347,24775.8273324335,45463.0179838740,97526.6588818541,37931.3718161434,56037.3552006808,39727.0257488087,78434.6744448298,90866.8208499313,51310.3027183051,9052.3325022850,34885.5435298655,30375.8211474869,97682.7805038975,84068.2975198527,51564.7299981551,86325.3501782448,79570.2759454779,95612.5238932483,95326.4827430186,11852.4753805639,36716.7595932855,88940.2296898637,15755.0365698785,88898.3360934441,97982.1114992900,17716.1750066748,48660.7126848847,86030.4408111889,103322.1342433218,60404.3776173559,19478.2455776117,72235.4337339320,65695.7801138328,48109.5951755984,75376.6339305140,82631.8336584812,21954.0537577109,34998.0710324229,37231.1179482788,63176.4544603739,89398.4974057642,9327.7527992884,42708.4088951669,72335.6606437853,14895.0250579378,82022.8659512080,39078.7337661133,79123.5852077232,31757.0616237807,71028.1013800698,78686.7640103342,68109.9676903230,89668.8350720705,80966.5156925409,40686.5477311636,95962.5549173861,24694.1991115306,93399.0195499804,65090.1254021717,25284.7655882751,43035.9442579851,57630.8785731740,30984.6119428578,61926.2832620803,42379.4727002163,28073.8183277295,24983.3932935781,86938.1813250708,75995.7975072696,89043.2998155436,36518.0158303254,36300.4962146302,103440.8005200318,76713.9906732222,86554.2098685087,32609.1603840497,85388.3999591706,81953.8542424875,31409.0074907409,81362.1207727943,89512.5290639304,76784.5487132531,5856.1132638130,30416.1254555028,76278.7580066204,59807.1169239251,43221.4662521983,99269.3357908694,30648.0103494685,40501.4655543624,40593.1056117032,51833.5486784922,37366.8067802843,22844.0611300422,23073.0046292777,91768.7346485928,14180.3727008651,62575.8178785138,64400.4797157716,93898.7112190614,14168.3122176805,95463.7498291225,48340.2180260696,46315.5024394170,28756.7253320034,80890.4795270691,19469.4063397594,65414.6124315994,83001.7436840211,19130.1658791283,20876.9649014583,87338.0659663410,67467.1742601600,14712.4720934409,22000.2750599188,50250.4728074965,6537.0001584298,76086.8699244999,34698.7475344341,69808.6812642768,95892.7087845785,40672.1559766566,72501.5037314944,73617.7039925944,70963.5901483049,68343.7543650179
1204,0,0,0,0,0,0,0,0,0,0,0,0,0,0,0,0,0,0,0,0,0,0,0,0,0,0,0,0,0,0,0,0,0,0,0,0,0,0,0,0,0,0,0,0,0,0,0,0,0,0,0,0,0,0,0,0,0,0,0,0,0,0,0,0,0,0,0,0,0,0,0,0,0,0,0,0,0,0,0,0,0,0,0,0,0,0,0,0,0,0,0,0,0,0,0,0,0,0,0,0,0,0,0,0,0,0,0,0,0,0,0,0,0,0,0,0,0,0,0,0,0,0,0,0,0,0,0,0,0,0,0,0,0,0,0,0,0,0,0,0,0,0,0,0,0,0,0,0,0,0,0,0,0,0,0,0,0,0,0,0,0,0,0,0,0,0,0,0,0,0,0,0,0,0,0,0,0,0,0,0,0,0,0,0,0,0,0,0,0,0,0,0,0,0,0,0,0,0,0,0
1205,0,0,0,0,0,0,0,0,0,0,0,0,0,0,0,0,0,0,0,0,0,0,0,0,0,0,0,0,0,0,0,0,0,0,0,0,0,0,0,0,0,0,0,0,0,0,0,0,0,0,0,0,0,0,0,0,0,0,0,0,0,0,0,0,0,0,0,0,0,0,0,0,0,0,0,0,0,0,0,0,0,0,0,0,0,0,0,0,0,0,0,0,0,0,0,0,0,0,0,0,0,0,0,0,0,0,0,0,0,0,0,0,0,0,0,0,0,0,0,0,0,0,0,0,0,0,0,0,0,0,0,0,0,0,0,0,0,0,0,0,0,0,0,0,0,0,0,0,0,0,0,0,0,0,0,0,0,0,0,0,0,0,0,0,0,0,0,0,0,0,0,0,0,0,0,0,0,0,0,0,0,0,0,0,0,0,0,0,0,0,0,0,0,0,0,0,0,0,0,0
1206,54345.5634796249,78587.5845265768,68130.9537300628,83963.6940060098,26668.7012182758,75101.5997836756,73728.1909892230,24001.9834422040,80581.0831608058,36631.9991472894,45255.4686444014,59920.0076519023,23758.1886220407,42975.7002648632,54016.9700679473,63422.6179511250,55587.9382926252,108.6572292496,53476.3163472510,53133.6240928066,51620.4155042928,32346.8668694672,22341.2839299394,38959.6487471830,40329.0231489583,69360.0434282987,22284.5273258673,41451.0335989310,18383.3819072310,65954.4039539193,40144.7481841226,67116.7403580799,39835.8450309144,58173.0212923123,36789.9495169381,55338.6855030652,51313.3778930556,37224.7004578209,16307.3937090777,50510.4312786202,65973.3075551793,70798.8449518199,15170.1009063297,27847.5633387017,12776.3262329351,64892.2508541406,55283.1609717749,69163.2506592420,40560.7265682708,35681.0664111988,53019.7542705181,62714.4891600200,12228.8297114924,61643.5937032913,49088.4611127433,26728.7789679020,28575.2879695579,17098.4888325505,25811.1098257527,28520.4428236324,48182.2053441710,43366.0045249774,29036.8436888087,54357.5689523841,29715.2851777430,32331.6551886448,41965.7552333450,64260.4418027404,63137.9320100963,62520.7962024836,42701.4916205606,57884.8763962351,32827.8786159507,34816.0323067130,46501.9925423509,12286.2494609554,69837.9487909723,62031.0054217505,13656.2374212917,44938.4500513050,43251.6730328456,72281.5305952770,20509.5538517927,35027.7740383674,14974.4569914879,64570.2382299553,57188.6890747139,56260.9649687207,17161.0857969118,47853.6841345745,48544.9781518396,59467.1550291360,69774.3079582035,42496.8546468183,8711.2982329167,61455.2806889666,54234.9626150609,57714.8977756520,59326.5891017840,30181.9616644317,11702.7524216756,42856.5457930382,72736.0003650954,20078.5257956752,48035.2625214886,29340.2001082141,32476.9915962984,47803.3506724355,34388.9255573689,40755.5309932244,55586.8783361217,36835.8531256195,71935.9774758429,20310.4514519745,57502.1142165212,46955.9221214362,22609.9371363798,29056.8111569475,28399.5519648954,43711.1017213802,10447.5465919198,35881.2075667356,48607.4485320948,36215.8186593066,52256.2393168217,29719.0865108957,49177.1526063452,48347.0504543073,51913.0367460054,55094.0769843253,19055.6510804737,56581.7515955985,34267.3862458880,22454.2693653103,62788.7668390636,26070.6759943155,30150.9938695770,20177.5312362822,68505.7830767384,15935.1663281883,35710.1881523021,46590.7435807326,34772.3526532761,52411.0197542415,20562.7475336774,19837.9884053406,62344.0780175931,46826.0164692820,43935.1937891041,61734.9866975142,48669.9123393770,48126.0580044940,29735.9653584618,59208.2265835480,62419.9422422938,49409.6833875339,41268.2624432516,22968.9623638383,38301.5499593449,16518.0559062434,8559.0518892671,57219.8935170454,52890.9049235536,11170.5657516814,83849.1338211114,12898.5251950439,13458.8592983378,38441.6221071623,27057.8221697945,69417.1491623626,37091.8481364495,24311.3786650449,37137.8133463741,56091.9498720709,31897.5757501760,63982.1549240764,23524.5465948902,57757.4627529809,35848.4716278484,37664.2338160490,44574.9026858778,27654.7571561296,57920.5978075372,38991.5503783153,32910.7038305703,67319.0926285555,24995.1942043535,52791.8850619810,50729.1810276855,52857.8314268031,40146.1989614947,42165.5521136162,26441.2580028185,26972.2631245067,76243.6148789120,35175.4976667196,30554.7314811765,44620.4970804607,34773.8136926440,28394.9856959419
1207,0,0,0,0,0,0,0,0,0,0,0,0,0,0,0,0,0,0,0,0,0,0,0,0,0,0,0,0,0,0,0,0,0,0,0,0,0,0,0,0,0,0,0,0,0,0,0,0,0,0,0,0,0,0,0,0,0,0,0,0,0,0,0,0,0,0,0,0,0,0,0,0,0,0,0,0,0,0,0,0,0,0,0,0,0,0,0,0,0,0,0,0,0,0,0,0,0,0,0,0,0,0,0,0,0,0,0,0,0,0,0,0,0,0,0,0,0,0,0,0,0,0,0,0,0,0,0,0,0,0,0,0,0,0,0,0,0,0,0,0,0,0,0,0,0,0,0,0,0,0,0,0,0,0,0,0,0,0,0,0,0,0,0,0,0,0,0,0,0,0,0,0,0,0,0,0,0,0,0,0,0,0,0,0,0,0,0,0,0,0,0,0,0,0,0,0,0,0,0,0
1208,0,0,0,0,0,0,0,0,0,0,0,0,0,0,0,0,0,0,0,0,0,0,0,0,0,0,0,0,0,0,0,0,0,0,0,0,0,0,0,0,0,0,0,0,0,0,0,0,0,0,0,0,0,0,0,0,0,0,0,0,0,0,0,0,0,0,0,0,0,0,0,0,0,0,0,0,0,0,0,0,0,0,0,0,0,0,0,0,0,0,0,0,0,0,0,0,0,0,0,0,0,0,0,0,0,0,0,0,0,0,0,0,0,0,0,0,0,0,0,0,0,0,0,0,0,0,0,0,0,0,0,0,0,0,0,0,0,0,0,0,0,0,0,0,0,0,0,0,0,0,0,0,0,0,0,0,0,0,0,0,0,0,0,0,0,0,0,0,0,0,0,0,0,0,0,0,0,0,0,0,0,0,0,0,0,0,0,0,0,0,0,0,0,0,0,0,0,0,0,0
1209,0,0,0,0,0,0,0,0,0,0,0,0,0,0,0,0,0,0,0,0,0,0,0,0,0,0,0,0,0,0,0,0,0,0,0,0,0,0,0,0,0,0,0,0,0,0,0,0,0,0,0,0,0,0,0,0,0,0,0,0,0,0,0,0,0,0,0,0,0,0,0,0,0,0,0,0,0,0,0,0,0,0,0,0,0,0,0,0,0,0,0,0,0,0,0,0,0,0,0,0,0,0,0,0,0,0,0,0,0,0,0,0,0,0,0,0,0,0,0,0,0,0,0,0,0,0,0,0,0,0,0,0,0,0,0,0,0,0,0,0,0,0,0,0,0,0,0,0,0,0,0,0,0,0,0,0,0,0,0,0,0,0,0,0,0,0,0,0,0,0,0,0,0,0,0,0,0,0,0,0,0,0,0,0,0,0,0,0,0,0,0,0,0,0,0,0,0,0,0,0
1210,0,0,0,0,0,0,0,0,0,0,0,0,0,0,0,0,0,0,0,0,0,0,0,0,0,0,0,0,0,0,0,0,0,0,0,0,0,0,0,0,0,0,0,0,0,0,0,0,0,0,0,0,0,0,0,0,0,0,0,0,0,0,0,0,0,0,0,0,0,0,0,0,0,0,0,0,0,0,0,0,0,0,0,0,0,0,0,0,0,0,0,0,0,0,0,0,0,0,0,0,0,0,0,0,0,0,0,0,0,0,0,0,0,0,0,0,0,0,0,0,0,0,0,0,0,0,0,0,0,0,0,0,0,0,0,0,0,0,0,0,0,0,0,0,0,0,0,0,0,0,0,0,0,0,0,0,0,0,0,0,0,0,0,0,0,0,0,0,0,0,0,0,0,0,0,0,0,0,0,0,0,0,0,0,0,0,0,0,0,0,0,0,0,0,0,0,0,0,0,0
1211,0,0,0,0,0,0,0,0,0,0,0,0,0,0,0,0,0,0,0,0,0,0,0,0,0,0,0,0,0,0,0,0,0,0,0,0,0,0,0,0,0,0,0,0,0,0,0,0,0,0,0,0,0,0,0,0,0,0,0,0,0,0,0,0,0,0,0,0,0,0,0,0,0,0,0,0,0,0,0,0,0,0,0,0,0,0,0,0,0,0,0,0,0,0,0,0,0,0,0,0,0,0,0,0,0,0,0,0,0,0,0,0,0,0,0,0,0,0,0,0,0,0,0,0,0,0,0,0,0,0,0,0,0,0,0,0,0,0,0,0,0,0,0,0,0,0,0,0,0,0,0,0,0,0,0,0,0,0,0,0,0,0,0,0,0,0,0,0,0,0,0,0,0,0,0,0,0,0,0,0,0,0,0,0,0,0,0,0,0,0,0,0,0,0,0,0,0,0,0,0
1212,0,0,0,0,0,0,0,0,0,0,0,0,0,0,0,0,0,0,0,0,0,0,0,0,0,0,0,0,0,0,0,0,0,0,0,0,0,0,0,0,0,0,0,0,0,0,0,0,0,0,0,0,0,0,0,0,0,0,0,0,0,0,0,0,0,0,0,0,0,0,0,0,0,0,0,0,0,0,0,0,0,0,0,0,0,0,0,0,0,0,0,0,0,0,0,0,0,0,0,0,0,0,0,0,0,0,0,0,0,0,0,0,0,0,0,0,0,0,0,0,0,0,0,0,0,0,0,0,0,0,0,0,0,0,0,0,0,0,0,0,0,0,0,0,0,0,0,0,0,0,0,0,0,0,0,0,0,0,0,0,0,0,0,0,0,0,0,0,0,0,0,0,0,0,0,0,0,0,0,0,0,0,0,0,0,0,0,0,0,0,0,0,0,0,0,0,0,0,0,0
1213,0,0,0,0,0,0,0,0,0,0,0,0,0,0,0,0,0,0,0,0,0,0,0,0,0,0,0,0,0,0,0,0,0,0,0,0,0,0,0,0,0,0,0,0,0,0,0,0,0,0,0,0,0,0,0,0,0,0,0,0,0,0,0,0,0,0,0,0,0,0,0,0,0,0,0,0,0,0,0,0,0,0,0,0,0,0,0,0,0,0,0,0,0,0,0,0,0,0,0,0,0,0,0,0,0,0,0,0,0,0,0,0,0,0,0,0,0,0,0,0,0,0,0,0,0,0,0,0,0,0,0,0,0,0,0,0,0,0,0,0,0,0,0,0,0,0,0,0,0,0,0,0,0,0,0,0,0,0,0,0,0,0,0,0,0,0,0,0,0,0,0,0,0,0,0,0,0,0,0,0,0,0,0,0,0,0,0,0,0,0,0,0,0,0,0,0,0,0,0,0
1214,0,0,0,0,0,0,0,0,0,0,0,0,0,0,0,0,0,0,0,0,0,0,0,0,0,0,0,0,0,0,0,0,0,0,0,0,0,0,0,0,0,0,0,0,0,0,0,0,0,0,0,0,0,0,0,0,0,0,0,0,0,0,0,0,0,0,0,0,0,0,0,0,0,0,0,0,0,0,0,0,0,0,0,0,0,0,0,0,0,0,0,0,0,0,0,0,0,0,0,0,0,0,0,0,0,0,0,0,0,0,0,0,0,0,0,0,0,0,0,0,0,0,0,0,0,0,0,0,0,0,0,0,0,0,0,0,0,0,0,0,0,0,0,0,0,0,0,0,0,0,0,0,0,0,0,0,0,0,0,0,0,0,0,0,0,0,0,0,0,0,0,0,0,0,0,0,0,0,0,0,0,0,0,0,0,0,0,0,0,0,0,0,0,0,0,0,0,0,0,0
1215,0,0,0,0,0,0,0,0,0,0,0,0,0,0,0,0,0,0,0,0,0,0,0,0,0,0,0,0,0,0,0,0,0,0,0,0,0,0,0,0,0,0,0,0,0,0,0,0,0,0,0,0,0,0,0,0,0,0,0,0,0,0,0,0,0,0,0,0,0,0,0,0,0,0,0,0,0,0,0,0,0,0,0,0,0,0,0,0,0,0,0,0,0,0,0,0,0,0,0,0,0,0,0,0,0,0,0,0,0,0,0,0,0,0,0,0,0,0,0,0,0,0,0,0,0,0,0,0,0,0,0,0,0,0,0,0,0,0,0,0,0,0,0,0,0,0,0,0,0,0,0,0,0,0,0,0,0,0,0,0,0,0,0,0,0,0,0,0,0,0,0,0,0,0,0,0,0,0,0,0,0,0,0,0,0,0,0,0,0,0,0,0,0,0,0,0,0,0,0,0
1216,0,0,0,0,0,0,0,0,0,0,0,0,0,0,0,0,0,0,0,0,0,0,0,0,0,0,0,0,0,0,0,0,0,0,0,0,0,0,0,0,0,0,0,0,0,0,0,0,0,0,0,0,0,0,0,0,0,0,0,0,0,0,0,0,0,0,0,0,0,0,0,0,0,0,0,0,0,0,0,0,0,0,0,0,0,0,0,0,0,0,0,0,0,0,0,0,0,0,0,0,0,0,0,0,0,0,0,0,0,0,0,0,0,0,0,0,0,0,0,0,0,0,0,0,0,0,0,0,0,0,0,0,0,0,0,0,0,0,0,0,0,0,0,0,0,0,0,0,0,0,0,0,0,0,0,0,0,0,0,0,0,0,0,0,0,0,0,0,0,0,0,0,0,0,0,0,0,0,0,0,0,0,0,0,0,0,0,0,0,0,0,0,0,0,0,0,0,0,0,0
1217,0,0,0,0,0,0,0,0,0,0,0,0,0,0,0,0,0,0,0,0,0,0,0,0,0,0,0,0,0,0,0,0,0,0,0,0,0,0,0,0,0,0,0,0,0,0,0,0,0,0,0,0,0,0,0,0,0,0,0,0,0,0,0,0,0,0,0,0,0,0,0,0,0,0,0,0,0,0,0,0,0,0,0,0,0,0,0,0,0,0,0,0,0,0,0,0,0,0,0,0,0,0,0,0,0,0,0,0,0,0,0,0,0,0,0,0,0,0,0,0,0,0,0,0,0,0,0,0,0,0,0,0,0,0,0,0,0,0,0,0,0,0,0,0,0,0,0,0,0,0,0,0,0,0,0,0,0,0,0,0,0,0,0,0,0,0,0,0,0,0,0,0,0,0,0,0,0,0,0,0,0,0,0,0,0,0,0,0,0,0,0,0,0,0,0,0,0,0,0,0
1218,0,0,0,0,0,0,0,0,0,0,0,0,0,0,0,0,0,0,0,0,0,0,0,0,0,0,0,0,0,0,0,0,0,0,0,0,0,0,0,0,0,0,0,0,0,0,0,0,0,0,0,0,0,0,0,0,0,0,0,0,0,0,0,0,0,0,0,0,0,0,0,0,0,0,0,0,0,0,0,0,0,0,0,0,0,0,0,0,0,0,0,0,0,0,0,0,0,0,0,0,0,0,0,0,0,0,0,0,0,0,0,0,0,0,0,0,0,0,0,0,0,0,0,0,0,0,0,0,0,0,0,0,0,0,0,0,0,0,0,0,0,0,0,0,0,0,0,0,0,0,0,0,0,0,0,0,0,0,0,0,0,0,0,0,0,0,0,0,0,0,0,0,0,0,0,0,0,0,0,0,0,0,0,0,0,0,0,0,0,0,0,0,0,0,0,0,0,0,0,0
1219,0,0,0,0,0,0,0,0,0,0,0,0,0,0,0,0,0,0,0,0,0,0,0,0,0,0,0,0,0,0,0,0,0,0,0,0,0,0,0,0,0,0,0,0,0,0,0,0,0,0,0,0,0,0,0,0,0,0,0,0,0,0,0,0,0,0,0,0,0,0,0,0,0,0,0,0,0,0,0,0,0,0,0,0,0,0,0,0,0,0,0,0,0,0,0,0,0,0,0,0,0,0,0,0,0,0,0,0,0,0,0,0,0,0,0,0,0,0,0,0,0,0,0,0,0,0,0,0,0,0,0,0,0,0,0,0,0,0,0,0,0,0,0,0,0,0,0,0,0,0,0,0,0,0,0,0,0,0,0,0,0,0,0,0,0,0,0,0,0,0,0,0,0,0,0,0,0,0,0,0,0,0,0,0,0,0,0,0,0,0,0,0,0,0,0,0,0,0,0,0
1220,0,0,0,0,0,0,0,0,0,0,0,0,0,0,0,0,0,0,0,0,0,0,0,0,0,0,0,0,0,0,0,0,0,0,0,0,0,0,0,0,0,0,0,0,0,0,0,0,0,0,0,0,0,0,0,0,0,0,0,0,0,0,0,0,0,0,0,0,0,0,0,0,0,0,0,0,0,0,0,0,0,0,0,0,0,0,0,0,0,0,0,0,0,0,0,0,0,0,0,0,0,0,0,0,0,0,0,0,0,0,0,0,0,0,0,0,0,0,0,0,0,0,0,0,0,0,0,0,0,0,0,0,0,0,0,0,0,0,0,0,0,0,0,0,0,0,0,0,0,0,0,0,0,0,0,0,0,0,0,0,0,0,0,0,0,0,0,0,0,0,0,0,0,0,0,0,0,0,0,0,0,0,0,0,0,0,0,0,0,0,0,0,0,0,0,0,0,0,0,0
1221,36235.8444806501,143100.3454487284,125396.9946621837,44868.8217990343,73377.1070583400,94379.6910475842,144464.7591224566,77927.1318973988,19413.6172593587,106799.2483510681,35706.5328377970,114226.1162946416,48507.4499889966,109973.9886530108,98599.9843915991,133244.6624300676,15604.3063754482,71962.9765878521,118711.1214764484,80626.0037539916,122413.1916336273,94825.2695743290,92113.9644950858,57011.3461734450,98297.7613573471,18660.3563633547,54574.6764196120,33034.0045302939,87907.3423452034,98982.8629957221,83050.0662411328,128285.2805536005,46493.9243412533,19396.1620884812,34831.8403449345,109817.7423056578,46960.9695091534,107688.7834137106,62616.9248539348,121078.8114824041,136903.6519676012,5902.6340500924,76268.9681051342,91170.3103640153,78963.1058012385,131541.6846354148,23758.0156111093,9034.1516411491,106710.4765176497,46787.4929047803,121673.6735099039,133137.7121219833,59237.1750937970,78089.7635646037,109742.5085972728,97666.3277246824,62466.5293596862,65646.6807189788,45927.5449225558,85033.1303826558,23719.0378348933,93231.1014788576,97177.1303486053,46756.9414393731,49528.7290081380,88038.3888658091,112923.1037133243,105696.5151551179,87976.6300241742,28100.0725100603,75524.0654196875,117294.6567117959,38629.3118254972,100522.9330312695,24992.4424035550,69159.0485407896,133868.2684881107,14986.4205349129,84616.8968098127,36899.5447611104,112012.7163557366,86171.8700093094,85071.8041557849,40382.7892580079,57183.0387528765,7033.1268534078,128159.2653294647,88931.0329612342,70823.5963102500,101411.2330848064,88246.1040484380,106879.4982117400,96105.4521506021,48986.5130527679,67574.6849951790,125189.8842818572,39086.4733164377,96017.0465749512,129959.3983697932,54360.1715433492,79970.6837723382,112089.3753912445,139002.1716789776,81616.3870664704,27901.5599873565,99649.6100577617,79502.4317560023,43479.6001609817,105354.1019426260,102885.8269908052,16461.8312952787,40361.3517922965,2805.3159031600,87334.1541157497,124453.0685088625,41702.5913099736,78154.2791382314,97422.0872600551,47509.4364688712,114066.1292665301,65313.7309162565,105002.0122064809,26123.7123253473,104556.5416409576,114950.8071680381,99845.9888863680,120138.2121605616,115597.6748512993,30709.9863866815,113338.6033610670,53076.6464110360,126452.8363955453,99773.8198226843,60290.5250104747,20798.5736066105,91678.3123614101,43582.0170797841,91149.6022905538,12093.4089902936,59757.3695153879,62680.3002011517,104366.3150973738,95892.2078556603,101678.7050078555,54275.1630699285,71371.1124643641,133273.9301794865,112083.3537418264,114266.3558329868,10057.2180348210,118380.4863388660,92794.2121746540,68577.2702992983,81812.7949657404,92699.5789360641,82845.9598878708,41860.4579349846,66210.4030240211,92235.3792270236,86180.8613277186,74056.2345276933,127844.5085607002,20331.8762379722,63046.4841889284,39894.4122360231,74017.3354033793,70436.0812200719,32854.8319280376,43921.6417305820,90252.7851266199,51878.5933494272,94214.6471182493,73821.5730364714,107291.0730069919,40689.5409761114,101867.0993552595,83407.8739078901,31189.5327482179,37383.1691122594,104985.8686451136,26422.3206386576,83176.1873586388,85652.9091367160,34723.7803116155,58358.6986425366,84610.0000027682,95776.2720715192,22998.6257961635,20281.4661117827,41387.5192698296,37999.6026021550,88111.5375041946,48775.0123174422,93229.4931820645,91230.9509354434,46579.9144204168,101462.5500669027,81842.7952826126,86120.3641016507,87720.3554144536
1222,25085.9095209706,110860.8926795397,89900.7209284300,62863.6886738436,45054.0377447957,71465.2612444604,107133.5836825739,41191.7425875183,47284.3435400097,70926.7241738109,26147.6981551093,86490.9036531554,10981.8075766056,72461.5891833979,65760.1747806027,97692.5488466347,21974.2646943298,35539.6970221468,85782.4494960818,52361.2952378342,85166.4865645221,62516.2906194491,54680.5967053356,38585.8262028187,61922.7847195089,35298.4407618161,24749.4577842372,8074.9980513716,52290.5957387044,70377.5595965276,49396.9851961786,97602.2933169893,18753.4109295632,29681.0746690414,10994.7104449101,74641.2219506874,40064.1062750655,70327.5542013210,25173.9290518189,84871.5142262569,100166.9771335621,39562.5251633711,42956.5500273084,53807.3246338236,41405.4037254708,97998.9256834780,21504.1654065889,35181.8796821324,73107.5483771468,27044.4706716971,86877.7027618404,95694.1507333677,23808.2952477880,54651.0478074285,73143.8986652188,60996.8188034916,36883.2217535481,34185.4804280569,13831.8655853372,54472.5322108833,17993.1901965454,58482.7514763423,62409.3901357494,30751.3022089343,14530.5744681919,51655.4301510561,76148.5646024106,74369.0316068681,61815.9787927618,30157.1205823346,44275.0309314726,87221.0222654228,537.5095697453,63058.8394737421,12587.7360450027,31663.0447298585,101787.9747966904,27673.2695495976,47786.8351233354,15678.6301682476,77085.6973061827,65091.6262498664,51388.4886375950,18617.2988140320,19836.7953035903,32004.9101204032,91275.2727210197,59547.3049159577,33539.0816812974,66148.2378352751,56179.5308278614,73616.3169643353,70090.2894374536,34705.2979956117,32978.0083566917,93140.1654761654,37314.8302515293,65144.9923506697,93680.3509465314,30288.6864609272,44647.1467946375,74524.4779361094,105740.2199035018,44196.2149270955,22536.5566907992,62279.6496582160,44314.6809022263,23202.9252237413,68566.8214193465,65892.2248756019,24161.4135224689,9300.3708832076,38971.1479159969,49757.0138886905,90674.9800106180,32734.6696017097,47120.2667284090,59848.8954165261,20702.2200973444,78055.4794614830,28520.7477931678,67442.5898838653,14446.3777550434,69794.3635792052,83221.4894321395,63979.0847239949,83330.8434574192,81559.7861225860,20003.3026061339,77334.9182672185,19441.1953561338,90850.6500018598,66314.3213021958,31412.8309349793,28930.7077196000,57905.6629267221,10989.6576238036,54370.8169893669,34144.4182998398,27121.4926979508,41096.4025744657,68226.3506163108,58900.7162423333,67589.5538328414,16780.0800064574,40556.1840462749,96157.9642262737,79028.3650672094,76840.8002669941,27851.3308616862,82875.8052845569,59509.5606740582,42636.9850001746,55911.2210461736,64671.9534924967,52448.5174825177,27539.8212375773,37367.2974008730,56438.6208848476,48787.2008434217,38827.7661348022,90485.2701079737,18548.6247016154,25539.8945750880,60671.7728944138,36449.8463112144,37360.5966597179,2840.4852848601,8681.8008978729,66189.4399899422,33003.8218381531,58460.5682929887,40867.8463209675,72913.2924963588,13725.8414646463,71587.9627400888,51360.5933939277,26355.9466744774,4237.6442080117,67436.0591053848,12670.8109715092,46548.7641914515,57945.4128317723,16273.3225430589,35824.1856250196,61628.9355204831,58637.1289888082,25086.2988611250,18226.0590714441,26398.9106588058,22392.4940948763,54059.2458347183,11813.0215621198,55681.5835697687,70128.2883742790,14993.6645248964,64412.9538473176,49912.1924301817,50513.8174622544,50735.5533412832
1223,0,0,0,0,0,0,0,0,0,0,0,0,0,0,0,0,0,0,0,0,0,0,0,0,0,0,0,0,0,0,0,0,0,0,0,0,0,0,0,0,0,0,0,0,0,0,0,0,0,0,0,0,0,0,0,0,0,0,0,0,0,0,0,0,0,0,0,0,0,0,0,0,0,0,0,0,0,0,0,0,0,0,0,0,0,0,0,0,0,0,0,0,0,0,0,0,0,0,0,0,0,0,0,0,0,0,0,0,0,0,0,0,0,0,0,0,0,0,0,0,0,0,0,0,0,0,0,0,0,0,0,0,0,0,0,0,0,0,0,0,0,0,0,0,0,0,0,0,0,0,0,0,0,0,0,0,0,0,0,0,0,0,0,0,0,0,0,0,0,0,0,0,0,0,0,0,0,0,0,0,0,0,0,0,0,0,0,0,0,0,0,0,0,0,0,0,0,0,0,0
1224,0,0,0,0,0,0,0,0,0,0,0,0,0,0,0,0,0,0,0,0,0,0,0,0,0,0,0,0,0,0,0,0,0,0,0,0,0,0,0,0,0,0,0,0,0,0,0,0,0,0,0,0,0,0,0,0,0,0,0,0,0,0,0,0,0,0,0,0,0,0,0,0,0,0,0,0,0,0,0,0,0,0,0,0,0,0,0,0,0,0,0,0,0,0,0,0,0,0,0,0,0,0,0,0,0,0,0,0,0,0,0,0,0,0,0,0,0,0,0,0,0,0,0,0,0,0,0,0,0,0,0,0,0,0,0,0,0,0,0,0,0,0,0,0,0,0,0,0,0,0,0,0,0,0,0,0,0,0,0,0,0,0,0,0,0,0,0,0,0,0,0,0,0,0,0,0,0,0,0,0,0,0,0,0,0,0,0,0,0,0,0,0,0,0,0,0,0,0,0,0
1225,0,0,0,0,0,0,0,0,0,0,0,0,0,0,0,0,0,0,0,0,0,0,0,0,0,0,0,0,0,0,0,0,0,0,0,0,0,0,0,0,0,0,0,0,0,0,0,0,0,0,0,0,0,0,0,0,0,0,0,0,0,0,0,0,0,0,0,0,0,0,0,0,0,0,0,0,0,0,0,0,0,0,0,0,0,0,0,0,0,0,0,0,0,0,0,0,0,0,0,0,0,0,0,0,0,0,0,0,0,0,0,0,0,0,0,0,0,0,0,0,0,0,0,0,0,0,0,0,0,0,0,0,0,0,0,0,0,0,0,0,0,0,0,0,0,0,0,0,0,0,0,0,0,0,0,0,0,0,0,0,0,0,0,0,0,0,0,0,0,0,0,0,0,0,0,0,0,0,0,0,0,0,0,0,0,0,0,0,0,0,0,0,0,0,0,0,0,0,0,0
1226,16745.2589217170,120144.2623751996,93832.6208470059,63571.2888261248,54346.4965015190,69007.9861562305,114730.0612911653,46356.1410819924,41195.7835320197,79621.1712073839,30735.4649049451,95863.6012009312,19232.2937811078,78908.6705691591,67796.0858870067,106412.3226671126,16790.4459776290,44252.8862444471,95036.3409961128,51794.8815141657,92932.6341159131,71867.5337098694,62299.4730463560,46372.2654374327,66637.1276658237,26370.3805010656,33953.9912771613,0.5803695273,61169.2344979923,70226.1614809238,51847.4460388352,106986.8556645331,16434.6498774830,28882.1588444915,16981.0093828724,78299.1768542963,45448.8378769487,77990.8609610193,31748.8016670827,93376.3444525963,108338.2964832193,35786.2526397603,52293.0713478627,59916.5181617887,48742.3970789483,107155.3849715952,12319.7860504508,28415.6803937601,82310.6474970852,34480.7844419959,95832.0447524373,103124.7788714588,33013.1752816487,52061.9359559203,78093.9031092869,69359.7699842585,45800.9944469239,43584.1307625583,23028.8154180720,63877.6611044370,18023.2065958422,61770.9112082847,71453.1810749492,24380.3401385585,17883.1300861451,56384.2332084718,84370.4774291469,75601.2223833445,60470.4784105018,20762.0945223337,45144.5392628820,96623.6918758732,11486.8083958635,69381.9817304633,8796.9103962190,39366.5024254447,111094.4877358153,19570.1980745259,56134.4112141182,8911.9173272187,86038.4498946112,61877.5906415722,60654.2033176827,25691.6703180221,28104.6371859371,27414.9992119474,99366.4657099115,59639.0412974654,39615.4418869398,69858.0650245530,57678.3917829795,75954.3907548637,68807.9065671702,41430.4808718131,42230.8523110617,102459.4578184214,41223.5487601460,66061.0802277533,102125.2278268737,38794.5378645701,53661.6723825007,81615.6403843591,114921.7859897779,50493.1122166815,24847.9944523050,69968.2343048356,47906.5988071696,17511.0593387202,76813.0376433535,71338.5768259900,21655.8727130022,8715.8018659126,33537.0277184635,56815.5306682438,99811.1896588943,38017.7282301785,56525.6714369985,66924.5852607950,29271.3906974973,86668.2829479173,37125.8244888419,74598.3701108473,6519.0613906797,78809.9412352841,92573.7693652461,72707.2868704231,91503.3145648223,90676.1063382939,10836.5759965002,81689.2895867801,28846.8046300644,99571.8138151624,75554.5497991041,40626.5434723458,19821.3600120253,67134.9050123166,13034.2096986346,62704.0999411557,26075.6096929259,36526.8568697154,49517.5958712819,72704.6676244557,64358.1572260873,70438.3487497730,23751.4227416990,49952.3929807668,104035.3744152539,88282.3387301152,84364.9993110511,21607.4298121051,91651.9550752598,61784.4073172764,51688.1070228344,54347.4128521783,64187.5088574432,52965.1361246294,33664.6532684662,46643.1333404882,60588.8721206718,56524.7613236796,47911.9716776517,98080.3268394429,11367.5253577396,33324.2516430984,60589.4677194633,43401.1942061831,46734.1297805531,14713.4652023938,18084.1564648852,64074.6218281142,40627.7237779034,67257.6349433694,42759.4994808156,75980.0771219313,21670.2659112062,72255.2411531226,60746.0944936635,17164.9343978958,13737.7329775028,74063.4977379136,12720.3760684944,51563.4617663303,57215.5818277828,21696.4033670885,44254.5053700501,59022.3876665038,66642.4339249510,25516.9071202431,15547.3155075895,19239.2322994807,28182.0432943943,56818.6321094823,17795.7085863890,62349.7205085500,67014.8797848147,15192.2738067523,72472.3708902894,51263.7372169396,54484.8281544301,56205.2731998607
1227,0,0,0,0,0,0,0,0,0,0,0,0,0,0,0,0,0,0,0,0,0,0,0,0,0,0,0,0,0,0,0,0,0,0,0,0,0,0,0,0,0,0,0,0,0,0,0,0,0,0,0,0,0,0,0,0,0,0,0,0,0,0,0,0,0,0,0,0,0,0,0,0,0,0,0,0,0,0,0,0,0,0,0,0,0,0,0,0,0,0,0,0,0,0,0,0,0,0,0,0,0,0,0,0,0,0,0,0,0,0,0,0,0,0,0,0,0,0,0,0,0,0,0,0,0,0,0,0,0,0,0,0,0,0,0,0,0,0,0,0,0,0,0,0,0,0,0,0,0,0,0,0,0,0,0,0,0,0,0,0,0,0,0,0,0,0,0,0,0,0,0,0,0,0,0,0,0,0,0,0,0,0,0,0,0,0,0,0,0,0,0,0,0,0,0,0,0,0,0,0
1228,0,0,0,0,0,0,0,0,0,0,0,0,0,0,0,0,0,0,0,0,0,0,0,0,0,0,0,0,0,0,0,0,0,0,0,0,0,0,0,0,0,0,0,0,0,0,0,0,0,0,0,0,0,0,0,0,0,0,0,0,0,0,0,0,0,0,0,0,0,0,0,0,0,0,0,0,0,0,0,0,0,0,0,0,0,0,0,0,0,0,0,0,0,0,0,0,0,0,0,0,0,0,0,0,0,0,0,0,0,0,0,0,0,0,0,0,0,0,0,0,0,0,0,0,0,0,0,0,0,0,0,0,0,0,0,0,0,0,0,0,0,0,0,0,0,0,0,0,0,0,0,0,0,0,0,0,0,0,0,0,0,0,0,0,0,0,0,0,0,0,0,0,0,0,0,0,0,0,0,0,0,0,0,0,0,0,0,0,0,0,0,0,0,0,0,0,0,0,0,0
1229,0,0,0,0,0,0,0,0,0,0,0,0,0,0,0,0,0,0,0,0,0,0,0,0,0,0,0,0,0,0,0,0,0,0,0,0,0,0,0,0,0,0,0,0,0,0,0,0,0,0,0,0,0,0,0,0,0,0,0,0,0,0,0,0,0,0,0,0,0,0,0,0,0,0,0,0,0,0,0,0,0,0,0,0,0,0,0,0,0,0,0,0,0,0,0,0,0,0,0,0,0,0,0,0,0,0,0,0,0,0,0,0,0,0,0,0,0,0,0,0,0,0,0,0,0,0,0,0,0,0,0,0,0,0,0,0,0,0,0,0,0,0,0,0,0,0,0,0,0,0,0,0,0,0,0,0,0,0,0,0,0,0,0,0,0,0,0,0,0,0,0,0,0,0,0,0,0,0,0,0,0,0,0,0,0,0,0,0,0,0,0,0,0,0,0,0,0,0,0,0
1230,0,0,0,0,0,0,0,0,0,0,0,0,0,0,0,0,0,0,0,0,0,0,0,0,0,0,0,0,0,0,0,0,0,0,0,0,0,0,0,0,0,0,0,0,0,0,0,0,0,0,0,0,0,0,0,0,0,0,0,0,0,0,0,0,0,0,0,0,0,0,0,0,0,0,0,0,0,0,0,0,0,0,0,0,0,0,0,0,0,0,0,0,0,0,0,0,0,0,0,0,0,0,0,0,0,0,0,0,0,0,0,0,0,0,0,0,0,0,0,0,0,0,0,0,0,0,0,0,0,0,0,0,0,0,0,0,0,0,0,0,0,0,0,0,0,0,0,0,0,0,0,0,0,0,0,0,0,0,0,0,0,0,0,0,0,0,0,0,0,0,0,0,0,0,0,0,0,0,0,0,0,0,0,0,0,0,0,0,0,0,0,0,0,0,0,0,0,0,0,0
1231,0,0,0,0,0,0,0,0,0,0,0,0,0,0,0,0,0,0,0,0,0,0,0,0,0,0,0,0,0,0,0,0,0,0,0,0,0,0,0,0,0,0,0,0,0,0,0,0,0,0,0,0,0,0,0,0,0,0,0,0,0,0,0,0,0,0,0,0,0,0,0,0,0,0,0,0,0,0,0,0,0,0,0,0,0,0,0,0,0,0,0,0,0,0,0,0,0,0,0,0,0,0,0,0,0,0,0,0,0,0,0,0,0,0,0,0,0,0,0,0,0,0,0,0,0,0,0,0,0,0,0,0,0,0,0,0,0,0,0,0,0,0,0,0,0,0,0,0,0,0,0,0,0,0,0,0,0,0,0,0,0,0,0,0,0,0,0,0,0,0,0,0,0,0,0,0,0,0,0,0,0,0,0,0,0,0,0,0,0,0,0,0,0,0,0,0,0,0,0,0
1232,0,0,0,0,0,0,0,0,0,0,0,0,0,0,0,0,0,0,0,0,0,0,0,0,0,0,0,0,0,0,0,0,0,0,0,0,0,0,0,0,0,0,0,0,0,0,0,0,0,0,0,0,0,0,0,0,0,0,0,0,0,0,0,0,0,0,0,0,0,0,0,0,0,0,0,0,0,0,0,0,0,0,0,0,0,0,0,0,0,0,0,0,0,0,0,0,0,0,0,0,0,0,0,0,0,0,0,0,0,0,0,0,0,0,0,0,0,0,0,0,0,0,0,0,0,0,0,0,0,0,0,0,0,0,0,0,0,0,0,0,0,0,0,0,0,0,0,0,0,0,0,0,0,0,0,0,0,0,0,0,0,0,0,0,0,0,0,0,0,0,0,0,0,0,0,0,0,0,0,0,0,0,0,0,0,0,0,0,0,0,0,0,0,0,0,0,0,0,0,0
1233,0,0,0,0,0,0,0,0,0,0,0,0,0,0,0,0,0,0,0,0,0,0,0,0,0,0,0,0,0,0,0,0,0,0,0,0,0,0,0,0,0,0,0,0,0,0,0,0,0,0,0,0,0,0,0,0,0,0,0,0,0,0,0,0,0,0,0,0,0,0,0,0,0,0,0,0,0,0,0,0,0,0,0,0,0,0,0,0,0,0,0,0,0,0,0,0,0,0,0,0,0,0,0,0,0,0,0,0,0,0,0,0,0,0,0,0,0,0,0,0,0,0,0,0,0,0,0,0,0,0,0,0,0,0,0,0,0,0,0,0,0,0,0,0,0,0,0,0,0,0,0,0,0,0,0,0,0,0,0,0,0,0,0,0,0,0,0,0,0,0,0,0,0,0,0,0,0,0,0,0,0,0,0,0,0,0,0,0,0,0,0,0,0,0,0,0,0,0,0,0
1234,0,0,0,0,0,0,0,0,0,0,0,0,0,0,0,0,0,0,0,0,0,0,0,0,0,0,0,0,0,0,0,0,0,0,0,0,0,0,0,0,0,0,0,0,0,0,0,0,0,0,0,0,0,0,0,0,0,0,0,0,0,0,0,0,0,0,0,0,0,0,0,0,0,0,0,0,0,0,0,0,0,0,0,0,0,0,0,0,0,0,0,0,0,0,0,0,0,0,0,0,0,0,0,0,0,0,0,0,0,0,0,0,0,0,0,0,0,0,0,0,0,0,0,0,0,0,0,0,0,0,0,0,0,0,0,0,0,0,0,0,0,0,0,0,0,0,0,0,0,0,0,0,0,0,0,0,0,0,0,0,0,0,0,0,0,0,0,0,0,0,0,0,0,0,0,0,0,0,0,0,0,0,0,0,0,0,0,0,0,0,0,0,0,0,0,0,0,0,0,0
1235,0,0,0,0,0,0,0,0,0,0,0,0,0,0,0,0,0,0,0,0,0,0,0,0,0,0,0,0,0,0,0,0,0,0,0,0,0,0,0,0,0,0,0,0,0,0,0,0,0,0,0,0,0,0,0,0,0,0,0,0,0,0,0,0,0,0,0,0,0,0,0,0,0,0,0,0,0,0,0,0,0,0,0,0,0,0,0,0,0,0,0,0,0,0,0,0,0,0,0,0,0,0,0,0,0,0,0,0,0,0,0,0,0,0,0,0,0,0,0,0,0,0,0,0,0,0,0,0,0,0,0,0,0,0,0,0,0,0,0,0,0,0,0,0,0,0,0,0,0,0,0,0,0,0,0,0,0,0,0,0,0,0,0,0,0,0,0,0,0,0,0,0,0,0,0,0,0,0,0,0,0.0000000000,0,0,0,0,0,0,0,0,0,0,0,0,0,0,0,0,0,0,0
1236,30300.1622897380,131035.0231216858,114637.8874310653,45764.1163717551,61590.1163490521,87919.1458667379,132099.9277292945,66488.6774119718,22047.5419822275,94331.7004191977,25513.2056791376,102845.2544108290,36364.1865188504,98015.7077707327,88817.1886093513,120796.4817452757,1825.0455347670,59511.3085084928,106509.1665673802,72213.4796708050,110030.4187294831,82642.1736993788,79817.7696826071,46553.3331808793,87079.4686860598,20812.8270766670,42354.6134632316,22184.2330925771,75440.8179851870,90686.5712189728,72865.8067775886,116436.6782129608,37065.1603593783,20424.6199784675,22411.4094781992,99166.5330861192,38685.0746905991,95349.3478008832,50735.9312330954,108608.0921568073,124445.2661263130,14768.8894190259,63918.2944053177,79365.0571015087,66786.0967236632,119281.5904326529,17306.5652309870,11782.6948323771,94407.6152498529,35588.2752317248,109273.1887479547,120824.8666232947,46767.8389413207,71165.1462455042,98427.0826817579,85213.4286366639,50911.7420507111,53403.0079827146,33472.5487868304,73030.9973087885,11593.6436087158,82698.2868745437,84757.1783574571,40652.8030448613,38447.8918597499,76794.6364709816,100472.6068363715,96505.4401822944,80359.9190805480,25489.0581276611,66070.9416830424,105514.0383584502,26434.6083423309,88624.0334151420,13169.3540841369,56930.1367476911,121811.6820360935,12278.9475345489,72185.9961387006,27979.2543754869,99594.8185935625,80169.6759749361,72715.9467154308,28483.5676519501,44910.8088748955,6582.3382001169,115714.4377869085,80265.9182495480,59065.7867203117,90699.5260554006,78663.2451785458,96982.3882841671,88646.4548207962,38992.0762637460,55122.6096542817,113121.1584048313,31606.5877498327,86916.0533263104,117488.6412298253,42816.8030858104,67507.9264597115,99903.7399321791,126786.6521889223,69760.1684639094,17248.0356496120,87318.6764897657,68727.8680226219,35770.3617943916,92907.2352602923,91341.1282505639,10754.8749978074,29645.1033906999,13480.1175751871,75211.5138796120,112156.6131510025,32392.5562608650,66048.0257483663,85268.6950161860,35408.1220076670,101596.9364075028,52904.0725736317,92808.3278151346,16364.7751970577,92144.4250821549,102904.8283086304,87377.3384844420,107688.3897299857,103262.2172370742,23581.1370737689,102324.6898707291,40619.0896920328,113999.9957260925,87472.9870679957,48255.9674560888,18703.2993729812,79329.7431711110,31849.7876265015,78708.8517656626,15329.6722604511,47377.6555176913,51805.1863437462,93272.1504910933,84342.8565844537,91441.1956275944,42345.5644400187,59241.3092940445,120859.1097485010,99853.2358942564,101951.7208760029,5738.4966746262,105929.8645308067,82812.5065457605,57084.0451623559,74178.9601226380,84530.7052832217,73770.3806898635,31308.4521391129,54264.7033461300,81267.4061439581,73871.2769449633,61592.0011037085,115495.0398683679,10817.2825597344,50838.0122360074,41852.8919362196,61973.5526802038,58081.6381106419,20670.4527228420,31502.8291293789,83354.2824832133,41105.6343704543,81746.9937335709,63787.5191556349,96961.7379885069,28348.3690635964,93019.8503849879,71211.1758993524,26470.0965394684,25790.1167073344,92968.5615155384,13963.8855686650,71803.3968752893,77497.6889216013,22733.7164709171,47186.4233120327,77965.2730683215,83382.8323165804,13312.8383576433,7814.2248088341,35007.5282431316,26808.5825510923,77817.4618324944,37100.5433643622,81219.4669360260,85312.5570625231,36218.5368110965,89049.1990826217,72243.6939165720,75211.3057935146,76166.2148786687
1237,0,0,0,0,0,0,0,0,0,0,0,0,0,0,0,0,0,0,0,0,0,0,0,0,0,0,0,0,0,0,0,0,0,0,0,0,0,0,0,0,0,0,0,0,0,0,0,0,0,0,0,0,0,0,0,0,0,0,0,0,0,0,0,0,0,0,0,0,0,0,0,0,0,0,0,0,0,0,0,0,0,0,0,0,0,0,0,0,0,0,0,0,0,0,0,0,0,0,0,0,0,0,0,0,0,0,0,0,0,0,0,0,0,0,0,0,0,0,0,0,0,0,0,0,0,0,0,0,0,0,0,0,0,0,0,0,0,0,0,0,0,0,0,0,0,0,0,0,0,0,0,0,0,0,0,0,0,0,0,0,0,0,0,0,0,0,0,0,0,0,0,0,0,0,0,0,0,0,0,0,0,0,0,0,0,0,0,0,0,0,0,0,0,0,0,0,0,0,0,0
1238,0,0,0,0,0,0,0,0,0,0,0,0,0,0,0,0,0,0,0,0,0,0,0,0,0,0,0,0,0,0,0,0,0,0,0,0,0,0,0,0,0,0,0,0,0,0,0,0,0,0,0,0,0,0,0,0,0,0,0,0,0,0,0,0,0,0,0,0,0,0,0,0,0,0,0,0,0,0,0,0,0,0,0,0,0,0,0,0,0,0,0,0,0,0,0,0,0,0,0,0,0,0,0,0,0,0,0,0,0,0,0,0,0,0,0,0,0,0,0,0,0,0,0,0,0,0,0,0,0,0,0,0,0,0,0,0,0,0,0,0,0,0,0,0,0,0,0,0,0,0,0,0,0,0,0,0,0,0,0,0,0,0,0,0,0,0,0,0,0,0,0,0,0,0,0,0,0,0,0,0,0,0,0,0,0,0,0,0,0,0,0,0,0,0,0,0,0,0,0,0
1239,0,0,0,0,0,0,0,0,0,0,0,0,0,0,0,0,0,0,0,0,0,0,0,0,0,0,0,0,0,0,0,0,0,0,0,0,0,0,0,0,0,0,0,0,0,0,0,0,0,0,0,0,0,0,0,0,0,0,0,0,0,0,0,0,0,0,0,0,0,0,0,0,0,0,0,0,0,0,0,0,0,0,0,0,0,0,0,0,0,0,0,0,0,0,0,0,0,0,0,0,0,0,0,0,0,0,0,0,0,0,0,0,0,0,0,0,0,0,0,0,0,0,0,0,0,0,0,0,0,0,0,0,0,0,0,0,0,0,0,0,0,0,0,0,0,0,0,0,0,0,0,0,0,0,0,0,0,0,0,0,0,0,0,0,0,0,0,0,0,0,0,0,0,0,0,0,0,0,0,0,0,0,0,0,0,0,0,0,0,0,0,0,0,0,0,0,0,0,0,0
1240,28805.1406159722,139883.2576396384,118433.1245342525,50430.3634153822,70731.9409783497,86983.3970794389,139011.0563598323,71402.2151520635,14045.6855410733,102199.8863510257,34921.7952612426,112132.2810701117,42856.4511220979,103846.2365152273,91359.6156462738,128828.7070951511,10615.9040372071,67020.8561288512,115206.4310237139,73207.7238682904,117039.3202150900,91393.7959241595,86552.2555162878,56000.0204600779,91589.6597557026,12982.9468591665,51159.1095341571,26498.5724834721,83361.4240247680,91550.4738661950,75933.3558774452,125481.5036902916,39290.4010300863,20503.5903863604,30947.9758409568,102824.9818189043,47739.3992339572,102205.0437263936,56531.1880925790,116347.7038564639,131899.2738482483,15920.7987283487,72405.8935514781,84913.4910102642,73204.3094386103,127875.4177007154,16340.3173411267,2314.0746847849,102946.2175212185,44989.6978605868,117540.1267867256,127553.8917390393,54564.9994864336,70656.1433894427,103076.2959346039,92666.2492217033,60185.9798425060,62129.6017557244,41701.7772519396,81996.3006140969,20809.3659402463,86214.0555949844,92981.9478679430,39339.6276674678,42911.3769549967,81363.7012276990,107879.7454264604,98344.6996318634,80529.1589134879,21042.3225803429,68243.1382307051,114611.4249499184,33182.9687231909,94343.8272696259,19444.5870037605,63527.4475892414,130674.7920804500,7560.6107593684,79507.6062935766,29654.3529592479,107806.5015682058,78813.4081705117,81169.9570691869,37664.8447527396,51699.1804667303,7773.5438114804,123057.7316510620,81528.5034887535,64579.0470714281,94452.1943213824,80974.1042459491,99658.1837502764,88659.6746786947,48405.6791303152,63249.5685914065,121977.6875848745,40355.5928865799,88658.7715245096,125202.3761385191,52112.4847703760,75499.1498229953,106275.3024464121,135447.4826747141,75433.8153788899,26677.8308155072,94157.1745522181,72607.0427284987,36054.2839520394,100296.3096960495,96385.4975585307,14741.1366332239,33642.5572000464,12236.9036246336,81466.0162016431,120688.9994904689,41677.8799056161,74922.2888031714,91579.5103781719,44389.3129712039,109418.1649187594,60173.9236881931,99212.7366523541,19300.4755985897,100389.3958133454,111793.2425416901,95233.6265340064,115080.4209399492,111719.7373015560,23288.2804623106,106501.2123257281,48774.0167568930,122005.4014216135,96024.9864398854,57247.4157684953,13672.7427004608,87789.2626182942,37493.1719621070,86079.5527185636,3558.0380307302,55844.5800434631,61232.3908230489,97580.7667264647,89407.1340269016,94553.1957010300,48292.8876855048,68104.1657714399,128010.0847242080,108514.6131156872,108709.2889147605,8012.2946951327,113960.4926572731,85607.5858518464,66371.1819073050,74365.4631819545,85262.8645096706,75494.6043241028,40753.4654825636,63313.8909613367,85404.1985682904,80664.5768882880,69582.5875824167,122361.8543513770,13718.1153067601,57405.2664086965,45799.8642507998,68077.1301944067,66576.4659597748,27502.5175736882,38973.5534281973,82825.0803930407,50547.0450495824,89634.5961229323,66678.6326041781,100188.0753794042,37036.1579766757,94475.6059653500,79963.0719981810,23827.8807269944,31258.1173560756,98937.3173840852,22049.9104036249,76593.0922707267,78217.5764574208,31897.3798358529,56575.0075420976,77194.9093133669,90481.2266406915,22510.1267886204,16293.3094804555,33948.1942622590,36229.0808049079,81020.6350729321,42581.1692579589,87193.5369937307,83885.7249795976,39651.9453696853,96234.8262121685,74581.7736628647,79272.0859757811,81255.3159912441
1241,0,0,0,0,0,0,0,0,0,0,0,0,0,0,0,0,0,0,0,0,0,0,0,0,0,0,0,0,0,0,0,0,0,0,0,0,0,0,0,0,0,0,0,0,0,0,0,0,0,0,0,0,0,0,0,0,0,0,0,0,0,0,0,0,0,0,0,0,0,0,0,0,0,0,0,0,0,0,0,0,0,0,0,0,0,0,0,0,0,0,0,0,0,0,0,0,0,0,0,0,0,0,0,0,0,0,0,0,0,0,0,0,0,0,0,0,0,0,0,0,0,0,0,0,0,0,0,0,0,0,0,0,0,0,0,0,0,0,0,0,0,0,0,0,0,0,0,0,0,0,0,0,0,0,0,0,0,0,0,0,0,0,0,0,0,0,0,0,0,0,0,0,0,0,0,0,0,0,0,0,0,0,0,0,0,0,0,0,0,0,0,0,0,0,0,0,0,0,0,0
1242,23963.1881735110,109055.3098200643,81715.9272083356,71456.3624451235,46621.4064676153,63652.5814162381,101540.7445783975,33453.5788910432,54154.2512591127,67245.0425508429,34144.3487938918,86978.9372657473,8031.4880595453,65682.0988694860,57164.7360572631,93999.8062590779,29123.5073483409,32186.2878327002,83890.9813147942,44017.3151388713,79809.9547205262,61417.7641460815,49166.0524053822,43902.3991006517,54011.5484564949,39146.1098821607,27488.4499949720,11745.2120919454,49191.3339379142,61891.2846323548,40822.4783954807,96679.9903963754,12502.9624145218,38210.0237755530,19074.8007903334,66352.0166691909,47438.0512973784,64847.4314524736,18491.4264979448,80737.0010625432,95402.7005155696,47490.0985407279,41970.7213795782,46736.1005881418,35556.3853068263,95616.8947469839,25030.4316302765,41543.4857510940,71023.0406337325,33136.8839286260,83829.5099826266,89903.4119104986,22581.1985191932,47013.8676550048,65366.4079007299,56651.5017240694,40134.1179778772,34938.8759330931,17638.3795956536,54550.8829855331,26517.0517141075,50068.9100472189,59755.9088053291,26632.6767068561,6305.9293706736,43726.4982617584,71504.7484871026,65751.6153119736,53644.6501028055,31708.5213019472,35704.1138989596,86720.4160417599,9323.2289473773,56169.2630092181,19907.0845403178,26377.3974762876,100149.7268776298,32817.8005489192,43478.1293066094,14264.2172952491,74065.7196452018,57670.6503475953,49796.6736647703,25480.7017024323,15886.5184375203,39563.9156404063,86391.5971693085,51042.8171343427,26401.2944000215,57861.6908276271,47561.4394994848,65055.6816990928,61866.5571877545,41242.8680673699,31648.7889923106,91616.9997363087,45383.2061762914,56542.0024256095,89411.0748653174,34720.6091452987,42053.6878539860,68359.2138548017,103443.0518836405,37264.7489968151,31101.3602633531,56845.3805945204,35940.5976901706,19119.2431075638,63983.0144236137,58380.8456882462,32317.2556478079,12064.2443612620,46183.6224997919,43566.7406239663,88233.6811837427,40286.3793472719,47273.4945055702,53671.5411184262,25522.9133507962,74165.0858929348,25040.3079584657,61349.4507447369,19151.1404262048,67003.9295969558,82001.0454997348,60407.5394901493,78590.2685782868,79073.6357693241,21106.2665114827,69292.3943682003,20633.5804868803,87175.2110431897,64451.7859059881,33787.6587546684,32452.0568630685,56051.2666313015,1601.0723365593,49997.4429074849,39310.6286163150,27856.0326538544,45363.8144180500,60221.5243538962,51384.5582425230,59098.8374881428,10681.2959382723,41195.4254840885,90947.7330747231,77166.6506039601,71174.2881551143,34516.7293481037,79353.8506386181,50929.5988764553,45327.5682887946,47845.6222075720,56262.6373556273,43899.1790229053,34723.0206577563,39217.2204834724,48279.5754934018,43454.0472803373,36577.7875648567,84898.8258237018,24462.1149212501,20468.0623158396,69289.8173705399,30155.7997729932,36862.7366693327,13512.7071599671,11966.4792180594,58265.8042240894,38675.1964607634,55093.3155501200,32250.2103433679,64471.8845245372,20131.2219120652,62997.7723094518,50772.6834413711,26975.2569561009,12181.4209801489,60813.3003556209,21068.5963136983,38747.6478811424,49616.7943331896,24259.9209829113,40211.6835617095,53940.5239176279,53677.9346941104,33692.6655208547,26207.6838707226,23521.2017540015,29948.5710568622,45533.4395085482,4386.5251491431,49092.3808656615,62622.1417338881,9152.1732574578,59524.7216964559,41298.6427219519,42275.4683053525,43209.8365368713
1243,37694.6741588811,127222.5168089348,117582.0058117574,38343.1510397092,57292.9962946754,94404.4046302951,131558.3511666338,68753.6607652089,24641.1411388330,92555.7664746971,19147.2193111933,97798.3303911928,37590.9015739702,98978.2512865871,92982.5040491912,118620.3541189370,11526.2200752583,58661.5763342181,103115.7495021147,77642.0054380918,109449.7859577622,79245.7586394564,79817.3211250152,40450.1915587100,89523.4344725459,29022.2314864237,39344.5746432176,26652.5905621490,73723.2385427920,96065.2913027579,76747.3472727207,112157.3597748793,42282.6153168361,4307.1639884771,21107.9548020226,102319.5372476326,31038.0914079064,95061.7515659040,52338.4745815351,106962.3817573119,123169.3857236178,17580.3339298297,61265.5227115598,80799.9082069389,67345.2489736755,116063.6853181707,25029.7523617845,18096.0566717167,91406.4107726611,30419.1452210391,106728.3452103402,120567.2381196452,45712.3145668431,77517.7172547615,100649.2742177404,84155.2346233033,46227.4740810015,50363.5895461356,32082.6913986570,69167.2083441053,9974.0189545175,86100.8831343112,82425.0908498550,47756.1455438700,41807.4251998561,79277.9740331766,99378.1742792898,101160.9699269983,86249.6636759030,33746.8110195474,70735.9992255363,101114.9218222904,27916.9853247642,89782.4652666537,17079.2034155294,57420.5711558461,117987.3018193278,20669.8721776537,71447.9412570955,33926.7466036395,97196.1284030874,86916.0291185932,70039.5613257415,24761.8436609533,45433.1526242720,9275.0628250439,114636.3068482893,85444.7755659116,60813.0593798205,93826.2135751602,83091.5350929687,100985.8718623048,94580.5232806789,32450.3692853384,53304.4328307087,109338.4421804761,23594.7139038805,91704.4898876909,115844.6230487471,38155.6491636830,65754.0397247801,100208.9208198496,123405.4542021333,71165.3684471114,11540.7263430541,87113.5633290751,71955.8831333404,42210.8179029504,91887.1230738187,93211.5103999737,6679.3809305587,33834.2232377212,16104.1051623159,75868.6850293932,109089.2957363035,25295.6457850256,62484.3333336556,85757.6892177515,32106.0132479438,99855.8625248185,52541.6873675245,93121.1384630295,22463.2399285456,89726.5398219971,99080.1327349848,85667.5944311947,106577.0556418288,100381.1309191803,30736.2802999787,104981.1005312699,39094.9983588128,111895.6481997072,84483.6434787296,44604.2827920944,27080.9029819119,76586.1781455007,34316.6579225326,77830.2944613366,23152.6515543284,45039.0325530469,46153.5703069241,95862.9623530233,86250.7508495239,95121.2362554349,44009.6418129285,55781.2932718720,120032.7689318203,96566.1613120746,101752.1575567768,13575.4668784851,103818.3370596638,86821.9752138796,52274.1651962398,80103.4554891057,90035.4781170946,78680.3004011833,25319.9954957996,50347.0456904812,84120.5452837255,73855.0683645975,59916.7029522924,115079.7140555504,17785.7294920836,51496.5799209636,69840.2293310049,62992.1610225833,55490.7531100342,22610.1946241810,31575.6008279730,89637.4730326482,35350.1969262871,80028.7432496069,67924.8535847864,100507.1385367917,26195.7760908055,97975.4964351241,67899.9965708411,34331.4953090751,28852.3373394106,93806.3542902827,15014.3919039935,74124.1657169336,83061.2441676887,19455.3011268138,41925.5803597468,84415.0165824241,82854.6763616427,5362.2508640159,10304.1719649864,42112.1618853283,21713.9502117129,81534.3592376834,39489.6362412005,82150.4361244958,92069.2049564413,40561.8842074437,88351.7950324807,76713.3762114928,78196.6048802186,78129.3194470269
1244,20317.3966908913,135224.8582903821,109815.2601844651,56729.4820249096,67161.1354614561,78535.6622654949,131853.6558469332,63238.7551552796,25022.2818448712,96079.5324510189,34634.3450796733,108888.1435879412,35940.2569714085,96030.9177754930,82561.0396792819,122833.7909643961,8735.2403325467,60700.2902627290,110297.9413456250,64395.2571143717,110006.3920321086,86691.9538378193,79396.2208620044,54664.8532352614,83210.9817052178,11362.9863452598,46964.5130076335,18701.1218975922,77394.5884925340,82758.3396862655,67216.2127957173,121347.6468399829,30537.5367131558,23679.5286060632,26893.3436039551,94190.1043672903,48749.7035656369,95086.7620357628,48921.1622039196,110030.9028826363,125241.5911204685,23518.8114442986,67339.8745872222,76999.7561367794,65880.2677486353,122736.3094014064,7531.2184666550,11999.0351932152,97789.0820589904,43001.9478359938,111898.4875294055,120274.5635582116,48717.7783149432,62072.6041325385,94725.7990624189,86124.8038868859,57219.5532644414,57609.4329571686,36706.6728683683,77835.3264231258,19171.3855130760,77567.8506051906,87371.7749421988,30879.0926890928,34764.8717749311,73029.8044541541,101236.1879505336,89510.1238061205,71820.8896871296,14190.1866755183,59428.7381305794,110663.0934344014,26788.6427510021,86491.9920167410,13831.9475890546,56407.7614095249,126071.1775560510,4130.3266309756,72902.7896369212,20884.1414906605,102116.2222001425,70486.6781402799,75981.5888124527,34808.3154569717,44869.5499921023,15121.9189279454,116311.1375989932,72703.6623814788,56742.5247642694,85848.4482137020,72161.9329609381,90868.3856590610,79986.5223431219,47790.1610076346,57719.0205400702,117382.4427981850,42192.5318720395,79823.9882557030,118833.5524764025,49358.0739454263,69674.3512487887,98787.4796468077,130414.0712237882,67625.6965094996,26487.5272611249,87052.7744494575,64076.2020735277,27252.2826702724,93660.4865629189,88202.0448623755,16000.8332377213,25453.5980329295,18687.9556043710,73984.9035749333,115460.7789141081,41964.3621961431,70593.6010669162,84095.3946421987,40752.7847131528,103216.5464918584,53676.7567436827,91767.1994010710,11282.7402144371,94775.4410392449,107303.0452837597,89127.3109586197,108401.0475266560,106392.9066474841,14482.6617763472,97993.5811890809,43499.6908357297,115992.9998478123,90921.3124344361,53394.7315592772,10729.0642822756,82569.6176980673,30088.1166459722,79486.7477043370,11274.9641869674,50931.3972770767,59261.1493476471,89125.1309246706,81248.9394111658,85823.0292351306,40877.9418924014,63810.1692738011,121075.5200708743,103559.7081539013,101494.4676807735,7433.4714612137,108003.4592057732,76840.0885709271,63393.3723297571,65648.0251158488,76480.8912132093,66660.2044187966,39780.3334558573,59539.4779605213,76917.9424389314,73583.8247925747,63805.0316070400,115200.1178855516,6782.0028972036,50322.1642899756,52538.4245471666,60570.0345157511,61577.2727529946,21507.0049519572,33089.2345678781,74263.2750873040,48960.3973463326,83592.6693733242,57947.2798947313,91471.8697057506,32976.1485335408,85645.8711397223,75330.9888378244,15748.4595854464,23940.7355004318,91214.1346712108,18070.2135812140,68358.3643722966,69432.4098231451,29221.5164238799,54288.5442006271,68687.8065655934,83612.0399157904,23680.4566534924,13970.4963283209,25377.6259390670,34653.7731363104,72320.0656021315,34963.4838486376,79510.7110763083,75590.5374836876,31166.1723168884,89420.8834148088,65775.4689590683,70776.5776982481,73131.9969365473
1245,34314.1403580765,125065.2926342953,113537.3146210174,42037.9853107189,55317.3876438688,90558.7209945489,128177.2100014526,64761.8928194314,26943.5396284176,89539.8295167759,18433.6539672073,96281.0916282371,33694.8983584721,95217.4059896235,88876.8507438768,115766.5482328168,8806.1691267354,55301.9217282553,100751.3856152922,73609.2330922429,106068.8137013107,76862.1853826465,76258.3112007101,39577.6099050188,85522.2898919382,27746.8658033936,36700.2320143663,22594.1578913746,70666.3894843328,92019.9733400301,72643.8569174900,110225.0741074533,38258.3415020819,8207.2300388475,17669.8836368813,98254.6137832783,31646.5433638246,91590.4794190097,48418.5133610032,103912.4228941823,120006.0594513721,16421.5127318032,58537.4915681520,76939.0466833671,63640.9217838841,113629.2274732334,21984.8961508167,18507.3543296603,88861.8355607024,28868.9636021240,104008.7396750697,117103.2629295581,42379.4943749848,73649.7872168999,96679.9429252102,80895.6467890777,44439.8941336858,47771.2568274537,28787.2904622080,66990.6812489771,8056.0592897982,82016.3852513701,79602.2651039510,44188.5105136896,37708.8184924873,75267.5529868953,96143.1304703217,97063.3365802817,82279.4456791963,31198.4188738115,66643.5514847335,99239.0555262075,23941.5042167436,85977.8077412968,13039.7627487775,53715.7090984200,115831.6012999840,18892.5697117509,68077.5015427951,30053.6303187243,94412.6538496921,83151.8984514706,67336.0776844667,22348.9992756290,41693.9517018961,10811.7580440729,111406.0415446579,81382.8700073675,56883.2373018244,89761.3407143256,78988.9314787678,96881.8178720842,90614.0681781831,31917.6890254843,50243.9145559790,107158.2714279765,24775.2338941926,87613.8341718636,112799.4725763649,36330.2128926903,62697.4942244710,96592.2646447668,121046.9100633920,67301.2842578255,9113.8317113089,83613.9335029917,67877.6474844145,38427.3004705023,88623.1408174328,89288.3168779321,3496.2964347100,29740.7441534529,18200.9805190931,72153.2336263493,106585.7622101618,25279.7570595056,60154.1724145040,82088.2288613026,29552.0738989230,96833.7323518854,49032.0558686340,89497.8619002206,18732.3812145428,86944.0732824138,96913.6885096811,82622.1846874353,103352.2705124087,97793.2829392447,27285.1689312779,100961.7291941719,35883.9742662788,109011.4619485890,81927.5253295109,42272.6123516737,24941.9286056085,73918.9468439972,30259.1357913416,74509.3020078583,22438.2971279442,42144.1442175204,44967.2262347128,91847.7879619211,82318.2731910619,91025.3846859045,40064.6308164909,53389.9165868050,116728.8927167956,94149.6717398553,98262.3065582854,12595.3707597904,100931.5531399494,82717.2191974994,50572.0316650966,76142.8957941427,86006.7254747550,74599.4998670450,24321.5824730971,48161.9470404919,80075.1802829530,70293.3114349845,56822.0529830397,111655.7289727506,14489.4821857077,47744.1854243867,38808.0907920796,59188.3991371958,52725.4229695643,18555.3628959420,27876.0614733348,85744.4342616963,34212.4818310261,76980.1129032712,63819.3426897311,96417.7650549084,23114.2759876147,93893.4252842368,65463.2984452248,31293.6110104207,24752.2731231143,90067.7283217252,10971.7172716070,70129.4584916611,79042.9048399555,16755.9434760971,40473.4832556462,80566.4144061585,79438.2641131075,7257.6545714420,12592.5630859455,38566.1443575040,20059.4680747224,77435.4958437048,35449.3879055967,78384.2562545224,88304.6969541158,36468.5407877339,84988.6994891716,72612.4979480093,74137.8229446901,74183.8364163736
1246,0,0,0,0,0,0,0,0,0,0,0,0,0,0,0,0,0,0,0,0,0,0,0,0,0,0,0,0,0,0,0,0,0,0,0,0,0,0,0,0,0,0,0,0,0,0,0,0,0,0,0,0,0,0,0,0,0,0,0,0,0,0,0,0,0,0,0,0,0,0,0,0,0,0,0,0,0,0,0,0,0,0,0,0,0,0,0,0,0,0,0,0,0,0,0,0,0,0,0,0,0,0,0,0,0,0,0,0,0,0,0,0,0,0,0,0,0,0,0,0,0,0,0,0,0,0,0,0,0,0,0,0,0,0,0,0,0,0,0,0,0,0,0,0,0,0,0,0,0,0,0,0,0,0,0,0,0,0,0,0,0,0,0,0,0,0,0,0,0,0,0,0,0,0,0,0,0,0,0,0,0,0,0,0,0,0,0,0,0,0,0,0,0,0,0,0,0,0,0,0
1247,30269.4587751928,118256.1340105465,104704.9174611264,48852.1707517978,49169.4282702610,83967.4749226135,119543.6793286877,55843.3512700096,34854.8004740043,81409.8500791038,16968.2079554015,90726.1713197978,24721.9535073562,86272.3907089543,80483.3436890860,107838.6630873713,11153.1124747130,46766.2329413336,93637.5046353415,66072.9946293344,97445.5828997847,69794.9873183951,67466.5708945478,36060.9125397165,76614.6665344051,29998.9109565494,29528.0447291105,15404.9237039527,62516.0992395112,84357.3161857921,64164.3366438853,103847.8370180934,30999.0143246707,14865.9809235535,4080.2165607311,89481.9789301925,31731.7776993803,82877.2238728713,39450.8360466174,95713.9715521315,111639.7797024649,25322.4865030214,50966.6406844911,67966.3848561360,54735.0933525363,106369.3311345645,19993.9164277013,24469.4247437120,81474.9176797246,24351.6156818772,96303.5966313303,108385.8729681588,33929.2747271214,67018.0266788968,87740.0710827143,72442.2974656427,38842.8862159580,40532.5092749707,20524.2457880770,60353.2806558154,4126.2557694085,73335.7197726729,71787.5669513209,39136.1789685333,29203.9397808448,66372.9440108503,87703.8216285558,88904.9704105503,75099.3806821623,30047.0285715691,58600.8115703450,92998.4767422419,15006.2893776646,77016.2977341001,11730.6458780448,44814.6608559782,109043.3341178957,20867.3154707593,59502.2958252997,23944.3641177307,86625.0917807859,76939.7372479209,59760.3335361806,16291.4725081638,32777.5197961129,18735.2485182088,102960.0109169420,73613.4074191550,47919.4010828285,80989.8842908901,70754.9066801868,88400.8059106354,83433.6429486882,29489.6418345195,42168.6940372548,100347.2425242695,26569.9561266689,79559.6690456501,104598.3910911525,30867.8281372104,54572.0332520781,87740.8393808965,113900.9051822873,58328.5219861706,9744.4661801854,74876.2535525316,59168.6640799931,32552.3998479780,80154.6325092493,80323.0877913161,9834.0644644626,21896.6376255617,26142.6687524180,63237.0780099458,99224.7364053749,24479.2401053475,53283.3091428459,73200.4522095061,22763.5022925780,88683.6890587782,40325.1868602272,80643.2478242745,14216.9207340038,79174.3846135500,90155.4170844707,74461.7260741765,94919.5072979799,90312.0784069922,23309.3362737293,92079.9761084639,27674.4254992666,101046.6459974165,74542.7899375639,35613.8066879210,25360.4788723037,66376.4104472573,21496.9088324266,65986.2282783761,26224.4372818590,34416.5368346155,40618.1899876769,82959.6895042633,73356.3660299013,82425.9071130423,31106.6958675403,46465.9538527358,108189.1929615776,86964.2831344236,89526.3938197280,17246.4918395313,92974.2221194153,74266.8316933658,45036.2171613184,69034.5152640964,78468.0263942169,66673.7210676640,21420.0775370239,41697.2867870627,71247.4766132259,61503.1099024297,48660.7714240039,102982.3267975423,12823.4962611544,38814.8003293134,46245.8480373189,50229.9722410477,45129.5373350382,9834.8610279360,19020.4049157586,78948.5395084486,30330.7667909971,68826.5841364539,55493.1731633263,87763.6907971982,15434.8246173802,85925.7755323963,58361.4544613970,28611.1484036524,16354.2718587923,81134.4083227854,910.9618122913,61214.2368627327,71587.5112429391,10605.9997963575,35680.1451481160,73995.6713649112,70794.3766369757,19187.5798669953,10702.7550380631,33732.0328748730,16115.3767501668,68875.6516811808,26623.7993800597,69438.7421935494,82071.3666283436,28547.0549017235,76401.6849697945,64425.0530675532,65349.0792335550,65227.8683131636
1248,0,0,0,0,0,0,0,0,0,0,0,0,0,0,0,0,0,0,0,0,0,0,0,0,0,0,0,0,0,0,0,0,0,0,0,0,0,0,0,0,0,0,0,0,0,0,0,0,0,0,0,0,0,0,0,0,0,0,0,0,0,0,0,0,0,0,0,0,0,0,0,0,0,0,0,0,0,0,0,0,0,0,0,0,0,0,0,0,0,0,0,0,0,0,0,0,0,0,0,0,0,0,0,0,0,0,0,0,0,0,0,0,0,0,0,0,0,0,0,0,0,0,0,0,0,0,0,0,0,0,0,0,0,0,0,0,0,0,0,0,0,0,0,0,0,0,0,0,0,0,0,0,0,0,0,0,0,0,0,0,0,0,0,0,0,0,0,0,0,0,0,0,0,0,0,0,0,0,0,0,0,0,0,0,0,0,0,0,0,0,0,0,0,0,0,0,0,0,0,0
1249,0,0,0,0,0,0,0,0,0,0,0,0,0,0,0,0,0,0,0,0,0,0,0,0,0,0,0,0,0,0,0,0,0,0,0,0,0,0,0,0,0,0,0,0,0,0,0,0,0,0,0,0,0,0,0,0,0,0,0,0,0,0,0,0,0,0,0,0,0,0,0,0,0,0,0,0,0,0,0,0,0,0,0,0,0,0,0,0,0,0,0,0,0,0,0,0,0,0,0,0,0,0,0,0,0,0,0,0,0,0,0,0,0,0,0,0,0,0,0,0,0,0,0,0,0,0,0,0,0,0,0,0,0,0,0,0,0,0,0,0,0,0,0,0,0,0,0,0,0,0,0,0,0,0,0,0,0,0,0,0,0,0,0,0,0,0,0,0,0,0,0,0,0,0,0,0,0,0,0,0,0,0,0,0,0,0,0,0,0,0,0,0,0,0,0,0,0,0,0,0
1250,0,0,0,0,0,0,0,0,0,0,0,0,0,0,0,0,0,0,0,0,0,0,0,0,0,0,0,0,0,0,0,0,0,0,0,0,0,0,0,0,0,0,0,0,0,0,0,0,0,0,0,0,0,0,0,0,0,0,0,0,0,0,0,0,0,0,0,0,0,0,0,0,0,0,0,0,0,0,0,0,0,0,0,0,0,0,0,0,0,0,0,0,0,0,0,0,0,0,0,0,0,0,0,0,0,0,0,0,0,0,0,0,0,0,0,0,0,0,0,0,0,0,0,0,0,0,0,0,0,0,0,0,0,0,0,0,0,0,0,0,0,0,0,0,0,0,0,0,0,0,0,0,0,0,0,0,0,0,0,0,0,0,0,0,0,0,0,0,0,0,0,0,0,0,0,0,0,0,0,0,0,0,0,0,0,0,0,0,0,0,0,0,0,0,0,0,0,0,0,0
1251,0,0,0,0,0,0,0,0,0,0,0,0,0,0,0,0,0,0,0,0,0,0,0,0,0,0,0,0,0,0,0,0,0,0,0,0,0,0,0,0,0,0,0,0,0,0,0,0,0,0,0,0,0,0,0,0,0,0,0,0,0,0,0,0,0,0,0,0,0,0,0,0,0,0,0,0,0,0,0,0,0,0,0,0,0,0,0,0,0,0,0,0,0,0,0,0,0,0,0,0,0,0,0,0,0,0,0,0,0,0,0,0,0,0,0,0,0,0,0,0,0,0,0,0,0,0,0,0,0,0,0,0,0,0,0,0,0,0,0,0,0,0,0,0,0,0,0,0,0,0,0,0,0,0,0,0,0,0,0,0,0,0,0,0,0,0,0,0,0,0,0,0,0,0,0,0,0,0,0,0,0,0,0,0,0,0,0,0,0,0,0,0,0,0,0,0,0,0,0,0
1252,39054.3164118360,123305.9606150234,115853.2469075246,75563.9402610242,53344.8367798244,94765.1623733245,128442.7700941849,66846.3639207183,28621.8848785222,89114.2145115552,15061.9410462394,93741.1546389407,35493.5246240793,96437.1742025757,91914.1400545287,115047.5433397964,13710.9278969175,55587.2695308471,99283.4625173162,77343.0799841563,106344.4111907731,75432.2676492057,76962.5878093962,36365.7389276846,87623.1076844128,32330.6653726211,35724.4860891607,26380.0981003665,70331.0225992913,95681.7395190806,75581.9692810149,108177.0388354730,42097.7278828527,2435.1836221629,18379.4867568343,100717.7002392672,27263.9634863550,92074.4999178647,50240.2221628542,103539.8183857882,119836.7458065994,16454.8556127917,57650.7362672048,78491.4626626574,64738.1172782771,112258.2585416402,26868.7021583204,22036.5860361777,87663.0501307915,26399.6840640006,103074.9338507478,117554.9988980050,42642.8411873800,77828.0299978006,98624.1816972429,80938.2449182393,42238.3548867251,46685.3225354383,29042.0526666370,65276.7328133687,10529.5450960162,84661.5570034585,78850.2962900566,48782.7609413804,40632.3419090802,77426.7284916506,96125.0267383292,100341.0070213056,86216.7198375626,36113.3020545236,70017.5448249075,97122.6321650939,26141.5386030311,87337.9674209499,17053.2107224537,54835.2554553231,114071.9479153162,23639.6446880730,68364.2262651219,34310.6522118963,93586.4791453201,87491.2357805056,66399.6396295684,21085.5380303692,42948.9205309642,13346.6840718912,111370.0149581573,84968.6071125711,58720.0615409841,92231.3965145380,82194.1350724686,99812.8442051308,94555.5738250831,28384.0178282554,49947.1542099601,105433.3644808603,20087.9102420276,90982.6702814651,112414.0753466937,34186.8638453825,62371.4724558678,97419.8610257158,119565.2203923463,68878.6226662400,7197.7377150864,84169.8746112804,70482.7551576189,42797.0641482812,88668.0229212379,91051.2165591662,9493.0644430719,33219.8978239154,20154.5018415853,73267.8904807344,105318.3483320118,21305.4077784534,58659.9393245805,83065.6574374316,28461.6846969961,96414.7330928588,49668.2243291966,90348.0385805971,23259.0676948048,86120.4494945954,95173.0361007966,82254.7667329381,103309.6261110457,96656.2034958521,32000.3934386954,103141.4516121483,35923.2404866123,108346.1906549552,80749.9685530087,40804.9613768408,29800.6244618826,72919.0038771411,32835.7196696485,74683.7945738637,26727.9387943299,41570.5438480337,42074.5316491689,94013.0354523553,84124.4194058064,93795.6031266535,42016.5487951573,51991.5586079692,116837.9816040907,92759.0243425998,98783.7356786939,16959.3263041239,100274.2883326071,85688.6755045870,48260.6829163700,80112.1390553155,89745.1758175933,78068.7431155091,21238.9973420376,46477.1733226126,82423.5234963102,71011.9117610040,56575.8837450607,112021.3974607288,19329.2235981367,49015.5187387772,69809.4923800079,60584.7810240079,51908.4773348926,21251.0699198559,29102.9410305872,89863.8017183713,31271.6108509037,76623.3811857119,66932.2698878774,99101.1807092757,22991.3335136117,97334.4248804527,64118.8577354114,36166.9395552834,27792.1141849374,91227.6729031675,13808.0365898395,72218.8639945751,82827.9473344170,16031.1986354007,37875.3270103442,84774.2976329784,79810.9914973120,13.7171551778,10647.4208958458,43187.8892909192,17749.4522523159,80267.1101367594,37882.2378235216,79636.3333208784,92640.4423562998,39911.9250577609,85241.1401454175,75861.4392202969,76581.8968748900,76052.0017729601
1253,0,0,0,0,0,0,0,0,0,0,0,0,0,0,0,0,0,0,0,0,0,0,0,0,0,0,0,0,0,0,0,0,0,0,0,0,0,0,0,0,0,0,0,0,0,0,0,0,0,0,0,0,0,0,0,0,0,0,0,0,0,0,0,0,0,0,0,0,0,0,0,0,0,0,0,0,0,0,0,0,0,0,0,0,0,0,0,0,0,0,0,0,0,0,0,0,0,0,0,0,0,0,0,0,0,0,0,0,0,0,0,0,0,0,0,0,0,0,0,0,0,0,0,0,0,0,0,0,0,0,0,0,0,0,0,0,0,0,0,0,0,0,0,0,0,0,0,0,0,0,0,0,0,0,0,0,0,0,0,0,0,0,0,0,0,0,0,0,0,0,0,0,0,0,0,0,0,0,0,0,0,0,0,0,0,0,0,0,0,0,0,0,0,0,0,0,0,0,0,0
1254,0,0,0,0,0,0,0,0,0,0,0,0,0,0,0,0,0,0,0,0,0,0,0,0,0,0,0,0,0,0,0,0,0,0,0,0,0,0,0,0,0,0,0,0,0,0,0,0,0,0,0,0,0,0,0,0,0,0,0,0,0,0,0,0,0,0,0,0,0,0,0,0,0,0,0,0,0,0,0,0,0,0,0,0,0,0,0,0,0,0,0,0,0,0,0,0,0,0,0,0,0,0,0,0,0,0,0,0,0,0,0,0,0,0,0,0,0,0,0,0,0,0,0,0,0,0,0,0,0,0,0,0,0,0,0,0,0,0,0,0,0,0,0,0,0,0,0,0,0,0,0,0,0,0,0,0,0,0,0,0,0,0,0,0,0,0,0,0,0,0,0,0,0,0,0,0,0,0,0,0,0,0,0,0,0,0,0,0,0,0,0,0,0,0,0,0,0,0,0,0
1255,0,0,0,0,0,0,0,0,0,0,0,0,0,0,0,0,0,0,0,0,0,0,0,0,0,0,0,0,0,0,0,0,0,0,0,0,0,0,0,0,0,0,0,0,0,0,0,0,0,0,0,0,0,0,0,0,0,0,0,0,0,0,0,0,0,0,0,0,0,0,0,0,0,0,0,0,0,0,0,0,0,0,0,0,0,0,0,0,0,0,0,0,0,0,0,0,0,0,0,0,0,0,0,0,0,0,0,0,0,0,0,0,0,0,0,0,0,0,0,0,0,0,0,0,0,0,0,0,0,0,0,0,0,0,0,0,0,0,0,0,0,0,0,0,0,0,0,0,0,0,0,0,0,0,0,0,0,0,0,0,0,0,0,0,0,0,0,0,0,0,0,0,0,0,0,0,0,0,0,0,0,0,0,0,0,0,0,0,0,0,0,0,0,0,0,0,0,0,0,0
1256,0,0,0,0,0,0,0,0,0,0,0,0,0,0,0,0,0,0,0,0,0,0,0,0,0,0,0,0,0,0,0,0,0,0,0,0,0,0,0,0,0,0,0,0,0,0,0,0,0,0,0,0,0,0,0,0,0,0,0,0,0,0,0,0,0,0,0,0,0,0,0,0,0,0,0,0,0,0,0,0,0,0,0,0,0,0,0,0,0,0,0,0,0,0,0,0,0,0,0,0,0,0,0,0,0,0,0,0,0,0,0,0,0,0,0,0,0,0,0,0,0,0,0,0,0,0,0,0,0,0,0,0,0,0,0,0,0,0,0,0,0,0,0,0,0,0,0,0,0,0,0,0,0,0,0,0,0,0,0,0,0,0,0,0,0,0,0,0,0,0,0,0,0,0,0,0,0,0,0,0,0,0,0,0,0,0,0,0,0,0,0,0,0,0,0,0,0,0,0,0
1257,0,0,0,0,0,0,0,0,0,0,0,0,0,0,0,0,0,0,0,0,0,0,0,0,0,0,0,0,0,0,0,0,0,0,0,0,0,0,0,0,0,0,0,0,0,0,0,0,0,0,0,0,0,0,0,0,0,0,0,0,0,0,0,0,0,0,0,0,0,0,0,0,0,0,0,0,0,0,0,0,0,0,0,0,0,0,0,0,0,0,0,0,0,0,0,0,0,0,0,0,0,0,0,0,0,0,0,0,0,0,0,0,0,0,0,0,0,0,0,0,0,0,0,0,0,0,0,0,0,0,0,0,0,0,0,0,0,0,0,0,0,0,0,0,0,0,0,0,0,0,0,0,0,0,0,0,0,0,0,0,0,0,0,0,0,0,0,0,0,0,0,0,0,0,0,0,0,0,0,0,0,0,0,0,0,0,0,0,0,0,0,0,0,0,0,0,0,0,0,0
1258,0,0,0,0,0,0,0,0,0,0,0,0,0,0,0,0,0,0,0,0,0,0,0,0,0,0,0,0,0,0,0,0,0,0,0,0,0,0,0,0,0,0,0,0,0,0,0,0,0,0,0,0,0,0,0,0,0,0,0,0,0,0,0,0,0,0,0,0,0,0,0,0,0,0,0,0,0,0,0,0,0,0,0,0,0,0,0,0,0,0,0,0,0,0,0,0,0,0,0,0,0,0,0,0,0,0,0,0,0,0,0,0,0,0,0,0,0,0,0,0,0,0,0,0,0,0,0,0,0,0,0,0,0,0,0,0,0,0,0,0,0,0,0,0,0,0,0,0,0,0,0,0,0,0,0,0,0,0,0,0,0,0,0,0,0,0,0,0,0,0,0,0,0,0,0,0,0,0,0,0,0,0,0,0,0,0,0,0,0,0,0,0,0,0,0,0,0,0,0,0
1259,0,0,0,0,0,0,0,0,0,0,0,0,0,0,0,0,0,0,0,0,0,0,0,0,0,0,0,0,0,0,0,0,0,0,0,0,0,0,0,0,0,0,0,0,0,0,0,0,0,0,0,0,0,0,0,0,0,0,0,0,0,0,0,0,0,0,0,0,0,0,0,0,0,0,0,0,0,0,0,0,0,0,0,0,0,0,0,0,0,0,0,0,0,0,0,0,0,0,0,0,0,0,0,0,0,0,0,0,0,0,0,0,0,0,0,0,0,0,0,0,0,0,0,0,0,0,0,0,0,0,0,0,0,0,0,0,0,0,0,0,0,0,0,0,0,0,0,0,0,0,0,0,0,0,0,0,0,0,0,0,0,0,0,0,0,0,0,0,0,0,0,0,0,0,0,0,0,0,0,0,0,0,0,0,0,0,0,0,0,0,0,0,0,0,0,0,0,0,0,0
1260,0,0,0,0,0,0,0,0,0,0,0,0,0,0,0,0,0,0,0,0,0,0,0,0,0,0,0,0,0,0,0,0,0,0,0,0,0,0,0,0,0,0,0,0,0,0,0,0,0,0,0,0,0,0,0,0,0,0,0,0,0,0,0,0,0,0,0,0,0,0,0,0,0,0,0,0,0,0,0,0,0,0,0,0,0,0,0,0,0,0,0,0,0,0,0,0,0,0,0,0,0,0,0,0,0,0,0,0,0,0,0,0,0,0,0,0,0,0,0,0,0,0,0,0,0,0,0,0,0,0,0,0,0,0,0,0,0,0,0,0,0,0,0,0,0,0,0,0,0,0,0,0,0,0,0,0,0,0,0,0,0,0,0,0,0,0,0,0,0,0,0,0,0,0,0,0,0,0,0,0,0,0,0,0,0,0,0,0,0,0,0,0,0,0,0,0,0,0,0,0
1261,0,0,0,0,0,0,0,0,0,0,0,0,0,0,0,0,0,0,0,0,0,0,0,0,0,0,0,0,0,0,0,0,0,0,0,0,0,0,0,0,0,0,0,0,0,0,0,0,0,0,0,0,0,0,0,0,0,0,0,0,0,0,0,0,0,0,0,0,0,0,0,0,0,0,0,0,0,0,0,0,0,0,0,0,0,0,0,0,0,0,0,0,0,0,0,0,0,0,0,0,0,0,0,0,0,0,0,0,0,0,0,0,0,0,0,0,0,0,0,0,0,0,0,0,0,0,0,0,0,0,0,0,0,0,0,0,0,0,0,0,0,0,0,0,0,0,0,0,0,0,0,0,0,0,0,0,0,0,0,0,0,0,0,0,0,0,0,0,0,0,0,0,0,0,0,0,0,0,0,0,0,0,0,0,0,0,0,0,0,0,0,0,0,0,0,0,0,0,0,0
1262,0,0,0,0,0,0,0,0,0,0,0,0,0,0,0,0,0,0,0,0,0,0,0,0,0,0,0,0,0,0,0,0,0,0,0,0,0,0,0,0,0,0,0,0,0,0,0,0,0,0,0,0,0,0,0,0,0,0,0,0,0,0,0,0,0,0,0,0,0,0,0,0,0,0,0,0,0,0,0,0,0,0,0,0,0,0,0,0,0,0,0,0,0,0,0,0,0,0,0,0,0,0,0,0,0,0,0,0,0,0,0,0,0,0,0,0,0,0,0,0,0,0,0,0,0,0,0,0,0,0,0,0,0,0,0,0,0,0,0,0,0,0,0,0,0,0,0,0,0,0,0,0,0,0,0,0,0,0,0,0,0,0,0,0,0,0,0,0,0,0,0,0,0,0,0,0,0,0,0,0,0,0,0,0,0,0,0,0,0,0,0,0,0,0,0,0,0,0,0,0
1263,0,0,0,0,0,0,0,0,0,0,0,0,0,0,0,0,0,0,0,0,0,0,0,0,0,0,0,0,0,0,0,0,0,0,0,0,0,0,0,0,0,0,0,0,0,0,0,0,0,0,0,0,0,0,0,0,0,0,0,0,0,0,0,0,0,0,0,0,0,0,0,0,0,0,0,0,0,0,0,0,0,0,0,0,0,0,0,0,0,0,0,0,0,0,0,0,0,0,0,0,0,0,0,0,0,0,0,0,0,0,0,0,0,0,0,0,0,0,0,0,0,0,0,0,0,0,0,0,0,0,0,0,0,0,0,0,0,0,0,0,0,0,0,0,0,0,0,0,0,0,0,0,0,0,0,0,0,0,0,0,0,0,0,0,0,0,0,0,0,0,0,0,0,0,0,0,0,0,0,0,0,0,0,0,0,0,0,0,0,0,0,0,0,0,0,0,0,0,0,0
1264,24960.3443848597,108096.1320698192,81561.8929841597,71211.3357930888,45604.8317829735,64268.3391631099,100870.5428516537,33134.1346157325,54580.1679781071,66382.4307831787,33658.4363364081,85959.9805928381,7011.1428157013,65173.4944364348,57274.8825584004,93146.3388123898,29467.4033007000,31272.4263704410,82931.5637180258,44474.2518651308,79106.1753076714,60424.8880813321,48464.1764046544,43044.5343527603,53756.6248319219,39905.7131578917,26514.1012937538,12335.4610207325,48280.1119025298,62262.2383949975,40902.8182644739,95688.0403641376,13442.3181694659,38172.3533017538,18659.9423560134,66240.1462853171,46808.8702039009,64151.7885447428,17897.9188701834,79914.5258622517,94640.9057457038,47692.3648953360,40968.0317220491,46271.1092961323,34880.7411751565,94682.5516678037,25778.8525249464,42034.3294465585,70068.9488539413,32365.5700782336,82929.9919145137,89255.1281437998,21569.0198557468,47678.1355421275,65075.8374801326,55836.0664279410,39162.9704148813,33917.9475157429,16757.0379305306,53533.4407402446,26480.2644599055,50019.0267054181,58825.5128511772,27637.6498774136,6960.4190394395,43472.4872536660,70723.9089416472,65953.0614031647,54163.9538447689,32611.6192574471,36013.1451935848,85716.6208658648,8969.8541311797,55675.7416836306,20185.4529630059,25614.0037083267,99182.5938279599,33441.1218835199,42648.8453449609,15241.0603030379,73161.6540308308,58369.7534207615,48815.2482374766,24822.1540676338,14961.1741430103,39847.4309056665,85639.2657852431,51404.6982874572,25923.4726842935,57747.2511068007,47755.8444231116,65118.8548813111,62363.5833254377,40505.0734105641,30647.9338215616,90644.2396777243,44901.3591501219,56794.2024934342,88602.4514707463,33814.6160321572,41109.2231517694,67754.3596595314,102505.7145519969,36763.2660107286,30842.8792795726,56139.7780537269,35864.8825564582,20133.0196166518,63193.1141752227,58018.8313866652,32440.9996235256,13960.6726543976,46542.7627292751,42948.8143006856,87300.9512165257,39696.8481212585,46254.3533335064,53060.3207866272,24665.8653965510,73320.8611946390,24119.9348506989,60730.9296242767,19756.4876081495,66084.0060000456,81016.2194608904,59533.8355360917,77821.3506479702,78141.0914046291,22002.4769993987,69084.4133089969,19628.1197284376,86318.8126289425,63486.2280518549,32793.1931985622,33224.9354748029,55082.3106677560,113.4246161895,49179.6863905575,39945.0902491981,26836.6607775737,44435.4212329740,59998.6885977680,51020.3476267129,59100.2992962536,9927.4454477507,40173.8791015958,90230.9367201416,76204.5350862157,70504.1011044437,34951.3059956182,78484.2294075043,51016.5422692713,44334.0808226155,48402.4569562487,56681.1163760811,44226.6461902703,34082.0147399890,38207.1558916178,48108.7425858687,42725.5594010509,35612.5323711224,84223.6763564022,24968.0376948881,19661.2140867170,69121.8180499964,29533.8674382414,35848.5271397749,13501.3319715068,11127.8709346517,58856.4864172315,37853.6503438031,54202.7766132524,32433.4433850911,64440.2600072885,19447.4822494803,63270.9821504580,49764.5794084623,27915.1432293356,12599.7950909809,60275.5762564041,21091.0920873306,38451.2441777753,50077.2603581050,23797.3391203177,39295.3217150132,54589.2109249329,52918.2840121241,33573.5631288993,26371.6673962583,24542.7379734023,29380.0382440223,45562.5595776761,2931.2277644812,48541.6298589755,63303.0655903540,10705.0956441410,58761.7178798908,41526.5474114153,42135.3846102458,42842.7660949849
1265,0,0,0,0,0,0,0,0,0,0,0,0,0,0,0,0,0,0,0,0,0,0,0,0,0,0,0,0,0,0,0,0,0,0,0,0,0,0,0,0,0,0,0,0,0,0,0,0,0,0,0,0,0,0,0,0,0,0,0,0,0,0,0,0,0,0,0,0,0,0,0,0,0,0,0,0,0,0,0,0,0,0,0,0,0,0,0,0,0,0,0,0,0,0,0,0,0,0,0,0,0,0,0,0,0,0,0,0,0,0,0,0,0,0,0,0,0,0,0,0,0,0,0,0,0,0,0,0,0,0,0,0,0,0,0,0,0,0,0,0,0,0,0,0,0,0,0,0,0,0,0,0,0,0,0,0,0,0,0,0,0,0,0,0,0,0,0,0,0,0,0,0,0,0,0,0,0,0,0,0,0,0,0,0,0,0,0,0,0,0,0,0,0,0,0,0,0,0,0,0
1266,0,0,0,0,0,0,0,0,0,0,0,0,0,0,0,0,0,0,0,0,0,0,0,0,0,0,0,0,0,0,0,0,0,0,0,0,0,0,0,0,0,0,0,0,0,0,0,0,0,0,0,0,0,0,0,0,0,0,0,0,0,0,0,0,0,0,0,0,0,0,0,0,0,0,0,0,0,0,0,0,0,0,0,0,0,0,0,0,0,0,0,0,0,0,0,0,0,0,0,0,0,0,0,0,0,0,0,0,0,0,0,0,0,0,0,0,0,0,0,0,0,0,0,0,0,0,0,0,0,0,0,0,0,0,0,0,0,0,0,0,0,0,0,0,0,0,0,0,0,0,0,0,0,0,0,0,0,0,0,0,0,0,0,0,0,0,0,0,0,0,0,0,0,0,0,0,0,0,0,0,0,0,0,0,0,0,0,0,0,0,0,0,0,0,0,0,0,0,0,0
1267,0,0,0,0,0,0,0,0,0,0,0,0,0,0,0,0,0,0,0,0,0,0,0,0,0,0,0,0,0,0,0,0,0,0,0,0,0,0,0,0,0,0,0,0,0,0,0,0,0,0,0,0,0,0,0,0,0,0,0,0,0,0,0,0,0,0,0,0,0,0,0,0,0,0,0,0,0,0,0,0,0,0,0,0,0,0,0,0,0,0,0,0,0,0,0,0,0,0,0,0,0,0,0,0,0,0,0,0,0,0,0,0,0,0,0,0,0,0,0,0,0,0,0,0,0,0,0,0,0,0,0,0,0,0,0,0,0,0,0,0,0,0,0,0,0,0,0,0,0,0,0,0,0,0,0,0,0,0,0,0,0,0,0,0,0,0,0,0,0,0,0,0,0,0,0,0,0,0,0,0,0,0,0,0,0,0,0,0,0,0,0,0,0,0,0,0,0,0,0,0
1268,0,0,0,0,0,0,0,0,0,0,0,0,0,0,0,0,0,0,0,0,0,0,0,0,0,0,0,0,0,0,0,0,0,0,0,0,0,0,0,0,0,0,0,0,0,0,0,0,0,0,0,0,0,0,0,0,0,0,0,0,0,0,0,0,0,0,0,0,0,0,0,0,0,0,0,0,0,0,0,0,0,0,0,0,0,0,0,0,0,0,0,0,0,0,0,0,0,0,0,0,0,0,0,0,0,0,0,0,0,0,0,0,0,0,0,0,0,0,0,0,0,0,0,0,0,0,0,0,0,0,0,0,0,0,0,0,0,0,0,0,0,0,0,0,0,0,0,0,0,0,0,0,0,0,0,0,0,0,0,0,0,0,0,0,0,0,0,0,0,0,0,0,0,0,0,0,0,0,0,0,0,0,0,0,0,0,0,0,0,0,0,0,0,0,0,0,0,0,0,0
1269,0,0,0,0,0,0,0,0,0,0,0,0,0,0,0,0,0,0,0,0,0,0,0,0,0,0,0,0,0,0,0,0,0,0,0,0,0,0,0,0,0,0,0,0,0,0,0,0,0,0,0,0,0,0,0,0,0,0,0,0,0,0,0,0,0,0,0,0,0,0,0,0,0,0,0,0,0,0,0,0,0,0,0,0,0,0,0,0,0,0,0,0,0,0,0,0,0,0,0,0,0,0,0,0,0,0,0,0,0,0,0,0,0,0,0,0,0,0,0,0,0,0,0,0,0,0,0,0,0,0,0,0,0,0,0,0,0,0,0,0,0,0,0,0,0,0,0,0,0,0,0,0,0,0,0,0,0,0,0,0,0,0,0,0,0,0,0,0,0,0,0,0,0,0,0,0,0,0,0,0,0,0,0,0,0,0,0,0,0,0,0,0,0,0,0,0,0,0,0,0
1270,0,0,0,0,0,0,0,0,0,0,0,0,0,0,0,0,0,0,0,0,0,0,0,0,0,0,0,0,0,0,0,0,0,0,0,0,0,0,0,0,0,0,0,0,0,0,0,0,0,0,0,0,0,0,0,0,0,0,0,0,0,0,0,0,0,0,0,0,0,0,0,0,0,0,0,0,0,0,0,0,0,0,0,0,0,0,0,0,0,0,0,0,0,0,0,0,0,0,0,0,0,0,0,0,0,0,0,0,0,0,0,0,0,0,0,0,0,0,0,0,0,0,0,0,0,0,0,0,0,0,0,0,0,0,0,0,0,0,0,0,0,0,0,0,0,0,0,0,0,0,0,0,0,0,0,0,0,0,0,0,0,0,0,0,0,0,0,0,0,0,0,0,0,0,0,0,0,0,0,0,0,0,0,0,0,0,0,0,0,0,0,0,0,0,0,0,0,0,0,0
1271,29225.7592367823,128814.5329420265,112372.0598198915,46721.9296112787,59488.9096554047,86451.2704938691,129647.8829618457,64133.0944330099,24495.0623690558,91924.6263305377,24087.4798077844,100848.5625909247,33923.6003622629,95586.1938206203,86726.9627047894,118409.6545517892,265.2391811334,57072.6280520014,104241.8710258077,70395.5653179594,107579.3964411167,80386.7234983577,77364.6979816172,44902.6893160482,84750.0547233376,21696.3669158544,40102.4224186250,20031.4966737421,73035.9971299658,88866.0160242313,70716.9851497873,114291.2161330244,35143.3151766393,19992.2739277370,20064.9829857981,96922.6989345047,37698.7049800291,92896.3034047659,48322.6855913628,106191.1413956777,122010.2856070541,16885.1681403115,61593.9898816535,76954.9408000833,64338.9067367403,116989.7397403981,16450.0775811598,13905.4148773093,92100.4716659297,33740.7366886174,106917.4653880908,118371.6010283090,44343.9043695261,69638.6764228339,96080.3029228439,82775.5347793774,48902.3903610754,51132.7064218553,31086.8826312915,70846.7626068949,9524.0133350979,80481.6807117281,82391.6545817865,39426.5380760433,36179.8137345014,74464.8311403979,98033.7872624640,94515.3990545770,78681.5040110770,25256.0597412606,64064.5261772985,103393.2327725098,23991.7598983332,86201.6832496600,10835.3227565972,54480.0743137518,119595.4880240325,12765.0522719304,69741.0749136547,26240.2482394702,97229.5658662947,78804.6324450317,70387.2571847109,26397.9702847658,42459.0579990679,11319.1156579461,113273.6444016598,78388.4054223488,56666.4427857126,88449.1386637097,76617.4898954648,94866.9028589598,86986.1873890868,37514.5694309258,52735.9277598886,110902.0571300682,30909.4670166609,84950.3966470750,115070.3266283490,40826.6806946897,65108.8183821647,97454.9165266550,124511.7411881856,67345.3651187035,15799.2991420162,84865.4815042640,66479.0996429413,34234.6429860359,90467.0029946633,88963.2131816957,9041.8257941741,27478.6758261190,15932.2265304907,72768.0319549631,109850.2759315012,31169.8238849509,63828.1593344894,82822.3873064505,33217.5287607680,99186.3181366961,50455.0759022666,90359.1758777667,14601.7106885559,89783.1312443468,100695.6836863225,84968.2273476421,105249.3398025882,100939.4158030420,22347.9643532453,100022.2896978772,38228.8713826932,111609.4374125826,85167.7237046699,46076.2672307560,18836.5057573727,77003.5892700647,29472.2280219251,76266.5306046938,16695.4554441055,45042.5209658913,50012.7534264561,90959.9003583527,81965.7014629057,89270.0299024085,39929.0505933002,57015.6533111933,118411.6611543191,97575.7984935628,99498.4550950724,7001.0109243621,103541.4453473927,80691.4643807126,55086.4032464654,72507.8072338840,82741.2421709956,71824.1949292009,29704.9197598360,52113.2048677684,78979.4114612502,71418.0609428202,59191.2603510291,113042.3155336165,9389.1802511977,48389.6109198536,43029.8850801676,59538.5585058616,55756.8878611568,18232.1978787405,29054.3236415405,81809.2798446517,39377.2436122303,79340.0181388030,61675.6967725311,94772.1899290288,26049.0656512252,91095.1088520048,68953.5342417151,25743.5812666642,23450.2952207919,90533.4693635392,11527.4758422672,69455.6809619782,75720.6068411351,20632.3992941424,45311.0625134376,76479.2079379816,80932.5081812303,12409.4051671675,10781.5669263579,33773.6056209817,25013.9800130406,75645.1879781089,34726.7098624961,78785.9185539786,83954.0515780322,34101.5133716702,86601.2948726837,70201.8682599708,72935.8812163280,73790.3572792041
1272,0,0,0,0,0,0,0,0,0,0,0,0,0,0,0,0,0,0,0,0,0,0,0,0,0,0,0,0,0,0,0,0,0,0,0,0,0,0,0,0,0,0,0,0,0,0,0,0,0,0,0,0,0,0,0,0,0,0,0,0,0,0,0,0,0,0,0,0,0,0,0,0,0,0,0,0,0,0,0,0,0,0,0,0,0,0,0,0,0,0,0,0,0,0,0,0,0,0,0,0,0,0,0,0,0,0,0,0,0,0,0,0,0,0,0,0,0,0,0,0,0,0,0,0,0,0,0,0,0,0,0,0,0,0,0,0,0,0,0,0,0,0,0,0,0,0,0,0,0,0,0,0,0,0,0,0,0,0,0,0,0,0,0,0,0,0,0,0,0,0,0,0,0,0,0,0,0,0,0,0,0,0,0,0,0,0,0,0,0,0,0,0,0,0,0,0,0,0,0,0
1273,0,0,0,0,0,0,0,0,0,0,0,0,0,0,0,0,0,0,0,0,0,0,0,0,0,0,0,0,0,0,0,0,0,0,0,0,0,0,0,0,0,0,0,0,0,0,0,0,0,0,0,0,0,0,0,0,0,0,0,0,0,0,0,0,0,0,0,0,0,0,0,0,0,0,0,0,0,0,0,0,0,0,0,0,0,0,0,0,0,0,0,0,0,0,0,0,0,0,0,0,0,0,0,0,0,0,0,0,0,0,0,0,0,0,0,0,0,0,0,0,0,0,0,0,0,0,0,0,0,0,0,0,0,0,0,0,0,0,0,0,0,0,0,0,0,0,0,0,0,0,0,0,0,0,0,0,0,0,0,0,0,0,0,0,0,0,0,0,0,0,0,0,0,0,0,0,0,0,0,0,0,0,0,0,0,0,0,0,0,0,0,0,0,0,0,0,0,0,0,0
1274,0,0,0,0,0,0,0,0,0,0,0,0,0,0,0,0,0,0,0,0,0,0,0,0,0,0,0,0,0,0,0,0,0,0,0,0,0,0,0,0,0,0,0,0,0,0,0,0,0,0,0,0,0,0,0,0,0,0,0,0,0,0,0,0,0,0,0,0,0,0,0,0,0,0,0,0,0,0,0,0,0,0,0,0,0,0,0,0,0,0,0,0,0,0,0,0,0,0,0,0,0,0,0,0,0,0,0,0,0,0,0,0,0,0,0,0,0,0,0,0,0,0,0,0,0,0,0,0,0,0,0,0,0,0,0,0,0,0,0,0,0,0,0,0,0,0,0,0,0,0,0,0,0,0,0,0,0,0,0,0,0,0,0,0,0,0,0,0,0,0,0,0,0,0,0,0,0,0,0,0,0,0,0,0,0,0,0,0,0,0,0,0,0,0,0,0,0,0,0,0
1275,0,0,0,0,0,0,0,0,0,0,0,0,0,0,0,0,0,0,0,0,0,0,0,0,0,0,0,0,0,0,0,0,0,0,0,0,0,0,0,0,0,0,0,0,0,0,0,0,0,0,0,0,0,0,0,0,0,0,0,0,0,0,0,0,0,0,0,0,0,0,0,0,0,0,0,0,0,0,0,0,0,0,0,0,0,0,0,0,0,0,0,0,0,0,0,0,0,0,0,0,0,0,0,0,0,0,0,0,0,0,0,0,0,0,0,0,0,0,0,0,0,0,0,0,0,0,0,0,0,0,0,0,0,0,0,0,0,0,0,0,0,0,0,0,0,0,0,0,0,0,0,0,0,0,0,0,0,0,0,0,0,0,0,0,0,0,0,0,0,0,0,0,0,0,0,0,0,0,0,0,0,0,0,0,0,0,0,0,0,0,0,0,0,0,0,0,0,0,0,0
1276,23156.1972846001,127217.1495245050,106624.3664096001,52921.4849268705,58774.1932471770,80037.3295400488,125665.5413742240,58791.6845116719,28865.9629830528,88893.4047035237,26560.7890175938,100467.6664733028,29525.7949503597,90806.1826697889,80584.8362922359,115562.3312403598,5638.0697486585,53661.9435149763,102387.5823213473,63993.6403544371,103677.3719002919,78675.1729657109,73222.5323890544,46210.5227415319,79256.5627496707,19886.2504911391,38701.3944895288,14075.6419663984,70083.8429767991,82466.2760546782,64682.6359850623,113145.7869023419,28803.7480465301,18298.2094544593,18502.8844083972,91111.8005260187,41011.8999518659,88860.5673219429,43446.7441747164,103005.9795752637,118521.8307596445,23024.6250563389,59468.5961745829,71983.2343695254,59936.2124866954,114943.0132062690,10932.4891387799,16651.0313303453,89992.1870253687,34498.6701187854,104384.9236830553,114238.8721223543,41290.1578162709,63210.6853635732,90663.6185078650,79292.4603378402,48729.3423054597,49482.9308797118,28725.8789912225,69613.0553684865,11032.4965856483,74600.5777811267,79825.5812384691,33173.0744767979,30505.5419114336,68980.9301885447,94501.6433037776,88241.7684157725,72242.6717881870,20605.6313952545,57809.7353056051,102401.2411052347,19804.2620739761,81344.2987473852,12036.0238547008,50208.0349949583,118037.8716465668,10833.5266496717,66128.7575330379,19805.3347052484,94629.2554496403,72433.2489801467,68183.1716240687,26287.7456423012,38337.2421967982,14578.8802257572,109677.6276807116,72019.5590554321,51636.0527938066,82660.4800305982,70411.2289925154,88765.8546819064,80546.1024964247,39497.4070872128,50093.0248620396,109341.9611110174,34964.2099056479,78652.0693527029,111853.8610929811,40844.6681184522,62256.2072545133,93042.5670230592,122571.4685160179,62434.6945739868,18649.3200510524,80812.8727245899,60696.3944823054,27812.8358583332,86918.0259101797,83729.6401016566,10290.4273580162,21524.3364853763,20848.6384813840,68252.7402867830,107710.4030577858,34003.9063316592,62418.0785627553,78356.6433376332,32332.0380737405,96096.3602627362,46796.3772988117,85966.9596257947,8165.0509004114,87236.2108103544,99216.7762786752,81927.6204962475,101701.3845821900,98691.3093719402,16160.6708169230,94407.2725820807,35691.4531128161,108732.3465250653,83092.5113632683,45051.2876992482,15294.0542814028,74793.9850323343,24400.4776287998,72701.8622065200,16658.8637915286,42956.8780079045,50744.4102666683,85388.2939375993,76733.2913950411,83278.0032927236,35128.1603038988,55613.4292265153,114636.3915935047,95667.0964522895,95383.6595402296,9311.0070201688,100700.1810754959,74602.0940053021,54909.6104373745,66068.2217128398,76328.2056444193,65507.6160511854,31449.1345778778,51187.6333559867,73320.2994342648,67321.9285565615,56348.4498131915,109020.4481516811,4764.4852897803,44084.9389004914,49367.1382139147,54898.3877207081,53664.6057143831,14129.4881997818,25655.0183818579,75376.6142131564,40485.3846554833,76341.3286142375,55573.8768956450,88820.2995712181,24622.8241008630,84760.7585269862,67274.3637739958,20185.5751413612,18195.5770130271,85838.1350801404,9585.4917804848,64065.0043781649,69302.7849519580,20701.3566180926,45765.3771536066,70060.8857685518,77106.8754840052,16768.9699509271,11907.2535722398,27527.6653290865,26232.0613322889,69658.8977378855,29587.3409376955,74083.0643986520,77584.7052607884,28024.8971662759,82856.6025138202,63990.8320136676,67235.8312567335,68558.1834349039
1277,0,0,0,0,0,0,0,0,0,0,0,0,0,0,0,0,0,0,0,0,0,0,0,0,0,0,0,0,0,0,0,0,0,0,0,0,0,0,0,0,0,0,0,0,0,0,0,0,0,0,0,0,0,0,0,0,0,0,0,0,0,0,0,0,0,0,0,0,0,0,0,0,0,0,0,0,0,0,0,0,0,0,0,0,0,0,0,0,0,0,0,0,0,0,0,0,0,0,0,0,0,0,0,0,0,0,0,0,0,0,0,0,0,0,0,0,0,0,0,0,0,0,0,0,0,0,0,0,0,0,0,0,0,0,0,0,0,0,0,0,0,0,0,0,0,0,0,0,0,0,0,0,0,0,0,0,0,0,0,0,0,0,0,0,0,0,0,0,0,0,0,0,0,0,0,0,0,0,0,0,0,0,0,0,0,0,0,0,0,0,0,0,0,0,0,0,0,0,0,0
1278,0,0,0,0,0,0,0,0,0,0,0,0,0,0,0,0,0,0,0,0,0,0,0,0,0,0,0,0,0,0,0,0,0,0,0,0,0,0,0,0,0,0,0,0,0,0,0,0,0,0,0,0,0,0,0,0,0,0,0,0,0,0,0,0,0,0,0,0,0,0,0,0,0,0,0,0,0,0,0,0,0,0,0,0,0,0,0,0,0,0,0,0,0,0,0,0,0,0,0,0.0000000000,0,0,0,0,0,0,0,0,0,0,0,0,0,0,0,0,0,0,0,0,0,0,0,0,0,0,0,0,0,0,0,0,0,0,0,0,0,0,0,0,0,0,0,0,0,0,0,0,0,0,0,0,0,0,0,0,0,0,0,0,0,0,0,0,0,0,0,0,0,0,0,0,0,0,0,0,0,0,0,0,0,0,0,0,0,0,0,0,0,0,0,0,0,0,0,0,0,0,0,0
1279,0,0,0,0,0,0,0,0,0,0,0,0,0,0,0,0,0,0,0,0,0,0,0,0,0,0,0,0,0,0,0,0,0,0,0,0,0,0,0,0,0,0,0,0,0,0,0,0,0,0,0,0,0,0,0,0,0,0,0,0,0,0,0,0,0,0,0,0,0,0,0,0,0,0,0,0,0,0,0,0,0,0,0,0,0,0,0,0,0,0,0,0,0,0,0,0,0,0,0,0,0,0,0,0,0,0,0,0,0,0,0,0,0,0,0,0,0,0,0,0,0,0,0,0,0,0,0,0,0,0,0,0,0,0,0,0,0,0,0,0,0,0,0,0,0,0,0,0,0,0,0,0,0,0,0,0,0,0,0,0,0,0,0,0,0,0,0,0,0,0,0,0,0,0,0,0,0,0,0,0,0,0,0,0,0,0,0,0,0,0,0,0,0,0,0,0,0,0,0,0
1280,39492.8565316519,124638.7399820561,117138.7230452669,73984.9287587732,54666.2421936693,95550.8831788738,129880.6889908928,68156.3686459045,27347.8380342209,90545.7934775011,16202.9135848168,94962.0679000215,36823.4068124333,97836.9843590730,93066.7097854962,116466.5524765170,13765.1970512116,57023.2844963906,100649.8904540342,78307.9599535103,107782.0299857424,76805.7857852797,78388.4772373914,37475.1823937149,88935.0738498435,31934.2242982164,37142.3572283957,27297.8129928257,71765.7977081089,96672.3999594555,76752.4606353893,109474.3051631583,43014.8815132382,127.8575622728,19780.4859360148,101979.0584179269,27943.5899780899,93508.1228706317,51576.6039097094,104972.3419974135,121273.2741463711,15046.8567351392,59066.6148435694,79862.6351634351,66142.4180041564,113632.4184161905,27114.3394040838,21199.1165097886,89054.1098859078,27678.4894613798,104482.8414156244,118989.9771643545,44078.0522853651,78624.5832233734,99956.9984384141,82376.9044404779,43536.0216519563,48092.5903119731,30474.4260825292,66624.1772826759,9422.5442124625,85889.9267545305,80270.0784709313,49343.1274594928,41790.4797487665,78729.2009125112,97563.4340357266,101438.8789398806,87112.5996498870,36165.7811962383,71085.2933333147,98411.8416091517,27406.6906621462,88726.6067186977,17867.9543020877,56236.0961645676,115405.5887260808,23405.0432194440,69800.8757332650,35057.1795906238,95001.2610226059,88211.0754211186,67811.2648685993,22500.0820851816,44335.9821546655,12332.5462988581,112808.1930641419,85980.6982134288,60057.8418032143,93490.4990264247,83306.7599747047,100989.0292470515,95450.9594826948,29419.9462815524,51383.9138611309,106772.0137082028,20560.0345983364,92056.0125294411,113845.9866729473,35500.6865546101,63806.8921713308,98841.9125219319,120928.3362994499,70245.8156676854,9825.6606937318,85601.2496597280,71715.0655083792,43492.5533642068,90106.6734956920,92403.3812621462,9710.5913083208,34238.7115997158,18954.6713238038,74672.3301990536,106702.0810329535,22209.6349800830,60031.6459619428,84479.2953840848,29877.9780554732,97846.2007787385,51093.5594017187,91768.6522515173,23853.9015438856,87535.9724296771,96511.2390390251,83688.2186607832,104747.8185109899,98050.9416394133,32461.9484843698,104444.9042911400,37361.0235728520,109768.0211518393,82143.5331268431,42186.7616034907,29692.1734606803,74325.8492911090,34051.3558216128,76121.9197700519,26170.5968011668,43002.3671132196,43250.7393859192,95317.3521613519,85471.0316758500,95002.6306176721,43333.1323212400,53374.0353634690,118276.6393642039,94133.4319123585,100216.6337026838,16499.1684622356,101696.8802392092,86854.2840681069,49537.4370236882,80995.0817715633,90710.6568518787,79112.8132003518,22416.4647387975,47835.2602431573,83699.9359274219,72436.7401080759,58012.9584105476,113457.8719163906,19657.1037395868,50403.7075256452,67911.1124165857,61966.2227171974,53328.9772256534,22421.7469853346,30482.6700166372,90687.6492049805,32452.9341627402,78057.3557764062,68062.6643787418,100324.9484513171,24428.8519726277,98389.4491749340,65502.2584013033,36429.8060129151,28909.7135390645,92631.0689323505,14912.3046596316,73529.5141781267,83776.9753317666,17468.8953047427,39113.8295604173,85558.3047455206,81246.5956403368,282.4867920803,11289.7775997385,43727.2963978570,19076.8759170551,81460.0036150284,39127.3497504065,81032.2225277055,93362.6055387200,40947.1542022718,86678.7067073347,76962.1868994574,77842.3692366317,77390.3915754689
1281,0,0,0,0,0,0,0,0,0,0,0,0,0,0,0,0,0,0,0,0,0,0,0,0,0,0,0,0,0,0,0,0,0,0,0,0,0,0,0,0,0,0,0,0,0,0,0,0,0,0,0,0,0,0,0,0,0,0,0,0,0,0,0,0,0,0,0,0,0,0,0,0,0,0,0,0,0,0,0,0,0,0,0,0,0,0,0,0,0,0,0,0,0,0,0,0,0,0,0,0,0,0,0,0,0,0,0,0,0,0,0,0,0,0,0,0,0,0,0,0,0,0,0,0,0,0,0,0,0,0,0,0,0,0,0,0,0,0,0,0,0,0,0,0,0,0,0,0,0,0,0,0,0,0,0,0,0,0,0,0,0,0,0,0,0,0,0,0,0,0,0,0,0,0,0,0,0,0,0,0,0,0,0,0,0,0,0,0,0,0,0,0,0,0,0,0,0,0,0,0
1282,0,0,0,0,0,0,0,0,0,0,0,0,0,0,0,0,0,0,0,0,0,0,0,0,0,0,0,0,0,0,0,0,0,0,0,0,0,0,0,0,0,0,0,0,0,0,0,0,0,0,0,0,0,0,0,0,0,0,0,0,0,0,0,0,0,0,0,0,0,0,0,0,0,0,0,0,0,0,0,0,0,0,0,0,0,0,0,0,0,0,0,0,0,0,0,0,0,0,0,0,0,0,0,0,0,0,0,0,0,0,0,0,0,0,0,0,0,0,0,0,0,0,0,0,0,0,0,0,0,0,0,0,0,0,0,0,0,0,0,0,0,0,0,0,0,0,0,0,0,0,0,0,0,0,0,0,0,0,0,0,0,0,0,0,0,0,0,0,0,0,0,0,0,0,0,0,0,0,0,0,0,0,0,0,0,0,0,0,0,0,0,0,0,0,0,0,0,0,0,0
1283,0,0,0,0,0,0,0,0,0,0,0,0,0,0,0,0,0,0,0,0,0,0,0,0,0,0,0,0,0,0,0,0,0,0,0,0,0,0,0,0,0,0,0,0,0,0,0,0,0,0,0,0,0,0,0,0,0,0,0,0,0.0000000000,0,0,0,0,0,0,0,0,0,0,0,0,0,0,0,0,0,0,0,0,0,0,0,0,0,0,0,0,0,0,0,0,0,0,0,0,0,0,0,0,0,0,0,0,0,0,0,0,0,0,0,0,0,0,0,0,0,0,0,0,0,0,0,0,0,0,0,0,0,0,0,0,0,0,0,0,0,0,0,0,0,0,0,0,0,0,0,0,0,0,0,0,0,0,0,0,0,0,0,0,0,0,0,0,0,0,0,0,0,0,0,0,0,0,0,0,0,0,0,0,0,0,0,0,0,0,0,0,0,0,0,0,0,0,0,0,0,0,0
1284,30403.4659595126,143487.5022158643,121172.8232014832,51264.4760887073,74295.4304094355,88307.4305846986,142436.3829930185,74476.7011076207,10732.7069267105,105765.7345905206,38162.1169938919,115653.5919679126,46288.2988473529,107080.6799124481,93790.3866307333,132407.3585968715,14225.1752549471,70557.9395514324,118815.6407381316,75221.4926543336,120486.5198039164,95001.3136365181,89967.3973565989,59330.7789982827,94539.4919735490,12063.4874458345,54761.5266665829,29671.7551121695,86935.7599126763,93471.9779846336,78543.0946247848,129066.0212593048,41854.7476294395,23138.5029977659,34556.2570831471,105545.2214976193,50636.8642721085,105632.3579238813,59815.5179300277,119897.4388720510,135410.2408158911,16414.1732066030,76014.6621150914,88105.5980655711,76576.1393968932,131484.9142752214,18582.7849242655,1899.5423717863,106555.1996285904,48435.3804104555,121137.5665993569,130950.5440641461,58137.9182599876,72185.2534377932,106046.5725223835,96185.8950985725,63709.2550784949,65736.7400320102,45306.8208514035,85588.8609171161,24332.8326123837,88921.4567660077,96578.4812677274,40817.6457526571,45978.4864241452,84342.2157016402,111389.0582884382,100556.0282873737,82252.9221640029,21706.0237662103,70626.8398866651,118186.8410577607,36676.2859844328,97562.5490445739,22965.5016647955,66939.7872502522,134277.9750836933,9486.0658863481,83015.0189398662,32197.9494273293,111400.9869096753,80011.0144129816,84777.6362301402,41211.7398967188,55156.4015754929,10866.1186577701,126554.6583983779,83600.4445553588,67792.9654368242,97208.3209870612,83360.6850949584,102112.8510183666,90308.4835906620,51639.0441850567,66844.2143782084,125581.0966205159,43086.4729463677,90860.0969947686,128747.8303060465,55625.8241202260,79081.2882828067,109615.0404273149,139057.1484378887,78663.0218432011,29969.2897597904,97585.3108366936,75435.1758305141,38104.1690773487,103805.1765745526,99455.1113190533,18011.1017525993,36677.3098335001,11984.3017942107,84800.7369061221,124297.6217851103,44768.9227652253,78522.5820296524,94916.6729238005,47974.5282484089,112978.0075745265,63686.5469681884,102562.3992141867,22357.9211142990,103986.5672265023,115394.2235765533,98799.4592517344,118585.9589881486,115326.5190470366,25429.9727442149,109351.3055110234,52373.9288841736,125582.1744110195,99634.2633273741,60834.2049038639,14528.1622821098,91396.8365402133,40810.8520368661,89590.6981609870,4293.0130496506,59453.6884423100,64644.1338910264,100473.9154140746,92488.8440404995,97137.9500333380,51624.0062482074,71704.7427681848,131477.0637356688,112124.1902626606,112117.3880087966,8004.9009044885,117540.3115206217,88120.9311070952,69889.9106969860,76115.2444922929,87157.3388664589,77724.1542296658,44075.0964064284,66893.5793069665,88271.6770363865,84093.1601472606,73166.0710547031,125783.9421622950,16971.8755289690,60820.8009515420,46389.6187791864,71398.7566464525,70185.5517886748,31025.6788226182,42530.5501002050,84304.4037228673,53927.2286431266,93204.5690718747,69267.0504068260,102795.6489888990,40641.5107320570,96577.1028746250,83570.2166092434,25147.0891002491,34582.2972040105,102203.2587090881,25659.1141049940,79630.5504501095,80128.1476059963,35445.4647289270,60032.8350774695,78608.1867492639,93951.9525169131,25609.8170049488,19889.1681359625,35594.7432701786,39653.3743948730,83655.1668195484,45848.6573088884,90469.7987478310,85041.0262567246,42512.0449307406,99716.1779648332,76992.9734698103,82131.4007084522,84352.9197262201
1285,0,0,0,0,0,0,0,0,0,0,0,0,0,0,0,0,0,0,0,0,0,0,0,0,0,0,0,0,0,0,0,0,0,0,0,0,0,0,0,0,0,0,0,0,0,0,0,0,0,0,0,0,0,0,0,0,0,0,0,0,0,0,0,0,0,0,0,0,0,0,0,0,0,0,0,0,0,0,0,0,0,0,0,0,0,0,0,0,0,0,0,0,0,0,0,0,0,0,0,0,0,0,0,0,0,0,0,0,0,0,0,0,0,0,0,0,0,0,0,0,0,0,0,0,0,0,0,0,0,0,0,0,0,0,0,0,0,0,0,0,0,0,0,0,0,0,0,0,0,0,0,0,0,0,0,0,0,0,0,0,0,0,0,0,0,0,0,0,0,0,0,0,0,0,0,0,0,0,0,0,0,0,0,0,0,0,0,0,0,0,0,0,0,0,0,0,0,0,0,0
1286,0,0,0,0,0,0,0,0,0,0,0,0,0,0,0,0,0,0,0,0,0,0,0,0,0,0,0,0,0,0,0,0,0,0,0,0,0,0,0,0,0,0,0,0,0,0,0,0,0,0,0,0,0,0,0,0,0,0,0,0,0,0,0,0,0,0,0,0,0,0,0,0,0,0,0,0,0,0,0,0,0,0,0,0,0,0,0,0,0,0,0,0,0,0,0,0,0,0,0,0,0,0,0,0,0,0,0,0,0,0,0,0,0,0,0,0,0,0,0,0,0,0,0,0,0,0,0,0,0,0,0,0,0,0,0,0,0,0,0,0,0,0,0,0,0,0,0,0,0,0,0,0,0,0,0,0,0,0,0,0,0,0,0,0,0,0,0,0,0,0,0,0,0,0,0,0,0,0,0,0,0,0,0,0,0,0,0,0,0,0,0,0,0,0,0,0,0,0,0,0
1287,0,0,0,0,0,0,0,0,0,0,0,0,0,0,0,0,0,0,0,0,0,0,0,0,0,0,0,0,0,0,0,0,0,0,0,0,0,0,0,0,0,0,0,0,0,0,0,0,0,0,0,0,0,0,0,0,0,0,0,0,0,0,0,0,0,0,0,0,0,0,0,0,0,0,0,0,0,0,0,0,0,0,0,0,0,0,0,0,0,0,0,0,0,0,0,0,0,0,0,0,0,0,0,0,0,0,0,0,0,0,0,0,0,0,0,0,0,0,0,0,0,0,0,0,0,0,0,0,0,0,0,0,0,0,0,0,0,0,0,0,0,0,0,0,0,0,0,0,0,0,0,0,0,0,0,0,0,0,0,0,0,0,0,0,0,0,0,0,0,0,0,0,0,0,0,0,0,0,0,0,0,0,0,0,0,0,0,0,0,0,0,0,0,0,0,0,0,0,0,0
1288,0,0,0,0,0,0,0,0,0,0,0,0,0,0,0,0,0,0,0,0,0,0,0,0,0,0,0,0,0,0,0,0,0,0,0,0,0,0,0,0,0,0,0,0,0,0,0,0,0,0,0,0,0,0,0,0,0,0,0,0,0,0,0,0,0,0,0,0,0,0,0,0,0,0,0,0,0,0,0,0,0,0,0,0,0,0,0,0,0,0,0,0,0,0,0,0,0,0,0,0,0,0,0,0,0,0,0,0,0,0,0,0,0,0,0,0,0,0,0,0,0,0,0,0,0,0,0,0,0,0,0,0,0,0,0,0,0,0,0,0,0,0,0,0,0,0,0,0,0,0,0,0,0,0,0,0,0,0,0,0,0,0,0,0,0,0,0,0,0,0,0,0,0,0,0,0,0,0,0,0,0,0,0,0,0,0,0,0,0,0,0,0,0,0,0,0,0,0,0,0
1289,0,0,0,0,0,0,0,0,0,0,0,0,0,0,0,0,0,0,0,0,0,0,0,0,0,0,0,0,0,0,0,0,0,0,0,0,0,0,0,0,0,0,0,0,0,0,0,0,0,0,0,0,0,0,0,0,0,0,0,0,0,0,0,0,0,0,0,0,0,0,0,0,0,0,0,0,0,0,0,0,0,0,0,0,0,0,0,0,0,0,0,0,0,0,0,0,0,0,0,0,0,0,0,0,0,0,0,0,0,0,0,0,0,0,0,0,0,0,0,0,0,0,0,0,0,0,0,0,0,0,0,0,0,0,0,0,0,0,0,0,0,0,0,0,0,0,0,0,0,0,0,0,0,0,0,0,0,0,0,0,0,0,0,0,0,0,0,0,0,0,0,0,0,0,0,0,0,0,0,0,0,0,0,0,0,0,0,0,0,0,0,0,0,0,0,0,0,0,0,0
1290,29180.2367904417,130620.0427896172,113545.6753830002,46840.9051119145,61289.4301254942,86753.9392756135,131284.2086301223,65453.5915196913,22847.6208667158,93664.2401907627,25671.1127410057,102633.5439162364,35450.7890370008,97069.0695196874,87669.9819496183,120166.4187948503,1120.0880393683,58766.1568369725,106043.0394269539,71036.7550813082,109224.7198604405,82189.6090651769,78967.2930306277,46584.4175465961,86023.7860288155,20320.0329192457,41906.3036962852,21061.1345460551,74778.5143689552,89509.8001095748,71733.1236486571,116096.0822180826,35896.1103072236,13228.5346290079,21850.4612716851,98065.0115199215,39080.9949517342,94519.4453141325,49764.7116408375,107919.1983611816,123709.4079320880,15925.0502163490,63383.0614467638,78386.6226279385,65891.2758190983,118786.4658386522,16216.3256903342,12099.2147192089,93893.8445544178,35484.9952941656,108693.1057369952,119983.4706802886,46065.7377781325,69994.9182383241,97383.3575391439,84469.4034998341,50688.2208625489,52934.1332760774,32849.0408154005,72652.9502601180,11310.7159353617,81586.6590809014,84162.7169032668,39512.3450255968,37362.2787482614,75739.7479427412,99724.9609092090,95341.5750686561,79182.6081990464,24566.1975220497,64910.0140663693,105196.2275906191,25532.1462926652,87664.2979077991,12141.6904968817,56051.0157327264,121401.2094223199,11585.1481435633,71416.2728057326,26801.4679593456,99000.4527897915,79014.6523369122,72174.6305729638,28194.6347337763,44045.8301988404,8306.0507478589,114959.4752140562,79091.9113357747,58074.7561046123,89601.0778053149,77507.9773517086,95840.5175255251,87469.6736865962,39126.9626618693,54494.8891755343,112707.6671989397,32132.2116370653,85749.4587078630,116796.4683623059,42608.0187523585,66857.0468540667,99014.8965588522,126311.6106229350,68789.2740305083,17383.1017107488,86484.2785604350,67629.7958975260,34597.9286821332,92154.9219476598,90324.4476093577,11469.6261870909,28522.8372364271,14373.4684882268,74301.8885787049,111643.6627022547,32665.9179845935,65633.8973285574,84368.9597619985,35023.6704202664,100921.9735628248,52115.4760166371,91921.5020153524,15188.7451618598,91556.2765813702,102501.6827513884,86705.9097227126,106939.7621281190,102728.1673624488,22434.9163367564,101251.6853423523,39986.5926828139,113363.4600233058,86961.6729408807,47882.2732876237,17892.2009780647,78791.6508226571,30840.3879040295,77949.4012806184,15085.9897268538,46828.6936458621,51743.0740504316,92205.2483196965,83325.7637645748,90314.1664253665,41380.8270540483,58821.1734889736,120075.6904725474,99375.4223709794,101110.4546564399,5621.3357227305,105297.2625795871,81672.3465054104,56870.2861904876,73001.7831909213,83353.1460265220,72601.9994044583,31364.7568985007,53918.0321874970,80187.3288767369,73026.1748685181,60938.3449844979,114670.8263466189,9643.7351771050,49950.5417338316,42971.0835919465,61041.1795294487,57546.0283973723,19758.7434908513,30721.2487862972,82183.0342264827,41085.1556598209,81080.1260041933,62646.0207003250,95840.2626714579,27846.9117350754,91849.1435040486,70756.2856766016,25416.7121065881,24751.6346919937,92034.4235973534,13242.5164534619,70761.7106761238,76319.9408352725,22430.3211341302,47065.0416930241,76798.2958305643,82583.3836881727,13714.9241401654,7142.6959221957,33864.9293090984,26739.2506491019,76691.2633891021,36085.8540170594,80282.3047126645,84158.4434387642,35081.1209028233,88264.3117325125,71087.9757209074,74125.1368860186,75148.3300730145
1291,0,0,0,0,0,0,0,0,0,0,0,0,0,0,0,0,0,0,0,0,0,0,0,0,0,0,0,0,0,0,0,0,0,0,0,0,0,0,0,0,0,0,0,0,0,0,0,0,0,0,0,0,0,0,0,0,0,0,0,0,0,0,0,0,0,0,0,0,0,0,0,0,0,0,0,0,0,0,0,0,0,0,0,0,0,0,0,0,0,0,0,0,0,0,0,0,0,0,0,0,0,0,0,0,0,0,0,0,0,0,0,0,0,0,0,0,0,0,0,0,0,0,0,0,0,0,0,0,0,0,0,0,0,0,0,0,0,0,0,0,0,0,0,0,0,0,0,0,0,0,0,0,0,0,0,0,0,0,0,0,0,0,0,0,0,0,0,0,0,0,0,0,0,0,0,0,0,0,0,0,0,0,0,0,0,0,0,0,0,0,0,0,0,0,0,0,0,0,0,0
1292,0,0,0,0,0,0,0,0,0,0,0,0,0,0,0,0,0,0,0,0,0,0,0,0,0,0,0,0,0,0,0,0,0,0,0,0,0,0,0,0,0,0,0,0,0,0,0,0,0,0,0,0,0,0,0,0,0,0,0,0,0,0,0,0,0,0,0,0,0,0,0,0,0,0,0,0,0,0,0,0,0,0,0,0,0,0,0,0,0,0,0,0,0,0,0,0,0,0,0,0,0,0,0,0,0,0,0,0,0,0,0,0,0,0,0,0,0,0,0,0,0,0,0,0,0,0,0,0,0,0,0,0,0,0,0,0,0,0,0,0,0,0,0,0,0,0,0,0,0,0,0,0,0,0,0,0,0,0,0,0,0,0,0,0,0,0,0,0,0,0,0,0,0,0,0,0,0,0,0,0,0,0,0,0,0,0,0,0,0,0,0,0,0,0,0,0,0,0,0,0
1293,0,0,0,0,0,0,0,0,0,0,0,0,0,0,0,0,0,0,0,0,0,0,0,0,0,0,0,0,0,0,0,0,0,0,0,0,0,0,0,0,0,0,0,0,0,0,0,0,0,0,0,0,0,0,0,0,0,0,0,0,0,0,0,0,0,0,0,0,0,0,0,0,0,0,0,0,0,0,0,0,0,0,0,0,0,0,0,0,0,0,0,0,0,0,0,0,0,0,0,0,0,0,0,0,0,0,0,0,0,0,0,0,0,0,0,0,0,0,0,0,0,0,0,0,0,0,0,0,0,0,0,0,0,0,0,0,0,0,0,0,0,0,0,0,0,0,0,0,0,0,0,0,0,0,0,0,0,0,0,0,0,0,0,0,0,0,0,0,0,0,0,0,0,0,0,0,0,0,0,0,0,0,0,0,0,0,0,0,0,0,0,0,0,0,0,0,0,0,0,0
1294,27890.5032874422,109492.6071061833,91715.3396227937,60217.4963507850,42807.9870541146,74608.9736077611,107323.2289346184,42769.2279522145,46826.0631294520,70358.7291864064,22998.3806620093,84417.9121191507,11661.0085325819,73334.5182305397,68162.8662572449,97059.2227112800,21623.1620314848,35101.8867316896,84490.2453006980,55306.1233152883,85283.3485495962,61022.3758462859,54980.5206394952,35471.8018371423,63547.0012250836,36513.9109388141,22381.8446318910,10494.4913626865,51584.1034551220,73216.9842368763,51759.5950003819,95953.0625791161,22006.2920060909,27653.5061038855,7043.7687037126,76575.5259201356,36811.0600488643,70543.7518994042,26354.9012342324,84448.2166770849,99983.6674955461,38307.0973219092,41549.8198583831,54909.2773280224,41957.8590496007,96858.7717525524,23113.7590537321,35148.6925207148,71920.3467640444,23847.5164872125,86012.1823850642,95998.6090255144,22833.4872474443,57824.4184952505,74644.7076807145,60745.1688072491,34225.8106877526,32293.1095151427,11485.6353443691,52627.9742801395,16092.4653231582,60579.2545653672,61475.0271785996,33928.9295027042,17183.7726554180,53321.9353149799,75967.2543327231,76934.6653980922,64847.4610432744,32247.6663401337,47009.2694975459,85453.6518603973,40.6776476713,64021.5384821947,12492.6164293107,32085.3924959651,100374.8689019912,28424.3128842919,47601.6834921906,18700.3322084676,76235.7184941211,68301.9576491789,50127.3383850798,15361.6157432220,20062.7086599923,31150.3101356478,91162.1042299124,62368.0499027304,34819.4437376851,68091.2222998911,58735.9922138160,75923.6757323241,73101.1093984733,31451.0020241370,31820.1070754418,91702.6512973238,34201.2661908910,67797.3661058803,93294.1961295241,27388.2262517880,43807.6881826097,75063.5696298997,104555.7855731454,45271.9116292830,19849.4324813762,62504.9856417840,46396.3380100967,26409.4765723455,68385.0440500160,67224.2241906310,22793.9522427009,12570.0006093600,38328.4091020600,50410.7704068101,89571.3090647225,29496.2159977032,45296.6377158243,60444.3949030986,17809.7698916842,77549.2770573009,28265.4001456070,67966.7263597706,15871.0626927671,68881.0320056007,81701.7242067932,63394.6473810170,83172.1706876464,80494.7368100943,22420.4441661662,79036.5752865798,17755.7732014511,90224.1754277945,65071.9715727025,29051.1558707570,30370.7754377443,56699.3693712255,9014.8012434500,54167.0138984838,34781.1100731717,25356.3141665401,38174.5028854521,69911.3089360925,60255.6463238063,69778.1299632711,18005.4379445704,38629.9156824114,96184.0930263560,77742.9818047294,77125.9892944793,27726.8370677086,82206.6635640159,61873.4756222270,40090.3001545674,58979.8061453148,67576.1112897478,55214.7093550434,24271.4266222839,35097.4692568556,58278.9350571379,49040.8314874540,37922.1433586764,90699.8752843219,19141.2122467250,26003.9430188478,58208.2156811320,37265.9785483731,35845.9062705166,519.1288368400,8422.0333256623,69304.1670095723,29849.0270599319,57821.8533518727,43411.7043683178,75026.6478514750,10567.9429637891,74275.5733058730,49752.4507375320,28761.0065653332,10662.8192494229,68236.8047553691,11208.3061240555,48142.1159869446,60900.4013447068,13101.3496965883,32899.7872341881,64795.6504316836,58663.4767927404,22815.3878777994,17191.2716513989,29463.7656112870,19144.4979528135,56320.4215556973,13799.4059212853,56508.6803217143,73328.2072548329,18129.6067486687,64381.1529092114,52524.5627422827,52441.3870400565,52126.5607395657
1295,51293.9501523878,84620.8709572081,84631.1602266199,67448.8110592144,18648.6815368452,84952.6489036552,88090.8374562514,38163.7633748057,68515.5668773833,48142.9581976274,29455.3888697433,59550.9727916669,20048.6550044092,59551.9792344742,68258.7360210554,74164.5331470217,44824.5949979747,16791.7622200496,59795.8782246076,63233.0766595267,66117.0361536136,36078.0137411773,38549.2533875130,22931.2156823296,56494.2882963786,61541.5037022373,7347.2472712028,35055.4961898353,29424.6664725836,78351.6252118751,53008.2142135114,70828.9131335353,40015.4816613724,44029.3277670239,24537.3833909032,71361.0879597006,34581.7091724345,52500.1136865091,24156.6285917630,62575.4094786404,78962.3733655596,57388.8097091283,17000.2490917296,44417.0693623117,29275.5351896470,72436.8220198091,48251.4385247452,58389.2073787276,47518.3446116703,19070.0834648822,62413.0002289050,77634.9231985932,10385.6756771859,69750.7857074774,65697.4308092504,40463.3841216520,14196.0883002792,7197.8995367121,13919.0760891470,27501.8326378999,35600.0313472125,58162.4875185337,37986.2594115991,54549.3992086142,30185.4876330444,47750.8520675729,55457.5278660469,78320.2379058467,73471.1186495132,57146.7919675902,53005.7159998199,60311.5869194172,24909.7178002901,51543.8193469909,36811.9732660088,21372.6937401395,75453.4777154264,53119.7472922166,28753.2252757892,41486.7399969488,52796.3913682057,80686.8989669458,25798.0241906093,20020.5704735504,16181.7761674947,52309.9027709138,70632.8427984914,67953.0622713924,29811.8071195701,63543.9835346872,61342.9685360966,74470.8844721341,80903.0539294829,25778.8121994727,9372.1694176324,66761.5908668715,37709.4411854023,70809.1864065339,71444.1749200880,13594.2409298524,21511.3545189652,58867.2354637406,80013.9600366305,36013.3198418225,33616.9111271427,44973.2024120911,45633.1784457851,47086.2544396036,48134.6474698231,57396.6639293615,43023.8057723524,33383.1184122820,59757.3151176619,37044.2254738270,65266.8672680099,30376.7699089208,20159.5408395896,45570.3987476505,12733.5145357029,55442.5338931295,14228.0633173158,52055.0570806023,41014.1594211704,45328.6861265068,56679.4051113500,41306.2005460883,62585.9689676221,56345.5149672638,46899.7663718251,71557.5312062600,13579.7096804102,67427.2884015272,40591.0753523934,7139.4375459277,55501.5276439386,32411.3765926840,26048.8999631070,34580.8839981565,59246.5111641270,1229.5264731397,21024.6081419769,62873.6051183075,51229.2820994022,67502.2726590688,21918.2065153309,13572.2209542226,76273.7826957197,53087.9577894773,59218.6931846842,51052.4391710528,59348.7510965513,62062.6211464552,18053.4062815788,68650.6056264289,73988.2551391724,60692.2670903370,24877.4179741881,11393.9136016434,53677.7791685728,32961.2600678942,15906.1631091699,71945.1144189657,43857.8740160852,18806.3934814965,67591.7862809723,27810.8429494548,11163.3128588094,29301.9161125518,18307.8902051427,79259.1202657118,20447.9618698054,35687.9992297510,47765.7456598364,71638.8837985816,18589.5167469733,77314.2670948188,24705.5462878774,53225.3820891965,29668.5628842270,54246.4856404123,33392.1759360336,42687.5349704992,68536.9199542511,25017.4841900101,17139.6195882723,76155.7461688570,40142.3788833271,38708.7395005332,39269.0602537095,51434.1969909630,24577.2907034383,55988.7567194729,25214.7101728058,43705.8310870861,85181.6640024811,34913.3259546956,45159.5108065564,56415.8198912847,49342.6061801187,44352.7034476779
1296,0,0,0,0,0,0,0,0,0,0,0,0,0,0,0,0,0,0,0,0,0,0,0,0,0,0,0,0,0,0,0,0,0,0,0,0,0,0,0,0,0,0,0,0,0,0,0,0,0,0,0,0,0,0,0,0,0,0,0,0,0,0,0,0,0,0,0,0,0,0,0,0,0,0,0,0,0,0,0,0,0,0,0,0,0,0,0,0,0,0,0,0,0,0,0,0,0,0,0,0,0,0,0,0,0,0,0,0,0,0,0,0,0,0,0,0,0,0,0,0,0,0,0,0,0,0,0,0,0,0,0,0,0,0,0,0,0,0,0,0,0,0,0,0,0,0,0,0,0,0,0,0,0,0,0,0,0,0,0,0,0,0,0,0,0,0,0,0,0,0,0,0,0,0,0,0,0,0,0,0,0,0,0,0,0,0,0,0,0,0,0,0,0,0,0,0,0,0,0,0
1297,0,0,0,0,0,0,0,0,0,0,0,0,0,0,0,0,0,0,0,0,0,0,0,0,0,0,0,0,0,0,0,0,0,0,0,0,0,0,0,0,0,0,0,0,0,0,0,0,0,0,0,0,0,0,0,0,0,0,0,0,0,0,0,0,0,0,0,0,0,0,0,0,0,0,0,0,0,0,0,0,0,0,0,0,0,0,0,0,0,0,0,0,0,0,0,0,0,0,0,0,0,0,0,0,0,0,0,0,0,0,0,0,0,0,0,0,0,0,0,0,0,0,0,0,0,0,0,0,0,0,0,0,0,0,0,0,0,0,0,0,0,0,0,0,0,0,0,0,0,0,0,0,0,0,0,0,0,0,0,0,0,0,0,0,0,0,0,0,0,0,0,0,0,0,0,0,0,0,0,0,0,0,0,0,0,0,0,0,0,0,0,0,0,0,0,0,0,0,0,0
1298,0,0,0,0,0,0,0,0,0,0,0,0,0,0,0,0,0,0,0,0,0,0,0,0,0,0,0,0,0,0,0,0,0,0,0,0,0,0,0,0,0,0,0,0,0,0,0,0,0,0,0,0,0,0,0,0,0,0,0,0,0,0,0,0,0,0,0,0,0,0,0,0,0,0,0,0,0,0,0,0,0,0,0,0,0,0,0,0,0,0,0,0,0,0,0,0,0,0,0,0,0,0,0,0,0,0,0,0,0,0,0,0,0,0,0,0,0,0,0,0,0,0,0,0,0,0,0,0,0,0,0,0,0,0,0,0,0,0,0,0,0,0,0,0,0,0,0,0,0,0,0,0,0,0,0,0,0,0,0,0,0,0,0,0,0,0,0,0,0,0,0,0,0,0,0,0,0,0,0,0,0,0,0,0,0,0,0,0,0,0,0,0,0,0,0,0,0,0,0,0
1299,0,0,0,0,0,0,0,0,0,0,0,0,0,0,0,0,0,0,0,0,0,0,0,0,0,0,0,0,0,0,0,0,0,0,0,0,0,0,0,0,0,0,0,0,0,0,0,0,0,0,0,0,0,0,0,0,0,0,0,0,0,0,0,0,0,0,0,0,0,0,0,0,0,0,0,0,0,0,0,0,0,0,0,0,0,0,0,0,0,0,0,0,0,0,0,0,0,0,0,0,0,0,0,0,0,0,0,0,0,0,0,0,0,0,0,0,0,0,0,0,0,0,0,0,0,0,0,0,0,0,0,0,0,0,0,0,0,0,0,0,0,0,0,0,0,0,0,0,0,0,0,0,0,0,0,0,0,0,0,0,0,0,0,0,0,0,0,0,0,0,0,0,0,0,0,0,0,0,0,0,0,0,0,0,0,0,0,0,0,0,0,0,0,0,0,0,0,0,0,0
1300,0,0,0,0,0,0,0,0,0,0,0,0,0,0,0,0,0,0,0,0,0,0,0,0,0,0,0,0,0,0,0,0,0,0,0,0,0,0,0,0,0,0,0,0,0,0,0,0,0,0,0,0,0,0,0,0,0,0,0,0,0,0,0,0,0,0,0,0,0,0,0,0,0,0,0,0,0,0,0,0,0,0,0,0,0,0,0,0,0,0,0,0,0,0,0,0,0,0,0,0,0,0,0,0,0,0,0,0,0,0,0,0,0,0,0,0,0,0,0,0,0,0,0,0,0,0,0,0,0,0,0,0,0,0,0,0,0,0,0,0,0,0,0,0,0,0,0,0,0,0,0,0,0,0,0,0,0,0,0,0,0,0,0,0,0,0,0,0,0,0,0,0,0,0,0,0,0,0,0,0,0,0,0,0,0,0,0,0,0,0,0,0,0,0,0,0,0,0,0,0
1301,0,0,0,0,0,0,0,0,0,0,0,0,0,0,0,0,0,0,0,0,0,0,0,0,0,0,0,0,0,0,0,0,0,0,0,0,0,0,0,0,0,0,0,0,0,0,0,0,0,0,0,0,0,0,0,0,0,0,0,0,0,0,0,0,0,0,0,0,0,0,0,0,0,0,0,0,0,0,0,0,0,0,0,0,0,0,0,0,0,0,0,0,0,0,0,0,0,0,0,0,0,0,0,0,0,0,0,0,0,0,0,0,0,0,0,0,0,0,0,0,0,0,0,0,0,0,0,0,0,0,0,0,0,0,0,0,0,0,0,0,0,0,0,0,0,0,0,0,0,0,0,0,0,0,0,0,0,0,0,0,0,0,0,0,0,0,0,0,0,0,0,0,0,0,0,0,0,0,0,0,0,0,0,0,0,0,0,0,0,0,0,0,0,0,0,0,0,0,0,0
1302,0,0,0,0,0,0,0,0,0,0,0,0,0,0,0,0,0,0,0,0,0,0,0,0,0,0,0,0,0,0,0,0,0,0,0,0,0,0,0,0,0,0,0,0,0,0,0,0,0,0,0,0,0,0,0,0,0,0,0,0,0,0,0,0,0,0,0,0,0,0,0,0,0,0,0,0,0,0,0,0,0,0,0,0,0,0,0,0,0,0,0,0,0,0,0,0,0,0,0,0,0,0,0,0,0,0,0,0,0,0,0,0,0,0,0,0,0,0,0,0,0,0,0,0,0,0,0,0,0,0,0,0,0,0,0,0,0,0,0,0,0,0,0,0,0,0,0,0,0,0,0,0,0,0,0,0,0,0,0,0,0,0,0,0,0,0,0,0,0,0,0,0,0,0,0,0,0,0,0,0,0,0,0,0,0,0,0,0,0,0,0,0,0,0,0,0,0,0,0,0
1303,17213.2543486279,130823.9738377525,104786.5379123170,58773.3848514401,63357.7571965636,75006.5021583009,126710.9628627876,58043.3522675435,29958.4363567232,91202.3744511828,32988.8055508963,105112.8795737279,30928.8224123853,90822.2861382421,77775.1111995311,117977.1717083094,9164.7300697548,55805.7663197054,105824.9631823795,60058.7317246323,104890.4934798982,82334.9549595652,74266.9971094303,52080.7930658443,78063.4840277879,15195.4640120736,42997.7548327988,13529.3775529446,72586.5005732459,78489.5372744834,62283.8656300310,117169.2429672660,25672.7422147357,24551.1034967246,23339.1943204727,89174.1262009912,47556.4563941249,89958.8235983236,43734.4369832406,105087.0817874032,120203.0178853748,26999.2200815383,62884.0828250609,71790.3082726730,60727.1567869888,118165.9841009865,5653.1613324146,16951.5668120711,93237.7830999632,40215.1873896204,107161.6839690070,115114.1082659495,44024.0265602667,58346.5934301707,89571.1174164983,81134.4683807639,53766.4513582800,53421.9916649540,32466.6517838725,73726.2761909722,17536.0896842492,72560.8528844717,82670.9434436095,27587.1578480362,29561.5279724100,67868.2271904099,96210.2356572359,84926.6613753702,67808.6323838456,14003.5869952246,54703.7287378684,106576.3825746452,22037.4770077039,81282.8187451959,10063.0891447537,51301.4464875880,121699.3546374266,7579.5623201949,67906.9465283415,16077.0619181864,97371.4837901795,67161.9294902813,71455.4537613274,31703.9247273752,39855.8290999541,18357.3388364737,111254.4685661331,68285.0254196496,51535.0013253610,80808.5629028428,67422.5495455026,86058.2108119408,76042.8492282473,45685.3372918121,53111.6785480090,113022.6487068263,41600.4204322402,75259.3274350361,113871.1447773109,46082.3634668693,64927.5163323992,93602.3250170040,125876.2351242588,62418.4248217584,25217.2818150768,81930.2800529566,58989.1038469708,23098.6750301703,88640.4813205535,83012.0122078202,16513.2715249257,20250.2655775093,23082.7089526463,68805.2473840812,110864.4880642552,40471.6004903975,66435.0889621041,78913.0517904373,37129.7624402290,98309.8187689576,48741.5951976390,86588.2232088739,9185.9300143384,90064.1486853189,102997.2340586639,84260.6761387585,103363.1338876915,101769.8922997457,10566.6841816007,92897.8888808567,39069.2263954509,111134.8711661604,86399.8284716772,49538.9876520013,9443.0274180180,78018.3490323468,24962.9722160280,74487.9581130804,14090.4637536037,46608.6296186568,56298.4310064644,84005.6042479234,76054.8637229644,80906.7651069391,35728.9091932911,59693.2932178784,115976.5103364259,99077.0408859391,96347.6596017301,11119.5376789749,103167.5610728451,71984.5925311795,59893.3900960139,61623.7569802161,72254.4211895947,62082.4355200908,37614.7685229560,55680.8092978429,71810.3309602696,68472.5020410303,59087.8390219935,110059.4502138722,2319.3903518323,45231.4986437301,54937.7714210945,55391.3467126189,57168.0060862530,17051.4444265987,28485.6732240802,70549.1904266606,46305.9164713202,78752.1697691419,53035.3022273539,86537.0950140017,29263.4958271238,81177.8791884064,71029.1236549835,13692.5512525629,18867.2108317264,86009.3974047488,15024.3162577322,63174.4457387778,65203.1761813728,26373.5998459716,51205.3161582784,65082.6452231518,78541.2191078838,23383.3614194316,12571.8556808838,21952.3314901074,32268.8378943639,67367.2405594663,29786.6383005307,74309.5141462762,72297.8082608496,26046.2629475813,84359.6896648457,61017.8265373468,65672.5066005363,67933.1208464987
1304,29576.7438452891,134122.5506296379,115990.7234941678,47100.5654563863,64766.0263460558,87608.3881692643,134535.9735550846,68184.9678362065,19652.9517550340,97084.7728350494,28743.8880434751,106068.8405385114,38559.6771454718,100065.0003553939,89712.4849853980,123611.7198665855,4105.2638274700,62119.9783625593,109545.0527933227,72545.2739776925,112493.4183122915,85692.5354369219,82170.2383056517,49810.8173887973,88659.5447192408,18001.6828843996,45409.4725371271,23448.3444387117,78204.5950803984,91001.1080311460,73922.4667029924,119586.3688028217,37704.4286752541,14960.7939168672,25339.3818360625,100460.6147900445,41751.3192043124,97753.3076793205,52717.1838134821,111321.2912256417,127064.9112868527,14369.6835277680,66873.4386318690,81301.2025451873,69015.4578148535,122284.7289393036,16499.4359872596,11427.0835781992,97388.7228242290,38841.4226254058,112165.5752086842,123195.2277097613,49465.3845903225,70974.3643839295,100065.4552143232,87819.5616089310,54128.5931318374,56436.3912569925,36308.1154268143,76150.7881588179,14769.0309719968,83925.8337535515,87629.4301263389,40078.0761783575,39904.6397285933,78383.9481532272,103069.3041814684,97164.7135693989,80419.7453416339,23733.4875857325,66801.1562358506,108679.7325728848,28681.5312584481,90628.2622265377,15060.9739803884,59210.5945781270,124903.3884226138,10012.7520681172,74738.7282130917,28338.8026688149,102466.5445311381,79703.1148687122,75662.8455864921,31663.7484958770,47238.9148287835,3497.7820345669,118294.0375044373,80704.6279704239,60962.6094275752,92018.6590228783,79464.4549654976,97932.7147093587,88664.0824002252,42226.4584615754,57946.4369448576,116210.0349990593,34533.5589501034,87530.8492065457,120195.1809543382,46039.3722777851,70292.1665575499,102142.0700354386,129812.6667969198,71729.7655366142,20491.0648933675,89712.3485142474,70062.7307014972,35713.2175749521,95494.7649272034,93111.6630387377,8573.3841937113,30872.8992189738,14872.8028670910,77391.7547551641,115138.4647392795,35561.6245244474,69136.0562635724,87476.9231131499,38521.3110463581,104336.1154220883,55419.8285332713,95054.1278516277,16968.1386296457,95025.6572685151,106003.1596766243,90123.9177121381,110282.3170666533,106217.6727116124,23173.4635954732,103801.5071106745,43438.3608363952,116804.8683981724,90457.2158711033,51378.6819893309,16637.7832553920,82280.5844981802,33707.9070376064,81282.9543744823,12227.8759155892,50316.1881346031,55064.4624166384,94787.6141205797,86114.1250805713,92537.7502665272,44359.9998692375,62323.6727309919,123374.2801146299,102876.3205452433,104324.7809308480,4190.7399905787,108741.5545453730,83788.4727360182,60305.4922440769,74234.2987684502,84791.5996120409,74359.0752146834,34563.5939197773,57408.6878158969,82710.5417818258,76239.7804065660,64372.3573363423,117911.0267371515,11142.1558085075,53097.7532823033,42904.5065841649,64085.2009479777,61036.6104418959,22907.9646532864,34048.5053724345,83177.3672642143,44366.4140900894,84502.1551375640,64765.0679137664,98103.5193598073,31346.9213373861,93542.3018125900,74259.1679095273,25312.0163841254,27538.9396312468,95062.7512593734,16660.1840337536,73463.7819471969,77743.6216897902,25903.6823364612,50436.7375843149,77696.8086414617,85864.7361441273,16423.1633202464,10614.0030316525,34478.9234567216,30066.0072176131,78929.2062985401,38924.3074268593,83306.6390122919,84829.2787125026,37287.7855017519,91564.4972887516,73043.9515538345,76620.0075337828,77937.5318739010
1305,0,0,0,0,0,0,0,0,0,0,0,0,0,0,0,0,0,0,0,0,0,0,0,0,0,0,0,0,0,0,0,0,0,0,0,0,0,0,0,0,0,0,0,0,0,0,0,0,0,0,0,0,0,0,0,0,0,0,0,0,0,0,0,0,0,0,0,0,0,0,0,0,0,0,0,0,0,0,0,0,0,0,0,0,0,0,0,0,0,0,0,0,0,0,0,0,0,0,0,0,0,0,0,0,0,0,0,0,0,0,0,0,0,0,0,0,0,0,0,0,0,0,0,0,0,0,0,0,0,0,0,0,0,0,0,0,0,0,0,0,0,0,0,0,0,0,0,0,0,0,0,0,0,0,0,0,0,0,0,0,0,0,0,0,0,0,0,0,0,0,0,0,0,0,0,0,0,0,0,0,0,0,0,0,0,0,0,0,0,0,0,0,0,0,0,0,0,0,0,0
1306,0,0,0,0,0,0,0,0,0,0,0,0,0,0,0,0,0,0,0,0,0,0,0,0,0,0,0,0,0,0,0,0,0,0,0,0,0,0,0,0,0,0,0,0,0,0,0,0,0,0,0,0,0,0,0,0,0,0,0,0,0,0,0,0,0,0,0,0,0,0,0,0,0,0,0,0,0,0,0,0,0,0,0,0,0,0,0,0,0,0,0,0,0,0,0,0,0,0,0,0,0,0,0,0,0,0,0,0,0,0,0,0,0,0,0,0,0,0,0,0,0,0,0,0,0,0,0,0,0,0,0,0,0,0,0,0,0,0,0,0,0,0,0,0,0,0,0,0,0,0,0,0,0,0,0,0,0,0,0,0,0,0,0,0,0,0,0,0,0,0,0,0,0,0,0,0,0,0,0,0,0,0,0,0,0,0,0,0,0,0,0,0,0,0,0,0,0,0,0,0
1307,27199.3917486362,134615.3627545258,114535.6422986518,49632.0972581829,65528.8327621266,85313.6605494652,134032.4560872307,67021.7026983048,20524.3384947676,96999.7361783507,30322.2192750242,106990.6758041410,37911.3261186253,99179.7186895058,87975.2378666271,123606.4629362070,3601.5836617136,61873.5524843696,109931.9466351933,70518.9847709131,112029.2918013901,86121.4926690523,81601.8007728869,51188.6823447840,87385.5825262740,15803.4473308889,45894.9912319307,22120.9459442830,78148.4778636145,88956.4579002667,72295.5225281036,120242.7324901443,35890.6637404930,17273.8839102121,25675.0121372556,98971.8385553270,43677.6501014460,97229.9965792259,51822.9280307284,111172.9503505875,126785.6636127862,16617.0638171543,67133.3890721227,80326.7453201564,68331.8976602683,122601.2997685113,14149.1886367940,10263.7883576876,97673.2094448974,39996.8670266579,112287.1653035351,122622.4010478924,49358.2009619259,68728.6539152250,98829.4506296422,87543.0228499084,55050.7564408602,56857.9788846863,36437.1985969406,76746.4852350792,15722.3566606849,82402.1240046299,87730.9734448500,37728.0634065654,38615.7496777896,77125.4212952970,102771.2271671706,95290.3631784378,78267.5427723446,21198.2187144241,64986.2305960872,109386.6881647283,28139.9878859214,89707.5815157288,14388.1227547591,58593.8773582833,125408.4391985707,7514.0998439654,74407.1918496975,26411.7696829613,102558.6603771348,77360.7805857523,75899.5311146759,32500.3990299156,46698.0329954150,7313.1894090454,117967.3776403320,78724.9234752280,59977.8401460209,90551.9937044895,77679.0436249851,96223.9276952706,86490.9694299870,43772.4365361057,58003.0580827137,116711.0541189330,36618.5764144100,85637.5170277578,120033.9843022429,46997.3952235580,70273.5641023831,101439.6785452687,130172.6301367123,70794.9114372533,22033.1487571111,89182.9900015506,68625.2706237994,33561.2362738043,95189.5494489204,91986.2987235313,10357.4271053752,29460.4293122411,12850.7958335343,76649.6002391423,115416.6695683184,37311.9829598208,69660.7880045504,86753.8095121621,39154.5678265426,104227.4092332577,55070.9090863837,94363.6900640728,15292.9602221291,95137.1722544672,106530.1961641633,90033.9782291397,109977.1312519428,106450.8081520691,20924.6771591873,102440.8537403739,43518.8936323417,116786.4272283737,90751.3766435621,52008.2423570598,14118.1822841118,82518.9979472421,32769.6492076962,80971.4939143409,10434.0811694109,50571.4280885410,56281.0335457575,93460.6569253280,84994.4121697486,90922.5848341691,43517.6767446093,62842.3946627761,122966.9299445612,103239.7911971661,103763.5297099884,879.8065376408,108736.8035583024,82103.5046517226,61241.4082390069,72083.4815970843,82725.0612349594,72460.4014999513,35986.5504114510,58085.6056179985,81338.6841633489,75694.3680738218,64355.1713772046,117390.9375989430,9460.6215276078,52471.2905984602,45414.5463124836,63292.2514800911,61303.3215563900,22411.8324691135,33801.7038772451,80931.2624834564,45659.5816282632,84428.4812287149,63098.1316368682,96514.3702911971,31767.8469327610,91597.9442918739,74691.3298401266,22836.4502926375,26548.7139022610,94222.8215771810,16776.9547098929,72265.7327904943,75674.0221119686,26735.8226316679,51550.4840242766,75420.1192174379,85438.6221357212,18300.7584285676,11051.0352582308,32152.1648048181,31289.4785609045,77333.1392242989,37932.2174382800,82468.8555692624,82480.3193905172,35737.3363425968,91173.5780358084,71263.0389575388,75228.4539378162,76824.9242570885
1308,0,0,0,0,0,0,0,0,0,0,0,0,0,0,0,0,0,0,0,0,0,0,0,0,0,0,0,0,0,0,0,0,0,0,0,0,0,0,0,0,0,0,0,0,0,0,0,0,0,0,0,0,0,0,0,0,0,0,0,0,0,0,0,0,0,0,0,0,0,0,0,0,0,0,0,0,0,0,0,0,0,0,0,0,0,0,0,0,0,0,0,0,0,0,0,0,0,0,0,0,0,0,0,0,0,0,0,0,0,0,0,0,0,0,0,0,0,0,0,0,0,0,0,0,0,0,0,0,0,0,0,0,0,0,0,0,0,0,0,0,0,0,0,0,0,0,0,0,0,0,0,0,0,0,0,0,0,0,0,0,0,0,0,0,0,0,0,0,0,0,0,0,0,0,0,0,0,0,0,0,0,0,0,0,0,0,0,0,0,0,0,0,0,0,0,0,0,0,0,0
1309,0,0,0,0,0,0,0,0,0,0,0,0,0,0,0,0,0,0,0,0,0,0,0,0,0,0,0,0,0,0,0,0,0,0,0,0,0,0,0,0,0,0,0,0,0,0,0,0,0,0,0,0,0,0,0,0,0,0,0,0,0,0,0,0,0,0,0,0,0,0,0,0,0,0,0,0,0,0,0,0,0,0,0,0,0,0,0,0,0,0,0,0,0,0,0,0,0,0,0,0,0,0,0,0,0,0,0,0,0,0,0,0,0,0,0,0,0,0,0,0,0,0,0,0,0,0,0,0,0,0,0,0,0,0,0,0,0,0,0,0,0,0,0,0,0,0,0,0,0,0,0,0,0,0,0,0,0,0,0,0,0,0,0,0,0,0,0,0,0,0,0,0,0,0,0,0,0,0,0,0,0,0,0,0,0,0,0,0,0,0,0,0,0,0,0,0,0,0,0,0
1310,0,0,0,0,0,0,0,0,0,0,0,0,0,0,0,0,0,0,0,0,0,0,0,0,0,0,0,0,0,0,0,0,0,0,0,0,0,0,0,0,0,0,0,0,0,0,0,0,0,0,0,0,0,0,0,0,0,0,0,0,0,0,0,0,0,0,0,0,0,0,0,0,0,0,0,0,0,0,0,0,0,0,0,0,0,0,0,0,0,0,0,0,0,0,0,0,0,0,0,0,0,0,0,0,0,0,0,0,0,0,0,0,0,0,0,0,0,0,0,0,0,0,0,0,0,0,0,0,0,0,0,0,0,0,0,0,0,0,0,0,0,0,0,0,0,0,0,0,0,0,0,0,0,0,0,0,0,0,0,0,0,0,0,0,0,0,0,0,0,0,0,0,0,0,0,0,0,0,0,0,0,0,0,0,0,0,0,0,0,0,0,0,0,0,0,0,0,0,0,0
1311,0,0,0,0,0,0,0,0,0,0,0,0,0,0,0,0,0,0,0,0,0,0,0,0,0,0,0,0,0,0,0,0,0,0,0,0,0,0,0,0,0,0,0,0,0,0,0,0,0,0,0,0,0.0000000000,0,0,0,0,0,0,0,0,0,0,0,0,0,0,0,0,0,0,0,0,0,0,0,0,0,0,0,0,0,0,0,0,0,0,0,0,0,0,0,0,0,0,0,0,0,0,0,0,0,0,0,0,0,0,0,0,0,0,0,0,0,0,0,0,0,0,0,0,0,0,0,0,0,0,0,0,0,0,0,0,0,0,0,0,0,0,0,0,0,0,0,0,0,0,0,0,0,0,0,0,0,0,0,0,0,0,0,0,0,0,0,0,0,0,0,0,0,0,0,0,0,0,0,0,0,0,0,0,0,0,0,0,0,0,0,0,0,0,0,0,0,0,0,0,0,0,0
1312,0,0,0,0,0,0,0,0,0,0,0,0,0,0,0,0,0,0,0,0,0,0,0,0,0,0,0,0,0,0,0,0,0,0,0,0,0,0,0,0,0,0,0,0,0,0,0,0,0,0,0,0,0,0,0,0,0,0,0,0,0,0,0,0,0,0,0,0,0,0,0,0,0,0,0,0,0,0,0,0,0,0,0,0,0,0,0,0,0,0,0,0,0,0,0,0,0,0,0,0,0,0,0,0,0,0,0,0,0,0,0,0,0,0,0,0,0,0,0,0,0,0,0,0,0,0,0,0,0,0,0,0,0,0,0,0,0,0,0,0,0,0,0,0,0,0,0,0,0,0,0,0,0,0,0,0,0,0,0,0,0,0,0,0,0,0,0,0,0,0,0,0,0,0,0,0,0,0,0,0,0,0,0,0,0,0,0,0,0,0,0,0,0,0,0,0,0,0,0,0
1313,0,0,0,0,0,0,0,0,0,0,0,0,0,0,0,0,0,0,0,0,0,0,0,0,0,0,0,0,0,0,0,0,0,0,0,0,0,0,0,0,0,0,0,0,0,0,0,0,0,0,0,0,0,0,0,0,0,0,0,0,0,0,0,0,0,0,0,0,0,0,0,0,0,0,0,0,0,0,0,0,0,0,0,0,0,0,0,0,0,0,0,0,0,0,0,0,0,0,0,0,0,0,0,0,0,0,0,0,0,0,0,0,0,0,0,0,0,0,0,0,0,0,0,0,0,0,0,0,0,0,0,0,0,0,0,0,0,0,0,0,0,0,0,0,0,0,0,0,0,0,0,0,0,0,0,0,0,0,0,0,0,0,0,0,0,0,0,0,0,0,0,0,0,0,0,0,0,0,0,0,0,0,0,0,0,0,0,0,0,0,0,0,0,0,0,0,0,0,0,0
1314,0,0,0,0,0,0,0,0,0,0,0,0,0,0,0,0,0,0,0,0,0,0,0,0,0,0,0,0,0,0,0,0,0,0,0,0,0,0,0,0,0,0,0,0,0,0,0,0,0,0,0,0,0,0,0,0,0,0,0,0,0,0,0,0,0,0,0,0,0,0,0,0,0,0,0,0,0,0,0,0,0,0,0,0,0,0,0,0,0,0,0,0,0,0,0,0,0,0,0,0,0,0,0,0,0,0,0,0,0,0,0,0,0,0,0,0,0,0,0,0,0,0,0,0,0,0,0,0,0,0,0,0,0,0,0,0,0,0,0,0,0,0,0,0,0,0,0,0,0,0,0,0,0,0,0,0,0,0,0,0,0,0,0,0,0,0,0,0,0,0,0,0,0,0,0,0,0,0,0,0,0,0,0,0,0,0,0,0,0,0,0,0,0,0,0,0,0,0,0,0
1315,39097.3276276197,124791.1563014931,116949.3810395033,74694.4720634302,54826.1418387730,95201.3263956619,129863.5942213668,67982.8987784228,27156.4085550993,90583.2473966741,16447.2588458262,95177.7793156810,36665.3524017084,97738.0557311938,92816.0673472153,116531.0529857606,13350.1271516569,56995.4215510036,100775.8326235067,77998.4983314477,107762.6312712203,76925.3302045475,78330.2866150456,37734.2479792497,88762.2136297686,31532.8948503306,37209.4100673353,26981.0654028553,71792.8347108774,96369.3435230318,76509.3162207102,109649.8797536662,42695.4797348384,471.1862374727,19689.0720375051,101776.7775600141,28304.5845114375,93470.0479963053,51421.7180339132,105006.8839131851,121292.0703496524,14967.3439447289,59136.5737492210,79734.4134253001,66049.8140167240,113751.3945847544,26705.2974397751,20857.8847356567,89156.1058630498,27863.3089046049,104564.3337370875,118956.6566507185,44047.2115068178,78277.4478531639,99797.8926333667,82374.2352357285,43710.7009962038,48175.1967791741,30434.8414705269,66765.5737643038,9198.9390549381,85671.6429623952,80333.3732522731,48960.3159088122,41544.6445021635,78550.6851527539,97567.6398059124,101168.3220329894,86786.0630661638,35749.8003468060,70805.6764444200,98592.1450213070,27211.6157155007,88615.2170229798,17531.9220606505,56139.5510005799,115557.3717815629,22993.0263141928,69775.8733808081,34703.4044032388,95072.7497652889,87850.0200873949,67887.6306384630,22572.9279013951,44224.7193947342,12031.9180711231,112815.2329341539,85683.8585176283,59903.4731632823,93287.2146024331,83041.7148315213,100747.5644834612,95124.1295796310,29702.0441612864,51402.2499213842,106920.1528115460,20947.5732413474,91777.5520804373,113882.3414183392,35665.1495487781,63831.4213110219,98775.7240616126,121057.1644312069,70114.3442237408,9773.8443484723,85556.3104908862,71499.1007709725,43129.2762540208,90104.8104514787,92258.8523917383,8900.6595654109,33947.2456002210,18724.6460685516,74579.6520594372,106811.7674481830,22525.5075001120,60152.8207988888,84399.2265062124,29947.7932241362,97883.9283908557,51035.0543933516,91699.9300825901,23478.3904938768,87606.3242272552,96659.6773296768,83719.9071499084,104754.7525503924,98148.8305039662,32069.2413472864,104266.4057388745,37344.6169919532,109827.4838472658,82242.7665368793,42298.3755138135,29276.5654947586,74408.8671498392,33830.7295522576,76107.3373141748,25784.8658122124,43039.8005162372,43484.9197683318,95139.5562525025,85322.3468980678,94774.3862779701,43165.4306212633,53484.9846955778,118271.9326082664,94252.1667264128,100176.0818410694,16101.2221825626,101754.9349732479,86608.8872065332,49724.2825881650,80665.7741088027,90401.0221278591,78825.5604426394,22648.2823240444,47968.1030056372,83506.1548306547,72376.4605059898,58029.3078077583,113431.3748383180,19254.4369846791,50293.1901856167,68553.3803273692,61848.2624793206,53391.2343603476,22185.1062763107,30365.7517767405,90345.5829035546,32684.3597721978,78087.2924529978,67804.5094784040,100104.1828772020,24411.8390278737,98105.0674214573,65612.2842549936,36021.1651843049,28650.9914096669,92536.6728081597,14655.7085753988,73356.2535458749,83463.2965234531,17484.0058977577,39320.1246604836,85208.6263713374,81216.3159655523,471.1862374727,10928.2444037479,43342.2628623348,19231.5011984023,81225.9718838848,38919.8904790541,80928.9915477607,93001.8422089160,40659.5661900597,86659.1407892726,76693.2317947815,77640.2141974414,77235.8002377208
1316,0,0,0,0,0,0,0,0,0,0,0,0,0,0,0,0,0,0,0,0,0,0,0,0,0,0,0,0,0,0,0,0,0,0,0,0,0,0,0,0,0,0,0,0,0,0,0,0,0,0,0,0,0,0,0,0,0,0,0,0,0,0,0,0,0,0,0,0,0,0,0,0,0,0,0,0,0,0,0,0,0,0,0,0,0,0,0,0,0,0,0,0,0,0,0,0,0,0,0,0,0,0,0,0,0,0,0,0,0,0,0,0,0,0,0,0,0,0,0,0,0,0,0,0,0,0,0,0,0,0,0,0,0,0,0,0,0,0,0,0,0,0,0,0,0,0,0,0,0,0,0,0,0,0,0,0,0,0,0,0,0,0,0,0,0,0,0,0,0,0,0,0,0,0,0,0,0,0,0,0,0,0,0,0,0,0,0,0,0,0,0,0,0,0,0,0,0,0,0,0
1317,0,0,0,0,0,0,0,0,0,0,0,0,0,0,0,0,0,0,0,0,0,0,0,0,0,0,0,0,0,0,0,0,0,0,0,0,0,0,0,0,0,0,0,0,0,0,0,0,0,0,0,0,0,0,0,0,0,0,0,0,0,0,0,0,0,0,0,0,0,0,0,0,0,0,0,0,0,0,0,0,0,0,0,0,0,0,0,0,0,0,0,0,0,0,0,0,0,0,0,0,0,0,0,0,0,0,0,0,0,0,0,0,0,0,0,0,0,0,0,0,0,0,0,0,0,0,0,0,0,0,0,0,0,0,0,0,0,0,0,0,0,0,0,0,0,0,0,0,0,0,0,0,0,0,0,0,0,0,0,0,0,0,0,0,0,0,0,0,0,0,0,0,0,0,0,0,0,0,0,0,0,0,0,0,0,0,0,0,0,0,0,0,0,0,0,0,0,0,0,0
1318,0,0,0,0,0,0,0,0,0,0,0,0,0,0,0,0,0,0,0,0,0,0,0,0,0,0,0,0,0,0,0,0,0,0,0,0,0,0,0,0,0,0,0,0,0,0,0,0,0,0,0,0,0,0,0,0,0,0,0,0,0,0,0,0,0,0,0,0,0,0,0,0,0,0,0,0,0,0,0,0,0,0,0,0,0,0,0,0,0,0,0,0,0,0,0,0,0,0,0,0,0,0,0,0,0,0,0,0,0,0,0,0,0,0,0,0,0,0,0,0,0,0,0,0,0,0,0,0,0,0,0,0,0,0,0,0,0,0,0,0,0,0,0,0,0,0,0,0,0,0,0,0,0,0,0,0,0,0,0,0,0,0,0,0,0,0,0,0,0,0,0,0,0,0,0,0,0,0,0,0,0,0,0,0,0,0,0,0,0,0,0,0,0,0,0,0,0,0,0,0
1319,0,0,0,0,0,0,0,0,0,0,0,0,0,0,0,0,0,0,0,0,0,0,0,0,0,0,0,0,0,0,0,0,0,0,0,0,0,0,0,0,0,0,0,0,0,0,0,0,0,0,0,0,0,0,0,0,0,0,0,0,0,0,0,0,0,0,0,0,0,0,0,0,0,0,0,0,0,0,0,0,0,0,0,0,0,0,0,0,0,0,0,0,0,0,0,0,0,0,0,0,0,0,0,0,0,0,0,0,0,0,0,0,0,0,0,0,0,0,0,0,0,0,0,0,0,0,0,0,0,0,0,0,0,0,0,0,0,0,0,0,0,0,0,0,0,0,0,0,0,0,0,0,0,0,0,0,0,0,0,0,0,0,0,0,0,0,0,0,0,0,0,0,0,0,0,0,0,0,0,0,0,0,0,0,0,0,0,0,0,0,0,0,0,0,0,0,0,0,0,0
1320,0,0,0,0,0,0,0,0,0,0,0,0,0,0,0,0,0,0,0,0,0,0,0,0,0,0,0,0,0,0,0,0,0,0,0,0,0,0,0,0,0,0,0,0,0,0,0,0,0,0,0,0,0,0,0,0,0,0,0,0,0,0,0,0,0,0,0,0,0,0,0,0,0,0,0,0,0,0,0,0,0,0,0,0,0,0,0,0,0,0,0,0,0,0,0,0,0,0,0,0,0,0,0,0,0,0,0,0,0,0,0,0,0,0,0,0,0,0,0,0,0,0,0,0,0,0,0,0,0,0,0,0,0,0,0,0,0,0,0,0,0,0,0,0,0,0,0,0,0,0,0,0,0,0,0,0,0,0,0,0,0,0,0,0,0,0,0,0,0,0,0,0,0,0,0,0,0,0,0,0,0,0,0,0,0,0,0,0,0,0,0,0,0,0,0,0,0,0,0,0
1321,30409.4301095676,116330.5706222259,102962.9264450351,49962.0384324924,47379.2964161698,83155.8152866382,117491.3960932848,54036.3688832558,36912.2432181744,79357.5341334372,16519.9916345511,88996.7240882021,22822.8901067037,84300.1892840668,78993.8469303591,105797.1059069942,12991.9572252186,44707.0546560630,91678.2138080640,64952.8468959772,95392.1694814073,67848.7858145107,65433.0862866315,34829.2915021889,74814.1831274463,31474.9506435371,27607.8336104238,14729.6134767872,60464.0230374999,83171.5875538394,62642.1945102030,101984.9998475605,30087.0305732190,16450.9812619959,14855.7595622697,87783.7413924269,31343.2058314536,80832.0043925505,37572.0535675134,93658.0600011461,109579.6740237805,27313.0525899996,48967.4355044470,66043.4880614670,52736.6599233304,104390.5588534697,20817.8105089951,26430.7771864452,79486.3149754132,23000.3215199944,94280.5832086962,106341.8202967469,31869.1986964413,66215.2492365680,85902.3043990069,70382.1918241069,37174.7348177109,38583.5489454547,18476.7286146021,58472.7499126069,6992.9342196889,71699.1745409622,69758.0914716301,38916.7939253412,27722.5641193756,64587.1390636661,85643.6848138097,87517.2792487140,74098.3931261365,30892.3349340176,57286.6754723700,91159.4670919942,13223.5100087232,75062.9707186656,7592.2863103822,42813.3426618064,107122.2190825681,22406.9348409493,57445.0349902029,23527.7793630298,84595.9558122638,76257.4130826538,57756.9795433194,14697.0013472639,30783.5112585725,20795.3282367907,100899.9930174178,72395.2907489106,46048.4486906653,79294.4803567797,69344.9964171429,86865.4668317840,82424.1447243525,28553.3539756139,40124.6601939819,98425.0328956023,26644.2739754220,78221.5532316447,102542.1667948932,29259.5280097719,52522.2145680284,85722.6786105709,111934.2226226856,56407.1167835980,11520.1381495201,72833.9799246582,57521.8612493963,32123.8273381106,78094.7488704570,78444.3333736368,11856.4460989687,20805.5809378453,28202.3604537778,61244.4198613481,97235.7398930976,23990.8404427320,51374.1528823119,71194.5381513519,20937.7790773903,86630.0674819101,38276.5370199488,78625.8467184578,14572.2167301542,77147.7160166888,88243.0553919734,72408.2901816647,92859.3518822396,88311.5926815203,23564.9369405760,90300.8345833168,25626.1242526548,99002.9570942915,72556.1326712306,33763.4052444489,26575.3761390729,64374.5571013980,19871.4098714827,63927.2603386501,27948.8968473798,32410.5014384700,39189.2653499931,81176.3976066106,71485.5929445772,80831.6130087438,29255.2650325945,44555.7042258397,106131.4396302673,84997.8378360296,87484.3725629085,19153.4969129986,90931.5236139055,72753.0018654672,43362.3704813125,68066.2320912676,77333.7149392976,65399.5984911757,20494.4816565841,39866.6745414815,69515.5684618001,59468.9953426218,46609.7029329374,100933.2410747512,13971.8387924840,36829.5996445659,47537.8567620649,48272.6331435077,43130.6806247867,15160.6992077526,16996.1199426795,78074.9683276562,29061.4157956310,66773.8439065674,54054.4283399281,86137.5188364227,13484.6353030804,84619.3301001019,56416.3989956100,29123.0968394738,15024.3219185867,79152.8878789948,1911.4107757527,59409.2953478629,70491.0326977923,18311.9147689746,34182.9073395078,73202.5834411583,68741.7884574902,11889.6980435003,7300.0153067504,33615.2387203175,15067.0909110682,67308.7206818712,24929.7896342709,67466.9356074603,81375.9246421755,27367.9510879880,74345.5405542993,63041.2645276448,63647.1113711323,63369.2743221435
1322,0,0,0,0,0,0,0,0,0,0,0,0,0,0,0,0,0,0,0,0,0,0,0,0,0,0,0,0,0,0,0,0,0,0,0,0,0,0,0,0,0,0,0,0,0,0,0,0,0,0,0,0,0,0,0,0,0,0,0,0,0,0,0,0,0,0,0,0,0,0,0,0,0,0,0,0,0,0,0,0,0,0,0,0,0,0,0,0,0,0,0,0,0,0,0,0,0,0,0,0,0,0,0,0,0,0,0,0,0,0,0,0,0,0,0,0,0,0,0,0,0,0,0,0,0,0,0,0,0,0,0,0,0,0,0,0,0,0,0,0,0,0,0,0,0,0,0,0,0,0,0,0,0,0,0,0,0,0,0,0,0,0,0,0,0,0,0,0,0,0,0,0,0,0,0,0,0,0,0,0,0,0,0,0,0,0,0,0,0,0,0,0,0,0,0,0,0,0,0,0
1323,0,0,0,0,0,0,0,0,0,0,0,0,0,0,0,0,0,0,0,0,0,0,0,0,0,0,0,0,0,0,0,0,0,0,0,0,0,0,0,0,0,0,0,0,0,0,0,0,0,0,0,0,0,0,0,0,0,0,0,0,0,0,0,0,0,0,0,0,0,0,0,0,0,0,0,0,0,0,0,0,0,0,0,0,0,0,0,0,0,0,0,0,0,0,0,0,0,0,0,0,0,0,0,0,0,0,0,0,0,0,0,0,0,0,0,0,0,0,0,0,0,0,0,0,0,0,0,0,0,0,0,0,0,0,0,0,0,0,0,0,0,0,0,0,0,0,0,0,0,0,0,0,0,0,0,0,0,0,0,0,0,0,0,0,0,0,0,0,0,0,0,0,0,0,0,0,0,0,0,0,0,0,0,0,0,0,0,0,0,0,0,0,0,0,0,0,0,0,0,0
1324,0,0,0,0,0,0,0,0,0,0,0,0,0,0,0,0,0,0,0,0,0,0,0,0,0,0,0,0,0,0,0,0,0,0,0,0,0,0,0,0,0,0,0,0,0,0,0,0,0,0,0,0,0,0,0,0,0,0,0,0,0,0,0,0,0,0,0,0,0,0,0,0,0,0,0,0,0,0,0,0,0,0,0,0,0,0,0,0,0,0,0,0,0,0,0,0,0,0,0,0,0,0,0,0,0,0,0,0,0,0,0,0,0,0,0,0,0,0,0,0,0,0,0,0,0,0,0,0,0,0,0,0,0,0,0,0,0,0,0,0,0,0,0,0,0,0,0,0,0,0,0,0,0,0,0,0,0,0,0,0,0,0,0,0,0,0,0,0,0,0,0,0,0,0,0,0,0,0,0,0,0,0,0,0,0,0,0,0,0,0,0,0,0,0,0,0,0,0,0,0
1325,0,0,0,0,0,0,0,0,0,0,0,0,0,0,0,0,0,0,0,0,0,0,0,0,0,0,0,0,0,0,0,0,0,0,0,0,0,0,0,0,0,0,0,0,0,0,0,0,0,0,0,0,0,0,0,0,0,0,0,0,0,0,0,0,0,0,0,0,0,0,0,0,0,0,0,0,0,0,0,0,0,0,0,0,0,0,0,0,0,0,0,0,0,0,0,0,0,0,0,0,0,0,0,0,0,0,0,0,0,0,0,0,0,0,0,0,0,0,0,0,0,0,0,0,0,0,0,0,0,0,0,0,0,0,0,0,0,0,0,0,0,0,0,0,0,0,0,0,0,0,0,0,0,0,0,0,0,0,0,0,0,0,0,0,0,0,0,0,0,0,0,0,0,0,0,0,0,0,0,0,0,0,0,0,0,0,0,0,0,0,0,0,0,0,0,0,0,0,0,0
1326,0,0,0,0,0,0,0,0,0,0,0,0,0,0,0,0,0,0,0,0,0,0,0,0,0,0,0,0,0,0,0,0,0,0,0,0,0,0,0,0,0,0,0,0,0,0,0,0,0,0,0,0,0,0,0,0,0,0,0,0,0,0,0,0,0,0,0,0,0,0,0,0,0,0,0,0,0,0,0,0,0,0,0,0,0,0,0,0,0,0,0,0,0,0,0,0,0,0,0,0,0,0,0,0,0,0,0,0,0,0,0,0,0,0,0,0,0,0,0,0,0,0,0,0,0,0,0,0,0,0,0,0,0,0,0,0,0,0,0,0,0,0,0,0,0,0,0,0,0,0,0,0,0,0,0,0,0,0,0,0,0,0,0,0,0,0,0,0,0,0,0,0,0,0,0,0,0,0,0,0,0,0,0,0,0,0,0,0,0,0,0,0,0,0,0,0,0,0,0,0
1327,0,0,0,0,0,0,0,0,0,0,0,0,0,0,0,0,0,0,0,0,0,0,0,0,0,0,0,0,0,0,0,0,0,0,0,0,0,0,0,0,0,0,0,0,0,0,0,0,0,0,0,0,0,0,0,0,0,0,0,0,0,0,0,0,0,0,0,0,0,0,0,0,0,0,0,0,0,0,0,0,0,0,0,0,0,0,0,0,0,0,0,0,0,0,0,0,0,0,0,0,0,0,0,0,0,0,0,0,0,0,0,0,0,0,0,0,0,0,0,0,0,0,0,0,0,0,0,0,0,0,0,0,0,0,0,0,0,0,0,0,0,0,0,0,0,0,0,0,0,0,0,0,0,0,0,0,0,0,0,0,0,0,0,0,0,0,0,0,0,0,0,0,0,0,0,0,0,0,0,0,0,0,0,0,0,0,0,0,0,0,0,0,0,0,0,0,0,0,0,0
1328,0,0,0,0,0,0,0,0,0,0,0,0,0,0,0,0,0,0,0,0,0,0,0,0,0,0,0,0,0,0,0,0,0,0,0,0,0,0,0,0,0,0,0,0,0,0,0,0,0,0,0,0,0,0,0,0,0,0,0,0,0,0,0,0,0,0,0,0,0,0,0,0,0,0,0,0,0,0,0,0,0,0,0,0,0,0,0,0,0,0,0,0,0,0,0,0,0,0,0,0,0,0,0,0,0,0,0,0,0,0,0,0,0,0,0,0,0,0,0,0,0,0,0,0,0,0,0,0,0,0,0,0,0,0,0,0,0,0,0,0,0,0,0,0,0,0,0,0,0,0,0,0,0,0,0,0,0,0,0,0,0,0,0,0,0,0,0,0,0,0,0,0,0,0,0,0,0,0,0,0,0,0,0,0,0,0,0,0,0,0,0,0,0,0,0,0,0,0,0,0
1329,0,0,0,0,0,0,0,0,0,0,0,0,0,0,0,0,0,0,0,0,0,0,0,0,0,0,0,0,0,0,0,0,0,0,0,0,0,0,0,0,0,0,0,0,0,0,0,0,0,0,0,0,0,0,0,0,0,0,0,0,0,0,0,0,0,0,0,0,0,0,0,0,0,0,0,0,0,0,0,0,0,0,0,0,0,0,0,0,0,0,0,0,0,0,0,0,0,0,0,0,0,0,0,0,0,0,0,0,0,0,0,0,0,0,0,0,0,0,0,0,0,0,0,0,0,0,0,0,0,0,0,0,0,0,0,0,0,0,0,0,0,0,0,0,0,0,0,0,0,0,0,0,0,0,0,0,0,0,0,0,0,0,0,0,0,0,0,0,0,0,0,0,0,0,0,0,0,0,0,0,0,0,0,0,0,0,0,0,0,0,0,0,0,0,0,0,0,0,0,0
1330,0,0,0,0,0,0,0,0,0,0,0,0,0,0,0,0,0,0,0,0,0,0,0,0,0,0,0,0,0,0,0,0,0,0,0,0,0,0,0,0,0,0,0,0,0,0,0,0,0,0,0,0,0,0,0,0,0,0,0,0,0,0,0,0,0,0,0,0,0,0,0,0,0,0,0,0,0,0,0,0,0,0,0,0,0,0,0,0,0,0,0,0,0,0,0,0,0,0,0,0,0,0,0,0,0,0,0,0,0,0,0,0,0,0,0,0,0,0,0,0,0,0,0,0,0,0,0,0,0,0,0,0,0,0,0,0,0,0,0.0000000000,0,0,0,0,0,0,0,0,0,0,0,0,0,0,0,0,0,0,0,0,0,0,0,0,0,0,0,0,0,0,0,0,0,0,0,0,0,0,0,0,0,0,0,0,0,0,0,0,0,0,0,0,0,0,0,0,0,0,0,0,0
1331,0,0,0,0,0,0,0,0,0,0,0,0,0,0,0,0,0,0,0,0,0,0,0,0,0,0,0,0,0,0,0,0,0,0,0,0,0,0,0,0,0,0,0,0,0,0,0,0,0,0,0,0,0,0,0,0,0,0,0,0,0,0,0,0,0,0,0,0,0,0,0,0,0,0,0,0,0,0,0,0,0,0,0,0,0,0,0,0,0,0,0,0,0,0,0,0,0,0,0,0,0,0,0,0,0,0,0,0,0,0,0,0,0,0,0,0,0,0,0,0,0,0,0,0,0,0,0,0,0,0,0,0,0,0,0,0,0,0,0,0,0,0,0,0,0,0,0,0,0,0,0,0,0,0,0,0,0,0,0,0,0,0,0,0,0,0,0,0,0,0,0,0,0,0,0,0,0,0,0,0,0,0,0,0,0,0,0,0,0,0,0,0,0,0,0,0,0,0,0,0
1332,60769.4739229380,84669.8967796233,99305.0641989103,56745.9705772608,14940.4125020145,100075.5008421674,97004.0769384079,53823.8755060528,67638.5141527457,55428.0241328870,24349.4394901749,54819.8978476772,32714.9401163083,72557.1285935683,83971.6738794334,79308.4181349726,47358.2177227603,30866.4050369613,61343.0491702461,78552.3637213955,75687.3758464547,37990.5522051418,51261.6839257839,14768.0278507161,71557.5276068689,66249.8147133243,12765.2058644115,43353.8316723846,38499.2545217072,94017.1013363138,68744.4694424381,69244.4623183528,52251.7699022984,41217.0068835837,28368.4923334700,86540.1849653230,22492.0713343445,63466.1332875430,39734.7815079290,69564.5095321866,86393.0552668101,54934.7657229269,24132.0772279928,59032.0510234692,44020.1558052500,74448.8789677738,54625.3499416144,59841.9465301381,50698.8683158614,12638.5071360771,66737.8760656281,87487.2514146292,23446.2304437623,84454.8086794500,80180.9712320734,50405.9563329061,1309.4060437591,14623.0689693029,22295.9789469541,27229.7116330004,36645.8699270276,73785.4487279610,44065.4537441668,65985.3006242797,43371.4232236882,63184.7038823398,64268.3422579551,94052.2280574485,88779.8041484381,64425.9572932945,68447.3069000354,58154.5184765894,33600.6181800551,65317.1849239092,41604.8605743201,36930.6044118477,75460.8120735535,57179.4554447326,40894.5178439765,51383.8370183022,57888.7152134049,95387.5857722519,31542.2543698504,20082.0909612911,31316.2220594849,52077.1423893434,78822.0634909962,83548.5775231546,45541.6511819207,78903.1356868410,77067.5216602620,90073.8813908519,96355.5379295351,14103.5627027450,22644.9343024114,66910.4638930928,28199.2014629790,86540.7525388673,78136.8087244702,9390.7276626791,31676.2070419962,70710.6283801652,81448.4977840526,51183.0432618430,31543.0662318350,56666.7906644373,61375.3918301454,58362.5738927884,57585.1917420398,71820.1365843283,43151.1547035787,44091.4571381097,59157.4864063923,51133.2503762368,67854.0386042477,21284.6297574446,21739.4297948006,58634.7052240644,15082.2890481862,62457.3088488109,29810.0369316038,64321.5984195451,47519.0050789047,50677.2750611292,56674.3446309265,49247.5910249868,71008.2600964413,59721.6677580147,55165.2681691082,86299.9297817030,20249.3372228686,72948.7063303623,44046.5370834616,8877.9644299695,61105.4418563623,37291.0092937078,37363.6921667700,45605.1291548000,62509.1295090596,16444.3732962191,3622.6641087823,77835.2515126758,65999.3873905257,83075.4578679690,36335.8751502761,16338.0938521806,84882.8268911540,55099.7496477800,69987.9152097681,53137.6799638470,65103.4938709113,77792.2562987580,9273.2888028251,83765.8124731454,89545.3420306944,76253.2376500021,18152.5474704795,10207.8945709192,69142.1652211982,46242.4470497391,27616.4121204221,81656.3681114338,48570.3600722281,34524.3627353521,58004.1709097104,43251.4630002046,20086.4503805480,35910.6046105424,28046.0717115516,94410.4572872985,8733.5759435649,44076.7466476229,63305.4174495144,87070.3822667437,22769.4296851678,93052.1353866009,27475.8161411630,61444.9295368322,38920.3558162561,67338.5282510054,36843.0971469606,58214.8430331429,83935.7330100335,25745.2422770314,707.5004319691,91034.0902528243,51498.5518783295,36612.2040027273,41486.4168041150,62021.3360418229,21420.5840463971,71719.3750893727,38210.5539966847,57665.7267580167,100026.3781783455,47317.1071041278,55665.5261924936,72064.0586586882,64985.4988347034,59538.0020156315
1333,8407.2567704898,136114.7364714179,101238.3908042746,69230.5330659361,70709.7830265989,66312.4936795150,127784.5022651188,57050.0307389970,35735.4362932984,94624.6461170274,43445.0599780893,112246.8085618882,34718.6040674973,90497.4225786508,72868.6057953428,121361.1521064898,19965.3582567585,59544.8464983958,110965.0843026556,53466.7484894844,106395.1257969534,88022.8537326445,75863.4164119960,61531.8723235675,75898.1783988921,13723.6042341475,50290.9610296906,17701.1966300206,76552.6146688573,71569.6119418181,58358.8617028659,123213.4477151167,22469.4482654389,35423.0251018397,32080.4979226216,85607.7781137830,58166.7678390982,91423.4666278780,44987.2445789454,108013.1512092791,122365.0129794449,36106.7952078958,68440.5724346546,71402.3596120402,62192.9023204030,122880.4440852156,8530.1193192378,23305.0756148974,98158.6176792538,49563.9885756686,111210.9006159290,115982.5802571980,49027.0555228675,50111.4592291163,87418.3390637832,83918.6973131732,61932.8290598426,59952.2665450340,39383.0394249115,80224.1254504321,28229.0195702241,69051.6983569947,87050.7971147125,18743.5954391271,29835.9921106576,66021.6122834279,98605.5226548303,79072.5119318582,60214.0356705421,4224.2235212233,49720.7628042442,112924.6219489907,27867.2493363668,80954.8310738940,19570.8071836225,53528.9984154237,127121.4006307728,13157.4871647938,70799.2865926926,13809.2845149936,101439.9687200375,58116.2672247361,76655.9542616919,40812.1442773393,43228.5152973143,27770.2601830342,113306.0352837694,61911.2077824099,51827.2335119723,77491.5279715771,62366.7827158073,81224.8853388105,68241.9234097437,55680.9413744710,58263.5707223059,118520.2887463873,52464.1304204495,69383.1802483972,116627.8517296076,54656.6726104010,69288.7716576219,94142.4090803659,130686.8732143544,62524.5840137256,35942.9855991966,83528.0126986504,56341.4206100953,16812.3977839834,91138.1674133182,81569.5068182902,27415.6954416211,21409.7968325768,30727.6697330255,69701.4010429251,115507.9405490158,50955.9417236106,72869.9189033097,79638.1086744038,45277.8004514188,101509.1011393066,52386.6279912958,87312.3015797965,12845.6793491710,94338.0367941423,108717.4727016421,87798.0130392502,105616.6916334050,106351.4236824976,7550.6251652628,90010.0285939011,45193.8977240167,114542.9910997864,91482.4029895043,56959.6230836258,7782.8381697553,83058.3476981406,28152.0771100326,77278.9287164512,17347.3688864726,52875.5454175540,65222.8904720172,81436.2547110936,74783.9842173011,76707.2231697746,37944.7826500375,66323.6207856910,117604.7773932736,104218.7558229522,97522.9148927162,20079.9353939851,106740.5294259396,67494.1450192137,67902.8430490869,54093.6283311584,65235.4987084314,56359.6522208690,47639.6454755689,63001.7333040328,69215.5550824527,70346.2813388311,63672.0521867461,111235.6071884499,14273.9335516419,47775.8988324574,65140.8951445962,56523.8819395944,62965.1074569884,24375.7188161441,34448.5650423270,62240.0551322048,55733.1294483402,82483.6266458739,49112.3705118928,82417.5750587433,37482.6463926404,74905.4516674435,76994.1800685795,341.1410271964,23200.3662170615,86000.3977593352,24872.7409977849,61807.0465323986,58232.5105115700,35940.9956373090,60008.4719023868,56564.2216101038,80702.4751834612,34347.6433960703,23447.1724468431,13595.0811810102,42174.4660129979,63520.7006053958,31875.6166313744,74568.1096002804,63188.9049867579,24968.0890233915,86552.5635371760,56116.1541850902,63109.1722977173,66903.2782738600
1334,33432.8223985680,126639.2524570889,114002.1314714430,42658.2067416012,56942.1901934347,90092.0193558733,129308.0428066579,65348.4428903595,25493.0303891056,90857.3757380379,20181.4755577586,97965.7666537146,34453.6663001684,96079.0067529231,89049.0084891201,117142.0300558008,7485.4990765896,56469.2161002148,102279.7557191181,73441.7014441249,107203.6453668560,78391.0455838539,77288.9462959279,41320.7115945785,86084.1098668213,26100.6105630418,38182.1318858713,22523.8272120411,71973.2414523318,91880.4556710229,72873.0367038544,111845.5080706139,38082.1042178025,10776.4205447097,18874.6580813151,98667.8031919690,33320.9473223109,92674.3073633212,49126.2310129502,105212.1456933545,121251.8056688566,15517.3748517322,59974.0335052623,77703.0525155153,64565.4326357424,115137.2807322218,20887.6798019824,16774.3782505719,90343.7257322110,30571.3614196355,105433.1420856103,118185.9716158152,43574.1912671624,73211.1615807612,97293.0333118801,82103.3945357910,46100.8663748147,49257.1624714336,30026.3095891351,68571.3093517232,10482.4854648565,82364.7356321509,80997.2387507884,43449.9548979818,38005.6848368006,75815.2521726804,97358.7677942451,97117.8560914240,81988.3381212396,29888.6206836798,66672.3631150370,100870.8116577837,24610.4596275479,86799.3097788428,12947.2535927393,54646.5615323136,117406.9072088116,17325.2201039557,69230.8145279954,29628.2948232284,95817.3893533125,82594.5858489831,68776.2381205952,23920.9594768217,42606.9060980758,9297.6505511830,112620.7431154718,81290.3264798594,57570.7031614815,90176.5258582956,79089.3702526787,97097.4367126502,90315.9801262697,33665.5215940545,51561.7220990940,108729.3262352856,26354.4493741768,87628.7428694417,114099.5475015568,37991.1317820690,64008.4268678224,97574.3715818928,122573.8313092918,68065.8234614896,11958.7203997427,84682.0037517813,68255.2799282124,37891.9619965126,89826.1204695126,89970.7419316423,0.0000000000,29798.8045023796,16735.6672105479,73063.7718264886,108075.8704402442,27006.0942185786,61702.4147360767,83033.4249990040,31071.2754492822,98146.8250551296,50113.4311071187,90476.9267435363,18142.9278859852,88351.0369056084,98489.3228517508,83929.3934819492,104571.3438753146,99260.4604587817,26450.8061423059,101484.7247056072,37150.6007189288,110376.7907817610,83407.8571017111,43831.8492285725,23484.3359513614,75368.1062799010,30737.3445475892,75687.1332439383,20717.9275522638,43535.7546980271,46692.8933709155,92381.2203878250,82990.0567456302,91314.6699744924,40746.3797588758,54926.5629649315,117904.5170567515,95665.7917839504,99332.4591448656,10876.8570781717,102297.4834311661,82923.3039434154,52242.2538311910,75836.3159649204,85828.3306800721,74572.7348203018,26064.7163195400,49749.5576857850,80545.6771268025,71324.6685997923,58120.0531044694,112764.0659713440,13529.1433368429,48638.0593025980,39232.7451571254,60023.0381407093,54153.2668595662,19079.8889871914,28850.6530929543,85337.7972635759,35944.9300772872,78287.9154635306,63977.6252624724,96741.0072618051,24470.9221839207,93868.6058065093,66982.3336916283,30204.1450122996,25060.3513120351,90951.1925386381,11595.7607667363,70708.3154928883,78842.6304405741,18275.4718070230,42178.0938942257,80103.5614401642,80559.8214780005,9991.3969920746,12400.0139934321,37809.0844410601,21762.7115066547,77707.6294020347,35963.2174418614,79246.1545938112,87747.7414051631,36517.9730885340,86139.3069903911,72697.1414423192,74575.1697301097,74840.0197022537
1335,0,0,0,0,0,0,0,0,0,0,0,0,0,0,0,0,0,0,0,0,0,0,0,0,0,0,0,0,0,0,0,0,0,0,0,0,0,0,0,0,0,0,0,0,0,0,0,0,0,0,0,0,0,0,0,0,0,0,0,0,0,0,0,0,0,0,0,0,0,0,0,0,0,0,0,0,0,0,0,0,0,0,0,0,0,0,0,0,0,0,0,0,0,0,0,0,0,0,0,0,0,0,0,0,0,0,0,0,0,0,0,0,0,0,0,0,0,0,0,0,0,0,0,0,0,0,0,0,0,0,0,0,0,0,0,0,0,0,0,0,0,0,0,0,0,0,0,0,0,0.0000000000,0,0,0,0,0,0,0,0,0,0,0,0,0,0,0,0,0,0,0,0,0,0,0,0,0,0,0,0,0,0,0,0,0,0,0,0,0,0,0,0,0,0,0,0,0,0,0,0,0,0
1336,0,0,0,0,0,0,0,0,0,0,0,0,0,0,0,0,0,0,0,0,0,0,0,0,0,0,0,0,0,0,0,0,0,0,0,0,0,0,0,0,0,0,0,0,0,0,0,0,0,0,0,0,0,0,0,0,0,0,0,0,0,0,0,0,0,0,0,0,0,0,0,0,0,0,0,0,0,0,0,0,0,0,0,0,0,0,0,0,0,0,0,0,0,0,0,0,0,0,0,0,0,0,0,0,0,0,0,0,0,0,0,0,0,0,0,0,0,0,0,0,0,0,0,0,0,0,0,0,0,0,0,0,0,0,0,0,0,0,0,0,0,0,0,0,0,0,0,0,0,0,0,0,0,0,0,0,0,0,0,0,0,0,0,0,0,0,0,0,0,0,0,0,0,0,0,0,0,0,0,0,0,0,0,0,0,0,0,0,0,0,0,0,0,0,0,0,0,0,0,0
1337,0,0,0,0,0,0,0,0,0,0,0,0,0,0,0,0,0,0,0,0,0,0,0,0,0,0,0,0,0,0,0,0,0,0,0,0,0,0,0,0,0,0,0,0,0,0,0,0,0,0,0,0,0,0,0,0,0,0,0,0,0,0,0,0,0,0,0,0,0,0,0,0,0,0,0,0,0,0,0,0,0,0,0,0,0,0,0,0,0,0,0,0,0,0,0,0,0,0,0,0,0,0,0,0,0,0,0,0,0,0,0,0,0,0,0,0,0,0,0,0,0,0,0,0,0,0,0,0,0,0,0,0,0,0,0,0,0,0,0,0,0,0,0,0,0,0,0,0,0,0,0,0,0,0,0,0,0,0,0,0,0,0,0,0,0,0,0,0,0,0,0,0,0,0,0,0,0,0,0,0,0,0,0,0,0,0,0,0,0,0,0,0,0,0,0,0,0,0,0,0
1338,0,0,0,0,0,0,0,0,0,0,0,0,0,0,0,0,0,0,0,0,0,0,0,0,0,0,0,0,0,0,0,0,0,0,0,0,0,0,0,0,0,0,0,0,0,0,0,0,0,0,0,0,0,0,0,0,0,0,0,0,0,0,0,0,0,0,0,0,0,0,0,0,0,0,0,0,0,0,0,0,0,0,0,0,0,0,0,0,0,0,0,0,0,0,0,0,0,0,0,0,0,0,0,0,0,0,0,0,0,0,0,0,0,0,0,0,0,0,0,0,0,0,0,0,0,0,0,0,0,0,0,0,0,0,0,0,0,0,0,0,0,0,0,0,0,0,0,0,0,0,0,0,0,0,0,0,0,0,0,0,0,0,0,0,0,0,0,0,0,0,0,0,0,0,0,0,0,0,0,0,0,0,0,0,0,0,0,0,0,0,0,0,0,0,0,0,0,0,0,0
1339,28649.6191798304,128455.8036410574,111693.3668030984,47305.5238077734,59198.7564772384,85806.3155075797,129083.0916581527,63472.2154852926,25050.4860158351,91433.1932473070,24096.9105363092,100604.2208984946,33310.9076467175,94961.6268735406,86037.0674297191,117937.0831834772,204.5746936104,56542.1662375325,103856.2019629185,69715.4774990305,107019.3026449495,80009.5637255855,76783.1078769353,44812.0392881179,84082.5128569045,21599.3046004014,39732.8346420237,19342.3453309711,72547.5461597872,88185.4421155580,70028.5022823678,113973.8110714537,34457.8032354789,13011.1223700893,19639.1902151398,96241.2454782846,37838.1094770024,92324.5896030742,47686.0521029858,105688.6573787775,121484.2329736614,17572.7403317762,61173.2530614241,76316.6015110131,63736.5227406532,116588.0935168737,15930.6145135225,14256.8276666712,91689.6203844616,33576.3298312809,106471.0457865515,117794.6510779770,43835.6891182308,68987.2097191585,95417.1790914499,82245.5290446775,48659.1369438747,50749.4301290161,30621.7994555686,70511.4887319300,9303.6646384418,79797.4514575045,81938.3026839218,38820.8687028722,35500.5018448810,73797.2965843990,97501.9510345201,93826.3565009526,78013.1081517852,24858.3362501843,63375.2068787070,103089.0234621333,23382.4779412761,85571.3656213197,10165.0791799303,53884.5637434352,119239.4928498785,12589.1962729511,69198.3428425999,25569.9682004932,96775.8720710080,78173.6530396426,69962.6554249192,26128.2832823105,41869.6066394487,9513.1372070583,112738.1854542166,77704.2994229577,56022.1833193627,87768.3863426769,75927.5276625430,94177.4526015165,86319.3701797377,37492.0445192866,52266.3188853251,110544.7228665090,31138.8432719963,84262.1297203846,114566.1247722657,40595.0943100667,64626.5041166797,96855.9007134091,124120.6702116205,66709.8358277226,15820.0357704112,84291.5645209698,65797.9802781091,33585.6953117363,89932.8708267463,88309.9684649001,9686.7921101508,26790.3543960044,16524.3033427787,72159.2014614258,109439.2940647745,31239.8609233589,63473.5840232997,82218.2199667244,32886.9028688253,98690.9679850018,49902.9068762689,89760.9794856579,13933.6477016626,89332.8816055754,100344.4421301159,84474.8627879608,104717.0075923241,100517.4463005391,21749.1471235102,99349.2863337137,37757.8961570527,111133.6156216185,84758.4786072355,45747.4230670565,18541.0265295909,76580.3641189479,28817.9252027468,75728.8818140218,16760.7231870369,44616.0252152514,49864.0052856950,90288.7211322802,81312.1331185246,88582.6819043761,39294.4302666889,56658.6056046794,117862.3278310071,97184.0706531289,98921.4354812610,7191.0127050997,103067.7609742781,80002.1166299773,54847.0970429858,71840.3072379317,82063.0471869896,71136.7474123247,29641.9934418566,51798.3368014269,78303.7942783436,70838.9061590409,58707.7054527841,112473.4269243295,8780.6882089380,47789.9658652780,43647.2688687793,58919.2061316847,55336.4479215868,17616.7911276400,28505.3063479969,81155.1080094369,39258.7259943127,78849.0873629007,60986.0777828901,94085.9721366544,25654.3190023150,90408.4386700611,68575.9483524780,25236.7441821383,22783.7737004298,89914.2083635405,11012.3235531250,68792.6167162468,75043.5150414335,20360.8136574019,45129.0704895139,75832.3701306837,80375.2904432479,12625.2914359593,9834.4816118395,33168.4277346503,24879.9376919036,74957.8344346608,34071.2296027434,78165.0941849976,83323.7283327498,33411.8130130773,86051.1733910370,69511.9495130202,72258.2848961906,73136.2531040804
1340,0,0,0,0,0,0,0,0,0,0,0,0,0,0,0,0,0,0,0,0,0,0,0,0,0,0,0,0,0,0,0,0,0,0,0,0,0,0,0,0,0,0,0,0,0,0,0,0,0,0,0,0,0,0,0,0,0,0,0,0,0,0,0,0,0,0,0,0,0,0,0,0,0,0,0,0,0,0,0,0,0,0,0,0,0,0,0,0,0,0,0,0,0,0,0,0,0,0,0,0,0,0,0,0,0,0,0,0,0,0,0,0,0,0,0,0,0,0,0,0,0,0,0,0,0,0,0,0,0,0,0,0,0,0,0,0,0,0,0,0,0,0,0,0,0,0,0,0,0,0,0,0,0,0,0,0,0,0,0,0,0,0,0,0,0,0,0,0,0,0,0,0,0,0,0,0,0,0,0,0,0,0,0,0,0,0,0,0,0,0,0,0,0,0,0,0,0,0,0,0
1341,0,0,0,0,0,0,0,0,0,0,0,0,0,0,0,0,0,0,0,0,0,0,0,0,0,0,0,0,0,0,0,0,0,0,0,0,0,0,0,0,0,0,0,0,0,0,0,0,0,0,0,0,0,0,0,0,0,0,0,0,0,0,0,0,0,0,0,0,0,0,0,0,0,0,0,0,0,0,0,0,0,0,0,0,0,0,0,0,0,0,0,0,0,0,0,0,0,0,0,0,0,0,0,0,0,0,0,0,0,0,0,0,0,0,0,0,0,0,0,0,0,0,0,0,0,0,0,0,0,0,0,0,0,0,0,0,0,0,0,0,0,0,0,0,0,0,0,0,0,0,0,0,0,0,0,0,0,0,0,0,0,0,0,0,0,0,0,0,0,0,0,0,0,0,0,0,0,0,0,0,0,0,0,0,0,0,0,0,0,0,0,0,0,0,0,0,0,0,0,0
1342,0,0,0,0,0,0,0,0,0,0,0,0,0,0,0,0,0,0,0,0,0,0,0,0,0,0,0,0,0,0,0,0,0,0,0,0,0,0,0,0,0,0,0,0,0,0,0,0,0,0,0,0,0,0,0,0,0,0,0,0,0,0,0,0,0,0,0,0,0,0,0,0,0,0,0,0,0,0,0,0,0,0,0,0,0,0,0,0,0,0,0,0,0,0,0,0,0,0,0,0,0,0,0,0,0,0,0,0,0,0,0,0,0,0,0,0,0,0,0,0,0,0,0,0,0,0,0,0,0,0,0,0,0,0,0,0,0,0,0,0,0,0,0,0,0,0,0,0,0,0,0,0,0,0,0,0,0,0,0,0,0,0,0,0,0,0,0,0,0,0,0,0,0,0,0,0,0,0,0,0,0,0,0,0,0,0,0,0,0,0,0,0,0,0,0,0,0,0,0,0
1343,0,0,0,0,0,0,0,0,0,0,0,0,0,0,0,0,0,0,0,0,0,0,0,0,0,0,0,0,0,0,0,0,0,0,0,0,0,0,0,0,0,0,0,0,0,0,0,0,0,0,0,0,0,0,0,0,0,0,0,0,0,0,0,0,0,0,0,0,0,0,0,0,0,0,0,0,0,0,0,0,0,0,0,0,0,0,0,0,0,0,0,0,0,0,0,0,0,0,0,0,0,0,0,0,0,0,0,0,0,0,0,0,0,0,0,0,0,0,0,0,0,0,0,0,0,0,0,0,0,0,0,0,0,0,0,0,0,0,0,0,0,0,0,0,0,0,0,0,0,0,0,0,0,0,0,0,0,0,0,0,0,0,0,0,0,0,0,0,0,0,0,0,0,0,0,0,0,0,0,0,0,0,0,0,0,0,0,0,0,0,0,0,0,0,0,0,0,0,0,0
1344,0,0,0,0,0,0,0,0,0,0,0,0,0,0,0,0,0,0,0,0,0,0,0,0,0,0,0,0,0,0,0,0,0,0,0,0,0,0,0,0,0,0,0,0,0,0,0,0,0,0,0,0,0,0,0,0,0,0,0,0,0,0,0,0,0,0,0,0,0,0,0,0,0,0,0,0,0,0,0,0,0,0,0,0,0,0,0,0,0,0,0,0,0,0,0,0,0,0,0,0,0,0,0,0,0,0,0,0,0,0,0,0,0,0,0,0,0,0,0,0,0,0,0,0,0,0,0,0,0,0,0,0,0,0,0,0,0,0,0,0,0,0,0,0,0,0,0,0,0,0,0,0,0,0,0,0,0,0,0,0,0,0,0,0,0,0,0,0,0,0,0,0,0,0,0,0,0,0,0,0,0,0,0,0,0,0,0,0,0,0,0,0,0,0,0,0,0,0,0,0
1345,0,0,0,0,0,0,0,0,0,0,0,0,0,0,0,0,0,0,0,0,0,0,0,0,0,0,0,0,0,0,0,0,0,0,0,0,0,0,0,0,0,0,0,0,0,0,0,0,0,0,0,0,0,0,0,0,0,0,0,0,0,0,0,0,0,0,0,0,0,0,0,0,0,0,0,0,0,0,0,0,0,0,0,0,0,0,0,0,0,0,0,0,0,0,0,0,0,0,0,0,0,0,0,0,0,0,0,0,0,0,0,0,0,0,0,0,0,0,0,0,0,0,0,0,0,0,0,0,0,0,0,0,0,0,0,0,0,0,0,0,0,0,0,0,0,0,0,0,0,0,0,0,0,0,0,0,0,0,0,0,0,0,0,0,0,0,0,0,0,0,0,0,0,0,0,0,0,0,0,0,0,0,0,0,0,0,0,0,0,0,0,0,0,0,0,0,0,0,0,0
1346,0,0,0,0,0,0,0,0,0,0,0,0,0,0,0,0,0,0,0,0,0,0,0,0,0,0,0,0,0,0,0,0,0,0,0,0,0,0,0,0,0,0,0,0,0,0,0,0,0,0,0,0,0,0,0,0,0,0,0,0,0,0,0,0,0,0,0,0,0,0,0,0,0,0,0,0,0,0,0,0,0,0,0,0,0,0,0,0,0,0,0,0,0,0,0,0,0,0,0,0,0,0,0,0,0,0,0,0,0,0,0,0,0,0,0,0,0,0,0,0,0,0,0,0,0,0,0,0,0,0,0,0,0,0,0,0,0,0,0,0,0,0,0,0,0,0,0,0,0,0,0,0,0,0,0,0,0,0,0,0,0,0,0,0,0,0,0,0,0,0,0,0,0,0,0,0,0,0,0,0,0,0,0,0,0,0,0,0,0,0,0,0,0,0,0,0,0,0,0,0
1347,0,0,0,0,0,0,0,0,0,0,0,0,0,0,0,0,0,0,0,0,0,0,0,0,0,0,0,0,0,0,0,0,0,0,0,0,0,0,0,0,0,0,0,0,0,0,0,0,0,0,0,0,0,0,0,0,0,0,0,0,0,0,0,0,0,0,0,0,0,0,0,0,0,0,0,0,0,0,0,0,0,0,0,0,0,0,0,0,0,0,0,0,0,0,0,0,0,0,0,0,0,0,0,0,0,0,0,0,0,0,0,0,0,0,0,0,0,0,0,0,0,0,0,0,0,0,0,0,0,0,0,0,0,0,0,0,0,0,0,0,0,0,0,0,0,0,0,0,0,0,0,0,0,0,0,0,0,0,0,0,0,0,0,0,0,0,0,0,0,0,0,0,0,0,0,0,0,0,0,0,0,0,0,0,0,0,0,0,0,0,0,0,0,0,0,0,0,0,0,0
1348,31520.4163096709,119643.6616758768,107015.8694958744,46776.9544385917,50296.9821285394,85909.6622902372,121590.9337817930,58147.1276253260,33012.1341316711,83246.6924564050,16445.1109729017,91710.0845043495,26994.1276792930,88493.2377937417,82758.4461669616,109605.2362569162,10272.8323364264,48759.7415497021,95117.8090803077,68200.1542367750,99486.8756621687,71248.2962606776,69587.5421053456,36340.8281026444,78919.9084531421,29624.5972039456,30961.4481447207,17363.0979783755,64355.1705139220,86513.4842935715,66449.0482679062,105092.8591067973,33037.5334421314,17766.0895248762,11214.4721717436,91792.7286274206,31009.8262598658,84959.4802812336,41733.4136015018,97579.8985358154,113573.6291034995,23126.9013266236,52581.5635287009,70227.3398797510,56924.1896642399,107902.4401428685,20599.1509343370,23099.7878174015,83043.2648893829,24855.1983778940,97987.8265100691,110471.6102014825,35877.5176636647,68960.3037295543,90037.5762047363,74406.7109829298,39768.9437633242,42015.1639871541,22369.1341565318,61655.6041446297,1990.5103438289,75641.4717401678,73503.6556480889,40675.6241225648,31484.5396859156,68680.1821298105,89664.7814998485,91146.7340977713,77159.7204808876,30551.1171245436,60818.3412060080,94195.7476710518,17310.3551185964,79254.9935874388,8520.3823680064,46999.9178835549,110421.5682243095,20447.1654799993,61517.1699837229,25682.8880515227,88336.2669591863,78797.0561230843,61383.8024209683,17225.2944285882,34973.4786006261,16823.7921964607,104925.4967312400,75786.6337448044,50205.4591888451,83300.5510516066,73006.0595943050,90687.4602032137,85496.8831898911,29415.9893894664,43966.5109344312,101730.0614605194,25394.2029989762,81783.5412325711,106466.6217849718,31719.0912822454,56397.8959840279,89896.1671632025,115397.7771800620,60590.2446009979,6071.2206077757,76969.9046536645,61475.9284484182,34270.7673990719,82126.7451866103,82606.8318447804,7717.3671685943,24043.8831630527,24267.4179564823,65433.9444843809,100790.1827734498,23912.5361809582,54655.9982099797,75377.8120063325,24026.5877147782,90529.7688081816,42397.8874275810,82800.2233628785,15405.6924195099,80876.8190626869,91517.0754278001,76308.5721340150,96878.6559279650,91916.1749641189,24489.0765030069,94388.2516624094,29510.3895145752,102825.5702381612,76107.3197803646,36882.5811972349,25410.1947995182,67992.0331522006,23804.7219283273,67979.3112043631,25421.5002987614,36069.4083414929,41163.5892700493,85267.4190489146,75643.1462356397,84725.0679216058,33398.4096656042,47847.7837361479,110194.5587812852,88466.1041637949,91620.1996371083,16083.0225586239,94748.8076374822,76548.8075307990,45959.6425037342,71077.7891963471,80599.6249589019,68873.1371035290,21395.0666270496,42914.8106038832,73558.6206847371,63622.7467742994,50497.5489196320,105046.9626819298,13139.4459482671,41021.4816698407,44070.4059537430,52465.0192953283,46747.7471989767,12130.9049518163,21170.3764425673,80931.6415952641,30685.7193724674,70669.1007498264,57755.5941658014,90067.8005432299,17000.5789272334,88136.1736246367,59817.9466840824,29500.1530995594,18604.5953686030,83344.9668098579,3774.5588862823,63518.4929126555,73701.0221137167,11458.2175501840,36341.6842797461,75928.8876550938,72842.5288772661,14850.0129381569,8909.1974357378,35199.0252709823,16315.8913513039,71170.1028212682,28934.9663249843,71660.0242220231,83935.9799647499,30722.9336237636,78424.6652339393,66667.8838230247,67660.0620463744,67518.8201738620
1349,0,0,0,0,0,0,0,0,0,0,0,0,0,0,0,0,0,0,0,0,0,0,0,0,0,0,0,0,0,0,0,0,0,0,0,0,0,0,0,0,0,0,0,0,0,0,0,0,0,0,0,0,0,0,0,0,0,0,0,0,0,0,0,0,0,0,0,0,0,0,0,0,0,0,0,0,0,0,0,0,0,0,0,0,0,0,0,0,0,0,0,0,0,0,0,0,0,0,0,0,0,0,0,0,0,0,0,0,0,0,0,0,0,0,0,0,0,0,0,0,0,0,0,0,0,0,0,0,0,0,0,0,0,0,0,0,0,0,0,0,0,0,0,0,0,0,0,0,0,0,0,0,0,0,0,0,0,0,0,0,0,0,0,0,0,0,0,0,0,0,0,0,0,0,0,0,0,0,0,0,0,0,0,0,0,0,0,0,0,0,0,0,0,0,0,0,0,0,0,0
1350,0,0,0,0,0,0,0,0,0,0,0,0,0,0,0,0,0,0,0,0,0,0,0,0,0,0,0,0,0,0,0,0,0,0,0,0,0,0,0,0,0,0,0,0,0,0,0,0,0,0,0,0,0,0,0,0,0,0,0,0,0,0,0,0,0,0,0,0,0,0,0,0,0,0,0,0,0,0,0,0,0,0,0,0,0,0,0,0,0,0,0,0,0,0,0,0,0,0,0,0,0,0,0,0,0,0,0,0,0,0,0,0,0,0,0,0,0,0,0,0,0,0,0,0,0,0,0,0,0,0,0,0,0,0,0,0,0,0,0,0,0,0,0,0,0,0,0,0,0,0,0,0,0,0,0,0,0,0,0,0,0,0,0,0,0,0,0,0,0,0,0,0,0,0,0,0,0,0,0,0,0,0,0,0,0,0,0,0,0,0,0,0,0,0,0,0,0,0,0,0
1351,0,0,0,0,0,0,0,0,0,0,0,0,0,0,0,0,0,0,0,0,0,0,0,0,0,0,0,0,0,0,0,0,0,0,0,0,0,0,0,0,0,0,0,0,0,0,0,0,0,0,0,0,0,0,0,0,0,0,0,0,0,0,0,0,0,0,0,0,0,0,0,0,0,0,0,0,0,0,0,0,0,0,0,0,0,0,0,0,0,0,0,0,0,0,0,0,0,0,0,0,0,0,0,0,0,0,0,0,0,0,0,0,0,0,0,0,0,0,0,0,0,0,0,0,0,0,0,0,0,0,0,0,0,0,0,0,0,0,0,0,0,0,0,0,0,0,0,0,0,0,0,0,0,0,0,0,0,0,0,0,0,0,0,0,0,0,0,0,0,0,0,0,0,0,0,0,0,0,0,0,0,0,0,0,0,0,0,0,0,0,0,0,0,0,0,0,0,0,0,0
1352,0,0,0,0,0,0,0,0,0,0,0,0,0,0,0,0,0,0,0,0,0,0,0,0,0,0,0,0,0,0,0,0,0,0,0,0,0,0,0,0,0,0,0,0,0,0,0,0,0,0,0,0,0,0,0,0,0,0,0,0,0,0,0,0,0,0,0,0,0,0,0,0,0,0,0,0,0,0,0,0,0,0,0,0,0,0,0,0,0,0,0,0,0,0,0,0,0,0,0,0,0,0,0,0,0,0,0,0,0,0,0,0,0,0,0,0,0,0,0,0,0,0,0,0,0,0,0,0,0,0,0,0,0,0,0,0,0,0,0,0,0,0,0,0,0,0,0,0,0,0,0,0,0,0,0,0,0,0,0,0,0,0,0,0,0,0,0,0,0,0,0,0,0,0,0,0,0,0,0,0,0,0,0,0,0,0,0,0,0,0,0,0,0,0,0,0,0,0,0,0
1353,38391.2725399001,95630.0104324083,66513.3160810783,83894.3619911237,41277.5400020598,60225.3973510297,84473.6158007635,17400.6172460351,71184.7110647164,51942.0154155733,44632.1474490303,77529.0928998877,13997.3984336488,48507.6365036111,45286.5755626624,78395.1709853140,45962.0134940684,19238.5348572702,70670.2121425473,38440.4575194398,62897.2394636884,50065.1635805057,32318.7502050433,46718.5309626990,38154.2493244554,56044.4120915039,27866.4936955780,28971.6100611887,35192.9418733374,53875.8403029450,29210.7730241143,84700.8503337272,22984.3160826073,52995.6045223977,31535.9588545600,51663.9511445000,55098.7769395092,47918.2682162350,1025.8737114455,64784.3968019860,78827.0811839779,63679.7781019916,32187.0888799354,29681.7189872912,18646.2078986246,81554.4051869769,42025.5924202458,58703.9676124082,57787.0519807172,38986.7870865997,69056.0454669249,72776.0659174536,17008.2401037112,45449.0413261320,49167.2458902389,40775.1965846841,38994.5492699966,29619.3608872124,23652.5709937182,45661.9843071091,41557.8219739295,36339.2460570417,46002.4568434273,37052.8354827889,13722.5149584630,28012.6994568195,55151.9626866332,54945.9273096137,48677.7331999436,47647.4099953416,28215.7665834102,75593.8092165129,23604.9670644967,39027.3919140685,36590.0889557196,10710.2649460722,87055.9884667836,50031.3711446659,28011.2860551910,29764.4455781664,59468.3239909962,56326.7138594839,38227.5643392804,34227.1460493491,9116.6305466298,56154.4556917768,69762.1869723404,43313.7895708012,16586.8097499964,43255.0079511107,37273.4439353250,52377.9003494618,56122.9394143408,47162.0991675580,22829.5686015897,78807.4065725259,55415.9079200183,46769.4485607253,73271.0741422256,36838.7975376448,29340.0536002434,51155.0338599311,89411.1782366577,20115.8854173590,44245.4067914027,39989.4595371629,22489.8146083028,30979.1500835042,47756.2806822603,41763.2245493250,48207.6887043179,22556.3011642517,63031.3340164256,26397.7804130568,74182.6158459160,48948.1908774414,39103.3612550638,36481.3869781454,30351.9856432294,58529.1907042216,13489.4266220293,44168.2508369161,36376.7870682852,52853.8548744209,69824.6172826498,45373.2541168781,62107.9614859087,65099.9733709257,37318.5341874254,53699.2742762321,20771.8055610148,71642.0603842855,51741.9290298202,31934.6628277210,49320.3080379465,43687.0762550176,17919.6017494448,34235.2952314340,56512.4996272637,24222.3594488465,45728.6128036108,44571.3640038989,34783.2901070282,45771.8572191804,7481.1092826041,34650.6861610556,74088.9683164957,64119.1123943049,54126.8627869858,51579.8240042325,64069.5525607368,38929.6662630457,42392.6443967503,43950.7548218941,49289.0661593899,36001.1388583645,42893.4764217739,35365.9605555943,33264.7001856155,26830.1673835351,25079.8273001318,67858.0026522717,41643.6039647460,10843.8860954151,82557.7812723284,13035.2712794074,28714.7117020118,29183.4712942174,20856.0237819341,54521.9471218613,42861.8325205499,40474.4024537433,23050.7078211060,50664.4422966686,29252.6135467428,53348.6833524420,40923.6219099610,42532.4098061163,24131.5616983327,43599.7545296478,36618.0395930824,22762.6335607620,43740.2813868458,35727.0634099317,41429.3925424747,51633.4277334250,37229.8342925568,47951.2580171214,42373.1140921985,36162.0451895483,39598.5007554867,32959.4249540996,12763.1959895346,31869.0681930123,60662.1905458511,18904.0890454148,43068.7443681369,31925.2420436292,27741.8449698514,26642.9886132386
1354,0,0,0,0,0,0,0,0,0,0,0,0,0,0,0,0,0,0,0,0,0,0,0,0,0,0,0,0,0,0,0,0,0,0,0,0,0,0,0,0,0,0,0,0,0,0,0,0,0,0,0,0,0,0,0,0,0,0,0,0,0,0,0,0,0,0,0,0,0,0,0,0,0,0,0,0,0,0,0,0,0,0,0,0,0,0,0,0,0,0,0,0,0,0,0,0,0,0,0,0,0,0,0,0,0,0,0,0,0,0,0,0,0,0,0,0,0,0,0,0,0,0,0,0,0,0,0,0,0,0,0,0,0,0,0,0,0,0,0,0,0,0,0,0,0,0,0,0,0,0,0,0,0,0,0,0,0,0,0,0,0,0,0,0,0,0,0,0,0,0,0,0,0,0,0,0,0,0,0,0,0,0,0,0,0,0,0,0,0,0,0,0,0,0,0,0,0,0,0,0
1355,0,0,0,0,0,0,0,0,0,0,0,0,0,0,0,0,0,0,0,0,0,0,0,0,0,0,0,0,0,0,0,0,0,0,0,0,0,0,0,0,0,0,0,0,0,0,0,0,0,0,0,0,0,0,0,0,0,0,0,0,0,0,0,0,0,0,0,0,0,0,0,0,0,0,0,0,0,0,0,0,0,0,0,0,0,0,0,0,0,0,0,0,0,0,0,0,0,0,0,0,0,0,0,0,0,0,0,0,0,0,0,0,0,0,0,0,0,0,0,0,0,0,0,0,0,0,0,0,0,0,0,0,0,0,0,0,0,0,0,0,0,0,0,0,0,0,0,0,0,0,0,0,0,0,0,0,0,0,0,0,0,0,0,0,0,0,0,0,0,0,0,0,0,0,0,0,0,0,0,0,0,0,0,0,0,0,0,0,0,0,0,0,0,0,0,0,0,0,0,0
1356,0,0,0,0,0,0,0,0,0,0,0,0,0,0,0,0,0,0,0,0,0,0,0,0,0,0,0,0,0,0,0,0,0,0,0,0,0,0,0,0,0,0,0,0,0,0,0,0,0,0,0,0,0,0,0,0,0,0,0,0,0,0,0,0,0,0,0,0,0,0,0,0,0,0,0,0,0,0,0,0,0,0,0,0,0,0,0,0,0,0,0,0,0,0,0,0,0,0,0,0,0,0,0,0,0,0,0,0,0,0,0,0,0,0,0,0,0,0,0,0,0,0,0,0,0,0,0,0,0,0,0,0,0,0,0,0,0,0,0,0,0,0,0,0,0,0,0,0,0,0,0,0,0,0,0,0,0,0,0,0,0,0,0,0,0,0,0,0,0,0,0,0,0,0,0,0,0,0,0,0,0,0,0,0,0,0,0,0,0,0,0,0,0,0,0,0,0,0,0,0
1357,0,0,0,0,0,0,0,0,0,0,0,0,0,0,0,0,0,0,0,0,0,0,0,0,0,0,0,0,0,0,0,0,0,0,0,0,0,0,0,0,0,0,0,0,0,0,0,0,0,0,0,0,0,0,0,0,0,0,0,0,0,0,0,0,0,0,0,0,0,0,0,0,0,0,0,0,0,0,0,0,0,0,0,0,0,0,0,0,0,0,0,0,0,0,0,0,0,0,0,0,0,0,0,0,0,0,0,0,0,0,0,0,0,0,0,0,0,0,0,0,0,0,0,0,0,0,0,0,0,0,0,0,0,0,0,0,0,0,0,0.0000000000,0,0,0,0,0,0,0,0,0,0,0,0,0,0,0,0,0,0,0,0,0,0,0,0,0,0,0,0,0,0,0,0,0,0,0,0,0,0,0,0,0,0,0,0,0,0,0,0,0,0,0,0,0,0,0,0,0,0,0,0
1358,0,0,0,0,0,0,0,0,0,0,0,0,0,0,0,0,0,0,0,0,0,0,0,0,0,0,0,0,0,0,0,0,0,0,0,0,0,0,0,0,0,0,0,0,0,0,0,0,0,0,0,0,0,0,0,0,0,0,0,0,0,0,0,0,0,0,0,0,0,0,0,0,0,0,0,0,0,0,0,0,0,0,0,0,0,0,0,0,0,0,0,0,0,0,0,0,0,0,0,0,0,0,0,0,0,0,0,0,0,0,0,0,0,0,0,0,0,0,0,0,0,0,0,0,0,0,0,0,0,0,0,0,0,0,0,0,0,0,0,0,0,0,0,0,0,0,0,0,0,0,0,0,0,0,0,0,0,0,0,0,0,0,0,0,0,0,0,0,0,0,0,0,0,0,0,0,0,0,0,0,0,0,0,0,0,0,0,0,0,0,0,0,0,0,0,0,0,0,0,0
1359,0,0,0,0,0,0,0,0,0,0,0,0,0,0,0,0,0,0,0,0,0,0,0,0,0,0,0,0,0,0,0,0,0,0,0,0,0,0,0,0,0,0,0,0,0,0,0,0,0,0,0,0,0,0,0,0,0,0,0,0,0,0,0,0,0,0,0,0,0,0,0,0,0,0,0,0,0,0,0,0,0,0,0,0,0,0,0,0,0,0,0,0,0,0,0,0,0,0,0,0,0,0,0,0,0,0,0,0,0,0,0,0,0,0,0,0,0,0,0,0,0,0,0,0,0,0,0,0,0,0,0,0,0,0,0,0,0,0,0,0,0,0,0,0,0,0,0,0,0,0,0,0,0,0,0,0,0,0,0,0,0,0,0,0,0,0,0,0,0,0,0,0,0,0,0,0,0,0,0,0,0,0,0,0,0,0,0,0,0,0,0,0,0,0,0,0,0,0,0,0
1360,0,0,0,0,0,0,0,0,0,0,0,0,0,0,0,0,0,0,0,0,0,0,0,0,0,0,0,0,0,0,0,0,0,0,0,0,0,0,0,0,0,0,0,0,0,0,0,0,0,0,0,0,0,0,0,0,0,0,0,0,0,0,0,0,0,0,0,0,0,0,0,0,0,0,0,0,0,0,0,0,0,0,0,0,0,0,0,0,0,0,0,0,0,0,0,0,0,0,0,0,0,0,0,0,0,0,0,0,0,0,0,0,0,0,0,0,0,0,0,0,0,0,0,0,0,0,0,0,0,0,0,0,0,0,0,0,0,0,0,0,0,0,0,0,0,0,0,0,0,0,0,0,0,0,0,0,0,0,0,0,0,0,0,0,0,0,0,0,0,0,0,0,0,0,0,0,0,0,0,0,0,0,0,0,0,0,0,0,0,0,0,0,0,0,0,0,0,0,0,0
1361,60637.1216087687,83811.6214882236,98077.2042529156,57982.6687403277,13951.4550191286,99280.3990401536,95762.0660099031,52734.6930086961,68351.5783406144,54208.4394286330,25173.3216901119,54250.2132352520,32169.6417327680,71278.6142800019,82902.5048060705,78183.7665733822,47768.0430767339,29643.5328699324,60367.9867830733,77708.1886614948,74425.4762913345,36935.5895950618,49983.3297234689,9159.6253865994,70364.6651090719,66543.2778841322,12106.7491246900,43272.3774916623,37225.8495417374,93063.5392859699,67737.7525466619,68471.7246032690,51823.3344152199,41991.5168697105,28540.3052724374,85355.8736248317,23738.1754752965,62183.2033162298,38806.4619149526,68365.5049261980,85189.3585550899,55728.7357656960,22859.1143839979,57809.8636706105,42815.1574162736,73467.2318746515,54752.2449235860,60372.6620301436,49622.5514259168,13334.4845299925,65636.0931759902,86222.9655181634,22482.3246155923,83735.3732451685,78945.2833102320,49129.4286199681,1873.3025552221,13356.8890432373,21997.0954746664,26221.9805266456,37113.8148264112,72679.4025621493,42865.5049014088,65667.9681583593,42815.0023752943,62039.9056213295,63017.3756457021,92998.5711248745,87940.3885032518,64500.1516992517,67569.3946190240,57400.0130151339,33424.6745533280,64056.5997935618,41808.8155520572,35822.9829767739,74594.8141395397,57503.0961440905,39613.3599869945,51187.8040575792,56744.7649416241,94672.4308820541,30320.3756766870,20417.6794953324,30471.5925690543,52709.6043500127,77592.9443602059,82624.5797347933,44491.8910540559,77742.8846347632,76074.6384080838,88959.7021080810,95479.4540331393,15287.6595895565,21421.0587652268,66023.9572095434,29340.2480334993,85540.2173297742,76953.1238324255,9322.6822821062,30390.6064209188,69424.7947559939,80505.7777039272,50008.6998320413,32208.4543836327,55380.9719619018,60343.3179742458,58048.4028303851,56318.7933223329,70583.2473229149,43724.1924472359,43793.2789738762,59834.5918235984,49889.0806506860,66834.6496577700,22362.4295299305,20591.5088473659,57359.6290755258,15034.4590969479,61252.0258592923,28715.9824480422,63037.0135972582,47609.8719027339,49513.1166073032,55778.2008108935,48005.1580465729,69769.5938197151,58652.7948527872,55129.8429127126,85078.4354997276,19566.9289728979,71804.0400929625,42942.2550680897,7756.2676653862,61314.2324160532,36113.2980424642,36976.7223262335,44319.6301724025,62908.8501622164,15413.1473642410,5248.9648047406,76631.8379673007,64784.6119350495,81954.3425762677,35609.0541703476,15089.8072380502,83645.0201104257,54088.7992112202,68707.5728017108,53602.4539951143,63942.9796283417,76737.2018155181,8537.4318659502,82968.5844733504,88635.7642244741,75340.7737842233,19018.5140665164,8942.5273682382,68000.9749790404,44976.3007956446,26341.4423990906,80393.4044242247,48813.1750177657,33535.7099303170,59200.4837494821,42117.2119501312,18802.5859680508,35928.8935972497,27726.3467534153,93608.1087837278,9833.3940105014,42819.6467735135,62397.6468645712,85920.0049615447,22822.5423487373,92042.1834228037,26329.6754138276,61429.4657106805,38731.6587053304,66062.1131931024,37124.9210539695,57088.8925204220,83072.6217201747,26131.4050016247,2223.4076355952,90285.5490912648,50212.8110904131,37313.4672171680,41893.3410639515,61784.0392394621,22052.1776576487,70665.9320899521,37657.8613356876,56413.6944355458,99286.4950990542,46858.2948511703,54384.8775830179,71117.3796782916,63887.4669247925,58361.3981140657
1362,0,0,0,0,0,0,0,0,0,0,0,0,0,0,0,0,0,0,0,0,0,0,0,0,0,0,0,0,0,0,0,0,0,0,0,0,0,0,0,0,0,0,0,0,0,0,0,0,0,0,0,0,0,0,0,0,0,0,0,0,0,0,0,0,0,0,0,0,0,0,0,0,0,0,0,0,0,0,0,0,0,0,0,0,0,0,0,0,0,0,0,0,0,0,0,0,0,0,0,0,0,0,0,0,0,0,0,0,0,0,0,0,0,0,0,0,0,0,0,0,0,0,0,0,0,0,0,0,0,0,0,0,0,0,0,0,0,0,0,0,0,0,0,0,0,0,0,0,0,0,0,0,0,0,0,0,0,0,0,0,0,0,0,0,0,0,0,0,0,0,0,0,0,0,0,0,0,0,0,0,0,0,0,0,0,0,0,0,0,0,0,0,0,0,0,0,0,0,0,0
1363,0,0,0,0,0,0,0,0,0,0,0,0,0,0,0,0,0,0,0,0,0,0,0,0,0,0,0,0,0,0,0,0,0,0,0,0,0,0,0,0,0,0,0,0,0,0,0,0,0,0,0,0,0,0,0,0,0,0,0,0,0,0,0,0,0,0,0,0,0,0,0,0,0,0,0,0,0,0,0,0,0,0,0,0,0,0,0,0,0,0,0,0,0,0,0,0,0,0,0,0,0,0,0,0,0,0,0,0,0,0,0,0,0,0,0,0,0,0,0,0,0,0,0,0,0,0,0,0,0,0,0,0,0,0,0,0,0,0,0,0,0,0,0,0,0,0,0,0,0,0,0,0,0,0,0,0,0,0,0,0,0,0,0,0,0,0,0,0,0,0,0,0,0,0,0,0,0,0,0,0,0,0,0,0,0,0,0,0,0,0,0,0,0,0,0,0,0,0,0,0
1364,0,0,0,0,0,0,0,0,0,0,0,0,0,0,0,0,0,0,0,0,0,0,0,0,0,0,0,0,0,0,0,0,0,0,0,0,0,0,0,0,0,0,0,0,0,0,0,0,0,0,0,0,0,0,0,0,0,0,0,0,0,0,0,0,0,0,0,0,0,0,0,0,0,0,0,0,0,0,0,0,0,0,0,0,0,0,0,0,0,0,0,0,0,0,0,0,0,0,0,0,0,0,0,0,0,0,0,0,0,0,0,0,0,0,0,0,0,0,0,0,0,0,0,0,0,0,0,0,0,0,0,0,0,0,0,0,0,0,0,0,0,0,0,0,0,0,0,0,0,0,0,0,0,0,0,0,0,0,0,0,0,0,0,0,0,0,0,0,0,0,0,0,0,0,0,0,0,0,0,0,0,0,0,0,0,0,0,0,0,0,0,0,0,0,0,0,0,0,0,0
1365,0,0,0,0,0,0,0,0,0,0,0,0,0,0,0,0,0,0,0,0,0,0,0,0,0,0,0,0,0,0,0,0,0,0,0,0,0,0,0,0,0,0,0,0,0,0,0,0,0,0,0,0,0,0,0,0,0,0,0,0,0,0,0,0,0,0,0,0,0,0,0,0,0,0,0,0,0,0,0,0,0,0,0,0,0,0,0,0,0,0,0,0,0,0,0,0,0,0,0,0,0,0,0,0,0,0,0,0,0,0,0,0,0,0,0,0,0,0,0,0,0,0,0,0,0,0,0,0,0,0,0,0,0,0,0,0,0,0,0,0,0,0,0,0,0,0,0,0,0,0,0,0,0,0,0,0,0,0,0,0,0,0,0,0,0,0,0,0,0,0,0,0,0,0,0,0,0,0,0,0,0,0,0,0,0,0,0,0,0,0,0,0,0,0,0,0,0,0,0,0
1366,0,0,0,0,0,0,0,0,0,0,0,0,0,0,0,0,0,0,0,0,0,0,0,0,0,0,0,0,0,0,0,0,0,0,0,0,0,0,0,0,0,0,0,0,0,0,0,0,0,0,0,0,0,0,0,0,0,0,0,0,0,0,0,0,0,0,0,0,0,0,0,0,0,0,0,0,0,0,0,0,0,0,0,0,0,0,0,0,0,0,0,0,0,0,0,0,0,0,0,0,0,0,0,0,0,0,0,0,0,0,0,0,0,0,0,0,0,0,0,0,0,0,0,0,0,0,0,0,0,0,0,0,0,0,0,0,0,0,0,0,0,0,0,0,0,0,0,0,0,0,0,0,0,0,0,0,0,0,0,0,0,0,0,0,0,0,0,0,0,0,0,0,0,0,0,0,0,0,0,0,0,0,0,0,0,0,0,0,0,0,0,0,0,0,0,0,0,0,0,0
1367,0,0,0,0,0,0,0,0,0,0,0,0,0,0,0,0,0,0,0,0,0,0,0,0,0,0,0,0,0,0,0,0,0,0,0,0,0,0,0,0,0,0,0,0,0,0,0,0,0,0,0,0,0,0,0,0,0,0,0,0,0,0,0,0,0,0,0,0,0,0,0,0,0,0,0,0,0,0,0,0,0,0,0,0,0,0,0,0,0,0,0,0,0,0,0,0,0,0,0,0,0,0,0,0,0,0,0,0,0,0,0,0,0,0,0,0,0,0,0,0,0,0,0,0,0,0,0,0,0,0,0,0,0,0,0,0,0,0,0,0,0,0,0,0,0,0,0,0,0,0,0,0,0,0,0,0,0,0,0,0,0,0,0,0,0,0,0,0,0,0,0,0,0,0,0,0,0,0,0,0,0,0,0,0,0,0,0,0,0,0,0,0,0,0,0,0,0,0,0,0
1368,0,0,0,0,0,0,0,0,0,0,0,0,0,0,0,0,0,0,0,0,0,0,0,0,0,0,0,0,0,0,0,0,0,0,0,0,0,0,0,0,0,0,0,0,0,0,0,0,0,0,0,0,0,0,0,0,0,0,0,0,0,0,0,0,0,0,0,0,0,0,0,0,0,0,0,0,0,0,0,0,0,0,0,0,0,0,0,0,0,0,0,0,0,0,0,0,0,0,0,0,0,0,0,0,0,0,0,0,0,0,0,0,0,0,0,0,0,0,0,0,0,0,0,0,0,0,0,0,0,0,0,0,0,0,0,0,0,0,0,0,0,0,0,0,0,0,0,0,0,0,0,0,0,0,0,0,0,0,0,0,0,0,0,0,0,0,0,0,0,0,0,0,0,0,0,0,0,0,0,0,0,0,0,0,0,0,0,0,0,0,0,0,0,0,0,0,0,0,0,0
1369,31223.4870407608,135135.3451754218,117770.3139803984,45757.9843922909,65633.9125011596,89311.8845734454,136045.1449527035,69912.1127849449,16814.0829616885,98416.4507726120,29047.5260774220,106809.8563759810,40150.8530608561,101712.7012695931,91518.3520121942,124899.3199197367,7342.1772080513,63538.0262578662,110625.0154278734,74334.2460808297,113989.3743656314,86755.3753584450,83712.3340861392,50240.4796141434,90408.4668851604,18631.7581112526,46468.8176166119,25222.4886489123,79528.0732790833,92787.4417080197,75722.7551507023,120500.8615993867,39510.4857880769,14459.5512828328,26529.4189447198,102245.4248716266,41668.2837224438,99274.9865708214,54377.5958167523,112679.9583162670,128480.7729947527,10840.8402580853,68040.4781097104,82977.7453198377,70602.7122090659,123402.0624176433,18163.0593229291,10562.9601417723,98529.7074360153,39466.4585625387,113390.5794390372,124732.4938699299,50829.4623378106,72701.4166457032,101805.6152888003,89241.3310580231,54898.7646670107,57520.6501750777,37575.3370333924,77117.8789951837,15668.3675808715,85715.6607252423,88871.1186767092,41745.8010281486,41664.1516482993,80130.6056960977,104497.1199988571,98969.4835668314,82180.8875917773,25052.9086743070,68607.5664958521,109564.4114808190,30248.6784740509,92287.8538278405,16710.4016916610,60777.7075540081,125910.4531799732,11195.8842986377,76188.1179045636,30137.2735789193,103708.9552754146,81377.4094148140,76837.8878171779,32533.0553835676,48784.9590311758,3955.2183558354,119731.7913098346,82500.3911567491,62646.0849256521,93800.7328776596,81271.0952565074,99737.5093066499,90419.0212025995,42522.7742389068,59225.1897792972,117221.3013110184,34275.7310987513,89334.5148037768,121558.3905835130,46794.9954380390,71600.8139205082,103729.2615175851,130904.0543242428,73396.6443101458,20873.2914977790,91237.8927401407,71841.8307830943,37471.3934985277,96927.2101521918,94826.7673596226,8928.7830442308,32655.0846930659,11592.5352888024,78996.9156392356,116278.6155749778,35678.3768806803,70150.3441507578,89073.5891590229,39503.4493260652,105677.4534223077,56885.3040529606,96638.1582724396,18774.5866385516,96259.9692296658,107001.1837776086,91459.7389010297,111711.9690840056,107384.5375259460,24893.9160872281,105566.0968870263,44718.9841554591,118100.1269107979,91594.9822152132,52343.8200705152,17845.4492951953,83451.8758849543,35391.6314872235,82721.6898817006,12513.7934236732,51498.7271092772,55617.4481904365,96546.4946959146,87828.5383781407,94336.6397535649,46008.9745353750,63346.1888826415,124845.5759196849,103971.3885119562,105860.0066930275,2945.8099662096,110031.5463038768,85592.2891562808,61059.9921941687,75995.6479541199,86573.7046915795,76162.2335457934,34984.9327510339,58337.9866060610,84478.2630509272,77774.6926167505,65683.3540018075,119428.5148232851,12948.5191676888,54671.2135571476,41459.0131934337,65710.5515692303,62203.7724061859,24472.2596555117,35492.7505538252,84904.6092420159,44873.5431508388,85831.8828209767,66568.2743441454,99899.9562436985,32470.5585720645,95342.1062569422,75325.2781491495,26851.1686685044,29242.1145265529,96696.8765598361,18006.9613759260,75198.0496984226,79524.9287956229,26797.3049690337,51073.5919171557,79409.5247331970,87350.2071892348,16508.6538487872,11882.3964482031,36161.3915811757,30663.5422497490,80726.7807416011,40618.4950057950,84941.8752949641,86499.0518412941,39084.0731806554,93034.1765873843,74850.5844063901,78391.4681959551,79651.1768076208
1370,0,0,0,0,0,0,0,0,0,0,0,0,0,0,0,0,0,0,0,0,0,0,0,0,0,0,0,0,0,0,0,0,0,0,0,0,0,0,0,0,0,0,0,0,0,0,0,0,0,0,0,0,0,0,0,0,0,0,0,0,0,0,0,0,0,0,0,0,0,0,0,0,0,0,0,0,0,0,0,0,0,0,0,0,0,0,0,0,0,0,0,0,0,0,0,0,0,0,0,0,0,0,0,0,0,0,0,0,0,0,0,0,0,0,0,0,0,0,0,0,0,0,0,0,0,0,0,0,0,0,0,0,0,0,0,0,0,0,0,0,0,0,0,0,0,0,0,0,0,0,0,0,0,0,0,0,0,0,0,0,0,0,0,0,0,0,0,0,0,0,0,0,0,0,0,0,0,0,0,0,0,0,0,0,0,0,0,0,0,0,0,0,0,0,0,0,0,0,0,0
1371,0,0,0,0,0,0,0,0,0,0,0,0,0,0,0,0,0,0,0,0,0,0,0,0,0,0,0,0,0,0,0,0,0,0,0,0,0,0,0,0,0,0,0,0,0,0,0,0,0,0,0,0,0,0,0,0,0,0,0,0,0,0,0,0,0,0,0,0,0,0,0,0,0,0,0,0,0,0,0,0,0,0,0,0,0,0,0,0,0,0,0,0,0,0,0,0,0,0,0,0,0,0,0,0,0,0,0,0,0,0,0,0,0,0,0,0,0,0,0,0,0,0,0,0,0,0,0,0,0,0,0,0,0,0,0,0,0,0,0,0,0,0,0,0,0,0,0,0,0,0,0,0,0,0,0,0,0,0,0,0,0,0,0,0,0,0,0,0,0,0,0,0,0,0,0,0,0,0,0,0,0,0,0,0,0,0,0,0,0,0,0,0,0,0,0,0,0,0,0,0
1372,0,0,0,0,0,0,0,0,0,0,0,0,0,0,0,0,0,0,0,0,0,0,0,0,0,0,0,0,0,0,0,0,0,0,0,0,0,0,0,0,0,0,0,0,0,0,0,0,0,0,0,0,0,0,0,0,0,0,0,0,0,0,0,0,0,0,0,0,0,0,0,0,0,0,0,0,0,0,0,0,0,0,0,0,0,0,0,0,0,0,0,0,0,0,0,0,0,0,0,0,0,0,0,0,0,0,0,0,0,0,0,0,0,0,0,0,0,0,0,0,0,0,0,0,0,0,0,0,0,0,0,0,0,0,0,0,0,0,0,0,0,0,0,0,0,0,0,0,0,0,0,0,0,0,0,0,0,0,0,0,0,0,0,0,0,0,0,0,0,0,0,0,0,0,0,0,0,0,0,0,0,0,0,0,0,0,0,0,0,0,0,0,0,0,0,0,0,0,0,0
1373,0,0,0,0,0,0,0,0,0,0,0,0,0,0,0,0,0,0,0,0,0,0,0,0,0,0,0,0,0,0,0,0,0,0,0,0,0,0,0,0,0,0,0,0,0,0,0,0,0,0,0,0,0,0,0,0,0,0,0,0,0,0,0,0,0,0,0,0,0,0,0,0,0,0,0,0,0,0,0,0,0,0,0,0,0,0,0,0,0,0,0,0,0,0,0,0,0,0,0,0,0,0,0,0,0,0,0,0,0,0,0,0,0,0,0,0,0,0,0,0,0,0,0,0,0,0,0,0,0,0,0,0,0,0,0,0,0,0,0,0,0,0,0,0,0,0,0,0,0,0,0,0,0,0,0,0,0,0,0,0,0,0,0,0,0,0,0,0,0,0,0,0,0,0,0,0,0,0,0,0,0,0,0,0,0,0,0,0,0,0,0,0,0,0,0,0,0,0,0,0
1374,0,0,0,0,0,0,0,0,0,0,0,0,0,0,0,0,0,0,0,0,0,0,0,0,0,0,0,0,0,0,0,0,0,0,0,0,0,0,0,0,0,0,0,0,0,0,0,0,0,0,0,0,0,0,0,0,0,0,0,0,0,0,0,0,0,0,0,0,0,0,0,0,0,0,0,0,0,0,0,0,0,0,0,0,0,0,0,0,0,0,0,0,0,0,0,0,0,0,0,0,0,0,0,0,0,0,0,0,0,0,0,0,0,0,0,0,0,0,0,0,0,0,0,0,0,0,0,0,0,0,0,0,0,0,0,0,0,0,0,0,0,0,0,0,0,0,0,0,0,0,0,0,0,0,0,0,0,0,0,0,0,0,0,0,0,0,0,0,0,0,0,0,0,0,0,0,0,0,0,0,0,0,0,0,0,0,0,0,0,0,0,0,0,0,0,0,0,0,0,0
1375,0,0,0,0,0,0,0,0,0,0,0,0,0,0,0,0,0,0,0,0,0,0,0,0,0,0,0,0,0,0,0,0,0,0,0,0,0,0,0,0,0,0,0,0,0,0,0,0,0,0,0,0,0,0,0,0,0,0,0,0,0,0,0,0,0,0,0,0,0,0,0,0,0,0,0,0,0,0,0,0,0,0,0,0,0,0,0,0,0,0,0,0,0,0,0,0,0,0,0,0,0,0,0,0,0,0,0,0,0,0,0,0,0,0,0,0,0,0,0,0,0,0,0,0,0,0,0,0,0,0,0,0,0,0,0,0,0,0,0,0,0,0,0,0,0,0,0,0,0,0,0,0,0,0,0,0,0,0,0,0,0,0,0,0,0,0,0,0,0,0,0,0,0,0,0,0,0,0,0,0,0,0,0,0,0,0,0,0,0,0,0,0,0,0,0,0,0,0,0,0
1376,0,0,0,0,0,0,0,0,0,0,0,0,0,0,0,0,0,0,0,0,0,0,0,0,0,0,0,0,0,0,0,0,0,0,0,0,0,0,0,0,0,0,0,0,0,0,0,0,0,0,0,0,0,0,0,0,0,0,0,0,0,0,0,0,0,0,0,0,0,0,0,0,0,0,0,0,0,0,0,0,0,0,0,0,0,0,0,0,0,0,0,0,0,0,0,0,0,0,0,0,0,0,0,0,0,0,0,0,0,0,0,0,0,0,0,0,0,0,0,0,0,0,0,0,0,0,0,0,0,0,0,0,0,0,0,0,0,0,0,0,0,0,0,0,0,0,0,0,0,0,0,0,0,0,0,0,0,0,0,0,0,0,0,0,0,0,0,0,0,0,0,0,0,0,0,0,0,0,0,0,0,0,0,0,0,0,0,0,0,0,0,0,0,0,0,0,0,0,0,0
1377,0,0,0,0,0,0,0,0,0,0,0,0,0,0,0,0,0,0,0,0,0,0,0,0,0,0,0,0,0,0,0,0,0,0,0,0,0,0,0,0,0,0,0,0,0,0,0,0,0,0,0,0,0,0,0,0,0,0,0,0,0,0,0,0,0,0,0,0,0,0,0,0,0,0,0,0,0,0,0,0,0,0,0,0,0,0,0,0,0,0,0,0,0,0,0,0,0,0,0,0,0,0,0,0,0,0,0,0,0,0,0,0,0,0,0,0,0,0,0,0,0,0,0,0,0,0,0,0,0,0,0,0,0,0,0,0,0,0,0,0,0,0,0,0,0,0,0,0,0,0,0,0,0,0,0,0,0,0,0,0,0,0,0,0,0,0,0,0,0,0,0,0,0,0,0,0,0,0,0,0,0,0,0,0,0,0,0,0,0,0,0,0,0,0,0,0,0,0,0,0
1378,0,0,0,0,0,0,0,0,0,0,0,0,0,0,0,0,0,0,0,0,0,0,0,0,0,0,0,0,0,0,0,0,0,0,0,0,0,0,0,0,0,0,0,0,0,0,0,0,0,0,0,0,0,0,0,0,0,0,0,0,0,0,0,0,0,0,0,0,0,0,0,0,0,0,0,0,0,0,0,0,0,0,0,0,0,0,0,0,0,0,0,0,0,0,0,0,0,0,0,0,0,0,0,0,0,0,0,0,0,0,0,0,0,0,0,0,0,0,0,0,0,0,0,0,0,0,0,0,0,0,0,0,0,0,0,0,0,0,0,0,0,0,0,0,0,0,0,0,0,0,0,0,0,0,0,0,0,0,0,0,0,0,0,0,0,0,0,0,0,0,0,0,0,0,0,0,0,0,0,0,0,0,0,0,0,0,0,0,0,0,0,0,0,0,0,0,0,0,0,0
1379,0,0,0,0,0,0,0,0,0,0,0,0,0,0,0,0,0,0,0,0,0,0,0,0,0,0,0,0,0,0,0,0,0,0,0,0,0,0,0,0,0,0,0,0,0,0,0,0,0,0,0,0,0,0,0,0,0,0,0,0,0,0,0,0,0,0,0,0,0,0,0,0,0,0,0,0,0,0,0,0,0,0,0,0,0,0,0,0,0,0,0,0,0,0,0,0,0,0,0,0,0,0,0,0,0,0,0,0,0,0,0,0,0,0,0,0,0,0,0,0,0,0,0,0,0,0,0,0,0,0,0,0,0,0,0,0,0,0,0,0,0,0,0,0,0,0,0,0,0,0,0,0,0,0,0,0,0,0,0,0,0,0,0,0,0,0,0,0,0,0,0,0,0,0,0,0,0,0,0,0,0,0,0,0,0,0,0,0,0,0,0,0,0,0,0,0,0,0,0,0
1380,0,0,0,0,0,0,0,0,0,0,0,0,0,0,0,0,0,0,0,0,0,0,0,0,0,0,0,0,0,0,0,0,0,0,0,0,0,0,0,0,0,0,0,0,0,0,0,0,0,0,0,0,0,0,0,0,0,0,0,0,0,0,0,0,0,0,0,0,0,0,0,0,0,0,0,0,0,0,0,0,0,0,0,0,0,0,0,0,0,0,0,0,0,0,0,0,0,0,0,0,0,0,0,0,0,0,0,0,0,0,0,0,0,0,0,0,0,0,0,0,0,0,0,0,0,0,0,0,0,0,0,0,0,0,0,0,0,0,0,0,0,0,0,0,0.0000000000,0,0,0,0,0,0,0,0,0,0,0,0,0,0,0,0,0,0,0,0,0,0,0,0,0,0,0,0,0,0,0,0,0,0,0,0,0,0,0,0,0,0,0,0,0,0,0,0,0,0,0,0,0,0,0
1381,0,0,0,0,0,0,0,0,0,0,0,0,0,0,0,0,0,0,0,0,0,0,0,0,0,0,0,0,0,0,0,0,0,0,0,0,0,0,0,0,0,0,0,0,0,0,0,0,0,0,0,0,0,0,0,0,0,0,0,0,0,0,0,0,0,0,0,0,0,0,0,0,0,0,0,0,0,0,0,0,0,0,0,0,0,0,0,0,0,0,0,0,0,0,0,0,0,0,0,0,0,0,0,0,0,0,0,0,0,0,0,0,0,0,0,0,0,0,0,0,0,0,0,0,0,0,0,0,0,0,0,0,0,0,0,0,0,0,0,0,0,0,0,0,0,0,0,0,0,0,0,0,0,0,0,0,0,0,0,0,0,0,0,0,0,0,0,0,0,0,0,0,0,0,0,0,0,0,0,0,0,0,0,0,0,0,0,0,0,0,0,0,0,0,0,0,0,0,0,0
1382,0,0,0,0,0,0,0,0,0,0,0,0,0,0,0,0,0,0,0,0,0,0,0,0,0,0,0,0,0,0,0,0,0,0,0,0,0,0,0,0,0,0,0,0,0,0,0,0,0,0,0,0,0,0,0,0,0,0,0,0,0,0,0,0,0,0,0,0,0,0,0,0,0,0,0,0,0,0,0,0,0,0,0,0,0,0,0,0,0,0,0,0,0,0,0,0,0,0,0,0,0,0,0,0,0,0,0,0,0,0,0,0,0,0,0,0,0,0,0,0,0,0,0,0,0,0,0,0,0,0,0,0,0,0,0,0,0,0,0,0,0,0,0,0,0,0,0,0,0,0,0,0,0,0,0,0,0,0,0,0,0,0,0,0,0,0,0,0,0,0,0,0,0,0,0,0,0,0,0,0,0,0,0,0,0,0,0,0,0,0,0,0,0,0,0,0,0,0,0,0
1383,0,0,0,0,0,0,0,0,0,0,0,0,0,0,0,0,0,0,0,0,0,0,0,0,0,0,0,0,0,0,0,0,0,0,0,0,0,0,0,0,0,0,0,0,0,0,0,0,0,0,0,0,0,0,0,0,0,0,0,0,0,0,0,0,0,0,0,0,0,0,0,0,0,0,0,0,0,0,0,0,0,0,0,0,0,0,0,0,0,0,0,0,0,0,0,0,0,0,0,0,0,0,0,0,0,0,0,0,0,0,0,0,0,0,0,0,0,0,0,0,0,0,0,0,0,0,0,0,0,0,0,0,0,0,0,0,0,0,0,0,0,0,0,0,0,0,0,0,0,0,0,0,0,0,0,0,0,0,0,0,0,0,0,0,0,0,0,0,0,0,0,0,0,0,0,0,0,0,0,0,0,0,0,0,0,0,0,0,0,0,0,0,0,0,0,0,0,0,0,0
1384,0,0,0,0,0,0,0,0,0,0,0,0,0,0,0,0,0,0,0,0,0,0,0,0,0,0,0,0,0,0,0,0,0,0,0,0,0,0,0,0,0,0,0,0,0,0,0,0,0,0,0,0,0,0,0,0,0,0,0,0,0,0,0,0,0,0,0,0,0,0,0,0,0,0,0,0,0,0,0,0,0,0,0,0,0,0,0,0,0,0,0,0,0,0,0,0,0,0,0,0,0,0,0,0,0,0,0,0,0,0,0,0,0,0,0,0,0,0,0,0,0,0,0,0,0,0,0,0,0,0,0,0,0,0,0,0,0,0,0,0,0,0,0,0,0,0,0,0,0,0,0,0,0,0,0,0,0,0,0,0,0,0,0,0,0,0,0,0,0,0,0,0,0,0,0,0,0,0,0,0,0,0,0,0,0,0,0,0,0,0,0,0,0,0,0,0,0,0,0,0
1385,0,0,0,0,0,0,0,0,0,0,0,0,0,0,0,0,0,0,0,0,0,0,0,0,0,0,0,0,0,0,0,0,0,0,0,0,0,0,0,0,0,0,0,0,0,0,0,0,0,0,0,0,0,0,0,0,0,0,0,0,0,0,0,0,0,0,0,0,0,0,0,0,0,0,0,0,0,0,0,0,0,0,0,0,0,0,0,0,0,0,0,0,0,0,0,0,0,0,0,0,0,0,0,0,0,0,0,0,0,0,0,0,0,0,0,0,0,0,0,0,0,0,0,0,0,0,0,0,0,0,0,0,0,0,0,0,0,0,0,0,0,0,0,0,0,0,0,0,0,0,0,0,0,0,0,0,0,0,0,0,0,0,0,0,0,0,0,0,0,0,0,0,0,0,0,0,0,0,0,0,0,0,0,0,0,0,0,0,0,0,0,0,0,0,0,0,0,0,0,0
1386,46871.9525750941,91989.9109525792,90844.2380084584,59988.0582433481,23617.2753012820,86214.4407071072,96338.8566123410,42978.2177790152,60483.0358592440,56427.5570564287,21355.8974921532,65356.8566364639,18214.5593362510,66989.0216899039,72460.8830520748,82350.1670080378,37320.6704916055,24358.1644701940,67391.0239411266,65002.9424436663,74334.6424841273,43531.5805099302,46261.7628593968,19640.4592898688,62414.6591432168,54860.6581532942,5347.2621634481,29762.1987377962,37726.5424549776,81209.0622607616,56599.5007513578,77722.4401130731,37686.9410942576,35740.9083080232,16988.4082540528,77012.5565583362,28282.5047305553,60565.6379893597,27237.0412094318,70863.8181101993,87264.1577848591,49153.0024304446,25007.3808700728,50962.7328623672,35948.1610318257,80178.0583943779,42136.0331141674,50735.6858448441,55346.1901164684,12093.3090254685,70483.2222499046,85803.5768370222,12549.1781141561,70300.8865743975,72182.7101561576,48707.2325598996,15143.3035020729,14285.5983911634,10687.3313206199,34188.8543403593,27649.8265967866,62900.2823747236,46153.0882827335,51550.8374639924,28867.6518029111,53123.9575863032,63741.8462715316,82281.0633372398,75173.5099799960,51529.0354292152,55161.2398436003,66975.3701237417,19663.6072894117,58645.1358865067,29900.4436005081,27015.0066312644,82780.5224554151,46150.7203762448,36745.7578840455,37278.0324473921,60925.7999847734,81206.6710480302,33798.9008939366,11719.5279512924,18331.3476533208,44301.0709411504,78927.6446348993,70535.8829052427,34319.1056118388,68932.3997118355,64711.3653759399,79176.9510920785,82956.9619785867,19903.4644378592,17554.6189047900,74083.4429121469,30307.7715970625,74208.1173393046,79728.2294845697,9860.2997066733,29809.2813904206,66709.5834252520,87668.5038171413,42032.4670730964,25324.0634806343,52927.1860134925,49606.3037766841,43936.4901442645,56395.3051930347,63990.0318413406,35003.4206447192,29708.7142850352,51731.6214317422,44104.6923709026,73085.3986821086,23126.7990199940,27039.5603642203,53080.2586664468,6028.1401736538,63725.4479887924,20206.1597933222,59809.2372866889,34875.2443620938,53455.7978334462,63903.0716163712,49602.5840291755,70878.4295566689,64257.1147571061,41721.5606653380,77759.8360772945,9474.8670097465,75635.0128732057,48409.6270027924,9793.6150495605,49121.5205213399,40376.0389101035,22831.3106822795,42730.8228168410,52072.2601737094,8952.3142908392,20215.5350625207,68877.9392105184,57547.5762829874,72345.6783944067,22417.6721212487,20221.9646461609,84549.4467930304,60736.4906972211,67294.5844982866,43494.9252828366,67560.5802968491,66143.3393019054,20814.9655000365,69943.8771050422,76399.7004566012,63182.6696222111,17294.3369862728,15919.6518980656,58919.7673447681,40520.2401619764,24155.0624132129,80138.9120494519,37020.4586929306,22915.8620767748,59829.7288806807,33526.9197919818,19218.3713101871,22997.7666783574,13646.1961655438,80593.5111877934,15425.4206123172,43987.5378738866,50276.3354679634,76827.0352243528,10865.1792711619,80786.3074981811,32098.3110688520,48070.6064222383,24888.8055135151,61678.0545268562,25970.9310466681,47894.9886124365,70486.9072123974,16836.1635871934,15161.0575496453,76981.3967564061,48199.2068175178,30433.7100530749,31617.0165565426,47772.2624994750,16368.3905947613,60103.2763526661,23709.3357477941,50766.4806133244,85929.6102754676,32743.4928546289,53326.1032047373,59300.6641818733,54082.6553217171,50221.8368279951
1387,0,0,0,0,0,0,0,0,0,0,0,0,0,0,0,0,0,0,0,0,0,0,0,0,0,0,0,0,0,0,0,0,0,0,0,0,0,0,0,0,0,0,0,0,0,0,0,0,0,0,0,0,0,0,0,0,0,0,0,0,0,0,0,0,0,0,0,0,0,0,0,0,0,0,0,0,0,0,0,0,0,0,0,0,0,0,0,0,0,0,0,0,0,0,0,0,0,0,0,0,0,0,0,0,0,0,0,0,0,0,0,0,0,0,0,0,0,0,0,0,0,0,0,0,0,0,0,0,0,0,0,0,0,0,0,0,0,0,0,0,0,0,0,0,0,0,0,0,0,0,0,0,0,0,0,0,0,0,0,0,0,0,0,0,0,0,0,0,0,0,0,0,0,0,0,0,0,0,0,0,0,0,0,0,0,0,0,0,0,0,0,0,0,0,0,0,0,0,0,0
1388,0,0,0,0,0,0,0,0,0,0,0,0,0,0,0,0,0,0,0,0,0,0,0,0,0,0,0,0,0,0,0,0,0,0,0,0,0,0,0,0,0,0,0,0,0,0,0,0,0,0,0,0,0,0,0,0,0,0,0,0,0,0,0,0,0,0,0,0,0,0,0,0,0,0,0,0,0,0,0,0,0,0,0,0,0,0,0,0,0,0,0,0,0,0,0,0,0,0,0,0,0,0,0,0,0,0,0,0,0,0,0,0,0,0,0,0,0,0,0,0,0,0,0,0,0,0,0,0,0,0,0,0,0,0,0,0,0,0,0,0,0,0,0,0,0,0,0,0,0,0,0,0,0,0,0,0,0,0,0,0,0,0,0,0,0,0,0,0,0,0,0,0,0,0,0,0,0,0,0,0,0,0,0,0,0,0,0,0,0,0,0,0,0,0,0,0,0,0,0,0
1389,28496.8140953309,123605.5239645458,107921.2181394902,48273.8670181880,54486.6436892167,84286.7839014045,124325.6825673090,59394.6443905695,29852.3077697376,86534.0610461109,20711.1189835881,95995.8558296566,28805.6176361102,90501.7186726597,82850.7377632575,113025.2276035114,8337.7183050317,51699.3794404547,98973.7196357782,67338.9246348237,102248.0996097750,75137.7355395472,72090.4428644074,40794.9566198421,80093.5725534004,25175.1062767754,34877.3327000459,16356.1969695742,67645.7973517846,85761.1462655799,66684.3425455359,109193.1699461517,31981.0206739698,13452.0491522778,14731.9371287866,92554.0026340326,35072.9562068689,87592.4675863072,43348.3791826704,100800.9103223255,116631.3397511596,21346.2715159935,56264.1526731077,71974.3050204237,59145.4161864985,111690.5294658349,16794.8003034841,19132.3337440420,86785.7276642508,29292.0939217858,101553.8784190687,113080.0691511091,38955.7359014292,67370.5679224136,91352.6902466274,77400.7631703657,44077.5276061338,45873.4356701860,25706.3696488431,65703.0704476334,7016.9415120715,76217.3885499414,77021.1978576357,38137.2376599954,31848.6311438683,69815.0474611560,92660.4658890466,90924.6716226062,75984.1396337897,26557.2018292186,60483.0678125644,98335.8824514154,18879.3165102004,81157.5091789800,12506.2190451709,49261.0915782281,114393.4593542541,15997.3416335233,64382.0039360276,23782.4192869968,91858.8120667034,76921.9921797504,65051.3853002295,21510.7942587098,37222.6814027078,13965.8884002907,107903.8881265689,75145.0481376369,51750.0506067435,84065.4062319779,72890.3423602041,90904.7460893266,84318.4343747660,33820.4840570830,47352.8428148302,105697.1670809572,29033.9361987403,81443.7406475259,109680.3999832623,36058.8739349400,59720.0551256979,92240.1416928818,119232.2679419706,62347.1063017348,12708.2805861587,79568.1464259428,62126.4726617463,32202.7958134772,85096.2753655615,84117.3514748303,10748.1403223338,23600.8736184598,21228.8231855970,67602.0418392358,104535.0138026928,28112.4736462337,58634.4279568701,77632.0683645905,28103.6377301874,93795.5366036870,45113.4667401009,85142.0522557896,12611.8899138840,84415.6467269112,95506.4654417590,79577.5029174049,99876.3835140380,95606.9760058699,21429.1854596472,95453.1833622527,32844.7626419410,106223.3790942140,79855.8506110532,40958.3926769421,21104.1033795579,71669.6171700301,24722.0818449574,70900.3770445587,21022.7737505850,39704.6853776202,45599.2247693056,86361.4207367555,77126.4982575527,85141.6445862280,34950.2037634028,51816.9390415284,113060.5482218808,92295.7137517669,94208.3394862253,11896.9576513450,98156.4014946936,76729.5056757089,50271.4869872978,69846.7874790887,79733.4700146850,68399.5928876187,25820.7743135944,47034.6659811172,74475.9788035946,66137.3237835343,53802.0912740008,107730.2133088541,9185.0855167246,43191.1465536518,45102.1135270256,54434.6419313088,50427.7279753316,13192.3294107356,23713.7443726962,79456.6388797650,35139.2818797452,73949.4871235547,57778.8182699317,90580.5062770252,20772.7621406760,87695.7448386903,63704.5221276079,25944.9568282720,18925.5581192364,85418.3121315046,7522.7584426990,64742.6254147312,72762.8510374958,15764.1642829652,40750.2251703740,74294.0604668400,75596.9929140801,18150.1024073288,0.0000000000,32548.7840217799,20770.2886215625,71530.1705667435,29970.2636125528,73682.9248605253,82073.7258136969,30322.1227138808,81252.6270547591,66499.2751215590,68482.6939950074,68961.5856251405
1390,0,0,0,0,0,0,0,0,0,0,0,0,0,0,0,0,0,0,0,0,0,0,0,0,0,0,0,0,0,0,0,0,0,0,0,0,0,0,0,0,0,0,0,0,0,0,0,0,0,0,0,0,0,0,0,0,0,0,0,0,0,0,0,0,0,0,0,0,0,0,0,0,0,0,0,0,0,0,0,0,0,0,0,0,0,0,0,0,0,0,0,0,0,0,0,0,0,0,0,0,0,0,0,0,0,0,0,0,0,0,0,0,0,0,0,0,0,0,0,0,0,0,0,0,0,0,0,0,0,0,0,0,0,0,0,0,0,0,0,0,0,0,0,0,0,0,0,0,0,0,0,0,0,0,0,0,0,0,0,0,0,0,0,0,0,0,0,0,0,0,0,0,0,0,0,0,0,0,0,0,0,0,0,0,0,0,0,0,0,0,0,0,0,0,0,0,0,0,0,0
1391,0,0,0,0,0,0,0,0,0,0,0,0,0,0,0,0,0,0,0,0,0,0,0,0,0,0,0,0,0,0,0,0,0,0,0,0,0,0,0,0,0,0,0,0,0,0,0,0,0,0,0,0,0,0,0,0,0,0,0,0,0,0,0,0,0,0,0,0,0,0,0,0,0,0,0,0,0,0,0,0,0,0,0,0,0,0,0,0,0,0,0,0,0,0,0,0,0,0,0,0,0,0,0,0,0,0,0,0,0,0,0,0,0,0,0,0,0,0,0,0,0,0,0,0,0,0,0,0,0,0,0,0,0,0,0,0,0,0,0,0,0,0,0,0,0,0,0,0,0,0,0,0,0,0,0,0,0,0,0,0,0,0,0,0,0,0,0,0,0,0,0,0,0,0,0,0,0,0,0,0,0,0,0,0,0,0,0,0,0,0,0,0,0,0,0,0,0,0,0,0
1392,0,0,0,0,0,0,0,0,0,0,0,0,0,0,0,0,0,0,0,0,0,0,0,0,0,0,0,0,0,0,0,0,0,0,0,0,0,0,0,0,0,0,0,0,0,0,0,0,0,0,0,0,0,0,0,0,0,0,0,0,0,0,0,0,0,0,0,0,0,0,0,0,0,0,0,0,0,0,0,0,0,0,0,0,0,0,0,0,0,0,0,0,0,0,0,0,0,0,0,0,0,0,0,0,0,0,0,0,0,0,0,0,0,0,0,0,0,0,0,0,0,0,0,0,0,0,0,0,0,0,0,0,0,0,0,0,0,0,0,0,0,0,0,0,0,0,0,0,0,0,0,0,0,0,0,0,0,0,0,0,0,0,0,0,0,0,0,0,0,0,0,0,0,0,0,0,0,0,0,0,0,0,0,0,0,0,0,0,0,0,0,0,0,0,0,0,0,0,0,0
1393,0,0,0,0,0,0,0,0,0,0,0,0,0,0,0,0,0,0,0,0,0,0,0,0,0,0,0,0,0,0,0,0,0,0,0,0,0,0,0,0,0,0,0,0,0,0,0,0,0,0,0,0,0,0,0,0,0,0,0,0,0,0,0,0,0,0,0,0,0,0,0,0,0,0,0,0,0,0,0,0,0,0,0,0,0.0000000000,0,0,0,0,0,0,0,0,0,0,0,0,0,0,0,0,0,0,0,0,0,0,0,0,0,0,0,0,0,0,0,0,0,0,0,0,0,0,0,0,0,0,0,0,0,0,0,0,0,0,0,0,0,0,0,0,0,0,0,0,0,0,0,0,0,0,0,0,0,0,0,0,0,0,0,0,0,0,0,0,0,0,0,0,0,0,0,0,0,0,0,0,0,0,0,0,0,0,0,0,0,0,0,0,0,0,0,0,0,0,0,0,0,0,0
1394,0,0,0,0,0,0,0,0,0,0,0,0,0,0,0,0,0,0,0,0,0,0,0,0,0,0,0,0,0,0,0,0,0,0,0,0,0,0,0,0,0,0,0,0,0,0,0,0,0,0,0,0,0,0,0,0,0,0,0,0,0,0,0,0,0,0,0,0,0,0,0,0,0,0,0,0,0,0,0,0,0,0,0,0,0,0,0,0,0,0,0,0,0,0,0,0,0,0,0,0,0,0,0,0,0,0,0,0,0,0,0,0,0,0,0,0,0,0,0,0,0,0,0,0,0,0,0,0,0,0,0,0,0,0,0,0,0,0,0,0,0,0,0,0,0,0,0,0,0,0,0,0,0,0,0,0,0,0,0,0,0,0,0,0,0,0,0,0,0,0,0,0,0,0,0,0,0,0,0,0,0,0,0,0,0,0,0,0,0,0,0,0,0,0,0,0,0,0,0,0
1395,0,0,0,0,0,0,0,0,0,0,0,0,0,0,0,0,0,0,0,0,0,0,0,0,0,0,0,0,0,0,0,0,0,0,0,0,0,0,0,0,0,0,0,0,0,0,0,0,0,0,0,0,0,0,0,0,0,0,0,0,0,0,0,0,0,0,0,0,0,0,0,0,0,0,0,0,0,0,0,0,0,0,0,0,0,0,0,0,0,0,0,0,0,0,0,0,0,0,0,0,0,0,0,0,0,0,0,0,0,0,0,0,0,0,0,0,0,0,0,0,0,0,0,0,0,0,0,0,0,0,0,0,0,0,0,0,0,0,0,0,0,0,0,0,0,0,0,0,0,0,0,0,0,0,0,0,0,0,0,0,0,0,0,0,0,0,0,0,0,0,0,0,0,0,0,0,0,0,0,0,0,0,0,0,0,0,0,0,0,0,0,0,0,0,0,0,0,0,0,0
1396,0,0,0,0,0,0,0,0,0,0,0,0,0,0,0,0,0,0,0,0,0,0,0,0,0,0,0,0,0,0,0,0,0,0,0,0,0,0,0,0,0,0,0,0,0,0,0,0,0,0,0,0,0,0,0,0,0,0,0,0,0,0,0,0,0,0,0,0,0,0,0,0,0,0,0,0,0,0,0,0,0,0,0,0,0,0,0,0,0,0,0,0,0,0,0,0,0,0,0,0,0,0,0,0,0,0,0,0,0,0,0,0,0,0,0,0,0,0,0,0,0,0,0,0,0,0,0,0,0,0,0,0,0,0,0,0,0,0,0,0,0,0,0,0,0,0,0,0,0,0,0,0,0,0,0,0,0,0,0,0,0,0,0,0,0,0,0,0,0,0,0,0,0,0,0,0,0,0,0,0,0,0,0,0,0,0,0,0,0,0,0,0,0,0,0,0,0,0,0,0
1397,34874.2105649643,140629.2558608208,123269.0221293303,44636.4640467972,70940.5293700154,93092.4643573912,141988.0470318273,75646.6674332777,4961.0423680104,104283.1608008925,33458.5230148396,111859.7106513676,46073.9165024522,107591.3422043952,96659.6739729320,130727.2223847455,13194.1979259515,69459.6735363454,116219.9042135182,78940.5637011229,119931.2992708722,92335.6198591624,89653.2007561136,54766.4554720298,96068.6984435180,18582.9787454449,52077.0648981509,30806.9093146460,85391.0346467268,97337.4012138442,81020.9058958972,125846.2270029079,44555.5175789526,17411.6928149658,32314.8320616150,107707.6884054078,45042.7483997749,105217.9554515244,60241.5159970571,118564.7687688127,134398.0956528577,3598.9296267051,73758.4795627897,88817.9812736062,76528.7903584723,129043.0823730007,22148.8164657215,7742.9512852313,104206.0393300307,44421.1440139406,119159.0256708384,130674.2857026052,56725.6743236007,76690.5507763171,107496.2151336530,95162.8037471903,60060.2265716005,63147.5070307836,43410.2504025806,82567.6013844561,21218.4733334116,91138.5928988886,94660.8709929431,45429.9316261637,47296.8847271444,85800.9313995398,110420.5579938168,103877.9211354708,86454.8961771974,27263.6973878812,73631.0882749921,114865.2609001886,36181.3107836128,98152.1094802636,22587.9971436858,66711.9282327566,131398.1301348219,13708.0545078051,82120.5819372053,35013.4206740179,109496.6585413524,84964.9506741741,82561.0033521627,37918.6933676738,54724.5183828538,2336.1014050603,125658.8233853928,87204.6023154955,68476.0163509393,99286.1065786010,86338.8381002639,104920.4355628875,94622.9204276591,46801.2686756408,65057.2560416327,122717.6175673137,37263.9520085628,94210.3302725728,127445.7277358325,51951.4570801012,77453.8010420901,109655.7999544841,136509.6342071063,79251.4239124678,25563.0286891546,97180.6575775834,77354.8427795628,41840.8055785412,102852.8131288296,100590.4131001927,14003.1648773896,38178.2935941332,1203.9799221948,84912.8897325828,121949.7449861375,39603.6897271061,75673.6656175230,94994.9046065925,45024.2836668619,111550.6259502189,62822.9925242781,102566.1533656024,24026.7473700922,102040.8676913138,112481.3433236206,97330.2725264325,117635.9491267130,113089.5975544526,29085.3060585657,111155.3927839071,50559.4374522464,123935.3929943577,97269.4616999960,57816.8007976899,19897.1415666827,89168.4010576015,41223.9031815537,88650.2603636454,11930.1018047690,57243.7027884684,60376.1977902228,102164.3388136086,93594.3574455761,99649.1054390779,51886.6337331093,68886.6669769375,130783.0714531890,109588.1926325884,111801.9762507187,7936.9129823370,115863.0314486617,90811.1347030576,66182.4996309250,80280.4961524058,91074.0448098404,81033.6142898877,39578.3197666251,63749.8324769930,90055.1499021930,83716.5345466363,71539.5549581793,125371.5872254967,18197.1131383328,60602.9540040800,39849.7810392383,71611.2387463204,67925.0466844554,30405.1095919907,41427.1259059661,88874.6580733287,49579.8465595505,91698.6097807407,71814.4734353451,105245.2932265353,38177.9935743330,100114.5575625975,80915.7894230263,29999.8219187893,35042.2160821986,102589.7489986593,23915.1968656152,80910.9085917300,84023.1989263626,32245.4469735859,56006.4091985714,83274.7750135586,93290.9422304980,20739.2651257026,17770.7772449305,39980.6211068314,35622.4106690566,86063.8695403732,46432.2302478302,90833.6594605195,90047.1008838022,44473.8305814156,98971.7371362500,79927.3377836853,83949.4323002369,85419.5035211964
1398,35627.9326999360,118307.8572417259,109240.0280983365,43286.7128290208,48577.1984178184,89655.5615197401,122043.4247388044,60200.6216342079,33660.0865710276,83052.3246932031,12784.7729726345,89638.3571386224,28828.2529184123,89773.2727465425,85601.7601667541,109180.5317283731,13321.9029961987,49150.3241843022,94007.1139858340,71620.6631519646,99936.2811679325,70118.5357501571,70398.5329525468,33375.8507465832,80972.8119569798,32883.7320879596,30003.2587321358,21100.6686459488,64207.3313030185,89853.7316822125,69229.9806711494,103481.9455449984,36651.1857064238,13162.5999866231,11724.8448238076,94148.6162335345,27096.6440543641,85584.3359110372,43565.4454072641,97451.0504000318,113638.9384609696,22511.7990363093,51882.5453466517,71801.3425222613,58084.3669247786,106896.7889366915,24599.8078837923,25004.0098406811,82151.5746229698,22313.0016824058,97358.5629901135,111082.5630226045,36198.7564350913,72706.9822275738,91950.2443397600,74622.8455547021,37747.0421222281,41064.5962971329,22569.4180702999,60233.2766838056,2120.4293354726,78164.0579220364,72995.9405190086,44725.5414554527,34358.0483091328,70790.4652240614,89844.4509050736,94177.9508886515,80720.8395400646,34481.9447690223,63968.5173454193,92505.1194093825,19609.5210231009,80658.0514120649,12589.1086288280,48174.1834936488,109074.1463492028,23739.9378298702,61936.4746857385,29623.0531171231,87789.3247336144,82641.1459500853,60673.6574442159,15593.2812035353,36267.4067024889,17567.2475558298,105102.4837336502,79080.5027319543,52043.3394305199,85667.8874551516,75998.6981916089,93435.8697824519,89051.2703854405,26073.9508225501,43784.3216252350,100400.9837290836,21299.3592791047,84897.6650732188,106335.0167695830,29638.5265103715,56237.0871037598,90829.8378074412,114302.9229520979,62188.1064462010,490.6570234137,77653.0508805538,63981.1475153522,38227.2335955274,82354.7996703199,84364.0521496814,8365.7767840962,27453.6052600013,24934.1147766902,66614.1877834912,99867.1568409655,20137.3496717750,53402.4804217372,76438.7407785909,22823.5410828387,90351.3191171627,43106.0013659092,83750.8099569630,19513.0985881811,80319.2724269406,90156.2351786757,76155.6968579694,97043.2297367150,91096.1194618863,28598.3298473808,96501.7139153748,29562.7037592203,102441.5900712600,75219.3901893404,35518.2532135169,29075.0495117302,67244.3164331638,26415.8391124654,68306.0767144604,28205.8936066661,35566.1024780016,38533.8156128240,87372.6637896250,77440.2868436105,87344.6687891364,35366.5985949343,46643.7625285505,110503.4638852536,87412.6839838146,92282.8842753503,18511.1387816601,94362.4067126452,79344.3635320136,43897.3876511833,74671.1276586552,84005.9027462328,72085.1769980586,18193.7249517955,41404.9850970211,75829.2116631713,64441.3427095168,50391.6267269601,105579.3883199465,17061.2988042163,42335.1641240200,40863.4855880149,53898.7237040745,46084.5967867186,15044.9604826242,22415.4928401486,84621.1089339906,27861.6351320704,70515.4772784457,60697.9084089286,92610.4852491769,16663.3226280691,91301.1228774797,58726.2485319099,33573.8929992492,21710.2964001489,84571.1759528761,10327.4852358845,65571.6127574869,77152.1776368644,20091.9376576171,33915.0463331125,79686.7682371063,73356.1177163693,9393.1252719056,7985.0326159995,39271.5149516378,13532.3093807064,73855.1714996064,31375.5354572427,72965.8528104505,87772.5294415056,34044.2695591633,78835.6270801240,69705.7680052430,70018.7610432763,69373.9383261863
1399,0,0,0,0,0,0,0,0,0,0,0,0,0,0,0,0,0,0,0,0,0,0,0,0,0,0,0,0,0,0,0,0,0,0,0,0,0,0,0,0,0,0,0,0,0,0,0,0,0,0,0,0,0,0,0,0,0,0,0,0,0,0,0,0,0,0,0,0,0,0,0,0,0,0,0,0,0,0,0,0,0,0,0,0,0,0,0,0,0,0,0,0,0,0,0,0,0,0,0,0,0,0,0,0,0,0,0,0,0,0,0,0,0,0,0,0,0,0,0,0,0,0,0,0,0,0,0,0,0,0,0,0,0,0,0,0,0,0,0,0,0,0,0,0,0,0,0,0,0,0,0,0,0,0,0,0,0,0,0,0,0,0,0,0,0,0,0,0,0,0,0,0,0,0,0,0,0,0,0,0,0,0,0,0,0,0,0,0,0,0,0,0,0,0,0,0,0,0,0,0
1400,0,0,0,0,0,0,0,0,0,0,0,0,0,0,0,0,0,0,0,0,0,0,0,0,0,0,0,0,0,0,0,0,0,0,0,0,0,0,0,0,0,0,0,0,0,0,0,0,0,0,0,0,0,0,0,0,0,0,0,0,0,0,0,0,0,0,0,0,0,0,0,0,0,0,0,0,0,0,0,0,0,0,0,0,0,0,0,0,0,0,0,0,0,0,0,0,0,0,0,0,0,0,0,0,0,0,0,0,0,0,0,0,0,0,0,0,0,0,0,0,0,0,0,0,0,0,0,0,0,0,0,0,0,0,0,0,0,0,0,0,0,0,0,0,0,0,0,0,0,0,0,0,0,0,0,0,0,0,0,0,0,0,0,0,0,0,0,0,0,0,0,0,0,0,0,0,0,0,0,0,0,0,0,0,0,0,0,0,0,0,0,0,0,0,0,0,0,0,0,0
1401,0,0,0,0,0,0,0,0,0,0,0,0,0,0,0,0,0,0,0,0,0,0,0,0,0,0,0,0,0,0,0,0,0,0,0,0,0,0,0,0,0,0,0,0,0,0,0,0,0,0,0,0,0,0,0,0,0,0,0,0,0,0,0,0,0,0,0,0,0,0,0,0,0,0,0,0,0,0,0,0,0,0,0,0,0,0,0,0,0,0,0,0,0,0,0,0,0,0,0,0,0,0,0,0,0,0,0,0,0,0,0,0,0,0,0,0,0,0,0,0,0,0,0,0,0,0,0,0,0,0,0,0,0,0,0,0,0,0,0,0,0,0,0,0,0,0,0,0,0,0,0,0,0,0,0,0,0,0,0,0,0,0,0,0,0,0,0,0,0,0,0,0,0,0,0,0,0,0,0,0,0,0,0,0,0,0,0,0,0,0,0,0,0,0,0,0,0,0,0,0
1402,0,0,0,0,0,0,0,0,0,0,0,0,0,0,0,0,0,0,0,0,0,0,0,0,0,0,0,0,0,0,0,0,0,0,0,0,0,0,0,0,0,0,0,0,0,0,0,0,0,0,0,0,0,0,0,0,0,0,0,0,0,0,0,0,0,0,0,0,0,0,0,0,0,0,0,0,0,0,0,0,0,0,0,0,0,0,0,0,0,0,0,0,0,0,0,0,0,0,0,0,0,0,0,0,0,0,0,0,0,0,0,0,0,0,0,0,0,0,0,0,0,0,0,0,0,0,0,0,0,0,0,0,0,0,0,0,0,0,0,0,0,0,0,0,0,0,0,0,0,0,0,0,0,0,0,0,0,0,0,0,0,0,0,0,0,0,0,0,0,0,0,0,0,0,0,0,0,0,0,0,0,0,0,0,0,0,0,0,0,0,0,0,0,0,0,0,0,0,0,0
1403,0,0,0,0,0,0,0,0,0,0,0,0,0,0,0,0,0,0,0,0,0,0,0,0,0,0,0,0,0,0,0,0,0,0,0,0,0,0,0,0,0,0,0,0,0,0,0,0,0,0,0,0,0,0,0,0,0,0,0,0,0,0,0,0,0,0,0,0,0,0,0,0,0,0,0,0,0,0,0,0,0,0,0,0,0,0,0,0,0,0,0,0,0,0,0,0,0,0,0,0,0,0,0,0,0,0,0,0,0,0,0,0,0,0,0,0,0,0,0,0,0,0,0,0,0,0,0,0,0,0,0,0,0,0,0,0,0,0,0,0,0,0,0,0,0,0,0,0,0,0,0,0,0,0,0,0,0,0,0,0,0,0,0,0,0,0,0,0,0,0,0,0,0,0,0,0,0,0,0,0,0,0,0,0,0,0,0,0,0,0,0,0,0,0,0,0,0,0,0,0
1404,0,0,0,0,0,0,0,0,0,0,0,0,0,0,0,0,0,0,0,0,0,0,0,0,0,0,0,0,0,0,0,0,0,0,0,0,0,0,0,0,0,0,0,0,0,0,0,0,0,0,0,0,0,0,0,0,0,0,0,0,0,0,0,0,0,0,0,0,0,0,0,0,0,0,0,0,0,0,0,0,0,0,0,0,0,0,0,0,0,0,0,0,0,0,0,0,0,0,0,0,0,0,0,0,0,0,0,0,0,0,0,0,0,0,0,0,0,0,0,0,0,0,0,0,0,0,0,0,0,0,0,0,0,0,0,0,0,0,0,0,0,0,0,0,0,0,0,0,0,0,0,0,0,0,0,0,0,0,0,0,0,0,0,0,0,0,0,0,0,0,0,0,0,0,0,0,0,0,0,0,0,0,0,0,0,0,0,0,0,0,0,0,0,0,0,0,0,0,0,0
1405,0,0,0,0,0,0,0,0,0,0,0,0,0,0,0,0,0,0,0,0,0,0,0,0,0,0,0,0,0,0,0,0,0,0,0,0,0,0,0,0,0,0,0,0,0,0,0,0,0,0,0,0,0,0,0,0,0,0,0,0,0,0,0,0,0,0,0,0,0,0,0,0,0,0,0,0,0,0,0,0,0,0,0,0,0,0,0,0,0,0,0,0,0,0,0,0,0,0,0,0,0,0,0,0,0,0,0,0,0,0,0,0,0,0,0,0,0,0,0,0,0,0,0,0,0,0,0,0,0,0,0,0,0,0,0,0,0,0,0,0,0,0,0,0,0,0,0,0,0,0,0,0,0,0,0,0,0,0,0,0,0,0,0,0,0,0,0,0,0,0,0,0,0,0,0,0,0,0,0,0,0,0,0,0,0,0,0,0,0,0,0,0,0,0,0,0,0,0,0,0
1406,0,0,0,0,0,0,0,0,0,0,0,0,0,0,0,0,0,0,0,0,0,0,0,0,0,0,0,0,0,0,0,0,0,0,0,0,0,0,0,0,0,0,0,0,0,0,0,0,0,0,0,0,0,0,0,0,0,0,0,0,0,0,0,0,0,0,0,0,0,0,0,0,0,0,0,0,0,0,0,0,0,0,0,0,0,0,0,0,0,0,0,0,0,0,0,0,0,0,0,0,0,0,0,0,0,0,0,0,0,0,0,0,0,0,0,0,0,0,0,0,0,0,0,0,0,0,0,0,0,0,0,0,0,0,0,0,0,0,0,0,0,0,0,0,0,0,0,0,0,0,0,0,0,0,0,0,0,0,0,0,0,0,0,0,0,0,0,0,0,0,0,0,0,0,0,0,0,0,0,0,0,0,0,0,0,0,0,0,0,0,0,0,0,0,0,0,0,0,0,0
1407,0,0,0,0,0,0,0,0,0,0,0,0,0,0,0,0,0,0,0,0,0,0,0,0,0,0,0,0,0,0,0,0,0,0,0,0,0,0,0,0,0,0,0,0,0,0,0,0,0,0,0,0,0,0,0,0,0,0,0,0,0,0,0,0,0,0,0,0,0,0,0,0,0,0,0,0,0,0,0,0,0,0,0,0,0,0,0,0,0,0,0,0,0,0,0,0,0,0,0,0,0,0,0,0,0,0,0,0,0,0,0,0,0,0,0,0,0,0,0,0,0,0,0,0,0,0,0,0,0,0,0,0,0,0,0,0,0,0,0,0,0,0,0,0,0,0,0,0,0,0,0,0,0,0,0,0,0,0,0,0,0,0,0,0,0,0,0,0,0,0,0,0,0,0,0,0,0,0,0,0,0,0,0,0,0,0,0,0,0,0,0,0,0,0,0,0,0,0,0,0
1408,0,0,0,0,0,0,0,0,0,0,0,0,0,0,0,0,0,0,0,0,0,0,0,0,0,0,0,0,0,0,0,0,0,0,0,0,0,0,0,0,0,0,0,0,0,0,0,0,0,0,0,0,0,0,0,0,0,0,0,0,0,0,0,0,0,0,0,0,0,0,0,0,0,0,0,0,0,0,0,0,0,0,0,0,0,0,0,0,0,0,0,0,0,0,0,0,0,0,0,0,0,0,0,0,0,0,0,0,0,0,0,0,0,0,0,0,0,0,0,0,0,0,0,0,0,0,0,0,0,0,0,0,0,0,0,0,0,0,0,0,0,0,0,0,0,0,0,0,0,0,0,0,0,0,0,0,0,0,0,0,0,0,0,0,0,0,0,0,0,0,0,0,0,0,0,0,0,0,0,0,0,0,0,0,0,0,0,0,0,0,0,0,0,0,0,0,0,0,0,0
1409,0,0,0,0,0,0,0,0,0,0,0,0,0,0,0,0,0,0,0,0,0,0,0,0,0,0,0,0,0,0,0,0,0,0,0,0,0,0,0,0,0,0,0,0,0,0,0,0,0,0,0,0,0,0,0,0,0,0,0,0,0,0,0,0,0,0,0,0,0,0,0,0,0,0,0,0,0,0,0,0,0,0,0,0,0,0,0,0,0,0,0,0,0,0,0,0,0,0,0,0,0,0,0,0,0,0,0,0,0,0,0,0,0,0,0,0,0,0,0,0,0,0,0,0,0,0,0,0,0,0,0,0,0,0,0,0,0,0,0,0,0,0,0,0,0,0,0,0,0,0,0,0,0,0,0,0,0,0,0,0,0,0,0,0,0,0,0,0,0,0,0,0,0,0,0,0,0,0,0,0,0,0,0,0,0,0,0,0,0,0,0,0,0,0,0,0,0,0,0,0
1410,0,0,0,0,0,0,0,0,0,0,0,0,0,0,0,0,0,0,0,0,0,0,0,0,0,0,0,0,0,0,0,0,0,0,0,0,0,0,0,0,0,0,0,0,0,0,0,0,0,0,0,0,0,0,0,0,0,0,0,0,0,0,0,0,0,0,0,0,0,0,0,0,0,0,0,0,0,0,0,0,0,0,0,0,0,0,0,0,0,0,0,0,0,0,0,0,0,0,0,0,0,0,0,0,0,0,0,0,0,0,0,0,0,0,0,0,0,0,0,0,0,0,0,0,0,0,0,0,0,0,0,0,0,0,0,0,0,0,0,0,0,0,0,0,0,0,0,0,0,0,0,0,0,0,0,0,0,0,0,0,0,0,0,0,0,0,0,0,0,0,0,0,0,0,0,0,0,0,0,0,0,0,0,0,0,0,0,0,0,0,0,0,0,0,0,0,0,0,0,0
1411,0,0,0,0,0,0,0,0,0,0,0,0,0,0,0,0,0,0,0,0,0,0,0,0,0,0,0,0,0,0,0,0,0,0,0,0,0,0,0,0,0,0,0,0,0,0,0,0,0,0,0,0,0,0,0,0,0,0,0,0,0,0,0,0,0,0,0,0,0,0,0,0,0,0,0,0,0,0,0,0,0,0,0,0,0,0,0,0,0,0,0,0,0,0,0,0,0,0,0,0,0,0,0,0,0,0,0,0,0,0,0,0,0,0,0,0,0,0,0,0,0,0,0,0,0,0,0,0,0,0,0,0,0,0,0,0,0,0,0,0,0,0,0,0,0,0,0,0,0,0,0,0,0,0,0,0,0,0,0,0,0,0,0,0,0,0,0,0,0,0,0,0,0,0,0,0,0,0,0,0,0,0,0,0,0,0,0,0,0,0,0,0,0,0,0,0,0,0,0,0
1412,0,0,0,0,0,0,0,0,0,0,0,0,0,0,0,0,0,0,0,0,0,0,0,0,0,0,0,0,0,0,0,0,0,0,0,0,0,0,0,0,0,0,0,0,0,0,0,0,0,0,0,0,0,0,0,0,0,0,0,0,0,0,0,0,0,0,0,0,0,0,0,0,0,0,0,0,0,0,0,0,0,0,0,0,0,0,0,0,0,0,0,0,0,0,0,0,0,0,0,0,0,0,0,0,0,0,0,0,0,0,0,0,0,0,0,0,0,0,0,0,0,0,0,0,0,0,0,0,0,0,0,0,0,0,0,0,0,0,0,0,0,0,0,0,0,0,0,0,0,0,0,0,0,0,0,0,0,0,0,0,0,0,0,0,0,0,0,0,0,0,0,0,0,0,0,0,0,0,0,0,0,0,0,0,0,0,0,0,0,0,0,0,0,0,0,0,0,0,0,0
1413,0,0,0,0,0,0,0,0,0,0,0,0,0,0,0,0,0,0,0,0,0,0,0,0,0,0,0,0,0,0,0,0,0,0,0,0,0,0,0,0,0,0,0,0,0,0,0,0,0,0,0,0,0,0,0,0,0,0,0,0,0,0,0,0,0,0,0,0,0,0,0,0,0,0,0,0,0,0,0,0,0,0,0,0,0,0,0,0,0,0,0,0,0,0,0,0,0,0,0,0,0,0,0,0,0,0,0,0,0,0,0,0,0,0,0,0,0,0,0,0,0,0,0,0,0,0,0,0,0,0,0,0,0,0,0,0,0,0,0,0,0,0,0,0,0,0,0,0,0,0,0,0,0,0,0,0,0,0,0,0,0,0,0,0,0,0,0,0,0,0,0,0,0,0,0,0,0,0,0,0,0,0,0,0,0,0,0,0,0,0,0,0,0,0,0,0,0,0,0,0
1414,0,0,0,0,0,0,0,0,0,0,0,0,0,0,0,0,0,0,0,0,0,0,0,0,0,0,0,0,0,0,0,0,0,0,0,0,0,0,0,0,0,0,0,0,0,0,0,0,0,0,0,0,0,0,0,0,0,0,0,0,0,0,0,0,0,0,0,0,0,0,0,0,0,0,0,0,0,0,0,0,0,0,0,0,0,0,0,0,0,0,0,0,0,0,0,0,0,0,0,0,0,0,0,0,0,0,0,0,0,0,0,0,0,0,0,0,0,0,0,0,0,0,0,0,0,0,0,0,0,0,0,0,0,0,0,0,0,0,0,0,0,0,0,0,0,0,0,0,0,0,0,0,0,0,0,0,0,0,0,0,0,0,0,0,0,0,0,0,0,0,0,0,0,0,0,0,0,0,0,0,0,0,0,0,0,0,0,0,0,0,0,0,0,0,0,0,0,0,0,0
1415,0,0,0,0,0,0,0,0,0,0,0,0,0,0,0,0,0,0,0,0,0,0,0,0,0,0,0,0,0,0,0,0,0,0,0,0,0,0,0,0,0,0,0,0,0,0,0,0,0,0,0,0,0,0,0,0,0,0,0,0,0,0,0,0,0,0,0,0,0,0,0,0,0,0,0,0,0,0,0,0,0,0,0,0,0,0,0,0,0,0,0,0,0,0,0,0,0,0,0,0,0,0,0,0,0,0,0,0,0,0,0,0,0,0,0,0,0,0,0,0,0,0,0,0,0,0,0,0,0,0,0,0,0,0,0,0,0,0,0,0,0,0,0,0,0,0,0,0,0,0,0,0,0,0,0,0,0,0,0,0,0,0,0,0,0,0,0,0,0,0,0,0,0,0,0,0,0,0,0,0,0,0,0,0,0,0,0,0,0,0,0,0,0,0,0,0,0,0,0,0
1416,0,0,0,0,0,0,0,0,0,0,0,0,0,0,0,0,0,0,0,0,0,0,0,0,0,0,0,0,0,0,0,0,0,0,0,0,0,0,0,0,0,0,0,0,0,0,0,0,0,0,0,0,0,0,0,0,0,0,0,0,0,0,0,0,0,0,0,0,0,0,0,0,0,0,0,0,0,0,0,0,0,0,0,0,0,0,0,0,0,0,0,0,0,0,0,0,0,0,0,0,0,0,0,0,0,0,0,0,0,0,0,0,0,0,0,0,0,0,0,0,0,0,0,0,0,0,0,0,0,0,0,0,0,0,0,0,0,0,0,0,0,0,0,0,0,0,0,0,0,0,0,0,0,0,0,0,0,0,0,0,0,0,0,0,0,0,0,0,0,0,0,0,0,0,0,0,0,0,0,0,0,0,0,0,0,0,0,0,0,0,0,0,0,0,0,0,0,0,0,0
1417,0,0,0,0,0,0,0,0,0,0,0,0,0,0,0,0,0,0,0,0,0,0,0,0,0,0,0,0,0,0,0,0,0,0,0,0,0,0,0,0,0,0,0,0,0,0,0,0,0,0,0,0,0,0,0,0,0,0,0,0,0,0,0,0,0,0,0,0,0,0,0,0,0,0,0,0,0,0,0,0,0,0,0,0,0,0,0,0,0,0,0,0,0,0,0,0,0,0,0,0,0,0,0,0,0,0,0,0,0,0,0,0,0,0,0,0,0,0,0,0,0,0,0,0,0,0,0,0,0,0,0,0,0,0,0,0,0,0,0,0,0,0,0,0,0,0,0,0,0,0,0,0,0,0,0,0,0,0,0,0,0,0,0,0,0,0,0,0,0,0,0,0,0,0,0,0,0,0,0,0,0,0,0,0,0,0,0,0,0,0,0,0,0,0,0,0,0,0,0,0
1418,0,0,0,0,0,0,0,0,0,0,0,0,0,0,0,0,0,0,0,0,0,0,0,0,0,0,0,0,0,0,0,0,0,0,0,0,0,0,0,0,0,0,0,0,0,0,0,0,0,0,0,0,0,0,0,0,0,0,0,0,0,0,0,0,0,0,0,0,0,0,0,0,0,0,0,0,0,0,0,0,0,0,0,0,0,0,0,0,0,0,0,0,0,0,0,0,0,0,0,0,0,0,0,0,0,0,0,0,0,0,0,0,0,0,0,0,0,0,0,0,0,0,0,0,0,0,0,0,0,0,0,0,0,0,0,0,0,0,0,0,0,0,0,0,0,0,0,0,0,0,0,0,0,0,0,0,0,0,0,0,0,0,0,0,0,0,0,0,0,0,0,0,0,0,0,0,0,0,0,0,0,0,0,0,0,0,0,0,0,0,0,0,0,0,0,0,0,0,0,0
1419,0,0,0,0,0,0,0,0,0,0,0,0,0,0,0,0,0,0,0,0,0,0,0,0,0,0,0,0,0,0,0,0,0,0,0,0,0,0,0,0,0,0,0,0,0,0,0,0,0,0,0,0,0,0,0,0,0,0,0,0,0,0,0,0,0,0,0,0,0,0,0,0,0,0,0,0,0,0,0,0,0,0,0,0,0,0,0,0,0,0,0,0,0,0,0,0,0,0,0,0,0,0,0,0,0,0,0,0,0,0,0,0,0,0,0,0,0,0,0,0,0,0,0,0,0,0,0,0,0,0,0,0,0,0,0,0,0,0,0,0,0,0,0,0,0,0,0,0,0,0,0,0,0,0,0,0,0,0,0,0,0,0,0,0,0,0,0,0,0,0,0,0,0,0,0,0,0,0,0,0,0,0,0,0,0,0,0,0,0,0,0,0,0,0,0,0,0,0,0,0
1420,0,0,0,0,0,0,0,0,0,0,0,0,0,0,0,0,0,0,0,0,0,0,0,0,0,0,0,0,0,0,0,0,0,0,0,0,0,0,0,0,0,0,0,0,0,0,0,0,0,0,0,0,0,0,0,0,0,0,0,0,0,0,0,0,0,0,0,0,0,0,0,0,0,0,0,0,0,0,0,0,0,0,0,0,0,0,0,0,0,0,0,0,0,0,0,0,0,0,0,0,0,0,0,0,0,0,0,0,0,0,0,0,0,0,0,0,0,0,0,0,0,0,0,0,0,0,0,0,0,0,0,0,0,0,0,0,0,0,0,0,0,0,0,0,0,0,0,0,0,0,0,0,0,0,0,0,0,0,0,0,0,0,0,0,0,0,0,0,0,0,0,0,0,0,0,0,0,0,0,0,0,0,0,0,0,0,0,0,0,0,0,0,0,0,0,0,0,0,0,0
1421,58839.9919307354,126438.6603564961,44919.1226518527,129303.6550706445,90447.4837472886,15302.3000743410,92712.1470256282,40333.3637179819,102943.1214611725,81818.4852320486,92264.6091379936,119494.8240345387,61523.9268957324,56121.6069221661,17608.5277525034,101652.8229043016,82238.5998673906,65081.6122842949,104789.1609050872,15798.1340801197,78301.2700521017,91486.9351729548,59786.9613687156,97694.8675543601,36926.0601004883,80172.5509360190,78871.2515347859,65457.6178354826,73968.2244284592,2559.3220980000,23945.4372095423,120776.5531491099,49784.5716231473,94999.2967424059,77301.0572701584,33111.9745911760,104743.5662624413,67670.0699703572,51548.5136598137,88322.9360150027,94820.0906350245,101150.3941580625,78709.9475592066,46239.6635226887,54042.0309024722,111502.8767446005,70978.9103058419,90235.2740102961,93722.0052270089,89142.1707026223,97881.2590571263,81822.8136028864,67891.7235515659,19027.8208120832,42959.3545955916,71118.6670789132,89844.1129872747,79642.7188833996,73057.4666760630,91336.9278245823,83643.5771639305,26140.1078222440,82721.6117476134,48766.1941966064,52468.3500914863,36109.3728298585,78189.4828042278,21410.8960670273,12900.8830983248,68735.8454216580,23095.7864701413,114497.2988001476,67559.7666665409,50677.4776119343,74997.7767030213,56153.9557062432,119744.7827969488,79836.0639272749,64943.0987710001,58590.5545752184,90669.7096790081,19749.3000623282,81262.5764543147,82862.3767800300,60077.4834442521,92508.3633625061,86926.2734789964,1969.2861534667,46888.1633453791,30185.0550931095,15886.6495825191,22544.8222559128,13613.0422547005,97451.2817081210,71758.5516267866,113188.7105084341,103501.7850919292,4326.1291090099,93912.8546981729,87804.7671254105,72466.1040379493,63764.2013532045,118609.2864245247,46750.3337514757,89158.0331199242,63748.2342089046,31563.5105293038,51265.0856592086,73814.0384797945,44088.5429873222,87861.5370869669,58587.7432012056,97190.6388878547,53163.7005572482,105097.2495652345,97944.1590700697,86296.4400879284,56422.1488399091,80585.6783055279,85246.4029348870,62583.2469160482,60615.1343147352,70211.4711999886,86929.7406536115,106893.9767983279,78045.1416804400,82344.9380476909,97596.0624058724,64029.2905507579,40140.8479888971,71629.1913872560,96379.0688253612,90041.5651231672,82817.6514697350,75009.5114610044,84209.4327337345,60656.9073600208,67489.5345316074,84589.5217730345,75060.4848842286,96698.1501923283,36925.5983348156,42096.3589682579,24025.2248947089,55986.0814412216,83595.7619324033,87713.1732497554,99621.8288272840,69928.5183804174,85399.0916886057,91442.6470801727,19312.2127685575,92667.6016686964,13471.4231818850,4075.4309105688,15036.3404635492,92078.7547612416,85609.5309874182,32082.9942665011,58988.5847968844,71084.7828184899,79960.7794856105,75826.6483133005,56957.1399642067,126672.1948994431,51223.5748071620,77229.8806096031,71058.1478370040,68544.3717582779,11888.4487852379,93579.8538775298,75961.2599555460,27984.1524892610,27685.0069766514,77469.2324662528,19098.5896547513,86017.3881250993,64301.5770892282,64369.7694974561,55362.0564973541,78057.3486505430,38421.2063183910,16953.8941113214,82436.3002465242,92460.9157297881,15993.9067148801,65576.8516885724,91135.0789259547,81764.6598734048,53647.9589908620,87792.0025364983,23556.5428791937,56768.9639809091,51298.3213378536,19651.4825497664,51975.3537714256,69104.2431251930,19372.5059621911,31504.6922655560,41150.1900996184
1422,0,0,0,0,0,0,0,0,0,0,0,0,0,0,0,0,0,0,0,0,0,0,0,0,0,0,0,0,0,0,0,0,0,0,0,0,0,0,0,0,0,0,0,0,0,0,0,0,0,0,0,0,0,0,0,0,0,0,0,0,0,0,0,0,0,0,0,0,0,0,0,0,0,0,0,0,0,0,0,0,0,0,0,0,0,0,0,0,0,0,0,0,0,0,0,0,0,0,0,0,0,0,0,0,0,0,0,0,0,0,0,0,0,0,0,0,0,0,0,0,0,0,0,0,0,0,0,0,0,0,0,0,0,0,0,0,0,0,0,0,0,0,0,0,0,0,0,0,0,0,0,0,0,0,0,0,0,0,0,0,0,0,0,0,0,0,0,0,0,0,0,0,0,0,0,0,0,0,0,0,0,0,0,0,0,0,0,0,0,0,0,0,0,0,0,0,0,0,0,0
1423,0,0,0,0,0,0,0,0,0,0,0,0,0,0,0,0,0,0,0,0,0,0,0,0,0,0,0,0,0,0,0,0,0,0,0,0,0,0,0,0,0,0,0,0,0,0,0,0,0,0,0,0,0,0,0,0,0,0,0,0,0,0,0,0,0,0,0,0,0,0,0,0,0,0,0,0,0,0,0,0,0,0,0,0,0,0,0,0,0,0,0,0,0,0,0,0,0,0,0,0,0,0,0,0,0,0,0,0,0,0,0,0,0,0,0,0,0,0,0,0,0,0,0,0,0,0,0,0,0,0,0,0,0,0,0,0,0,0,0,0,0,0,0,0,0,0,0,0,0,0,0,0,0,0,0,0,0,0,0,0,0,0,0,0,0,0,0,0,0,0,0,0,0,0,0,0,0,0,0,0,0,0,0,0,0,0,0,0,0,0,0,0,0,0,0,0,0,0,0,0
1424,0,0,0,0,0,0,0,0,0,0,0,0,0,0,0,0,0,0,0,0,0,0,0,0,0,0,0,0,0,0,0,0,0,0,0,0,0,0,0,0,0,0,0,0,0,0,0,0,0,0,0,0,0,0,0,0,0,0,0,0,0,0,0,0,0,0,0,0,0,0,0,0,0,0,0,0,0,0,0,0,0,0,0,0,0,0,0,0,0,0,0,0,0,0,0,0,0,0,0,0,0,0,0,0,0,0,0,0,0,0,0,0,0,0,0,0,0,0,0,0,0,0,0,0,0,0,0,0,0,0,0,0,0,0,0,0,0,0,0,0,0,0,0,0,0,0,0,0,0,0,0,0,0,0,0,0,0,0,0,0,0,0,0,0,0,0,0,0,0,0,0,0,0,0,0,0,0,0,0,0,0,0,0,0,0,0,0,0,0,0,0,0,0,0,0,0,0,0,0,0
1425,56398.3526709552,107150.5922679157,37107.1939283774,118991.9283176984,72743.4416320641,34012.1657965873,76655.4399430694,22086.1165443787,98787.4588396052,62274.6220936832,80291.6090624026,100001.1536612412,48911.5554936531,38351.1134391250,9274.7906711456,82960.6301181555,75483.9233802484,47118.7954553384,85203.5167668987,17151.9776328596,60256.0412403289,72111.2307577564,40158.1769361725,82376.6404307725,18686.3278857572,78154.5036645572,63603.0036545933,57588.3835852857,54599.1553481834,20505.9011553455,7320.6752411185,101170.1203484152,43239.9423824479,86104.8885453141,66127.3596893923,21753.5708613980,91305.4710950067,48626.3705936398,36293.0228466483,69373.8365199587,77151.3615940184,94490.3300233629,60376.3800490563,26630.7291268521,35185.0888085906,92194.5379396824,66484.8933871234,85761.8982391275,74093.1267586969,75196.1137503687,78550.8477711876,65197.2365221188,52040.4581850361,28612.4781389704,27563.3072721611,51494.6377409387,73486.5744574778,62635.7807755503,59705.5972407862,72556.9853970092,74417.8280899689,12175.5740777058,63136.5759721128,48171.7835284931,42035.3337221333,16487.0868682495,59088.8138246167,18759.3499229267,22737.5908101720,67091.8230690234,22153.5860486621,94881.4248303474,56841.3881589981,31742.6123418045,67011.7019882819,38854.8069708231,100284.1382127756,75579.3446728890,45638.1218534978,52882.9115429339,71132.8074263463,35421.5350584943,62212.3771486611,70140.7956707582,45229.8520145617,86100.7719009223,68847.8220071239,13444.7965104289,29873.2744777420,14807.6917489547,5934.6866144753,17247.9810024519,26343.8225497321,83344.5211045840,54421.8589190178,93618.9482926128,91306.9928945544,11743.2255490348,75450.9528316070,72600.7272569957,53646.5973005151,45557.1448118941,99418.6841766841,27619.4044716340,78691.5905759928,44259.6224532633,14015.5553845452,47658.3856416050,54376.8816228633,26196.4620772930,79866.5001358697,50156.9977712076,91861.8989822040,33604.2884376428,85672.6483554508,85048.7898996971,67964.5880858809,36967.4396063263,66563.6685177757,65936.5397630209,45765.1439141172,41668.6557290348,63757.3149470427,67302.4609712329,87264.5905470378,58416.5416415260,63678.0244632692,78042.3016744432,59780.5342305476,27449.1228346222,56842.0407430579,77425.5122927961,70475.2340747370,66630.5467603579,72068.7165032913,64832.7541898093,49935.7130850288,47910.7615617995,81258.5185925097,58945.7026989250,80544.8553761696,20902.1999748032,22957.2385519019,12273.0309745098,42596.9053135730,65924.2560403739,70306.8096284117,79996.1745060813,51496.1310646988,79795.3615239742,72160.4275197648,3144.4106164117,75602.0854597514,22760.0102219016,18816.7424068346,18577.2005802260,79011.5814099564,68636.0821700310,12763.2289928362,39525.3359018375,52873.5702358303,62598.1177304807,69602.0138021388,40952.7792487302,117097.4746654926,33191.5016814325,59546.9358722547,61414.5278430622,56134.3691083690,29159.0381668989,78891.7299208901,56379.2873218516,11798.7997083606,17990.2726154899,64952.9162955809,17894.2755834743,67211.6753895227,61981.9361847620,54946.3615338854,36762.9574515798,68924.9548291105,19216.9967245396,18058.0926462718,70879.2365708916,76762.1477353233,30317.4785472083,45955.1864425482,81582.9205180625,73671.4235306020,51601.8825651067,75412.5987144080,4771.0439247347,45160.4171718873,31717.8584044054,37274.3486922350,43520.9129837784,49593.0832445798,11514.6707743980,12045.9720565435,21538.8679289355
1426,0,0,0,0,0,0,0,0,0,0,0,0,0,0,0,0,0,0,0,0,0,0,0,0,0,0,0,0,0,0,0,0,0,0,0,0,0,0,0,0,0,0,0,0,0,0,0,0,0,0,0,0,0,0,0,0,0,0,0,0,0,0,0,0,0,0,0,0,0,0,0,0,0,0,0,0,0,0,0,0,0,0,0,0,0,0,0,0,0,0,0,0,0,0,0,0,0,0,0,0,0,0,0,0,0,0,0,0,0,0,0,0,0,0,0,0,0,0,0,0,0,0,0,0,0,0,0,0,0,0,0,0,0,0,0,0,0,0,0,0,0,0,0,0,0,0,0,0,0,0,0,0,0,0,0,0,0,0,0,0,0,0,0,0,0,0,0,0,0,0,0,0,0,0,0,0,0,0,0,0,0,0,0,0,0,0,0,0,0,0,0,0,0,0,0,0,0,0,0,0
1427,0,0,0,0,0,0,0,0,0,0,0,0,0,0,0,0,0,0,0,0,0,0,0,0,0,0,0,0,0,0,0,0,0,0,0,0,0,0,0,0,0,0,0,0,0,0,0,0,0,0,0,0,0,0,0,0,0,0,0,0,0,0,0,0,0,0,0,0,0,0,0,0,0,0,0,0,0,0,0,0,0,0,0,0,0,0,0,0,0,0,0,0,0,0,0,0,0,0,0,0,0,0,0,0,0,0,0,0,0,0,0,0,0,0,0,0,0,0,0,0,0,0,0,0,0,0,0,0,0,0,0,0,0,0,0,0,0,0,0,0,0,0,0,0,0,0,0,0,0,0,0,0,0,0,0,0,0,0,0,0,0,0,0,0,0,0,0,0,0,0,0,0,0,0,0,0,0,0,0,0,0,0,0,0,0,0,0,0,0,0,0,0,0,0,0,0,0,0,0,0
1428,0,0,0,0,0,0,0,0,0,0,0,0,0,0,0,0,0,0,0,0,0,0,0,0,0,0,0,0,0,0,0,0,0,0,0,0,0,0,0,0,0,0,0,0,0,0,0,0,0,0,0,0,0,0,0,0,0,0,0,0,0,0,0,0,0,0,0,0,0,0,0,0,0,0,0,0,0,0,0,0,0,0,0,0,0,0,0,0,0,0,0,0,0,0,0,0,0,0,0,0,0,0,0,0,0,0,0,0,0,0,0,0,0,0,0,0,0,0,0,0,0,0,0,0,0,0,0,0,0,0,0,0,0,0,0,0,0,0,0,0,0,0,0,0,0,0,0,0,0,0,0,0,0,0,0,0,0,0,0,0,0,0,0,0,0,0,0,0,0,0,0,0,0,0,0,0,0,0,0,0,0,0,0,0,0,0,0,0,0,0,0,0,0,0,0,0,0,0,0,0
1429,0,0,0,0,0,0,0,0,0,0,0,0,0,0,0,0,0,0,0,0,0,0,0,0,0,0,0,0,0,0,0,0,0,0,0,0,0,0,0,0,0,0,0,0,0,0,0,0,0,0,0,0,0,0,0,0,0,0,0,0,0,0,0,0,0,0,0,0,0,0,0,0,0,0,0,0,0,0,0,0,0,0,0,0,0,0,0,0,0,0,0,0,0,0,0,0,0,0,0,0,0,0,0,0,0,0,0,0,0,0,0,0,0,0,0,0,0,0,0,0,0,0,0,0,0,0,0,0,0,0,0,0,0,0,0,0,0,0,0,0,0,0,0,0,0,0,0,0,0,0,0,0,0,0,0,0,0,0,0,0,0,0,0,0,0,0,0,0,0,0,0,0,0,0,0,0,0,0,0,0,0,0,0,0,0,0,0,0,0,0,0,0,0,0,0,0,0,0,0,0
1430,57250.2063278051,111410.4992299704,37314.3006095701,121929.5891578070,77141.0735135346,29818.3022865308,79679.6000571541,26489.5219522648,100288.3346028237,66684.9180380645,83514.5728368580,104594.3793131471,52143.3850192583,41892.0843859065,9768.2337828173,86945.4422020710,77493.9251538811,51534.5670273383,89650.6764587313,15118.5027885848,63960.4452322245,76713.2987299195,44691.6009926321,86325.1387942602,22318.4534446596,79071.0928843565,67503.8251455985,59750.0091912980,59201.4974686575,15905.0429727730,10716.3741522644,105639.7448493748,44922.6221800351,88651.1315761777,69118.1683768312,22632.1902534682,94873.8245810918,52745.5795263695,40070.6560513102,73462.6389722158,80735.7387408466,96553.3012101989,64869.4296819065,31107.4576365689,39736.9991610732,96462.8681020018,67911.1507587517,87288.2820509064,78622.0044259772,78840.2510350785,82828.6122089103,68390.0374484743,56034.1527595886,26069.0452792550,30082.7031872319,55994.2890521155,77632.1352551673,66893.2928960433,63168.0458140366,77117.4640750239,76996.0119595095,11199.9929013219,67710.0473167979,48478.1707212194,44671.4956731740,21047.3201938208,63243.0458710829,22809.5178367227,18969.1385115396,67849.4291699676,22925.1564903723,99432.9879252624,59675.7975209809,35784.9839586946,69264.4248761602,43118.6391101988,104639.1880974959,77006.2038039130,50239.2363180069,54481.9727873338,75538.1285945070,31869.6955440571,66798.9413025893,73499.8544946815,48967.6420540931,88076.4518121614,72576.5230142836,15878.2147281393,34031.7272983833,16992.8275422112,3270.0390485542,15781.8057962303,21903.7066253896,87040.8436426850,58730.4463517172,98051.5709798374,94606.1038377746,12971.8213019838,79336.9274255315,76508.3337717729,58205.5407506093,49299.7058703216,103629.2327486463,32201.2942349303,81570.3611877032,48626.7198808065,18146.1410125220,48684.1158768066,58711.7715617881,29725.6082439209,82183.6631048835,52388.3640460379,93609.9733274461,38191.4053813779,90004.6299502278,88487.2498865033,72461.9947772645,41309.0125334206,70201.0265277605,70200.3167088372,49948.0738411612,45733.1682859171,65628.1202887793,71809.9689187551,91788.4088035505,62930.2978418413,67639.3282850101,82461.1842053696,61095.9801679300,28978.8141964549,60617.1448852149,81520.1779781287,75054.9381281235,70730.7480446243,73166.0852717542,69434.9078545096,52720.7002768463,52488.7361008355,82498.3331602338,63014.9990894678,84659.3960443393,23555.7516581069,27090.1316844672,12637.1682788735,45969.0585957714,70310.2127476734,73786.4309688976,84498.1022056609,55344.0735462294,81558.0426467719,76411.1182122680,4415.7420425820,79886.9034602282,19919.9119569758,14467.2860886063,17436.9515801144,82473.2419635219,72895.4809807659,16984.7158815675,44125.3300594313,57340.4681187349,66048.4281322380,71456.2815643693,44936.4556130670,119869.9672684765,37591.3937749579,63928.1340507048,64023.7496170602,59362.4304357965,25194.9518282320,82702.8964973892,60954.8043276260,18331.1040585106,18065.9252635986,68246.5309505790,21718.3102610022,71773.7531699804,62858.0169605604,57459.1706970313,40655.5539131740,71455.9752706560,23799.6504822719,14741.4403809179,73977.6130057948,80779.8381142256,26914.1829345452,50450.2365002440,84263.6958675831,75984.0460562284,52303.7987343762,78711.8965152232,7959.4606402229,48119.7666819243,36159.8927144927,33344.4771305102,45682.4443100808,53977.3266910015,15278.2986895947,16647.6115777907,26107.3640513046
1431,0,0,0,0,0,0,0,0,0,0,0,0,0,0,0,0,0,0,0,0,0,0,0,0,0,0,0,0,0,0,0,0,0,0,0,0,0,0,0,0,0,0,0,0,0,0,0,0,0,0,0,0,0,0,0,0,0,0,0,0,0,0,0,0,0,0,0,0,0,0,0,0,0,0,0,0,0,0,0,0,0,0,0,0,0,0,0,0,0,0,0,0,0,0,0,0,0,0,0,0,0,0,0,0,0,0,0,0,0,0,0,0,0,0,0,0,0,0,0,0,0,0,0,0,0,0,0,0,0,0,0,0,0,0,0,0,0,0,0,0,0,0,0,0,0,0,0,0,0,0,0,0,0,0,0,0,0,0,0,0,0,0,0,0,0,0,0,0,0,0,0,0,0,0,0,0,0,0,0,0,0,0,0,0,0,0,0,0,0,0,0,0,0,0,0,0,0,0,0,0
1432,68596.2819121804,70952.0612041240,48613.9933321924,105995.1595465169,43028.7507475740,71205.4027463965,53818.7383876848,21025.1287200983,100737.0830464036,25407.8617938603,67313.7743025700,62704.8903375002,42544.2413139080,20968.4612658701,42726.9449389263,49676.4349671917,75442.7987202099,21810.9320460119,47869.5527510223,50938.8207483863,32198.0775029855,35460.4385744732,3791.0002057732,59685.7470779534,23993.7232153792,86742.4207791482,44254.7755364322,59374.4082346248,18594.7210460729,57897.5070895353,34573.3880552842,63694.7355927808,52806.2818284046,79693.8876521273,57974.9013115634,38314.0711581886,72979.5959905679,17225.4730053096,29324.5451706580,35673.3665420279,48404.4527433202,91854.6095544963,29535.0583561773,12880.3096679994,12175.8448861087,56078.3004762827,72690.6740757001,88673.5537612914,36457.8859932611,57645.0023980057,42568.7649808531,42225.7580540963,34095.3656343347,61797.4356080787,29458.9241517608,14021.7651005717,48590.7536727160,37185.0977613951,47368.6831937289,38481.5756998974,69177.4856418012,31879.6303332323,25638.1772551777,65487.4628395665,44370.6988896455,21159.4199039591,25406.8780655129,52544.0733480344,59364.1446162062,78230.6752033815,41890.7990595996,57251.6072485191,52408.8402818881,13724.9377149864,66087.7403196020,21878.1374466482,63456.2665042966,80481.6142129571,11391.1735082774,60391.7134961395,34172.4253733332,71012.3112576248,27534.3315735266,57007.5710896754,33893.9675220850,85079.6675713989,39312.2081672470,50616.1145474818,22671.5724170845,32693.3477686095,41550.0261078856,45563.5416123066,63946.6266820423,64115.7314631826,29597.4118931068,56338.7663338836,76254.3328399577,48878.7944062886,43592.2430135157,51663.5793027692,21323.0425697132,21159.1835764284,63680.1786119273,13331.6417437228,69752.4267746584,9452.4877551054,28349.4307210986,60543.5400636186,18705.0764952728,21294.6301952602,76418.6503363744,53247.0660183385,92281.3203079997,5011.0285072295,49125.5207417441,68945.4243313075,36178.3040255659,5325.8060324360,50475.0805174572,30467.7946560580,26682.8111103116,14066.9468331163,66792.8289686426,29724.4102965784,49634.0608061797,20830.8216119525,31953.3313298769,40918.9779763728,67999.2716398052,36117.5026686576,40948.2692440192,43257.7243586983,33026.2795128487,43466.4723057819,80020.2050284489,28338.4142008075,47979.2652114594,10620.4350612465,86992.0311727656,37797.9429197951,55433.5911057765,29009.5703140800,17516.1742211423,38835.9944776305,37177.9717448696,37197.1404264307,43407.3153205074,42422.1448774770,23452.0993744160,81366.4711550650,36598.9454107295,38382.0133629656,47946.9439901211,57419.8045976196,56369.6930257323,45519.6664292028,63319.1642445028,42247.5588916260,25753.1258661882,6504.3067069166,24213.3500433611,37178.0042664388,71788.3666861563,27990.8473258632,105926.4083603938,17682.9596944236,31888.3251643965,58184.9443888168,47569.6017100608,65962.3747070790,58570.5004688177,18935.3549464914,37030.0525601117,40735.7597302480,53560.4563064114,54028.3073314035,33364.7746728996,73042.2357735153,54178.3229343557,15669.1761235305,65024.1572428559,19841.6221454477,54176.0763527874,60685.2233863301,53600.3426862926,65751.0301507901,8625.4874586449,74341.3853126793,71114.3409120738,65741.8507667504,62186.6552386399,33732.3499252464,43140.4772870705,10080.8849298983,73818.3634934569,49328.8978680897,13619.7791495362,40504.1120152342,25920.4951949652,16138.7389250475
1433,70115.8223272533,68874.4930110282,49701.4740544002,106018.3935006186,42092.6361930371,73300.5780452903,52683.0474784676,23023.0575891494,101634.5492928544,23324.3257271548,67540.6270142259,60743.6356054231,43508.8159143841,21189.7268998642,44682.6180533953,47791.6374656715,76366.1156141471,21891.7725151883,45767.4878764699,53038.0728461925,30888.3693020728,33653.1158209187,0.9193673510,59257.0500984850,25734.8907464560,88014.0292799523,44280.9401452943,60523.4376504524,17049.4208813594,59932.0283293575,36675.7643085954,61597.9556646315,54361.3089891785,80240.3121529992,58599.0433258500,39847.7732803042,72793.1425828745,15922.8616764126,30628.0127463046,33810.0466561899,46864.5547532364,92548.2727219280,28654.3939339797,13283.6754720044,13405.2137123014,54010.0636823822,73933.8408439493,89670.5639351527,34385.7348937226,57638.8082938250,40518.1478484018,41206.4085453682,34453.6937758923,63883.2803940372,30639.6108736192,11919.3571320713,48076.1003668092,36779.6940424295,47867.5847973427,37056.5803404882,69865.5756904189,33875.8202806922,23657.5855808547,67206.3787905742,45748.8443622252,23232.1189881921,23623.4501280335,54446.6438129459,61464.2292934152,79652.3063549646,43964.4852297960,55203.2220534601,53319.2100909193,14718.1432509173,67036.9413521479,22830.3877367116,61359.3027683292,81617.1139217348,16905.7024570302,61787.9115523290,32077.9610937251,73113.2701640882,26119.8602089072,57322.5848761893,34759.8547591088,85893.9456761400,37779.2296522251,52706.3385665350,24284.6656776823,34458.3914353850,43633.9393483416,47354.5531195556,66022.4568845498,63925.0932283704,29433.0771524945,54236.4107909047,76277.8567741952,50907.8559799956,41837.7174987255,51457.6128976538,20424.8835976537,20586.6526623018,61625.7404202725,15288.1695008278,70217.3360249769,7944.6857835808,30435.0639388577,62146.3968493497,16764.4937567355,22612.9492779565,77153.8822306263,54527.4068390569,93135.3935720413,3505.1453800085,47041.4355768173,68945.7704983741,35074.7084032778,4551.8427404730,50661.7968059512,28478.4564004520,27195.5159825304,13581.9798125403,67933.1299788078,27634.0614839534,47559.2933272398,18739.9766273696,30296.1895565548,38818.1339926957,69362.9378771883,37375.0882277240,41307.7772532354,41328.0047306570,31051.4123991066,43176.1400402369,81297.0528118908,26590.6811968459,49088.5617022931,8812.5370225298,88132.7420764853,37789.7187714895,54832.8150927675,30546.3429242775,19260.8617465111,40681.9154650250,38319.9940337425,36442.8115763842,42054.5385649755,40332.7360487602,22351.4551387328,82335.0146755795,34585.3020650668,40412.3123644992,47175.7393078023,59519.6148172271,58448.9601998925,47622.1833798206,63393.9771276845,41668.0780327010,27743.8368520699,8323.8106292417,23762.8440775296,36027.8911133782,72849.1289115242,28952.8248499225,106064.8657814343,19078.7561747258,31350.9177628315,59089.8463518413,48310.1510583735,68062.1621848515,58342.9090852151,16990.7418706413,39075.9494285428,42431.4118225359,54033.2290827211,56007.4703869432,32014.8398782231,74489.6031152433,55260.5224909789,15966.0582996171,65823.1418516635,21938.8469777932,56277.6679136700,61153.4798449387,53186.8304064884,67852.1048790315,9693.0902520018,74874.2921425636,71936.0060957464,67351.6952058981,62441.9867723152,35809.1991551692,44331.7522334318,13856.6159674344,75920.4450100063,50779.2848304507,11702.3094464318,42606.2998036399,28012.8682035101,18222.8954907590
1434,0,0,0,0,0,0,0,0,0,0,0,0,0,0,0,0,0,0,0,0,0,0,0,0,0,0,0,0,0,0,0,0,0,0,0,0,0,0,0,0,0,0,0,0,0,0,0,0,0,0,0,0,0,0,0,0,0,0,0,0,0,0,0,0,0,0,0,0,0,0,0,0,0,0,0,0,0,0,0,0,0,0,0,0,0,0,0,0,0,0,0,0,0,0,0,0,0,0,0,0,0,0,0,0,0,0,0,0,0,0,0,0,0,0,0,0,0,0,0,0,0,0,0,0,0,0,0,0,0,0,0,0,0,0,0,0,0,0,0,0,0,0,0,0,0,0,0,0,0,0,0,0,0,0,0,0,0,0,0,0,0,0,0,0,0,0,0,0,0,0,0,0,0,0,0,0,0,0,0,0,0,0,0,0,0,0,0,0,0,0,0,0,0,0,0,0,0,0,0,0
1435,58519.3801037646,109082.7317101020,35483.1283242720,122041.2935299775,75892.4756408599,32216.7153148373,77197.9392842029,25252.8725176049,101256.5039686043,64463.2009214902,83416.8572041696,102668.3582146874,52031.2481523790,39409.3817035232,6644.9740217563,84521.3635812178,78178.0951600987,50262.9256948282,87456.9754060993,17342.3347851280,61489.4706213664,74875.5989631478,42625.0968684008,85613.2412689548,19856.2910352153,80322.3471250529,66838.1579961054,60338.7618495738,57383.3863240703,17778.1561191869,13547.0950043721,103466.9648987529,45765.6211886651,89017.0915869786,69184.4057831540,20529.3359173202,94505.9025231343,50369.4008335671,39515.8976094420,71070.3085049930,78252.1410055798,97212.5915345037,63456.5106185386,28978.1012158711,38199.2889141693,94141.1168015325,68906.3991280473,88239.5697096344,76532.7459297233,78407.1549765935,80513.9704012960,65899.7629177511,55277.0908356005,28448.5841909068,27636.6489543286,53870.2317062782,76712.2685928714,65840.7637808315,62882.6514108954,75539.2764067912,77338.7348301044,8800.3872808971,65717.7102778919,49982.0026866081,44960.9561566152,19076.9004349861,60876.4174720425,24134.7016841144,21456.8447279860,69169.2391814187,16952.5026691846,97380.9648725246,59845.4184694669,33393.1503875038,69804.2956910182,42062.5488549381,102368.0527390296,78005.3897475429,48469.9027620555,55378.5865432223,73309.7479466569,34361.7792239900,65127.0561464824,73297.3975095929,48449.8356555070,88783.4599550665,70107.5067292384,20545.4426122847,33102.3487511613,14565.2630461933,1126.4611990932,14627.7048610105,24173.2177437841,86563.1683894751,57612.8591087584,95842.6580538472,94452.4940975918,16508.0286835204,76891.9467489026,75836.3344051622,56637.3812801478,46836.2557522904,101278.9065320234,30572.6183612922,81716.7914887962,46379.3191844163,17251.5709729018,49863.2377364808,56437.3415173091,27245.9471434236,82689.4480102354,52931.4192845474,94444.8087322454,36263.1810283503,87720.3802776869,88224.5273681005,71038.4865403759,39049.1335027981,69772.8940102223,67881.0204380190,48987.8516599368,43341.6597131862,66385.2525758162,69690.4760274612,89688.2973778685,60822.6784276449,65212.3520258061,80242.7143227698,62143.4777671650,26716.5297571475,60067.7050515654,79128.3970900998,73079.3492225988,69861.6726474672,74328.2009188248,67602.2099375345,52919.6622521336,50516.5965020379,83594.2682880419,62179.5525452539,83773.9776224060,21087.9991860132,24741.1156833791,10618.3704684364,45748.9364226395,69080.6012577548,71297.3322698348,82367.8613895682,52895.9818392156,82381.3083511567,74083.7254045082,809.4708865450,78797.9535551129,22341.8787792746,16822.7052703325,20755.6501467176,82191.3634480042,71839.9048283751,14709.9067534015,42268.5781722107,55979.7407660866,63558.5272631220,72225.3598929796,44189.4142888448,120093.8356475650,36350.7802404238,62706.8581638703,64342.1512167913,59255.6513826190,27656.7076566224,82121.9675512884,58970.9817349511,18711.8248559627,16212.7880982447,68093.0712861875,14750.9392937464,70191.8833303337,64119.9054013089,57835.1324130477,38221.5321080870,71826.7120220697,22183.6338509217,17216.2912063127,73969.0796014896,79998.0057099978,29403.1466053898,48323.2608308553,84542.3763221335,76490.6279246372,53637.6606561120,78556.0641340361,6228.0768049088,48198.9279064347,33986.2403092493,35807.2908987807,46260.4258598664,51739.7567733123,16329.4936167920,14933.7115957777,24140.4388956914
1436,58733.8303780954,108588.4657908992,35165.0998879649,122007.9775801167,75591.9665790603,32721.4509262300,76700.0576815238,24968.8210691991,101402.3958600247,63985.6924272259,83343.8051933839,102240.2751987022,51960.7339283612,38899.8776295226,6289.9228337845,84014.9789021277,78266.4243591394,49961.4702655001,86983.5030878725,17777.0291574115,60979.7187818720,74464.3605150102,42175.1942232831,85416.8167192342,19346.9761632046,80530.1416987461,66653.1323253185,60410.0358508929,56976.9586468818,18214.6420703651,13334.8940761209,102996.6605881895,45893.5584228049,89038.2800500743,69146.5853939809,20149.1569674777,94377.2836788939,49868.9963267704,39360.2789223562,70567.6144251215,77742.7377969910,97293.8996532018,63125.7009360122,28518.9856449134,37849.1281519569,93647.8051644916,69061.1594654457,88382.8907408886,76076.9469916402,78267.0396645687,80021.8129044365,65396.7130782415,55075.9780465175,28916.6312686029,27153.8124515495,53409.4243497181,76475.7000990531,65579.4848685595,62774.5558886666,75176.0004707457,77356.4232697137,13967.6653291190,65279.2114230998,50248.3040575213,44974.7847053921,18651.2769329832,60377.1470933636,15699.2029254324,21965.5288344415,69392.9267317385,17155.1158495690,96931.0155926616,59830.4525519604,32891.0497762457,69863.7652854820,41805.6248866920,101882.1911778261,78159.8370624102,48073.5387003846,55515.0605493186,72830.9565633126,34868.2134621703,64747.0503991207,73204.3779433118,48298.3562723790,88875.4423392712,69597.7939925770,12599.7635298079,32874.6240778211,14091.0512563831,1468.2068539184,14492.7212253603,24663.3310563363,86413.2659043108,57340.1023903655,95366.6082091799,94367.0638164802,17208.9278429041,76383.6267702706,75648.8410180232,56277.8068106458,46326.7621492664,100781.5341427422,30207.4708345531,81693.6617898228,45898.3273501410,17048.6179125680,50060.4308155121,55951.6888978790,26736.2499185220,82740.1852202104,52994.9550598325,94563.0860851636,35839.2968077628,87232.6698198036,88117.6208490951,70704.8650674047,38566.5333131244,69634.9129107871,67388.3397978724,48747.8917688921,42839.3686376008,66490.4506356390,69229.7525876663,89230.3139715755,60364.3309227683,64705.7323761688,79765.3739963498,62310.3164181939,26290.0652242004,59907.0554472512,78625.7237954809,72643.4599392184,69635.9073790661,74517.6025575961,67192.3105842637,52912.3771520217,50082.7618006350,83768.6387056055,61961.5654653373,83543.4882354696,20597.2179817459,24245.5751175540,10275.3967854952,45658.4845084217,68784.4492904968,70788.8885980514,81904.9667521744,52387.4675112071,82498.2548453836,73589.7868932264,0.0180653157,78528.1124248587,22821.9521159113,17324.0267853092,21410.9727023612,82081.2124793197,71577.2855096640,14228.8607561204,41856.8708635417,55659.9785747103,63050.3580877162,72332.1780770891,43993.3220759570,120083.5832365994,36059.4363616215,62413.1090200781,64356.8209618511,59184.4541234939,28166.3104763386,81951.8978364754,58534.3919846112,18768.0777716599,15902.9237145455,68010.7524838551,15073.0045533586,69828.3245997653,64331.8951862410,57862.9770604125,37714.3729875533,71850.9251130731,21825.9069022168,17712.8500742814,73915.3090053789,79788.2913766224,29905.6255529387,47862.3007530157,84546.0506776705,76542.2645546049,53866.8226086264,78471.7939829966,6026.3968849705,48168.5523087017,33518.5565776841,36316.9059952291,46333.2108899731,51260.1154717974,16540.9043197985,14564.4628795935,23712.7858507209
1437,0,0,0,0,0,0,0,0,0,0,0,0,0,0,0,0,0,0,0,0,0,0,0,0,0,0,0,0,0,0,0,0,0,0,0,0,0,0,0,0,0,0,0,0,0,0,0,0,0,0,0,0,0,0,0,0,0,0,0,0,0,0,0,0,0,0,0,0,0,0,0,0,0,0,0,0,0,0,0,0,0,0,0,0,0,0,0,0,0,0,0,0,0,0,0,0,0,0,0,0,0,0,0,0,0,0,0,0,0,0,0,0,0,0,0,0,0,0,0,0,0,0,0,0,0,0,0,0,0,0,0,0,0,0,0,0,0,0,0,0,0,0,0,0,0,0,0,0,0,0,0,0,0,0,0,0,0,0,0,0,0,0,0,0,0,0,0,0,0,0,0,0,0,0,0,0,0,0,0,0,0,0,0,0,0,0,0,0,0,0,0,0,0,0,0,0,0,0,0,0
1438,0,0,0,0,0,0,0,0,0,0,0,0,0,0,0,0,0,0,0,0,0,0,0,0,0,0,0,0,0,0,0,0,0,0,0,0,0,0,0,0,0,0,0,0,0,0,0,0,0,0,0,0,0,0,0,0,0,0,0,0,0,0,0,0,0,0,0,0,0,0,0,0,0,0,0,0,0,0,0,0,0,0,0,0,0,0,0,0,0,0,0,0,0,0,0,0,0,0,0,0,0,0,0,0,0,0,0,0,0,0,0,0,0,0,0,0,0,0,0,0,0,0,0,0,0,0,0,0,0,0,0,0,0,0,0,0,0,0,0,0,0,0,0,0,0,0,0,0,0,0,0,0,0,0,0,0,0,0,0,0,0,0,0,0,0,0,0,0,0,0,0,0,0,0,0,0,0,0,0,0,0,0,0,0,0,0,0,0,0,0,0,0,0,0,0,0,0,0,0,0
1439,0,0,0,0,0,0,0,0,0,0,0,0,0,0,0,0,0,0,0,0,0,0,0,0,0,0,0,0,0,0,0,0,0,0,0,0,0,0,0,0,0,0,0,0,0,0,0,0,0,0,0,0,0,0,0,0,0,0,0,0,0,0,0,0,0,0,0,0,0,0,0,0,0,0,0,0,0,0,0,0,0,0,0,0,0,0,0,0,0,0,0,0,0,0,0,0,0,0,0,0,0,0,0,0,0,0,0,0,0,0,0,0,0,0,0,0,0,0,0,0,0,0,0,0,0,0,0,0,0,0,0,0,0,0,0,0,0,0,0,0,0,0,0,0,0,0,0,0,0,0,0,0,0,0,0,0,0,0,0,0,0,0,0,0,0,0,0,0,0,0,0,0,0,0,0,0,0,0,0,0,0,0,0,0,0,0,0,0,0,0,0,0,0,0,0,0,0,0,0,0
1440,0,0,0,0,0,0,0,0,0,0,0,0,0,0,0,0,0,0,0,0,0,0,0,0,0,0,0,0,0,0,0,0,0,0,0,0,0,0,0,0,0,0,0,0,0,0,0,0,0,0,0,0,0,0,0,0,0,0,0,0,0,0,0,0,0,0,0,0,0,0,0,0,0,0,0,0,0,0,0,0,0,0,0,0,0,0,0,0,0,0,0,0,0,0,0,0,0,0,0,0,0,0,0,0,0,0,0,0,0,0,0,0,0,0,0,0,0,0,0,0,0,0,0,0,0,0,0,0,0,0,0,0,0,0,0,0,0,0,0,0,0,0,0,0,0,0,0,0,0,0,0,0,0,0,0,0,0,0,0,0,0,0,0,0,0,0,0,0,0,0,0,0,0,0,0,0,0,0,0,0,0,0,0,0,0,0,0,0,0,0,0,0,0,0,0,0,0,0,0,0
1441,0,0,0,0,0,0,0,0,0,0,0,0,0,0,0,0,0,0,0,0,0,0,0,0,0,0,0,0,0,0,0,0,0,0,0,0,0,0,0,0,0,0,0,0,0,0,0,0,0,0,0,0,0,0,0,0,0,0,0,0,0,0,0,0,0,0,0,0,0,0,0,0,0,0,0,0,0,0,0,0,0,0,0,0,0,0,0,0,0,0,0,0,0,0,0,0,0,0,0,0,0,0,0,0,0,0,0,0,0,0,0,0,0,0,0,0,0,0,0,0,0,0,0,0,0,0,0,0,0,0,0,0,0,0,0,0,0,0,0,0,0,0,0,0,0,0,0,0,0,0,0,0,0,0,0,0,0,0,0,0,0,0,0,0,0,0,0,0,0,0,0,0,0,0,0,0,0,0,0,0,0,0,0,0,0,0,0,0,0,0,0,0,0,0,0,0,0,0,0,0
1442,0,0,0,0,0,0,0,0,0,0,0,0,0,0,0,0,0,0,0,0,0,0,0,0,0,0,0,0,0,0,0,0,0,0,0,0,0,0,0,0,0,0,0,0,0,0,0,0,0,0,0,0,0,0,0,0,0,0,0,0,0,0,0,0,0,0,0,0,0,0,0,0,0,0,0,0,0,0,0,0,0,0,0,0,0,0,0,0,0,0,0,0,0,0,0,0,0,0,0,0,0,0,0,0,0,0,0,0,0,0,0,0,0,0,0,0,0,0,0,0,0,0,0,0,0,0,0,0,0,0,0,0,0,0,0,0,0,0,0,0,0,0,0,0,0,0,0,0,0,0,0,0,0,0,0,0,0,0,0,0,0,0,0,0,0,0,0,0,0,0,0,0,0,0,0,0,0,0,0,0,0,0,0,0,0,0,0,0,0,0,0,0,0,0,0,0,0,0,0,0
1443,0,0,0,0,0,0,0,0,0,0,0,0,0,0,0,0,0,0,0,0,0,0,0,0,0,0,0,0,0,0,0,0,0,0,0,0,0,0,0,0,0,0,0,0,0,0,0,0,0,0,0,0,0,0,0,0,0,0,0,0,0,0,0,0,0,0,0,0,0,0,0,0,0,0,0,0,0,0,0,0,0,0,0,0,0,0,0,0,0,0,0,0,0,0,0,0,0,0,0,0,0,0,0,0,0,0,0,0,0,0,0,0,0,0,0,0,0,0,0,0,0,0,0,0,0,0,0,0,0,0,0,0,0,0,0,0,0,0,0,0,0,0,0,0,0,0,0,0,0,0,0,0,0,0,0,0,0,0,0,0.0000000000,0,0,0,0,0,0,0,0,0,0,0,0,0,0,0,0,0,0,0,0,0,0,0,0,0,0,0,0,0,0,0,0,0,0,0,0,0,0,0,0
1444,0,0,0,0,0,0,0,0,0,0,0,0,0,0,0,0,0,0,0,0,0,0,0,0,0,0,0,0,0,0,0,0,0,0,0,0,0,0,0,0,0,0,0,0,0,0,0,0,0,0,0,0,0,0,0,0,0,0,0,0,0,0,0,0,0,0,0,0,0,0,0,0,0,0,0,0,0,0,0,0,0,0,0,0,0,0,0,0,0,0,0,0,0,0,0,0,0,0,0,0,0,0,0,0,0,0,0,0,0,0,0,0,0,0,0,0,0,0,0,0,0,0,0,0,0,0,0,0,0,0,0,0,0,0,0,0,0,0,0,0,0,0,0,0,0,0,0,0,0,0,0,0,0,0,0,0,0,0,0,0,0,0,0,0,0,0,0,0,0,0,0,0,0,0,0,0,0,0,0,0,0,0,0,0,0,0,0,0,0,0,0,0,0,0,0,0,0,0,0,0
1445,45256.1694072640,114464.5656071744,48968.0701648454,111741.3918678743,72546.6841552900,28902.2825237393,87533.3757357708,23932.2784570631,88492.2429972864,68984.1639700433,74071.1751728624,103921.9922434698,43068.2498847661,48639.8707109529,19453.5962217000,91606.2299196403,66128.0859973641,47579.9261912573,91382.9010038159,3183.9573299518,69913.0220267659,75684.3989121111,46151.5449072741,79113.1086951086,29344.9269546509,67078.1535073207,60302.1253400815,48630.2563541215,58355.8594323106,21788.9775793812,12456.4750121351,107038.9997898500,33404.4589313171,77909.2534430054,59268.3123581140,33790.9140530326,86273.3663619588,57107.4482110589,33077.2843878285,77724.9569430579,86986.9284483540,85195.9409103073,61368.4020692060,33805.9700021563,37789.2766249371,99539.5771589094,56113.4911174116,75519.6303316971,79517.5670729390,70588.6053952872,85938.0974131683,75864.9741375678,49430.9747964317,18447.6543172244,39274.7471016678,57593.7441582369,71417.5271764642,61457.8001869296,54539.0221041149,74385.5536678758,66351.2335409432,18859.3478839599,67972.8837953544,36494.2646354894,34448.3980775358,23650.5702584131,67273.7571369610,26067.9961941634,16866.4548187055,55839.9741354754,30.1910743088,99799.6570011799,49604.5020891905,40892.0174294368,58203.5776941863,38347.4203930575,107060.9771907567,65194.3319046211,49312.3688898211,42837.1456082117,77774.8777806762,27458.9286206891,64818.8092326441,64471.0606516654,41509.5013650834,76650.8008616689,78374.0084583816,17093.2350656358,29136.4202060054,26822.8238437380,16603.4866353408,27794.7780645046,23713.7643736633,78892.1013233004,53778.2187365548,99862.1068885163,85282.5363881043,16484.4916679837,84476.2671497786,69222.8299015047,55763.3214328127,55281.7609944192,107026.0235457785,31313.1920513191,71414.5273218617,51586.9829940159,15411.1318250759,36743.9065117830,61708.4015276216,36766.3689488875,71150.8059999936,41415.8677239670,81981.9237479006,38890.4702319800,92688.1521168569,79556.7353402287,68889.1284812198,44647.0978465021,62015.8878083974,73517.3139815228,44449.4222009945,50488.2989058241,54167.4218713194,73064.8160382361,92633.8932158010,64233.9457640984,72550.8931793961,84514.0073531779,49252.4222033473,39531.1534164983,53040.6657367983,85688.0793790162,75069.5407026930,64372.1258155890,61219.0974853403,68484.1242337100,42641.6124368064,52941.0959177274,70593.7308447347,56625.0967380924,78214.5728550091,32608.8607789784,32154.7910441598,24061.8916809771,37416.3586160563,65714.7631922935,80413.1896926889,85685.8439025001,60856.2553043228,69961.0729200067,79747.8245705220,14762.0165019898,74448.4167496274,13842.9939112614,16802.6523560796,30.1910743088,73647.5166570822,67382.9262421186,22462.5754988891,44028.1472288131,53712.6016830349,72813.4765793894,59960.8152671798,38604.5266287276,109396.6442885328,34074.7650405710,59400.9662421405,53510.1306673204,50159.4106491826,23279.3748712611,74988.0364741583,61283.5066632017,1604.5174134838,29712.4525546797,59100.3615025768,22762.7910358703,69144.1771504350,50864.8868385818,46847.6010153811,46241.9521399487,60768.5901562292,23763.6810457874,21123.0772419251,64317.9337096418,73915.9849918973,22210.8524608314,52224.9873387908,73747.9387606267,64968.8695184569,40293.8583924311,69486.7606706185,13237.4241900829,38478.5015083156,38919.8556804229,30640.6549934494,34691.6014169516,56693.3541308446,1635.1745269708,18597.4125732561,28022.3568761068
1446,0,0,0,0,0,0,0,0,0,0,0,0,0,0,0,0,0,0,0,0,0,0,0,0,0,0,0,0,0,0,0,0,0,0,0,0,0,0,0,0,0,0,0,0,0,0,0,0,0,0,0,0,0,0,0,0,0,0,0,0,0,0,0,0,0,0,0,0,0,0,0,0,0,0,0,0,0,0,0,0,0,0,0,0,0,0,0,0,0,0,0,0,0,0,0,0,0,0,0,0,0,0,0,0,0,0,0,0,0,0,0,0,0,0,0,0,0,0,0,0,0,0,0,0,0,0,0,0,0,0,0,0,0,0,0,0,0,0,0,0,0,0,0,0,0,0,0,0,0,0,0,0,0,0,0,0,0,0,0,0,0,0,0,0,0,0,0,0,0,0,0,0,0,0,0,0,0,0,0,0,0,0,0,0,0,0,0,0,0,0,0,0,0,0,0,0,0,0,0,0
1447,0,0,0,0,0,0,0,0,0,0,0,0,0,0,0,0,0,0,0,0,0,0,0,0,0,0,0,0,0,0,0,0,0,0,0,0,0,0,0,0,0,0,0,0,0,0,0,0,0,0,0,0,0,0,0,0,0,0,0,0,0,0,0,0,0,0,0,0,0,0,0,0,0,0,0,0,0,0,0,0,0,0,0,0,0,0,0,0,0,0,0,0,0,0,0,0,0,0,0,0,0,0,0,0,0,0,0,0,0,0,0,0,0,0,0,0,0,0,0,0,0,0,0,0,0,0,0,0,0,0,0,0,0,0,0,0,0,0,0,0,0,0,0,0,0,0,0,0,0,0,0,0,0,0,0,0,0,0,0,0,0,0,0,0,0,0,0,0,0,0,0,0,0,0,0,0,0,0,0,0,0,0,0,0,0,0,0,0,0,0,0,0,0,0,0,0,0,0,0,0
1448,0,0,0,0,0,0,0,0,0,0,0,0,0,0,0,0,0,0,0,0,0,0,0,0,0,0,0,0,0,0,0,0,0,0,0,0,0,0,0,0,0,0,0,0,0,0,0,0,0,0,0,0,0,0,0,0,0,0,0,0,0,0,0,0,0,0,0,0,0,0,0,0,0,0,0,0,0,0,0,0,0,0,0,0,0,0,0,0,0,0,0,0,0,0,0,0,0,0,0,0,0,0,0,0,0,0,0,0,0,0,0,0,0,0,0,0,0,0,0,0,0,0,0,0,0,0,0,0,0,0,0,0,0,0,0,0,0,0,0,0,0,0,0,0,0,0,0,0,0,0,0,0,0,0,0,0,0,0,0,0,0,0,0,0,0,0,0,0,0,0,0,0,0,0,0,0,0,0,0,0,0,0,0,0,0,0,0,0,0,0,0,0,0,0,0,0,0,0,0,0
1449,0,0,0,0,0,0,0,0,0,0,0,0,0,0,0,0,0,0,0,0,0,0,0,0,0,0,0,0,0,0,0,0,0,0,0,0,0,0,0,0,0,0,0,0,0,0,0,0,0,0,0,0,0,0,0,0,0,0,0,0,0,0,0,0,0,0,0,0,0,0,0,0,0,0,0,0,0,0,0,0,0,0,0,0,0,0,0,0,0,0,0,0,0,0,0,0,0,0,0,0,0,0,0,0,0,0,0,0,0,0,0,0,0,0,0,0,0,0,0,0,0,0,0,0,0,0,0,0,0,0,0,0,0,0,0,0,0,0,0,0,0,0,0,0,0,0,0,0,0,0,0,0,0,0,0,0,0,0,0,0,0,0,0,0,0,0,0,0,0,0,0,0,0,0,0,0,0,0,0,0,0,0,0,0,0,0,0,0,0,0,0,0,0,0,0,0,0,0,0,0
1450,47386.5339395793,107401.9351896877,45932.0026348069,109934.5562995095,66897.6210237346,35450.3305511210,81294.6157440756,17228.9867213083,89431.7399952967,61922.3561121476,71495.7211185077,97186.4524361879,40132.2482653087,42241.9301978482,18552.9981636306,84644.1258615495,66073.5905554108,41580.0849341613,84348.6789364018,16760.7177780178,63194.7303128845,68977.2328062833,39096.7235219920,74819.5918036809,23419.1755838198,69053.7870379788,55963.5931490507,48186.6084470087,51572.4024720880,25923.6972258816,1826.6495772068,100034.2341811479,33875.6645392230,76813.5777834090,57106.0950716263,30341.5956116587,82969.0021947694,50166.8847301418,28476.8528776199,70736.7923942386,80290.2704766065,85083.9274884099,55274.6782910862,26794.1440796923,31122.8148613667,92478.1253391109,57167.8403423603,76404.2778988109,72537.7508553027,66998.7388377935,78879.1899566635,69533.8370924694,44689.0668251552,25446.7145570942,34070.8326979353,50544.7319364947,66529.5598766361,56146.9172688813,51225.8088739852,68089.5648371969,65137.1512054095,14062.2671065081,61046.4025749850,39648.5668636683,32764.3177836136,16748.6624511930,60277.9041361660,27273.7979174378,23388.0627733900,58110.9673267374,8655.5148429120,92897.4615439179,47697.8706630722,34159.6564120905,57626.2484717505,32603.9427279773,100003.5449935620,66254.8644193370,42510.9826667453,43528.0159047758,70716.0600520354,34482.8351644519,58294.6033620830,61510.3221084736,37274.3527596026,76689.9607824779,71602.1516008188,15888.3770474781,23338.7177721562,22512.5151539496,14126.2784877193,26654.0192559524,29445.1790634230,75235.2608015171,48214.7875298706,92827.0527715170,82596.9831597821,18637.9391141593,77582.9273655945,64958.3154185185,49325.7647908639,48631.3315586480,99970.2284541275,24396.7804206221,69585.6040790782,44542.1079622875,11763.0410677476,38569.6950672729,54655.5471130146,30633.1546457459,70498.1398040006,40762.2712395972,82462.4021249942,31857.2438225446,85625.2999351556,76520.0890651624,62844.9223816010,37641.0454867793,58363.3601874499,66469.3555618573,39088.0025582621,43626.5576616138,54350.4890441261,66049.0763840779,85670.4539533421,57206.3829604591,65645.3644503342,77462.4582746752,50512.4325500259,35293.6443762515,48929.8948296769,78683.9863477749,68186.8264975424,59544.2562912099,62880.8029432283,61746.6938170834,40755.8772671675,45963.9867126642,71996.9087548724,51789.8790978059,73466.7342650931,27519.5166896621,25535.4820243768,21435.1616452166,34005.4521048628,60046.0202928691,73820.6504797603,78685.5981097567,54081.0068152615,70396.0659295641,72697.5985126713,12490.4052377517,69176.6956494461,20876.2387560875,22047.3674106725,11285.2088841734,70518.2606364235,62127.7629746227,16327.6987941909,37083.7249941269,47629.7082753020,66280.5445112798,60195.5114529861,33643.2161515909,107927.2759753531,27807.0430539058,53681.6231458840,52143.1664600771,47348.1116964972,29934.5916952363,71017.9086191883,54337.2011382450,619.0550165672,27120.6790355937,56241.6960815119,25227.4490491469,62804.8074587916,52937.5260667731,45630.2392966383,39563.3371121760,59622.3567765429,16710.5463233616,18093.9212842331,61955.3770219767,69400.4693780284,29226.0464716649,45166.5319700997,72354.3875145491,64300.4971990857,42716.2396380675,66705.5373145834,8365.6096280898,36107.1969599615,31890.4387237322,37513.2575548445,34115.0647653812,49635.4039686224,1268.0418962994,11759.1314355731,20989.5917661866
1451,0,0,0,0,0,0,0,0,0,0,0,0,0,0,0,0,0,0,0,0,0,0,0,0,0,0,0,0,0,0,0,0,0,0,0,0,0,0,0,0,0,0,0,0,0,0,0,0,0,0,0,0,0,0,0,0,0,0,0,0,0,0,0,0,0,0,0,0,0,0,0,0,0,0,0,0,0,0,0,0,0,0,0,0,0,0,0,0,0,0,0,0,0,0,0,0,0,0,0,0,0,0,0,0,0,0,0,0,0,0,0,0,0,0,0,0,0,0,0,0,0,0,0,0,0,0,0,0,0,0,0,0,0,0,0,0,0,0,0,0,0,0,0,0,0,0,0,0,0,0,0,0,0,0,0,0,0,0,0,0,0,0,0,0,0,0,0,0,0,0,0,0,0,0,0,0,0,0,0,0,0,0,0,0,0,0,0,0,0,0,0,0,0,0,0,0,0,0,0,0
1452,57605.1141442001,79437.0618901332,53694.4549377363,97525.2626594578,39835.3944659545,65736.3531962361,64886.9747526767,13122.4742044494,89987.8294911397,34243.2719936842,58324.3839002000,66898.1741221319,31787.2750668260,30187.4545572221,41020.2719261429,59858.1846797582,64676.8590282861,14903.5554515212,55289.5438585994,44352.2957047006,43293.8671769135,38690.5494614530,12819.9229523597,53419.1019927278,25926.9046576339,75648.6522548207,36306.4919665324,48351.5008393584,21302.8026451529,54436.4322753515,29147.1891957402,70531.0226013638,41864.3063605015,69701.6373220574,47870.7327024300,40966.3553650046,65489.8497138027,28317.0383455128,18232.4953332541,45982.1909302785,59377.2527539038,81490.9810368427,26798.8822150286,13442.1837784710,938.0092993211,64811.1911064276,61606.6600920655,77791.9672631882,42933.2605018281,49594.4085061196,51647.4494316214,53237.4625546333,25139.9498866068,54410.5423109063,34723.2097824083,22596.8319627892,42965.1130342340,31418.1774004246,37692.2719072437,38571.4634778922,58875.1471725395,30061.6250693740,31159.1491007647,54901.3833668535,33277.1451533926,18676.5291262006,35991.7771124829,51265.6688825539,53677.2890739517,67157.3925628892,34439.7198430818,62842.7494282684,41709.4989041207,21240.2506227697,55294.8205012527,11414.7061181544,71417.8607480492,69459.7283030039,12267.1891905092,49305.6202129674,42547.5536838100,64345.8197385601,28268.1210768295,47809.5691062652,23397.5066694319,74486.2710479058,50292.0136826966,45710.1135452427,11903.4148743005,33701.5611663500,37162.6493248183,45740.6565033074,59353.7077457689,56732.8438344275,23097.6101735784,63727.4474133773,67919.7246699709,45729.6701931868,54208.1491770344,44533.3031822366,19672.0576453992,31825.7167346059,72580.2049218875,11718.5097400641,60015.2331772294,20437.8100246268,21797.5149549510,49679.3775531772,28837.5767242054,26437.6048313254,65995.2321658667,42154.1584643259,81609.4006160559,10784.1538414173,57601.9560736431,60752.0413747698,34298.4816675932,17141.8059249983,41795.3134696002,40199.5005609869,17454.9488640074,24758.3912550776,55772.8226367618,36882.3321755897,55899.0325994633,28396.8682783245,42776.8058348531,48870.8499074982,56904.0686625813,40643.7019539334,31817.1626120853,53251.6395468577,38099.6084808502,36913.8666306810,68925.6500150502,31457.3228148357,37005.4279355381,16723.7342295716,75964.0574571398,30177.4210775958,50078.5600456219,32141.0476223057,20314.8612162999,38683.5100727993,26189.7004248859,33243.5427795035,54496.2465300958,49227.4094479360,34527.4493204065,70527.9921365404,46095.5537434912,35567.5193784430,43666.0771982541,50782.2870802755,51783.0778696595,39599.1494967652,54897.8801131060,37146.1669147332,24531.8482884633,9493.2671218652,19677.8074801452,48258.2971320628,60842.3874421228,17357.7342752578,97060.2596884811,6406.5033510198,27091.3630422581,47479.1240381892,37243.0422427957,60219.5849995223,51417.5010531054,24623.8515331978,29090.8114526709,41989.1898124569,43901.8220406005,51639.6099108624,33224.3017679873,61984.4108857351,43225.6201818529,24989.0041069408,54497.5925233910,14785.8129381416,48383.4773174385,50987.4544644072,47371.5745990293,59147.3700842837,18215.8239062799,64401.2448581579,60529.9778416068,54888.9075184360,53140.7942392740,29946.0574495554,32097.5030599510,13421.6595790048,67693.5906438786,38271.6759814442,23922.9287379620,34543.1229312659,22044.6021739265,14245.8319783929
1453,0,0,0,0,0,0,0,0,0,0,0,0,0,0,0,0,0,0,0,0,0,0,0,0,0,0,0,0,0,0,0,0,0,0,0,0,0,0,0,0,0,0,0,0,0,0,0,0,0,0,0,0,0,0,0,0,0,0,0,0,0,0,0,0,0,0,0,0,0,0,0,0,0,0,0,0,0,0,0,0,0,0,0,0,0,0,0,0,0,0,0,0,0,0,0,0,0,0,0,0,0,0,0,0,0,0,0,0,0,0,0,0,0,0,0,0,0,0,0,0,0,0,0,0,0,0,0,0,0,0,0,0,0,0,0,0,0,0,0,0,0,0,0,0,0,0,0,0,0,0,0,0,0,0,0,0,0,0,0,0,0,0,0,0,0,0,0,0,0,0,0,0,0,0,0,0,0,0,0,0,0,0,0,0,0,0,0,0,0,0,0,0,0,0,0,0,0,0,0,0
1454,50228.6635496651,99381.4450894183,44394.0821120056,107629.7322005330,60296.6937832386,43321.3190196444,74796.7490889779,15065.0112481711,90399.6036438540,53877.5029505260,68564.3417232656,89324.7636537696,37357.6436883450,35706.3799399349,21358.7229745630,76902.4288751755,66151.7045232036,34721.5430958717,76276.3814863940,22461.3014615672,55949.9305093865,61160.6119417912,31034.4807024020,69803.0855496422,18357.3620837085,71372.5428250078,51071.8542799062,48161.4791917637,43697.3967340926,32377.6371729947,11470.3306513430,91967.5520507868,35401.2557273302,75563.3242245339,54865.1596466687,28886.8979348800,79073.3069462375,42511.8236616090,23966.4799297068,62947.1946519305,73046.7199619395,84889.6889999400,48193.0827794209,19030.5551937485,23457.1104035619,84468.9201957269,58637.6866563522,77424.0460744726,64483.9091857519,62898.5805390019,70886.3826483701,62929.8793528504,39457.2194711532,33381.8460483198,29786.2768828141,42476.6399118442,60854.0505816871,50033.1110204059,47690.6736930024,60722.5541721736,63889.5264700456,12589.5659462852,53031.1326683600,43749.2251939306,31871.8984618674,11770.2737974467,52478.9355861725,31300.6492132528,31296.1520384842,60900.0511766795,23681.3279690203,84893.6484104128,45965.0622285185,27050.6661135278,57239.7134589267,26252.7600897647,91944.8321454471,67591.1040189137,34631.7726884526,44915.2619446816,62660.4743675425,42555.1402512051,50691.5707806221,58238.3739493091,32902.4156784524,76747.1572669541,64240.6207016043,23223.1371109055,17241.8083134127,20423.6495540899,14952.2289759166,28344.6243931626,36872.8867244691,70978.7048824168,41857.2675615771,84754.8126569046,79434.4641005407,24103.4604672851,69985.1375031613,60057.8264565709,41852.3431016516,41571.3123393163,91989.0226339009,16433.0593305454,67558.8810187257,36619.1939480056,65.0250094673,41342.6858637247,46695.7552350788,24821.7536393584,69831.3129250062,40725.0573178401,82966.6216620848,23785.0162411525,77587.8044452948,72992.2459206610,55788.7461669422,29851.5807838928,54290.8227734289,58523.2566535212,33134.3033460159,36166.6052435930,54897.2106528315,57979.5495422676,77625.0579276712,49134.4422956402,58037.8434385701,69396.4291551811,52342.3155925212,32458.4960094567,44434.7416320290,70852.6127118306,60204.8654145609,54001.8214274860,64932.0140848287,53906.6953072007,39259.9690309061,37916.0091929827,73646.0562409410,46325.5134992900,67913.4610118783,23739.5837410826,18847.7520810961,21865.6910223145,30861.4843286640,53458.8181009227,66769.0180611271,70621.2628377137,46757.3443448339,70974.5601444595,64741.7436495073,15067.1339792700,63018.2337441256,28947.1264375586,29322.4803554399,17244.8894660157,66936.3453328636,56034.9912737951,11515.6775925935,29066.0690296170,40608.4324062177,59352.6487511955,60692.6560053335,28389.5735114254,106021.5830483517,20778.7716184595,47075.2188098733,50946.4327766639,44520.4297020004,37877.0100771074,66420.0692559324,46308.8203880283,10458.7743310671,27036.4679964855,53174.5196342859,30458.3805953853,55401.8632340025,55601.1020454832,44775.4053472320,32513.1662754282,58539.6298072377,11567.0716867661,26020.7600244655,59396.8013919494,64156.0863173724,37298.3242575069,37110.8156751138,70805.5633432926,63698.8873860079,45983.3792478801,63582.7249921812,9004.6336867188,34200.5915607910,24043.6362039567,45543.3635997111,34455.7708895651,41654.5880778989,13876.6309389876,727.4958982786,13187.3133621971
1455,63464.2697632104,74601.5387103302,51145.3289514823,101666.9425178893,40782.6013711011,68818.0043477313,59072.7176282058,17136.7972886702,95552.1667896125,29135.9259515453,62745.6320821440,64092.5716020788,37344.6531542804,25363.4638982475,41974.9703574945,54271.0062569069,70250.0909302768,17722.2421093268,50894.7776173736,47957.3854834514,37425.4411228336,36202.5492054764,9808.0999655144,56201.3201770727,24713.1184919387,81495.4831559248,40031.7254881507,54122.3976412559,18726.7207996064,56413.8300307737,32008.0394785122,66448.7943213296,47705.0431027922,74760.2013215815,52987.8110915713,39604.5011343232,69018.5333748904,22446.8289692551,24078.9368651831,40332.8236398704,53514.2979604253,86793.8006701811,27325.6887917587,13144.7157267016,11116.3657411826,59844.4324109250,67439.4650750854,83450.9095610604,38917.2284212603,53426.1739690685,46504.7903751220,47470.8916490567,29449.7899502377,58475.8087267464,31937.2640356295,17464.0718669690,45329.4461836574,33783.8679187142,42516.0935583218,37705.5915092449,64130.0191650535,30947.8545983185,27469.3023827331,60595.1456642420,39151.0230774716,19649.5794828767,30233.3335614167,52063.2035225358,56838.4400573793,73034.1604360493,38462.0926425051,59337.1214820796,47229.2393732132,17089.1161245886,60885.9674627627,16714.4660848006,66811.1474687171,75230.1658467936,18086.1706518277,55181.6266235901,37677.6211738494,68055.1358566064,26909.6992163027,52345.3075994744,28755.5250021124,79940.9572461919,44426.6228503043,48418.3850890760,17638.3624587397,33123.3688204073,39532.7202106889,45727.5410349547,61952.7318073476,60180.9696215141,25815.0037296676,59370.4974915647,71954.9803968945,47493.9493327636,48454.2453445473,47794.7837211877,19388.1721877639,26265.0469733542,67549.7558021023,18032.5713382170,64905.3702955048,14563.8147263923,25191.7512941549,55491.6895179966,23211.5847118775,23578.8596799706,71333.3164306028,48000.2155298431,87119.0296745819,822.6423148794,52735.5242861341,64692.2397252442,34455.2734246547,11727.4677845828,45993.9199914537,34759.7989998013,21893.7690562483,19167.6551264726,61541.3319646552,32511.6656393943,52046.0515330498,23758.8614500156,36950.1101260270,44212.7849702456,62776.2462245026,38299.7675482339,36271.6061083924,47732.5111755488,34703.9958316950,39792.2737386025,74773.9857809483,28930.5571252288,42733.3655793192,12340.7588393475,81739.9727666627,33665.3147031333,52319.5714925934,30421.9630994004,18462.7958490712,38783.8656848525,31928.6340982899,34561.9453853023,48622.9723403430,45093.0309358177,28706.0936887061,76154.4569600206,40765.1150546693,37067.4685897771,45257.7606931108,54439.5702945341,54349.6488143954,42819.9606293379,58966.0292491162,39166.8266536795,24981.7897097052,37.1523737713,21109.9478924385,42431.6099382449,66549.6478181607,22807.0330911998,101438.1863837051,12461.0118492434,28827.2238064001,53005.5731675853,42499.2948659462,63431.2763196048,54715.4073127919,20732.3129684421,33347.0929200253,41374.4075746359,48724.4259830128,53031.2481846580,32416.5605182350,67859.8179294270,48936.8181262376,20066.7869222543,59901.3245059609,17110.1353300354,51580.3910012777,55844.1198445236,50109.7641327478,62811.3758712758,12656.9275419980,69423.6530367743,65975.2865812221,60697.7450904636,57589.8516336858,31909.3637802539,37886.6396628677,12271.5786884961,71125.3245252300,44146.5084574554,18218.6592165127,37750.8824870339,23914.3250418433,14643.7666271098
1456,0,0,0,0,0,0,0,0,0,0,0,0,0,0,0,0,0,0,0,0,0,0,0,0,0,0,0,0,0,0,0,0,0,0,0,0,0,0,0,0,0,0,0,0,0,0,0,0,0,0,0,0,0,0,0,0,0,0,0,0,0,0,0,0,0,0,0,0,0,0,0,0,0,0,0,0,0,0,0,0,0,0,0,0,0,0,0,0,0,0,0,0,0,0,0,0,0,0,0,0,0,0,0,0,0,0,0,0,0,0,0,0,0,0,0,0,0,0,0,0,0,0,0,0,0,0,0,0,0,0,0,0,0,0,0,0,0,0,0,0,0,0,0,0,0,0,0,0,0,0,0,0,0,0,0,0,0,0,0,0,0,0,0,0,0,0,0,0,0,0,0,0,0,0,0,0,0,0,0,0,0,0,0,0,0,0,0,0,0,0,0,0,0,0,0,0,0,0,0,0
1457,0,0,0,0,0,0,0,0,0,0,0,0,0,0,0,0,0,0,0,0,0,0,0,0,0,0,0,0,0,0,0,0,0,0,0,0,0,0,0,0,0,0,0,0,0,0,0,0,0,0,0,0,0,0,0,0,0,0,0,0,0,0,0,0,0,0,0,0,0,0,0,0,0,0,0,0,0,0,0,0,0,0,0,0,0,0,0,0,0,0,0,0,0,0,0,0,0,0,0,0,0,0,0,0,0,0,0,0,0,0,0,0,0,0,0,0,0,0,0,0,0,0,0,0,0,0,0,0,0,0,0,0,0,0,0,0,0,0,0,0,0,0,0,0,0,0,0,0,0,0,0,0,0,0,0,0,0,0,0,0,0,0,0,0,0,0,0,0,0,0,0,0,0,0,0,0,0,0,0,0,0,0,0,0,0,0,0,0,0,0,0,0,0,0,0,0,0,0,0,0
1458,50476.3527206606,100920.0522699478,43598.8361102522,109030.0290736310,62228.9500117049,41496.6339451979,75501.9588122212,18851.0797780904,91138.4704946664,55455.4319169825,70050.8821765054,91179.2977753184,38769.6498477242,36391.5070041932,19662.2401190333,78203.2086435224,67060.9790085307,36659.9653519759,77941.1170965020,20847.4848967862,56970.4452637424,63031.8809101758,32655.3576087098,71596.6305733356,18404.5907514487,71781.6244696399,52838.9808846506,49061.8524859735,45554.9487338106,30435.2354921990,7785.1540068257,93671.8342714077,35915.0744011472,76751.3066884456,56215.9323822239,28007.7266656521,80719.3654097105,43750.8948516162,25626.4452727081,64279.0705033670,74072.5789486402,85873.9227917615,50135.8849695293,20329.9930317712,25372.2189399545,85993.2795330070,59229.1149924726,78140.9170387127,66219.3110237662,64565.2517633542,72391.5830696582,63671.2113384727,41256.2352756998,31928.0342575914,29662.0976985172,44114.3529939909,62716.9435160354,51931.7241563640,49254.2769451373,62656.4748302758,65065.1906016039,11480.0230464712,54813.0044910909,43657.3304249232,32897.3135859457,14106.0830480329,53816.1780272832,29511.2348979929,29493.5788177670,61180.5296745169,20995.8502680931,86680.1128549351,47205.1711062534,27977.1476414743,58233.4305641491,28155.7317755434,93548.8419191411,68225.9699816496,36491.4574487086,45495.6785786176,64258.9475298777,40908.7090695596,52605.3662724068,59772.0485642663,34570.0790742312,77672.1880362393,65322.4602740981,21319.8762449719,19100.0907911911,19619.6500999805,13009.6892019305,26852.8495034287,34966.0955399445,72672.8820642750,43771.2622035427,86417.0885779934,80966.6473457646,22184.5405425288,71196.4364338786,61832.2671063213,43781.3118662884,42494.1371817587,93481.2696605265,18273.5704191628,68885.5477217595,38054.0135517544,3176.3479659163,41583.0982412095,48166.1310379310,25188.6920373609,70898.6919910801,41607.2874129349,83801.6143479088,25472.1029266669,79151.7873088266,74578.8974283210,57731.5632298035,31176.6566729401,55946.2115337352,59980.3100851613,35007.8775645600,37287.6023438187,55688.6640399174,59676.4825330328,79371.4727096716,50816.2650017787,59252.5025054436,71022.5850841167,52838.4692623231,31937.9291909166,46140.9628710528,72215.1846633815,62009.4982419217,55848.0736679280,65397.2140525310,55772.7061193671,40436.5824409281,39666.8586065419,74215.9625744120,48158.5047891257,69766.4334556042,23425.8961271233,19546.9549232120,20539.1589403679,32318.1483663508,55389.5127071652,67703.2407298661,72334.2074159410,47812.6364253911,71782.1275800013,66208.2513399184,13327.4666475822,64924.0080756289,27321.5916937010,27406.4194579343,15481.2109867537,68527.3708103609,57933.8947493828,11358.1017822394,30855.2271162715,42550.9523456807,60228.3043833680,61504.6142912505,30173.3439642754,107350.1637438767,22718.6024867184,49005.7241928435,52092.5985281439,45958.7973416598,36084.0530997984,68158.7036831469,48080.2578591582,8305.5537224976,25852.4669407322,54668.1257605687,28563.3292360699,57334.0366406123,55903.7253078960,45839.5787216216,33420.5572412228,59675.9325064878,14997.9582598741,24232.4567696143,60810.2686155983,65974.1077582447,35647.4491835192,38713.1776039816,72046.3787281907,64745.9338511678,46114.2164470630,65096.9818710791,10578.5607924510,35439.7039736431,25410.9263199041,43803.8710295235,35231.5241782530,43147.1656432134,10444.1775311126,2683.4458026187,14511.2271441752
1459,0,0,0,0,0,0,0,0,0,0,0,0,0,0,0,0,0,0,0,0,0,0,0,0,0,0,0,0,0,0,0,0,0,0,0,0,0,0,0,0,0,0,0,0,0,0,0,0,0,0,0,0,0,0,0,0,0,0,0,0,0,0,0,0,0,0,0,0,0,0,0,0,0,0,0,0,0,0,0,0,0,0,0,0,0,0,0,0,0,0,0,0,0,0,0,0,0,0,0,0,0,0,0,0,0,0,0,0,0,0,0,0,0,0,0,0,0,0,0,0,0,0,0,0,0,0,0,0,0,0,0,0,0,0,0,0,0,0,0,0,0,0,0,0,0,0,0,0,0,0,0,0,0,0,0,0,0,0,0,0,0,0,0,0,0,0,0,0,0,0,0,0,0,0,0,0,0,0,0,0,0,0,0,0,0,0,0,0,0,0,0,0,0,0,0,0,0,0,0,0
1460,0,0,0,0,0,0,0,0,0,0,0,0,0,0,0,0,0,0,0,0,0,0,0,0,0,0,0,0,0,0,0,0,0,0,0,0,0,0,0,0,0,0,0,0,0,0,0,0,0,0,0,0,0,0,0,0,0,0,0,0,0,0,0,0,0,0,0,0,0,0,0,0,0,0,0,0,0,0,0,0,0,0,0,0,0,0,0,0,0,0,0,0,0,0,0,0,0,0,0,0,0,0,0,0,0,0,0,0,0,0,0,0,0,0,0,0,0,0,0,0,0,0,0,0,0,0,0,0,0,0,0,0,0,0,0,0,0,0,0,0,0,0,0,0,0,0,0,0,0,0,0,0,0,0,0,0,0,0,0,0,0,0,0,0,0,0,0,0,0,0,0,0,0,0,0,0,0,0,0,0,0,0,0,0,0,0,0,0,0,0,0,0,0,0,0,0,0,0,0,0
1461,0,0,0,0,0,0,0,0,0,0,0,0,0,0,0,0,0,0,0,0,0,0,0,0,0,0,0,0,0,0,0,0,0,0,0,0,0,0,0,0,0,0,0,0,0,0,0,0,0,0,0,0,0,0,0,0,0,0,0,0,0,0,0,0,0,0,0,0,0,0,0,0,0,0,0,0,0,0,0,0,0,0,0,0,0,0,0,0,0,0,0,0,0,0,0,0,0,0,0,0,0,0,0,0,0,0,0,0,0,0,0,0,0,0,0,0,0,0,0,0,0,0,0,0,0,0,0,0,0,0,0,0,0,0,0,0,0,0,0,0,0,0,0,0,0,0,0,0,0,0,0,0,0,0,0,0,0,0,0,0,0,0,0,0,0,0,0,0,0,0,0,0,0,0,0,0,0,0,0,0,0,0,0,0,0,0,0,0,0,0,0,0,0,0,0,0,0,0,0,0
1462,0,0,0,0,0,0,0,0,0,0,0,0,0,0,0,0,0,0,0,0,0,0,0,0,0,0,0,0,0,0,0,0,0,0,0,0,0,0,0,0,0,0,0,0,0,0,0,0,0,0,0,0,0,0,0,0,0,0,0,0,0,0,0,0,0,0,0,0,0,0,0,0,0,0,0,0,0,0,0,0,0,0,0,0,0,0,0,0,0,0,0,0,0,0,0,0,0,0,0,0,0,0,0,0,0,0,0,0,0,0,0,0,0,0,0,0,0,0,0,0,0,0,0,0,0,0,0,0,0,0,0,0,0,0,0,0,0,0,0,0,0,0,0,0,0,0,0,0,0,0,0,0,0,0,0,0,0,0,0,0,0,0,0,0,0,0,0,0,0,0,0,0,0,0,0,0,0,0,0,0,0,0,0,0,0,0,0,0,0,0,0,0,0,0,0,0,0,0,0,0
1463,0,0,0,0,0,0,0,0,0,0,0,0,0,0,0,0,0,0,0,0,0,0,0,0,0,0,0,0,0,0,0,0,0,0,0,0,0,0,0,0,0,0,0,0,0,0,0,0,0,0,0,0,0,0,0,0,0,0,0,0,0,0,0,0,0,0,0,0,0,0,0,0,0,0,0,0,0,0,0,0,0,0,0,0,0,0,0,0,0,0,0,0,0,0,0,0,0,0,0,0,0,0,0,0,0,0,0,0,0,0,0,0,0,0,0,0,0,0,0,0,0,0,0,0,0,0,0,0,0,0,0,0,0,0,0,0,0,0,0,0,0,0,0,0,0,0,0,0,0,0,0,0,0,0,0,0,0,0,0,0,0,0,0,0,0,0,0,0,0,0,0,0,0,0,0,0,0,0,0,0,0,0,0,0,0,0,0,0,0,0,0,0,0,0,0,0,0,0,0,0
1464,0,0,0,0,0,0,0,0,0,0,0,0,0,0,0,0,0,0,0,0,0,0,0,0,0,0,0,0,0,0,0,0,0,0,0,0,0,0,0,0,0,0,0,0,0,0,0,0,0,0,0,0,0,0,0,0,0,0,0,0,0,0,0,0,0,0,0,0,0,0,0,0,0,0,0,0,0,0,0,0,0,0,0,0,0,0,0,0,0,0,0,0,0,0,0,0,0,0,0,0,0,0,0,0,0,0,0,0,0,0,0,0,0,0,0,0,0,0,0,0,0,0,0,0,0,0,0,0,0,0,0,0,0,0,0,0,0,0,0,0,0,0,0,0,0,0,0,0,0,0,0,0,0,0,0,0,0,0,0,0,0,0,0,0,0,0,0,0,0,0,0,0,0,0,0,0,0,0,0,0,0,0,0,0,0,0,0,0,0,0,0,0,0,0,0,0,0,0,0,0
1465,0,0,0,0,0,0,0,0,0,0,0,0,0,0,0,0,0,0,0,0,0,0,0,0,0,0,0,0,0,0,0,0,0,0,0,0,0,0,0,0,0,0,0,0,0,0,0,0,0,0,0,0,0,0,0,0,0,0,0,0,0,0,0,0,0,0,0,0,0,0,0,0,0,0,0,0,0,0,0,0,0,0,0,0,0,0,0,0,0,0,0,0,0,0,0,0,0,0,0,0,0,0,0,0,0,0,0,0,0,0,0,0,0,0,0,0,0,0,0,0,0,0,0,0,0,0,0,0,0,0,0,0,0,0,0,0,0,0,0,0,0,0,0,0,0,0,0,0,0,0,0,0,0,0,0,0,0,0,0,0,0,0,0,0,0,0,0,0,0,0,0,0,0,0,0,0,0,0,0,0,0,0,0,0,0,0,0,0,0,0,0,0,0,0,0,0,0,0,0,0
1466,0,0,0,0,0,0,0,0,0,0,0,0,0,0,0,0,0,0,0,0,0,0,0,0,0,0,0,0,0,0,0,0,0,0,0,0,0,0,0,0,0,0,0,0,0,0,0,0,0,0,0,0,0,0,0,0,0,0,0,0,0,0,0,0,0,0,0,0,0,0,0,0,0,0,0,0,0,0,0,0,0,0,0,0,0,0,0,0,0,0,0,0,0,0,0,0,0,0,0,0,0,0,0,0,0,0,0,0,0,0,0,0,0,0,0,0,0,0,0,0,0,0,0,0,0,0,0,0,0,0,0,0,0,0,0,0,0,0,0,0,0,0,0,0,0,0,0,0,0,0,0,0,0,0,0,0,0,0,0,0,0,0,0,0,0,0,0,0,0,0,0,0,0,0,0,0,0,0,0,0,0,0,0,0,0,0,0,0,0,0,0,0,0,0,0,0,0,0,0,0
1467,52228.6287004376,106726.5092325523,41114.9149855858,114564.8545556443,69526.4480474933,34818.8155446016,78369.0432416715,18994.9760471247,94391.5176958112,61489.2334519123,75941.1522482706,98142.4083907842,44554.8815450275,39569.1593114186,13736.0612622200,83198.7042810064,71010.9315588232,43972.2094813808,84229.5842087307,15608.7612138646,61070.9252620751,70068.9218628863,38940.7106519413,78477.0447897778,20156.7487775561,73935.6884569631,59657.2302078075,53105.4551923437,52558.8792334383,23118.0421995235,1434.3138844833,100085.1895720254,38835.6992308822,81620.3605212122,61705.3372639748,25584.4375266081,87116.3029824595,48704.7982831640,32235.6921751090,69430.3639016824,78101.5318901303,90010.3620796548,57450.2222665080,25851.0950015693,32589.6664223934,91769.1507629772,62119.8491151810,81364.1915370526,72773.5824684761,71051.2959458588,78126.0847881633,66736.0587204310,48188.4304951000,27158.7614271550,30148.5117395401,50390.7653856835,69816.3427310725,59139.7828864367,55452.7430476911,69927.0979022597,69934.6848640176,9766.4773737417,61545.6216050510,44265.8825066339,37551.6154867147,15492.5722082077,59033.7781408626,22904.5610764206,23004.4806292842,62943.3374003589,15165.3389117311,93396.3703445357,52385.5518794516,32149.1839400579,62522.8124048309,35388.3832452862,99600.2255346602,71208.8657223535,43515.6060352358,48487.0559969504,70339.1896010052,35099.8914783510,59800.8299586120,65842.0003086377,41144.1311678982,81629.7701549910,69590.2212641280,14308.5351453897,26244.5889019999,18022.0812394485,5716.1179975699,21733.0670316954,27877.4675801137,79235.7425994475,51023.9398716128,92686.2113471491,86987.0603830573,14971.7892490215,75896.9132212288,68661.6311335831,51035.5165980433,46390.0893691170,99130.1949673461,25301.2013351201,74248.1025897334,43704.0227003444,14494.4418380264,43440.1261726388,53865.9118394908,27610.2091221409,75375.6405272904,45670.9987947982,87420.5052839214,32015.5117795674,85080.4890096829,80789.5173432413,65046.1752915647,36551.8254348929,62412.9813445813,65583.0298097624,42157.9999046851,41918.4305551120,59304.4616205302,66107.9304388459,85949.4033822018,57217.0440096138,64017.5400751928,77185.6061859700,55450.6376908755,30825.3881703356,52787.7437788728,77447.2003116250,68811.6158132748,62901.7558977479,67793.8606934830,62795.9471027005,45470.3190672172,46330.2237610456,76934.6301719425,55179.7567222191,76832.5095554667,23501.0267386571,23331.4815409573,16496.8785031278,38293.3651607259,62683.5303900429,71434.4174063503,78801.0799184103,52105.7319267317,75354.3530924440,71823.3596065002,11741.7199353817,72149.0056803878,21805.6198094122,20281.3320766647,13930.8581681687,74762.8060519703,65140.8754989791,13380.0903786794,37671.9103883114,49868.0204706970,63795.7136310638,65149.6772023383,37091.0791846559,112639.5732228625,30033.6684592687,56299.7686645663,56932.3545296663,51779.4081115165,29592.9704360603,74868.8068132934,54789.6424652965,4210.9863085085,22195.7612845514,60625.5330197194,21450.2040128696,64598.1443546938,57794.5388395339,50457.6908798094,37406.7584804756,64438.3412552463,17026.6815348376,17894.1256117749,66486.6647377290,72934.8410579226,29868.5271419927,44900.5543499560,77109.9846630011,69180.7254565565,47502.3890210812,71089.9988595859,1879.4608078685,40724.0743560642,31010.1135406138,37532.0515601014,39041.7599223869,48949.4379384242,3823.9127554521,14711.9387973844,20314.8233986037
1468,0,0,0,0,0,0,0,0,0,0,0,0,0,0,0,0,0,0,0,0,0,0,0,0,0,0,0,0,0,0,0,0,0,0,0,0,0,0,0,0,0,0,0,0,0,0,0,0,0,0,0,0,0,0,0,0,0,0,0,0,0,0,0,0,0,0,0,0,0,0,0,0,0,0,0,0,0,0,0,0,0,0,0,0,0,0,0,0,0,0,0,0,0,0,0,0,0,0,0,0,0,0,0,0,0,0,0,0,0,0,0,0,0,0,0,0,0,0,0,0,0,0,0,0,0,0,0,0,0,0,0,0,0,0,0,0,0,0,0,0,0,0,0,0,0,0,0,0,0,0,0,0,0,0,0,0,0,0,0,0,0,0,0,0,0,0,0,0,0,0,0,0,0,0,0,0,0,0,0,0,0,0,0,0,0,0,0,0,0,0,0,0,0,0,0,0,0,0,0,0
1469,0,0,0,0,0,0,0,0,0,0,0,0,0,0,0,0,0,0,0,0,0,0,0,0,0,0,0,0,0,0,0,0,0,0,0,0,0,0,0,0,0,0,0,0,0,0,0,0,0,0,0,0,0,0,0,0,0,0,0,0,0,0,0,0,0,0,0,0,0,0,0,0,0,0,0,0,0,0,0,0,0,0,0,0,0,0,0,0,0,0,0,0,0,0,0,0,0,0,0,0,0,0,0,0,0,0,0,0,0,0,0,0,0,0,0,0,0,0,0,0,0,0,0,0,0,0,0,0,0,0,0,0,0,0,0,0,0,0,0,0,0,0,0,0,0,0,0,0,0,0,0,0,0,0,0,0,0,0,0,0,0,0,0,0,0,0,0,0,0,0,0,0,0,0,0,0,0,0,0,0,0,0,0,0,0,0,0,0,0,0,0,0,0,0,0,0,0,0,0,0
1470,60309.3433840140,105807.3255060013,33172.0642525507,122155.4258641572,74145.8734003094,35607.6049533756,73756.2982668536,23741.4171094040,102575.8888729416,61343.4905015588,83278.4660734655,99945.4271535534,51947.5851508590,35942.6799641910,5296.3474593433,81122.2993169852,79132.2107915087,48536.3676414325,84367.4906005101,20496.8805775523,58034.5198044756,72292.9367058765,39751.8973118759,84611.4835614941,16418.7233717536,82052.7997845018,65933.2047590814,61197.8521002036,54848.6118688954,20673.8423601733,10518.5581088571,100402.1886430398,47019.8331915200,89515.8226946943,69299.9593062487,17852.3818422031,93975.5627879539,47039.4773358446,38870.8669320502,67713.8108922078,74784.1555026112,98108.4127441077,61495.0476118699,26045.3063127802,36128.7874213985,90875.5305451844,70303.2372149763,89548.4441507662,73593.1850503542,77807.5332400275,77260.3100905082,62438.1789706872,54272.8528281734,31758.4761600328,24275.6872399057,50897.3840319977,75430.0280256539,64389.4766616451,62522.2717168192,73324.8406885064,77822.4033749320,8519.0272054054,62922.8053893717,52107.0832038268,45465.1163262101,16475.9561126196,57556.4778687571,16671.3193515236,24928.3960402782,71008.4180939273,18812.8396386173,94484.6374270164,60127.7763776377,30049.6084660852,70574.3200903714,40681.3475064626,99169.4446718610,79393.0858421945,46022.7534314717,56671.8295532282,70176.8744430849,37832.5581973649,62791.6420727177,73029.8489146695,47810.3333741618,89754.5991763567,66654.4967024983,15564.1514009137,31964.6381200582,11273.1886438040,5296.5081334207,13755.0249799679,27441.6521598194,85888.9548922349,56087.2831474476,92730.0582316302,94221.6310992673,11635.9169517960,73467.1781141220,74905.2197517672,54465.4418349067,43390.8605972920,97974.3841995787,28408.5527275011,81920.9735989977,43235.1793863325,16433.8020431230,51554.5458692476,53247.4512329728,23783.0746718774,83390.4591745937,53750.2971577900,95586.2789495234,33613.7135880094,84506.5848352116,87848.9756851658,69049.8798459036,35894.5648641639,69196.1891330379,64624.0520404770,47714.9659534153,39993.0733460362,67461.0168430290,66712.0849473714,86727.8447726239,57867.2301262874,61811.2008245145,77121.1931512109,63624.9500170736,23706.4172752165,59343.4770058310,75771.5853708630,70302.4272732814,68662.9473686643,75944.4520204473,65033.5522495028,53265.0386997771,47768.6646155927,85107.6210341930,61044.9214807649,82530.3733369051,17686.2181543554,21473.8333985123,8354.5426634611,45541.4823621522,67371.2719079669,67825.5526807286,79368.2381617249,49469.1238937762,83521.0111733151,70814.1021286365,31.4918767364,77273.5932867814,25712.2387039333,20189.2946752377,14678.6553834468,81797.5618310780,70373.3302660539,11621.9899039604,39707.9244722201,54108.7632906952,60086.4797812037,73306.2314237011,43243.1962908530,120365.4804947931,34731.3642019043,61021.2063882117,64818.5781616088,59155.2103219742,31109.2377296045,81309.0836902713,56194.9296570906,19643.2962169450,14071.2568250031,67904.7697859812,16916.1512784893,67978.5347312185,65888.7955444674,58408.6298442353,34815.8584323499,72359.1734000552,20123.1451569338,20657.9046229943,73970.8762645543,78905.6006649699,32864.1322096444,45352.3382221171,84926.0516367181,77202.4141263445,55526.1496663229,78344.2299356458,6315.1757085516,48397.3475227622,30970.1144902590,39259.6628292264,47153.2579534843,48605.3494099351,12570.7996665778,12863.5550338525,21493.3849053651
1471,60716.4161801361,100371.9499666911,32798.8529767382,119636.6311390392,69402.1115960795,40889.8797145880,69510.8396552094,19600.9931812328,101986.9046754032,55812.8871081242,80480.0398742330,94457.4569624326,49378.6223868850,31129.1971565982,11262.8701207397,75894.4334066972,78004.0374661225,43879.2321962335,78830.2285459395,24213.0472066570,53059.5729224873,66877.2525587877,34226.8193092818,80677.3601977926,11464.2910836354,82247.5895057537,62169.6348927162,60005.2472881896,49471.4922188566,26220.2647365718,14753.7794587240,94860.8024051304,46601.0028000328,87634.0264802491,66917.4025179221,17158.2516392763,90617.9820409047,41674.8676899901,35636.0088766866,62391.5430804095,69935.6957374800,96827.0845883480,56564.8334525462,20511.8814104738,31176.1521938612,85430.6060462933,69956.0791490628,88975.8989447999,68050.3878558735,74398.1324094461,71804.4705650260,58009.9106430004,50435.0691312951,35741.3414167582,20841.8441414449,45352.3863291891,71184.4518046504,59979.8128151157,59493.9424855348,68158.7809920183,75956.2165361818,433.4041503253,57414.8668824415,53200.1919025271,43845.6703021238,11191.6991705222,52175.5247069807,21484.0245973027,29865.0020407595,71447.1791489209,20171.8700102615,88947.2522863797,58042.4233820469,24714.7789277586,69186.6378894692,36465.1418692837,93674.4648596743,78990.5796258837,40714.7569419907,56230.4895217497,64650.9268883794,42619.4021196024,57542.8811824746,70084.8570757012,44493.0074757624,88618.0924095546,61659.1050461530,20512.6339091820,28157.1841890064,8995.0113823680,11688.4594935807,16737.0264555203,32880.1036770939,82361.6179186295,51620.7946000444,87198.6859418396,91266.6742280598,17182.2731905330,68324.6542252725,71080.6589827288,49359.3743346070,38367.2535094169,92571.3820505449,23415.6939520992,79620.0535295311,37711.1252104023,13671.8413174529,51849.9758457538,47745.6139261931,18975.4746240876,81841.7150333166,52547.8230575193,94714.1138048456,28195.0738311568,79020.6449333058,84711.3345645439,64081.9791257138,30373.5041062417,65845.5404296671,59170.9697139728,43581.5832462874,34662.3840088504,66585.6253880809,61166.2640619341,81182.7613462599,52323.4263109779,56593.9181190123,71591.9072053221,63461.0102179032,21737.9440801908,55840.3417045047,70448.9443338961,64799.1015463496,64531.6980271784,75956.9039666413,59629.1717986202,51324.4801328000,42284.2458040486,84903.6099345711,57015.5224099194,78314.6907183752,14186.5564300512,16031.3333790104,9922.1888340730,42850.8564722395,62677.5661216950,63084.7342692005,73821.8032801397,44346.9589982510,82682.5429565796,65372.9725725034,8433.8719742254,72755.2483527306,29961.4747781023,25522.6257155171,18160.1753017113,78651.1227600227,65931.6863389454,10131.9208925722,34333.3614080849,49283.3104666693,55376.4792865811,72410.5268170175,39555.1923025863,118078.4885461955,30281.9976849908,56366.6473077160,63001.0621347922,56512.1060045002,36207.4132851575,77615.8462433968,50695.5864180364,19427.1046188879,14958.7787993168,65091.3956551117,22304.4259568560,62818.6939830402,66224.3673022057,56781.4197721652,29630.3779517339,70590.5789691935,15366.4711937094,25269.7550492297,71403.3069244573,74874.6777183416,37532.0413133602,39807.8288855839,82883.2290918485,75693.4095863002,56147.4028813635,75458.2599020743,8989.0762411511,46277.3456296148,25423.8273597302,44347.2929069682,46133.9451522398,43078.4187014793,14702.0564435174,14117.9561438599,16119.4003731989
1472,0,0,0,0,0,0,0,0,0,0,0,0,0,0,0,0,0,0,0,0,0,0,0,0,0,0,0,0,0,0,0,0,0,0,0,0,0,0,0,0,0,0,0,0,0,0,0,0,0,0,0,0,0,0,0,0,0,0,0,0,0,0,0,0,0,0,0,0,0,0,0,0,0,0,0,0,0,0,0,0,0,0,0,0,0,0,0,0,0,0,0,0,0,0,0,0,0,0,0,0,0,0,0,0,0,0,0,0,0,0,0,0,0,0,0,0,0,0,0,0,0,0,0,0,0,0,0,0,0,0,0,0,0,0,0,0,0,0,0,0,0,0,0,0,0,0,0,0,0,0,0,0,0,0,0,0,0,0,0,0,0,0,0,0,0,0,0,0,0,0,0,0,0,0,0,0,0,0,0,0,0,0,0,0,0,0,0,0,0,0,0,0,0,0,0,0,0,0,0,0
1473,0,0,0,0,0,0,0,0,0,0,0,0,0,0,0,0,0,0,0,0,0,0,0,0,0,0,0,0,0,0,0,0,0,0,0,0,0,0,0,0,0,0,0,0,0,0,0,0,0,0,0,0,0,0,0,0,0,0,0,0,0,0,0,0,0,0,0,0,0,0,0,0,0,0,0,0,0,0,0,0,0,0,0,0,0,0,0,0,0,0,0,0,0,0,0,0,0,0,0,0,0,0,0,0,0,0,0,0,0,0,0,0,0,0,0,0,0,0,0,0,0,0,0,0,0,0,0,0,0,0,0,0,0,0,0,0,0,0,0,0,0,0,0,0,0,0,0,0,0,0,0,0,0,0,0,0,0,0,0,0,0,0,0,0,0,0,0,0,0,0,0,0,0,0,0,0,0,0,0,0,0,0,0,0,0,0,0,0,0,0,0,0,0,0,0,0,0,0,0,0
1474,71048.8740684664,94356.5676621113,23555.4368715777,126756.7627009552,71637.5180097427,48675.1889948989,59806.1531428130,25680.3461903241,111512.0823205928,51411.3829669297,87343.9348545642,92042.0557024412,56970.0391500509,22862.7765703283,15893.1014802053,68708.7081480948,87102.2086718272,46980.6061041786,74358.1066344467,34421.4896098242,45023.2674987327,65536.1312687504,32306.9493262549,85213.6991468618,11359.0108901422,92402.5722218936,67339.6116167867,69150.4017677362,48813.0973716884,32264.5155333735,21010.0706372670,90436.8255285055,56508.0094830391,95814.3113045157,74554.9699738632,17896.4516246209,96367.2990517923,35651.7492707573,42496.9656188459,55794.0935046407,61436.1795054135,105685.6868530674,58279.5578966755,19582.7053049422,33730.8741578323,79566.4727989484,79778.7373932914,98550.3309167838,64684.6036824649,80180.3731515532,66133.0701218880,48617.0353095798,55652.5030458236,45775.2478838834,10267.0978467414,42256.8369678792,75002.2727085595,63487.8412780335,66181.5067192845,68530.2780182271,84225.2400137370,10312.8312675232,55111.9527466270,63829.3280833396,52731.2586510024,15105.9760636789,46080.9261907990,23838.2943185810,38680.1287437451,81766.1570445634,30940.7396721524,85613.8364298700,66185.2899751113,19199.2525320220,78063.2123964500,41181.2302560427,88308.5076782991,88736.7584457365,40870.8455420941,66052.0455208413,60017.7135044839,51646.8824177098,57613.4663434353,76790.2278260795,50938.5007381506,97661.4136461032,53635.3383783014,29404.2744103725,34264.5369879200,655.2331018974,21526.0540615239,15738.3302990685,40053.9953423733,87821.2156020088,55128.3891919465,82499.8857087102,97781.2840346138,23827.5229344637,60804.7163024909,75987.1607505886,50427.6367805633,30675.0603775943,86328.5752440514,26434.9000972183,87271.9004062061,33599.3824701071,22620.2206441298,62158.8194174863,42944.9909418687,11277.6026587562,90462.4982345924,61749.0598022126,103999.4872593615,28151.7450535338,73625.1786725001,90935.7279444958,65491.3839950574,26543.9532873278,71844.1660043905,53595.9979209642,48255.8289708155,28599.0603882137,75987.0872966667,57660.1052954051,77532.8047336268,49148.6526034850,49487.8054852353,66962.3252227314,73442.6121029121,11322.3839795114,61680.6114330307,63792.4476206231,62451.8057230252,68756.6671530936,86012.1348056348,58509.5915508928,59734.0263583550,40729.7443147705,94782.8707416570,61632.6134587825,82132.8845056692,6440.9442384611,12739.3301962670,9967.8464641334,50390.4047047521,65200.8478155187,54331.3775020359,70000.9322519545,36954.0031758649,92041.5509255614,59617.1395060192,15489.1787071326,75727.8428398853,39744.4167561220,33356.0200986493,28469.2390758100,84908.7910133076,69242.7065936586,9918.3725555276,34278.8149181425,51602.2201179946,46578.2899700219,81761.9612753407,45404.7795085426,125564.1043375637,34664.5809534249,59148.0398943108,71431.6924242464,63879.3939358879,44605.8183565059,82754.3280786738,48675.6751555859,29832.6678106488,10512.1287247618,72075.8975687323,26837.8209061051,63309.1457456446,76502.1564051036,65495.4605488091,22901.3385235597,79018.8434390851,20409.5732501267,34637.7806207074,78719.0913155775,79226.9226659382,46774.8159950497,36932.1078241568,90876.4341650838,84394.3257604969,66595.8249465846,82214.4035228275,16117.7017225368,54539.3052566318,23180.2608485217,52713.7571078148,55571.9695796526,38858.7318424487,25413.7620762307,15978.8599782419,18077.7591687111
1475,0,0,0,0,0,0,0,0,0,0,0,0,0,0,0,0,0,0,0,0,0,0,0,0,0,0,0,0,0,0,0,0,0,0,0,0,0,0,0,0,0,0,0,0,0,0,0,0,0,0,0,0,0,0,0,0,0,0,0,0,0,0,0,0,0,0,0,0,0,0,0,0,0,0,0,0,0,0,0,0,0,0,0,0,0,0,0,0,0,0,0,0,0,0,0,0,0,0,0,0,0,0,0,0,0,0,0,0,0,0,0,0,0,0,0,0,0,0,0,0,0,0,0,0,0,0,0,0,0,0,0,0,0,0,0,0,0,0,0,0,0,0,0,0,0,0,0,0,0,0,0,0,0,0,0,0,0,0,0,0,0,0,0,0,0,0,0,0,0,0,0,0,0,0,0,0,0,0,0,0,0,0,0,0,0,0,0,0,0,0,0,0,0,0,0,0,0,0,0,0
1476,0,0,0,0,0,0,0,0,0,0,0,0,0,0,0,0,0,0,0,0,0,0,0,0,0,0,0,0,0,0,0,0,0,0,0,0,0,0,0,0,0,0,0,0,0,0,0,0,0,0,0,0,0,0,0,0,0,0,0,0,0,0,0,0,0,0,0,0,0,0,0,0,0,0,0,0,0,0,0,0,0,0,0,0,0,0,0,0,0,0,0,0,0,0,0,0,0,0,0,0,0,0,0,0,0,0,0,0,0,0,0,0,0,0,0,0,0,0,0,0,0,0,0,0,0,0,0,0,0,0,0,0,0,0,0,0,0,0,0,0,0,0,0,0,0,0,0,0,0,0,0,0,0,0,0,0,0,0,0,0,0,0,0,0,0,0,0,0,0,0,0,0,0,0,0,0,0,0,0,0,0,0,0,0,0,0,0,0,0,0,0,0,0,0,0,0,0,0,0,0
1477,0,0,0,0,0,0,0,0,0,0,0,0,0,0,0,0,0,0,0,0,0,0,0,0,0,0,0,0,0,0,0,0,0,0,0,0,0,0,0,0,0,0,0,0,0,0,0,0,0,0,0,0,0,0,0,0,0,0,0,0,0,0,0,0,0,0,0,0,0,0,0,0,0,0,0,0,0,0,0,0,0,0,0,0,0,0,0,0,0,0,0,0,0,0,0,0,0,0,0,0,0,0,0,0,0,0,0,0,0,0,0,0,0,0,0,0,0,0,0,0,0,0,0,0,0,0,0,0,0,0,0,0,0,0,0,0,0,0,0,0,0,0,0,0,0,0,0,0,0,0,0,0,0,0,0,0,0,0,0,0,0,0,0,0,0,0,0,0,0,0,0,0,0,0,0,0,0,0,0,0,0,0,0,0,0,0,0,0,0,0,0,0,0,0,0,0,0,0,0,0
1478,0,0,0,0,0,0,0,0,0,0,0,0,0,0,0,0,0,0,0,0,0,0,0,0,0,0,0,0,0,0,0,0,0,0,0,0,0,0,0,0,0,0,0,0,0,0,0,0,0,0,0,0,0,0,0,0,0,0,0,0,0,0,0,0,0,0,0,0,0,0,0,0,0,0,0,0,0,0,0,0,0,0,0,0,0,0,0,0,0,0,0,0,0,0,0,0,0,0,0,0,0,0,0,0,0,0,0,0,0,0,0,0,0,0,0,0,0,0,0,0,0,0,0,0,0,0,0,0,0,0,0,0,0,0,0,0,0,0,0,0,0,0,0,0,0,0,0,0,0,0,0,0,0,0,0,0,0,0,0,0,0,0,0,0,0,0,0,0,0,0,0,0,0,0,0,0,0,0,0,0,0,0,0,0,0,0,0,0,0,0,0,0,0,0,0,0,0,0,0,0
1479,0,0,0,0,0,0,0,0,0,0,0,0,0,0,0,0,0,0,0,0,0,0,0,0,0,0,0,0,0,0,0,0,0,0,0,0,0,0,0,0,0,0,0,0,0,0,0,0,0,0,0,0,0,0,0,0,0,0,0,0,0,0,0,0,0,0,0,0,0,0,0,0,0,0,0,0,0,0,0,0,0,0,0,0,0,0,0,0,0,0,0,0,0,0,0,0,0,0,0,0,0,0,0,0,0,0,0,0,0,0,0,0,0,0,0,0,0,0,0,0,0,0,0,0,0,0,0,0,0,0,0,0,0,0,0,0,0,0,0,0,0,0,0,0,0,0,0,0,0,0,0,0,0,0,0,0,0,0,0,0,0,0,0,0,0,0,0,0,0,0,0,0,0,0,0,0,0,0,0,0,0,0,0,0,0,0,0,0,0,0,0,0,0,0,0,0,0,0,0,0
1480,75059.0337128858,85822.5762370772,24704.4823828347,126002.5828880452,67197.0594606218,57180.6765390545,51910.7300295068,26348.4411029362,113806.7238532148,43462.2677923128,86592.5182530725,84680.6227734684,57413.4525047318,27438.4968397026,24511.5073736087,60070.7865725429,88919.8477354979,43737.4582979452,66250.6561207235,41822.6617202173,36408.8395027275,58900.6235665972,26149.7157254102,82376.6841599620,9156.6494162058,95897.0606178178,65280.2474377941,71210.6662696824,42858.4412912937,40897.6828775808,26853.0110850254,82298.0003016451,59869.2192051264,96407.5959007028,74749.0168725094,14369.8217941087,94475.1131230483,27292.1849337135,42657.7793783773,47216.3010200813,52925.8935591596,107056.4176863308,53693.8226853737,15600.8108676561,30735.8193260447,71075.2481892327,82744.8743423476,100987.4031443332,57053.5320686316,78478.7118365420,57708.5611265448,40478.0206289668,53880.4771178155,53342.1875231284,5646.0568677406,35044.5755365307,71706.0920956771,60132.1154083249,65532.5797259184,62874.9360641564,85020.5280481602,17277.6115820941,48089.0429238001,68700.5775738844,54729.5789190286,16342.7122381932,37627.0358028816,32286.1460190672,46895.2809895658,85671.3062021580,36898.6594246799,77883.9673405733,67055.8119845454,11656.1981075598,79667.8674128283,39491.1206293976,79911.8356730743,91510.4583005171,35704.0538333008,69147.4060432742,51920.7630064724,59817.5717378736,51933.9655249801,76000.3497113122,50406.0646324061,99328.5535063961,45027.6610522911,37544.6580230159,34177.0269253957,11886.2080792370,29165.3096816819,23826.9727918470,48626.1552696529,85746.9193483130,51956.6671998788,74295.3482892539,96594.4427138840,32383.6976301193,52165.4881621735,73570.0027803890,45574.8023719483,22036.3522901357,77766.0152558300,24503.5720130215,87341.2076207398,26082.9620359133,26165.7804027926,66197.7935283222,34929.6277669201,1072.8371210135,91629.7057415051,63987.2056654553,105970.0004159834,23635.4896857285,65249.2419242943,89529.8278764712,60563.0371282624,19502.3477711442,70452.1169289912,45239.2643959587,46240.5150963547,20329.5549006140,78330.6313644332,50025.9972579572,69710.8238914722,41769.8187714004,40862.9279301962,58831.9803368799,76737.0672751828,11785.4446145081,60322.3693839424,55196.4698211046,55318.0169244085,65879.7854821536,89348.1473326834,52090.5446032909,61020.6828637143,34446.2165833847,97746.3335699448,59210.5944611880,78749.8612280726,5521.9626421082,15649.1944983478,18575.4261957099,50946.0301034463,61067.7416594368,45889.1592751567,62148.7835594322,28322.9483441406,94192.1094304534,51191.1336636444,23450.2789884433,71772.4396381339,47495.6649283677,41803.9631833738,35769.0832850871,83593.7499781110,65635.2365674694,13820.1341529298,29289.2364029126,47616.4634330331,38140.1965064542,83979.9723454305,44514.7070798977,125202.2329819318,33074.5874952922,55322.7417621973,72560.9003787713,63951.5806667936,52967.6344728464,80452.8967292839,41913.5297272754,34706.8098595398,18058.7842163461,71626.6560824285,35462.5432948468,57803.3897533374,80350.8879341469,67050.3184049396,14518.0654824139,80055.7919779626,21059.4261525521,42609.9859712909,78521.3397893538,76306.2105155147,54842.4509402571,29985.3817148726,91293.0092041313,85713.6145529201,70917.0662517309,81409.6256656616,22619.2137848904,55764.0394133140,17551.9087797471,61102.6242345729,58237.8697612104,31158.5081566683,32078.6067418901,19516.9707259397,16845.4564767431
1481,75483.1807812449,86016.6844407001,24146.5852391464,126560.1684530853,67734.3899352079,57171.4081202545,51765.5138216580,26861.3089072322,114303.2272216732,43793.5125417332,87148.8869539968,85069.7459627831,57949.0905651800,27711.1448920875,24446.6077075135,60190.6460024897,89427.9900426336,44296.4884881557,66550.8538782522,41993.2376120882,36468.2935000185,59350.8668384005,26644.9745568551,82936.2429284462,10007.6071528061,96347.9168378821,65842.6306938024,71708.7737560620,43351.4673964741,40818.4614103138,27135.6335795742,82590.5440758405,60317.3686712028,96945.3452236846,75291.9541468200,13967.2302813922,95037.4942565595,27555.1924276027,43194.6099455319,47393.8356609222,52927.2835445568,107578.1057838201,54230.0073944298,16162.2118206211,31297.7697449404,71286.5705552503,83214.5078153448,101478.1256954197,57420.4820312444,79040.6652144468,57942.5119317802,40374.4650929153,54442.0078992460,53499.6207356970,4595.3740562767,35462.5395247863,72262.0751049422,60688.3410401933,66086.4656986088,63374.7809159573,85553.2404783863,17441.8750898331,48515.5278713286,69078.7319970947,55224.9882831166,16810.4072393583,37857.3930253302,32089.2711850007,46955.0998298618,86102.5745379270,37189.3918503203,78235.3013067733,67584.4303644171,12085.4520838143,80180.5948055867,40051.0723416769,80150.4779610654,91988.5104641346,36230.4295024156,69609.1427377874,52225.9622497453,59888.8281320874,52435.5878378355,76556.5253600990,50956.4426199617,99841.9838573611,45081.3881260295,37614.1277682939,34714.5344243913,11798.6916004709,29297.0687704030,23575.8735463260,48589.8183715893,86309.2949270445,52515.3865972075,74577.0035041179,97154.5339564231,32352.1628555078,52261.7171046737,74131.8848861444,46106.2475259346,22159.2966509682,77948.0035995450,25061.4409613679,87887.3190158469,26480.2731341066,26574.6951700073,66618.1005358339,35255.2934451206,472.0713603395,92154.8954233183,64477.9726984051,106475.5952012352,24185.1275142326,65494.9869646869,90090.9161205510,61088.7218014690,19953.1689152596,71012.5976669729,45494.0917614990,46802.4899350778,20621.9474110077,78821.2021286012,50394.8064965233,70052.1241173978,42168.5633918198,41005.9736541784,59129.7373535533,77192.7584715198,11241.0916691544,60882.1466735652,55361.8550804935,55733.0888091066,66439.7384107646,89804.5241223495,52555.9989975249,61538.1113030475,34927.7277548984,98218.3302415366,59772.7398614382,79304.4159698302,4969.0619051383,16754.3665509172,18445.2510533688,51477.7131054214,61612.3833712628,45864.8924039785,62487.6787156576,28460.6174366439,94691.1180119004,51425.9465203689,23532.8868798538,72319.0866360650,47627.6518287325,41810.0132442121,35945.5111229245,84154.2438194477,66187.8989849655,14149.9521181049,29824.4426681473,48165.9482271661,38113.1555128239,84475.5023586434,45068.3774933562,125755.8773677236,33632.5568558213,55873.4584854532,73084.5337745777,64495.1695453935,52997.9810346967,81014.9796506606,42361.7567852385,35063.1884532184,17766.1936550639,72178.7292901690,35334.7601679803,58310.3049750821,80783.6719447864,67562.1020553505,14792.5368780167,80582.6603655510,21562.9758275273,42708.8489695229,79070.6878610390,76865.3873862595,54930.5935934816,30428.8452340736,91833.6250126106,86234.5086366571,71325.0486368239,81966.2466700486,22842.8552594366,56281.6125921564,18081.1799369069,61127.5904102678,58712.2525712283,31530.0108407327,32309.1941687872,19904.8206532951,17384.5906329190
1482,74718.5705275571,90130.5203664267,21956.7582788901,128126.1352141281,70775.8930060953,53540.4701888803,54859.0240526074,27520.4759516090,114436.9415234975,47916.0960325014,88681.8582694852,89087.8403515785,58889.9143606259,18282.1550054944,20677.2488298263,64192.6170522486,89774.2681930304,46803.6019484097,70698.8534325791,39263.6344038219,40345.9210754265,63153.6384553131,30206.7107103911,85358.6799292786,11231.8287006812,95868.0132394753,67912.6411304085,71915.3092425782,46903.8732565673,36969.5673686471,25276.6252253646,86742.1765657798,59861.9617626253,97877.9683735798,76382.3828797530,10042.1284786264,97076.0966647468,31711.3459602373,44212.5482324284,51491.6639372472,56620.8791033525,108154.1668055922,57303.1836920059,18705.4913239000,33628.8150422265,75417.7704141736,82990.3768324417,101533.1169474040,61489.2510116236,80979.1247320892,62089.6766094713,43684.1201190430,56361.4867252442,50662.1634099968,5607.0748784231,39403.5544185959,74858.2297093495,63288.3441220399,67541.3136728419,66857.5733460742,86379.9112402807,14896.6646154773,52422.0488934410,67851.8044353448,55427.3360096245,17000.7210909848,42003.6388935104,27988.3040668454,43624.6066228644,85402.8477514138,35311.8810845347,82330.6953721896,68348.9652390717,16017.5498861353,80618.4067987468,41878.3840029744,84299.4937920332,91868.9560083740,39470.7408125905,69303.1142032184,56370.9676470464,56592.5812873043,55910.2119361335,78092.4838512797,52319.2825705051,100270.2905798493,48936.4279398404,34351.4121514738,35794.8622869386,9744.0607040387,26400.9305210877,19425.8609931308,44870.0195949052,88416.3301333558,55020.2832891351,78731.8939314421,98890.0657265728,28675.7261091234,56216.5916055263,76367.7013524873,49261.3675279896,26189.3420464484,82048.0844822914,26867.9501255524,89051.5993589341,30485.8887099432,25871.6775963662,65827.4036785235,39383.7344043916,8469.2401303244,92814.2434378242,64585.6421033546,106762.5096381331,27086.1198335035,69647.1242624006,91914.9178913268,64304.6690257486,23784.4673068886,72804.4376586731,49649.0226090849,48801.2608136021,24772.6234714328,78899.9699630494,54460.3807631083,74162.1959471140,46165.4465781722,45055.7054568446,63278.9280405154,76796.7500183586,17790.5357607519,62638.7328686299,59442.1459606890,59678.0170725323,68854.4753506662,89400.2388781778,56282.3013394418,62094.8861202474,38570.6493302502,98009.0047914531,61983.6490570131,81945.1894897393,229.0867693453,11663.3715560728,14500.9055783868,52347.6670417857,64524.7386366447,49478.1890245836,66600.9743118233,32508.4415205978,94881.0323566586,55573.7668052798,20412.2900603170,75178.7015490670,44659.7483011217,38257.3205347122,33276.6596611735,85931.7979914974,68899.9562380651,12995.2214935714,32962.4851391206,50988.3154412151,41727.7768216323,84622.3340864430,46568.0072570018,127145.9925024366,35375.2162817055,58652.1883510615,73737.5186595555,65621.5275704653,49528.3913165720,83211.6943729195,46180.8011358244,33757.1462204364,13612.7302211689,73555.5854324867,31361.8673762310,61732.9945273383,80108.2665644909,68004.1204541377,18947.7675580811,81289.9758221444,22147.0700315864,39577.6105363698,80344.9922695051,79314.6255586401,51721.5191150091,34277.2589570777,92842.9489520629,86815.5482451865,70393.1935103550,83516.4702659043,20599.8018020892,56854.4993108494,21360.4064594599,57627.1191794637,58598.9969605794,35592.3227407958,30017.9181913184,19103.3579041218,18727.6150211218
1483,70432.0653055524,94932.4536640400,23980.0868461554,126452.0262491404,71677.5073901390,47974.2497692937,60544.6566626730,25361.4334498779,110989.9980974786,51872.0833524980,87050.3750833225,92403.2840530254,56602.5456296652,23519.7113821399,15225.3265831652,69340.5944557029,86618.1395892825,46932.4768392507,74838.6350631777,33675.3772475372,45689.5203843177,65813.5888442332,32569.5326811310,85096.9577573164,11386.5831629184,91809.9047366419,67165.4752962045,68657.2740571595,49026.7807045297,31609.8055028593,20331.9938455248,90920.6126840586,55936.7724714153,95414.4101086135,74193.8869916789,18256.1834071863,96163.9440357409,36193.6587629850,42169.8308059709,56388.8154809370,62130.1710674183,105227.2204019829,58343.7584778588,19703.4824706345,33689.2498880993,80130.0550993168,79221.6919875530,98021.7533945342,65091.5773227392,79967.9396559605,66680.4076414980,49344.6405431675,55464.4685930721,45027.7730914952,11013.5643007477,42621.9140549021,74932.2751251271,63431.3300828238,65891.5749552887,68695.9945692092,83814.6664057467,9602.9177160840,55442.6139316601,63168.2161469519,52253.7954811597,14826.2730958015,46639.6974699934,23318.6115630916,37947.2428017290,81152.2161858436,30243.0643277737,86029.8707758008,65778.5231578611,19655.4066665946,77597.3194164382,41007.8006074519,88846.5125742056,88189.1334765170,41014.6791369453,65492.3377643882,60499.8293773324,50912.5608449295,57789.3651680363,76504.8214022845,50653.9138294376,97184.4653862965,54304.7346785787,28666.0921254657,33975.3068175081,128.1010440319,20778.8980589027,15340.9051275335,39368.1955474843,87636.7248667261,55063.1821099200,82997.2567939721,97518.8555508325,23135.2944312320,61451.3027501139,75838.2156729305,50526.3451742306,31310.5542237971,86915.0238294006,26329.4702941289,86914.3523286239,34013.8374616511,22091.0791703841,61543.7230882012,43420.9570359256,11841.1184848934,90022.7359932924,61248.0811068676,103500.3733471668,28267.9482346690,74159.8789174388,90693.7874958724,65583.7526417521,26917.0336682762,71610.7503160453,54130.1450508519,48097.8716211610,29129.7242327637,75471.7076449307,58070.4282052928,77964.8336789988,49528.9380543808,50107.1273690114,67448.5601076556,72867.3895119987,11906.6657383159,61452.0331025351,64394.2671549484,62792.2270080355,68652.8978844700,85430.4586790241,58766.0905934253,59301.4349964979,40989.4070823225,94221.8009457613,61494.4421501867,82067.0024014576,7878.3269188887,12946.9344655095,9390.0672866645,50021.2843425088,65215.5433943644,55034.8766381539,70439.5845049195,37579.5516048213,91533.4853334628,60165.9179583800,14742.5846067157,75718.7531959660,38997.5603624677,32644.2461980425,27725.3771232918,84661.9400834945,69205.0238533259,12139.1105643103,34419.5902906807,51616.0677636725,47281.6163008120,81252.7100447815,45157.0654643587,125228.8811365227,34498.4307639820,59138.7512296490,71002.8572304993,63534.5474284766,43885.0738465339,82591.7175987622,48979.9201811770,29195.1483537824,10283.9887138252,71766.1397735517,26230.0992371805,63462.3668888283,75892.8958258289,65039.6086640018,23459.8734076020,78592.9076584418,20124.4621534590,33894.3128394405,78385.9480936707,79120.6207335811,46035.4278127615,37272.0897290243,90491.3130827594,83945.9340234234,65963.0593985703,81927.4116576870,15414.3142817278,54115.6896441200,23424.2350776355,51996.4754354840,55046.4251023053,39291.2214469383,24689.8079792816,15490.6792609372,17975.5040489804
1484,75995.1978951018,85111.0552565827,24404.3793684446,126559.6418877002,67349.8235090048,58092.8356389509,50908.3725363907,27135.7562891093,114627.4038839266,42981.1544414047,87164.2531379544,84322.2717405056,58116.4297841740,25880.1354829824,25374.5530358669,59265.6413820805,89712.5899035841,44081.6825433161,65708.8329201146,42831.3136918425,35540.1442976592,58705.3045962512,26113.8069765071,82724.9206402155,11001.3802659749,96799.7432168622,65731.2442901846,72029.0252474471,42808.2928545535,41746.8265794155,27869.0532915747,81741.8693033980,60776.8016236956,97098.8915033539,75416.0724778655,14717.5499788451,94924.5733542064,26688.6106977232,43357.5624773809,46482.8528447409,52006.5394898824,107808.8208699274,53841.2681932495,16009.6905007261,31150.0173586512,70388.3748519186,83619.0164748846,101821.1012104161,56646.0580141839,78957.8438920041,57055.8713776842,39492.3063723274,54376.0875406693,54347.2524431100,4514.5169506486,34762.6912859592,72006.1260235528,60436.1234957732,66128.8001138931,62848.3393921663,85733.8099224996,18283.5329985096,47827.5239991008,69677.2168480173,55555.1668886401,17230.0628604844,36969.8180364499,32996.9410352650,47855.7380657470,86599.2188013163,37913.0872573846,77441.8019239851,67785.9001496575,22678.7028465270,80448.4294996619,40022.6558015648,79265.8790492696,92369.4948081619,35801.2329002726,70034.8272576233,51388.8603348568,60784.8928057388,51915.7746048854,76574.6709408963,51030.8107621359,100106.3991500884,44153.5387164275,38510.5817339902,34875.7260955920,12727.0548694400,30160.9400702942,24459.6108754804,49515.5540141815,86180.8709533517,52294.5880328675,73720.2413496734,97117.6569269841,33277.0788688571,51334.2002559636,73973.4955681869,45696.4744631316,21235.5712710296,77038.0040829282,25070.0090730208,87990.0272488766,25751.4937682094,27120.5912566390,67138.3099647288,34438.5883807718,257.6559949271,92370.8099630038,64822.2327728671,106768.8793012248,23886.3944754445,64614.7652393714,90033.7220804486,60651.9254079063,19320.3094651927,70969.8653196148,44620.2249372371,46722.4175563227,19779.2953063362,79165.3650589487,49623.2321298683,69248.2047804400,41437.8685568850,40085.4917359833,58286.0348009706,77633.3231852895,11630.0331146619,60853.2805464174,54446.8542785644,55025.4914065991,66236.2564867761,90243.0344372685,51943.0423854540,61788.5998103099,34356.2090963987,98616.0338453352,59627.4600852853,79033.6968699793,6734.4901485301,16921.4746295122,19370.5072481215,51665.9571646855,61269.1596210392,44950.4933045098,61681.6350218911,27539.3857665506,95007.4675243117,50540.0157143839,24422.8665245756,71987.5309327391,48491.8511581732,42727.8557606484,36779.1153521544,84110.3514115973,65901.3636310733,14825.7315363680,29437.4186153142,47857.0065513131,37199.4223771592,84803.6641043654,45115.4470840531,125797.7276757919,33635.7790223141,55572.4764612387,73308.2142570463,64615.9757862701,53909.1991287836,80864.6263996311,41714.5061799047,35698.0448503115,18625.1951138891,72236.9166756577,36259.7361879479,57806.1888113781,81277.1550211641,67834.2036164544,13938.9641477299,80791.4766305764,21873.4947576267,43591.6144462226,79150.4856418169,76648.5743702824,55818.8912476912,29775.4984688978,91970.9878849369,86469.2996945682,71869.5854884181,81979.0262282405,23636.8585122134,56531.9714963255,17676.2934589957,62040.5365929806,59104.9295541914,30764.7398398361,33096.8708827364,20490.4565781140,17546.5492084661
1485,0,0,0,0,0,0,0,0,0,0,0,0,0,0,0,0,0,0,0,0,0,0,0,0,0,0,0,0,0,0,0,0,0,0,0,0,0,0,0,0,0,0,0,0,0,0,0,0,0,0,0,0,0,0,0,0,0,0,0,0,0,0,0,0,0,0,0,0,0,0,0,0,0,0,0,0,0,0,0,0,0,0,0,0,0,0,0,0,0,0,0,0,0,0,0,0,0,0,0,0,0,0,0,0,0,0,0,0,0,0,0,0,0,0,0,0,0,0,0,0,0,0,0,0,0,0,0,0,0,0,0,0,0,0,0,0,0,0,0,0,0,0,0,0,0,0,0,0,0,0,0,0,0,0,0,0,0,0,0,0,0,0,0,0,0,0,0,0,0,0,0,0,0,0,0,0,0,0,0,0,0,0,0,0,0,0,0,0,0,0,0,0,0,0,0,0,0,0,0,0
1486,74449.2991008672,94923.0980161044,39718.8557974748,130421.4623072455,74703.5882793362,49568.5353970954,58454.0197096721,29360.6576457105,115126.8715149842,52804.3728595232,91001.3658316825,93904.9509496694,60665.5488056758,22961.0544568900,16687.4654494208,68834.4917668519,90761.4591222345,50278.7504294789,75592.8841342690,36691.6021669127,44860.6553447281,67799.4544574560,34706.6436745362,88634.2195066384,9449.1705710808,95874.2605499386,70860.9754944720,72800.8394833002,51350.3907828640,32700.5640491820,24180.3010483116,91635.0431287258,60035.4616549934,99512.4206414599,78248.6644058050,11265.4705024758,99926.6651474400,36593.5458973359,46178.7334507681,56267.1240983365,60895.8289112427,109364.7055991202,61287.9279662349,22531.7110107397,37030.8156567966,80240.3947127242,83334.6008726530,102155.6279037738,66346.0668458380,83753.5431737518,66943.3595943090,47560.2026137871,59197.1517289250,47851.2116567776,12907.1908114468,44176.8797640037,78332.3684010859,66793.5790083438,69837.3112666835,71212.9778846941,87922.2909545697,13347.0788421023,57160.2253196238,67048.5213958011,56396.1430277402,18769.5884846950,46857.5060743120,23270.3528231448,40143.4960584255,85174.8071015322,33961.2916251403,87203.2043378136,69882.7674076233,20825.3317836226,81737.1600650445,44710.7635123129,89156.2152195986,92310.3153631601,43663.7716784901,69603.2246364965,61265.1798173795,53105.6034557332,60272.2639411852,80441.6483377722,54591.5995857518,101326.9295359728,53411.2541519500,31043.0977953790,37924.2977109660,4750.6578592557,23778.1049831775,14586.9177503688,40785.2190288102,91354.6490631828,58457.1199407344,83621.3719120618,101410.5576889617,24752.8091715920,60803.8264575348,79466.5410323263,53344.2163630855,30902.7461962957,86820.2515418691,29871.0652334746,90964.4142702530,35310.9671968929,26228.0064057231,65566.3162400461,44274.5596727470,12478.5386451838,94151.2722675422,65391.0999322631,107643.4763781273,31066.7608985958,74512.1873208413,94543.6872287158,68411.9865520207,28505.5112623684,75444.1828386712,54523.6382930892,51758.3966635019,29665.7711602457,79611.4322865625,59315.9954817680,79043.5130393354,50975.5532131240,49770.0118919098,68172.7127775186,76959.6102549892,15788.3356065281,65276.4452037118,64190.3788297905,64443.4069232100,72156.8567412511,89512.8490972427,60867.3495755332,63425.3644064354,43110.8680391582,98330.0483687482,65097.5359915023,85452.0727319781,7678.9571559328,15516.1776330793,10266.2128642528,54086.3602429343,68337.3100789434,53674.1217037165,71484.2333163965,37232.0221068350,95675.1046258398,60429.3451831660,17598.3934437834,78918.6695926323,41702.2301698307,34466.2528753612,30865.6791584396,88522.6404683493,72503.9370142340,13605.7778910479,37098.1328393923,54750.9870635202,45945.5420329854,85394.1107992908,49025.1155800254,129247.2742838690,38187.8496787303,62347.9878749782,75124.4204063941,67567.9011592069,45812.0249712221,86254.8217558920,50853.3958470062,33174.0996074373,17443.1729299891,75745.6548351624,26893.0531350392,66038.9114497684,79926.4016520816,69175.8308506952,23836.9866650612,82712.5126667919,24072.1566425046,36420.5455647730,82402.0182633886,82629.0195955309,48378.6406350242,38987.6173892946,94574.2960270696,88078.9904129698,69939.6307770987,85866.8221752423,19146.4727989130,58233.4107584248,25703.8593602790,53839.6752581586,59182.5920236287,40450.0488496847,28201.3954690893,19633.6604405183,21530.3472931092
1487,76157.4299982947,88946.5992930921,42662.7949959310,128922.6939260415,70893.3846820533,55075.4553667584,53245.6948739420,28567.4042111812,115679.1260868685,47079.6319904327,89484.4851867905,88433.7636275307,59884.8615505854,16986.7151014317,22186.4693592364,62876.9905708302,90955.7951601859,47186.2512462046,69770.9370932055,40909.2002867875,38954.1372968087,62738.2012553736,29980.5935441788,85794.7303488970,12920.2007651974,97252.6498488695,68498.8950908344,73129.8125019610,46690.5471434106,38426.8147409350,26862.7195041708,85791.2129246061,61232.2603444533,98887.7154729180,77335.8402093245,10603.6963345013,97682.6745763396,30709.8049199359,45172.4487625675,50288.7969665973,55137.7989717267,109274.0791627937,57399.2700013838,19023.2955937691,34078.8180559498,74273.8631846691,84315.2850044795,102793.6004800830,60759.8245883286,81623.4801969408,61000.1993822297,42105.4199654802,57004.4367955159,52305.6077653111,2387.2886454035,38848.5649138123,75209.6873289918,63634.5970136978,68366.0636671985,66697.4829532288,87420.4556747557,16532.1757925102,51904.0675314467,69370.9651339745,56635.9765777448,18142.4753766494,40917.6656232546,29239.2058049784,45227.7884092532,86831.1392646159,36907.4499302112,81550.4443934762,69403.1476125235,15475.1065380538,81772.3286243855,42547.3442592793,83214.6434353526,93170.8676616555,39461.1006980546,70643.3333094753,55459.7696889809,58198.2041001207,55754.1549942823,78891.3134100297,53169.0184540354,101431.0933395443,47527.4872422549,35966.8354730036,36724.6225092093,9627.6899501081,28044.8883736676,20559.8409551063,46378.4828208297,88992.5195935753,55408.5711244712,77753.5214696176,99618.4840474144,30208.3559879549,54866.3582502692,76885.5934532715,49307.1877997870,24924.9927534469,80841.2615217559,27521.5039778886,89983.8202446741,29854.9474245083,27264.3746258988,67268.9961669289,38534.3839048496,6939.2146424239,93906.9818503604,65823.3833726015,107963.2037616637,27253.8698744437,68582.3490162407,92607.5111288132,64318.3986643865,23339.8314773083,73504.7716837279,48613.4401842290,49407.4464161255,23850.4621687932,80149.7773453168,53737.2366839277,73351.4918789124,45542.8173121097,43793.4898903559,62345.9969597972,78159.3352938483,16518.4890739014,63348.9179932360,58211.0760819677,59117.3458418940,69289.9558866852,90767.3455518692,55934.0858081746,63208.3281180586,38287.3467551497,99333.2937535244,62507.6304581801,82276.3684777613,1309.1337703120,12075.1698677637,15936.4487294775,53361.1765047426,64712.0262456981,47970.3084300610,65783.7496777943,31253.7274999948,96105.5725747768,54489.0143176217,22047.8971563527,75396.6980661504,46298.4230901234,39818.8162093154,34921.9739461000,86641.3027935359,69192.6034677127,14432.1740376803,33008.4286522206,51218.2224938632,40223.8803672381,85856.0088511780,47364.6439594184,128006.2369170697,36069.2091594736,58907.7622844116,74827.2044495173,66559.1956367759,51105.0141476405,83748.3111718748,45749.6899650458,35273.7153786713,14640.4115657026,74410.3049446332,32747.2711575651,61613.6441704059,81530.6670159045,69152.8578194432,17998.9760088518,82365.6606289803,23200.3959299019,41205.5767714610,81237.5704887044,79736.9538675438,53339.2396477372,33817.8715891915,93827.1018684685,87930.0146401743,71862.5533151289,84311.5219628146,22220.0890622005,57960.6273501337,21307.9387502655,59195.1938352838,59889.6094292693,34878.6994084416,31647.6974376608,20498.4053507482,19520.8020293343
1488,0,0,0,0,0,0,0,0,0,0,0,0,0,0,0,0,0,0,0,0,0,0,0,0,0,0,0,0,0,0,0,0,0,0,0,0,0,0,0,0,0,0,0,0,0,0,0,0,0,0,0,0,0,0,0,0,0,0,0,0,0,0,0,0,0,0,0,0,0,0,0,0,0,0,0,0,0,0,0,0,0,0,0,0,0,0,0,0,0,0,0,0,0,0,0,0,0,0,0,0,0,0,0,0,0,0,0,0,0,0,0,0,0,0,0,0,0,0,0,0,0,0,0,0,0,0,0,0,0,0,0,0,0,0,0,0,0,0,0,0,0,0,0,0,0,0,0,0,0,0,0,0,0,0,0,0,0,0,0,0,0,0,0,0,0,0,0,0,0,0,0,0,0,0,0,0,0,0,0,0,0,0,0,0,0,0,0,0,0,0,0,0,0,0,0,0,0,0,0,0
1489,0,0,0,0,0,0,0,0,0,0,0,0,0,0,0,0,0,0,0,0,0,0,0,0,0,0,0,0,0,0,0,0,0,0,0,0,0,0,0,0,0,0,0,0,0,0,0,0,0,0,0,0,0,0,0,0,0,0,0,0,0,0,0,0,0,0,0,0,0,0,0,0,0,0,0,0,0,0,0,0,0,0,0,0,0,0,0,0,0,0,0,0,0,0,0,0,0,0,0,0,0,0,0,0,0,0,0,0,0,0,0,0,0,0,0,0,0,0,0,0,0,0,0,0,0,0,0,0,0,0,0,0,0,0,0,0,0,0,0,0,0,0,0,0,0,0,0,0,0,0,0,0,0,0,0,0,0,0,0,0,0,0,0,0,0,0,0,0,0,0,0,0,0,0,0,0,0,0,0,0,0,0,0,0,0,0,0,0,0,0,0,0,0,0,0,0,0,0,0,0
1490,0,0,0,0,0,0,0,0,0,0,0,0,0,0,0,0,0,0,0,0,0,0,0,0,0,0,0,0,0,0,0,0,0,0,0,0,0,0,0,0,0,0,0,0,0,0,0,0,0,0,0,0,0,0,0,0,0,0,0,0,0,0,0,0,0,0,0,0,0,0,0,0,0,0,0,0,0,0,0,0,0,0,0,0,0,0,0,0,0,0,0,0,0,0,0,0,0,0,0,0,0,0,0,0,0,0,0,0,0,0,0,0,0,0,0,0,0,0,0,0,0,0,0,0,0,0,0,0,0,0,0,0,0,0,0,0,0,0,0,0,0,0,0,0,0,0,0,0,0,0,0,0,0,0,0,0,0,0,0,0,0,0,0,0,0,0,0,0,0,0,0,0,0,0,0,0,0,0,0,0,0,0,0,0,0,0,0,0,0,0,0,0,0,0,0,0,0,0,0,0
1491,0,0,0,0,0,0,0,0,0,0,0,0,0,0,0,0,0,0,0,0,0,0,0,0,0,0,0,0,0,0,0,0,0,0,0,0,0,0,0,0,0,0,0,0,0,0,0,0,0,0,0,0,0,0,0,0,0,0,0,0,0,0,0,0,0,0,0,0,0,0,0,0,0,0,0,0,0,0,0,0,0,0,0,0,0,0,0,0,0,0,0,0,0,0,0,0,0,0,0,0,0,0,0,0,0,0,0,0,0,0,0,0,0,0,0,0,0,0,0,0,0,0,0,0,0,0,0,0,0,0,0,0,0,0,0,0,0,0,0,0,0,0,0,0,0,0,0,0,0,0,0,0,0,0,0,0,0,0,0,0,0,0,0,0,0,0,0,0,0,0,0,0,0,0,0,0,0,0,0,0,0,0,0,0,0,0,0,0,0,0,0,0,0,0,0,0,0,0,0,0
1492,0,0,0,0,0,0,0,0,0,0,0,0,0,0,0,0,0,0,0,0,0,0,0,0,0,0,0,0,0,0,0,0,0,0,0,0,0,0,0,0,0,0,0,0,0,0,0,0,0,0,0,0,0,0,0,0,0,0,0,0,0,0,0,0,0,0,0,0,0,0,0,0,0,0,0,0,0,0,0,0,0,0,0,0,0,0,0,0,0,0,0,0,0,0,0,0,0,0,0,0,0,0,0,0,0,0,0,0,0,0,0,0,0,0,0,0,0,0,0,0,0,0,0,0,0,0,0,0,0,0,0,0,0,0,0,0,0,0,0,0,0,0,0,0,0,0,0,0,0,0,0,0,0,0,0,0,0,0,0,0,0,0,0,0,0,0,0,0,0,0,0,0,0,0,0,0,0,0,0,0,0,0,0,0,0,0,0,0,0,0,0,0,0,0,0,0,0,0,0,0
1493,0,0,0,0,0,0,0,0,0,0,0,0,0,0,0,0,0,0,0,0,0,0,0,0,0,0,0,0,0,0,0,0,0,0,0,0,0,0,0,0,0,0,0,0,0,0,0,0,0,0,0,0,0,0,0,0,0,0,0,0,0,0,0,0,0,0,0,0,0,0,0,0,0,0,0,0,0,0,0,0,0,0,0,0,0,0,0,0,0,0,0,0,0,0,0,0,0,0,0,0,0,0,0,0,0,0,0,0,0,0,0,0,0,0,0,0,0,0,0,0,0,0,0,0,0,0,0,0,0,0,0,0,0,0,0,0,0,0,0,0,0,0,0,0,0,0,0,0,0,0,0,0,0,0,0,0,0,0,0,0,0,0,0,0,0,0,0,0,0,0,0,0,0,0,0,0,0,0,0,0,0,0,0,0,0,0,0,0,0,0,0,0,0,0,0,0,0,0,0,0
1494,0,0,0,0,0,0,0,0,0,0,0,0,0,0,0,0,0,0,0,0,0,0,0,0,0,0,0,0,0,0,0,0,0,0,0,0,0,0,0,0,0,0,0,0,0,0,0,0,0,0,0,0,0,0,0,0,0,0,0,0,0,0,0,0,0,0,0,0,0,0,0,0,0,0,0,0,0,0,0,0,0,0,0,0,0,0,0,0,0,0,0,0,0,0,0,0,0,0,0,0,0,0,0,0,0,0,0,0,0,0,0,0,0,0,0,0,0,0,0,0,0,0,0,0,0,0,0,0,0,0,0,0,0,0,0,0,0,0,0,0,0,0,0,0,0,0,0,0,0,0,0,0,0,0,0,0,0,0,0,0,0,0,0,0,0,0,0,0,0,0,0,0,0,0,0,0,0,0,0,0,0,0,0,0,0,0,0,0,0,0,0,0,0,0,0,0,0,0,0,0
1495,75289.0815976349,88876.3465680730,22214.5953797373,128004.0872443562,70129.9945264487,54779.5131222256,53693.5852802921,27633.2749102038,114757.8445464401,46759.6745495822,88564.8043990083,88008.8429910145,58951.1012394795,17012.2461945726,21929.6799696441,62922.6821162041,90027.5805419474,46343.4825717115,69511.5755514065,40323.4942411868,39076.7256352176,62188.8886375731,29340.3466549470,84941.0604483880,11093.0453504834,96363.5395784270,67612.1362241266,72205.3250004662,46048.7543486248,38233.2546604808,26105.5252743172,85547.8528824919,60339.7013978437,97953.7558222544,76403.6721897661,11046.0877067700,96792.8644380342,30497.6856298414,44239.6548557668,50233.5178328970,55366.4956990349,108341.5032385001,56642.0004737740,18189.4355659766,33217.8314628357,74171.1295954543,83409.8900731234,101875.2253865953,60376.3421193406,80726.5324329181,60855.0026634632,42479.7515824091,56106.8573739344,51750.6594699980,3531.8421734476,38366.0999008338,74376.9539327555,62802.6299123226,67443.6137008881,66035.7995613775,86486.1664720246,15876.0563047306,51404.4062404993,68546.7353867946,55711.1243523873,17213.7411206949,40768.7123853177,29249.5311136021,44812.1776444564,85958.0586263926,36159.7360081235,81198.1254957175,68468.9112356045,14974.6612003529,80841.9135679082,41644.4948285211,83066.5714972335,92260.2348324700,38738.3027266956,69742.0414547142,55188.5695204902,57776.1236800606,55089.8906794908,77971.9102249364,52243.7407070754,100501.0584679152,47668.5512828671,35523.1744168540,35793.0027621486,9297.8997859918,27489.3694895073,20662.4062291996,46120.2892862714,88108.3407848781,54565.1430089977,77528.6646176982,98708.5417474530,29917.7388300534,54945.8245247149,76013.0336022049,48566.2269376059,24922.1738963001,80789.9284019070,26619.1255587369,89052.8506299309,29411.0338037472,26382.7376212474,66402.1820901753,38221.4771418756,6118.6730397746,92973.4111932698,64902.1024012889,107036.7815652170,26467.7077600184,68418.9418468731,91702.8411580265,63590.2342777606,22796.2805627649,72598.4935716612,48427.7304052431,48515.9285215377,23581.7332972912,79230.0087486032,53349.5346935996,73017.3429783230,45097.5996742267,43789.5503254061,62089.6390371600,77263.9217015638,18262.3972005104,62440.8457698701,58180.0420914442,58640.4640741328,68435.7819973158,89872.9613451300,55352.6721722210,62275.6919458643,37674.1264777631,98427.5019589534,61633.1587099022,81449.3494746139,1044.8344315668,11210.7256063134,15769.3628114343,52427.0394217767,63925.9063946230,48232.2515833518,65453.2396230083,31242.6014413787,95182.0540331265,54339.9796413196,21544.0204076123,74601.7965850141,45774.6509112569,39482.5252026828,34318.6896988515,85733.9316858106,68375.6073595344,13575.1843933944,32264.3469962312,50417.9952715944,40480.7944318857,84933.8178564492,46444.5945942400,127080.9108798555,35161.8469303851,58100.6860375136,73893.6071602373,65627.7301818108,50741.7599913646,82872.0079652199,45206.0622756390,34451.0871823299,14816.0811509939,73485.0193171461,32632.4635133305,60935.2816657287,80655.3767174092,68222.1937306545,17745.8191403985,81431.6968334319,22266.4997390109,40724.9634408583,80309.1882072870,78886.3960271816,52887.6353405731,33285.6627923909,92893.7915733526,86997.2686120907,71008.6518701868,83392.6466113303,21518.9418857406,57027.7205241486,20594.1201043752,58846.5491028652,58977.4503232649,34482.8294092839,30965.4007614716,19619.9670312471,18598.0360144649
1496,0,0,0,0,0,0,0,0,0,0,0,0,0,0,0,0,0,0,0,0,0,0,0,0,0,0,0,0,0,0,0,0,0,0,0,0,0,0,0,0,0,0,0,0,0,0,0,0,0,0,0,0,0,0,0,0,0,0,0,0,0,0,0,0,0,0,0,0,0,0,0,0,0,0,0,0,0,0,0,0,0,0,0,0,0,0,0,0,0,0,0,0,0,0,0,0,0,0,0,0,0,0,0,0,0,0,0,0,0,0,0,0,0,0,0,0,0,0,0,0,0,0,0,0,0,0,0,0,0,0,0,0,0,0,0,0,0,0,0,0,0,0,0,0,0,0,0,0,0,0,0,0,0,0,0,0,0,0,0,0,0,0,0,0,0,0,0,0,0,0,0,0,0,0,0,0,0,0,0,0,0,0,0,0,0,0,0,0,0,0,0,0,0,0,0,0,0,0,0,0
1497,0,0,0,0,0,0,0,0,0,0,0,0,0,0,0,0,0,0,0,0,0,0,0,0,0,0,0,0,0,0,0,0,0,0,0,0,0,0,0,0,0,0,0,0,0,0,0,0,0,0,0,0,0,0,0,0,0,0,0,0,0,0,0,0,0,0,0,0,0,0,0,0,0,0,0,0,0,0,0,0,0,0,0,0,0,0,0,0,0,0,0,0,0,0,0,0,0,0,0,0,0,0,0,0,0,0,0,0,0,0,0,0,0,0,0,0,0,0,0,0,0,0,0,0,0,0,0,0,0,0,0,0,0,0,0,0,0,0,0,0,0,0,0,0,0,0,0,0,0,0,0,0,0,0,0,0,0,0,0,0,0,0,0,0,0,0,0,0,0,0,0,0,0,0,0,0,0,0,0,0,0,0,0,0,0,0,0,0,0,0,0,0,0,0,0,0,0,0,0,0
1498,69734.3310499125,86695.3638206223,29399.1365361837,120845.9412091895,63399.7671372210,54982.8858547460,55778.7940871047,20860.3455379295,108310.4155448580,43000.3791742906,81412.1514100090,83305.0881485624,52000.1713075980,16947.6729132063,23207.4149397384,61749.2751769704,83426.2527941421,39280.4994000928,66026.7197163642,38161.8496893660,38780.2902032910,56735.4776733533,23514.2796150518,77831.1831404076,4831.4293975065,90479.6623470583,60429.5979282637,65714.0442298249,40068.9548035019,39465.5388817418,22443.9863080265,82113.8786700639,54464.0914574139,91004.1170660297,69385.4402545290,16986.7292239075,89606.5475997759,27838.5244195573,37254.6033610810,48406.2879187874,55678.4193199794,101584.8949527645,49958.1732054297,22049.9291665435,26101.0534981281,71809.1844099112,77281.8804197080,95494.0800579548,56057.1152422317,73535.9084113068,58256.9073403188,44099.4524884830,48916.1380866911,49732.8060117039,11135.2036698765,33531.1970567645,67339.0860440718,55771.5206103826,60307.2015224551,59870.2928815388,79589.5339222082,14076.1034437724,46333.7538200601,63583.8661293812,49233.8112112814,20714.9290851905,38362.0883573711,32142.5333797382,44133.6933361972,80318.2385440262,32362.7622545282,77009.5184820402,61607.5654961406,20381.4152959860,74179.1650330490,34454.4317779024,80331.6482185616,86031.9796436199,32294.9347882905,63703.0977627269,51707.1633935527,56896.8536324698,48935.8860509658,70818.3149874040,45130.5335947087,93840.7854248872,47380.1834259285,34769.6640888418,28781.4663382955,11540.5283208339,25946.2782163273,24432.3316678202,46724.7015899592,80928.7651003456,47495.4909692472,74256.7340682328,91526.2234811693,30597.4789655487,54099.1824503449,68854.8553611937,41985.1328834440,24088.6998862520,78781.2067190530,19428.7465415440,82005.7721402633,25017.8676869637,20951.3759338388,60890.5275485204,34627.5484618102,7297.7384571469,86168.4689465064,58494.1319638269,100474.7135955909,19722.5286677929,65638.3944222090,84514.0349886435,57050.8050029515,17844.5215018365,65411.1523687781,45640.2330752773,41328.7513424405,20751.1533138720,72837.5626218423,49045.1938774233,68984.7191469375,40454.2675146159,42437.7995513193,58667.5700488726,71307.7184240036,16311.7888282463,55255.7201713780,56459.3491369120,53684.7425027556,61326.8212207093,83915.9872997287,49717.2750666503,55539.8990382068,31937.3048570871,92278.1847540297,54471.9991448642,74430.9424542195,7804.9720204511,5336.2852654712,18136.2890119599,45512.4510955109,57090.8197995053,48882.9866020750,61480.5211953838,30104.4853620548,88695.3589392690,51766.0003215647,20781.0620410943,67719.3081673423,44117.3750403836,39560.6898660905,32103.3088826526,78547.8357235908,61401.2214420351,9891.3457301457,25729.2097550720,43530.2740326378,41204.7695276810,78484.0319794663,39296.4787460871,119962.2146245310,27975.8974025208,51174.6156749884,67095.2358103602,58595.3238292526,50432.7671147689,75705.7851561498,39878.1694959432,29755.4325581899,19309.2318363866,66368.8608628626,34569.1370912399,54682.2984069889,74993.2265021622,61560.4235655151,15442.4945168601,74600.4831158353,15562.9940232177,39538.4312579325,73223.8610478842,71786.8063690009,51796.9694662288,28165.4283357108,85909.4474543023,80240.2829320007,65659.5798082572,76236.4822021506,18735.2892195725,50283.6244898717,14412.2667756170,58580.6940572593,52766.9633032068,30338.8728511748,28014.8321545583,14458.9435449404,11485.3935258292
1499,60506.0023760249,108129.9577164954,33408.9745247556,123498.5838587843,76344.2230642164,33416.7483498887,75521.0367880815,25824.8016592001,103136.2124413555,63730.8761482382,84757.6940828208,102359.7767954068,53385.9363390217,38001.2208550323,2973.1615677358,83337.3880441317,79944.7294027082,50720.9405191178,86760.4670531212,19346.2409914861,60138.1309513252,74693.6701393617,42169.3837369271,86519.7856827668,18603.9165094853,82299.9634519769,67793.2948732745,62069.1441660349,57241.5702674715,18267.7450787016,11655.1739286883,102799.6323254169,47614.5283999434,90624.7967419823,70633.0992995724,18468.2740492607,95662.3730609231,49332.4517351790,40592.7391423699,69979.3789057384,76820.4472715390,98963.1217402498,63758.6548534129,28461.9709993333,38414.8973912703,93204.6522872355,70802.4478027732,90114.8981342742,76007.2878395065,79525.6085608813,79596.8811490556,64293.8333837757,56173.3743566762,30350.6147713735,25849.6091635428,53309.6587798899,77455.9058615321,66479.4694701222,64114.1946995623,75657.9643231032,78938.3402709083,13320.7729233586,65339.7194001801,52024.6133661393,46555.5196953189,18865.3878816962,59854.6267165367,22977.5121590020,22989.9916567181,71167.3928357095,18925.4553603192,96900.8524373018,61360.1956092288,32338.9921624009,71506.8693570527,42733.4039517558,101529.2706612364,79900.6469021300,48400.1918442318,57242.6429594430,72560.0745434404,35944.8678867467,65150.2916095547,74576.2568311309,49536.3947467359,90557.4555026415,68762.7080002399,13689.4894445551,33907.0379759306,12747.7901347414,4201.1661243246,12786.1020356180,25146.7408090906,87645.2799862806,58202.7929539763,95117.2810776425,95753.0211388358,16547.4869077061,75642.3670321607,76779.7239958052,56785.1512308847,45528.4379347677,100279.0046324283,30714.9909911468,83205.9370125907,45618.5243296775,18190.4316319550,51826.6201064173,55614.5309723282,25875.2797280814,84370.5676119420,54645.1178693555,96272.6340428586,36018.2314142201,86861.1181454209,89455.6289389408,71322.8761463740,38276.6593237157,70900.5884431843,66960.2966455632,49727.5138299535,42272.8662904947,68187.9359416235,69123.0992659313,89139.9980115981,60280.6291883823,64026.4056703595,79506.9360751816,64060.0598512760,24717.5248792959,61116.4776149373,78035.7405243197,72718.8861579575,70652.6894528635,76279.7932138501,67432.0713262051,54456.7313548453,50183.1532351492,85522.5597733093,63005.1675281520,84541.8528644782,19369.7781417868,23820.2844530678,8541.9308812383,47043.3999122017,69555.6810219273,69816.4403089007,81776.4592953411,51645.7910019385,84206.8724194659,73142.7648164772,342.0034709401,79394.0816839103,24192.4694562378,17990.1484394784,13800.3688336428,83412.4363165924,72470.6773497153,14031.6687857837,42102.3485810802,56342.8241290181,62069.1481102647,74031.0269796422,45111.2415385252,121616.3335363391,36869.7072979893,63195.9085992180,65935.3513817259,60606.3134616670,29046.1001343434,83130.5512011092,58611.0897004488,20421.6346235939,14140.7653358732,69407.1022602067,14547.3963368205,70310.7271113323,66103.2588119827,59462.7191494867,37034.1091012874,73443.4915497269,22389.9537612680,18958.9821017878,75370.0870947024,80852.5063355670,31060.3766974249,47765.1265785421,86104.6898994907,78174.2987887553,55642.4813769534,79862.1898129257,8677.8736072675,49673.2939857262,33380.0358852087,37188.7445322264,47995.9526819130,50990.4303331734,12541.7629410972,15112.6854738887,23893.5253562258
1500,60908.0896911467,109136.4018867368,33302.0631310287,124365.0643479630,77485.3010897820,32535.1968207233,76167.6894256442,26945.6080020649,103686.0084885226,64800.6262596253,85678.4271971596,103497.7401750729,54298.3760621035,38834.7591028501,2325.2710113888,84263.0258268709,80605.8391256997,51860.1233873630,87836.1082413656,19151.9795264503,60992.0858508601,75843.6121343461,43293.2249514904,87584.8398476050,19534.5137641825,82716.4394519097,68845.0928831207,62759.8472890775,58394.6605197586,17182.3278896439,12533.1379665112,103880.6820604935,48198.1558124175,91403.9282675476,71502.2776829947,18594.0865602680,96655.1900606151,50319.3325432592,41606.5940885396,70942.8466683355,77628.7538832528,99638.0404511934,64911.2440237916,29580.8880280729,39570.8101131943,94217.1309052243,71333.5085978551,90669.7391511684,77116.7081195329,80530.4150021444,80616.3981938567,64995.8229483388,57238.8736740830,29977.6195425039,26426.1004691297,54415.3298537080,78555.4259977938,67596.3429387546,65078.2118698041,76817.0473703432,79722.3158412224,9014.6959192351,66471.1836407061,52304.4120488714,47340.8053682297,20019.0383617440,60844.0467303883,20702.6563548503,22302.1741261167,71547.7784516570,19358.3185665407,98016.5023776844,62193.7112308948,33327.6167900110,72219.3749019930,43842.8664477975,102569.1815346765,80432.5149533592,49556.9712634799,57810.1994100038,73624.7673399835,35273.0374256782,66309.1304238150,75522.5200041917,50548.7677065018,91212.2943443904,69618.0167414711,13080.5122622843,34989.4098640672,13332.3194997057,4831.9771004779,12198.4897625317,24184.4651948175,88662.0432658220,59326.3543353859,96185.8855790209,96691.3836570600,14317.4387881728,76541.1119043756,77835.1257722199,57943.6811333105,46408.2351295221,101270.8528065747,31872.9268821483,84054.5836713981,46684.9705440584,19232.7781547206,52267.5528220314,56663.5112572352,26739.1488326183,85099.2911480136,55348.5884193122,96877.4998207412,37165.9295291851,87896.4771237937,90421.2923012625,72476.6648009311,39342.5936128868,71901.8419257761,67980.2957013290,50825.6891237829,43251.2492714719,68816.7827731488,70225.8180495128,90244.7435719968,61388.6087967822,64954.2234798129,80574.2360923161,64565.9222703295,25010.1078975461,62141.6694025125,78997.4419941014,73852.0320305179,71742.6032195419,76737.3247873748,68583.0441770904,55277.1393384478,51320.9782650769,86012.5938348641,64087.3293171532,85637.0610859543,20021.3168907678,24857.1155096441,8592.6960692576,47980.7437876478,70694.1026705227,70597.8553664935,82873.8342207137,52549.5272785117,84813.9570145663,74155.8576988757,367.9177709576,80517.8803018212,23767.5915050784,17119.2722248616,13794.0207092904,84381.6007421028,73589.0892556650,15137.3561613050,43254.8437071038,57490.9627235128,62847.2682410954,74657.1374759744,46169.0656758593,122447.5515089126,38000.3739774964,64332.5147656801,66722.8415431196,61521.2405680494,28262.3239687964,84168.8113865500,59745.2096339846,21123.8210530086,14038.2463641265,70338.5321044870,19972.2413981166,71469.7879946656,66510.6889942314,60227.7367403586,37970.5202038888,74216.2280041723,23544.5539713848,18440.7784758069,76262.9207602513,81929.4272699788,30447.6987484360,48872.0874804576,86911.8985579453,78901.0202103939,56011.0871223485,80797.5484166961,8814.2414462541,50527.5851285472,34482.2100520018,36392.7540276436,48682.0401460326,52058.3271791524,12962.1119915633,16266.4363095416,25043.4413623593
1501,0,0,0,0,0,0,0,0,0,0,0,0,0,0,0,0,0,0,0,0,0,0,0,0,0,0,0,0,0,0,0,0,0,0,0,0,0,0,0,0,0,0,0,0,0,0,0,0,0,0,0,0,0,0,0,0,0,0,0,0,0,0,0,0,0,0,0,0,0,0,0,0,0,0,0,0,0,0,0,0,0,0,0,0,0,0,0,0,0,0,0,0,0,0,0,0,0,0,0,0,0,0,0,0,0,0,0,0,0,0,0,0,0,0,0,0,0,0,0,0,0,0,0,0,0,0,0,0,0,0,0,0,0,0,0,0,0,0,0,0,0,0,0,0,0,0,0,0,0,0,0,0,0,0,0,0,0,0,0,0,0,0,0,0,0,0,0,0,0,0,0,0,0,0,0,0,0,0,0,0,0,0,0,0,0,0,0,0,0,0,0,0,0,0,0,0,0,0,0,0
1502,0,0,0,0,0,0,0,0,0,0,0,0,0,0,0,0,0,0,0,0,0,0,0,0,0,0,0,0,0,0,0,0,0,0,0,0,0,0,0,0,0,0,0,0,0,0,0,0,0,0,0,0,0,0,0,0,0,0,0,0,0,0,0,0,0,0,0,0,0,0,0,0,0,0,0,0,0,0,0,0,0,0,0,0,0,0,0,0,0,0,0,0,0,0,0,0,0,0,0,0,0,0,0,0,0,0,0,0,0,0,0,0,0,0,0,0,0,0,0,0,0,0,0,0,0,0,0,0,0,0,0,0,0,0,0,0,0,0,0,0,0,0,0,0,0,0,0,0,0,0,0,0,0,0,0,0,0,0,0,0,0,0,0,0,0,0,0,0,0,0,0,0,0,0,0,0,0,0,0,0,0,0,0,0,0,0,0,0,0,0,0,0,0,0,0,0,0,0,0,0
1503,0,0,0,0,0,0,0,0,0,0,0,0,0,0,0,0,0,0,0,0,0,0,0,0,0,0,0,0,0,0,0,0,0,0,0,0,0,0,0,0,0,0,0,0,0,0,0,0,0,0,0,0,0,0,0,0,0,0,0,0,0,0,0,0,0,0,0,0,0,0,0,0,0,0,0,0,0,0,0,0,0,0,0,0,0,0,0,0,0,0,0,0,0,0,0,0,0,0,0,0,0,0,0,0,0,0,0,0,0,0,0,0,0,0,0,0,0,0,0,0,0,0,0,0,0,0,0,0,0,0,0,0,0,0,0,0,0,0,0,0,0,0,0,0,0,0,0,0,0,0,0,0,0,0,0,0,0,0,0,0,0,0,0,0,0,0,0,0,0,0,0,0,0,0,0,0,0,0,0,0,0,0,0,0,0,0,0,0,0,0,0,0,0,0,0,0,0,0,0,0
1504,0,0,0,0,0,0,0,0,0,0,0,0,0,0,0,0,0,0,0,0,0,0,0,0,0,0,0,0,0,0,0,0,0,0,0,0,0,0,0,0,0,0,0,0,0,0,0,0,0,0,0,0,0,0,0,0,0,0,0,0,0,0,0,0,0,0,0,0,0,0,0,0,0,0,0,0,0,0,0,0,0,0,0,0,0,0,0,0,0,0,0,0,0,0,0,0,0,0,0,0,0,0,0,0,0,0,0,0,0,0,0,0,0,0,0,0,0,0,0,0,0,0,0,0,0,0,0,0,0,0,0,0,0,0,0,0,0,0,0,0,0,0,0,0,0,0,0,0,0,0,0,0,0,0,0,0,0,0,0,0,0,0,0,0,0,0,0,0,0,0,0,0,0,0,0,0,0,0,0,0,0,0,0,0,0,0,0,0,0,0,0,0,0,0,0,0,0,0,0,0
1505,63383.0475094839,93536.4954863016,32055.5263302179,118328.4055276569,64799.3681296604,47717.5641564482,63573.9763606534,17236.7433778020,103235.7803479485,49063.8160442125,78937.5259962771,88143.3409957149,48470.5040078416,24766.5783527987,17284.7516052963,69112.9743398471,78710.9535934325,39631.3534341027,72101.3380416064,30343.9947602752,46465.9460608334,60814.6948405188,27832.4515984252,77418.9552387845,5053.8990572170,84515.0455009320,59302.0520748425,60788.9352971121,43562.3035616300,32916.8398531870,14735.9712498994,88150.6040813366,48514.5451300775,87310.6095883203,66059.3035947821,17187.2931555434,88207.2134954914,34844.7807085824,34036.4320458981,55571.3094751724,63426.4086825107,97237.5969698035,51661.5361844530,14146.9421406749,26507.4748950881,78596.9073680616,71675.0891729029,90302.9011336580,61483.2659562215,71993.6374976263,64973.6350645201,51919.1029605345,47569.1625619997,41914.8000114998,16650.6518119155,38772.8894436006,67460.1156033040,56040.8027185964,57784.2830900520,62707.8784642631,75725.5475011266,13077.1275344174,51055.3289858903,56682.9657557720,44334.3370374325,12153.0542555704,45340.8201997112,27136.1474084629,36592.7983291638,74059.3863816371,24749.6278557994,82416.4282262420,57684.2600154257,17904.4979949617,69632.1437832670,33180.9918526504,86866.6365048939,80579.0126339136,35041.8586939173,57975.1430134470,57888.7308988283,49250.2002011665,51936.2507471690,68401.4038815718,42555.6868232035,89251.2194808177,55038.7204926754,27273.5215884363,25877.9215437387,9024.0556448340,18294.4394031116,20820.6268302400,39710.6907584703,79732.3486936002,47649.3344441068,80449.0318661729,89443.8198166647,23895.3853399255,61594.8114879552,68050.1557071322,44123.4844094409,31761.6906427701,85733.8271108634,18878.8224402754,78778.7152220755,30948.2476016544,14519.9455047954,54494.3590215191,40944.8408092770,12807.1672731796,81987.7474518148,53415.4695011357,95646.8136711099,22296.7020509176,72205.3664030010,82654.1738229565,59064.5181513949,23605.9039600832,63592.2527905451,52338.9556515489,40310.0127446786,27846.1685811141,67696.5258278885,54559.4375002711,74582.4959410352,45754.6553258575,49824.2045591194,64837.5011702411,65452.0725516462,19571.6983916571,53447.8373755825,63627.6522530099,58449.9381964206,61041.7240914257,78052.7755351890,53613.0156107451,51253.5010488564,36051.9911671437,86692.5551169848,53757.7858361171,74605.4723221805,10633.0240566423,11337.4973143102,13800.4830807721,41889.9684130084,58202.2106998968,56679.1526545392,67182.5247532178,37649.7020600528,83719.7747291257,58538.1244759095,13595.4637586707,68549.4145995102,36343.7147749456,32359.5340306525,24290.0538896159,76614.3353926522,61897.1633963206,243.0683244833,28517.9803258622,44644.2299594323,49014.9265547097,73447.2777745022,37122.0156312779,117091.8442586816,26717.3394228502,52005.2869121308,62946.0525043881,55396.9274921241,42986.0645979509,74754.7680890307,44382.6797772284,22610.7518103563,17160.4423184560,63640.6478713919,28643.6125835336,57398.5676999727,68761.3264059618,57047.7100398547,22912.3299912538,70530.0035787016,20858.4109261442,31874.5279358358,70249.5323163672,71488.2514035991,44112.1348979172,33243.0273881878,82371.8635546053,75931.8060782001,59096.5588682147,73821.7256677450,10915.9873347363,46050.2289558194,18848.5872482737,51115.0073235337,47336.0365537817,36321.4659527082,20200.4395546892,8843.5614984507,7810.2684041749
1506,62276.2251412548,107523.0657512534,31615.3052687402,124910.4945782536,76975.9573469865,34353.9711513534,74222.4896949783,26629.6706618182,104843.8135111333,63346.3901508167,86088.4877981588,102333.4994640994,54738.4030723089,37002.0741530946,3919.7706420005,82521.9538670085,81580.6827307794,51378.2616158953,86394.9065565494,21033.1915049595,59172.9990607418,74790.3741104833,42061.1672693337,87514.7683297783,17832.7151380401,84064.9502835777,68834.3770435131,63683.4779328309,57387.1256956990,18669.7488114071,13123.3775104505,102454.5079450816,49307.9856155367,92149.7675344735,72047.3557597186,16731.5958607432,96850.3367659025,48679.5403697169,41749.7949997474,69258.2878528589,75768.2526835704,100586.5691265706,64274.7155046525,28338.6205575659,38892.6426149822,92617.2769360742,72521.7241446150,91820.3434933745,75800.8770772792,80688.6715492060,79032.9773563917,63072.0436466670,57175.8703458143,31926.6039032774,24467.3440388324,53090.7493034374,78324.5400263201,67269.6030433107,65369.6012839741,76011.8068029815,80459.3254674351,13178.9490391103,65271.5267277626,53818.2071306188,48082.4583345435,19072.5272460325,59205.5816529626,22064.9531594435,24245.0771465497,72942.9001594753,20694.5662143433,96725.1724617048,62825.0831960490,31700.8366300829,73100.7328730191,43573.0252866075,101028.9397224820,81618.8703436189,48618.8273801128,58943.8071687509,72153.5940845393,37218.0367408252,65430.2469630035,75863.2870335098,50691.2766424839,92197.3358460314,67799.0396879853,15044.0841959944,34867.9129681344,11380.6481351492,7411.2748954188,22308.1668630411,25913.8673760702,88777.6836571231,58959.7152434326,94722.2836598942,97051.1205168202,16769.6934646510,74767.4963443763,77807.4095674608,57178.2966783372,44618.9296436132,99630.6413408352,31153.2062397468,84646.7297855176,45228.2116972305,19312.4671407058,53585.4331437886,55154.5076249382,24943.3100658577,85947.8555502339,56249.9951382516,97947.5570392575,36109.7976978002,86347.2255844765,90702.3156265856,71818.7366900040,37889.2066335657,72073.9927948812,66400.2703662584,50612.6521349055,41599.5196631648,69848.9475809612,68883.6155268156,88906.6373819773,60071.0046345570,63218.7366954043,79109.1983515416,65791.9758419182,23074.5130882627,62234.0481211402,77308.8678185324,72660.7906634449,71562.5980856314,78030.9654865246,67543.9889877193,55940.0211649982,50170.1444446960,87260.1412116899,63947.1046544313,85426.9826394934,18085.7958137829,23343.8655392536,6181.3724917186,48355.8931712513,70210.5584723227,68718.3427316879,81507.9108796556,50786.0444693500,85881.1241677920,72560.1305575483,1568.9966367705,80142.5517211541,25726.2256354600,18961.7288427508,15560.0845357236,84653.0267462072,73250.8002029147,13881.4012368926,42248.4563766362,56916.0307021956,60966.2576577197,75693.3013365423,46144.3329849950,123076.5033227433,37598.7477581992,63866.6740084120,67454.5323170322,61952.1947361273,30159.2258575282,84207.0139635970,58564.9098663368,22047.3230609847,12345.3416686590,70722.2736520684,21476.8235428518,70668.0868581106,67871.6474828146,61007.6336397539,36255.6556041540,74977.5966190954,22920.3113791255,20407.8471166294,76748.0099191823,81808.2569497530,32407.3722570409,47555.7631160093,87597.8965764723,79754.1811924155,57421.5089740719,81168.1656455369,8814.5977329177,51114.3548050342,33157.6326254266,38279.1889365293,49617.2178695515,50603.1504895577,14319.0686881351,15689.0537295562,24031.8412098075
1507,62387.4182385848,106755.9089117192,31343.5997936461,124647.5172953337,76380.7810058635,35095.9329183960,73545.9881493289,26103.4496299282,104843.3215638953,62583.4942730869,85778.4322453489,101601.5311921518,54445.5466616362,36260.8877256668,741.8554833349,81763.3800056784,81498.3244211675,50794.0542346142,85632.6090301273,21504.3874638303,58428.6437402769,74077.0182666365,41322.2471140879,87042.9773622946,17068.4266884165,84162.2924234317,68383.6173839621,63581.8875445097,56683.0773542219,19436.6736371917,12944.3063009461,101693.1333537133,49294.6299872981,91968.5713244316,71789.8056058115,16321.4271458818,96463.5280096573,47912.8891346446,41357.2979439079,68494.0748255600,75036.8280566697,100490.3822672921,63649.2563255761,27600.3463067453,38262.2950003880,91849.9190297172,72539.7524077207,91817.6335701149,75049.9242050988,80291.2192091516,78265.5455386540,62374.4178131875,56711.0368540826,32480.2055513388,23814.2049365787,52339.5518764993,77805.5338411195,66724.6760544178,65020.4305845880,75346.6663999554,80276.0445020333,11778.4594482572,64535.5664787989,54012.1917082755,47909.1468565446,18392.4509392420,58438.9533963525,23416.8188361548,24924.7789134983,73066.6121064181,20816.3254391336,95976.5922743625,62602.9033272391,30933.6852814454,72978.9504245837,43049.9340900841,100262.0164811641,81634.6115431264,47929.0386187508,58938.5712449389,71389.5756105667,37895.2513265133,64750.4760689640,75529.6785410562,50294.8780306305,92118.1804208218,67054.7677384146,15690.0070409277,34393.6758710426,10715.3493240153,7875.0491615950,22595.4969087082,26671.4524634820,88365.0875119108,58405.0672364940,93958.5289609235,96721.6662400982,18243.6167876852,74013.7360278297,77349.9404315258,56523.7762738040,43867.6018194642,98864.2064682147,30516.0359134357,84405.3166295609,44465.5250407042,18922.8737853175,53672.5436480025,54388.8086879027,24192.4158358551,85810.1384812571,56140.7634766538,97906.3843704240,35399.9378808246,85580.1380567112,90345.6710274768,71187.3267698360,37127.0108842154,71682.4957071225,65632.8508795595,50103.9315889603,40833.2352125363,69794.2668889085,68130.0258175148,88153.0908498442,59320.2994340992,62459.2955265390,78345.4688515295,65829.7812159750,22562.7031027672,61817.8538771915,76544.9957693801,71925.7233364012,71059.4276132935,78100.6191541835,66833.5041412195,55732.1759578073,49442.4019845098,87305.3144484288,63457.1077959252,84913.2848621037,17398.5922000531,22578.8783324605,5888.0145078759,48041.5468921409,69622.7929620449,67994.5918497329,80751.7509367976,50030.3040403224,85839.9530371930,71792.7263835458,2028.0183583955,79582.5968593125,26302.4847149354,19695.8209461439,15943.6381947319,84293.7406449426,72701.8344141610,13147.9771794862,41546.5406308528,56306.7938962352,60243.1086362965,75639.4000179040,45694.9014990778,122845.9203561257,37040.6999984119,63284.3988045313,67271.3945608066,61654.0017031655,30872.7552875780,83769.7041094362,57832.0938973343,21974.2690473112,12099.3571437933,70404.9880705471,15129.9056053727,70004.1271902100,67977.9356957579,60845.7649028064,35493.4808903417,74805.1509172021,22312.8611257687,21021.9404487636,76466.9869603936,81321.4406108800,33061.6843930044,46805.7721897104,87393.0542846054,79619.2799101831,57556.5230998401,80844.4665059890,10934.9068485329,50878.2670792345,32407.8966498955,38998.1263076345,49524.9178039333,49840.4280700166,14469.4474254674,15105.6782560182,23334.5963858020
1508,63491.3348507429,94429.3504368585,31534.6440361774,119003.3157327689,65775.6899795224,46871.2176633071,64053.0139771144,17931.7952736908,103575.4971308194,50021.7845802100,79629.9921930493,89161.9401402831,49068.4711788982,25361.4608435745,16269.9733246632,69913.9798438774,79118.4477438754,40573.4158122919,73064.3010986221,29761.0721552546,47162.3897293594,61842.3131537969,28850.5645886602,78289.9729583788,6193.8169528576,84696.9566412531,60129.2426830084,61175.3408112691,44590.6708919297,31958.9360334783,14419.6835499429,89118.3011644402,48725.5231027130,87858.2254614584,66664.5588170556,16501.1575328610,88997.4834565997,35698.5881507703,34698.3994674519,56409.2831813582,64090.1421432759,97692.1660108677,52654.0444917380,15171.2187363852,27471.9288962028,79494.6682080064,71934.1354410275,90627.4768291832,62480.0881391268,72778.5028793422,65877.4028432435,52439.2457175899,48389.2629227144,41330.2694345873,16639.0736036480,39770.3559651043,68370.0544365966,56965.2907286832,58485.7895759777,63727.5721246524,76256.7313926202,11325.2926108500,52072.7894871944,56652.2657269425,44744.4457434796,13676.5909642956,46204.7830986274,26107.9835347274,35819.2310054521,74182.6144685694,24472.0402141470,83416.8965285306,58221.0857971885,18731.5905993636,70070.8243417038,34029.1818964412,87793.3375643641,80861.7265705686,36065.7267965215,58220.9959851423,58840.8967499710,48522.4192148635,52959.9366963152,69105.7271224934,43270.1402042624,89673.0173468337,55748.3553489625,26480.4507194137,26601.1941892074,8214.9567795846,17560.0388875866,19823.9054387113,38814.7565663379,80542.8811118773,48573.0578525489,81404.6864364331,90171.1744557111,22946.0352876643,62361.1911688546,68896.9070035488,45132.2026034484,32460.1906948438,86610.7358756697,19820.1545904395,79387.9003864839,31903.8961493037,14743.2598067336,54599.0283787630,41879.3611193965,13306.6472878859,82472.4368986583,53783.7605407367,96029.1828449402,23323.7227214542,73126.7429921341,83405.3847573607,60064.7300239069,24561.9270669802,64357.5334726484,53241.3233339363,41164.8456883027,28679.7406047487,68041.6165315203,55550.8222589303,75573.6264946904,46752.6677476399,50616.0674712400,65792.2089134233,65666.5684960778,19206.2697168057,54222.3967860125,64466.9109717574,59467.5764448256,61929.0613497205,78258.3103835358,54641.2518608686,51747.2278992065,37076.7391472363,86948.0326805376,54620.4270757588,75515.8548430497,10416.9173651877,13196.0795519280,12793.3420101512,42486.5606355607,59168.5201845667,57303.0708344058,68167.2875598167,38395.6067762738,84083.2690257734,59433.8223660631,12701.8435063874,69498.3815075355,35697.1111648933,31493.4910617621,23698.2871048375,77361.4041248968,62831.2519889614,1286.5001001009,29544.3495485762,45617.8918820862,49621.5559959830,73806.1454310177,37885.4999406185,117728.6622799344,27583.3627020049,52961.6330153141,63447.3441431810,56026.5421266055,42183.9631378752,75587.0813441763,45403.3096874341,22556.5791193058,16264.4203925554,64315.6712919172,27638.8863716228,58416.7948105397,68893.5735926397,57501.9116319530,23667.3742162978,71036.5632494053,12824.9847198686,31152.1997819621,70892.8279766601,72369.4790398296,43403.0846013004,34243.5608447062,82941.5008937143,76401.5994034341,59156.2967459595,74523.0290716699,10351.7500025794,46558.5888127737,19852.6628476689,50320.4076242244,47650.0382688426,37278.3051395297,19732.8307614935,9968.1432734106,11724.3322847299
1509,63480.8173313462,106330.0447132087,30224.6392856327,125494.5923124518,76738.1495359997,35761.2437746397,72699.6709223834,26616.8104862012,105889.3807731073,62306.4152127830,86577.5292080417,101538.3551779836,55267.1671025614,35609.9760597853,590.9124066142,81212.0237791508,82497.0983807663,51180.3874187957,85360.3934435341,22573.7527460155,57789.4727081329,74098.0514604376,41234.0814926014,87627.3159128486,16601.0007780590,85250.6623593372,69002.5700380877,64568.8391617214,56742.9385157301,19830.3619702752,13896.7696134937,101430.6437300275,50336.4919299804,92892.7529203728,72645.4075088363,15220.7948342051,97169.1139831094,47473.9504450291,42064.5038526307,68004.1700390999,74340.5004092329,101479.1100965337,63938.8299031571,27524.5803994744,38548.3680652061,91438.2832029054,73595.9525419063,92862.8585627381,74880.1683232122,80984.1204484423,77871.2078398677,61575.9844534594,57310.7417366381,33493.5021608844,22927.1972189484,52172.1164952975,78312.1842845649,67185.6820819518,65776.4669973396,75529.1423409579,81199.1499788043,12125.4132245390,64456.6247462565,55125.1959254860,48844.0896670079,18563.0760061632,57997.3895376816,23279.6521648327,25771.8153259866,74163.5154708243,21916.1993205079,95820.9321432451,63493.3176649887,30519.7603705377,73950.8925849663,43557.3575411479,99903.1385634330,82689.3876537918,48041.3346084068,59983.8937804880,71095.5226018788,38745.4578799512,64890.7211096612,76302.8594201254,50994.1214483985,93118.6083048802,66414.4336104337,16597.7034244941,34987.0406690845,9857.4590771043,9979.3175510900,20773.1022140769,27250.8893197077,89036.6413845227,58849.1657934327,93666.2646216803,97497.9389229285,18781.2505864438,73426.9869767614,77957.5275393587,56739.8267845332,43268.8700384478,98413.6767094813,30790.3373987024,85275.6425724292,44195.3170317296,19652.0558159303,54758.2865563035,54068.0006861004,23598.1147738518,86769.4684390192,57123.1148344856,98930.1854788535,35446.2501955087,85215.3783731268,91089.9395487490,71460.8635606517,36865.8430785616,72384.2954623996,65244.4781866124,50633.9368985004,40386.1778173628,70811.1574882262,67941.8774371668,87962.9730752208,59154.7590663186,61917.0859522210,78054.8973647604,66895.3704248375,21514.4886905099,62487.7544253071,76049.5677619320,71850.1731519972,71594.4154882324,79179.0339601162,66866.9498071239,56636.4420870327,49407.1309749962,88373.4390319399,64015.3500997915,85428.4134296014,16582.5577295530,22287.8166345674,3822.2004631011,48841.1338187224,69997.2488321583,67271.1351048174,80541.4040298066,49459.9414848278,86864.1468267321,71388.3418520756,3706.9844703213,80012.6919775810,27294.6230577497,20399.8046120765,17046.6173140701,85035.2596858467,73154.1948008396,13127.3493893086,41619.2937241588,56636.4206623057,59518.1136854769,76656.4474296640,46321.0214382813,123724.7335053100,37485.9944071170,63671.6699551926,68195.6584594567,62468.7016640964,31638.7712918215,84406.6225080286,57770.3681960541,22988.8813157391,10983.3989143071,71197.4639261754,15233.1880230629,70190.8386199913,69069.6245297732,61788.1407467970,34984.0412471060,75737.6829064245,22668.4080328159,21972.2569562719,77298.2060479262,81882.2885614164,33953.5851445979,46648.3588249377,88297.0189938945,80581.0833404264,58656.9547134724,81628.5813494770,9253.6969025635,51757.5103937143,32258.9431752115,39746.8381471979,50519.6373924957,49568.2091786506,15577.6867566566,15530.4513126636,23438.9491673402
1510,65279.8862729320,90816.8667397148,31426.1351875409,118643.6442987153,63649.8134305812,50498.1713601213,60849.5502113571,17723.6990564107,104577.8748641788,46502.8222818174,79209.4063839230,85937.7230616952,49113.8077719143,21965.5355910315,19617.7708130044,66296.0387394832,79887.0664524735,38773.8060786095,69554.0077081418,33159.2311444924,43625.2011738839,58807.1864205932,25659.7760937298,76919.4223942062,5310.9203029809,86241.9601651253,59036.2770575067,62038.4814957848,41694.9907142648,35503.0126896857,17376.0126009716,85619.1221659656,50208.8187882781,88070.9776574391,66651.2032372329,17254.8036348736,88080.1910611557,32072.4781470371,34503.3941885333,52782.4146466235,60590.8895648620,98271.1397188590,50383.8813208694,12150.8457972250,25541.9917629387,75885.8701000086,73233.6548459973,91689.4766767002,59096.2563825323,71902.6361154722,62273.8487192740,49161.7502200855,47356.6496135777,44728.6395458391,14814.6185401384,36400.1888713632,66756.7329181729,55263.8896818950,58045.6567370011,61084.2231373766,76545.5873635251,9497.0053195995,48848.0228485518,58848.8630729974,45547.2415427982,13169.6994187410,42580.4776387373,29213.3361567879,39420.7851547941,75917.9660453875,27318.3907689772,80048.6747876826,58506.8606852289,15105.1162316391,70729.5759038418,32878.9657163499,84213.6565264466,82074.7415370299,33369.1636979487,59577.4320764406,55307.0620392176,52090.1734076898,50241.5274258862,68638.5716542627,42798.8848636033,90381.2332664206,52197.1819348780,30092.1553228414,26162.6171889871,9805.0777975798,21132.1401790019,22359.5403251102,42429.8800165087,79521.7798112715,46891.0063443478,77876.0325135845,89574.8900220254,26509.8686631767,58761.8709247659,67680.6306001486,42681.3586127924,28921.0445429339,82990.0386367495,18148.3281569023,79345.2638988000,28386.1724388541,16350.5328105283,56406.8138849529,38315.6268970908,10113.6051256264,82942.9412085430,54722.5458946738,96880.6199144133,20572.0050455220,69540.9701168332,82694.7510159133,57700.5324937292,21051.1916192606,63593.2085281512,49637.2757302704,39949.2581559989,25052.9657964065,69046.6133979950,52142.2415159617,72159.2262909246,43381.1993645181,47001.8791426333,62262.9927859122,67118.8008560823,18584.4800042223,53424.8059767402,60839.9960935166,56241.0236341208,60472.1393446348,79730.5674233414,51648.6927996038,52216.5996223034,33977.1842589051,88250.0482206887,53328.0071580938,73893.1468842332,9456.2980698211,6578.0424661225,15503.4466034486,42553.7225711428,57138.3844952444,53857.1531299014,64727.2954121710,34810.9684956879,85010.0234577320,55824.2094668839,16322.5463373775,67599.9425070015,39179.1627542782,35119.4039615508,27110.6091256853,76676.4796041703,61052.6855537762,5413.1785043404,26791.3185490635,43543.5026781930,46201.4828005450,74756.8502708420,37186.5361652250,117543.0821860172,26360.2329051328,51023.3634270824,63869.5973799706,55920.7993355659,45800.4510005273,74447.9953099262,42223.0636660164,24878.5904925150,18102.4824324327,63992.1777390929,31030.1981900532,55804.4309065969,70604.5652958511,58115.9182051511,20074.8457567877,71429.6434716835,12365.2522571381,34714.8318834181,70706.8595247604,70940.3066359809,46953.5666451971,30896.0511790863,83065.6356929195,76935.0598902750,61093.5014446636,74064.8926974458,13735.9615089185,46980.2640965040,16558.4860332177,53933.7735795783,48790.6670725720,33760.6968998676,22955.3559379106,11031.0516489385,6105.2069523951
1511,0,0,0,0,0,0,0,0,0,0,0,0,0,0,0,0,0,0,0,0,0,0,0,0,0,0,0,0,0,0,0,0,0,0,0,0,0,0,0,0,0,0,0,0,0,0,0,0,0,0,0,0,0,0,0,0,0,0,0,0,0,0,0,0,0,0,0,0,0,0,0,0,0,0,0,0,0,0,0,0,0,0,0,0,0,0,0,0,0,0,0,0,0,0,0,0,0,0,0,0,0,0,0,0,0,0,0,0,0,0,0,0,0,0,0,0,0,0,0,0,0,0,0,0,0,0,0,0,0,0,0,0,0,0,0,0,0,0,0,0,0,0,0,0,0,0,0,0,0,0,0,0,0,0,0,0,0,0,0,0,0,0,0,0,0,0,0,0,0,0,0,0,0,0,0,0.0000000000,0,0,0,0,0,0,0,0,0,0,0,0,0,0,0,0,0,0,0,0,0,0,0,0
1512,72494.7709360590,72398.9769347304,41189.1082669085,113374.4907856082,50583.4624865119,68776.9673426556,49255.7731725739,22693.7212809824,106628.8688793486,27687.4496135450,74495.5678501535,67634.9889486409,48476.0975331849,18819.9011675085,38409.7530863478,49034.5119441885,81322.0312134614,29268.7695372565,50733.7183834092,49740.0315109580,28689.5016078631,41359.8378874856,8781.4708676476,67349.0762498089,18554.3707177745,91548.5432159626,51682.3656146963,64688.7734739024,25380.2514461832,54293.2524529626,33122.6808392076,66795.8927288107,56653.7574064675,86374.1396210808,64562.0281485875,31836.0199043694,80538.5288899618,14628.9722920535,34471.5994775847,35126.8072542962,45625.4881786269,98229.8361351254,37118.7633548192,11509.5675361773,18202.9145929930,57439.2937280113,77642.2184716410,94326.0066526833,40417.4137617055,65081.8648196840,43791.9190408552,37390.0931468286,41200.2232026227,61043.0316631914,22177.1094890004,17854.4755454567,56267.5283679642,44849.0615997268,54210.3766230712,45441.4300006327,75608.2047964636,28134.3541334933,30724.5413613278,68391.9327879380,49031.0552201308,18996.4298785309,24677.5503806188,47725.6593149848,57281.3143617951,82501.0122044787,41684.5801880983,61378.2994502516,58408.4100714129,12415.9902918649,71930.7098628544,28125.1041396326,65540.5317056887,85753.2432720744,18981.5700312354,64851.3916405899,36508.9938446740,69515.4828355277,34533.1282184383,64092.7129313236,40135.2183813008,91200.6774990983,36655.4745220064,48155.6589974008,26838.0030826988,27217.0241885324,39016.0091183336,40105.6659301493,60994.9722001642,71681.1929298029,37182.4303278795,59070.3676067486,83648.6244204024,45275.0964923403,42109.7593625614,59245.0390632743,28890.8423545298,15518.1772855380,64731.6890609861,16124.5450722181,76589.5454631406,9569.3270845251,28186.8537013479,64101.6363110488,19613.0413624968,14330.8320940922,82734.0309900409,58176.4015991529,98294.5452013679,7625.9856003766,50908.4832423776,76366.3082305864,43593.1324345662,4267.5147092208,57731.9717304312,31198.8757754802,33632.1478477771,14538.0615421746,72098.5422979991,33422.0526293436,53408.7906883827,24780.4227525095,30165.2570205513,43458.2406653639,72541.2395667306,28958.9993873398,48019.9435547974,43096.7197731932,38046.8215162287,51092.7921078230,84829.0476124316,34510.5927646405,53483.0879098036,16895.3031254539,92229.4075009095,45266.2063300968,63110.4589995662,22605.1823230009,12363.5603036262,33750.7584213274,42691.2299335534,44840.2977462872,39830.8635982527,45943.3469270210,19467.7795864550,87112.8280729845,37434.6333609979,34925.7333459499,55586.9003872941,56116.1269289006,53550.3297488357,43957.1792728557,70675.1489097742,49925.0008523102,22124.2606438587,13239.4516698252,31888.8578678227,32899.4496382293,77309.4082143169,34096.0636440211,113182.8700059911,22911.3784868054,39566.4515759157,64169.9522689674,53971.8804794792,63810.9339096926,66159.3899345468,24394.2500606637,37443.5103963772,34850.4138665163,60422.8894678107,49829.3484794324,40462.8070898621,77229.2152267685,59718.0687197097,16649.1358411658,71230.4355711952,19696.3012881837,52280.1380423306,67535.8983964744,61261.3814531448,64275.9578462959,12538.1985227499,81054.8348262632,77251.0621759394,69230.7810953183,69340.2871523666,31170.5777105863,48442.9360950052,8095.0392782378,71854.8070363590,53659.2821181860,14943.8176520015,39158.1630918904,24066.7797503886,14706.5784571281
1513,67498.1269507221,85312.2952953575,32931.8973986701,117404.9431560545,59945.2281368746,55946.4614143434,56614.6136213819,17919.9252148134,105445.4918015473,41007.1642175100,77981.4811924685,80716.9545650420,48786.9260868120,17505.1201498766,25058.3052385938,60944.4547149164,80466.5731490561,35733.4000949225,64061.1026602383,38090.4000557294,38593.0099253984,53841.2955917842,20593.0799109500,74278.1691865783,4002.4155298531,88001.6743864072,56894.9281245559,62851.1303213373,36966.4686609494,41020.0080167563,21833.3914414733,80132.3144948213,52054.9228837007,87771.2244735777,66099.6335486105,20393.6618951465,86076.9452698236,26618.4158664353,34028.1017811217,47355.1298404895,55643.0683209970,98501.2602054759,46527.2459426566,15243.4482598040,22548.2584804886,70376.9295240743,74658.1662419270,92681.8810196160,53714.8207904144,70019.6887146413,56760.2993607387,44794.5966832347,45401.7341474120,49626.0780241266,14422.6524496601,31053.1037417358,63794.5079284650,52228.9139587579,56901.1574327890,56645.8081453839,76404.9736638505,14987.4063410046,43656.5730070196,61733.9410511853,46409.8419969900,16236.3823825633,37109.1718400018,34459.0024322680,44755.1046783179,78009.1472606410,31445.6469532007,74675.4599648145,58463.2845796025,16874.2720969197,71180.8834023608,30956.1852801173,78693.1745849753,83331.2939132284,28992.8822213325,61160.7370222442,49801.3922304935,57324.9620696189,45731.2998161926,67387.8125103545,41758.8597184510,90831.9456562916,47107.6081244963,35466.0310354362,25546.2485481821,14274.6244368516,26424.4966067910,27166.1862833534,47931.6925645922,77391.1448364752,43946.6877710564,72371.7375842811,88047.2481988325,32030.1721540194,53499.2271777630,65306.3573434084,38602.9008692158,23929.9719613981,77501.8757807477,15933.8831202599,78688.8051473907,22897.4285365990,19170.6061197142,58703.3193747545,32798.1974447878,12476.9382694129,83054.2010637237,55702.6962494601,97533.4392321506,16317.3244515085,64020.7933552139,81017.5884663506,53671.7764782776,15575.6998414433,61920.7875505317,44124.0311086728,37801.3258364717,19643.0574794319,70036.9962140209,46739.3587680693,66743.5079296838,38023.8347317134,41678.8269667522,56759.2946804811,68807.3464686989,19847.3047276783,51772.7140472144,55409.5851561690,51037.9746859270,57773.8935589337,81397.7561726719,46753.1458798256,52504.2343934107,28993.4018340547,89624.8799287534,50924.2503392918,70889.7216459671,11316.4208359717,115.5700095324,20557.8288495950,42339.5252554838,53602.3274118746,49062.5021353290,59290.1028423313,29633.3390168422,85814.2605783339,50316.1841712666,21816.7638959957,64213.5077265903,44246.0405022021,40592.1310498960,32092.8573424739,75060.3404603208,57870.8976069129,10561.5506503298,22404.7764432601,40029.2787694805,41492.8457907464,75637.1429644700,35883.1589380481,116568.1395172485,24497.0871027076,47659.1844516893,63997.7703733577,55301.2789923973,51181.8235142415,72160.1173694795,37100.7375884203,28312.8029529326,22348.7714670249,62985.2001331806,36477.9936863927,51425.5802634331,72678.4016212844,58575.1919452602,14923.9384465849,71471.5930032571,12780.0704772648,39956.0253870371,69871.5479900309,68234.2636703475,52151.7718854165,25587.4105536559,82648.3030553555,77166.2334246581,63563.3533773511,72801.6951184149,18802.4209790805,47248.8993719102,18758.4156144586,59299.9479876393,50129.8922875524,28269.3975814444,27677.1245116954,13165.3706417162,5756.3891624936
1514,64690.2868048201,102429.5014518867,28630.1883122850,124726.0102581144,74141.8862022637,39646.0668161681,69032.9553260812,24689.8531341593,106490.3960398065,58516.3801152024,85598.3056718480,98011.0890235634,54457.7221743974,31711.3371932222,6914.3537716507,77286.5183297546,82715.5239633847,48708.9056840129,81570.2170844638,25509.8493123825,53885.9888971225,70724.7536823809,37704.0194479700,85747.5796642895,12699.0688841677,86356.0123385493,67276.0422212173,64727.4755951229,53458.0870927987,23736.0357809502,14310.3054112167,97647.8474339592,50983.4166219047,92587.7058209315,71973.7831960363,13092.7158790591,95755.6022954361,43571.5680539661,40773.5444428870,64083.8174039207,70473.5323753804,101601.7768914687,61173.2564718460,24049.1917229243,35832.7769017415,87544.9537311630,74331.9533591528,93466.7657169598,71207.9723770974,79534.6234436603,73987.9032176326,57826.3317550043,55535.2648379648,36711.7450183245,19377.8062536508,48513.7336334661,76172.1467475107,64912.0550048120,64626.7539136319,72487.9662418996,80901.3123673669,7972.1374642305,60918.8538568734,56745.2657579556,48693.0743655138,15705.2140092833,54092.6855015004,17228.2486068231,29458.8121386170,75412.2640938213,23434.6688614337,92161.7125522630,63032.2061674872,26634.9318988876,73984.3873559507,41495.3828146169,96040.2738024686,83398.6944414649,44877.5864541706,60637.2604622338,67287.3600920894,42422.3542109199,61764.6082600627,75213.9106266646,49633.0592762347,93337.8571100022,62511.7385645933,20177.7177990716,33278.5229206654,6231.5269665368,12598.1649856783,23301.0641674227,31169.4648554723,87490.1128776206,56536.7487280760,89856.3320892426,96398.5498203546,14945.8421561651,69506.0450810333,76174.7378200949,53799.0110482312,39349.9906215972,94503.6111832550,28081.8726299110,84665.6590678809,40420.0014517624,18703.0216294128,55875.8891681851,50240.5366991028,19676.6385816970,86698.3450317980,57265.7742076201,99334.4421188944,32174.1983352105,81349.6543319639,89850.4448695804,68644.5738646240,33106.0386655315,70984.5414828260,61365.8959745242,48625.2546302135,36481.5019607558,71191.3078806906,64248.7836702754,84261.8938448270,55494.6111492212,57991.2736033250,74248.6387218430,67742.2711126235,18704.0849998679,60974.2101721773,72127.9282288046,68313.7181078387,69559.3023187936,80158.3990654366,63521.6029286839,56272.9735483198,45954.3399132826,89219.9617542747,62074.2460063471,83309.0201917794,12880.4894400432,18519.0295868443,6064.7014591997,47943.6267679589,67457.4342611994,63428.0870115552,76817.9502740397,45535.8156678972,87283.6671904159,67500.0474453565,7676.5568790492,77626.4572285707,30610.3174045191,24256.6471482159,19703.1337018344,83790.2297425443,70844.8433921042,9917.0935514029,38385.1176836533,53990.6249546134,55676.5586245338,77028.7290408698,44680.0409250596,123129.2695913637,35245.8839409960,61178.1383597366,67925.9646691938,61605.8430540357,35437.9018219294,82727.8483914003,54264.8134975410,23597.1102809407,10053.1187617844,70208.2551143531,18949.0352576342,67164.0916827250,70243.8406615935,61646.3268902407,31061.5050662363,75506.5114031546,20272.2619336305,25435.2240902880,76491.4887487301,79924.3637193726,37549.7590421818,43008.0608710366,87874.9678054121,80534.5983309196,59991.4268893112,80583.6030608372,9177.2704906969,51265.3004276872,28651.1920008924,43564.5514616983,50773.5494627001,45787.8261069149,17361.6151907237,13517.1909401755,20356.4838981655
1515,0,0,0,0,0,0,0,0,0,0,0,0,0,0,0,0,0,0,0,0,0,0,0,0,0,0,0,0,0,0,0,0,0,0,0,0,0,0,0,0,0,0,0,0,0,0,0,0,0,0,0,0,0,0,0,0,0,0,0,0,0,0,0,0,0,0,0,0,0,0,0,0,0,0,0,0,0,0,0,0,0,0,0,0,0,0,0,0,0,0,0,0,0,0,0,0,0,0,0,0,0,0,0,0,0,0,0,0,0,0,0,0,0,0,0,0,0,0,0,0,0,0,0,0,0,0,0,0,0,0,0,0,0,0,0,0,0,0,0,0,0,0,0,0,0,0,0,0,0,0,0,0,0,0,0,0,0,0,0,0,0,0,0,0,0,0,0,0,0,0,0,0,0,0,0,0,0,0,0,0,0,0,0,0,0,0,0,0,0,0,0,0,0,0,0,0,0,0,0,0
1516,64909.1758612462,107855.0963418834,29260.6683098711,127579.5299060816,78987.9057983867,34800.8209173883,73322.1373790173,28881.5346141650,107552.3171927649,64061.4280339034,88713.9146774578,103526.5778769529,57381.0687602464,36765.3576154389,89.0312205050,82525.0705618046,84311.4875152544,53437.5661183584,87114.0898272285,23050.4165799241,58940.3421161894,76165.2083628334,43215.1918008734,89882.7481851753,18168.1629521098,86708.4662578135,71248.1946079801,66415.0196115198,58844.0840282557,18397.1142997021,15836.4025195202,103193.7468384412,52023.6669395590,94866.3068475643,74720.3581445603,14786.7899166141,99376.3825553098,49003.8689216870,44269.5776366885,69434.3984258330,75354.1394744036,103318.0642386376,66167.9473266433,29530.9875549396,40779.2256535067,92989.4257212256,75222.0432215756,94530.1019315429,76761.4823456779,83198.3217291747,79453.4160164754,62342.4549473471,59561.8028007346,33623.7669230272,23516.2436891213,54064.4449217216,80578.1096750343,69451.5267764053,67949.4721545218,77707.4025516496,83174.9628291421,9327.9467510611,66436.3051434333,56359.5079611322,50801.1976335778,20755.0407156525,59514.6047081725,19263.9022416116,25322.3188573866,75562.3887589085,23333.9350048875,97713.8113444266,65521.6754609600,32113.5965997332,75831.2098966475,45822.9887785652,101532.8635470733,84320.0268836611,50181.5723494288,61655.7471669194,72824.4737336649,38262.3536800432,67045.3001286647,78462.2881612384,53204.1370876420,94927.8095741053,67556.6322211780,16413.1919381953,37238.8011937899,10703.6535602148,10906.4155430956,16846.3211313448,26129.9721438864,91261.7704807057,61113.9879051810,95391.3974919918,99654.8877116167,15770.4598215469,74675.0782732610,80206.7895933547,58937.8687574136,44518.2075680868,99900.0898682698,33018.8410661442,87331.4767789945,45970.6050095731,21841.2097921802,56240.8128862246,55768.7285076685,24905.0479546185,88676.2493634959,58981.3059599001,100670.9481040086,37545.9086622628,86839.9367509070,93271.9624311249,73683.2521283490,38660.0669017085,74593.4178309795,66841.0507519966,52897.8486090319,41911.1477555285,72575.8967166085,69804.1996555375,89817.8883406211,61045.9536830668,63257.0074552413,79786.2297986711,68481.4077197363,21434.3156206330,64713.1800099320,77466.4326328065,73831.2457858097,73858.0599665435,80697.7430020437,68945.4582905665,58644.2769032144,51432.8452595463,89943.7737811061,66275.6500750497,87693.8963037583,17431.8229639790,24073.7220410293,1884.9786556203,50976.9118368077,72251.2686264073,68225.0139394002,82373.9799322754,50757.1166043922,88604.6593568109,72957.5124633258,6520.5681379408,82275.8833933508,27351.4288858226,19598.3793185157,17828.5516201939,87219.1951297130,75419.4925721422,15216.1073909401,43734.8555687282,58879.4540427328,60473.9992415200,78420.0096100109,48563.5742505089,125768.5383528992,39751.3121481455,65928.5420017712,70170.0668356546,64589.7268031290,30937.3319341130,86646.2860438046,59768.6349755555,24778.2151765310,10020.9754997070,73339.9773185878,18867.0698108722,72371.9725056260,70508.4757220243,63730.2501704367,36413.0927546838,77697.0993309850,24922.7651775034,21890.2696116905,79401.6560960974,84142.3734610011,33613.9453644669,48554.8785602315,90304.0996810363,82483.0038285610,60031.6117889825,83778.6634454993,11385.9229551667,53802.1750828605,34187.3576313637,38979.4528130156,52348.6921919821,51336.7198536273,16943.0334014721,17795.8468732714,25588.2676945824
1517,67274.2195276045,120240.7398910838,34095.5291982027,134822.1427304493,90394.3292308903,24990.8307567886,83585.3100087279,39766.2507240672,111104.6417017015,76699.1791059214,96736.3079058491,116126.0741559633,65430.4958592608,48656.5851532445,10717.2700471197,94563.0194411655,89263.7377430666,64763.7715821520,99747.4691526920,22262.5594417504,70698.2078859006,88641.3187518248,55822.0832079049,99902.7514075560,30739.0146275023,88944.3457942450,81080.4812863822,71852.0896648281,71243.5605961657,12449.9754907870,24293.8971436535,115830.7637893575,56523.2742165448,101126.7727074539,82153.1733181983,23528.3594119724,108334.7973723376,61447.1847414296,53637.3314342960,81702.9274908883,86728.9030437594,108318.4547287292,77884.5977997021,42112.0736217279,52555.2203143459,105419.4477256565,78817.0761646173,98218.3619980211,89423.8771479795,92346.3805240728,91931.2252628023,73109.1233911886,69607.3522508228,29564.0525785918,34417.7213853395,66723.7760610414,91161.3160974600,80341.4389295491,76590.0083863000,89793.0537086534,89548.8335123365,21608.4556953323,79044.7741310128,57642.8154270720,57461.2689669977,32911.4963119771,71926.0920914333,4794.1048516198,18982.6194427208,77538.0322122117,27760.8420261325,110374.2358355134,72584.6736802536,44657.9521336380,81428.0396304509,56560.0293361287,114057.3487499527,87833.9399022898,62464.8998571602,65818.2659062935,85445.0551294085,30607.9363085332,79255.7916918739,86841.4390656107,62521.3181424052,99741.0039299282,79265.2221892440,13774.1981584159,47545.2608024738,22689.2402597649,16185.3586471211,12326.8570174975,16080.3495707552,100566.0889784061,72124.3744680154,108005.2270911401,107879.8183772977,9057.9061073029,86595.1914798350,90085.0480585801,70926.4131748153,56537.1893374055,112230.7003933470,44857.9870392731,94459.7774242905,58621.3217997057,31657.4849257078,59176.8338790652,68375.4073461355,37152.1752766482,94374.8724835922,64643.4204628724,104883.0471655556,49964.0993429928,99363.6298841357,101870.7469189221,85454.4951256910,51318.2024574206,83708.3039844585,79344.0220947114,63452.3669993410,54361.9297861408,77267.1741917898,82468.4874072366,102482.3235967250,73705.8862304563,75380.6502971435,92406.9445265779,71888.0333166157,30583.3988393740,74175.4669982253,89702.1956294085,86438.3569035923,84279.3906419272,83437.9839682375,81397.9162923562,65611.0227926318,63986.6105905785,92950.6322206267,76573.1120412228,98203.6081639935,29099.6138332014,36734.2005697652,15945.2921135682,59365.7597667825,83587.4819894893,79472.9988057389,95036.6255088041,62837.7983584401,92918.3424758900,85423.3824916575,15714.1842687239,93307.0316158509,23548.8423353132,12344.5012222077,19821.7467012552,95876.6193984914,86341.9149125364,27691.3322283292,56104.6959264808,70443.9045225449,71764.1850374281,83026.4249748741,58509.5287840495,132570.0945284042,50861.3307025188,77215.8885163585,76666.2466893820,72629.0345363854,22631.1934884992,96265.0918107888,72357.4099313355,31323.8793057548,18086.8107143071,81546.8753569043,18.4592142465,84446.3879813846,72840.7896441052,70023.1700432958,48757.2750940919,83971.5692576525,36526.7735766584,18231.1634030240,87103.6779871190,94351.3854591539,26998.7933040679,61209.5258347932,96919.4325534197,88195.3868520921,62140.8770793307,92002.2575948388,21594.5084113838,61199.2854893660,46830.9249645377,29895.1592261881,57917.9786865477,63983.5244329890,22126.4930086206,29247.6149406945,37886.8687664236
1518,65520.8772970957,106993.7749533235,28458.3990907616,127760.4852809327,78660.8143467383,35780.6561214921,72327.9449047189,28716.2810241974,108050.3236679937,63287.0485135400,88834.2016107214,102874.9426672619,57529.6797147621,35827.4510793930,1510.1907841019,81611.1970817198,84717.2011934477,53142.8120621278,86336.4360679143,23938.6196723226,57997.7161988833,75576.5258698827,42568.2971880831,89765.4470761348,17348.0812377986,87308.5041918408,71168.1990948377,66798.6432437172,58288.9628665696,19312.7223073103,16144.7876945000,102419.0226188929,52505.1813549267,95153.6707235967,74912.2307951313,13850.5244106153,99387.0196898308,48150.3001194882,44287.2728948220,68549.3985889429,74390.3338618569,103707.6809516657,65786.8478778715,28909.6345070535,40407.8647022151,92136.8885166953,75738.8483664923,95025.3331944563,76046.7908899278,83195.7613529225,78611.8598806013,61355.7299558925,59464.1399265509,34573.8655833181,22523.5282288506,53359.6445029307,80385.8550654064,69218.6009533773,68019.1317179546,77237.5477818529,83460.2912003633,8944.4535876993,65782.6508353470,57048.8342576016,51101.3545295545,20328.9649861388,58655.1458910973,20650.8904468900,26317.1503941734,76187.7679605430,23939.2989054414,97003.5738774685,65759.9314319262,31287.1624611453,76191.0781934850,45640.2961006212,100705.8244761229,84834.8567459939,49669.1376560241,62146.7379833811,72037.8027646342,39258.6077408185,66546.1604512104,78551.5762033288,53211.5647298721,95337.2279823277,66611.7810723461,17389.7883117909,37142.1660048197,9744.3477625963,11648.8845763922,16239.7235071315,27094.6846974282,91235.4081793047,60867.7308174107,94601.0624530986,99747.2954942255,17500.6488302820,73748.4894715868,80114.0725804742,58500.1322959773,43595.7662401664,99027.9739060274,32645.8763624001,87543.0418197018,45209.3082406555,21891.1814068565,56827.1835025378,54973.2977954272,24003.2433502788,89016.8492931332,59356.2492534870,101123.6812926082,36996.2300917729,86012.0853382919,93326.8392066871,73286.9213378190,37910.2873277522,74601.2811590968,66005.6638136023,52733.7305321431,41058.0651860451,73012.9756923247,69080.2280937052,89087.8651409933,60339.0391137619,62350.7755048202,78999.7755212133,69018.6655140289,20458.9894862470,64687.3958151273,76577.2354110343,73177.4647118235,73693.9977691598,81269.0755082840,68367.6564988381,58901.3218910603,50815.2646521950,90490.1752449120,66135.5312640253,87508.8009019708,16461.4812013976,23331.0944397080,4083.2394258537,51098.8783437520,71940.4040125244,67254.5372428323,81633.3065017209,49843.3014400901,89057.1967368248,72112.3765233467,7609.6104632052,82012.4113835982,28308.8413055716,20591.6194303977,18641.4101095855,87271.1264066055,75177.4550598279,14685.4733127424,43198.1227731584,58534.1357067964,59504.2460575978,78858.0694219542,48495.2116098123,125992.0819281361,39515.5575546511,65630.4264242645,70456.4000283882,64729.6494189275,31932.4743541466,86583.3514904172,59129.0136286746,25193.5068169962,18382.2613976862,73452.5373168807,20299.0882023472,71906.7791697380,71116.0087620726,64042.9062835351,35534.6964992083,77996.0505653696,24628.2186585245,22860.6152515100,79562.1146308362,84002.2072956191,34605.6011790190,47859.6072271855,90562.1283813567,82827.1359064640,60665.8998748722,83880.8567559203,11518.0300979664,54024.7640075603,33511.2059764031,39971.6780655784,52743.1375589982,50570.8506278228,17563.4940991142,17576.9896924224,25099.7707274264
1519,0,0,0,0,0,0,0,0,0,0,0,0,0,0,0,0,0,0,0,0,0,0,0,0,0,0,0,0,0,0,0,0,0,0,0,0,0,0,0,0,0,0,0,0,0,0,0,0,0,0,0,0,0,0,0,0,0,0,0,0,0,0,0,0,0,0,0,0,0,0,0,0,0,0,0,0,0,0,0,0,0,0,0,0,0,0,0,0,0,0,0,0,0,0,0,0,0,0,0,0,0,0,0,0,0,0,0,0,0,0,0,0,0,0,0,0,0,0,0,0,0,0,0,0,0,0,0,0,0,0,0,0,0,0,0,0,0,0,0,0,0,0,0,0,0,0,0,0,0,0,0,0,0,0,0,0,0,0,0,0,0,0,0,0,0,0,0,0,0,0,0,0,0,0,0,0,0,0,0,0,0,0,0,0,0,0,0,0,0,0,0,0,0,0,0,0,0,0,0,0
1520,0,0,0,0,0,0,0,0,0,0,0,0,0,0,0,0,0,0,0,0,0,0,0,0,0,0,0,0,0,0,0,0,0,0,0,0,0,0,0,0,0,0,0,0,0,0,0,0,0,0,0,0,0,0,0,0,0,0,0,0,0,0,0,0,0,0,0,0,0,0,0,0,0,0,0,0,0,0,0,0,0,0,0,0,0,0,0,0,0,0,0,0,0,0,0,0,0,0,0,0,0,0,0,0,0,0,0,0,0,0,0,0,0,0,0,0,0,0,0,0,0,0,0,0,0,0,0,0,0,0,0,0,0,0,0,0,0,0,0,0,0,0,0,0,0,0,0,0,0,0,0,0,0,0,0,0,0,0,0,0,0,0,0,0,0,0,0,0,0,0,0,0,0,0,0,0,0,0,0,0,0,0,0,0,0,0,0,0,0,0,0,0,0,0,0,0,0,0,0,0
1521,0,0,0,0,0,0,0,0,0,0,0,0,0,0,0,0,0,0,0,0,0,0,0,0,0,0,0,0,0,0,0,0,0,0,0,0,0,0,0,0,0,0,0,0,0,0,0,0,0,0,0,0,0,0,0,0,0,0,0,0,0,0,0,0,0,0,0,0,0,0,0,0,0,0,0,0,0,0,0,0,0,0,0,0,0,0,0,0,0,0,0,0,0,0,0,0,0,0,0,0,0,0,0,0,0,0,0,0,0,0,0,0,0,0,0,0,0,0,0,0,0,0,0,0,0,0,0,0,0,0,0,0,0,0,0,0,0,0,0,0,0,0,0,0,0,0,0,0,0,0,0,0,0,0,0,0,0,0,0,0,0,0,0,0,0,0,0,0,0,0,0,0,0,0,0,0,0,0,0,0,0,0,0,0,0,0,0,0,0,0,0,0,0,0,0,0,0,0,0,0
1522,0,0,0,0,0,0,0,0,0,0,0,0,0,0,0,0,0,0,0,0,0,0,0,0,0,0,0,0,0,0,0,0,0,0,0,0,0,0,0,0,0,0,0,0,0,0,0,0,0,0,0,0,0,0,0,0,0,0,0,0,0,0,0,0,0,0,0,0,0,0,0,0,0,0,0,0,0,0,0,0,0,0,0,0,0,0,0,0,0,0,0,0,0,0,0,0,0,0,0,0,0,0,0,0,0,0,0,0,0,0,0,0,0,0,0,0,0,0,0,0,0,0,0,0,0,0,0,0,0,0,0,0,0,0,0,0,0,0,0,0,0,0,0,0,0,0,0,0,0,0,0,0,0,0,0,0,0,0,0,0,0,0,0,0,0,0,0,0,0,0,0,0,0,0,0,0,0,0,0,0,0,0,0,0,0,0,0,0,0,0,0,0,0,0,0,0,0,0,0,0
1523,0,0,0,0,0,0,0,0,0,0,0,0,0,0,0,0,0,0,0,0,0,0,0,0,0,0,0,0,0,0,0,0,0,0,0,0,0,0,0,0,0,0,0,0,0,0,0,0,0,0,0,0,0,0,0,0,0,0,0,0,0,0,0,0,0,0,0,0,0,0,0,0,0,0,0,0,0,0,0,0,0,0,0,0,0,0,0,0,0,0,0,0,0,0,0,0,0,0,0,0,0,0,0,0,0,0,0,0,0,0,0,0,0,0,0,0,0,0,0,0,0,0,0,0,0,0,0,0,0,0,0,0,0,0,0,0,0,0,0,0,0,0,0,0,0,0,0,0,0,0,0,0,0,0,0,0,0,0,0,0,0,0,0,0,0,0,0,0,0,0,0,0,0,0,0,0,0,0,0,0,0,0,0,0,0,0,0,0,0,0,0,0,0,0,0,0,0,0,0,0
1524,0,0,0,0,0,0,0,0,0,0,0,0,0,0,0,0,0,0,0,0,0,0,0,0,0,0,0,0,0,0,0,0,0,0,0,0,0,0,0,0,0,0,0,0,0,0,0,0,0,0,0,0,0,0,0,0,0,0,0,0,0,0,0,0,0,0,0,0,0,0,0,0,0,0,0,0,0,0,0,0,0,0,0,0,0,0,0,0,0,0,0,0,0,0,0,0,0,0,0,0,0,0,0,0,0,0,0,0,0,0,0,0,0,0,0,0,0,0,0,0,0,0,0,0,0,0,0,0,0,0,0,0,0,0,0,0,0,0,0,0,0,0,0,0,0,0,0,0,0,0,0,0,0,0,0,0,0,0,0,0,0,0,0,0,0,0,0,0,0,0,0,0,0,0,0,0,0,0,0,0,0,0,0,0,0,0,0,0,0,0,0,0,0,0,0,0,0,0,0,0
1525,44419.1931163219,116271.6316403885,50271.4301114690,111825.6092473686,73764.8267341323,27480.9916515062,89350.9940447452,25560.9280478416,87878.2408398095,70778.3420283366,74400.5171780300,105514.3979769915,43569.7806569181,50478.9479188006,20507.4905721260,93458.9738367713,65799.8830238817,48935.2899165215,93138.9941425875,10734.2774059903,71771.2303233589,77270.2995737466,47933.2987237034,79918.0129527931,31148.9257935588,66230.2768670920,61144.2740436350,48448.6727366596,59979.5739160317,21410.3590218169,11425.1745474300,108770.8060946155,33059.7272353251,77835.3338485863,59512.3144813914,35217.2627742522,86789.7833449314,58962.0885409146,34072.6932349594,79573.3723567816,88843.9422626765,84855.0350452120,62738.9420193133,35647.5074533416,39380.7246497619,101350.8998331478,55520.4445053286,74934.5469519801,81234.6394983819,71203.3698803943,87754.5235597638,77693.7890573860,50409.3770694271,16596.7044312568,40974.9628258189,59367.0054209065,72404.4086086109,62582.4936359786,55106.7733460641,75816.7640925201,66327.1920234503,20569.1953420429,69661.1048246812,35429.6077667409,34663.9100823655,25506.0767256055,69120.4392884640,26523.9154970203,15517.1418800261,54938.7845693523,2449.7783804661,101470.8727406158,49806.5571861407,42751.4159963610,58029.0273946028,39642.6191206838,108844.1005958749,64580.6039624315,50947.8305136897,42381.5622976568,79561.3350060980,25733.9145845977,66337.1221043796,64921.2710938448,42369.0687590143,76281.3586417923,80233.6146373663,15354.9819923889,30477.8604957199,28422.5255041095,10178.6143738931,28797.8920505789,22696.5132219647,79515.3257490682,54989.6367389024,101618.6106500865,85628.2851708272,16847.9262815912,86334.7355611389,70030.6089707700,57255.6367132995,57137.5614164659,108846.5194274817,33011.3804909751,71545.7622926977,53416.2035502697,17135.0964772199,36022.0215156542,63531.8610093890,38585.0057529025,70970.1442125537,41319.3105940957,81491.9124732245,40651.3712545230,94486.7162563125,80005.8023131085,70237.6219906937,46490.7605878601,62661.7859346798,75344.6913745276,45617.7045061761,52347.5532659903,53804.6714039006,74806.8991409043,94339.7427872300,65986.1390990185,74408.5861752755,86288.8631491635,48625.5517763066,41078.3474566752,53832.7343224430,87533.1494312515,76734.1434713859,65349.5677666543,60460.2115374211,70084.7764417348,42864.8458577764,54660.6444085320,69884.1989173911,57616.2323505192,79153.2711895152,34304.3324292062,34011.3261162065,25397.0699728329,38070.7331813330,66944.8726806448,82264.4332474654,87415.7527255468,62716.0619014055,69499.4570138805,81573.5340625197,16169.7819579400,75547.8778414643,21958.3437977795,16075.9533341896,1913.2947014535,74129.7402716544,68484.0446109535,24294.3060027788,45732.3439227434,55086.8397792530,74660.7943420928,59570.1654291956,39675.2516305596,109391.7372989911,35538.8944403438,60653.3057822738,53556.5573563386,50602.4793613675,21817.5283852241,75704.5534427822,62983.7098288154,4535.4838942865,30999.0369311972,59533.3231755810,22909.0903330151,70593.3359500609,50025.6764147826,46876.4177203189,48099.4904241044,60738.0291402255,25548.1539326815,18273.9295534356,64605.4596795574,74790.7420535453,20499.7132373344,54011.9965583453,73759.1168320920,64803.4074495322,39400.6494616662,69879.2643828208,15009.8740777307,38850.8866205124,40756.1081368724,29031.8859801452,34613.8599753262,58511.3077269344,3668.5616020956,20455.1663382578,29856.6261396375
1526,0,0,0,0,0,0,0,0,0,0,0,0,0,0,0,0,0,0,0,0,0,0,0,0,0,0,0,0,0,0,0,0,0,0,0,0,0,0,0,0,0,0,0,0,0,0,0,0,0,0,0,0,0,0,0,0,0,0,0,0,0,0,0,0,0,0,0,0,0,0,0,0,0,0,0,0,0,0,0,0,0,0,0,0,0,0,0,0,0,0,0,0,0,0,0,0,0,0,0,0,0,0,0,0,0,0,0,0,0,0,0,0,0,0,0,0,0,0,0,0,0,0,0,0,0,0,0,0,0,0,0,0,0,0,0,0,0,0,0,0,0,0,0,0,0,0,0,0,0,0,0,0,0,0,0,0,0,0,0,0,0,0,0,0,0,0,0,0,0,0,0,0,0,0,0,0,0,0,0,0,0,0,0,0,0,0,0,0,0,0,0,0,0,0,0,0,0,0,0,0
1527,47497.6503431596,93495.0114064401,51676.5070849659,98744.7610935768,50096.6603812463,52178.2982727204,74478.2636350279,5888.1888500819,84632.6127864402,48067.3188630305,59414.8553431165,80777.8480402510,28811.0885659370,36415.7515377512,31525.5752756253,72853.3594521459,59722.0456961156,24639.3726951992,69527.1701936193,30443.7761869305,54024.2836875862,52530.7213268261,25521.8981107203,59576.4162849421,23492.6930160932,67437.3215337283,40927.8775573324,42034.2391057732,35382.7440448302,42500.4624142272,16699.8980883505,84808.3491490918,31759.8428559889,67713.7040408381,46395.3010672871,36782.2707895961,69281.8915027879,39494.3663312558,14450.2284534067,58841.7618108822,70830.2038931987,77955.1018324574,38302.9307632563,17404.4408670296,14736.3814299973,78767.8065243199,53927.5388164758,71856.2509232436,57210.3716426760,53060.6956508049,65434.0910362702,62562.0573145121,29242.0616530967,40182.6511166277,34771.0202722832,36391.8879410023,50514.5320874256,39698.0422447926,38314.3496147898,51155.0889103188,56174.7958291030,21787.3985712369,45427.6330222968,43014.0791989574,25583.8190571869,13237.7218876562,48512.1264292299,41582.8421311728,40122.4546563201,57780.2278179846,20293.1937059948,77036.5342776972,38135.0132017986,26908.1413877654,50487.4159496157,15927.0333916509,85595.1189341899,62535.2121151750,26450.2302037056,40556.9234492614,56567.9187539354,50271.3009461513,41542.0807483453,48932.4741576249,23196.0251625580,70150.3552380151,61784.8211826984,32839.7889285013,10024.9320587611,28388.8190838401,25117.8631525425,38046.0249514374,46418.1004196161,61034.4199658222,31558.1343832327,77976.6142490817,70068.7361636270,34406.9855790936,66610.7236658974,49884.2922539286,32479.6210954659,40639.4448567884,86480.9626897429,19004.9008360225,59114.0972970185,32395.7894154448,17813.2292104985,38920.3691156865,41874.7081745374,27898.8229806907,62591.7590516124,34879.0405913696,76770.1691054400,18144.4517680896,71632.7700834197,63428.6106635159,45876.8712838817,26827.3374239523,44514.9393679189,53578.3695912219,22789.9497531584,34202.1379946432,49211.1775814040,51111.7957880876,70166.4831280982,42522.4220373777,54812.3586873852,63014.6163348304,48247.2470937186,38950.2294023115,34504.1248901237,66435.8386029628,52306.3464161921,43680.7646223247,60785.3102983896,45386.7554599084,31889.2969108454,30888.6222129202,68858.0383446034,36027.7214767294,57582.5579712048,29826.0928650688,20939.3293433436,31244.8981052660,22233.3197764930,43247.8873357465,65197.7107895698,63500.8381667784,44829.2901635193,65007.5170239201,59643.6107695806,25322.2756484669,52694.7621106794,36789.8908529764,38998.5477927270,26164.8210022630,57370.0003959473,45700.2318522711,18382.3600378800,21941.2313396779,30661.0274207028,58253.0832667663,54816.4555956235,18253.7827636519,97441.4000423850,10840.3849920508,36866.5876936760,43513.3024102304,35739.5989721321,46563.5519712601,56341.6687424368,38899.3751306239,24570.1354643956,35929.8928990558,44067.5167190392,40797.1221697338,45890.2245905475,52460.1036699882,37866.1961581529,32097.5566667953,51064.1448326119,8806.1947444986,34843.3291414787,50607.2268132767,53879.4193403027,45116.4152466380,31496.5844109622,62736.7272193333,56610.3314271683,43990.5099816990,54335.8168167474,19249.8821203779,26640.6017771364,21205.3865466369,53806.1022545279,29427.0931055939,36797.6900123977,21254.2262705296,13014.1980400449,12856.2053233411
1528,0,0,0,0,0,0,0,0,0,0,0,0,0,0,0,0,0,0,0,0,0,0,0,0,0,0,0,0,0,0,0,0,0,0,0,0,0,0,0,0,0,0,0,0,0,0,0,0,0,0,0,0,0,0,0,0,0,0,0,0,0,0,0,0,0,0,0,0,0,0,0,0,0,0,0,0,0,0,0,0,0,0,0,0,0,0,0,0,0,0,0,0,0,0,0,0,0,0,0,0,0,0,0,0,0,0,0,0,0,0,0,0,0,0,0,0,0,0,0,0,0,0,0,0,0,0,0,0,0,0,0,0,0,0,0,0,0,0,0,0,0,0,0,0,0,0,0,0,0,0,0,0,0,0,0,0,0,0,0,0,0,0,0,0,0,0,0,0,0,0,0,0,0,0,0,0,0,0,0,0,0,0,0,0,0,0,0,0,0,0,0,0,0,0,0,0,0,0,0,0
1529,48238.8516418911,129717.2539788058,55097.7363297792,120641.6617748873,87456.0493806539,13669.4495045964,99876.5085648669,39670.6544244134,92327.0584295312,84366.1413167891,84776.8138057881,119650.1997564965,55099.1975662683,61829.6800769786,25704.5286215306,106186.7188256215,72575.1113675670,62918.5562205623,106933.8042654577,3820.5487782632,83719.8696310296,91408.1516965399,61632.4983698232,92323.2345647823,42165.2996790296,69226.2142512894,73773.6782759643,56523.6038635428,74094.7301572345,15904.5949225714,24529.8470948096,122662.0960721546,40834.8700708308,86000.7268726348,69635.6523055345,41876.7842746005,97964.0515867730,71718.3558207107,47371.5694123194,92457.8035780635,100633.7689479092,91264.6068754205,76731.0941625749,48844.8602838039,53515.0840065385,114765.5985256833,60742.8299564518,79784.8659111452,95180.6871328413,82899.9168039517,101129.5697520627,88548.0241972086,63537.4568538867,12959.3500374171,50251.7785586505,73097.4950008110,85464.5321421416,76066.8670225615,66745.9941271232,89881.6697178063,74932.4865895134,30951.5895250748,83682.8038050746,37922.7243978718,45204.8005480449,38503.0476084452,82072.7310459357,26260.2521151539,1212.6154014682,57812.6776886074,18884.0196878063,115523.2488118038,59887.2306783925,55023.0849829526,65909.2178292715,53549.6995759916,122481.4521502413,69422.4546838373,65051.8835754422,49002.9535831284,93194.2282522551,16076.9847327574,80471.5717916545,75953.8571515808,55198.5891688676,82613.5463265572,92299.7127726248,7624.6889103015,44475.8026518390,37148.5389980202,19015.3946455382,32412.5729408650,11769.8587370758,91197.5839237516,68699.6784685209,115408.4517525934,95998.7584315607,18276.5958568521,98796.8647888557,82490.1613870198,71378.2556351856,69016.4901851838,122156.8601296649,47023.4444279718,80936.7352737997,66706.1230765841,31111.7044199163,41183.3165325478,76865.6888770864,49666.3936403652,78585.0930828902,50096.2614658307,86924.1519644172,54465.5799227801,108019.8864637843,90910.9680748237,84190.1737103724,59588.0937321868,74547.2622223360,88608.9298470644,59260.3484540788,64875.7345683534,60628.0891415816,88669.2790395307,108315.3193678652,79811.9364221937,86960.0727475589,99989.0076810705,53835.3218997769,48636.7032320109,66336.8512564790,100481.7205994659,90799.1919627863,78404.5542931588,64310.2004911605,84216.1113842568,53200.3345158679,68608.3443988369,73896.4079813081,70745.0895049634,92036.1457451659,43754.2480483799,46190.6378346882,32040.6391897242,50273.3653245723,80673.0320530460,93782.3783127329,101318.6726939419,74897.5966121208,75318.7037471985,94849.4182943396,24656.2005660045,88933.9020587574,3376.9842734148,19340.6594119880,13573.5265070114,85228.8876338308,81890.7417271528,36029.8656676850,59724.4754908991,69090.4438451219,86066.3155785998,66068.8529574753,53118.0953910790,117702.6012584253,49650.9410368776,74438.7426389430,62770.6375122045,61775.0710239751,15644.1917322062,87788.4039395770,76979.6192983083,24453.1867732222,36712.6506772131,70545.1748615842,21024.2148125308,84678.7231389773,53582.5812685962,56150.7070333268,60159.2712393462,69396.7355063897,39294.4537767168,3820.5487782632,74876.7778200802,87469.3797265988,12659.1918560367,67669.9487609904,82464.2223178042,72608.8467409398,43049.8940500107,80599.3651904796,26502.5523219094,49946.2497416422,54002.4340442524,14901.3104651140,43758.7178786093,71915.3200055839,18576.3995100659,33459.7799401671,43198.5115833133
1530,46873.4581344394,90614.0863200274,56139.1794801779,93940.6999317919,44492.5807509594,57275.8272475533,74951.9941391547,9640.0472913526,81801.0087309949,45582.5275687714,54520.5797538001,76265.1144649090,24658.0068923923,38062.9685387258,37194.5273911381,71196.8697717834,56636.6616822910,19197.2857147440,66223.9998679688,35371.3275631797,53825.3788429096,48073.1279042334,23927.4637814251,53934.7321776069,27638.5994631545,65827.2186614392,35360.1625013236,39378.9669048774,31335.1503617166,48133.3624697426,22365.5168819073,81172.4845500769,31035.8881084735,63654.8431333475,42049.8066996250,41629.5170417723,63929.6917585662,38956.3086438722,9903.3585238293,57285.7247336066,70266.2960479325,74433.1786252386,32967.7664702244,19059.7390026025,13631.3163481280,76068.3354711598,51994.8381106617,69219.1422267303,53651.4804923614,47700.1335332216,62980.5409317378,63124.7979048704,23634.5666954089,44511.9878349151,38481.5460562169,33957.6102344139,44796.9272119153,33988.1623971201,33357.8456279056,46025.5372569643,52274.0613112880,27239.3318948399,41760.3554941338,43633.5654100976,23347.8690665776,17717.7821929663,47191.5246312891,47283.5166240349,45266.2000309792,56761.1677592954,25007.7323112136,72983.9175553598,34353.7681926307,28522.8938913115,47284.8561071540,10239.5312107732,82461.6273506967,60289.7637762757,22726.0764810111,39091.3452728176,53791.2769976725,54891.4353317386,36776.4711362714,43968.3029513247,18116.9006514690,66882.2098280705,61174.9541944742,38311.8584945365,364.2898903499,33375.1229582721,30786.8098171346,43547.3483133256,51817.8179561848,55587.2789897191,25883.8817665387,74609.5820998456,65000.6873910696,40111.7057497009,65410.1882588856,44285.2668003707,27616.7238575880,41278.8177914243,83860.1498271409,18356.9822214643,54702.3870119420,31343.1447428899,14764.5224840886,38685.0040472781,40149.6494960232,31011.0422012524,58959.8524992391,32587.2644839060,73714.5265584515,17074.7488334720,68818.7516954252,58239.7747753431,40501.7873018906,26808.4552985848,39220.8161992700,51569.7276377688,17069.8328118161,34462.1299029820,46726.1112696853,47883.8676453687,66402.2294309540,39590.2745579838,53839.9457328284,59992.4677725420,46784.1720577332,43212.1356837536,29124.2575585972,64611.3704266659,48363.0005432853,37976.3843996416,59114.5637828834,41061.2751249453,28585.9285804407,27935.5211102396,66720.9932260283,30343.0651826026,51870.2805099979,34106.8396375150,24035.4186539470,36665.8367583673,18218.9572899926,37640.4970652373,65057.7139210757,59996.2920960966,44800.0244330036,62172.1776585284,57466.2205460553,31021.9441642535,46993.3711492486,41581.7519655161,44469.5252643539,31462.6556379868,52192.3646347233,39990.1022824641,23325.6975757786,19329.7574977210,25311.5089005235,58462.5856367732,52135.9603795404,12782.2333924719,92830.3506530568,9851.6700296403,31267.9701012160,39935.1250245515,31274.3142725538,51615.0335082887,50805.4849970059,35468.5597338436,19442.5893797711,41153.8157300509,39275.7342510657,46514.5567974609,40822.2245608337,51504.8280805085,34755.1709316350,33309.7194152014,47368.6540079545,12414.5855388916,40022.8502278085,46003.8864925180,48204.6736326187,49818.1852904676,29545.6142930508,58558.4766984662,53122.9562031433,43873.6852086247,49391.6549411655,24953.5691993569,23364.2254346381,21726.6000780303,58642.0595090609,27898.5960997191,35180.5977852056,26664.7615520823,18406.8050115286,15914.3658074521
1531,48598.7917721475,89061.7516912614,55180.9923976239,94851.6306995725,44079.0311370139,58115.4916788493,73243.6412766939,9285.1822208008,83298.5806031850,43958.2274950978,55411.2152037685,75121.5881725919,25918.1396778888,36480.1396234753,37096.4981137672,69503.5562387160,58100.8255447326,18588.7753328190,64740.3875364967,36285.3722867470,52096.2989047813,46898.0286886047,22209.3053269816,54188.1770869236,26638.2431143065,67490.0539924384,35753.9592352184,40935.7926472755,30006.1572148913,48523.9913859952,22714.7426540018,79765.7131543490,32763.2010216944,64871.2467187871,43194.9835563192,40861.8666817403,64515.1943288037,37224.1766477820,11175.5850271603,55582.9362580184,68533.8331948807,75790.5623166810,32260.9900288796,17546.1065134418,10509.5858174242,74485.2299748018,53632.5614265331,70754.6985809074,52216.3363887705,48293.8353412294,61360.7124673006,61423.6802140688,24001.7519981873,45665.5016361359,37305.9188082492,32317.4512491256,44818.9137729664,33836.8544864934,34251.3315131423,45173.9594791807,53548.4181638924,26897.6611873653,40341.8577734133,45352.2819196841,24990.2732071443,16925.9633103231,45473.9937165728,47254.7469057142,46075.7698842773,58468.3047318213,25995.8728117119,71684.8531959658,35690.1712814058,26956.5679074678,48734.6398705468,10074.0309559643,80950.6365013578,61886.1791971735,21290.0207583305,40778.9009496008,52211.2224478219,55948.9536047199,35722.5189547855,44835.3816908497,19011.2721891850,68301.7863187257,59442.5475545910,38888.8330879338,69.3823170247,32700.3398811864,31121.4476890723,43211.0689801481,52457.6714841069,56093.3437052884,25619.4576273671,73141.6995642876,65784.9993461512,40347.4211038414,63691.2637643273,44620.1110139684,26601.2148128919,39592.0844064383,82267.8130814043,15069.7907591173,55805.7646760514,29612.9299904838,15050.7114077709,40417.5132143593,38451.1016018791,29706.0797135440,60300.2951177415,34203.7702091733,75173.8874492883,15342.4822943802,67250.4977249705,58952.5224060329,39830.3466000541,25096.1351806386,39881.6646841743,49898.5290788384,17120.5015905876,32756.8128707119,48299.6903407230,46376.1940766419,65022.2403864999,38024.0968605521,52112.2163335126,58454.4819473987,48467.0589440752,42199.7420800285,29738.2432465649,62929.0037817538,47021.4178860030,38081.2137831293,60774.4235935101,39833.3198331516,30049.6511036020,26357.0897157606,68327.9791887899,30528.2387400305,51924.1879234414,33125.4608860584,22761.7388635740,36267.8108775009,19559.3392035018,37234.3134832565,63328.7446757062,58552.2521187970,43077.0257987005,63678.5471625798,55813.4053219615,31011.6725432478,46795.2006519419,42561.4943468279,45047.9951122457,32170.5420195927,52918.7341961277,39834.7582679209,22678.5900443030,17682.7787073319,24614.9519741115,56745.0777386114,53675.3396869156,13415.0392878578,93829.2872138459,7137.0426383997,30850.7851651244,41311.7778443923,32399.6311871536,52477.7203908204,51218.6259751613,33989.8202451477,20458.7826129797,40598.8159096715,40240.0686795453,46683.1516497250,39930.7219191585,53216.6063286884,36241.9212855838,31683.3455332220,48704.8595931941,16287.1195276944,40809.2614759560,47041.6420841903,48391.6987880459,50840.7858819800,27854.8036408768,59740.6979977354,54504.0182970307,45606.3130553373,50261.8598909642,24971.7841321459,24851.6864321441,20061.1605074170,59611.7205538046,29592.7814125974,33472.6230121318,27289.7171009055,18074.3230133498,14719.1606449094
1532,49671.7942656888,87823.5244747929,55029.5801456709,95010.4618431084,43329.4232394648,59133.2346795398,72231.0417754102,10455.9177215021,84014.0929619197,42723.3743494604,55565.8370247616,73991.9970660114,26423.2530485142,35691.7875260473,37602.8620706114,68296.2073106369,58784.0538477674,17763.0332982855,63509.4428630303,37343.5338558006,51015.3946969131,45759.5605264731,21031.1356775488,53863.0652589259,26481.5877659900,68425.7816206688,35545.3545307283,41731.8994487454,28816.2556199540,49316.1278306681,23513.0658196045,78549.8150207016,33846.3607827365,65304.6761194303,43574.7000838002,40879.6282818069,64425.7027977595,36120.6182291530,11756.2377356079,54383.8510864609,67407.4837921700,76357.3357081905,31353.7696251688,16877.9696981983,8071.3451480094,73246.7642424125,54531.5906899582,71516.5831686610,50994.8700399315,48219.7917753168,60125.3107511669,60429.4238620627,23798.5469469167,46814.0545558759,36971.3247718307,31085.5899297599,44342.8971063142,33259.4281441067,34426.9010829578,44182.3903952814,54040.7329856266,27256.8524958822,39124.9369121432,46531.5831640107,25908.5475861794,16983.1608875364,44293.9711558705,47796.5688539711,47083.2345900972,59488.8434534075,27091.0888984077,70499.4768190841,36254.0213740399,26199.1512746599,49405.6579128214,9600.7663424627,79715.7640655032,62726.0806784131,20071.9073632178,41762.0840982594,50972.6537402238,57060.0240214438,34638.6082686065,44977.9506509898,19226.4801192826,68934.3969684116,58315.3378836200,39786.6006202338,2061.9660120228,32802.2503519773,31896.8595113035,43550.1960245104,53380.6335003201,55948.6375375487,24984.4845044058,71913.2324872825,65848.9637737838,41056.5590977071,62513.4833970429,44359.3445357804,25541.1205101508,38632.7538988201,81029.7488216068,13443.7872597494,56140.6749555488,28468.7555544909,15842.5056755908,41535.9473651370,37247.9941505792,29252.2400843267,60854.2009879746,35079.5110931577,75847.8801787020,14243.7090662514,66011.8868389320,58963.2014509843,38936.2786590994,24082.3423223441,39866.4895022218,48677.7048732176,16725.1174692585,31758.1224122412,49113.5273821427,45142.1725402157,63813.5175769313,36785.5651232317,50956.1190286257,57217.1957882832,49439.9894236441,42010.1405505919,29702.5454464952,61714.2063507811,45824.7081793068,37667.4043979355,61706.1912287577,38676.1323610663,30748.4773173450,25118.4616673655,69181.0055361434,30180.6987405998,51464.3256833004,32973.6191082500,22354.1680695412,36570.8757168228,20154.6679978829,36494.6710011205,62247.7057690648,57328.6647826918,42023.9637661913,64407.6210879902,54585.4555192151,31582.4614485998,46175.4250976238,43644.5358061680,45942.8276830310,33138.3196272502,52943.4292333932,39247.8226487800,22825.3676811208,16452.0032460997,23723.5184954863,55708.6584069625,54445.6577204976,13466.5336894821,94062.3163282764,4901.0661720185,30112.0104771320,41910.9300926685,32773.1440850034,53507.3350775686,51008.9306276278,32760.7551859445,21570.3741588398,40781.9772021732,40466.8000913497,47347.7696103271,38921.6285905762,54248.8390796703,36960.1192278196,30833.7489504254,49259.3970644411,16669.0049647675,41808.2945384586,47324.6770700914,48024.4084398050,51938.9929337802,26645.2977124595,60144.5369869905,55100.8674339961,46730.3747829826,50402.9114865372,25572.1826749738,25582.6113084314,19156.2783709742,60686.4235387785,30592.2860566411,32279.2267096266,28222.6212453825,18470.2026509308,14425.8364841444
1533,52283.6853895666,83965.7337848192,56406.3175056309,93956.1445616966,39758.1267985566,63243.3111176254,70170.9194637554,17658.7531456612,84985.7591385425,39086.3664709440,54578.5831976489,69812.7989708237,26875.9469606797,34830.6007712046,40830.2245538579,64988.0568671527,59681.0574752850,14129.3644785044,59527.7781617661,41493.1627999122,48623.2892391412,41579.8832049292,18145.3212323946,51386.1795337669,28032.1331968863,70347.8359935486,33499.7605208915,43144.8154848627,24674.1229601251,53100.9472706108,27354.6455132315,74474.5727167919,36564.2670488368,65250.3495261150,43414.7596712096,42830.4078748048,62627.9066855978,33648.6952214999,12953.7727513080,51166.9832318830,64706.5098401926,76767.5430651637,27466.3058500451,16863.0203326376,800.1042755097,69465.3029642052,56323.3308791458,72695.2890657048,46948.4708093324,46521.4692970028,56459.9099976550,58486.5139078552,21903.3800813131,50991.6885797178,37838.3846933361,27532.2175538301,41468.8823284671,30155.9036390391,33631.9305155035,40134.3240614136,54235.0178830548,30197.9463204261,35058.8623450058,49755.2802470562,27945.4843420074,19318.8891930347,41257.1024503395,51077.0533928319,51184.9701074885,61820.1940871616,31263.4027513924,66348.9176083220,36810.0874566148,25580.6035402198,50288.6203110058,14707.4499903080,75777.8637162912,64244.9180749493,16023.1428048214,43970.2367159715,47189.4984802381,61236.3346848603,30483.7982447168,43996.9270516825,18825.9807496336,69609.4964242269,55623.1068316668,43751.9331105308,6929.0012661509,35041.9796015222,35677.4400545081,46360.4979618336,57374.2206970089,54003.1781129854,21782.0772833861,67908.7591427032,64533.9389621747,44698.3181690498,59461.9065928290,42104.9555058171,21413.5298067733,36949.9437162429,77272.0801101252,13931.7523454750,55765.7512256630,25774.3927431270,19711.1869709639,44408.1771274214,34029.7709093254,29779.5357363722,61252.6857240460,36858.7115868572,76669.1596883915,12139.1706911590,62193.9203744395,57495.2109943988,35061.8955472263,22252.7128973958,38399.7633633022,45247.7170946224,14386.8149264547,29921.4018225101,50565.0226049757,41201.3822065117,59713.5126576113,32973.6446005854,48083.5550442263,53332.6692823094,51574.0089856729,43321.5981617571,28259.6049403911,58337.0590994624,41694.6214558942,34996.8947052978,63623.6161808643,34500.4054720979,31862.3312622225,21354.7553607625,70741.6405217095,27757.1487383456,48613.7688827811,34468.2328393645,23156.7146206418,39318.5103546226,21056.3411748541,32963.2600594362,59829.5235266965,53293.1331088795,39823.7793157818,65469.9977251339,51055.6372807623,34971.4410583978,42914.3397304313,47809.3548488838,49899.2221409436,37201.6516136760,51540.4077265528,36092.4073149441,25285.6065610160,13013.6204519599,19891.4526515626,53554.7652926125,55701.3102664000,12767.1348779511,93257.2815735831,311.1759356852,26606.0543376172,42558.5633463497,32676.3173382763,57630.0658488666,48881.8755174057,28773.3226156732,25748.1900257651,43197.1866389268,39796.6346005574,50891.3314645970,34850.9660415350,56647.7710776777,38094.6088249165,29743.5767087056,49702.3317350126,14488.9028906115,45902.6090938818,46807.1322057777,45443.8074146245,56110.7919445794,23408.1424077378,59999.1675257073,55678.8501804129,49619.9478362138,49390.6609208379,29049.6025628720,26882.4370440451,18004.3955295596,64845.0399880979,32935.6143552812,29170.0771699166,32247.8673511399,21585.9440170446,15848.1502668920
1534,51781.5145182784,84870.1965706914,55776.5787308377,94466.3938120012,40817.9583077281,62122.7887630997,70464.1003434860,15500.0107202849,84964.5467827112,39896.5923777763,55060.4660940819,70909.1221785636,26951.8643074045,34754.4760751584,39809.1235223481,65682.7991236885,59671.9408664037,15187.5542389620,60485.9118116029,40379.0187785907,49010.4660455604,42672.3281913419,18659.5786128824,52223.6089752163,27337.2744848096,70055.4163980257,34225.8841731524,42982.8310438946,25720.5162089234,51998.8165203611,26243.8551725373,75480.2816423545,36020.6525810930,65497.9704932607,43677.0207106952,42063.1147261719,63311.5119889567,34050.3859551019,12759.8589458749,51826.7015109920,65197.6161402033,76896.2509423286,28573.0873540660,16507.8315903682,2416.5988622479,70337.4808341434,56063.0687828855,72613.6785107540,47937.8904138881,47174.1613267084,57284.7785263800,58740.5365128119,22574.2884163782,49908.8175612247,37316.8695114697,28304.6875792648,42390.2257438955,31120.4372712290,34047.4350503433,41256.1366080766,54411.9197236415,29221.6999131129,36057.9912911296,49061.8196911142,27588.7858654127,18439.3380359611,41850.9301801989,50049.4723061608,50063.9319366278,61405.4696372352,30159.4133575274,67402.4561112087,36875.5588764428,25420.4107730989,50278.0686051102,15870.4622434767,76716.6721533298,64065.3788593882,17009.0931921444,43582.8782960864,48059.9342577298,60135.5100109509,31598.7736126994,44470.5306966724,19101.1860689050,69664.7159598715,56108.7051551506,42632.6649916457,5158.4062152728,34206.9293244740,34574.1832961685,45417.4082635316,56253.6392064623,54718.6983231272,22760.5511547561,68878.1372008431,65101.3802595704,43613.5979033241,60067.1538610194,42887.0988106284,22533.9292437786,37112.1859829289,78135.2356734804,12822.8078289883,56092.3507575712,26238.8875245889,18596.4005004752,43823.0211806139,34682.5580607951,29329.8445904656,61378.9003111370,36587.8211962221,76686.9376061076,12358.2414937378,63080.4579386703,58097.4286720443,36167.9536784427,22433.6965047773,38989.7756431265,45981.7179337203,15142.9039089910,30120.6296764892,50397.7178332722,42139.0058640783,60733.0059496166,33853.0004629448,48625.2692717601,54246.5835077670,51212.8282735168,42699.3951269752,28830.8553891496,59055.0939252381,42732.7977684453,35869.8231817673,63330.3431155183,35580.6429079059,31769.3881299908,22208.1046028876,70552.5462621797,28566.5183485750,49532.6692986692,33795.2983189060,22624.2314106608,38384.3685770625,20993.7086466702,34014.2702310668,60229.5059435250,54277.2831566998,40145.4674947115,65418.0167798323,51827.9900407110,33921.8318615948,43916.6435880738,46700.3516618635,48780.6860062893,36079.3683597752,52123.9339506903,37070.9661923861,24394.4256461349,13719.3224665683,20988.6971373843,53870.5419401886,55591.5045312875,13080.8473586554,93705.1615825589,96.3677182121,27649.8373152040,42605.6687258948,32909.3013392322,56510.8482626802,49637.8690750559,29730.9898736325,24650.5892431877,42331.4794334867,40187.4704844940,49821.4766312710,35973.2645531826,56211.1063207879,38004.5752169814,29723.7953443210,49810.1880722206,13526.9703989345,44781.1873362388,47164.8597563145,46302.2196538625,55005.7420672819,24058.0301880769,60268.3114114496,55754.1585161154,49031.9114078246,49875.8928963474,27984.2201899198,26728.8348314588,17967.5980523430,63733.2346475600,32498.7043722404,29780.5574053336,31125.7944563487,20570.7918058479,15142.6542600441
1535,52861.7295235658,83616.4069424035,55805.7365493240,94597.7265604667,40055.7352968711,63216.8125466717,69527.8564834838,17367.0747435654,85667.1524065312,38661.6406968756,55227.8732004380,69735.9727946146,27561.7776653268,34143.9037951728,40491.7104368281,64492.5502026429,60363.1281449599,14443.2869480828,59230.9216987404,41511.7725698869,48003.3599790495,41493.7559876857,17563.1654250904,51897.9187990777,27461.3760582212,70988.1492046737,34072.4269676563,43809.1941740734,24494.7768399612,52909.6169785139,27198.8295207976,74233.6138089003,37125.5420757776,65932.7609513478,44096.4581439700,42290.7491257727,63215.3746020745,33031.9213118885,13608.0367494683,50652.6609379300,64120.4150778670,77454.3179269853,27657.7771305357,16199.0523453615,2181.3014401439,69088.2351965844,56970.3113884642,73370.9719236661,46687.3668237285,47121.9333777548,56046.1465257265,57834.8696505326,22502.0253297804,51107.3724694045,37205.6748515412,27081.1850016239,41922.8514755119,30574.6102512648,34295.5179075869,40230.2356532242,54921.0423850484,29811.4349262214,34810.1276662147,50248.0451011876,28567.4968793182,18856.1777843893,40711.0130618302,50745.3695868329,51153.3320066491,62427.8364128994,31323.9629518082,66179.4155514702,37495.7726374087,24895.2782125259,50970.4557461387,15950.4184636515,75461.0044145365,64907.1303496450,15759.3200245812,44585.2124127790,46810.7552486034,61304.5183858079,30480.3714119576,44648.6030873120,19508.1289450134,70295.0932960478,55034.7602387493,43638.5760696085,7556.8533308069,34542.3310598623,35492.2881188574,45938.8697243774,57271.5640126100,54577.8976823153,22190.8316755564,67624.1543325513,65161.0594063374,44463.0378706522,58921.7523509262,42649.1563080973,21452.0399546647,36281.6591485454,76887.7618921189,12731.8176069940,56440.9432018379,25176.3522158465,19577.3571095075,44952.8140832130,33510.9496465363,29130.4481156839,61939.4749077406,37502.4854219182,77353.0764416494,11475.3072470341,61828.8107626863,58112.1113170792,35253.7518498268,21585.8202381702,39022.0421353941,44773.9189905953,14954.8331972410,29258.3163156344,51228.8470541567,40883.3384502635,59491.3273757549,32602.0091593697,47515.9496918567,52991.8352015839,52196.6568374796,42719.4704274011,28889.0156130984,57854.3920442793,41500.5779983887,35488.1345552560,64263.5788200169,34384.9799456836,32535.5928603655,20961.2217655333,71402.3899743591,28289.7535642407,49068.6627912792,33886.6794951171,22530.0095324077,38890.3034647947,21732.0321917819,33276.8028265118,59213.7153290847,53025.6181043858,39186.2139689894,66148.6027086489,50605.7682449538,34674.0298284861,43290.5640612608,47849.9960719832,49779.5453901617,37145.9948358596,52163.4674523990,36495.6208498983,24827.5680448998,12518.5740911004,20116.9040917781,52916.4607682189,56373.4078997863,13447.4711612797,93912.7045080765,189.9722989558,26932.8125311837,43243.6210107212,33360.2735448327,57615.9163855357,49438.4299781584,28476.2091299833,25829.3989058478,42715.9741641882,40463.7453654002,50625.1903898130,34932.6908469401,57248.4007226995,38768.5514268915,29058.2226325968,50389.0432747428,14100.1274324014,45866.2356438329,47478.6866992061,45942.9314318268,56165.4279835424,22886.5076095203,60679.9971008254,56365.0044898124,50163.6075971130,50039.4740038534,28780.0020050649,27546.9744141418,17318.0788786227,64873.0300288154,33534.6729741137,28630.4128925581,32171.4948217542,21247.0973417617,15289.1139709235
1536,52324.9260429772,84500.9562731217,55301.9247255787,94978.2868529622,40986.9239076370,62187.6620761719,69887.9768167140,15399.8854450139,85555.2171891542,39473.8226599135,55579.6547195349,70758.4372551195,27537.5425555859,34166.4134262433,39590.3690154790,65204.9032253314,60262.2765221239,15361.0755311133,60158.7422316934,40483.4309155314,48448.8900622556,42515.0218864375,18130.5606023463,52594.3219843215,26887.6764931779,70633.8126779202,34655.0892196609,43571.8080178477,25490.7940377417,51917.1099978303,26192.1299265667,75196.4190430768,36555.2000012356,66066.4200378312,44242.6679859213,41649.5884242539,63760.9978487877,33492.5046076370,13348.9681272369,51336.4199037886,64656.6746746125,77478.8389722042,28647.3022210385,15951.3774289795,1641.1704258253,69947.6136557537,56645.0197737748,73204.6306977889,47639.8551084672,47635.8797512785,56868.0008782341,58160.2226335921,23026.2685357469,50096.0444636189,36804.4622344505,27865.3691373922,42703.3324235688,31397.5579753979,34582.5053404977,41250.0501604738,54989.3396943528,28954.8100373556,35771.3003060212,49547.6600886119,28160.9001300949,18092.0320330565,41339.4070883581,49838.4661607937,50124.3537775131,61966.3720585805,30300.8797211430,67176.2123429677,37462.3208044676,24838.0087854776,50868.3917845652,16825.7079989108,76372.9662225721,64653.2398750461,16718.1259664889,44149.1360265430,47670.6804290191,60282.0112591411,31509.7944587939,44991.5374156575,19662.3556239162,70252.5250963999,55566.8414780328,42620.6714599977,5925.3742415969,33831.5560507994,34496.7547391524,45120.5411012570,56251.5392171405,55153.8292927638,23024.7908695204,68560.0635777094,65594.8536731742,43491.2429060319,59557.8531544807,43288.9292449322,22479.5798439823,36524.9267189580,77739.4259089564,11794.2709747204,56647.3892036886,25695.1755136750,18563.3811376320,44345.4466794870,34191.7477965454,28796.8604903962,61961.5439701883,37169.3444406546,77276.5023233814,11778.7710070596,62700.2126360272,58578.6778136993,36243.5303431142,21848.5041053164,39474.4636619880,45521.5397151709,15554.3590400861,29536.2726482933,50986.3487570701,41797.2318829752,60464.8022390200,33471.6816248948,48097.9967375592,53885.7417834204,51782.7725981040,42221.3243798069,29321.0136227597,58587.0192000883,42488.4573729461,36217.3880311367,63908.7541222402,35400.1549493303,32360.3387711061,21814.7484017185,71139.8031536024,28952.5241082757,49847.7810206029,33336.8652703910,22113.3853687144,38079.8908030755,21584.6488650614,34196.3089184594,59669.7683181920,53973.6153041250,39574.0236261773,66009.0272456343,51384.7502447548,33740.5633543357,44157.2689728120,46823.6365183685,48763.2588555128,36118.5904922276,52611.5528170971,37335.2744766526,24056.0871127573,13259.0247477068,21090.0042487783,53297.6996788054,56182.0725594450,13633.0464639203,94234.1429719950,472.9041388607,27842.0033899289,43193.6233156581,33478.7381810168,56586.4973470855,50053.4527367810,29408.0398311705,24810.7243852457,41976.2056148699,40728.6640373327,49671.3027416545,35955.0486966049,56768.1333960878,38595.5227081801,29133.4082147025,50394.2024574252,13246.1389427699,44837.4677012410,47713.4855993508,46659.6513535038,55140.8039178147,23568.8449614614,60833.3776818527,56340.6368358097,49553.0901812269,50393.9572362711,27827.5803311957,27318.5089980315,17377.3027706292,63845.2455842845,33057.2259492804,29276.1964014588,31146.4437935347,20345.5384821453,14695.1530006574
1537,49564.5658952814,106815.6263634968,43754.6157053470,111865.3209482034,67792.6063437777,35351.3388195725,79774.2483129694,17606.7347074598,91612.4020861243,61419.8440160611,73318.2657112937,97315.2803720982,41935.7669205703,40796.0369417952,16494.8660384468,83724.3316331999,68211.5538638300,42341.1735780568,83995.5631680747,17724.3923229165,61985.2103589392,69155.3736082242,38685.8277915102,76225.1647866452,21714.3655167638,71239.9870445511,57381.7577918447,50307.3862945460,51688.7142184704,24827.6016343070,28.6791735412,99761.2019970467,36056.4358373601,78852.5454449852,59015.3843873422,28174.8990365546,84630.3547216290,49217.4157729882,29908.0840780146,69868.6102816871,79062.8265180915,87211.5857540501,55946.0038842275,26010.3172973444,31424.7599711989,91872.9499148687,59354.8912422695,78584.7589671620,72334.6453082652,68607.1933174757,78249.5731132194,68059.1969691589,46001.5638011108,26344.8219144389,32156.4756769369,50152.3411324930,67746.2204211516,57213.2920952503,52923.8899211212,68610.4270744842,67169.6218156597,11991.7643760618,60952.3633509845,41760.7730575425,34787.4744573953,15767.3249162348,59428.8320386009,25456.8346466968,23353.8790762408,60287.1893256204,11451.5797785309,92820.0850143937,49659.3023561990,32961.1695609064,59728.7625112989,33542.9049010754,99532.4780772705,68440.9096916438,42623.6746382502,45710.1736508263,70243.9410937497,34930.6597864296,58655.1896208262,63268.1955588027,38773.8179185952,78830.4243415170,70442.7623963220,15265.2237190246,24315.7534223939,20408.6513289600,10445.8256777059,24529.7649444943,28913.7557168322,76817.9151820468,49185.4030579569,92467.7267342554,84389.8040969954,17126.4520177853,76560.1805413650,66384.6328000269,49772.5236708191,47362.7983559406,99311.3883210819,24413.6127094131,71533.6949547518,43847.1725031718,11726.1847657409,40753.2501473693,53993.6092305008,29035.0591504820,72586.2820855048,42874.3392766199,84626.3689244889,31566.6407240066,85088.0781806554,78246.2005560953,63533.6270619053,36827.9064485997,59968.1394321769,65775.9044003594,40178.5396715122,42567.4614189889,56507.7950702854,65763.9235979581,85492.7820474138,56892.9826703846,64640.3119206211,77037.4399344713,52702.5583516349,33204.9655329108,50430.1504464303,77849.1143447024,68153.9799341309,60793.3961886057,65070.7716264971,61900.6955970445,42733.0277881070,45794.6405373796,74187.0154951847,53051.3767748815,74725.0549511352,25565.2049314453,24234.7010950642,19246.2652487226,35730.0635921519,60941.5740936101,72510.9879138470,78432.7027646268,52924.8728652803,72560.4545181715,72013.0972345865,10353.0450783256,70239.2814350404,21406.8377755565,21395.0203894039,12284.2361614963,72230.0406650371,63207.2714233652,14696.2253577087,36997.9846816567,48324.0243729390,64927.9228564840,62353.0597722219,34918.7246965237,109907.0910344845,28461.1570653021,54563.6446082195,54169.4861327601,49158.6786201694,29947.7108656410,72521.8076247980,54216.2668853696,1905.4770832894,24930.2884841547,58027.5197052241,23688.3082754229,63301.8718577668,55118.9161206224,47681.9182666783,38316.8176569474,61666.9102056089,16404.2432138481,18102.2229572042,63825.6336752608,70742.2083126793,29669.7081677658,44718.2420344313,74360.0439834756,66390.5774361960,44880.1580317310,68493.4409556754,4164.4415352004,38023.2759974940,31150.9656240731,37705.7481181565,36242.7456200140,49012.1837235130,2312.1370132628,10699.3765077362,20287.6521847284
1538,0,0,0,0,0,0,0,0,0,0,0,0,0,0,0,0,0,0,0,0,0,0,0,0,0,0,0,0,0,0,0,0,0,0,0,0,0,0,0,0,0,0,0,0,0,0,0,0,0,0,0,0,0,0,0,0,0,0,0,0,0,0,0,0,0,0,0,0,0,0,0,0,0,0,0,0,0,0,0,0,0,0,0,0,0,0,0,0,0,0,0,0,0,0,0,0,0,0,0,0,0,0,0,0,0,0,0,0,0,0,0,0,0,0,0,0,0,0,0,0,0,0,0,0,0,0,0,0,0,0,0,0,0,0,0,0,0,0,0,0,0,0,0,0,0,0,0,0,0,0,0,0,0,0,0,0,0,0,0,0,0,0,0,0,0,0,0,0,0,0,0,0,0,0,0,0,0,0,0,0,0,0,0,0,0,0,0,0,0,0,0,0,0,0,0,0,0,0,0,0
1539,0,0,0,0,0,0,0,0,0,0,0,0,0,0,0,0,0,0,0,0,0,0,0,0,0,0,0,0,0,0,0,0,0,0,0,0,0,0,0,0,0,0,0,0,0,0,0,0,0,0,0,0,0,0,0,0,0,0,0,0,0,0,0,0,0,0,0,0,0,0,0,0,0,0,0,0,0,0,0,0,0,0,0,0,0,0,0,0,0,0,0,0,0,0,0,0,0,0,0,0,0,0,0,0,0,0,0,0,0,0,0,0,0,0,0,0,0,0,0,0,0,0,0,0,0,0,0,0,0,0,0,0,0,0,0,0,0,0,0,0,0,0,0,0,0,0,0,0,0,0,0,0,0,0,0,0,0,0,0,0,0,0,0,0,0,0,0,0,0,0,0,0,0,0,0,0,0,0,0,0,0,0,0,0,0,0,0,0,0,0,0,0,0,0,0,0,0,0,0,0
1540,0,0,0,0,0,0,0,0,0,0,0,0,0,0,0,0,0,0,0,0,0,0,0,0,0,0,0,0,0,0,0,0,0,0,0,0,0,0,0,0,0,0,0,0,0,0,0,0,0,0,0,0,0,0,0,0,0,0,0,0,0,0,0,0,0,0,0,0,0,0,0,0,0,0,0,0,0,0,0,0,0,0,0,0,0,0,0,0,0,0,0,0,0,0,0,0,0,0,0,0,0,0,0,0,0,0,0,0,0,0,0,0,0,0,0,0,0,0,0,0,0,0,0,0,0,0,0,0,0,0,0,0,0,0,0,0,0,0,0,0,0,0,0,0,0,0,0,0,0,0,0,0,0,0,0,0,0,0,0,0,0,0,0,0,0,0,0,0,0,0,0,0,0,0,0,0,0,0,0,0,0,0,0,0,0,0,0,0,0,0,0,0,0,0,0,0,0,0,0,0
1541,0,0,0,0,0,0,0,0,0,0,0,0,0,0,0,0,0,0,0,0,0,0,0,0,0,0,0,0,0,0,0,0,0,0,0,0,0,0,0,0,0,0,0,0,0,0,0,0,0,0,0,0,0,0,0,0,0,0,0,0,0,0,0,0,0,0,0,0,0,0,0,0,0,0,0,0,0,0,0,0,0,0,0,0,0,0,0,0,0,0,0,0,0,0,0,0,0,0,0,0,0,0,0,0,0,0,0,0,0,0,0,0,0,0,0,0,0,0,0,0,0,0,0,0,0,0,0,0,0,0,0,0,0,0,0,0,0,0,0,0,0,0,0,0,0,0,0,0,0,0,0,0,0,0,0,0,0,0,0,0,0,0,0,0,0,0,0,0,0,0,0,0,0,0,0,0,0,0,0,0,0,0,0,0,0,0,0,0,0,0,0,0,0,0,0,0,0,0,0,0
1542,0,0,0,0,0,0,0,0,0,0,0,0,0,0,0,0,0,0,0,0,0,0,0,0,0,0,0,0,0,0,0,0,0,0,0,0,0,0,0,0,0,0,0,0,0,0,0,0,0,0,0,0,0,0,0,0,0,0,0,0,0,0,0,0,0,0,0,0,0,0,0,0,0,0,0,0,0,0,0,0,0,0,0,0,0,0,0,0,0,0,0,0,0,0,0,0,0,0,0,0,0,0,0,0,0,0,0,0,0,0,0,0,0,0,0,0,0,0,0,0,0,0,0,0,0,0,0,0,0,0,0,0,0,0,0,0,0,0,0,0,0,0,0,0,0,0,0,0,0,0,0,0,0,0,0,0,0,0,0,0,0,0,0,0,0,0,0,0,0,0,0,0,0,0,0,0,0,0,0,0,0,0,0,0,0,0,0,0,0,0,0,0,0,0,0,0,0,0,0,0
1543,0,0,0,0,0,0,0,0,0,0,0,0,0,0,0,0,0,0,0,0,0,0,0,0,0,0,0,0,0,0,0,0,0,0,0,0,0,0,0,0,0,0,0,0,0,0,0,0,0,0,0,0,0,0,0,0,0,0,0,0,0,0,0,0,0,0,0,0,0,0,0,0,0,0,0,0,0,0,0,0,0,0,0,0,0,0,0,0,0,0,0,0,0,0,0,0,0,0,0,0,0,0,0,0,0,0,0,0,0,0,0,0,0,0,0,0,0,0,0,0,0,0,0,0,0,0,0,0,0,0,0,0,0,0,0,0,0,0,0,0,0,0,0,0,0,0,0,0,0,0,0,0,0,0,0,0,0,0,0,0,0,0,0,0,0,0,0,0,0,0,0,0,0,0,0,0,0,0,0,0,0,0,0,0,0,0,0,0,0,0,0,0,0,0,0,0,0,0,0,0
1544,53061.9579071103,104365.7464809653,40284.6759025544,114052.4243735353,67768.6463243661,37141.0055569555,76276.6399583891,17128.2285852551,94783.3098855469,59136.6419551998,75243.8140682976,95927.3537525680,43883.6244009919,37392.6420660593,14283.6410426675,80860.2234654643,71134.8013984624,42168.4465059586,81890.9165364758,17892.6094570339,58802.2475859824,67888.4223630401,36612.8282920818,77189.0835519048,18117.0791549693,74675.6609073117,58412.5063266678,53172.1316249176,50371.3410360068,25044.2540985723,2085.8331062851,97757.1863164878,39261.1280614200,81390.4659680377,61190.8337193154,24660.7482165800,86148.9795729339,46361.5807200153,31111.6448787784,67081.8352602409,75847.6217134610,90077.6317470510,55550.8489336619,23491.3856522003,30543.9111562130,89408.2723116300,62606.8834635382,81757.7270842957,70467.2154624644,70026.8607283642,75765.0820169169,64605.7126578171,46855.8041291760,29416.8568684005,28436.5145797416,48057.0084942933,68339.3640024003,57540.8944880648,54584.3485255457,67916.8349388452,69696.6633226041,14039.7054473958,59274.4540887383,45412.8921777356,37349.6016885799,13132.4824695862,56681.0022710181,23947.9310084524,25354.7328458450,63791.4460792007,18575.8450676234,91115.2861611992,51998.0534367510,29847.8170945989,62509.5054910994,33760.7454915913,97245.7380431700,71675.6796851326,41342.2110437687,48916.3489188104,67987.9008897657,37456.3959715331,57715.5701338223,65047.8779846417,40051.2569489642,81759.3686566385,67307.8295332975,16582.4585548482,24722.5131613178,16750.1742782499,8444.6047475158,21886.0507139821,30091.8880846266,78166.1371859046,49361.6759499315,90345.2206051111,86227.2901266885,16614.6654627409,73577.6128478965,67410.5727089410,49011.0010108892,44133.3964404863,96769.3494686271,23156.3365884135,73800.0136296579,41343.2524878875,11049.8418730283,44219.9734992507,51505.1180837017,25510.5555937778,75301.0462008798,45715.6947932307,87678.3427823468,29727.4622783920,82722.3533061576,79926.1970420698,63146.2513921553,34191.4970353328,61397.0775765359,63222.0889222678,40629.1638883453,39591.6236449362,59536.7629606488,63786.3769314735,83644.5440852873,54894.0249481347,61690.6404994430,74838.3842773009,56019.3681885891,29528.1761944231,51656.8353309494,75096.0338472676,66554.4452401789,61468.3335263239,68450.0809151094,60611.8750295084,45134.0243787688,44051.4041413718,77495.3217353914,53774.8711156361,75387.9135236182,21839.7426039599,21043.3428541209,16098.8657206668,37520.2043187447,60936.4002312469,69213.7075728578,76481.6652989297,49812.8833888724,75620.0005482658,69462.4397724066,7917.4158571283,70525.7856176515,24135.6340220534,22489.1436789845,18242.6516545486,73883.8463810297,63542.8274574544,11204.6413694365,35434.6418012611,48000.1995666716,61592.0960638789,65378.9515260321,35765.8193245905,112239.6276643295,28223.2106863731,54554.0147082469,56693.7444217172,51100.0303037164,31939.3705125239,73702.5297326376,52515.9801167179,6773.3724560576,21698.3751457997,59886.0071821189,22950.5257805382,62580.4407879886,58595.7020736532,50299.2506544060,35130.3365391767,64239.6195208149,14822.5636282705,20254.1488305243,65888.5957256885,71582.6910844915,32222.2644860146,42561.1498629551,76794.9913875402,69117.6569127445,48434.2584324968,70338.3179667812,1155.9093274311,40272.0180395180,28650.1880059961,39889.0752364842,39160.8199355472,46590.5071355089,6824.6622912072,10529.6576526004,17971.1858891131
1545,0,0,0,0,0,0,0,0,0,0,0,0,0,0,0,0,0,0,0,0,0,0,0,0,0,0,0,0,0,0,0,0,0,0,0,0,0,0,0,0,0,0,0,0,0,0,0,0,0,0,0,0,0,0,0,0,0,0,0,0,0,0,0,0,0,0,0,0,0,0,0,0,0,0,0,0,0,0,0,0,0,0,0,0,0,0,0,0,0,0,0,0,0,0,0,0,0,0,0,0,0,0,0,0,0,0,0,0,0,0,0,0,0,0,0,0,0,0,0,0,0,0,0,0,0,0,0,0,0,0,0,0,0,0,0,0,0,0,0,0,0,0,0,0,0,0,0,0,0,0,0,0,0,0,0,0,0,0,0,0,0,0,0,0,0,0,0,0,0,0,0,0,0,0,0,0,0,0,0,0,0,0,0,0,0,0,0,0,0,0,0,0,0,0,0,0,0,0,0,0
1546,63371.0997407142,75105.6768732746,50422.8945735551,102197.1797754794,41553.6671691474,68131.1306327267,58994.6678330881,16610.3118893786,95768.2175859079,29605.5381820574,63227.3064193889,64829.4264920766,37555.5929212630,24904.3407012690,41186.5206919786,54574.0192530948,70460.9028022126,18342.3444230789,51480.1260535765,47326.6362543941,37427.2078218312,36965.9183399325,9964.4261237619,56870.2491678461,23919.2009435656,81538.2648814559,40598.3253690698,54232.7847959343,19501.4690244502,55659.2071602094,31323.4034584366,67070.6132916650,47589.6583097618,75123.2102881565,53332.4892468212,38820.4468089932,69619.7532098833,22457.7260459736,24123.9804595212,40612.9437486230,53617.1739583368,87095.9987468908,28104.3562959944,11589.7863685712,11304.7346636576,60326.0232403782,67498.8084835975,83625.4197976117,39558.9879341083,53987.2470583985,46951.7797518191,47352.3289470494,29928.2203629335,57892.5094223387,31221.6883621934,17951.1002660924,46026.1438226727,34472.6599885242,42919.2444958026,38507.6243659344,64442.5274348233,30161.5832178714,28156.6611240978,60373.1171759232,39143.3118022224,18877.0499388352,30455.9428605719,51269.3403463948,56161.7911060317,72997.3795600305,37885.9034990043,60022.0459011721,47456.8066358393,16493.3185008580,61088.5898446249,16979.9103403546,67357.9826992368,75341.6325548416,19632.0856947957,55160.6185333618,38190.3891243583,67427.2530016646,27709.4807603260,52804.8829333923,29025.6355541289,80195.8094313129,44525.9249851659,47710.0395825751,17473.6784411102,32322.5909702661,38806.8023230891,44925.3841235194,61232.1570383270,60788.4686069049,26465.8339121330,59958.0034527330,72495.3547353691,46732.0199140558,48671.0674279598,48416.5576679306,20181.5223605846,26027.6184920998,68015.3064387441,16973.3137134883,65303.1324994310,14654.0492714336,24565.8120071277,55346.5020490648,23518.5047940051,22859.4946601596,71623.6513909515,48044.5781925744,87355.3021767389,35.5363178064,53240.2384780349,65243.3680390737,35247.3606904074,11409.7745436058,46502.7355207827,35128.8517250213,22338.6848201071,18939.3822627995,61653.6678493482,33113.1570387489,52699.0605938839,24331.2809434168,37109.5960748157,44760.0253781049,62772.4217112382,37558.9447353835,36735.1943454879,48065.2949012193,35410.2491575158,40444.9475952370,74814.8713673357,29696.5775920363,42869.0817995290,12990.3979311635,81847.7742728467,34253.1513876633,53027.7703056266,29646.2664419065,17681.0510948866,37982.4334316970,32056.2427853685,35314.1850743383,48639.4219998950,45716.5349923515,28635.5575990273,76343.4425890350,41164.7119238274,36298.7026034345,46001.8836166837,53810.9810300347,53629.2477627186,42155.5941230488,59498.4967188724,39883.2537279465,24188.3604794628,1567.3036359696,21840.7790985306,42366.6146699085,66698.8399598114,23044.1926473481,101933.2297106016,12462.9260699913,29552.4023105503,53231.9272098194,42805.4633117700,62756.7708102044,55336.5646270253,21410.7996674296,32807.4030251266,40575.0125282731,49130.7735021299,52253.2248002839,33218.7884789159,67808.7620791586,49082.4472468446,19621.7486827202,60170.1217402642,16419.6255554922,50908.9923668840,56246.2868171137,50780.0002545607,62180.2822752529,13024.3803668027,69793.9906705979,66231.7167641964,60548.5513781031,58065.5323481112,31165.7978617905,37983.2046049624,10866.0096078982,70468.6623542567,44095.3477227375,18492.6482246304,37089.3510879807,23175.6282260309,13862.3285501313
1547,0,0,0,0,0,0,0,0,0,0,0,0,0,0,0,0,0,0,0,0,0,0,0,0,0,0,0,0,0,0,0,0,0,0,0,0,0,0,0,0,0,0,0,0,0,0,0,0,0,0,0,0,0,0,0,0,0,0,0,0,0,0,0,0,0,0,0,0,0,0,0,0,0,0,0,0,0,0,0,0,0,0,0,0,0,0,0,0,0,0,0,0,0,0,0,0,0,0,0,0,0,0,0,0,0,0,0,0,0,0,0,0,0,0,0,0,0,0,0,0,0,0,0,0,0,0,0,0,0,0,0,0,0,0,0,0,0,0,0,0,0,0,0,0,0,0,0,0,0,0,0,0,0,0,0,0,0,0,0,0,0,0,0,0,0,0,0,0,0,0,0,0,0,0,0,0,0,0,0,0,0,0,0,0,0,0,0,0,0,0,0,0,0,0,0,0,0,0,0,0
1548,0,0,0,0,0,0,0,0,0,0,0,0,0,0,0,0,0,0,0,0,0,0,0,0,0,0,0,0,0,0,0,0,0,0,0,0,0,0,0,0,0,0,0,0,0,0,0,0,0,0,0,0,0,0,0,0,0,0,0,0,0,0,0,0,0,0,0,0,0,0,0,0,0,0,0,0,0,0,0,0,0,0,0,0,0,0,0,0,0,0,0,0,0,0,0,0,0,0,0,0,0,0,0,0,0,0,0,0,0,0,0,0,0,0,0,0,0,0,0,0,0,0,0,0,0,0,0,0,0,0,0,0,0,0,0,0,0,0,0,0,0,0,0,0,0,0,0,0,0,0,0,0,0,0,0,0,0,0,0,0,0,0,0,0,0,0,0,0,0,0,0,0,0,0,0,0,0,0,0,0,0,0,0,0,0,0,0,0,0,0,0,0,0,0,0,0,0,0,0,0
1549,58867.7825269191,91234.8546126190,38504.6782347969,111652.9899434154,58445.7871959966,50172.9769513645,65213.7955920509,17148.5914875127,97575.5214210670,46029.3783281057,72237.9671760225,83591.5482771039,41995.2319846604,26133.9720130339,22453.9179173783,67960.2161947985,72813.9150696358,33083.6024362913,68849.4571454393,30747.0037206874,46511.0584131968,55837.1379400127,23683.5167317783,70655.7770344711,10285.2267359437,79573.5684956348,52500.8342756056,55004.5599546926,38376.2985271969,36852.1396686878,14133.9101702635,84768.1331702370,43558.3815165151,80940.5674195593,59547.3126018477,23937.4900807200,81406.1940503302,33457.3611149488,27425.5430907330,54102.3319359805,63613.0893088925,91154.5500097707,45475.1741455297,19859.0574258706,20128.4850860325,76278.1970103204,66404.1172582016,84717.6205263963,57616.4126465962,65194.9663332579,62636.4929141561,53344.8222393801,40765.8779271041,42095.9013142850,21713.0222260387,35063.1454702390,60778.9903238867,49408.8719287824,51075.6211701798,56967.7878706270,69411.5412253329,11430.0611400536,46664.7499723625,52959.3378730750,38509.6716360618,0.0000000000,43666.7964387195,32654.9411941662,38471.9574147050,69430.8491587082,23135.2077426162,78394.3449547964,51372.6030419336,17521.3302776406,63632.7191738694,26391.8529271457,84127.8470835514,75185.2110059198,29553.9870633983,52806.1439911652,54885.5196122010,50547.3033785483,46358.4841487996,61685.2509875089,35833.4340721890,83290.0113089257,54877.4963328411,29536.5858637588,19158.5697720788,15825.1411992090,20425.6091551018,27162.5892806161,42790.6099560793,72928.2169120295,41017.6485693486,77290.0022552622,82692.8112398079,27883.3676336046,60841.2630067197,61260.1611437400,38182.8524081742,32042.9094894248,83653.8265369208,12384.6941855946,72249.8918205037,28212.7791708707,17635.1562163310,50041.4117497638,38374.6589104186,15633.2502574884,75815.2521726804,47725.3805910131,89826.5149860167,17188.1544043962,69592.6736793109,75878.0872937510,52961.9916094465,21095.6618017899,56805.6783895065,50105.8828434158,33527.3069707670,26878.0054102940,62063.4701044965,50850.9092938628,70791.1893101107,41959.2962766916,48908.4691233912,61754.5981846707,60403.7288419502,25715.7677611338,46655.5853214459,62088.1004854122,54015.7381692395,54306.9314177299,73013.0848293052,48571.5599921814,45094.1757441093,31449.4350387168,81408.3029141408,46983.8203496677,67924.7648360050,16589.3759704685,11031.2084407900,20098.9121182531,35430.0021311521,51779.4142754905,57251.4011382969,63549.0880347021,37361.9154485134,77985.7205298916,56346.3710495777,17425.7101705539,62019.0420828707,37120.5568734700,35220.9975643508,24970.5991708733,69842.6416156350,55300.6037702096,8865.9069731568,23238.1050019209,38289.9083735148,49798.8219594925,67747.0092989458,30340.9031732039,110490.2027222756,19949.3104759969,45523.8608457338,56740.0252366497,48833.7314212830,45045.3297625323,67955.7840218526,39911.5158417244,19631.8687870475,23893.5617341963,56976.1000785729,33389.9030677373,51628.4609096431,64103.8086702198,51014.6975918733,22972.2523153060,64297.4975976067,7756.2039619563,33386.5846292725,63646.3154387503,64741.4885898763,45300.2421267937,29537.9385124921,75943.0465546141,69815.0474611560,54857.0779895774,67109.0670770956,12579.8004781499,39854.2165823067,15517.7180710051,53018.4433513585,41904.4917655630,33459.3608073091,20166.1314963547,4.3419906024,382.1315282065
1550,0,0,0,0,0,0,0,0,0,0,0,0,0,0,0,0,0,0,0,0,0,0,0,0,0,0,0,0,0,0,0,0,0,0,0,0,0,0,0,0,0,0,0,0,0,0,0,0,0,0,0,0,0,0,0,0,0,0,0,0,0,0,0,0,0,0,0,0,0,0,0,0,0,0,0,0,0,0,0,0,0,0,0,0,0,0,0,0,0,0,0,0,0,0,0,0,0,0,0,0,0,0,0,0,0,0,0,0,0,0,0,0,0,0,0,0,0,0,0,0,0,0,0,0,0,0,0,0,0,0,0,0,0,0,0,0,0,0,0,0,0,0,0,0,0,0,0,0,0,0,0,0,0,0,0,0,0,0,0,0,0,0,0,0,0,0,0,0,0,0,0,0,0,0,0,0,0,0,0,0,0,0,0,0,0,0,0,0,0,0,0,0,0,0,0,0,0,0,0,0
1551,59348.2950870634,91165.0551323289,37979.4033289644,112168.6124708614,58805.2372860489,50181.9342372746,64857.0355277486,18195.7460561970,98099.8684224821,46007.0913484342,72751.3819020819,83728.7554054988,42523.4492342359,25764.3126110238,22193.2197180646,67793.0662088225,73342.5763928869,33475.4100138900,68857.1047733745,30895.2728931924,46247.1833552969,56014.1067276651,23743.2148863081,71106.5533366062,9755.2129984006,80074.2973668082,52973.6359141846,55530.6130233322,38569.7556763197,36724.6085425448,14296.8891300507,84791.5444322231,44055.6502067745,81470.5417830206,60073.8610719784,23436.9322401876,81893.0523837464,33284.8582662946,27948.6040414300,53953.6942501387,63348.0858299978,91685.5167107305,45805.5017293751,19888.2390191782,20481.0616913070,76206.5447895814,66916.1126279250,85239.8638952300,57678.1038338329,65684.1112800821,62562.0497364486,52996.4856641888,41242.1598426985,42274.6864013459,21190.0282888270,35095.0037349514,61204.2023044643,49821.3913595448,51588.3896084993,57237.2342590923,69942.3174473798,11158.0269326024,46774.2845065451,53398.7670894787,39035.6747689292,1058.2822533427,43527.5096750792,32373.5878077632,38517.4567632602,69917.7739009864,23414.3834837316,78477.0957760730,51903.5353142055,17234.7547470206,64162.7002916312,26854.4047540452,84093.7856414849,75701.6746886007,29778.5527687311,53313.3220429273,54865.4548241224,50648.5026689071,46604.0122334195,62196.7336892842,36345.0004567216,83819.7360450181,54632.7076419329,29538.5794685482,19672.3722814321,15352.7052348105,20412.8472112736,26782.6362302566,42742.3301411174,73407.6764492684,41429.3594851964,77291.4979781215,83198.1843990589,27739.0458388537,60641.6037091199,61723.6741270593,38474.2850693779,31749.1758631140,83564.1830678972,12752.5962853841,72775.5598961073,28143.9945542440,18325.6297140966,50517.3819231094,38305.0115558826,15166.0450362756,76346.5475514394,48248.8022811699,90354.0958085316,17343.4684907060,69544.0389308811,76377.4027628689,53281.0747472562,20989.6854992296,57301.5900722775,50016.6747580924,33986.2765187356,26662.5670131929,62586.2033977029,50894.2532031636,70849.7854022784,42005.6289122875,48714.6336835228,61744.5892217840,60907.1275312139,25185.4805355538,47149.1072274033,61948.6700361188,54133.1994100511,54747.3320169013,73517.1716133105,48753.1811526838,45625.3228776432,31570.1809477613,81921.5191748080,47438.7827766250,68350.1185530162,16058.7687268307,10230.2337438216,19718.2109578779,35958.8776946401,52150.1108840248,56958.2041626628,63590.4925523585,37113.1967060434,78511.3648457581,56257.0762962192,17263.2083158258,62410.8228619133,37249.7884121286,35183.1491347599,25085.5626039585,70343.3218829775,55705.5865775576,7929.1892111977,23428.4272056115,38646.1523625327,49488.3178735501,68271.6170492412,30839.8604930376,111011.7061033087,20400.2588065947,45904.5587204211,57271.3367376008,49358.3194902381,45082.6831865225,68426.0979899921,40025.4231906305,19996.7221362767,23447.1985578114,57493.5213789152,33185.1209015258,51900.6349515762,64591.4248393810,51544.8701119170,22675.4341813619,64828.7762789995,8798.7675465501,33454.3846295716,64168.2796928780,65186.1423544405,45406.0906535943,29562.4199990717,76471.8901372128,70346.1312825931,55323.7043676115,67620.9139734549,12549.9184404202,40385.4683470737,15465.1697566507,53073.6451231894,42419.6246377757,33409.8867652353,20319.6055669240,698.9307416327,124.9285474913
1552,52337.3199583488,90673.7606523996,47327.8096029031,102796.2253162466,51292.8241031968,52940.5895115926,69840.0285624807,4003.6551409015,89518.9593275409,45123.0416141506,63382.2620401353,79686.8891517308,33244.8171990177,31552.1897951189,29316.0930460491,69208.7453896855,64554.8453764607,25666.7853128322,67145.9364953386,31758.3280675234,49678.1981927840,51505.5905465046,22277.2967823934,62289.7164903494,18906.9202693265,72374.5857643582,43922.4099966754,46926.1303616349,34061.6487005198,41799.1651051638,16320.3809276627,82693.9229505075,36643.5249768842,72236.1249388477,50755.6213071340,32767.1658956787,72687.0573689686,35384.4606064448,18599.3210246835,55185.5669122952,66600.6243581515,82686.3225641792,38846.0756891620,12668.7768523346,13821.6499590015,75837.8005491398,58873.3352260328,76764.8005752600,55137.3703295670,56462.6755524175,62362.0664129057,57912.9317953594,32169.6784398814,42225.2552292162,30013.9644425239,33539.7203200538,52730.4488749145,41561.1791418535,42220.9236377523,51167.4899120681,60759.7574426485,18839.2377284505,43560.3765494805,47554.2586224010,30500.1956949298,9298.6015214375,44768.6327032577,39551.9530083298,40893.5632463788,62668.2784604423,22221.0532834277,75391.3513693882,42747.0773077277,22085.1963005555,55288.2854016589,18021.1787937153,83007.3761750507,67473.3617072573,24996.3576798740,45495.0086431391,53795.3932755252,51838.5309895123,41047.8628730588,52832.7073313739,26981.5591588197,74947.5090463555,57600.2134020826,32881.7494905568,14736.8485516035,24543.5245400323,24431.2261431670,35123.5043088015,46528.7724301489,64273.0113648584,33227.5887960386,75623.0835947060,73859.0656719009,33256.1393248912,62716.8130055824,52766.9795832676,32268.2132347886,36024.3627189328,83468.5024605665,13408.9091078713,63443.6534190779,28650.2171367396,16897.4149584624,43703.7341050315,38439.9080928109,22985.2110847766,67280.7826744304,39802.8401486295,81616.1601177592,14844.5429614479,68818.7748042010,67074.8763134323,46436.2511587541,22605.0952467716,48027.0822230379,50245.6856889481,25152.5611463634,29767.5061643220,54127.4890725565,48768.0308578625,68234.2309516406,39998.5656850089,50837.5287493985,60412.7109542842,53181.8158232054,34459.8559186037,37898.0916385709,62918.8170635893,50669.0151810998,46086.6887261481,65726.4219389416,44257.7032563666,36639.2689445783,28572.7500851554,73801.2760550762,38608.4970953493,59859.9929621823,25335.5071293253,16010.7016615461,28143.4129498007,26705.5582791932,44501.3393369805,60795.9896142777,61338.3305980938,40448.6873515498,69887.4550121606,56395.9943216587,23434.4285214013,54402.4083809287,38229.7004165538,38966.6913439885,26816.9349696668,61032.4634207133,47530.0358315065,14507.4699344342,19628.0198077842,31347.5872476031,53732.0513080012,59713.5899024671,21555.8116546758,101647.2671825669,11862.5438034708,38143.0933674316,48203.5140921897,40017.3150563297,47455.3454880252,59388.0953005030,36877.6540271676,17232.3367365123,32419.2804591253,48120.7084330586,39383.6864703547,45834.3678142086,57344.0438809257,42673.5349670417,27348.1242288330,55723.0265698061,6458.8101011537,35604.9974683247,54806.7779885541,56451.7967996415,46605.3347111148,28363.5091236666,67198.4364034290,61340.9371871964,48734.7737975371,58255.7281880520,17539.1512361057,31382.8656657665,16837.0579353826,55021.6678959118,34371.9876974629,33348.0821647086,21748.9068586813,7980.8280311845,11702.1097892384
1553,0,0,0,0,0,0,0,0,0,0,0,0,0,0,0,0,0,0,0,0,0,0,0,0,0,0,0,0,0,0,0,0,0,0,0,0,0,0,0,0,0,0,0,0,0,0,0,0,0,0,0,0,0,0,0,0,0,0,0,0,0,0,0,0,0,0,0,0,0,0,0,0,0,0,0,0,0,0,0,0,0,0,0,0,0,0,0,0,0,0,0,0,0,0,0,0,0,0,0,0,0,0,0,0,0,0,0,0,0,0,0,0,0,0,0,0,0,0,0,0,0,0,0,0,0,0,0,0,0,0,0,0,0,0,0,0,0,0,0,0,0,0,0,0,0,0,0,0,0,0,0,0,0,0,0,0,0,0,0,0,0,0,0,0,0,0,0,0,0,0,0,0,0,0,0,0,0,0,0,0,0,0,0,0,0,0,0,0,0,0,0,0,0,0,0,0,0,0,0,0
1554,51801.1830247921,138505.3679441888,60374.2445535602,126106.9241507810,95991.9878759402,7000.4415456239,107442.0423210944,48628.4329926388,95365.3525590951,93221.1943706384,91357.0216920011,128596.0471599406,62555.4921052123,69923.5992014027,32449.0599404460,114708.5301005685,77230.6063656062,71683.0332754509,115843.4207891766,17416.1429270011,91962.1772247868,100351.4052436763,70532.1360999146,100048.6867470681,50316.3648234092,71729.5630307544,81694.6265755892,62170.4607446818,83052.3873608566,18878.0412505057,33405.9809574667,131595.5895824122,46755.5614375469,91300.3310824243,76196.8552720468,48372.9116689976,104938.7214247914,80304.2826646063,55779.5417005792,101057.6273459790,108767.6111700550,95486.3799031397,85491.8821469141,57628.0288878110,62462.4392788010,123547.9412319815,64729.9986167729,83216.9292074739,104128.7733780948,90246.6614469498,109904.4147606985,96304.1796037491,71780.7529002930,12046.9132303737,57641.5766456982,81999.0181291692,93602.9408754473,84485.7504147300,74156.8794780572,98699.2372996353,80594.7240709053,39117.0935255799,92643.2976619830,41243.3500870989,52322.0322535852,47270.8406100425,90711.8456338775,30491.9823366835,14380.2994374546,60514.5694040166,27691.4810566784,124485.8287032557,66537.3192503641,63492.8325549466,71285.5928730741,62273.7475290695,131339.1040489810,73014.1609809015,74012.0270945668,54066.2693867129,102059.2742894442,451.6598587875,89373.3774821863,82965.0235882878,63320.3743786364,86881.9628494062,100569.7060875407,18439.7004512277,53272.7471569140,44605.3653596140,27341.5011978865,38009.8710720288,11138.5359851695,98499.2065317070,77273.3295206515,124315.2417596459,102509.7944323118,24472.8502691901,107219.4965592616,90279.9187029441,80263.0379716915,77280.0293193545,130897.2514021159,55985.0977390236,86984.3419417502,75482.8859718386,40073.5165838231,45772.8632956346,85644.7743153507,57754.2201738275,83643.4247308298,56244.6001860169,90611.7271535974,63395.6615902928,116846.6763172417,97760.4594225835,92915.4379608506,68316.1378822381,82044.3323388984,97353.3127853466,67811.5895941547,73397.3095257206,65514.2272941325,97599.7893270976,117268.1174547147,88735.4731332981,95438.3454570173,108872.4432385705,57991.1872963680,55339.0930960889,74221.6583201481,109097.4910855306,99762.3946506853,86557.7086524322,67424.2013677671,93166.1178364067,60077.4285552752,77559.6212463532,76921.1341631889,78964.0894402715,100051.1067981815,51323.3535294875,54680.7376526585,38922.0539348531,58116.1791431912,89241.6511742308,101814.2150410885,110256.9631313442,83258.7404225193,79383.4220457233,103592.9355046206,32536.9984685811,97268.1978349315,17265.8661034992,14750.3781627782,22459.2572538501,92220.6190175135,90250.2363329028,44482.8420583715,68683.1120931032,77865.2779834272,94072.7955979146,70671.2835405663,61575.1246751468,122876.0826701473,58530.5282367741,83053.3435241116,68920.5879586622,68978.4186921908,4407.3626120908,95338.8394367114,85937.3540940751,33260.0784785862,43000.0840742495,77584.9667471918,25113.3968386379,93517.9375868119,56809.9437986832,62435.3698466919,68529.5608552297,75154.7038802274,48223.2157125083,13889.9214064367,81471.5922419344,95372.5900282846,1021.0695786799,76554.9502199656,88106.9694225357,77848.5045930995,46736.2789791221,87403.0600998239,35056.5502744323,57250.1575407268,62787.4237199219,2652.3809515573,50245.5893549528,80722.0227043268,27498.8204376294,42256.3962409004,52034.1378730214
1555,0,0,0,0,0,0,0,0,0,0,0,0,0,0,0,0,0,0,0,0,0,0,0,0,0,0,0,0,0,0,0,0,0,0,0,0,0,0,0,0,0,0,0,0,0,0,0,0,0,0,0,0,0,0,0,0,0,0,0,0,0,0,0,0,0,0,0,0,0,0,0,0,0,0,0,0,0,0,0,0,0,0,0,0,0,0,0,0,0,0,0,0,0,0,0,0,0,0,0,0,0,0,0,0,0,0,0,0,0,0,0,0,0,0,0,0,0,0,0,0,0,0,0,0,0,0,0,0,0,0,0,0,0,0,0,0,0,0,0,0,0,0,0,0,0,0,0,0,0,0,0,0,0,0,0,0,0,0,0,0,0,0,0,0,0,0,0,0,0,0,0,0,0,0,0,0,0,0,0,0,0,0,0,0,0,0,0,0,0,0,0,0,0,0,0,0,0,0,0,0
1556,51926.3652856202,85131.5913732497,55005.9289868817,95201.9154571858,41608.0542327930,61484.2236341862,70184.8922186184,14082.7228462716,85439.9584007923,40063.1360478660,55787.3491633649,71463.7816984304,27497.2456213138,34245.5094827811,38999.7699945131,65730.1375287790,60157.5286654738,15977.9279985226,60815.3470697830,39777.3170531842,48805.0053743305,43220.0305806881,18578.8215151364,53044.0596499050,26549.8878293582,70355.5443457690,35028.7565158552,43377.6882057878,26185.2649330109,51250.9643423978,25514.0716951329,75872.5713781190,36137.5555467868,66121.6096660065,44311.0251846328,41256.2964830444,64102.8615521580,33862.6417627141,13169.7229026178,51844.8872519580,65069.4377310692,77457.6437749977,29314.1975414918,15863.5091176235,2865.2071135851,70563.4789336950,56388.2416231437,73053.4850153505,48310.7665080069,47958.0358963960,57461.6763976687,58435.6293454420,23366.1125456727,49395.3686189759,36586.7796309447,28440.0178372173,43214.3871531442,31941.1423028307,34751.5569374388,41942.4283227179,55001.4302845306,28401.3714383630,36447.4094863425,49040.6775212734,27858.1822049764,17616.8391911042,41814.4860239165,49242.5887431857,49421.3452182418,61616.9928950373,29595.4738629331,67870.4565518322,37409.8223997952,24869.2522186595,50764.6612168651,8874.1099373148,77020.0021449169,64443.6478933578,17394.8366603460,43819.9843886395,48287.9189950485,59576.7403733914,32214.7296538167,45195.4484286536,19753.2596313252,70186.1843034495,55977.9549297859,41931.2128495411,4826.2096377658,33388.5910002699,33828.5031639494,44593.8256716170,55559.7779226333,55518.1038377277,23578.8802597315,69221.1347768849,65858.1634329579,42843.0786740263,60035.2568553108,43700.1758045431,23180.5377025637,36751.4139902388,78350.3916404638,11404.1676075897,56754.2865873856,26106.5379264733,17878.7457275856,43901.0655946029,34701.3651156465,28631.6136206616,61940.6471562090,36912.2158493241,77186.1294467705,12075.3311674696,63323.5550189257,58865.8120550223,36910.1916920631,22097.9476069820,39755.9296847679,46070.5813117225,15954.5173840032,29789.2844162073,50786.8455573993,42446.5353038447,61146.9552857483,34096.0225786232,48542.3526061622,54522.7976497319,51466.9637731796,41932.1922373567,29592.8476841842,59125.4511055707,43178.4547755911,36693.3141375298,63630.9386873068,36102.9906741297,32213.2724670344,22432.1129512164,70923.5204986866,29384.2713184683,50356.9106124096,33013.2709021656,21894.4320412483,37560.3135524765,21465.8713675150,34809.3832763389,60030.9419013175,54641.8487392747,39894.6888200919,65876.9935046648,51952.5479793717,33124.8162663767,44730.4097128034,46117.4613202619,48075.3510783212,35418.3080520283,52886.7745324824,37889.6601851290,23570.8874063497,13817.1701116476,21745.0428362673,53610.8059740777,56016.3396114562,13758.7400633399,94416.6135245748,933.0276497938,28448.4780330194,43127.6291363712,33532.4287678876,55881.9982999455,50446.0195005882,30068.4546314156,24106.9666941071,41509.4851774790,40879.9800230205,49037.7103789610,36650.0142243498,56406.8195400243,38447.0341730150,29251.2953466737,50363.9788887758,12704.2192763606,44134.9106499643,47841.9128201979,47124.6565083296,54434.9459778644,24083.4240300480,60902.9443027665,56288.8986846354,49105.7103706559,50604.5506979657,27196.9636473799,27138.3285511977,17498.3062548869,63139.0322161972,32703.6821034247,29765.5830716994,30449.3001191384,19758.9292955354,14356.2828123559
1557,56077.3792868397,143244.4698182513,62387.4398487639,130920.9662016518,101512.8941975636,1290.9662481931,110948.9938308274,53893.1201594166,99223.1449769047,98090.0123866425,96569.1354569056,133890.0228631645,67999.2693203398,73972.0515704987,35812.6377008873,119115.5898337064,81815.6463406358,77146.7679719993,120811.5485158176,22769.4942045456,96102.1792977464,105653.6987556744,75500.9834390663,105523.4817889270,54491.2266958234,75429.5692486509,87200.7744386975,67146.6557306602,88308.5368525649,20765.3522458137,38397.6338740785,136622.4361242884,51867.8914656039,96094.6535136124,81419.4443313935,51329.1575697049,110249.4598542065,84820.1626237649,61308.3498229341,105566.5111779214,112780.1071121977,99855.9567110551,90958.2418325519,62423.6271540894,67758.6027224851,128283.9428753474,69099.3275878029,87284.9753777814,109211.2271029801,95652.7281934283,114635.8494107518,99993.7862299772,77312.0040376360,15806.9884740063,61165.0895647905,86963.6598348571,99128.1552889401,90015.5970086916,79584.4062441330,104138.4276922410,85533.9437347115,43377.2598768135,97793.9670289587,45524.3417710766,57712.1001157924,52069.4326900259,95277.7693462537,32388.1110592814,13598.8365845405,64368.3414107153,33125.0229336593,129654.3288652162,71796.9281824556,67915.3846675850,76147.5925577599,67751.4860316746,136196.4320267805,77186.7086062859,79255.5915018970,58880.8294200182,106941.3113795818,5020.8699028813,94743.8728641175,88298.4734693103,68847.2460991891,91289.9464273667,104724.8326195119,22749.0444861067,58719.5423517352,48276.7165198653,31852.1825968802,40532.1369063392,12314.7324386451,103891.8885531041,82787.9380882304,129274.3951296335,107692.7751779833,27747.2920547717,111523.9734022251,95766.8522932557,85651.6381797671,81467.1138176519,135568.8673387075,61160.7869026280,92039.9481011262,80244.0291114269,45263.9248912249,50474.4794709895,90399.1795634366,61839.8433559018,88363.9344726068,61388.5839092233,94768.5358562546,68440.3849952999,121655.5991790429,103042.2853035621,98395.5964828736,73020.9808805457,87484.3296968022,102049.2821203278,73328.5498237072,77852.9107385203,70221.0153702796,102627.0709587908,122367.6434864270,93747.6850991756,99815.2151949180,113786.6800395615,62459.3935904955,58374.2698988784,79725.1439596266,113618.9612220924,104951.5522494796,92084.3293770451,71418.0528154468,98450.4550786141,65403.0684802369,82664.0276286583,80833.1191813646,84494.3299087921,105565.1166026861,55024.3255693353,59149.3069895777,42259.3028658256,63619.8862129773,94757.8617784814,105740.2577568701,115303.5001157882,87530.3266074330,83729.3616434805,108283.3417733461,36652.3826115931,102800.2370213946,16597.0223010603,18081.2578232458,27520.3207385415,97542.8828465507,95782.0220926215,48956.8703055539,73828.5492920341,83325.0848218337,97987.9999878138,75255.9433110096,67101.3135627600,127583.6256943435,63923.6773926643,88561.4042400386,74036.1764304907,74367.2440450489,7651.0468269972,100783.9656810784,91070.5413769202,38696.8501499703,45882.5464633603,82929.5503211636,27166.0575173558,98943.4041876224,60914.0732373520,67602.9766494125,72840.0925955456,80135.8192230697,53280.7072948239,18778.9239298975,86697.4168754918,100874.2151984603,7138.4275810860,81489.8854261335,93027.1292216640,82647.1675378344,51101.9256200143,92680.1337747619,39680.2522486619,62670.6074815290,67576.8310523807,464.3357565541,55496.3061202469,85521.5892857752,32590.9765213736,47106.8115263801,56915.1371700369
1558,53161.8923094964,84043.3238901289,54393.1454736511,95934.7269847009,41473.8392291139,62113.8762927424,68968.7511367811,14995.8899320088,86551.3731052035,38916.5206910175,56544.4818977951,70707.3582387386,28544.6480801913,33162.0584309144,39056.6595794884,64526.5379029023,61260.5272843568,15880.1459870654,59785.6607748367,40484.6918219335,47573.3331103842,42459.6956116241,17348.0079760258,53374.8389492599,26015.5899679969,71563.3440837446,35516.0265685144,44542.6728885508,25317.0923751114,51599.8949437531,25938.8854036519,74902.9532217527,37373.3093658488,67072.2442314091,45247.1161678168,40823.6708794969,64644.5988463490,32628.7735774089,14322.6817538060,50632.5697130087,63833.7393485135,78487.4821448175,28991.9970061171,14955.1032042725,1425.9276820297,69450.7497113942,57586.6647734638,74191.1188249042,47325.2312131493,48535.6812872779,56318.8248419604,57227.3889231603,23918.5638028880,50238.7419968523,35851.2898632749,27279.0024047162,43404.7596827474,32051.0610471144,35563.6257676778,41455.2725522414,55998.1948726338,28351.1110494464,35483.0719014942,50256.9632912915,29074.0111734760,17374.4610901658,40589.1885618264,49313.7763642065,50046.0536915717,62846.3757481294,30373.2485488816,66990.2363388822,38468.4577481532,23829.2673558206,51866.7307183942,9440.6476908789,75965.7569505782,65618.0775934036,16444.8685222766,45044.3924907732,47178.9546646445,60350.1571610144,31580.4682770634,45958.5747794280,20664.6345019594,71257.3488691629,54742.2243127170,42422.4523122741,7173.2344688743,33061.8269022032,34193.8461929368,44464.3272909689,56065.4683218983,56019.7692651750,23665.3639783439,68202.9715197425,66531.3382220020,43110.3274068361,58810.2775308629,44112.7727542113,22619.5643458477,35565.3618104367,77229.8920470141,9915.2115732846,57644.8161844767,24870.9251282758,18353.6962856677,45134.7958788608,33490.4948016245,27821.7338809185,62970.1685934740,38110.2992186447,78277.6713026200,18928.4137305968,62223.4170685865,59501.2390434870,36585.1296324872,20899.4892317488,40402.2502642363,44884.1488585379,16401.8428248783,28589.8144827535,51955.2174584655,41400.8509363483,60202.8730413393,33001.1448971815,47309.7085752561,53448.7343878872,52687.7226881012,41309.2035839497,30256.2205957987,57930.5542310529,42275.8936903243,36969.0851349823,64838.4810350232,35307.2570403887,33347.1902281853,21329.4458020029,72101.7655509984,29758.8404886452,50550.6042420262,32451.3511959759,21163.9992965704,37414.1490576480,22578.4476866142,34706.3950748198,58798.5570060819,53646.6009578688,38670.7147382981,67000.8861097113,50781.9492829516,33269.1546065116,44752.2230845775,46854.9961755183,48553.6164069231,36010.3120016336,53541.8223091507,37967.5327951916,23346.1623763518,12646.5495268487,21486.6151931640,52389.2590205827,57163.6652653379,14629.9440631198,95208.3104308777,1455.5452318712,28371.5949047946,44198.2413212885,34485.1559041194,56532.4792018240,50894.5419582858,29054.8889886998,24921.5415660628,41233.6128371367,41715.0614744717,49243.4186782708,36142.7860936757,57638.3758380746,39582.1982461089,28135.8971493673,51402.3216257209,12642.9921405643,44753.9727102726,48706.0261448860,47422.7070524655,55190.1424964910,22876.4527998648,61837.4197252046,57347.0601977894,50338.9755752877,51357.7807362357,27400.0760660092,28293.9818213022,16379.5171771675,63852.4336155989,33933.4709498043,28545.9587656009,31010.1437879080,19816.1187938914,13833.3879171128
1559,56069.6972458158,141808.6034201792,60902.2730142480,130670.4623039707,100487.0484897429,78.7494766199,109411.6713857284,52631.4864592137,99395.9191824415,96684.8214381510,96064.1793729503,132630.7765554885,67271.8990059475,72457.3137840218,34275.9592856627,117630.5665787784,81677.3018724761,76023.4288457951,119429.4226867456,21589.6387156817,94592.4337984657,104401.2596445371,74124.4825910856,104749.1424177313,52989.5585881408,75654.2218840300,86366.9460061390,66797.3399093725,87034.2326352972,19259.4443692189,37042.5022051780,135256.1306368289,51430.0228333760,95852.1358626840,80905.8284479696,49794.2852510817,109663.4085850571,83351.9973841552,60320.9809767769,104095.3894137944,111260.5541006522,99820.0838814051,89836.0045565466,61008.2647942523,66508.8657687251,126848.2669765277,69056.8791399423,87373.5343463049,107864.6066006458,94970.9310369258,113200.2008354135,98460.2767947828,76381.3931379792,20878.9626615223,59629.0876427054,85584.0788077898,98235.1596084979,89030.8767399072,78877.4098001946,102985.1877566775,85209.0241599067,41887.3801188269,96472.9377162766,45507.8741084773,57048.6118169991,50658.1307222472,93815.7564675034,30897.2689452531,12207.1595875501,64532.0285488585,31989.1017224992,128337.4063976263,71253.5891876100,66437.3117514529,75865.5059159473,66647.5477292841,134785.6362584663,77230.2827676032,77976.7386088822,58620.8810885247,105538.3578224495,4423.2375611969,93535.0415038563,87691.4009570589,67949.1867679376,91235.5610738528,103215.7775328194,21284.1442562313,57581.8837072269,46745.8123052157,30401.9463022485,39009.4047603362,10823.9207192936,103225.0035203278,81746.3663486097,127889.2566970169,107210.0772957766,26210.6295503546,110028.1008817364,94971.9542807558,84457.2107336930,79962.4386793191,134121.0964346670,59856.6934162733,91644.1130830861,78817.8751190995,43972.7741674665,50269.7518865354,88970.2776516714,60329.3680870665,88159.2686750899,60930.7684076975,94822.6491232536,67087.7208695016,120235.0228296604,102481.3953929763,97290.3187580034,71585.2214203652,86761.2124647115,100608.0995715736,72294.5034635674,76377.4851665950,70020.1031746053,101263.5550505409,121025.7236691785,92380.6854704619,98327.9241135662,112391.0019784970,62370.5566303849,56838.3785304850,78897.9373723922,112149.0233605657,103645.0680637462,91185.2141074874,71531.2760619767,97189.0975088433,64802.8736528181,81328.2285373506,80980.9417821758,83573.2262149611,104710.1836242287,53493.6174612904,57679.0896903658,40721.7556868609,62793.6785995309,93719.0396834810,104216.0463644341,113944.7269974639,86032.8915430470,83701.0004503240,106840.6206602475,35151.8309155836,101845.9194447756,15538.0989325467,16551.6708660953,26199.6990930454,96946.2544636923,94818.2878424022,47490.5626442230,72509.3389939154,82196.1969162509,96463.5491051675,75116.4277348744,66099.4198757893,127389.4561569390,62737.1394576634,87504.0774203181,73599.2146376914,73704.8370955624,4718.0928559761,100053.6630389042,89743.8016830799,37558.9950399325,44348.7401585260,82311.8968314282,25659.5642411673,97777.7131096934,60979.4205433035,67129.2178971526,71348.3062141298,79785.3533796337,51936.9347283895,17432.1495888231,86181.5285507272,100049.9021374541,6588.9916420402,80103.2332243650,92714.0980822189,82400.6294966053,51053.2730609547,92123.0588538826,38241.7809493740,61972.7699176924,66158.8756703550,25.1439721348,54959.0269546289,84102.5546546409,31273.4175221779,45709.3299299468,55520.8008279684
1560,0,0,0,0,0,0,0,0,0,0,0,0,0,0,0,0,0,0,0,0,0,0,0,0,0,0,0,0,0,0,0,0,0,0,0,0,0,0,0,0,0,0,0,0,0,0,0,0,0,0,0,0,0,0,0,0,0,0,0,0,0,0,0,0,0,0,0,0,0,0,0,0,0,0,0,0,0,0,0,0,0,0,0,0,0,0,0,0,0,0,0,0,0,0,0,0,0,0,0,0,0,0,0,0,0,0,0,0,0,0,0,0,0,0,0,0,0,0,0,0,0,0,0,0,0,0,0,0,0,0,0,0,0,0,0,0,0,0,0,0,0,0,0,0,0,0,0,0,0,0,0,0,0,0,0,0,0,0,0,0,0,0,0,0,0,0,0,0,0,0,0,0,0,0,0,0,0,0,0,0,0,0,0,0,0,0,0,0,0,0,0,0,0,0,0,0,0,0,0,0
1561,54913.9895466680,138265.6637987735,58093.3920729254,128919.2974157285,97350.4046925479,1867.4265230738,106076.3711033990,49202.9887909271,98576.4986708197,93146.6531284105,93826.5184657074,129195.5735836273,64643.8156166242,68984.6374279744,30941.3592106909,114108.0431387079,80194.1321873294,72755.9686252310,115899.9858025035,18299.0674303604,91107.0350749396,100974.5968706351,70598.7050158069,102015.2182933927,49489.0880583664,74980.4371416278,83539.5123299033,64896.2255480438,83587.0678167785,16420.3592731814,33533.3421056006,131734.6736223752,49380.0759687312,94137.4228830954,78662.9941425144,46608.4624919551,107265.3167612616,79816.9891258212,57259.5691348192,100562.1102130020,107801.3715627474,98538.7274640233,86566.5743461289,57467.7671911688,63089.6907090400,123305.3229612517,67797.4948654683,86377.0083551615,104355.8457483885,92404.6404965364,109657.2549471288,95073.7894288797,73399.7452838111,15720.9748216260,56274.4974787307,82056.4062680795,95304.8613532950,85959.0871809748,76275.8721579135,99673.2869096517,83335.1107157597,38370.1585848350,92983.4914673473,44367.3873951936,54550.2949729562,47118.8494489618,90277.8974680433,28102.1444657052,14933.7654994888,63739.1309353895,28736.2899765111,124850.0996063251,68963.4036772837,62908.6761993378,74089.1562210621,63409.8947344450,131245.7427072102,76146.7025815290,74526.0767820785,56918.4791292648,102000.8142844543,4678.9900775079,90157.1337320607,85266.3575532870,65025.7306981962,89921.8285017240,99728.7676006439,17746.5900926160,54302.2712467546,43344.1191146197,26860.0585547154,35969.0361500860,16496.8552259895,100681.5830148517,78591.9639082233,124358.3624262628,105008.7688792756,22882.6995898102,106518.1990899517,92206.6734144522,81097.5226486028,76466.8950655307,130579.2509071183,56384.8017920566,89622.4871949493,75275.4317158419,40516.7858373717,48704.7832425215,85427.5622220622,56846.3592292724,86529.7533393080,58821.5974998531,93742.2161314561,63576.5899279924,116693.2046320625,100133.8104457534,94042.1535993538,68042.2715289067,84125.5622369254,97065.3898228447,69154.8989003584,72846.9248149220,68420.4928920200,97744.2609316233,117519.8614834332,88859.5848890459,94807.6874591957,108855.9206383780,61023.2544459576,53631.4544661694,76085.8756672044,108615.0703858127,100167.2971606700,88247.5833210560,70611.4586895404,93753.9020816414,62412.2787255433,77828.1721946028,80124.9068607312,80603.3226812401,101840.0727305345,50089.3625906527,54145.0911296589,37404.4048719463,59995.8905784935,90565.0919019593,100774.2367279784,110428.0084398623,82525.3041828747,82451.5785644970,103298.0552046981,31650.0843226579,98817.0932074381,19568.6508963231,13160.3372405095,22724.3991276585,94534.8709196236,91776.9152344598,43954.3626077573,69022.9125690017,78919.6696066038,93022.9630768757,73639.0778980854,63011.6068029004,125755.7885800864,59392.1884220526,84325.0634625064,71513.3882081554,71188.6223111377,21.1268645541,97398.4417004433,86250.1851032323,34295.0043455663,41182.7716835898,79871.1015685625,22779.2065512057,94450.9422254582,59973.2616199560,64979.1470653843,67833.2134471351,77865.2674110992,48433.4781698910,13941.7356423704,83929.8931128042,97232.5467764671,6026.3298713263,76572.3252743286,90857.7041523075,80690.0117132556,49822.2108279090,89788.7474436798,34698.8389667762,59404.1949297399,62617.7660446228,2565.6003991440,52704.7619419250,80561.1147657971,27797.5986925911,42174.9735347352,51987.2821130616
1562,0,0,0,0,0,0,0,0,0,0,0,0,0,0,0,0,0,0,0,0,0,0,0,0,0,0,0,0,0,0,0,0,0,0,0,0,0,0,0,0,0,0,0,0,0,0,0,0,0,0,0,0,0,0,0,0,0,0,0,0,0,0,0,0,0,0,0,0,0,0,0,0,0,0,0,0,0,0,0,0,0,0,0,0,0,0,0,0,0,0,0,0,0,0,0,0,0,0,0,0,0,0,0,0,0,0,0,0,0,0,0,0,0,0,0,0,0,0,0,0,0,0,0,0,0,0,0,0,0,0,0,0,0,0,0,0,0,0,0,0,0,0,0,0,0,0,0,0,0,0,0,0,0,0,0,0,0,0,0,0,0,0,0,0,0,0,0,0,0,0,0,0,0,0,0,0,0,0,0,0,0,0,0,0,0,0,0,0,0,0,0,0,0,0,0,0,0,0,0,0
1563,56361.9776412653,140484.5162488497,59366.3963582711,130695.7893664853,99680.8620458813,226.0683020767,107899.6146653511,51551.8089401921,99846.1056406567,95406.4122771041,95832.4477538657,131541.5638068678,66810.9507979073,71006.5389283724,32768.8256832156,116231.6600257375,81826.7890509462,75107.3226451407,118181.5058851023,20649.7083435074,93150.7004040847,103322.7919424450,72888.0177674731,104225.6833309715,51565.0401420432,76161.0309763302,85781.6927559862,66738.6011769184,85930.2835969150,17717.6251934260,35846.2750417875,134028.8221826523,51289.5785325715,95892.1499034037,80669.3873297651,48259.1145147477,109342.8002172185,81981.5491799617,59570.4877791489,102719.2952413027,109798.9171354487,100066.4446817226,88918.3208379830,59719.2473739771,65439.8992417097,125524.9034983200,69307.1144644835,87745.3047745660,106664.9861385765,94550.5039835410,111877.3892690317,96964.1142002057,75689.9936622935,19856.0991973596,58124.2808267440,84342.0527927169,97581.0011015647,88274.2966835928,78434.1485939543,102028.3911220055,85167.8394361642,40485.4957912609,95307.8440992430,45801.0575141338,56663.0668716568,49377.0962265149,92454.3280278964,29359.8249464967,11001.9967703413,64985.4853762599,31083.7336288556,127175.2660746475,70989.4334535922,65052.1942458989,75871.6508444311,65757.3517429291,133497.5063083690,77561.5915901547,76868.3990864667,58658.7711935608,104262.5118126095,5321.1893143130,92511.9377389904,87353.3727801225,67297.7470169128,91465.7748654426,101775.1440858926,19934.6721992623,56654.5020306751,45258.7499718415,29069.6330212679,37466.3705543417,18577.8702418511,102818.9071374543,80925.5652579057,126636.8396051704,106999.3011032423,24704.2098930506,108611.0742622785,94427.8166454932,83453.2184337364,78530.6711082265,132779.7352788440,58719.6993907157,91527.7132282978,77511.0270136259,42858.8034647761,50370.4016719704,87658.6124251338,58887.6439212432,88239.8279717280,60762.3920306652,95158.7702320189,65884.7362476841,118933.6267884041,102188.9896327528,96391.5694497475,70265.0348893871,86297.9451976750,99277.7537658342,71485.0731187969,74995.9104738093,70111.3911764912,100041.9189447738,119831.4493089784,91155.1024633678,96925.8258932266,111124.8722978266,62578.3901799628,55305.1287248871,78322.2042505968,110774.5125471771,102498.1308502518,90525.6217010596,71932.7029722336,96100.2242530004,64481.1091274753,80145.5018159029,81412.1565803557,82890.5932170208,104097.4822712274,52006.7915611680,56307.6099578660,39209.0077560518,62225.4455536593,92898.9407147043,102744.3035988519,112728.5654975043,84613.8909832872,83959.2764673283,105507.7016109284,33732.1264211371,101121.6864268257,14782.0557527764,15073.6066054154,25061.4929990980,96617.0019665359,94084.5825437469,46126.9444669902,71349.7848176130,81272.0341144762,94991.3781439509,75267.2559152095,65329.6004077254,127472.3820755218,61748.0784568658,86663.5698235993,73446.1700393972,73311.9223675881,2321.9038770972,99579.3622528931,88571.9612858886,36644.5441562469,42812.0189886740,81964.1570401990,24117.4360919611,96806.6015906280,61339.8390000272,66940.5978550739,69939.8591963292,79719.7170178086,50749.6250699134,16274.9424330368,85940.9685758873,99472.1364674601,7310.1748204644,78852.0704781245,92682.8967337876,82440.5725502697,51309.2310954854,91837.1625173982,36924.2136157275,61546.8174224950,64865.3309464964,2804.8604606697,54710.7071224263,82805.4977781517,30133.3768484729,44449.5858988105,54262.8263202607
1564,49761.6997408384,125716.1963609172,51007.9682489138,120756.5233536443,84999.0838301321,16366.1413605215,95465.2521626344,36322.0507789290,93866.7222768653,80455.6035435202,84208.9802649810,116304.4271171060,53940.3568100496,57474.5784010522,21387.4187030033,101985.1591282690,73322.5177585706,60129.8196228233,103125.9111613649,2551.5174464896,79406.3236880396,88089.4604805325,57811.4019498294,90775.6646880153,37814.8140451708,71113.4068345796,72078.9309533481,56752.7134787048,70691.5870733550,16187.6222614467,20692.9055261721,118919.6789835601,41039.8901514101,86303.9468812330,69139.9450468794,37556.1828177586,97056.4294530070,67549.4474745445,45215.7948289877,88299.7154854679,96294.4871877018,92186.6270252676,73923.3383208638,44841.1434344189,50214.2534351388,110758.3436538509,61934.5409114729,81169.4798823920,91502.7168116411,81720.4041013540,97114.3630399729,84148.7332430906,61518.2736260216,7988.9113263738,45836.5174032083,69276.9915044735,83506.7911870466,73791.2218895225,65567.0169939485,86941.1358757230,75045.3187180779,26595.8085138334,80098.8047552497,39703.8801859505,44428.5818541623,34482.8818885313,77939.9343095281,22724.3175000685,2467.6389040536,59676.0747707663,21933.6828958030,111963.3125070257,59376.0284640589,50787.6310340367,66252.3437180827,50865.8026825357,118572.0502971509,70772.1391546905,61629.6717439805,49672.0434651493,89299.0504240412,16277.8381880031,77323.7704280422,75079.4306983158,53358.4039134702,83539.1491626380,87995.6832387997,9637.9820930488,41678.4673478483,32733.4534475909,14687.6777992244,28333.0462389356,11858.0455264587,90035.3001102660,66223.7554309957,111592.8138805160,95451.1209873521,14186.5650064535,94548.3782873622,80903.0956865918,68292.7279887183,64706.2975025746,118107.2558441744,43488.1071936701,80765.3665805318,62693.7671881149,27620.0750661490,42231.6140259332,72855.5557247088,45305.8225012259,79065.2674962286,50033.4676413352,88149.4946139120,50732.5264286398,104066.4664872163,90119.2945877051,81437.7937192322,55525.9933683073,73260.1659245269,84562.8396852020,56845.3018299096,60668.8283893088,61307.5907379657,84923.1562799097,104659.9182733937,76046.5346825172,82734.9815236775,96125.9731785592,54987.8774565989,44276.0593462891,64705.0672142019,96334.4270693860,87273.5331524287,76446.2323623006,65931.2343540178,80863.6536936023,52555.2406327923,64958.1900518584,75511.0727236825,68731.3857982374,90199.1534124753,39339.0303365193,41962.0384559032,27679.5835360862,48767.9980583126,78179.7824051486,89421.0706092894,97596.9482480927,70621.4063180747,76387.0970850965,90802.5464807325,20249.0947206851,86740.5019157220,5011.2086205429,14119.7403972162,17389.4485792762,84339.9227890129,79679.1132837582,31777.6929840798,56135.2262620736,66268.0454477293,81699.4008740589,66881.6384790985,50864.0088490308,118004.9424974353,46624.6905952488,71887.2298597734,62612.1875369185,60802.4820446895,10815.8464547033,86414.4221345808,73370.3906562757,21803.4484301780,32443.4965855981,69668.5566501244,17695.5236721555,81694.7663163402,55224.3540294322,55939.1144457713,55882.9854023565,69472.0089655474,35572.2237194272,318.0747877187,74333.0497612272,85757.2558410386,11177.9809295831,63815.6119600472,82559.9227222928,73003.3694386530,44569.5251256555,79874.1273912368,22297.9092306589,48962.7958775827,50000.3046046892,18564.9995558312,43511.1988963894,67937.9879328570,14901.4470268394,29476.6415117444,39266.6367670722
1565,0,0,0,0,0,0,0,0,0,0,0,0,0,0,0,0,0,0,0,0,0,0,0,0,0,0,0,0,0,0,0,0,0,0,0,0,0,0,0,0,0,0,0,0,0,0,0,0,0,0,0,0,0,0,0,0,0,0,0,0,0,0,0,0,0,0,0,0,0,0,0,0,0,0,0,0,0,0,0,0,0,0,0,0,0,0,0,0,0,0,0,0,0,0,0,0,0,0,0,0,0,0,0,0,0,0,0,0,0,0,0,0,0,0,0,0,0,0,0,0,0,0,0,0,0,0,0,0,0,0,0,0,0,0,0,0,0,0,0,0,0,0,0,0,0,0,0,0,0,0,0,0,0,0,0,0,0,0,0,0,0,0,0,0,0,0,0,0,0,0,0,0,0,0,0,0,0,0,0,0,0,0,0,0,0,0,0,0,0,0,0,0,0,0,0,0,0,0,0,0
1566,57177.8173807218,79673.1150430746,54135.7976403375,97029.0320742315,39541.9576823767,65740.1564753377,65368.8776990791,13090.7131674324,89477.9329081888,34529.9302569860,57820.3366283395,66910.0116346589,31275.5065719870,30705.4965384259,41236.6371498666,60213.9536173558,64167.0722726955,14517.5806766502,55475.7206615695,44308.0208169858,43757.0301938661,38688.5323863772,13249.4917543642,52994.4276966539,26314.5310230880,75174.1911569833,35835.4942921840,47859.2065234380,21342.4024950869,54554.3946167535,29201.1290252833,70676.3060065025,41448.5091465713,69183.6970948830,47352.6025588250,41347.5335593125,65022.2723873726,28778.7941663812,17756.4303091141,46352.5742524082,59810.6526752051,80973.5179491003,26554.9221759473,13900.7772317300,86.6938334964,65067.5053796689,61127.5203144377,77287.9552086228,43082.2737388594,49114.8063891269,51931.6250321378,53727.2731186898,24646.2454142257,54305.9503587177,35183.0438838080,22898.4655363005,42570.2757716715,31031.4025281187,37178.6358448900,38424.4593557340,58357.1048619128,30296.4085236431,31284.8220812809,54534.4622472969,32819.1641552527,18932.8075246788,36389.1486045164,51487.7361504089,53677.3547106842,66708.2106873335,34352.9720445082,62927.1432153331,41196.6216404374,21751.6603900490,54785.8040419889,10896.6446553766,71625.6231343071,68967.8233649197,12334.9827081382,48851.5220411439,42797.9282632908,64280.4789779079,28178.9578571594,47302.7285509937,22879.7499357133,73971.8463845383,50727.3944397845,45762.2181065790,11543.1694985759,34039.1592119852,37255.8397951522,46028.5770360119,59409.5327674912,56270.6064690882,22697.6717956043,63906.4822545289,67429.1224689414,45872.4199079465,54601.8311686774,44083.9121017705,19515.6572075663,32331.7740712995,72844.0503806437,12079.8287995046,59499.3748403345,20883.0786559560,21807.9543465218,49275.6374316566,29208.3590151238,26906.3630598405,65478.1340785659,41679.0198483526,81096.9587744888,11755.4684652124,57846.3945353982,60266.0593325637,34072.1160960862,17650.9192602993,41301.2645485313,40532.8203505072,16960.6704936110,25261.7292311398,55280.3624159772,37075.7093665962,56023.3297949627,28629.9069385492,43193.9118772389,49091.4886495047,56443.9147732714,41079.4980713129,31315.3836102161,53595.5330245067,38187.0139392939,36490.0509403671,68451.7024896032,31468.2805882274,36506.8810811149,16955.7427573565,75473.0997072221,29722.0844571666,49688.5199352294,32549.7079092021,20747.1497305537,38968.5176151466,25691.6543437226,32928.8814992564,54955.2887165720,49385.9915679471,35006.9032213622,70021.4895435012,46409.4599011977,35743.1197044038,43323.0245835991,50728.2895565797,51845.7433270413,39601.8141510277,54407.1954820248,36777.8176808461,24811.1693629443,10289.7465632292,19380.7454034551,48737.0459610740,60342.4259572899,16840.9267499328,96555.9820698742,5609.2830888912,26754.2545661096,46966.7225368527,36724.8421890927,60211.3996608649,50964.2145643539,24781.6707535392,28979.6374641523,42321.9719210973,43387.7959674789,51811.6488510617,33079.0179694869,61540.5480750244,42725.5238964507,25507.2939325360,53981.5529262713,14941.2282878776,48382.4828341439,50472.4338843936,46951.4642873899,59089.0255069754,18583.9012707102,63883.6327326691,60015.0844132176,54486.1660388780,52636.2308981845,30087.5865950643,31607.5634216975,13937.1027193647,67658.7823652285,37829.5366946081,24311.9219905044,34552.2487089815,22212.1492979611,14567.6791116050
1567,0,0,0,0,0,0,0,0,0,0,0,0,0,0,0,0,0,0,0,0,0,0,0,0,0,0,0,0,0,0,0,0,0,0,0,0,0,0,0,0,0,0,0,0,0,0,0,0,0,0,0,0,0,0,0,0,0,0,0,0,0,0,0,0,0,0,0,0,0,0,0,0,0,0,0,0,0,0,0,0,0,0,0,0,0,0,0,0,0,0,0,0,0,0,0,0,0,0,0,0,0,0,0,0,0,0,0,0,0,0,0,0,0,0,0,0,0,0,0,0,0,0,0,0,0,0,0,0,0,0,0,0,0,0,0,0,0,0,0,0,0,0,0,0,0,0,0,0,0,0,0,0,0,0,0,0,0,0,0,0,0,0,0,0,0,0,0,0,0,0,0,0,0,0,0,0,0,0,0,0,0,0,0.0000000000,0,0,0,0,0,0,0,0,0,0,0,0,0,0,0,0,0
1568,56622.5476603604,139159.8953102978,57872.0329133274,130672.0804889963,98852.5492298392,574.4875282502,106408.6289625376,50470.8106697936,100244.4489704049,94126.4308329727,95563.8433905492,130438.0980938878,66328.1769919480,69568.7511864602,31283.5321310820,114839.1165950926,81935.1627382342,74177.5963777244,116928.7396925745,19748.1948321530,91720.1966358097,102231.8874435646,71650.0918498723,103670.9029043168,50152.6257071369,76621.5185070928,85170.8552533041,66649.5343737960,84817.1435475854,16214.1577684594,34659.4153362063,132794.6399691818,51130.8538860095,95889.2212722688,80400.5795024947,46751.5800389536,108984.6098194885,80616.5621010352,58807.7969199651,101348.0330000276,108350.4326808519,100264.6634221956,87984.0625454493,58433.3886655673,64364.5568135192,124201.4232965531,69519.1402869087,88069.6490864224,105458.4853088640,94098.0826550400,110554.9637121091,95486.1848359870,74978.6649576046,19017.9403030143,56639.8086865622,83097.4024321010,96900.4575158979,87496.2359668954,77964.0242494428,101054.3746963226,85088.4847756422,39096.1220494891,94135.1227682774,46071.6190751100,56259.8561968511,48101.2441063669,91097.0639750358,27863.7304082050,9866.6790073617,65398.4642358377,30192.7579449469,126002.8730564756,70697.3020207386,63674.9385894631,75841.9237305352,64855.6240372758,132206.4622895212,77849.5671985432,75752.5194512852,58669.0313948223,102984.3357850480,6834.8917895600,91475.4620632744,86983.2155931899,66628.4577805465,91650.2910763156,100345.3910916774,18609.0673271400,55720.0935941759,43790.0844270694,27752.5253036696,35956.1420560922,15601.2891141957,102378.6499999440,80086.8705767239,125379.4354973852,106748.7117929278,23220.4177767385,107202.3316971179,93854.9100417857,82436.6331497480,77109.6635713318,131439.3963102518,57580.3722884069,91372.9223402576,76205.8404822325,41748.5882475180,50448.5100722581,86348.0067912056,57458.7446853218,88278.6734685798,60569.3669066156,95446.1863816417,64680.0279433978,117630.8065660186,101859.7128779812,95474.3233124804,68948.0683739293,85805.8698755824,97948.9511820777,70660.0958725119,73621.1050094029,70167.4857768275,98815.1087875093,118629.1125718692,89925.3409952122,95530.9975136497,109855.4019026757,62752.4429142262,53798.7671512420,77722.8168579525,109404.4013225759,101341.9850785391,89841.2804194820,72291.5694012863,95000.1791391467,64135.7417667052,78957.7989488134,81796.7264314239,82185.7127001316,103455.9917964665,50537.9404585026,54944.1328272755,37718.5662225098,61639.8945982273,92058.3514432791,101287.1274891173,111506.0105879376,83204.1859739475,84173.5012541219,104176.1877113087,32327.5025329754,100372.5005219153,14105.4092977322,13620.6274429161,23944.8724052099,96253.0146859961,93327.5088446720,44772.7121279984,70185.7111806562,80333.0369469163,93533.9671739278,75379.3821828939,64545.4607561549,127505.5087303174,60751.4679851668,85804.4482210643,73261.6812218268,72892.8826146316,1305.7951553450,99073.3343047339,87393.5582128865,35737.0970960278,41303.5959365934,81586.1544643349,22613.0514177099,95819.5255680543,61663.8110156837,66724.3028704968,68540.6174061249,79618.2874811142,49564.0669310232,15161.6445242544,85666.4312314856,98865.4561385062,8612.7466369885,77599.3780630909,92611.1158787057,82441.4992561414,51538.2400607497,91516.6773913141,35617.3188591888,61101.0020484634,63574.2981753630,2592.2228941437,54443.4609079927,81509.0177931070,29007.7677327149,43195.9398830027,53007.8826573146
1569,0,0,0,0,0,0.0000000000,0,0,0,0,0,0,0,0,0,0,0,0,0,0,0,0,0,0,0,0,0,0,0,0,0,0,0,0,0,0,0,0,0,0,0,0,0,0,0,0,0,0,0,0,0,0,0,0,0,0,0,0,0,0,0,0,0,0,0,0,0,0,0,0,0,0,0,0,0,0,0,0,0,0,0,0,0,0,0,0,0,0,0,0,0,0,0,0,0,0,0,0,0,0,0,0,0,0,0,0,0,0,0,0,0,0,0,0,0,0,0,0,0,0,0,0,0,0,0,0,0,0,0,0,0,0,0,0,0,0,0,0,0,0,0,0,0,0,0,0,0,0,0,0,0,0,0,0,0,0,0,0,0,0,0,0,0,0,0,0,0,0,0,0,0,0,0,0,0,0,0,0,0,0,0,0,0,0,0,0,0,0,0,0,0,0,0,0,0,0,0,0,0,0
1570,0,0,0,0,0,0,0,0,0,0,0,0,0,0,0,0,0,0,0,0,0,0,0,0,0,0,0,0,0,0,0,0,0,0,0,0,0,0,0,0,0,0,0,0,0,0,0,0,0,0,0,0,0,0,0,0,0,0,0,0,0,0,0,0,0,0,0,0,0,0,0,0,0,0,0,0,0,0,0,0,0,0,0,0,0,0,0,0,0,0,0,0,0,0,0,0,0,0,0,0,0,0,0,0,0,0,0,0,0,0,0,0,0,0,0,0,0,0,0,0,0,0,0,0,0,0,0,0,0,0,0,0,0,0,0,0,0,0,0,0,0,0,0,0,0,0,0,0,0,0,0,0,0,0,0,0,0,0,0,0,0,0,0,0,0,0,0,0,0,0,0,0,0,0,0,0,0,0,0,0,0,0,0,0,0,0,0,0,0,0,0,0,0,0,0,0,0,0,0,0
1571,71178.4268066401,68068.4521648289,49388.7320127214,106851.6075889625,42549.3112392683,73926.8909532729,51625.2851517987,23932.4798627809,102670.9231962032,22537.3414778303,68438.8394322066,60408.3952319363,44556.9155303493,20505.2457577781,45045.3961564991,46808.2486633185,77406.8400933031,22773.5638403142,45101.8838608945,53778.0036127899,29820.3903731503,33510.0458788568,74.8422003362,59936.1167163637,25895.5637710977,89082.7631734875,45127.0250106571,61586.8853033614,17172.3901127462,60406.3599189709,37366.3846175781,60976.6318426009,55420.2157907964,81215.4435600145,59592.4286471240,39826.7678178123,73560.1318303650,14857.2592779320,31697.7007327776,32816.1927100261,45800.8441858485,93552.0116518966,29154.1638369800,13713.1509360049,14474.8462889904,53185.6403579232,75001.7853769982,90719.7027798680,33860.6241900615,58469.9991055416,39665.6149256784,40162.6852112976,35395.8817832940,64673.7585591152,30399.0430152988,11267.8755207959,48724.7373529162,37479.9587819222,48837.0751460079,37225.9556003256,70869.8090355644,34299.2134198352,23317.4103071475,68239.5319280285,46818.0710452659,23800.8024349816,22599.6906724485,54742.3158008404,62121.3953335063,80720.6772662978,44783.1791336733,54726.7716300778,54359.7618320810,14425.0059907592,68081.3719989281,23881.6116027658,60614.9242642468,82679.1531602290,11183.4158192378,62856.8969697064,31325.3297305388,73838.7269200711,26311.7824503657,58246.2153520319,35797.3423211686,86918.6178773768,36714.6116148512,53314.1251650390,25333.7859313955,34628.4261570458,44222.2154438261,47539.2493163046,66583.3249600952,64692.5996975224,30228.3496370104,53562.4007521133,77114.5508270997,51374.8407490742,40808.2080037702,52223.6580845830,20934.3260940613,19641.4675432581,60778.2371712359,16225.1841477680,71175.3668541055,8078.9506387939,31228.7913578082,63199.8607661359,15808.2763968152,22473.3896164369,78165.9720135305,55596.5816591294,94165.8313149303,5371.7505247625,46252.2797832931,69776.4041243756,35447.3297568982,3186.6823136384,51552.7072362065,27559.3967012002,28176.4835104404,12678.7517912820,68995.7966011649,27053.2249127757,47022.1825284550,18165.8447752196,29245.3522631284,38102.6675419955,70432.5209513236,37172.1821841185,42247.1197790042,40367.7455965860,30710.9420692707,43915.6190902785,82365.9563213891,26514.9641359052,50149.7160647318,8761.8882221322,89195.0414275778,38628.6174796828,55441.5384586249,30537.9536241394,19440.2047330901,40923.7703455807,39384.0167614715,36993.8731036773,40985.0977530255,39749.8900471317,21302.0927063599,83381.1041661945,33688.7152332149,40885.1045617415,47710.6736338414,60255.2619490219,59020.3753591144,48320.0455000763,64248.9343460191,42293.2110286439,28164.8037061580,10352.2648249266,24462.3829874962,34970.1398912078,73905.2599799791,30003.1352549338,106933.4524484978,20146.2575667299,32003.4555370690,60129.1968981479,49326.1765062590,68716.3389446295,59098.7911287219,16717.2922101297,39937.5009165880,42534.6989094082,54995.5681687655,56397.2872371082,32240.8179061752,75556.9026587804,56319.2291778297,15332.0979440594,66846.6401975206,22696.1058194047,56950.4876009133,62113.5311192762,53874.2128592461,68576.7285874118,8253.0193573153,75846.9954678874,72962.5908683207,68404.3482455160,63348.8779172421,36379.9379459607,45398.1235272953,14693.9399805960,76599.1590602819,51846.0954899976,10730.0427316035,43318.5091580228,28636.9152898832,18828.2821038065
1572,0,0,0,0,0,0,0,0,0,0,0,0,0,0,0,0,0,0,0,0,0,0,0,0,0,0,0,0,0,0,0,0,0,0,0,0,0,0,0,0,0,0,0,0,0,0,0,0,0,0,0,0,0,0,0,0,0,0,0,0,0,0,0,0,0,0,0,0,0,0,0,0,0,0,0,0,0,0,0,0,0,0,0,0,0,0,0,0,0,0,0,0,0,0,0,0,0,0,0,0,0,0,0,0,0,0,0,0,0,0,0,0,0,0,0,0,0,0,0,0,0,0,0,0,0,0,0,0,0,0,0,0,0,0,0,0,0,0,0,0,0,0,0,0,0,0,0,0,0,0,0,0,0,0,0,0,0,0,0,0,0,0,0,0,0,0,0,0,0,0,0,0,0,0,0,0,0,0,0,0,0,0,0,0,0,0,0,0,0,0,0,0,0,0,0,0,0,0,0,0
1573,0,0,0,0,0,0,0,0,0,0,0,0,0,0,0,0,0,0,0,0,0,0,0,0,0,0,0,0,0,0,0,0,0,0,0,0,0,0,0,0,0,0,0,0,0,0,0,0,0,0,0,0,0,0,0,0,0,0,0,0,0,0,0,0,0,0,0,0,0,0,0,0,0,0,0,0,0,0,0,0,0,0,0,0,0,0,0,0,0,0,0,0,0,0,0,0,0,0,0,0,0,0,0,0,0,0,0,0,0,0,0,0,0,0,0,0,0,0,0,0,0,0,0,0,0,0,0,0,0,0,0,0,0,0,0,0,0,0,0,0,0,0,0,0,0,0,0,0,0,0,0,0,0,0,0,0,0,0,0,0,0,0,0,0,0,0,0,0,0,0,0,0,0,0,0,0,0,0,0,0,0,0,0,0,0,0,0,0,0,0,0,0,0,0,0,0,0,0,0,0
1574,70626.7244490666,94416.5521376231,23969.6754250114,126365.8366891554,71366.9322824087,48479.5219239106,60074.0610356107,25284.6562631548,111086.3839856338,51379.1836999626,86955.6788768306,91942.7657044289,56564.5138407051,23003.5381566993,15740.9759507237,68822.1231127547,86679.1566737363,46672.5609105622,74340.6968724444,34090.5202656530,45174.6138404303,65385.9043537312,32147.2762071520,84880.3058843749,10789.0208638116,91977.7348401794,66986.2424491409,68726.5151535922,48627.0259515427,32126.9347882624,20604.5850044857,90421.9271663825,56081.9827762920,95402.8544275059,74150.9056412171,18592.3017411687,96004.8174282131,35682.2885837705,42099.9883131102,55871.1320579824,61622.7844294783,105265.4350903860,58019.6180157735,19347.0690688278,33424.8590476192,79615.6462127440,79352.3699250820,98124.3611652627,64615.0153860304,79814.9643314285,66168.3723661200,48859.0040321496,55294.4416924168,45459.6878057245,10600.9589169770,42159.3734565816,74686.2078208983,63176.8591459011,65794.0186107588,68319.4679289464,83811.9022804689,9927.0773178815,54993.2095185273,63416.8518458617,52308.7370565269,14718.7661881444,46125.8210566921,23824.2006855281,38428.1534376253,81343.5863009095,30544.4306762322,85550.5436792637,65772.5062165307,19162.6389275505,77642.0246405395,40827.5414618707,88336.1334382034,88310.3761117414,40648.3480201361,65625.7148307818,60001.3924439787,51391.2714660600,57407.6956545733,76404.0127943741,50552.1938533635,97239.0757412530,53790.3844961201,29139.1104198404,33876.5861887991,183.3367458746,21204.2824266316,15810.7194857579,39879.1642297138,87464.6722649084,54813.8591020262,82495.2544512582,97401.3911387311,23644.4912850403,60933.7206873099,75642.3522669181,50183.5348346143,30792.2944794629,86398.0479378900,26103.9572081559,86868.6470153469,33534.2616859880,22194.0834699411,61736.4594934011,42923.8769908713,11325.7335771340,90044.6741009353,61324.5479239016,103575.1832545498,27914.9436689577,73650.0495933207,90561.5976690774,65244.6032015469,26450.9729081836,71472.3716185241,53620.3140899554,47907.5000649871,28620.1996546991,75561.6935870020,57592.6975504229,77480.4726334466,49061.1674290979,49588.4898413373,66949.1505563153,73016.7254993189,11748.3755935558,61310.1259126852,63876.1607849011,62339.1944433561,68427.8163911862,85586.5579648002,58347.3052535429,59317.1027571021,40568.7965022780,94356.5523618387,61291.3428742248,81818.4856712055,6929.3631928422,12546.3174737389,9904.8139242585,49984.4726814989,64919.1427294261,54531.7109401370,69953.1775941831,37060.9506803391,91616.6080458203,59653.6225974086,15190.7234984777,75436.2189111505,39441.9893867359,33144.0594531378,28128.6316659317,84533.2070541693,68939.2892686922,11937.1534121718,34054.4807957395,51319.8748010931,46778.4365664643,81336.9312800799,45028.4269506213,125165.8889871735,34313.0267082703,58856.0816121265,71015.3922297889,63478.7239751496,44378.3774138519,82404.9494195106,48540.8407967154,29414.5015547108,10683.0285092091,71683.4695352169,26748.2594078248,63091.9273648183,76079.0015914883,65075.4201427645,22945.7114819771,78603.0170718973,20021.7701903862,34354.8459427379,78321.1640186074,78897.2656961750,46505.6870083853,36818.6510140162,90467.6699066070,83975.3076186846,66176.3423300730,81827.8139480857,15725.9860510500,54123.6955343329,23009.3711260543,52492.3329307646,55146.0732339252,38806.2211168808,25038.3904589832,15554.7946500009,17746.8594765141
1575,0,0,0,0,0,0,0,0,0,0,0,0,0,0,0,0,0,0,0,0,0,0,0,0,0,0,0,0,0,0,0,0,0,0,0,0,0,0,0,0,0,0,0,0,0,0,0,0,0,0,0,0,0,0,0,0,0,0,0,0,0,0,0,0,0,0,0,0,0,0,0,0,0,0,0,0,0,0,0,0,0,0,0,0,0,0,0,0,0,0,0,0,0,0,0,0,0,0,0,0,0,0,0,0,0,0,0,0,0,0,0,0,0,0,0,0,0,0,0,0,0,0,0,0,0,0,0,0,0,0,0,0,0,0,0,0,0,0,0,0,0,0,0,0,0,0,0,0,0,0,0,0,0,0,0,0,0,0,0,0,0,0,0,0,0,0,0,0,0,0,0,0,0,0,0,0,0,0,0,0,0,0,0,0,0,0,0,0,0,0,0,0,0,0,0,0,0,0,0,0
1576,0,0,0,0,0,0,0,0,0,0,0,0,0,0,0,0,0,0,0,0,0,0,0,0,0,0,0,0,0,0,0,0,0,0,0,0,0,0,0,0,0,0,0,0,0,0,0,0,0,0,0,0,0,0,0,0,0,0,0,0,0,0,0,0,0,0,0,0,0,0,0,0,0,0,0,0,0,0,0,0,0,0,0,0,0,0,0,0,0,0,0,0,0,0,0,0,0,0,0,0,0,0,0,0,0,0,0,0,0,0,0,0,0,0,0,0,0,0,0,0,0,0,0,0,0,0,0,0,0,0,0,0,0,0,0,0,0,0,0,0,0,0,0,0,0,0,0,0,0,0,0,0,0,0,0,0,0,0,0,0,0,0,0,0,0,0,0,0,0,0,0,0,0,0,0,0,0,0,0,0,0,0,0,0,0,0,0,0,0,0,0,0,0,0,0,0,0,0,0,0
1577,74129.6747984071,90319.8048456285,22424.8026499113,127635.6611798304,70472.1839519355,53157.8104370060,55318.0570739682,26983.3330469911,113864.0730275361,47956.6251530890,88190.9984168388,89049.6944433173,58359.3120903853,18545.5634534823,20321.4508096501,64450.4172258927,89210.0732531594,46424.9352875992,70773.7614751674,38745.6405033690,40648.7334811918,63029.1393192070,30026.3431098638,84960.7161481324,10316.8930029479,95281.3154076660,67475.7855298404,71346.6239922526,46711.8712018897,36644.0622142903,24700.3958491676,86825.4951041393,59276.3895962167,97343.1619816357,75859.3046186926,10183.0302680502,96632.3538923476,31827.7028308609,43690.2264887701,51694.0621786608,56976.3409607073,107599.4598678053,57007.9243854216,18361.3538207768,33234.9331264869,75588.9686592072,82408.4231234328,100958.0468835287,61483.7757940954,80526.5798741509,62237.0072450548,44110.5257436183,55911.2291492037,50157.0273586506,6597.9059668996,39336.4334188393,74484.6964472969,62917.4494427108,67046.4182085742,66643.6970400457,85839.5431275549,14348.6849809543,52337.1399748284,67264.9006861009,54859.8922910556,16449.1935595576,42153.3566089742,27786.6366712014,43182.3360332884,84814.1963532113,34738.8850406308,82343.0902090360,67806.6067362675,15969.2075548200,80058.6062515547,41423.7327821740,84442.5077421445,91289.2420041263,39213.4860031018,68719.8687479602,56440.8277248929,56146.9088056808,55696.7469245523,77602.9343072798,51819.9277108561,99709.1156095784,49247.5263714428,33895.9988814101,35280.1169516061,8837.3037025314,25894.8249875832,19291.6487847193,44507.9731997963,87980.7711508158,54638.5442750336,78827.7630261593,98416.1870319866,28298.6909316631,56493.8342032499,75948.1614507371,48983.4861348335,26430.3431052658,82249.0482405806,26422.0318067266,88532.4708594227,30452.2398775858,25285.1845277184,65238.4667769998,39432.2388305981,8728.1408238966,92264.3674539110,64013.9279108735,106195.3260260255,26779.2205075550,69782.2928386588,91449.9333520564,64034.2960508504,23687.0954159140,72338.5198561281,49774.1604702080,48361.4319560341,24860.0874483578,78326.4509881533,54453.6979449159,74187.7753482333,46121.6560079714,45288.7110606095,63356.9223754288,76211.6248438272,18773.7265676407,62171.1523589837,59657.1978911496,59607.6231726123,68457.9048057526,88814.7219189131,56134.9865341397,61542.2385298740,38405.6218796804,97427.0198171841,61563.7264312771,81576.9007762155,307.8572561438,11306.7337712354,14203.1268048082,51813.8348772443,64200.4543147885,49850.7754869388,66630.1335098304,32741.4328971568,94310.6471921740,55719.9159038817,19928.8596513445,74844.0585386266,44167.7906738720,37854.9078287741,32751.4131547545,85462.9575450500,68543.9158144799,12407.0066770001,32690.2504236499,50653.3560960875,42098.6416657722,84050.8395982634,46081.4951255670,126641.3423348368,34915.7851529725,58308.2907566194,73188.6021888937,65102.1787267674,49111.6045653227,82786.7543757079,46065.6244336523,33169.8314364825,13541.4628065199,73053.6483468491,31083.0011224219,61506.2771689710,79519.8075027266,67445.4352060564,19053.4582242276,80743.3355349649,21610.2683636160,39104.8693119599,79834.5097734563,78920.8438671818,51262.0335175135,34177.1164578489,92313.2259052868,86262.0705551997,69804.1374736652,83027.5475486697,20038.2729898601,56303.3259212855,21129.8065081473,57217.3256896317,58020.8913802403,35587.8533832273,29463.7484889261,18517.0610739819,18251.5818847412
1578,0,0,0,0,0,0,0,0,0,0,0,0,0,0,0,0,0,0,0,0,0,0,0,0,0,0,0,0,0,0,0,0,0,0,0,0,0,0,0,0,0,0,0,0,0,0,0,0,0,0,0,0,0,0,0,0,0,0,0,0,0,0,0,0,0,0,0,0,0,0,0,0,0,0,0,0,0,0,0,0,0,0,0,0,0,0,0,0,0,0,0,0,0,0,0,0,0,0,0,0,0,0,0,0,0,0,0,0,0,0,0,0,0,0,0,0,0,0,0,0,0,0,0,0,0,0,0,0,0,0,0,0,0,0,0,0,0,0,0,0,0,0,0,0,0,0,0,0,0,0,0,0,0,0,0,0,0,0,0,0,0,0,0,0,0,0,0,0,0,0,0,0,0,0,0,0,0,0,0,0,0,0,0,0,0,0,0,0,0,0,0,0,0,0,0,0,0,0,0,0
1579,0,0,0,0,0,0,0,0,0,0,0,0,0,0,0,0,0,0,0,0,0,0,0,0,0,0,0,0,0,0,0,0,0,0,0,0,0,0,0,0,0,0,0,0,0,0,0,0,0,0,0,0,0,0,0,0,0,0,0,0,0,0,0,0,0,0,0,0,0,0,0,0,0,0,0,0,0,0,0,0,0,0,0,0,0,0,0,0,0,0,0,0,0,0,0,0,0,0,0,0,0,0,0,0,0,0,0,0,0,0,0,0,0,0,0,0,0,0,0,0,0,0,0,0,0,0,0,0,0,0,0,0,0,0,0,0,0,0,0,0,0,0,0,0,0,0,0,0,0,0,0,0,0,0,0,0,0,0,0,0,0,0,0,0,0,0,0,0,0,0,0,0,0,0,0,0,0,0,0,0,0,0,0,0,0,0,0,0,0,0,0,0,0,0,0,0,0,0,0,0
1580,0,0,0,0,0,0,0,0,0,0,0,0,0,0,0,0,0,0,0,0,0,0,0,0,0,0,0,0,0,0,0,0,0,0,0,0,0,0,0,0,0,0,0,0,0,0,0,0,0,0,0,0,0,0,0,0,0,0,0,0,0,0,0,0,0,0,0,0,0,0,0,0,0,0,0,0,0,0,0,0,0,0,0,0,0,0,0,0,0,0,0,0,0,0,0,0,0,0,0,0,0,0,0,0,0,0,0,0,0,0,0,0,0,0,0,0,0,0,0,0,0,0,0,0,0,0,0,0,0,0,0,0,0,0,0,0,0,0,0,0,0,0,0,0,0,0,0,0,0,0,0,0,0,0,0,0,0,0,0,0,0,0,0,0,0,0,0,0,0,0,0,0,0,0,0,0,0,0,0,0,0,0,0,0,0,0,0,0,0,0,0,0,0,0,0,0,0,0,0,0
1581,0,0,0,0,0,0,0,0,0,0,0,0,0,0,0,0,0,0,0,0,0,0,0,0,0,0,0,0,0,0,0,0,0,0,0,0,0,0,0,0,0,0,0,0,0,0,0,0,0,0,0,0,0,0,0,0,0,0,0,0,0,0,0,0,0,0,0,0,0,0,0,0,0,0,0,0,0,0,0,0,0,0,0,0,0,0,0,0,0,0,0,0,0,0,0,0,0,0,0,0,0,0,0,0,0,0,0,0,0,0,0,0,0,0,0,0,0,0,0,0,0,0,0,0,0,0,0,0,0,0,0,0,0,0,0,0,0,0,0,0,0,0,0,0,0,0,0,0,0,0,0,0,0,0,0,0,0,0,0,0,0,0,0,0,0,0,0,0,0,0,0,0,0,0,0,0,0,0,0,0,0,0,0,0,0,0,0,0,0,0,0,0,0,0,0,0,0,0,0,0
1582,76235.6547741796,88277.4405374295,43450.8650699629,128629.3835375830,70371.9184606731,55640.4388783561,52753.0125651132,28408.8326706408,115614.1122162157,46401.8774803182,89195.9359765847,87768.3089876254,59688.2544678811,16330.6221643075,22764.8397502517,62228.2554622361,90855.5763185459,46746.9007631363,69090.3175800143,41308.1157819848,38323.9453237739,62103.8590048542,29385.4236124163,85367.6365264428,12552.4267328449,97286.2024577635,68126.3698100428,73050.8261832576,46094.1081774526,39030.2134200610,27104.1199944453,85110.4202491301,61258.3498434665,98694.2340435658,77116.6391141532,11272.9904664670,97315.0728498618,30029.1622022847,44962.2889030678,49621.2779406567,54542.6638755231,109137.7713035467,56873.6196841331,18580.5499881490,33666.5868946434,73600.6309640158,84306.4682795146,102740.7808930209,60088.3774639413,81271.4294077104,60322.9353741839,41572.6909499979,56655.1069538541,52727.1589195444,1602.4903606685,38196.2954399557,74756.0087595100,63180.5810230982,68089.2653555682,66109.9285809567,87243.4249598325,16873.2001626959,51255.4984257026,69524.1242695701,56555.8884632365,18047.4131878545,40239.8969170396,29895.9089478243,45734.9952684612,86899.7793666130,37159.3100405023,80875.1756288684,69235.0494502550,14831.7684078068,81656.9675780637,42211.8364756827,82537.2934297039,93145.7347766990,38911.8948803646,70646.5118502525,54779.4595131546,58702.3418935055,55168.4697586023,78602.0963244134,52905.8790069718,101318.1855627798,46903.0293346760,36458.0843325352,36503.4614460688,10169.4877818267,28465.0479725021,21230.2789967510,46958.5830942027,88614.2623711239,54969.3066288352,77072.8126084496,99298.2698835012,30774.1452280337,54225.3881821723,76487.3999858577,48769.7421563948,24264.7850685063,80174.7314917872,27188.0621675042,89753.3751171436,29194.7728394747,27318.1542168743,67350.3848058491,37856.2671724315,5663.0574390826,93756.8409980409,65759.5301847339,107873.2404450767,26757.0878088378,67903.8876661413,92273.3902443301,63770.8793649051,22707.0283033957,73175.4803450324,47933.7034210606,49045.7918265137,23170.3927233205,80091.8290956430,53066.4785679171,72674.6044955015,44881.9513993301,43134.2004547645,61665.3396581030,78177.8263750676,17378.5485974597,63024.9403467715,57547.4440039300,58462.8929283205,68864.2405128837,90788.1838162486,55311.2776252430,63072.6681273335,37678.6020326046,99323.0325339580,62113.3573121210,81815.7181060275,1842.4892491406,11681.8523640016,16545.1974883030,53175.1213404428,64210.3761732084,47387.6084114546,65106.6162692936,30592.5605004247,96030.7087831759,53811.4109207087,22501.7506297823,74902.7271437315,46741.1030862919,40365.2609254702,35307.2922978498,86314.3923668737,68721.3155285028,14537.1733321565,32475.4048852528,50730.8329865705,39638.8157921754,85787.5090384138,47079.8895445092,127740.7094129468,35746.2807818022,58426.6427413466,74677.1459722157,66333.8383206165,51639.2205978733,83356.1435415185,45114.2408229308,35430.2528454316,15317.4832766156,74145.9213053742,33374.7712208626,61035.3103683757,81594.8790920766,69035.9499517444,17318.5992698371,82207.3788312754,23050.3897299293,41675.4359854326,80989.5168832002,79305.7927906573,53826.7075374313,33179.7655054386,93621.2987351693,87792.1117155214,71967.6060650952,84020.1752407724,22520.3526393908,57821.8913975897,20757.1421167503,59736.6527292199,59860.4167713954,34209.7140182438,31965.9545717577,20560.4282298373,19254.2399441498
1583,0,0,0,0,0,0,0,0,0,0,0,0,0,0,0,0,0,0,0,0,0,0,0,0,0,0,0,0,0,0,0,0,0,0,0,0,0,0,0,0,0,0,0,0,0,0,0,0,0,0,0,0,0,0,0,0,0,0,0,0,0,0,0,0,0,0,0,0,0,0,0,0,0,0,0,0,0,0,0,0,0,0,0,0,0,0,0,0,0,0,0,0,0,0,0,0,0,0,0,0,0,0,0,0,0,0,0,0,0,0,0,0,0,0,0,0,0,0,0,0,0,0,0,0,0,0,0,0,0,0,0,0,0,0,0,0,0,0,0,0,0,0,0,0,0,0,0,0,0,0,0,0,0,0,0,0,0,0,0,0,0,0,0,0,0,0,0,0,0,0,0,0,0,0,0,0,0,0,0,0,0,0,0,0,0,0,0,0,0,0,0,0,0,0,0,0,0,0,0,0
1584,0,0,0,0,0,0,0,0,0,0,0,0,0,0,0,0,0,0,0,0,0,0,0,0,0,0,0,0,0,0,0,0,0,0,0,0,0,0,0,0,0,0,0,0,0,0,0,0,0,0,0,0,0,0,0,0,0,0,0,0,0,0,0,0,0,0,0,0,0,0,0,0,0,0,0,0,0,0,0,0,0,0,0,0,0,0,0,0,0,0,0,0,0,0,0,0,0,0,0,0,0,0,0,0,0,0,0,0,0,0,0,0,0,0,0,0,0,0,0,0,0,0,0,0,0,0,0,0,0,0,0,0,0,0,0,0,0,0,0,0,0,0,0,0,0,0,0,0,0,0,0,0,0,0,0,0,0,0,0,0,0,0,0,0,0,0,0,0,0,0,0,0,0,0,0,0,0,0,0,0,0,0,0,0,0,0,0,0,0,0,0,0,0,0,0,0,0,0,0,0
1585,77251.9504230092,88015.8953485254,41928.9580784244,129511.6180191627,70969.0266626371,56276.2913738555,51996.0421520533,29381.0996334050,116616.2447164968,46428.7984088831,90082.9988003669,87909.7329999842,60638.6187644000,16005.0521576982,23376.4921509756,61849.1616785106,91847.5804945029,47478.3851087392,69040.0753864531,42177.0011290789,37873.1598095383,62405.9765118293,29826.2982367893,86111.3179281502,8816.1248738111,98302.9284951723,68936.0102932010,74049.5947771783,46524.4461380201,39577.4643595670,28078.9810389437,85039.3190805868,62274.7979329874,99645.1200699445,78053.1117088087,11218.4967410065,98128.3969211693,29943.3747817008,45905.9966774615,49350.9297660278,53983.5400015241,110116.0880182033,57464.5334099279,19321.0137636943,34436.3643838449,73375.7728857524,85319.6116098941,103745.9346793032,60185.3864252779,82101.5469109931,60146.8998488911,40880.9288645325,57489.7457663223,53573.5900248538,1555.6211016224,38424.4593312364,75463.9977835389,63889.1819070739,68986.4885783811,66560.7918446171,88203.2629575367,17789.2465308689,51498.0578285933,70529.6685741693,57554.6759294557,19045.0728926629,40075.4124596887,30253.6888650558,46473.5031831195,87916.5536910356,38129.8702422819,80930.6651914002,70199.8111366733,15126.1206052477,82643.8289072128,43061.7617048638,82360.4258819244,94156.4060001009,39459.5514485077,71661.1290079841,54746.5112052568,59445.0956179865,55625.9623816455,79489.0372464321,53814.3472081581,102305.6730743889,46430.9215862797,37220.3080228055,37441.6586362037,10859.6247530777,29312.9999515117,21506.0841743814,47562.2867643764,89416.4182571094,55699.5366659249,76981.9990552456,100158.0037863526,31410.6541510133,53813.4239130109,77267.5075357399,49339.0199195593,23954.8026758346,79894.0340550036,28043.9744315836,90682.3988029089,29383.7899800977,28335.1784006958,68366.4579979703,37879.8995932521,6476.8385542325,94729.4029597612,66762.4290898749,108868.3694516733,27409.4324830829,67746.2262317286,93120.5152191393,64316.7640194334,23031.4270677100,74028.0337103281,47806.4390233268,49868.9065095529,23159.3293753673,81095.9719993091,53170.8626320551,72710.1580720218,45059.8113186705,42811.7963455959,61613.3840338819,79193.7500727431,16018.7412317328,63883.0581989616,57249.1552316517,58674.3620162932,69610.8940633755,91804.2393179581,55657.2474983359,64052.1159126637,38075.5190377562,100335.9213712250,62899.2182492463,82513.0385031737,3626.7838002527,12493.7935154441,17085.9027804161,54131.5296942145,64843.8765202506,46798.1481061323,65139.5496941118,30284.9643542611,97030.3607861262,53641.3897362298,23312.8163427982,75548.1985701851,47564.5411953257,41038.3466816197,36188.5828408073,87168.4914126809,69403.7150859873,15549.6784453651,33058.8332217271,51390.2466550866,39055.8900576027,86788.9656851002,47972.6730498486,128644.6692563834,36609.0324335647,59094.9014287246,75650.1302775841,67266.9321713777,52333.5919181878,84142.8679138161,45415.5310656065,36434.4590775081,15533.8937055956,75052.1461090913,33851.2152139909,61510.6545295843,82611.7923789000,70022.4967921023,17303.8136345591,83176.4528674815,24027.4558212052,42466.1458569422,81907.0772456435,80044.5033019175,54593.6569132653,33474.9429403482,94565.3142412749,88770.0560620763,72981.5027708071,84905.1683623669,23464.0273974565,58800.2598109383,21313.2261781618,60417.8297741650,60870.6741191886,34334.8744589481,32898.8239585198,21577.1409636547,20168.1233196211
1586,77732.8475248159,86695.0301582843,43069.8361363796,129262.2505475866,70215.3993409491,57518.3467996524,50843.5252938408,29452.5884362790,116825.9236036710,45192.8114242256,89850.1010398475,86731.0078780167,60604.2798918345,28903.3885151514,24629.4981967778,60526.7001437275,91993.2207785723,46934.1663902094,67769.3554740591,43193.1057690803,36559.3403337238,61343.9919887669,28907.8148493126,85577.1128815604,9192.3845306332,98699.4611943883,68529.4734650575,74240.1798861139,45584.2670032891,40860.2867960759,28856.2241696297,83760.5030528402,62665.1560663227,99605.4656728585,77966.5380117008,12477.5036053265,97724.2870992898,28664.6417475660,45854.0605181246,48029.6792451095,52701.5070475991,110188.4110985549,56706.2214053721,18828.9638499487,33969.6828862915,72059.5137974345,85639.8878144812,103980.4601465091,58983.4252015251,81735.2141945045,58839.7765229255,39672.4844010546,57139.4578189914,54622.5213762560,58.1061057524,37311.7876069744,74871.6944591261,63300.6203600834,68784.6428155341,65636.0265375571,88198.8680072991,18727.3070405207,50391.8389707253,71143.9883168292,57749.1902694215,19266.5475992203,38772.0476101347,31576.1970402440,47642.3781348023,88378.4063782958,38918.4235592945,79705.1249403444,70218.2803707557,14095.0816622591,82762.1023770877,42752.6619762064,81052.5527030906,94444.6432917421,38654.4938369454,72006.6879217456,53483.4472011889,60610.3504008851,54710.8163775928,79257.5653064965,53648.5947664041,102424.9013683966,45121.7992854056,38367.4096059804,37376.6332766791,12062.3897933962,30361.2078397127,22829.7793129701,48821.1076826359,88990.8107883113,55149.5565932362,75696.9599340932,99855.9410881585,32651.2323523227,52494.0633378191,76801.0563274821,48555.7644717132,22631.5055886343,78571.6295028855,27763.6809401428,90569.6502909536,28248.0925566913,28798.5634083880,68854.9070232238,36644.1111683446,5000.4744913943,94776.9942299920,66984.0744082195,109031.0919990705,26757.6687173493,66442.9768959612,92790.1236755567,63499.6252097257,22008.9084519228,73713.3720365934,46512.0541898644,49497.0012452219,21913.3316316463,81324.8051295634,51974.0123251782,71475.4507069811,43909.7832421393,41487.7653594532,60342.4863968713,79565.7674922273,17570.4102778451,63583.9223337141,55925.8479116132,57544.2698610448,69085.0980996360,92178.3205711733,54634.0385828338,64136.7161741336,37106.2435389880,100651.0794066646,62447.2461224830,81902.3430987392,5573.5612890136,12172.2930361210,18368.2134493500,54121.8029887161,64141.4168615270,45528.9218796548,63904.1777117724,28961.5757189473,97223.8596288986,52335.8517552763,24408.5465044178,74860.4192989796,48644.2562465653,42257.0081294498,37185.1227856599,86854.9882691729,68772.2699180271,16130.5950773726,32304.3243723779,50729.7175509273,37783.3183950301,86996.5005668247,47766.3599713517,128453.5453030159,36334.8157390887,58444.7401328324,75702.4473597852,67171.6305652034,53537.7728610465,83687.8060754248,44357.1313391324,37066.2786498277,16854.3435751653,74873.8777907457,35155.5716211626,60613.0738563787,83066.4986103528,70141.3525855646,16061.1762564850,83210.4879828547,24128.3986685383,43584.1981627061,81760.4312330518,79502.6959931183,55736.2254874524,32417.1419514918,94501.7946757890,88842.9346499161,73511.0475121592,84667.6887665222,24336.6852109417,58881.2104518308,20541.3163059468,61631.5134022309,61159.6057200480,33155.0902986655,33794.3495212930,22067.5441277386,20054.3197004413
1587,0,0,0,0,0,0,0,0,0,0,0,0,0,0,0,0,0,0,0,0,0,0,0,0,0,0,0,0,0,0,0,0,0,0,0,0,0,0,0,0,0,0,0,0,0,0,0,0,0,0,0,0,0,0,0,0,0,0,0,0,0,0,0,0,0,0,0,0,0,0,0,0,0,0,0,0,0,0,0,0,0,0,0,0,0,0,0,0,0,0,0,0,0,0,0,0,0,0,0,0,0,0,0,0,0,0,0,0,0,0,0,0,0,0,0,0,0,0,0,0,0,0,0,0,0,0,0,0,0,0,0,0,0,0,0,0,0,0,0,0,0,0,0,0,0,0,0,0,0,0,0,0,0,0,0,0,0,0,0,0,0,0,0,0,0,0,0,0,0,0,0,0,0,0,0,0,0,0,0,0,0,0,0,0,0,0,0,0,0,0,0,0,0,0,0,0,0,0,0,0
1588,0,0,0,0,0,0,0,0,0,0,0,0,0,0,0,0,0,0,0,0,0,0,0,0,0,0,0,0,0,0,0,0,0,0,0,0,0,0,0,0,0,0,0,0,0,0,0,0,0,0,0,0,0,0,0,0,0,0,0,0,0,0,0,0,0,0,0,0,0,0,0,0,0,0,0,0,0,0,0,0,0,0,0,0,0,0,0,0,0,0,0,0,0,0,0,0,0,0,0,0,0,0,0,0,0,0,0,0,0,0,0,0,0,0,0,0,0,0,0,0,0,0,0,0,0,0,0,0,0,0,0,0,0,0,0,0,0,0,0,0,0,0,0,0,0,0,0,0,0,0,0,0,0,0,0,0,0,0,0,0,0,0,0,0,0,0,0,0,0,0,0,0,0,0,0,0,0,0,0,0,0,0,0,0,0,0,0,0,0,0,0,0,0,0,0,0,0,0,0,0
1589,0,0,0,0,0,0,0,0,0,0,0,0,0,0,0,0,0,0,0,0,0,0,0,0,0,0,0,0,0,0,0,0,0,0,0,0,0,0,0,0,0,0,0,0,0,0,0,0,0,0,0,0,0,0,0,0,0,0,0,0,0,0,0,0,0,0,0,0,0,0,0,0,0,0,0,0,0,0,0,0,0,0,0,0,0,0,0,0,0,0,0,0,0,0,0,0,0,0,0,0,0,0,0,0,0,0,0,0,0,0,0,0,0,0,0,0,0,0,0,0,0,0,0,0,0,0,0,0,0,0,0,0,0,0,0,0,0,0,0,0,0,0,0,0,0,0,0,0,0,0,0,0,0,0,0,0,0,0,0,0,0,0,0,0,0,0,0,0,0,0,0,0,0,0,0,0,0,0,0,0,0,0,0,0,0,0,0,0,0,0,0,0,0,0,0,0,0,0,0,0
1590,68889.9423971230,117390.7409935309,30826.3001617324,135235.3501749134,89149.9131489098,28360.7713570605,80262.7690792968,38691.9894273955,112520.0776825520,74144.5054443769,96863.7414004764,113934.5032140725,65490.8165065230,45645.9156089491,17172.4459610337,91554.1228318585,90287.9102350350,63541.2723564250,97171.6386663448,24160.5546180507,67616.5757672790,86631.0207949210,53631.4854521038,99305.2354516737,28157.2626478919,90641.4688291451,80538.7836013145,72706.6932954932,69316.2513646752,18690.7263856715,23887.7869782212,113258.9055221685,57573.1358510435,101804.5598838640,82447.9651563310,20206.0000672475,108151.3288363934,58672.6037000821,53210.8392220993,78802.1303055927,83547.2114913669,109357.3868100727,76458.7057745770,39974.3012051274,51073.7337193380,102605.2128926309,80169.1616422465,99583.2632046357,87042.0944617031,92077.9753665015,89160.3770824924,69841.8875916244,68963.7373659671,32253.0037906151,31237.2695448441,64375.1846463354,90316.9809423373,79347.9217917519,76478.4453288454,88130.3496215660,90176.5398317457,19740.8536325094,76842.3117481743,59468.3266681656,57921.3062361507,31162.5661056187,69117.9198663184,0.0062594615,21919.2123658952,79271.2263838969,28546.6316307544,108003.2482600555,72972.9991300834,41999.7112203303,82261.5437014930,55602.0110277131,111320.7121699626,89224.8060363750,60642.3333690196,66991.3549971299,82848.2214260163,33831.3237749305,77495.9732921184,86836.1825315274,62139.8549649961,100818.8312570044,76163.3919338081,15740.0704150627,46741.7239765607,19860.5852155319,16284.0297014032,17920.9426948603,19442.1424135649,100248.4931738925,71065.6733476094,105386.9387867834,107951.8643688191,4409.7921016910,83549.9328465420,89535.7092582987,69325.9833335940,53555.0880460925,109349.1855743597,43328.5927866670,94868.9977094212,56118.4610408643,30936.9549902361,60628.2799797100,65764.9579795748,34314.6076291210,95203.3095432433,65414.1457006444,106124.7671445335,48018.0084594947,96631.4250487369,101808.7153726339,83999.3202686430,48854.4067482025,83440.8462806295,76602.5234967259,62587.0962667004,51602.7123380575,78335.8308445962,80060.6073093081,100051.8820485075,71349.8119639862,72417.6944638866,89807.1535027728,73268.8696204451,27248.5544465649,73765.1251662872,86779.9495308199,84236.7844812519,83499.5284930825,85007.0206569015,79414.9466252357,66009.2403413120,61879.9314735213,94473.7313846862,75836.8912022411,97397.1755777296,26106.2104284811,34309.8303249605,13095.7670592723,59296.4098596238,82376.2804279421,76272.2367935046,92575.4402243971,59870.1852215839,94116.4720003101,82646.1980743363,14516.9209905895,92256.0481931646,26107.4664006298,15278.8154398114,20976.9601566162,95787.5811475665,85338.2488217206,25687.9530792121,54205.0717990005,69100.3210319086,68576.6095626910,84130.1815291069,57881.7860451041,133117.8028691687,49721.7448737354,76025.3458380643,77233.1158879032,72710.6955045235,25883.5125841344,95823.8128536388,70193.3545140039,31608.0061676511,14786.2582957018,81590.9401558013,869.0498888274,82790.6504046925,74480.3672540981,70632.3295454275,45937.5506560984,84618.2180046378,35105.1855114893,20635.0342922096,87321.7252351837,93671.0515529104,30072.2312979779,58888.5943490563,97487.2535652798,89009.7547889678,63798.1037162009,92056.6806665703,20574.4706372735,61452.4530138657,44561.5999188722,33238.7150166764,58688.7584110451,61462.9220388280,22561.4993296790,27863.0689978707,36041.9339355943
1591,0,0,0,0,0,0,0,0,0,0,0,0,0,0,0,0,0,0,0,0,0,0,0,0,0,0,0,0,0,0,0,0,0,0,0,0,0,0,0,0,0,0,0,0,0,0,0,0,0,0,0,0,0,0,0,0,0,0,0,0,0,0,0,0,0,0,0,0,0,0,0,0,0,0,0,0,0,0,0,0,0,0,0,0,0,0,0,0,0,0,0,0,0,0,0,0,0,0,0,0,0,0,0,0,0,0,0,0,0,0,0,0,0,0,0,0,0,0,0,0,0,0,0,0,0,0,0,0,0,0,0,0,0,0,0,0,0,0,0,0,0,0,0,0,0,0,0,0,0,0,0,0,0,0,0,0,0,0,0,0,0,0,0,0,0,0,0,0,0,0,0,0,0,0,0,0,0,0,0,0,0,0,0,0,0,0,0,0,0,0,0,0,0,0,0,0,0,0,0,0
1592,59547.8855966890,106303.5563783475,33970.5942596272,121661.1375505357,74080.2319064564,35031.3295114709,74504.5243359948,23585.2395039200,101877.8713805489,61755.9036230919,82830.5420074980,100193.9156775092,51481.6343057138,36608.6666786703,6247.6729008869,81703.5368943038,78486.6369959237,48458.8106891705,84766.7941789305,19681.4111678334,58676.7239767718,72488.2909072900,40051.9118078349,84354.5997675139,17038.8322495397,81300.2190483084,65649.9613857035,60564.5429892551,55024.4415032159,20331.0991331200,12741.2724356276,100790.6531785606,46323.5894658293,88947.5872313808,68799.5384855874,18674.6920813324,93611.7154170247,47568.3733147121,38517.3526612035,68261.7362557062,75452.6141102705,97473.9402608712,61488.7657245785,26365.1075884986,36146.1361464319,91365.7874268501,69591.7677301934,88851.0077571403,73925.5644866689,77456.7562648987,77743.3973613903,63165.3063028507,54010.0011368836,30964.7258307818,25066.9996817100,51241.6205090459,75240.9250923083,64241.8576351720,62116.4591499251,73397.6764785143,77255.3826216201,9393.7306447715,63195.7430171848,51311.0587641599,44886.5922002038,16651.4828462368,58079.1714798763,16821.7828312005,24250.1807748095,70242.6111041596,18028.5337033310,94800.3740476901,59593.8631489420,30586.8236881656,69957.1946852132,40506.8351003612,99623.0831411766,78683.8425573033,46166.0971057166,55972.4618455260,70596.2563185395,37132.2264035842,62901.5993263174,72606.8196949497,47460.3767505494,89107.4679842521,67293.6193751267,14878.1800030015,31721.7727837883,12086.4159311799,3834.0990116076,14320.5281379669,26941.3530161410,85556.0787796249,55957.2165577534,93140.6014157254,93794.0186195988,11301.1481601504,74072.2573700029,74629.9700546660,54521.3952001114,44019.6977204532,98488.1110022349,28449.3843857369,81405.7271784610,43657.8314665728,16085.1379732579,50803.0528234417,53694.5984805807,24441.0474267880,82786.5892010084,53121.6962953944,94913.5810939566,33824.2358962483,84967.8919858998,87450.9569427954,69053.0973631152,36321.3264988560,68838.7314115965,65108.5982349396,47516.0449393648,40534.5402126474,66795.1199367098,67060.4594483799,87069.8588944749,58204.8848173870,62394.1299009839,77535.4054430857,62901.3687028794,24538.2476143782,59016.7000358746,76319.8560860411,70569.2197428163,68451.5549670643,75205.1503469652,65223.0293039067,52717.6351893467,48020.9707577721,84382.1418674246,60815.8436744829,82332.6178651856,18464.3382260375,21959.6628441666,9121.5488783896,45097.9538604526,67294.0277311921,68511.1872417627,79726.7117308691,50076.3939679009,82847.5330493828,71306.2070043253,248.3293868620,77147.7514450684,24936.7203987611,19628.8689960709,13850.6247946302,81402.5948774829,70230.9807288692,12000.1866836468,39888.7112661626,54074.1739635049,60775.7501632462,72640.4016480905,42961.8087113275,119841.1332894557,34616.7391365033,60936.0122409976,64250.6027208920,58694.8810066953,30472.8828920605,81007.2131263432,56459.6252803759,18972.7598854375,14838.7826927994,67464.3707631449,16799.6173668784,68050.2259428525,65130.3610959191,57822.2318729831,35402.5305523734,71782.7182196967,20120.3767517085,19919.5971388757,73493.4590999996,78669.8139088710,32142.6985552813,45694.8441950009,84377.9275652003,76595.9504136865,54753.3773393449,77910.5806414617,5162.0233644502,47875.3929336149,31329.0856694603,38623.2528307878,46510.8565764189,49023.8101191741,17637.6693639708,12842.8524746449,21693.9816634347
1593,60823.9184086083,104743.4402483869,32561.6003432589,122115.6420434678,73535.1521416327,36700.2263960457,72683.9854427356,23260.6144712509,102924.8770408146,60322.8443438740,83168.3918348148,99034.6458109046,51872.9654243036,34843.0879926963,5876.2675658410,80030.5253657216,79370.7301882132,47944.7290185256,83353.3951245088,21477.7165221414,56934.5666582201,71427.1904587660,38808.1526975491,84229.3777353013,15321.3455476189,82539.6176217097,65589.0763628087,61414.9522760311,54001.9271825047,21670.2960969417,10737.8724859565,99394.0672144821,47373.7498239975,89605.6241291109,69276.3275304842,17135.9835883401,93738.5570798623,45964.0761142265,38633.9587312773,66631.3108697927,73684.8758278101,98322.4660954504,60822.4209089074,25091.9950211766,35439.9020855535,89814.4180104685,70686.9694213232,89897.2090586377,72622.2458684268,77554.0629737794,76202.6549073903,61353.8444722229,53904.8264218619,32783.5253685912,23248.9018475016,49920.3730691962,74963.3622105377,63874.6144858098,62351.9450857908,72570.3429073518,77911.5952115987,6555.9053123055,61995.6796589320,52733.8081322963,45583.5569889372,15653.3534949611,56482.9731367745,17246.2213537650,26025.8360330669,71534.0381508428,19417.5052884405,93524.1936736181,60162.5458460584,28972.3820124478,70757.8409445611,40207.0194134045,98125.3320294371,79770.3304818470,45206.9607213826,57030.0336742871,69151.7999402301,38925.6444612562,62003.1927607612,72883.1642579035,47563.6243623525,89995.0089475792,65554.6448322341,16659.8267828696,31582.7605534152,10297.4769415287,7092.1600927029,13748.7149856676,28512.7750951686,85609.1382620370,55553.6705850317,91709.1898281402,94078.8804574644,12637.9135443122,72370.8067217252,74548.7157122917,53730.6864485152,42291.7483703462,96903.5077652211,27700.8567707148,81919.8375903785,42210.2634646787,16225.0206122487,52043.1342262104,52208.2880191448,22683.0527726106,83546.6865873861,53960.0848278017,95879.6728084298,32743.1959602238,83458.9903379942,87662.5042871121,68365.9973275073,34868.3846356373,68953.7880909300,63566.1161354588,47267.4860874171,38913.5768203615,67743.5014704113,65730.8161735291,85749.7182858641,56893.9144537733,60719.2303823947,76098.7437089783,64038.9881510141,22836.8931132513,59060.2579545810,74688.8497264168,69379.2969157364,68225.1912159285,76396.4006929839,64173.5899292219,53325.1579187246,46859.6971480297,85523.4656246060,60631.2357411969,82073.3627598144,16641.3251834884,20420.1061118164,9996.9455876309,45434.4015436979,66774.5645587678,66728.4617368494,78379.6087714289,48372.6002452677,83817.3239034309,69752.6222606318,2091.9412253340,76730.8292320618,26760.7882098547,21279.5289700985,15610.0090549590,81607.4070430822,69851.0589653031,10642.9577069560,38860.6545233089,53468.0208930587,58990.0263992584,73587.5938192783,42904.2453129716,120375.9477648057,34189.1405063207,60434.7029057135,64911.8914121922,59069.3952496613,32209.2295787643,80987.2665761288,55274.9161295256,19965.0213732190,13595.2127676048,67785.7052328317,17753.4150283358,67225.8560480985,66393.8804865197,58536.9513376862,33723.6427443793,72466.2834778239,19472.3257251867,21735.2771455306,73908.9289541789,78497.0306990778,33949.9955185356,44377.2826796116,84980.7900228057,77364.4269797434,56074.9969688008,78212.8368974389,6945.8362661754,48415.6527353011,29987.1926855841,40359.6297902977,47392.7208270657,47582.2341429471,13264.2903211284,12255.1903517500,20640.1910425758
1594,61149.4300224605,108743.7172612341,32970.4642553109,124410.7433865628,77300.4097441281,32956.7540614024,75734.6836338792,26793.3125716861,103875.9785987060,64433.8992780942,85692.2334952593,103184.3612051291,54316.7929192273,38409.8090959220,1808.4686718415,83850.5857669907,80750.6834336989,51678.9813887107,87472.1656354456,19536.9815850920,60569.0221090433,75550.5326676869,42964.7842189912,87492.9261355830,19125.3314111546,82953.5795659172,68764.9758651140,62891.4802485102,58109.4563617358,17546.0320373982,12567.0834525406,103519.6020948953,48373.7073583281,91494.9838804074,71546.0148190740,18210.9719674656,96621.4690411460,49921.5569187256,41556.9212827820,70538.6163732911,77201.0317074551,99777.2106969900,64699.6746594950,29248.6788471926,39348.0992532502,93826.4996750127,71529.9857709739,90857.6169520432,76774.7987405285,80487.8786104646,80228.2773876380,64563.0322407402,57146.5030378998,30390.3405338756,25994.4001149612,54070.9806954814,78428.7370663300,67448.7979223871,65064.2034240525,76572.3161792584,79810.8382893780,14854.0022426652,66150.1744186177,52583.3856545050,47427.8901147243,19737.8073117789,60446.7547671958,21088.6602422497,22735.2746284297,71796.5079943730,19584.7535034724,97679.4934819395,62256.6404090189,32931.0266314485,72341.5061155431,43704.7422354387,102188.4802284571,80628.8893321217,49284.4214946762,57992.4253388361,73255.3579171069,35706.0972068359,66049.3550846040,75520.2422314991,50500.3421988588,91359.9664183018,69195.0295754274,13511.3644422504,34880.8734907841,12899.8438667588,5238.0694870253,24024.8369660248,24592.2727734946,88610.5219104248,59169.8224859665,95818.1792119227,96694.3000107679,14928.1835462942,76124.0663176193,77751.8815990596,57705.7536961196,45988.7514318531,100873.8120200980,31640.2657099394,84109.7608473558,46317.0443710926,19159.9940165961,52495.5196216293,56287.1859729964,26318.2286172897,85214.2384885796,55474.3323012680,97045.8674412308,36869.3312567477,87514.0983122664,90406.3812878369,72261.2201430434,38974.7292300711,71861.8750446550,67592.5090404589,50700.5580674894,42851.3731471152,68974.9030244015,69878.9645468727,89899.1163504670,61045.8452369055,64542.3952174552,80206.0288985445,64771.4883972534,24602.4990996369,62083.4687670971,78592.7000835070,73532.8667172811,71626.3322291270,76960.3712260093,68292.3706725990,55346.7537082460,51008.1844265262,86224.3623269150,63979.0044616534,85515.1229299613,19588.2112891789,24477.5066465284,8217.0277149324,47983.7268170923,70514.1544444798,70168.2171711940,82523.0723390497,52133.5953081805,84981.2584644803,73765.6336874655,1394.5483389782,80360.9099055976,24185.6347562964,17543.2425268530,14139.6739921980,84364.2944112294,73439.5009011554,14796.9945218106,42968.5078004313,57291.3290746997,62417.4664224893,74816.5146609949,46083.5766352478,122512.3423465613,37833.6489517093,64155.7983808429,66809.4011166263,61538.2949732531,28692.9485256162,84100.1807091724,59427.4702868392,21246.9914541964,13700.5921789299,70345.5884168879,20388.6622946998,71225.5063684693,66750.4483543306,60325.1165977830,37561.0284166082,74310.1716169499,23327.7668952863,18866.7367662456,76293.2534372135,81826.2821252511,30879.4804319580,48528.8814518240,86988.8603886832,79016.7948072388,56263.0814398405,80802.2484497405,10535.0233733017,50579.0858879958,34136.1657470830,36822.4775110975,48815.1986763777,51690.9545878404,13189.3475914445,16053.4842779636,24752.3236923665
1595,0,0,0,0,0,0,0,0,0,0,0,0,0,0,0,0,0,0,0,0,0,0,0,0,0,0,0,0,0,0,0,0,0,0,0,0,0,0,0,0,0,0,0,0,0,0,0,0,0,0,0,0,0,0,0,0,0,0,0,0,0,0,0,0,0,0,0,0,0,0,0,0,0,0,0,0,0,0,0,0,0,0,0,0,0,0,0,0,0,0,0,0,0,0,0,0,0,0,0,0,0,0,0,0,0,0,0,0,0,0,0,0,0,0,0,0,0,0,0,0,0,0,0,0,0,0,0,0,0,0,0,0,0,0,0,0,0,0,0,0,0,0,0,0,0,0,0,0,0,0,0,0,0,0,0,0,0,0,0,0,0,0,0,0,0,0,0,0,0,0,0,0,0,0,0,0,0,0,0,0,0,0,0,0,0,0,0,0,0,0,0,0,0,0,0,0,0,0,0,0
1596,0,0,0,0,0,0,0,0,0,0,0,0,0,0,0,0,0,0,0,0,0,0,0,0,0,0,0,0,0,0,0,0,0,0,0,0,0,0,0,0,0,0,0,0,0,0,0,0,0,0,0,0,0,0,0,0,0,0,0,0,0,0,0,0,0,0,0,0,0,0,0,0,0,0,0,0,0,0,0,0,0,0,0,0,0,0,0,0,0,0,0,0,0,0,0,0,0,0,0,0,0,0,0,0,0,0,0,0,0,0,0,0,0,0,0,0,0,0,0,0,0,0,0,0,0,0,0,0,0,0,0,0,0,0,0,0,0,0,0,0,0,0,0,0,0,0,0,0,0,0,0,0,0,0,0,0,0,0,0,0,0,0,0,0,0,0,0,0,0,0,0,0,0,0,0,0,0,0,0,0,0,0,0,0,0,0,0,0,0,0,0,0,0,0,0,0,0,0,0,0
1597,0,0,0,0,0,0,0,0,0,0,0,0,0,0,0,0,0,0,0,0,0,0,0,0,0,0,0,0,0,0,0,0,0,0,0,0,0,0,0,0,0,0,0,0,0,0,0,0,0,0,0,0,0,0,0,0,0,0,0,0,0,0,0,0,0,0,0,0,0,0,0,0,0,0,0,0,0,0,0,0,0,0,0,0,0,0,0,0,0,0,0,0,0,0,0,0,0,0,0,0,0,0,0,0,0,0,0,0,0,0,0,0,0,0,0,0,0,0,0,0,0,0,0,0,0,0,0,0,0,0,0,0,0,0,0,0,0,0,0,0,0,0,0,0,0,0,0,0,0,0,0,0,0,0,0,0,0,0,0,0,0,0,0,0,0,0,0,0,0,0,0,0,0,0,0,0,0,0,0,0,0,0,0,0,0,0,0,0,0,0,0,0,0,0,0,0,0,0,0,0
1598,66856.7175946056,98946.9786419050,26669.1805733509,125044.5314649072,72589.2997087967,43365.2756137282,65321.3959483281,24251.4363620561,108083.1431760275,55309.0891964728,85762.1896715677,95217.7849030539,54881.4231344587,28003.9108782940,10919.7659232615,73656.6241388603,84007.1756212448,47384.0692957745,78348.6346800015,28964.7568850627,50184.4614323179,68178.9894540551,34997.0608194337,84982.3418206009,9324.7274345693,88398.0248616664,66717.5321434589,66009.4394836724,51069.7879197042,27287.0804488972,16422.0877818824,94434.5951681227,52736.8424007813,93385.8851453186,72468.2760294704,11047.7503304685,95464.6383407024,40100.1930502047,40803.0233698224,60526.8169589170,66742.6477440452,102778.5386647508,59445.8625830315,21528.0933571824,34290.0664264237,84086.7764079041,76088.3508760613,95077.9091439045,68204.1586194138,79235.8723708004,70561.3791934391,54091.5630856995,54966.1728641510,40273.5770789664,15758.8712942450,45561.6628647689,75140.1032314988,63757.2290538987,64673.8305431809,70388.3462338361,81727.5915508376,10686.0841947554,58142.9562842038,59249.6368483156,49764.2357473198,14361.6029386377,50607.1844328409,19947.7951113581,33191.1261215229,77587.7295955289,26073.5784433114,89166.1276776238,63754.0080618304,23245.8641701718,75129.3318748989,40689.7302389036,92660.2827503488,85115.3623614350,42686.6990725305,62359.6183412081,64037.1483236496,46150.2422942293,59574.0357148183,75291.4276401995,49529.9954323714,94612.4425791958,58809.0184943427,23893.1091327517,32943.3586161810,548.2860819145,16048.3953432330,13058.3708075666,34847.6453820346,87075.0259504922,55364.9218175124,86592.6599298385,96424.7368888950,18606.5595704730,65843.7441077153,75532.9750062399,51872.6579819121,35682.3587913273,90989.1111979023,26632.7398194330,85190.1377835665,37266.1931918722,19466.9483222755,57994.1667033683,46962.3887847997,16027.2293766941,87722.1112542448,58559.5056113985,100764.2804345121,29899.4199201777,77966.3195178018,89746.4069326434,66836.4692524636,30002.6666342141,70757.9565923655,57956.8467835605,47834.0338859942,33007.7732934213,72650.0425589628,61215.4481212011,81200.4393164474,52528.1028213682,54374.7186474053,70998.5569920406,69606.4326154325,15737.6448380740,60661.3714860534,68561.4945426345,65530.2547511204,68659.4392275139,82106.6523623522,61026.4306412793,57112.0894683511,43340.6050035480,91043.3736559494,61300.1188842595,82285.9431408597,9186.5805249718,15486.6680700540,10590.9266670071,48316.1474412243,65986.5426456919,59689.6183631668,73721.8938203535,41893.5271678911,88744.3308050613,64061.5748224717,9968.4668256817,76312.5792599438,34223.9597190623,27987.9357338369,23057.3454132958,83691.7970797705,69633.6999277783,12597.2898821810,36125.6941101348,52433.1550056892,51937.6890486114,78467.2628266397,44314.0455971907,123616.0128085649,34289.1331177561,59779.1166763180,68810.5217355683,61947.8004048496,39179.3258914220,82182.8663649783,51549.9967709958,25572.9645159016,19235.3707126253,70398.1664248113,22233.0367619648,65092.7751343516,72369.5602314157,62668.4470566797,27503.3930452831,76406.5643840793,19385.9109071251,29111.2220806460,76843.9744507255,79085.3320720688,41258.4430296031,40099.2660054193,88571.6217567649,81592.6104563466,62268.4268997630,80692.5205618586,11311.0885970152,52007.8441217442,25858.1209695011,47304.9021557818,52193.1726812917,42614.4142555680,20274.6324435267,13416.7163555449,18525.7447253725
1599,0,0,0,0,0,0,0,0,0,0,0,0,0,0,0,0,0,0,0,0,0,0,0,0,0,0,0,0,0,0,0,0,0,0,0,0,0,0,0,0,0,0,0,0,0,0,0,0,0,0,0,0,0,0,0,0,0,0,0,0,0,0,0,0,0,0,0,0,0,0,0,0,0,0,0,0,0,0,0,0,0,0,0,0,0,0,0,0,0,0,0,0,0,0,0,0,0,0,0,0,0,0,0,0,0,0,0,0,0,0,0,0,0,0,0,0,0,0,0,0,0,0,0,0,0,0,0,0,0,0,0,0,0,0,0,0,0,0,0,0,0,0,0,0,0,0,0,0,0,0,0,0,0,0,0,0,0,0,0,0,0,0,0,0,0,0,0,0,0,0,0,0,0,0,0,0,0,0,0,0,0,0,0,0,0,0,0,0,0,0,0,0,0,0,0,0,0,0,0,0
1600,0,0,0,0,0,0,0,0,0,0,0,0,0,0,0,0,0,0,0,0,0,0,0,0,0,0,0,0,0,0,0,0,0,0,0,0,0,0,0,0,0,0,0,0,0,0,0,0,0,0,0,0,0,0,0,0,0,0,0,0,0,0,0,0,0,0,0,0,0,0,0,0,0,0,0,0,0,0,0,0,0,0,0,0,0,0,0,0,0,0,0,0,0,0,0,0,0,0,0,0,0,0,0,0,0,0,0,0,0,0,0,0,0,0,0,0,0,0,0,0,0,0,0,0,0,0,0,0,0,0,0,0,0,0,0,0,0,0,0,0,0,0,0,0,0,0,0,0,0,0,0,0,0,0,0,0,0,0,0,0,0,0,0,0,0,0,0,0,0,0,0,0,0,0,0,0,0,0,0,0,0,0,0,0,0,0,0,0,0,0,0,0,0,0,0,0,0,0,0,0
1601,67205.4305656783,105374.6699901897,26499.4208658995,128603.5110207461,78413.3204913497,37818.9368534031,70223.9967887593,28912.1433619638,109519.1230058878,61928.2741699810,89562.5760541072,101829.0907920906,58335.3389526899,33982.7485992801,4068.4437272668,79833.0637902146,86017.2236807567,52990.8457463376,84960.0506593295,26059.3211916285,56126.4874923618,74700.2927783546,41571.0870855766,89985.8026258103,15939.1153632124,88966.7243313155,71480.1254665177,68063.8001566295,57508.2778764413,21158.0219615989,17380.7073321902,101047.0570938227,53963.0625562949,96219.4083197513,75794.0416686267,11695.8107313490,99880.7625695098,46571.8351197740,44837.2305845836,66865.7837553155,72436.9385547090,104971.6532062910,65421.5585529086,28010.0599832985,40097.5323321235,90546.0352652147,77250.0591823686,96491.5039132500,74844.5072903840,83667.8368933032,77056.2019066215,59300.7935967608,59746.9903354048,36751.6303419245,20438.9521390595,52197.0546983910,80444.4558486904,69192.6373013887,68652.8573415076,76653.2384941124,84525.9808763850,8900.6232238540,64745.8584098972,58868.3456635154,52216.4901061255,19969.3810063611,57053.1389017179,23226.1137040577,28486.1250495790,77893.0043921075,25651.4369116227,95806.4700820163,66740.7089060547,29809.4658518024,77405.9669869630,45752.9898496733,99187.5514482947,86339.7420532531,49003.4318628407,63616.1503876521,70640.9307146195,41418.0903169297,65897.2527740177,79220.0624499484,53727.3632129824,96641.2938276614,64730.6962556355,19578.2002781379,37461.6610096922,9485.6425149045,13609.6266605831,14857.6072167894,29079.8831634233,91652.8971092863,60818.4021258508,93187.5334909675,100413.6825293033,12982.5911188608,71929.5825688774,80392.9029773771,58006.4498253799,41800.5038837082,97377.6585251562,32351.5786469012,88459.1678799011,43900.2119649880,22581.9978271071,58470.9893085895,53560.1723807865,22300.6427163371,90189.4802252353,60609.2556576857,102508.8538984099,36258.7809649570,84494.3684336029,93916.5945228918,72880.5238545132,36642.6502541229,75100.2016328463,64472.0472687171,52877.6089603624,39486.7847903013,74376.8912371160,67856.1961605301,87840.2078978695,59165.5900731076,60601.7120461546,77601.1074043792,70569.5233093125,18270.7265627027,65121.2301599356,74878.5707392297,72136.3344610439,73819.3842940201,82877.5256080277,67522.7731575945,59924.5280772952,49883.6653448810,92051.4358001681,66319.3163408975,87579.9085934333,14510.5093661611,22121.5926275283,10.1323157586,51856.5604718227,71734.4831693796,65274.8699785914,80359.2927797601,48073.9731957388,90444.8954147399,70548.0624833265,10622.3495771275,81909.3266995659,30491.4032096539,22700.6132987952,20674.2894566094,87857.0855105166,75126.9065540891,14125.2279467380,42481.3745461232,58259.0686316332,57528.6943691879,80221.6029405674,48854.6896765549,126922.3501615449,39520.6845242068,65458.4586466453,71530.0614675297,65511.5801438767,34052.7236839168,86923.8297183523,58133.0778278944,26573.3479028947,14485.8458011842,74172.2610955551,15754.1861050775,71336.7723343666,72791.4611711774,65172.1462291439,33890.5352799079,79090.9707531758,24551.5237029457,25048.4361325491,80377.4315865497,84174.8017531262,36783.6271267502,46727.7592236583,91570.7927160223,84008.7968669697,62391.3107894910,84573.6978243819,12490.7420810466,54983.5469667053,32453.2423965572,42069.6427631438,54038.3042391655,49244.0128165332,19320.0253361013,17728.7749330361,24555.6534888495
1602,0,0,0,0,0,0,0,0,0,0,0,0,0,0,0,0,0,0,0,0,0,0,0,0,0,0,0,0,0,0,0,0,0,0,0,0,0,0,0,0,0,0,0,0,0,0,0,0,0,0,0,0,0,0,0,0,0,0,0,0,0,0,0,0,0,0,0,0,0,0,0,0,0,0,0,0,0,0,0,0,0,0,0,0,0,0,0,0,0,0,0,0,0,0,0,0,0,0,0,0,0,0,0,0,0,0,0,0,0,0,0,0,0,0,0,0,0,0,0,0,0,0,0,0,0,0,0,0,0,0,0,0,0,0,0,0,0,0,0,0,0,0,0,0,0,0,0,0,0,0,0,0,0,0,0,0,0,0,0,0,0,0,0,0,0,0,0,0,0,0,0,0,0,0,0,0,0,0,0,0,0,0,0,0,0,0,0,0,0,0,0,0,0,0,0,0,0,0,0,0
1603,0,0,0,0,0,0,0,0,0,0,0,0,0,0,0,0,0,0,0,0,0,0,0,0,0,0,0,0,0,0,0,0,0,0,0,0,0,0,0,0,0,0,0,0,0,0,0,0,0,0,0,0,0,0,0,0,0,0,0,0,0,0,0,0,0,0,0,0,0,0,0,0,0,0,0,0,0,0,0,0,0,0,0,0,0,0,0,0,0,0,0,0,0,0,0,0,0,0,0,0,0,0,0,0,0,0,0,0,0,0,0,0,0,0,0,0,0,0,0,0,0,0,0,0,0,0,0,0,0,0,0,0,0,0,0,0,0,0,0,0,0,0,0,0,0,0,0,0,0,0,0,0,0,0,0,0,0,0,0,0,0,0,0,0,0,0,0,0,0,0,0,0,0,0,0,0,0,0,0,0,0,0,0,0,0,0,0,0,0,0,0,0,0,0,0,0,0,0,0,0
1604,50976.2212694655,138286.7409484308,60713.5061083035,125301.9831039359,95426.5408008587,8515.5294006384,107511.7024058049,48242.5665300767,94542.2467809626,92969.1164281871,90596.1146591059,128186.1080943716,61858.2692410821,69889.8177747519,32590.7706236962,114580.1748346325,76412.8148863286,71180.0396311936,115557.3002876343,17013.1159302497,91901.3041004314,99939.4152346282,70252.5478923323,99368.4960351953,50263.5469764626,70910.1882942506,81037.9504788968,61376.9232801976,82662.9233814083,19311.3355630933,33137.4740647018,131288.7605042915,45976.5566663663,90493.4051027939,75437.3292777778,48568.8337003096,104198.5812118507,80154.2968033175,55197.9063862086,100905.3752100845,108732.3031664647,94663.1370080427,84985.7196324817,57407.1226193149,62058.2220900739,123331.4493050567,63906.3095669098,82391.8147698879,103804.9087076459,89534.4676929462,109690.6648263413,96339.5995875444,71167.9132627166,10935.5148976419,57724.4822377979,81718.3964196950,92971.3506734240,83899.1086378922,73452.7529666249,98212.1447693345,79798.5877957305,39053.6609246812,92295.5519169685,40418.2528859544,51602.9108278290,47054.2348938983,90546.4244319587,30883.0126304342,14035.8272808575,59692.3090066298,27222.7787154113,124128.4615828346,65784.5623837584,63372.2488144237,70482.7024980380,61760.1505215646,131086.4061385939,72188.9104660158,73629.3144367763,53259.0475430034,101801.9046963387,121.3612065508,88928.2003904017,82230.1229331587,62692.7576051251,86059.3424070007,100503.6706853104,18411.7604913014,52784.9914586736,44668.5008594558,27230.8548627995,38291.3750603772,11729.1641858950,97782.4189491992,76718.6490472319,124031.3059595312,101744.1993886434,24652.0796922871,107117.2561352806,89607.5696803678,79808.6706018901,77211.9778229289,130698.0985615264,55634.6274935846,86200.5164547532,75266.4814663647,39723.9037675858,44958.5245737884,85428.1103037546,57717.5453884466,82831.9277054282,55470.9737587103,89786.4782657814,63092.0621905007,116609.7205768777,97013.4958139412,92397.3514470275,68117.9613103857,81345.7974894760,97151.2797651945,67253.9471603672,73264.8062054557,64701.3630925577,97295.8882080288,116936.9588661053,88437.8901774965,95320.4275534403,108604.2463387255,57169.2607575221,55515.4279319302,73562.4581971172,108940.8100355727,99398.9041054001,85929.1667491795,66599.7626227356,92763.0102448591,59339.5740631933,77231.3860159581,76097.5135290283,78346.1714528144,99402.7864808910,51374.5563061874,54552.4486751936,39058.3960649452,57457.1482032316,88684.0635727761,101798.9597229587,109945.0982999522,83169.0582175777,78559.6109452525,103391.5513666353,32517.5869644312,96665.2953752102,16453.9633334469,14971.1694739926,22181.6837178289,91483.0632768928,89652.4236071874,44359.8625637519,68341.2095419293,77364.7799012514,94061.4296462170,69853.2855676529,61000.3990439390,122064.6653379453,58076.5460495925,82507.1249014537,68143.6927006169,68259.6141322404,5769.6730268399,94642.8638498504,85597.0972227148,32785.6855956834,43214.4596191914,76852.9204079074,25496.2153105317,93040.2247173263,55984.8325180708,61665.7859280493,68434.9321038230,74362.3231978995,47920.6571806773,13709.0799461507,80712.8621609039,94711.7557236077,60.6117293157,76285.0637393213,87309.4016788430,77041.4477765756,45912.0870728221,86654.7916698803,34901.9332030681,56542.5925649040,62566.4093225451,3577.5098707027,49489.9370759341,80493.1049273641,27200.3301637084,42027.0970420915,51789.3471632156
1605,0,0,0,0,0,0,0,0,0,0,0,0,0,0,0,0,0,0,0,0,0,0,0,0,0,0,0,0,0,0,0,0,0,0,0,0,0,0,0,0,0,0,0,0,0,0,0,0,0,0,0,0,0,0,0,0,0,0,0,0,0,0,0,0,0,0,0,0,0,0,0,0,0,0,0,0,0,0,0,0,0,0,0,0,0,0,0,0,0,0,0,0,0,0,0,0,0,0,0,0,0,0,0,0,0,0,0,0,0,0,0,0,0,0,0,0,0,0,0,0,0,0,0,0,0,0,0,0,0,0,0,0,0,0,0,0,0,0,0,0,0,0,0,0,0,0,0,0,0,0,0,0,0,0,0,0,0,0,0,0,0,0,0,0,0,0,0,0,0,0,0,0,0,0,0,0,0,0,0,0,0,0,0,0,0,0,0,0,0,0,0,0,0,0,0,0,0,0,0,0
1606,0,0,0,0,0,0,0,0,0,0,0,0,0,0,0,0,0,0,0,0,0,0,0,0,0,0,0,0,0,0,0,0,0,0,0,0,0,0,0,0,0,0,0,0,0,0,0,0,0,0,0,0,0,0,0,0,0,0,0,0,0,0,0,0,0,0,0,0,0,0,0,0,0,0,0,0,0,0,0,0,0,0,0,0,0,0,0,0,0,0,0,0,0,0,0,0,0,0,0,0,0,0,0,0,0,0,0,0,0,0,0,0,0,0,0,0,0,0,0,0,0,0,0,0,0,0,0,0,0,0,0,0,0,0,0,0,0,0,0,0,0,0,0,0,0,0,0,0,0,0,0,0,0,0,0,0,0,0,0,0,0,0,0,0,0,0,0,0,0,0,0,0,0,0,0,0,0,0,0,0,0,0,0,0,0,0,0,0,0,0,0,0,0,0,0,0,0,0,0,0
1607,0,0,0,0,0,0,0,0,0,0,0,0,0,0,0,0,0,0,0,0,0,0,0,0,0,0,0,0,0,0,0,0,0,0,0,0,0,0,0,0,0,0,0,0,0,0,0,0,0,0,0,0,0,0,0,0,0,0,0,0,0,0,0,0,0,0,0,0,0,0,0,0,0,0,0,0,0,0,0,0,0,0,0,0,0,0,0,0,0,0,0,0,0,0,0,0,0,0,0,0,0,0,0,0,0,0,0,0,0,0,0,0,0,0,0,0,0,0,0,0,0,0,0,0,0,0,0,0,0,0,0,0,0,0,0,0,0,0,0,0,0,0,0,0,0,0,0,0,0,0,0,0,0,0,0,0,0,0,0,0,0,0,0,0,0,0,0,0,0,0,0,0,0,0,0,0,0,0,0,0,0,0,0,0,0,0,0,0,0,0,0,0,0,0,0,0,0,0,0,0
1608,0,0,0,0,0,0,0,0,0,0,0,0,0,0,0,0,0,0,0,0,0,0,0,0,0,0,0,0,0,0,0,0,0,0,0,0,0,0,0,0,0,0,0,0,0,0,0,0,0,0,0,0,0,0,0,0,0,0,0,0,0,0,0,0,0,0,0,0,0,0,0,0,0,0,0,0,0,0,0,0,0,0,0,0,0,0,0,0,0,0,0,0,0,0,0,0,0,0,0,0,0,0,0,0,0,0,0,0,0,0,0,0,0,0,0,0,0,0,0,0,0,0,0,0,0,0,0,0,0,0,0,0,0,0,0,0,0,0,0,0,0,0,0,0,0,0,0,0,0,0,0,0,0,0,0,0,0,0,0,0,0,0,0,0,0,0,0,0,0,0,0,0,0,0,0,0,0,0,0,0,0,0,0,0,0,0,0,0,0,0,0,0,0,0,0,0,0,0,0,0
1609,0,0,0,0,0,0,0,0,0,0,0,0,0,0,0,0,0,0,0,0,0,0,0,0,0,0,0,0,0,0,0,0,0,0,0,0,0,0,0,0,0,0,0,0,0,0,0,0,0,0,0,0,0,0,0,0,0,0,0,0,0,0,0,0,0,0,0,0,0,0,0,0,0,0,0,0,0,0,0,0,0,0,0,0,0,0,0,0,0,0,0,0,0,0,0,0,0,0,0,0,0,0,0,0,0,0,0,0,0,0,0,0,0,0,0,0,0,0,0,0,0,0,0,0,0,0,0,0,0,0,0,0,0,0,0,0,0,0,0,0,0,0,0,0,0,0,0,0,0,0,0,0,0,0,0,0,0,0,0,0,0,0,0,0,0,0,0,0,0,0,0,0,0,0,0,0,0,0,0,0,0,0,0,0,0,0,0,0,0,0,0,0,0,0,0,0,0,0,0,0
1610,49545.2255150287,139006.6545012737,62367.7410452468,124121.5029951905,95266.0924483426,11037.5608451614,108782.2881875985,48604.8027555638,92992.4412498339,93623.5957332963,89691.8473774067,128456.9610574572,61249.7366023487,70989.6522672224,34001.9136993499,115490.1039198122,75114.6422496248,71213.5624817958,116130.4773854081,17419.2293844740,92945.2906866113,100210.1701553512,70853.0730804187,98814.7645245533,51338.4698070962,69314.2547058586,80576.5973277921,60290.3404341852,82996.0199409520,21074.7714856178,33797.7872058274,131811.7597062312,44989.3576848498,89300.3086175327,74543.7194626101,50045.9001807975,103393.1338909052,81028.3490212078,55003.9462728682,101769.6856753980,109820.4649558998,93278.1190803872,85004.8318084561,58143.8965847871,62363.2633219353,124057.8424781166,62515.1266288534,80900.7394815856,104292.4841406888,88854.8309926271,110425.1019274572,97554.4836071735,70862.9868729022,10791.2546880315,59028.1474845377,82312.1300836813,92595.4964181335,83675.1640166880,72811.2105545101,98281.5674283573,78689.1816608043,40119.1655571088,92728.7329362932,38982.6750107361,50909.1293336341,47808.2784710458,91386.1872611732,32600.5457531199,10346.1751246962,58132.0652058728,27405.3960459606,124531.8009256377,64928.2247549243,64311.2606308081,69325.8190325765,61768.1885446375,131732.6337093490,70729.1917540257,73982.8304371167,52072.4955006306,102442.5787289849,618.0001879344,89114.7597801136,81453.2249051993,62341.8469464661,84687.9646793539,101536.3078568854,19587.5766218547,52873.1303351473,45947.5092747836,28228.3064028084,39885.3093054678,13585.5128651420,97081.6287136071,76597.1898370275,124608.1477010164,100813.5802977404,26127.4180920450,108079.6555744656,89085.8217757788,79973.5814491370,78246.3029995311,131460.5214230923,56077.6570244924,85169.6612768286,76004.1192944051,40185.4712712128,43708.8435029190,86161.8266435792,58817.3551908628,81599.5072795482,54509.2063581435,88325.2333279215,63641.1984917976,117292.7315653957,96177.1339433798,92379.8286961259,68897.2221538564,80724.4349356662,97913.1844159642,67127.6265552133,74176.1750951169,63459.4288363517,97831.7451251345,117404.7228938261,88990.7038091327,96254.4369446223,109219.3224025076,55815.7598405303,56961.9379119270,73094.5138528019,109794.6395994556,99791.8914817523,85565.7193577906,65081.9604446789,93058.3924410361,58557.3856180935,77716.1845983826,74558.7843521727,78021.3514274450,98966.7361796459,52629.7576390522,55481.2647260322,40455.4744976374,56997.7784617044,88549.6682092690,102924.4516384033,110459.6960779786,84160.7361871828,77162.9981524923,104153.5188605025,33670.5507928374,96385.1112332468,17436.1630955605,16525.5079287492,22853.8265254478,90691.8631602761,89390.6867623079,45307.1619402296,68797.2270808560,77402.7888381114,95195.2341430792,68553.7774984602,60824.4257146355,120828.7558753024,58253.5292604417,82409.2623433635,67158.2514175899,67558.4022185118,9244.7251550693,94028.4103375230,86050.2891192235,32938.0944644239,44719.5125075883,76090.4576712291,27209.3272583654,93137.1064634985,54497.1516364945,60723.6812007683,69421.9925351104,73279.6998574511,48483.4516796227,14638.2146133744,79821.9144365843,94231.5171814529,0.3906582479,76904.9891504224,86188.5377293015,75849.4990547994,44512.2800629809,85814.2436954998,35798.6842050672,55894.6508782733,63299.9017599563,4808.7192280572,48627.4398088175,81201.9462238044,27807.5728058934,42759.3632744541,52478.4613321386
1611,0,0,0,0,0,0,0,0,0,0,0,0,0,0,0,0,0,0,0,0,0,0,0,0,0,0,0,0,0,0,0,0,0,0,0,0,0,0,0,0,0,0,0,0,0,0,0,0,0,0,0,0,0,0,0,0,0,0,0,0,0,0,0,0,0,0,0,0,0,0,0,0,0,0,0,0,0,0,0,0,0,0,0,0,0,0,0,0,0,0,0,0,0,0,0,0,0,0,0,0,0,0,0,0,0,0,0,0,0,0,0,0,0,0,0,0,0,0,0,0,0,0,0,0,0,0,0,0,0,0,0,0,0,0,0,0,0,0,0,0,0,0,0,0,0,0,0,0,0,0,0,0,0,0,0,0,0,0,0,0,0,0,0,0,0,0,0,0,0,0,0,0,0,0,0,0,0,0,0,0,0,0,0,0,0,0,0,0,0,0,0,0,0,0,0,0,0,0,0,0
1612,0,0,0,0,0,0,0,0,0,0,0,0,0,0,0,0,0,0,0,0,0,0,0,0,0,0,0,0,0,0,0,0,0,0,0,0,0,0,0,0,0,0,0,0,0,0,0,0,0,0,0,0,0,0,0,0,0,0,0,0,0,0,0,0,0,0,0,0,0,0,0,0,0,0,0,0,0,0,0,0,0,0,0,0,0,0,0,0,0,0,0,0,0,0,0,0,0,0,0,0,0,0,0,0,0,0,0,0,0,0,0,0,0,0,0,0,0,0,0,0,0,0,0,0,0,0,0,0,0,0,0,0,0,0,0,0,0,0,0,0,0,0,0,0,0,0,0,0,0,0,0,0,0,0,0,0,0,0,0,0,0,0,0,0,0,0,0,0,0,0,0,0,0,0,0,0,0,0,0,0,0,0,0,0,0,0,0,0,0,0,0,0,0,0,0,0,0,0,0,0
1613,52005.6081002678,141610.2009588360,63319.4915523183,126870.0165272558,98363.6087169880,7271.0613434103,110645.3099189563,51489.4676739470,95205.7049730986,96288.7431657633,92660.3584710431,131400.3322600612,64338.2853338015,73135.8641282256,35623.8760118736,117886.3341179390,77743.1493805086,74259.5589645568,118866.5655560562,20261.6587051791,95168.8488316165,103152.6683806248,73565.0524469779,101912.1606077684,53524.5371802980,71437.5079680618,83687.2220745924,63140.5564786305,85901.9231455391,21698.7304248314,36455.0426660404,134588.4447737015,47920.9474219079,92042.5637147004,77520.8592574341,51503.4491304976,106410.8102673726,83467.9702702710,58105.1710805295,104219.9153079205,111979.8671724724,95782.1708491393,88056.5571518787,60730.6166552321,65284.0131514267,126654.9803522439,65024.7102834058,83234.9933297406,107095.5687884224,91921.7296583259,113014.2427139061,99516.0137769706,73976.4472228019,16485.3588853484,60841.5126301896,85030.2613274818,95710.4672584547,86781.8020746908,75890.4496486217,101316.2785410168,81513.4176836331,42322.0221949526,95570.4678355034,41451.1411689319,53976.6904346345,50377.8176710308,93864.3964970398,33366.5684305387,12277.5662666065,60345.2352080639,30381.2093505847,127394.7943654620,67927.1434770070,66674.4878624353,72110.2069183773,64821.8363555208,134405.6615503315,73124.5381344446,76875.7022782218,54837.5844079056,105120.3011590339,12.3248093011,92099.5887493061,84485.6212331855,65456.7963103884,87214.8894809875,103774.9672484074,21651.0696476044,55897.1305493490,47812.2676646713,30526.6525671579,41051.2215318748,13617.4515746674,100141.0901557617,79686.4830385270,127341.3231725288,103764.9768442028,27626.3621665150,110411.0093930152,92188.9081708869,82967.8885404878,80484.4657685528,134021.2742069689,58910.0856452702,88055.6672008723,78590.0451404668,43002.4485439048,46415.8422241956,88751.6616832700,60965.8781032345,84302.3279505472,57452.0479437068,90709.3233004190,66395.1019868917,119931.7197258367,99180.8986853218,95443.4011212211,71440.9175955223,83808.1823709794,100474.5781639005,70217.4131234247,76572.2416754751,66159.5071685690,100597.6256592171,120222.7082978759,91742.7990205772,98621.8896141204,111919.7323820257,58383.8963770495,58484.8520499939,76204.7351980411,112256.6681206136,102660.9838230763,88680.8049090100,67375.4645734086,95986.8577334842,61591.5587451561,80520.3045308490,76804.1450510336,81135.7795930084,102079.0823509655,54532.8505734541,57857.8082858156,42098.4547541095,60109.3442356979,91642.1061998424,105028.6468858507,113242.4815863550,86455.5102526829,79656.0513026698,106714.8245288623,35750.5070914031,99497.4009442976,13838.2139115434,17883.2898206017,25498.3795669806,93717.1058182731,92501.4131766158,47662.6118514761,71621.6537220512,80447.6799149076,97287.4294255591,71183.7287401168,63923.1546026005,123518.7497185303,61240.2929541057,85493.6191664678,70081.0924370364,70620.6473721055,8570.2580112687,97113.0319894758,88877.7078359829,35930.3812817372,46114.9965593415,79129.4198142314,28013.0154038569,96161.0534567720,56856.3757335940,63676.3111157138,71724.0459535206,76128.2068867886,51225.1614578602,17027.0348070042,82799.5188358151,97339.9032079393,808.8416362675,79600.5031446874,89000.6771865447,78597.0530889466,47026.6915839727,88817.2138289945,38215.8928217523,58974.2980477801,65889.8853597396,2224.4505604474,51628.4754023635,83816.0735107615,30509.2760501777,45350.3050984242,55110.7897459943
1614,0,0,0,0,0,0,0,0,0,0,0,0,0,0,0,0,0,0,0,0,0,0,0,0,0,0,0,0,0,0,0,0,0,0,0,0,0,0,0,0,0,0,0,0,0,0,0,0,0,0,0,0,0,0,0,0,0,0,0,0,0,0,0,0,0,0,0,0,0,0,0,0,0,0,0,0,0,0,0,0,0,0,0,0,0,0,0,0,0,0,0,0,0,0,0,0,0,0,0,0,0,0,0,0,0,0,0,0,0,0,0,0,0,0,0,0,0,0,0,0,0,0,0,0,0,0,0,0,0,0,0,0,0,0,0,0,0,0,0,0,0,0,0,0,0,0,0,0,0,0,0,0,0,0,0,0,0,0,0,0,0,0,0,0,0,0,0,0,0,0,0,0,0,0,0,0,0,0,0,0,0,0,0,0,0,0,0,0,0,0,0,0,0,0,0,0,0,0,0,0
1615,0,0,0,0,0,0,0,0,0,0,0,0,0,0,0,0,0,0,0,0,0,0,0,0,0,0,0,0,0,0,0,0,0,0,0,0,0,0,0,0,0,0,0,0,0,0,0,0,0,0,0,0,0,0,0,0,0,0,0,0,0,0,0,0,0,0,0,0,0,0,0,0,0,0,0,0,0,0,0,0,0,0,0,0,0,0,0,0,0,0,0,0,0,0,0,0,0,0,0,0,0,0,0,0,0,0,0,0,0,0,0,0,0,0,0,0,0,0,0,0,0,0,0,0,0,0,0,0,0,0,0,0,0,0,0,0,0,0,0,0,0,0,0,0,0,0,0,0,0,0,0,0,0,0,0,0,0,0,0,0,0,0,0,0,0,0,0,0,0,0,0,0,0,0,0,0,0,0,0,0,0,0,0,0,0,0,0,0,0,0,0,0,0,0,0,0,0,0,0,0
1616,0,0,0,0,0,0,0,0,0,0,0,0,0,0,0,0,0,0,0,0,0,0,0,0,0,0,0,0,0,0,0,0,0,0,0,0,0,0,0,0,0,0,0,0,0,0,0,0,0,0,0,0,0,0,0,0,0,0,0,0,0,0,0,0,0,0,0,0,0,0,0,0,0,0,0,0,0,0,0,0,0,0,0,0,0,0,0,0,0,0,0,0,0,0,0,0,0,0,0,0,0,0,0,0,0,0,0,0,0,0,0,0,0,0,0,0,0,0,0,0,0,0,0,0,0,0,0,0,0,0,0,0,0,0,0,0,0,0,0,0,0,0,0,0,0,0,0,0,0,0,0,0,0,0,0,0,0,0,0,0,0,0,0,0,0,0,0,0,0,0,0,0,0,0,0,0,0,0,0,0,0,0,0,0,0,0,0,0,0,0,0,0,0,0,0,0,0,0,0,0
1617,0,0,0,0,0,0,0,0,0,0,0,0,0,0,0,0,0,0,0,0,0,0,0,0,0,0,0,0,0,0,0,0,0,0,0,0,0,0,0,0,0,0,0,0,0,0,0,0,0,0,0,0,0,0,0,0,0,0,0,0,0,0,0,0,0,0,0,0,0,0,0,0,0,0,0,0,0,0,0,0,0,0,0,0,0,0,0,0,0,0,0,0,0,0,0,0,0,0,0,0,0,0,0,0,0,0,0,0,0,0,0,0,0,0,0,0,0,0,0,0,0,0,0,0,0,0,0,0,0,0,0,0,0,0,0,0,0,0,0,0,0,0,0,0,0,0,0,0,0,0,0,0,0,0,0,0,0,0,0,0,0,0,0,0,0,0,0,0,0,0,0,0,0,0,0,0,0,0,0,0,0,0,0,0,0,0,0,0,0,0,0,0,0,0,0,0,0,0,0,0
1618,0,0,0,0,0,0,0,0,0,0,0,0,0,0,0,0,0,0,0,0,0,0,0,0,0,0,0,0,0,0,0,0,0,0,0,0,0,0,0,0,0,0,0,0,0,0,0,0,0,0,0,0,0,0,0,0,0,0,0,0,0,0,0,0,0,0,0,0,0,0,0,0,0,0,0,0,0,0,0,0,0,0,0,0,0,0,0,0,0,0,0,0,0,0,0,0,0,0,0,0,0,0,0,0,0,0,0,0,0,0,0,0,0,0,0,0,0,0,0,0,0,0,0,0,0,0,0,0,0,0,0,0,0,0,0,0,0,0,0,0,0,0,0,0,0,0,0,0,0,0,0,0,0,0,0,0,0,0,0,0,0,0,0,0,0,0,0,0,0,0,0,0,0,0,0,0,0,0,0,0,0,0,0,0,0,0,0,0,0,0,0,0,0,0,0,0,0,0,0,0
1619,0,0,0,0,0,0,0,0,0,0,0,0,0,0,0,0,0,0,0,0,0,0,0,0,0,0,0,0,0,0,0,0,0,0,0,0,0,0,0,0,0,0,0,0,0,0,0,0,0,0,0,0,0,0,0,0,0,0,0,0,0,0,0,0,0,0,0,0,0,0,0,0,0,0,0,0,0,0,0,0,0,0,0,0,0,0,0,0,0,0,0,0,0,0,0,0,0,0,0,0,0,0,0,0,0,0,0,0,0,0,0,0,0,0,0,0,0,0,0,0,0,0,0,0,0,0,0,0,0,0,0,0,0,0,0,0,0,0,0,0,0,0,0,0,0,0,0,0,0,0,0,0,0,0,0,0,0,0,0,0,0,0,0,0,0,0,0,0,0,0,0,0,0,0,0,0,0,0,0,0,0,0,0,0,0,0,0,0,0,0,0,0,0,0,0,0,0,0,0,0
1620,0,0,0,0,0,0,0,0,0,0,0,0,0,0,0,0,0,0,0,0,0,0,0,0,0,0,0,0,0,0,0,0,0,0,0,0,0,0,0,0,0,0,0,0,0,0,0,0,0,0,0,0,0,0,0,0,0,0,0,0,0,0,0,0,0,0,0,0,0,0,0,0,0,0,0,0,0,0,0,0,0,0,0,0,0,0,0,0,0,0,0,0,0,0,0,0,0,0,0,0,0,0,0,0,0,0,0,0,0,0,0,0,0,0,0,0,0,0,0,0,0,0,0,0,0,0,0,0,0,0,0,0,0,0,0,0,0,0,0,0,0,0,0,0,0,0,0,0,0,0,0,0,0,0,0,0,0,0,0,0,0,0,0,0,0,0,0,0,0,0,0,0,0,0,0,0,0,0,0,0,0,0,0,0,0,0,0,0,0,0,0,0,0,0,0,0,0,0,0,0
1621,0,0,0,0,0,0,0,0,0,0,0,0,0,0,0,0,0,0,0,0,0,0,0,0,0,0,0,0,0,0,0,0,0,0,0,0,0,0,0,0,0,0,0,0,0,0,0,0,0,0,0,0,0,0,0,0,0,0,0,0,0,0,0,0,0,0,0,0,0,0,0,0,0,0,0,0,0,0,0,0,0,0,0,0,0,0,0,0,0,0,0,0,0,0,0,0,0,0,0,0,0,0,0,0,0,0,0,0,0,0,0,0,0,0,0,0,0,0,0,0,0,0,0,0,0,0,0,0,0,0,0,0,0,0,0,0,0,0,0,0,0,0,0,0,0,0,0,0,0,0,0,0,0,0,0,0,0,0,0,0,0,0,0,0,0,0,0,0,0,0,0,0,0,0,0,0,0,0,0,0,0,0,0,0,0,0,0,0,0,0,0,0,0,0,0,0,0,0,0,0
1622,96486.3111732239,39612.1183057660,65773.6706461669,116398.4298858111,45616.7520784727,101729.9950610572,38590.0749207870,52318.8584165446,121933.8674881642,8330.9477154246,82068.4006661256,39823.0232118846,66503.1557720484,35170.8149309952,71062.5086837392,20758.0373226889,97541.4259840636,41479.5788664016,18534.0479407898,82144.9823685631,21010.6944438734,23876.3159166942,28911.3911836812,66800.9553678101,50905.4561846545,112096.2736621225,58864.2874404228,84195.2169438028,24721.0743301983,87167.0397059099,65609.5282780569,34497.3348261977,81232.7359865305,97537.6769525542,77722.7258499355,61738.2843037843,82180.5711500782,20600.1980412284,56729.3055245086,9916.0231147539,26700.7206835820,110974.2292087643,37046.0091161028,41311.8136463879,40730.0266877386,24691.8914119195,98031.6455004949,111199.2469523955,13275.6111253426,70368.5183752043,11183.1408475322,31704.6123611851,53516.3501599271,93148.2287292577,50186.1179686483,17925.0327624035,56015.3330123379,48135.1820340577,66609.5434129142,34237.4640654155,89026.4381522954,61081.2986185887,15886.4118088963,95000.2603286001,71639.2317817952,51670.9443066276,11194.4321653606,79867.9333376316,90134.6716344759,105127.1704001902,73286.8456045178,31381.5545121780,75303.5097696173,36983.1480779086,88761.3750754651,47658.7284164805,32557.9570634585,104608.1926134372,30249.5593985351,87377.1771838733,6211.0075449813,102135.8754692187,28558.5603902976,73500.9549864913,57705.8787450612,105733.9701259483,20208.7074694450,81090.8987159664,52265.9998773217,59147.5069729955,71946.5373777904,71629.8529492855,93977.9673570586,73951.8634512166,44963.4432816586,26472.5459643858,87968.1490959310,78179.3613696985,18286.1615347279,62598.6156076280,32588.0843635612,27739.5651400110,32280.0262659327,44542.8143337798,87117.5229338220,23491.9446514149,59718.7687351758,89220.7949410571,13373.1098515090,44828.7181701767,96489.0038652504,79429.7729335364,113184.0809020599,36347.7005076919,17933.2463076874,80834.3876333074,38166.2688629276,30778.4198999568,66127.4223617469,2447.7288628494,48610.6808445127,27495.8745153002,91305.0254633053,9385.1747788968,23040.2098838785,13040.9128155361,13924.2339427690,11120.7884491080,94544.3449434169,56678.0961649019,59461.5723541988,13930.8262158652,17218.5849522865,54559.6723232338,105537.6388216873,22563.6812642508,72891.8419604007,24111.5060302851,111038.8455565606,53024.3020763021,60683.0478250945,53385.3108809325,45167.1243954098,65891.0592477837,62932.6760689681,43814.9772132108,26568.6041082303,15723.2128272498,22151.4279164838,103768.2421724916,6848.7238894107,67891.3516815171,51935.9931222726,88601.7317249139,86533.7883865957,76554.7756767509,76537.6791716958,49965.9729759888,55106.2937524151,32558.6044977857,38508.3543348120,26260.9822403211,95387.2543243971,53122.6150333728,117850.2968874377,46435.8916205257,42676.9626015050,80744.3704535996,69155.5375848852,96695.3477001605,68454.8826424950,18498.2642437434,68420.8130906272,65873.5162995453,72025.0233514929,82447.3891730413,32474.3115658749,100244.7985040964,78579.9342349171,33315.4375357342,86218.9662710157,51150.6630317912,85055.5735260392,78606.1941658981,61643.1108314002,96876.3814625068,22828.8231817421,92254.9988076100,92300.2495473238,94409.9117245858,77619.1730414152,64080.5699212104,68969.6079282903,36154.3201259664,104688.7316530480,77017.3561019411,18212.7813295289,71617.0523120752,56679.0914637223,46927.7861744104
1623,96069.4936781083,40331.8845594034,64924.4007495081,116565.4653543126,45813.5437654626,100966.0289774608,38197.6732816495,51675.9887236263,121784.2886709061,7566.5355513750,82067.6880745083,40631.4999431819,66193.1207685016,34316.2767212111,70252.3457141226,21006.9523560284,97340.6747909543,41180.6538590481,19387.3720189850,81427.9126793601,20315.1970827358,24268.4895999021,28251.6884263351,66971.9161551115,50091.9251713720,111792.8520735334,58803.3423889214,83886.1235472877,24501.7716301964,86368.1963742510,64882.4176940016,35343.9073687028,80780.6844621208,97470.8362823890,77567.3219377116,60889.9280792322,82333.4757783175,19752.5019820751,56281.7377429127,9652.5351178894,26487.7646303650,110882.7061927135,37028.8763786598,40567.6729719796,40191.1312900095,25396.9308444650,97718.1747881908,110996.8664612853,13936.0889920823,70397.8182286467,11835.0116528019,31117.9211433654,53298.5486454031,92450.7203483538,49334.0709992860,17355.8531597479,56138.0578318509,48119.7113136599,66443.4025587463,34532.5973868286,88886.8721720654,60292.9865797980,15943.0385439289,94504.3744157445,71223.8994190506,50926.6117626889,10355.2621880673,79040.5305241902,89384.7444801638,104758.1694598611,72605.1382887002,32222.3374447532,75045.5387043619,36165.0500736977,88531.2378737553,47233.2902653191,33343.9032269021,104344.5562301309,29819.2586707674,86990.9219750997,7664.8638902287,101407.9799495690,28605.7888292732,73432.2061607286,57376.8864165512,105588.7608476139,19781.1048534983,80329.4873858100,51726.0338565752,58321.1103700955,71185.2392607810,70793.2453454497,93197.3334499553,74069.4794234857,44806.3186138043,27311.3728794940,88063.2678987487,77384.1728567745,18193.1703562763,62652.7038538381,32403.0194485977,26886.2295542504,32947.4746237843,43904.6808376702,87050.1116725130,22733.2540833081,59029.5803152541,88763.4991219801,12596.5152758502,43994.2383432541,96352.3747812882,79065.6139812918,113037.5027197230,35692.5670610215,18699.9958348436,80911.4175432005,38318.9690121615,30006.0001929644,66062.7317684973,1486.0135278166,48298.9792605817,26658.0500460791,91015.1029142597,9697.4086548911,23879.2721658208,12717.4224518022,13297.3304382028,11975.3318229464,94181.8490989196,55823.8452374134,59293.6251365250,14165.7496871997,17631.8313309367,54576.1202817729,105223.4794388817,22708.0057911650,72562.9588159641,23619.3722920271,110783.0779466599,52920.1676518308,60883.0959244350,52546.7955215799,44371.9517893355,65066.6218013639,62555.8207180954,43887.4407739532,26134.9087497885,16542.1652290221,21310.9076708535,103563.6363402212,7702.8289600731,67105.6271495240,52131.6902356804,87881.1516123788,85759.3333054865,75824.2334376261,76568.6178412358,50049.7568802456,54326.2965172519,31990.3732493759,38321.7479380855,25630.5312946078,95133.5681956565,52738.0828051310,117976.8398127052,45913.2805131151,42625.4836559457,80506.4895742389,68925.8480471076,95942.1809135694,68556.4114706682,18242.1587975649,67759.6191947559,65032.4751104086,71895.5608847102,81634.0157388733,32645.9096021893,99859.9006672172,78277.6060524207,32474.0134600649,86033.1672148388,50453.7591392180,84312.8702757919,78507.0730813814,61772.0188223218,96149.3041907483,22179.5506855378,92179.0169932733,92123.0452336484,93956.3512801254,77590.1065743541,63321.2477407386,68602.3260887525,35408.9272126642,103942.0227782610,76592.2702680790,17475.7765230821,70893.7332035050,55940.9223075893,46199.4254583305
1624,0,0,0,0,0,0,0,0,0,0,0,0,0,0,0,0,0,0,0,0,0,0,0,0,0,0,0,0,0,0,0,0,0,0,0,0,0,0,0,0,0,0,0,0,0,0,0,0,0,0,0,0,0,0,0,0,0,0,0,0,0,0,0,0,0,0,0,0,0,0,0,0,0,0,0,0,0,0,0,0,0,0,0,0,0,0,0,0,0,0,0,0,0,0,0,0,0,0,0,0,0,0,0,0,0,0,0,0,0,0,0,0,0,0,0,0,0,0,0,0,0,0,0,0,0,0,0,0,0,0,0,0,0,0,0,0,0,0,0,0,0,0,0,0,0,0,0,0,0,0,0,0,0,0,0,0,0,0,0,0,0,0,0,0,0,0,0,0,0,0,0,0,0,0,0,0,0,0,0,0,0,0,0,0,0,0,0,0,0,0,0,0,0,0,0,0,0,0,0,0
1625,0,0,0,0,0,0,0,0,0,0,0,0,0,0,0,0,0,0,0,0,0,0,0,0,0,0,0,0,0,0,0,0,0,0,0,0,0,0,0,0,0,0,0,0,0,0,0,0,0,0,0,0,0,0,0,0,0,0,0,0,0,0,0,0,0,0,0,0,0,0,0,0,0,0.0000000000,0,0,0,0,0,0,0,0,0,0,0,0,0,0,0,0,0,0,0,0,0,0,0,0,0,0,0,0,0,0,0,0,0,0,0,0,0,0,0,0,0,0,0,0,0,0,0,0,0,0,0,0,0,0,0,0,0,0,0,0,0,0,0,0,0,0,0,0,0,0,0,0,0,0,0,0,0,0,0,0,0,0,0,0,0,0,0,0,0,0,0,0,0,0,0,0,0,0,0,0,0,0,0,0,0,0,0,0,0,0,0,0,0,0,0,0,0,0,0,0,0,0,0,0,0,0
1626,0,0,0,0,0,0,0,0,0,0,0,0,0,0,0,0,0,0,0,0,0,0,0,0,0,0,0,0,0,0,0,0,0,0,0,0,0,0,0,0,0,0,0,0,0,0,0,0,0,0,0,0,0,0,0,0,0,0,0,0,0,0,0,0,0,0,0,0,0,0,0,0,0,0,0,0,0,0,0,0,0,0,0,0,0,0,0,0,0,0,0,0,0,0,0,0,0,0,0,0,0,0,0,0,0,0,0,0,0,0,0,0,0,0,0,0,0,0,0,0,0,0,0,0,0,0,0,0,0,0,0,0,0,0,0,0,0,0,0,0,0,0,0,0,0,0,0,0,0,0,0,0,0,0,0,0,0,0,0,0,0,0,0,0,0,0,0,0,0,0,0,0,0,0,0,0,0,0,0,0,0,0,0,0,0,0,0,0,0,0,0,0,0,0,0,0,0,0,0,0
1627,0,0,0,0,0,0,0,0,0,0,0,0,0,0,0,0,0,0,0,0,0,0,0,0,0,0,0,0,0,0,0,0,0,0,0,0,0,0,0,0,0,0,0,0,0,0,0,0,0,0,0,0,0,0,0,0,0,0,0,0,0,0,0,0,0,0,0,0,0,0,0,0,0,0,0,0,0,0,0,0,0,0,0,0,0,0,0,0,0,0,0,0.0000000000,0,0,0,0,0,0,0,0,0,0,0,0,0,0,0,0,0,0,0,0,0,0,0,0,0,0,0,0,0,0,0,0,0,0,0,0,0,0,0,0,0,0,0,0,0,0,0,0,0,0,0,0,0,0,0,0,0,0,0,0,0,0,0,0,0,0,0,0,0,0,0,0,0,0,0,0,0,0,0,0,0,0,0,0,0,0,0,0,0,0,0,0,0,0,0,0,0,0,0,0,0,0,0,0,0,0,0,0
1628,0,0,0,0,0,0,0,0,0,0,0,0,0,0,0,0,0,0,0,0,0,0,0,0,0,0,0,0,0,0,0,0,0,0,0,0,0,0,0,0,0,0,0,0,0,0,0,0,0,0,0,0,0,0,0,0,0,0,0,0,0,0,0,0,0,0,0,0,0,0,0,0,0,0,0,0,0,0,0,0,0,0,0,0,0,0,0,0,0,0,0,0,0,0,0,0,0,0,0,0,0,0,0,0,0,0,0,0,0,0,0,0,0,0,0,0,0,0,0,0,0,0,0,0,0,0,0,0,0,0,0,0,0,0,0,0,0,0,0,0,0,0,0,0,0,0,0,0,0,0,0,0,0,0,0,0,0,0,0,0,0,0,0,0,0,0,0,0,0,0,0,0,0,0,0,0,0,0,0,0,0,0,0,0,0,0,0,0,0,0,0,0,0,0,0,0,0,0,0,0
1629,0,0,0,0,0,0,0,0,0,0,0,0,0,0,0,0,0,0,0,0,0,0,0,0,0,0,0,0,0,0,0,0,0,0,0,0,0,0,0,0,0,0,0,0,0,0,0,0,0,0,0,0,0,0,0,0,0,0,0,0,0,0,0,0,0,0,0,0,0,0,0,0,0,0,0,0,0,0,0,0,0,0,0,0,0,0,0,0,0,0,0,0,0,0,0,0,0,0,0,0,0,0,0,0,0,0,0,0,0,0,0,0,0,0,0,0,0,0,0,0,0,0,0,0,0,0,0,0,0,0,0,0,0,0,0,0,0,0,0,0,0,0,0,0,0,0,0,0,0,0,0,0,0,0,0,0,0,0,0,0,0,0,0,0,0,0,0,0,0,0,0,0,0,0,0,0,0,0,0,0,0,0,0,0,0,0,0,0,0,0,0,0,0,0,0,0,0,0,0,0
1630,98755.0149951567,38678.6727721837,64816.3578027147,119441.4727441965,48661.5219410485,102485.2822138781,35655.6144649582,53810.9750572843,124736.0787775999,8641.1447134842,85033.5146290235,41525.7465864379,69030.0436665801,34702.9977476226,71417.8820609266,18150.1536861081,100267.2855268620,44035.3599889125,19268.3621854798,83225.6949489523,18862.0524286291,26847.8618246774,30366.3655300938,69844.2268327161,51246.2692183527,114632.5276234610,61774.4430738539,86721.7722534381,27427.2744620507,87629.0752092015,66638.6793133968,34890.0472468473,83405.9114369971,100441.5890823906,80517.6963593408,61496.4781090977,85221.2882071111,20521.4438728961,58922.8598775823,12609.9042563666,23658.6544395554,113850.7289311210,39996.8559470288,42261.1169216572,42649.0957929575,23721.3060108588,100547.7105702879,113922.0454071104,15829.9211493395,73355.5729172159,10081.9879633670,29133.0061979291,56217.3833672055,94338.1487213657,49834.7410613441,19797.3575104836,59048.1999475810,51087.7309618776,69389.6312463866,37264.3112776946,91842.9549924966,61661.3633113724,18886.1515758314,97037.0817022795,73916.3890448808,52601.9587824152,10356.9877998135,80004.1594522577,90997.5104029195,107516.6904255736,74571.7990119820,32720.2477321391,77931.7594897425,37301.3690652033,91438.5328401401,49917.6554987250,32145.9825758470,107223.8311585183,32510.3447220896,89726.3364946581,6795.3859094555,103141.4067024276,31555.3076400629,76402.9224358764,60194.1461957102,108542.4832967536,17339.1614149536,81874.8432799435,54170.9365345364,59316.4993833435,72737.1437516962,71630.0288728216,94602.4257349559,76983.4356339065,47757.8722815302,26737.2683421080,90991.5114974525,78681.9520312535,15257.8851531599,65601.0876944818,35344.1879927797,27033.6926803409,31060.2316395145,46065.4101073150,90020.8587163040,24404.7519016081,60973.2699926233,91377.0786520637,14266.3107012203,44900.7252628610,99309.3250760458,81833.9659817952,115990.5884020813,37805.2015942595,17458.0583469880,83849.4531347822,41206.1822252776,31552.7183929227,69033.6849230812,731.4177108313,51138.0691213241,27572.6838473741,93870.2783536291,12417.4525435853,24450.7700555772,15580.3744822890,11575.3070302640,12088.0909377998,96950.5111787976,56189.8927499130,62239.4559708305,11311.5683379617,20179.2347204542,57537.4094320060,108051.6852619607,25600.6425635894,75377.4452087374,26209.6620484349,113668.9246505385,55886.7171262761,63727.8382566881,53372.7099755384,45707.1379106588,66079.1866265079,65309.7059729910,46826.8185891930,23696.1688426283,17452.4388314961,21129.6698959177,106487.6534871541,3346.6461633702,68487.8702311361,54980.7601415891,89658.0695847573,87213.0766030922,77554.6989712029,79525.9296925871,52983.5685252726,55765.1587782037,34385.2691792975,41260.9364690355,23834.8129073717,98021.9565619798,55483.9547651556,120885.0110141522,48404.7089343764,45596.6027991108,83408.4851970855,71834.8317572867,97532.4057521642,71480.5615504411,21148.7080441065,69813.1514406684,65797.6441583839,74855.3395885047,82758.7425124707,35517.0754505860,102595.7402519756,81121.1580524842,33297.3374449254,88968.7897684472,52371.7128353278,85970.7633587072,81474.0669497390,64677.9388228555,97888.9299750322,24356.0943177557,95149.0944821866,95062.9540766795,96576.2010107933,80560.1441721047,64892.1457579252,71368.2529519219,37107.1954842242,105568.5126406519,79267.0776195923,19310.8346332200,72665.5288604298,57645.3253135264,47969.6146705287
1631,74255.1457764698,95524.3509592108,39706.1321570843,130540.8490700215,75067.7886482738,48999.5221918852,59009.5768291000,29460.4864492657,115040.5159290089,53371.8642346817,91128.9037437634,94441.4642853398,60729.3818190309,23565.3456271223,16129.6234858637,69439.3434100206,90715.8532403535,50579.9712496196,76170.9296573529,36257.6476614548,45464.1944468930,68293.7553440329,35177.5782943620,88896.5623386171,9760.9651786810,95707.9552491655,71079.6891753263,72746.9968692479,51807.0274628225,32113.0926005194,23930.8065014563,92215.5621118910,59899.1994371202,99547.7430532601,78318.5375017425,10575.7448464710,100126.2384546352,37180.8935313773,46275.4403738335,56869.1432994499,61490.9828096924,109344.1832225659,61663.7073049920,22907.5795227558,37329.2294195661,80839.1716183486,83211.4105111145,102062.7802850114,66896.9722335947,83944.9763645651,67538.0529952905,48135.4187830610,59403.7115384562,47387.0237581818,9258.2708318002,44703.2352833934,78625.8118978002,67094.0178157382,69966.5684393101,71650.0733447638,87947.8094380825,13089.4411424920,57676.5533337167,66794.5897201613,56359.2536062084,18890.9888688270,47451.9751548540,22665.5475494885,39617.6398318129,84982.8563082453,33665.2020451099,87760.6487786864,69911.8809320071,21365.5101012399,81710.0696621921,44924.1130789012,89750.4876188313,92197.0226561774,44078.3573822106,69478.5405243691,61841.6476881447,52575.9562253642,60711.9974082487,80575.3085122701,54723.5909239334,101288.1582864084,54013.7056069477,30537.8833033707,38049.5177615714,4338.9943177829,23352.6559486051,13987.7704487115,40209.1069678014,91567.8804008910,58749.7122092191,84205.1524936580,101563.9042431382,24194.3546952655,61408.3465891518,79704.7692061718,53737.7647641840,31506.6052340713,87422.6239217032,30122.0485837329,91037.6359126436,35852.7254021279,26149.2641471857,65375.9775411419,44844.5475645191,13035.1713768292,94149.2357521128,65329.8649006831,107581.7776567473,31454.7274281711,75104.7422731086,94712.9904804858,68806.5120748074,29022.4125756710,75618.7049198174,55113.6824492227,51985.0210831633,30245.9810320170,79534.0792117441,59866.6253390046,79605.8237119591,51511.4375625343,50374.1208723136,68751.5543998016,76816.1445301713,16298.6062252159,65453.5408914747,64793.6393410490,64966.1498835512,72426.1001042833,89360.4225940044,61349.4553578270,63430.8315048992,43586.8590878372,98201.0803372261,65341.3215639954,85749.3074115846,8730.9914610646,15913.6000882375,9695.1898893995,54148.5638301206,68684.3486243128,54266.0300011493,72047.8412870999,37835.7569515950,95604.5126802450,61023.6656337385,17164.8825426439,79252.5691381982,41225.8874143492,33914.8848306572,30454.0428475357,88687.6979839779,72818.0271438415,13618.1372236344,37506.2148250764,55093.6240689691,46538.9674901203,85322.8193090385,49184.8555635719,129340.5719529380,38403.5844178984,62678.2832487960,75133.1001885564,67651.4243717006,45264.0154754403,86483.8299698003,51355.1555045138,32968.8489546504,16278.4786398249,75859.0546281234,26294.9020187486,66467.8029129972,79741.1042542616,69159.0480355479,24420.7587468000,82723.7788663311,24194.5352313343,35927.0169588717,82496.0778860602,82898.0172965878,47863.0305960380,39499.5575608157,94623.0594334602,88068.7719862448,69725.2281840030,85999.4978993804,18869.4822278385,58247.3205453427,26153.1319442632,53284.4800924668,59096.6181274678,41002.3558351396,27859.6915839695,19597.7876014024,21771.8907638781
1632,98204.8939598077,39655.8158383482,63737.1157938470,119609.1964846655,48867.7272713579,101507.7451357089,35181.6562605105,52999.8152511210,124510.8932535054,8281.9827832574,84995.7459837414,42511.0873648964,68618.9006734443,33619.6194672941,70388.2617732712,18600.3026116709,99981.9811687694,43652.6928839518,20345.0796563011,82309.6456519396,17941.1384062926,27280.4683758993,29563.3549507504,70018.1012784627,50218.2436730832,114218.9698956681,61667.7305535653,86306.3637594348,27161.9646980603,86610.7196509811,65715.2105796658,35976.3435130060,82816.3729912724,100320.8116126308,80291.5228503618,60419.3277408514,85372.3376349017,19465.8696281423,58349.0942227545,11959.9111629342,23435.9331766393,113698.1858715604,39951.3423925940,41330.5539806551,41977.2222877839,24704.8570638845,100124.0359354874,113632.8877912854,16554.5017134145,73356.0368941527,11084.1930575586,28382.3552156850,55923.6502622081,93443.8106501107,48753.7774874549,19148.4934724399,59164.1351484054,51039.1299420334,69153.2309691378,37587.4447482490,91634.0316390411,60662.2300727532,18945.7460793568,96390.2699309822,73374.9511352024,51663.3610080961,9271.8203903617,78951.4272982961,90039.0972773115,107023.6330522944,73702.1560963718,33755.3414960036,77581.1036093010,36275.1182252574,91118.7288841510,49377.1752824543,33193.4208436863,106860.2391226048,31986.3349907277,89215.7221834130,7615.7441557644,102208.0904106751,31590.1523051158,76283.3057068170,59763.9260838843,108324.3377971702,16793.8390014480,80904.0322024752,53487.0847669950,58268.8096004256,71768.7489996112,70566.8337299680,93605.5103976351,77091.5267103605,47541.6874152881,27822.7935603313,91071.0110030613,77669.6846639371,15220.6467324365,65632.8759258669,35105.7710895788,25947.3409910108,31990.4749003158,45266.5293180296,89900.6643258938,23484.6461049935,60099.8757606877,90778.9576862493,13374.4467472033,43846.6804524123,99102.8968931545,81352.5039892043,115769.9414978362,36994.5885373229,18511.3038800590,83907.1997652443,41360.5166366795,30597.4637029613,68920.5623294355,269.2011739929,50734.2520359449,26525.6240741673,93476.7562518005,12742.9758244183,25472.6673520367,15248.2634371675,10707.8552980511,13140.5243345177,96467.3986656728,55104.8957704038,62003.2662245742,11792.6426892196,20627.8895866280,57525.2323759710,107625.8984814073,25749.7103744795,74941.0722119077,25627.1241171034,113314.1041303088,55729.9396432480,63937.4899754112,52310.3361360242,44706.4684050321,65032.4909550404,64818.7923925572,46884.5722043394,23153.7134628361,18416.2673876101,20048.0527830617,106196.7102303080,4821.6958337285,67489.9052794467,55185.3824742659,88736.2041314146,86225.0013159211,76623.3908312702,79527.5945388397,53053.4466840873,54779.0430550302,33689.3619114433,41014.5493796259,23014.8048964707,97672.0712713169,54989.0776967634,121002.2340008949,47746.8820881954,45507.4196981460,83080.9377537797,71520.4440732428,96568.8757312065,71569.4141842880,20859.8594989108,68970.7362649581,64729.5666846576,74662.0784882967,81723.0937787348,35694.6057004250,102084.0370448242,80715.4698470610,32238.9692782923,88703.7451220354,51493.6320148783,85022.2945581902,81316.4255181792,64800.8101799449,96957.4775600669,23583.9815734982,95017.7051264022,94807.3654415959,95981.4539861736,80488.2682660531,63928.7435848069,70886.4614751633,36180.6112939680,104611.7327499456,78711.8550550621,18442.5540598939,71744.6896077624,56711.8332660528,47054.6309766203
1633,0,0,0,0,0,0,0,0,0,0,0,0,0,0,0,0,0,0,0,0,0,0,0,0,0,0,0,0,0,0,0,0,0,0,0,0,0,0,0,0,0,0,0,0,0,0,0,0,0,0,0,0,0,0,0,0,0,0,0,0,0,0,0,0,0,0,0,0,0,0,0,0,0,0,0,0,0,0,0,0,0,0,0,0,0,0,0,0,0,0,0,0,0,0,0,0,0,0,0,0,0,0,0,0,0,0,0,0,0,0,0,0,0,0,0,0,0,0,0,0,0,0,0,0,0,0,0,0,0,0,0,0,0,0,0,0,0,0,0,0,0,0,0,0,0,0,0,0,0,0,0,0,0,0,0,0,0,0,0,0,0,0,0,0,0,0,0,0,0,0,0,0,0,0,0,0,0,0,0,0,0,0,0,0,0,0,0,0,0,0,0,0,0,0,0,0,0,0,0,0
1634,100454.9357271426,36704.2969456191,66446.7825909267,120123.4606524162,49309.7615208347,104459.0126030434,35651.1363861206,55738.3566179615,126030.2732166220,10254.4074914733,86059.9023379862,40384.3415454986,70577.0773606153,36514.2582805796,73364.9677821740,16654.0597089290,101647.2166361307,45559.2940053734,17713.0142252009,85196.9128554308,19936.9979447188,27124.4573666056,32292.5706737530,70531.6356605497,53194.8090213285,116174.6455863428,62914.9263534618,88269.9593628701,28825.6123161468,89585.5105085697,68611.5438818514,33153.8661307629,85148.3243777084,101589.5186571784,81821.5433179292,63345.3370008579,85940.8805299639,22435.2290580413,60653.6352026745,6936.8519584256,23217.3019560543,115042.8262342619,41065.2368681535,44235.3708899740,44476.4757294228,21747.8977626217,102103.7458465509,115305.0736575119,15539.3175951370,74326.7523924439,8113.7995798834,29741.9642605993,57621.6975365996,96303.2305200735,51662.8515929756,21621.3462426019,59840.6306961684,52148.5968009369,70711.2427242158,37720.0966476228,93119.8640097762,63628.4830169957,19857.5725249456,98833.7202497806,75610.3921638419,54577.0394995186,12165.8891081993,81921.2187192843,92973.2401171038,109153.0731454952,76527.9149885201,31388.5501966427,79401.5537212330,39251.4229181490,92865.6445415425,51616.9626440872,30221.9257515941,108704.7014480603,34202.8660384383,91384.4246612674,10752.5161629756,105115.6935729372,32515.4785623553,77555.8268976212,61766.7326635614,109829.1091253223,17564.7919459880,83849.5963099331,56005.6452322606,61241.9161503474,74712.1650991242,73525.5629974623,96570.5809531053,77778.7201605583,49063.7995179210,24977.7032557936,91828.9789362142,80642.4024697726,14554.3978706713,66526.5127910041,36693.4224534863,28791.4233511607,29087.8133046526,47986.2494294315,91170.3921546462,26377.9327175228,62931.2903581553,93127.2209971451,16235.0082229674,46815.9405463428,100581.1520241049,83460.5410535768,117279.5874194461,39734.1790489291,15546.0627942411,84724.8507477277,41953.2879817092,33528.4599610309,70179.9913533146,3545.3647294304,52683.1468072955,29499.5942341652,95390.5140966334,13015.1994285303,23192.5810357080,17101.6540540530,12575.0658437767,10737.4845549547,98576.7547894461,57979.0690726438,63563.8045867726,9824.9357413914,20459.1579204543,58537.2347508302,109609.3446160899,26394.7267280846,76952.9930855197,27966.6349668593,115137.8343130289,57103.5409736874,64356.8576906931,55270.6285344058,47673.4650765403,68006.0286340817,66950.4592285987,47725.6439203769,23871.9245646305,16449.5510111566,22801.7401951653,107874.1183710940,1827.1386927669,70455.5123758483,55625.3596576898,91630.4827783152,89184.2496289567,79528.7845661710,80492.6863925738,53856.6574520525,57736.7516243780,36235.6438767199,42613.6742207319,24627.6849680842,99486.7273636840,57132.1203100227,121652.7069473050,50218.1722266090,46723.5124140047,84847.3489231516,73259.7397016704,99507.8928305897,72310.2893929980,22593.9579927158,71756.7587014549,67680.1893824251,76114.9973137279,84699.6434723704,36235.0375712101,104253.5259520511,82658.6408036225,35204.7957540152,90323.6791691542,54331.8606490853,87946.4334186520,82680.7355866061,65454.9591567389,99862.9660943220,26265.9538931662,96313.8555758618,96403.7168164577,98322.4749018426,81640.2183283300,66867.5992854104,72997.2717705615,39080.9683579117,107544.2835498097,80974.7651398727,21270.9175235445,74637.8423618437,59619.8128652073,49941.0120832173
1635,99280.9659960376,38454.6365653840,64681.0833859920,120093.3979434134,49312.2155771569,102710.3466827429,35046.6710109040,54193.3403371901,125357.2488122001,9220.1724594703,85679.8152205370,41865.2182606510,69604.9801094251,34691.4475323599,71564.5139475402,17580.1765934938,100875.8927827651,44617.8385136396,19432.0655408413,83519.8271700732,18477.6414233357,27473.8064685278,30753.7574574816,70496.0698774367,51396.2733371885,115207.3464569991,62413.3739058427,87295.7197719723,28037.7543760922,87795.0351113294,66925.3716350114,34953.9855232147,83914.8139267666,101079.1487151797,81138.2983241883,61518.9273343988,85873.6841435333,20617.6611424919,59438.1451545671,11362.2329225785,23011.4741838647,114483.9884175467,40641.8507880094,42540.5665246491,43116.9904944125,23506.6459949540,101119.2602427937,114529.8996950338,16371.0976998466,74004.6196901432,9898.3273758628,28626.8563598260,56823.3204927924,94653.0251339221,49838.0857765596,20274.4380461172,59700.9491444484,51732.7092007251,70008.0888666538,37905.7509807113,92466.8668031766,61857.3567318310,19537.1806691152,97519.0864666939,74445.5067543598,52872.8894714787,10341.2179282538,80102.8312613453,91246.0736327430,108064.8174292586,74908.4883747552,32987.9647860713,78524.1066968146,37455.1511797060,92038.9476396893,50446.4580609654,32040.1558018049,107813.0613046911,33044.4848520918,90267.7455523597,7304.8407367052,103417.8634660268,32205.7387611801,77040.4263139974,60762.9039048840,109164.8611508694,16754.7169118470,82108.4963754949,54632.8971432627,59427.2785491758,72973.8299953663,71701.5437605491,94801.2770033348,77636.1686530714,48379.6086600208,26784.3414806650,91643.9141156394,78857.8663082955,14605.4448914105,66251.8182649263,35961.0051468137,26979.2338615561,30780.9482962171,46456.3490646342,90658.4180047041,24694.8177434544,61306.6696677765,91882.2348337811,14582.3669584715,44997.4267599054,99933.7503473203,82385.9480601553,116612.5543570130,38187.5412157255,17369.2727667583,84501.2819769348,41858.6548185733,31805.4403257825,69671.9267215330,624.7788562445,51714.6776870292,27687.0231627803,94450.8966151357,13062.0041260927,24743.8641145746,16172.2280334850,11157.0759324257,12334.1197303477,97502.1135530403,56160.7868387132,62857.8077246751,10748.7038284828,20803.4874283701,58185.4622229954,108622.6456815988,26253.3059195864,75944.5945974936,26718.9103812191,114260.5806334776,56518.6777531215,64378.2139982768,53447.2214452163,45901.2433869551,66191.9621934871,65857.9559363171,47478.4693089097,23108.0434298575,17825.8672282532,21015.4250628179,107095.0435789358,2622.3917050942,68685.4517627960,55631.4624564311,89946.3783438200,87424.2989727371,77833.2963912541,80175.0892547811,53635.6391711656,55979.3402028122,34839.6992657453,41876.5185731119,23370.7901898270,98614.7795807264,56030.4646916521,121537.7577766039,48880.1497426029,46237.2622631795,84006.8743317472,72436.2693935239,97774.8787580284,72133.0977020606,21752.8773937733,70172.1131199098,65854.4163895539,75481.7871253193,82893.8886133635,36169.0568427334,103136.8890774315,81697.9812902719,33384.1780142378,89581.6959462342,52700.9904766788,86230.7459641412,82106.3138178862,65330.6818792237,98167.3547096215,24763.8870355371,95785.2141094496,95677.9053559708,97082.9412897852,81203.2270945298,65134.9279433193,71919.9219008882,37390.7528217821,105818.9445954405,79790.6584720252,19647.5459277450,72954.8775311808,57921.6663489101,48264.7765912832
1636,97068.5817214187,39394.8451908003,65430.0157449989,117243.8177355598,46464.6899732462,101866.0130712697,37753.1664499597,52661.6200896153,122686.6659641267,6864.5128839407,82878.2960555608,40338.2043718187,67164.6277159377,34947.7292492706,71081.1639615783,20053.1722012771,98268.4978925559,42147.7120971554,18758.0674240193,82372.5763965291,20342.4409970103,24717.5405123791,29231.9849431745,67646.5640632254,50914.8692729081,112762.5674939180,59653.4920615438,84857.5404985967,25435.5526955893,87218.2120482931,65819.6532532563,34647.6603828184,81784.7647238738,98325.2541057925,78472.3582775520,61588.3715159925,83024.0751749317,20465.2690776461,57285.1401657869,9066.1811409389,25850.5344652652,111752.2896981535,37849.5870802935,41491.2770972813,41197.8510260632,24450.9155364094,98691.1567220309,111925.5631684605,14005.7744627474,71186.8884871090,10863.3265937690,30944.0732886807,54233.5057264468,93408.6622882644,50002.6277990189,18360.6155426341,56854.0356048662,48939.7924174035,67353.8085431641,35087.8832282592,89783.6113538124,61161.5141065140,16708.4966439278,95511.6318917543,72222.5821949184,51849.2141658956,10818.4119629920,79826.4716210499,90300.3776902961,105747.2038961798,73572.6822856440,31792.2669685410,75998.0562568644,36979.3674504709,89472.2854654577,48233.4120942411,32481.9871439220,105299.6182049913,30819.7107858802,87983.9114372862,7482.7338097631,102343.7305707543,29380.1823028623,74287.5255787431,58354.3103035981,106488.6977772091,19382.2181311087,81232.9138387412,52732.6116044519,59111.1390054182,72089.0890321367,71549.0796045535,94075.9706286079,74789.9128196532,45711.4265124995,26579.1295610168,88802.1442962790,78240.8151960116,17448.8921374844,63423.2516501021,33321.5280187117,27445.3426992566,31977.3400746427,44892.2748208567,87904.7805485399,23645.2821980162,59993.2860188036,89768.1749018567,13493.6121293745,44760.1959907484,97247.5938889177,80053.2544964219,113938.2267808828,36674.1338547216,17816.2850749652,81664.5614973416,39009.1682140237,30900.0592587205,66915.3911941714,1266.1762171490,49270.6486433175,27415.5987993902,91979.9450570020,10235.8257222944,23462.7814963197,13689.0113389445,13200.3056078707,11381.8634452333,95169.1777981133,56459.2374738748,60204.7944158959,13215.8268155812,18056.9870658662,55374.1601994766,106196.7371039909,23404.5800241384,73540.5896870941,24626.1889324430,111735.0526469197,53796.3193790111,61531.3918291305,53296.5376815599,45230.7296906334,65861.6625918193,63546.4148179357,44643.4840740767,25742.6387628453,16223.0040336952,21765.7984159848,104493.3175216051,5727.5232584106,67977.7294351786,52783.9096260245,88823.0059200587,86646.5873549314,76758.2682142593,77356.5744149769,50797.1339909466,55207.3902927152,32994.5442125891,39241.4234919516,25531.8309749904,96084.5824732144,53730.3083438743,118690.0903915217,46920.6212545566,43469.0821610257,81450.7773121308,69866.4336127864,96854.3130680151,69289.9421470549,19190.6259534444,68737.3933577331,65770.4648680708,72786.5307829555,82455.4351089659,33319.4320731134,100852.6617607944,79246.6731378526,33214.6226886841,86953.7029234644,51413.1852149897,85235.7501575755,79380.8310847806,62482.9123867857,97085.8142352042,23164.8170986803,93039.0399000156,93039.4062072367,94960.6447059921,78419.9599036869,64227.6485028095,69590.6512510827,36331.9138544004,104860.6299621064,77592.6352363469,18410.8365638703,71833.8347211881,56868.9945063370,47136.5606839524
1637,95482.0745151546,39635.6649008314,67292.2304627771,114287.1049868196,43483.8184747053,102055.4070097079,40875.0593438862,52094.1918885131,120301.3408704127,7444.8017890440,80183.4213982570,38007.1697490821,65235.0781229835,36451.4108360906,71712.6491252611,22308.2375870180,96015.9196582488,40208.7211359537,17481.7182172486,82226.6241538630,23169.5587955395,21601.4609019994,28806.6063430966,64690.4684069096,51597.8108341772,110796.3451177704,57085.8755568522,82916.5520586490,23307.1416265909,87723.9268064143,65750.9092586270,33555.7683000129,80334.6791956412,95757.9144512382,76111.0608280996,62814.7621234612,80088.0191385403,21731.7064665728,55834.3502849846,12160.0387627752,28885.7899439686,109235.4945439409,35210.0429511982,41569.7383452991,40142.2310438602,24835.9145125976,96759.1504781877,109674.3386690757,11076.8211226968,68440.7773810764,11712.4172903775,33970.7204002958,52046.2592912896,93132.0757924423,51352.7811557899,17544.9264408137,53964.1725926655,46286.6235210124,65023.6860389073,32018.6751166285,87380.7069997396,61578.6654659027,13986.3418688042,94228.8708424504,70641.4506115753,51914.9676697494,12913.2546810256,80666.2910046630,90383.8090436655,103992.0161716349,73208.5127177375,29811.7930459821,73909.1767253770,37733.1443696378,87300.6255653604,46710.3170656333,32214.7366092082,103217.5513781455,29352.0440948057,86292.9105733412,2816.8910039802,102264.1118880670,26632.3788745470,71730.2428178711,56490.5087762761,104095.5359054110,22503.4640639069,81408.9102049026,51664.2298980307,59947.0880111768,72268.6267283806,72531.0244979373,94408.3041631754,71902.7354836087,43374.9040993680,25671.7261172443,85945.3990965526,78713.8113404623,20368.3524852842,60637.1125793033,31075.9339916566,29195.8318095274,32564.0371038099,44310.0550083342,85340.8353109215,23885.0539437280,59683.9141448733,88334.7652805747,13961.3857376275,45725.3810681836,94835.9356595473,78290.6537131301,111547.0365963802,36200.7252103880,17791.3094930545,78836.7093370173,36086.5198638185,31221.5376581294,64352.2852518026,6595.5033672074,47361.4143747491,28463.7478865357,89978.4022438065,7191.2637593066,21467.1814549783,11984.6642824616,16160.5517159101,10083.4580706986,93395.3100459767,57921.2489760540,57883.1932005293,15553.2929070484,14937.5070535854,52657.0133958324,104264.9075964672,20512.1723366890,71666.4211629146,23427.1417695973,109629.1681982901,51326.6689065950,58542.7556541221,54320.8669324914,45727.7986801881,66667.5049611747,61836.1445934773,41835.9746890004,28863.6908609657,14007.0703148100,23815.5900734121,102249.4071573857,7478.6888301735,68366.7671939187,49802.2280764833,88697.8943789254,86927.7850313606,76706.8140901914,74605.9807140882,47967.9697713310,55554.4885333932,32091.6079606300,36988.6254458577,28495.0226629281,93976.4923306758,52054.9801991515,115785.3383245990,45784.5446332991,40893.2636750441,79303.1521722053,67701.3105872404,96960.2273193005,66427.2988497956,17205.5413349984,68257.0271061002,66833.3314761105,70365.2639197378,83118.3774923395,30376.4330694526,99152.7321253272,77287.2520114297,34314.0604499250,84665.5686695692,51160.0217270450,85267.3772302108,76887.8586531527,59582.6979977287,97002.1280102029,22711.3019312924,90492.0891847064,90727.7459034408,93511.0565150783,75780.4144476328,64396.4096657178,67843.9745791790,36429.5534569018,104915.4238649561,76043.9778897752,18527.3684773323,71735.3212870309,56885.0442712010,47094.5362832847
1638,0,0,0,0,0,0,0,0,0,0,0,0,0,0,0,0,0,0,0,0,0,0,0,0,0,0,0,0,0,0,0,0,0,0,0,0,0,0,0,0,0,0,0,0,0,0,0,0,0,0,0,0,0,0,0,0,0,0,0,0,0,0,0,0,0,0,0,0,0,0,0,0,0,0,0,0,0,0,0,0,0,0,0,0,0,0,0,0,0,0,0,0,0,0,0,0,0,0,0,0,0,0,0,0,0,0,0,0,0,0,0,0,0,0,0,0,0,0,0,0,0,0,0,0,0,0,0,0,0,0,0,0,0,0,0,0,0,0,0,0,0,0,0,0,0,0,0,0,0,0,0,0,0,0,0,0,0,0,0,0,0,0,0,0,0,0,0,0,0,0,0,0,0,0,0,0,0,0,0,0,0,0,0,0,0,0,0,0,0,0,0,0,0,0,0,0,0,0,0,0
1639,0,0,0,0,0,0,0,0,0,0,0,0,0,0,0,0,0,0,0,0,0,0,0,0,0,0,0,0,0,0,0,0,0,0,0,0,0,0,0,0,0,0,0,0,0,0,0,0,0,0,0,0,0,0,0,0,0,0,0,0,0,0,0,0,0,0,0,0,0,0,0,0,0,0,0,0,0,0,0,0,0,0,0,0,0,0,0,0,0,0,0,0,0,0,0,0,0,0,0,0,0,0,0,0,0,0,0,0,0,0,0,0,0,0,0,0,0,0,0,0,0,0,0,0,0,0,0,0,0,0,0,0,0,0,0,0,0,0,0,0,0,0,0,0,0,0,0,0,0,0,0,0,0,0,0,0,0,0,0,0,0,0,0,0,0,0,0,0,0,0,0,0,0,0,0,0,0,0,0,0,0,0,0,0,0,0,0,0,0,0,0,0,0,0,0,0,0,0,0,0
1640,0,0,0,0,0,0,0,0,0,0,0,0,0,0,0,0,0,0,0,0,0,0,0,0,0,0,0,0,0,0,0,0,0,0,0,0,0,0,0,0,0,0,0,0,0,0,0,0,0,0,0,0,0,0,0,0,0,0,0,0,0,0,0,0,0,0,0,0,0,0,0,0,0,0,0,0,0,0,0,0,0,0,0,0,0,0,0,0,0,0,0,0,0,0,0,0,0,0,0,0,0,0,0,0,0,0,0,0,0,0,0,0,0,0,0,0,0,0,0,0,0,0,0,0,0,0,0,0,0,0,0,0,0,0,0,0,0,0,0,0,0,0,0,0,0,0,0,0,0,0,0,0,0,0,0,0,0,0,0,0,0,0,0,0,0,0,0,0,0,0,0,0,0,0,0,0,0,0,0,0,0,0,0,0,0,0,0,0,0,0,0,0,0,0,0,0,0,0,0,0
1641,60528.6965896123,101589.3932174978,32855.1104441573,120130.3646761254,70417.4698233111,39694.3334052850,70473.7001094698,20425.7935188772,102038.3251076775,57045.5542438961,81030.3463403493,95668.2187930563,49859.1171754266,32206.0807162384,10158.0429609274,77070.4140025719,78169.1216154733,44866.3815572917,80063.5051177900,23286.6740846166,54179.7045529176,68066.7662008468,35448.8690374256,81496.7098575634,12548.7286628243,82118.1696828988,62942.7866757782,60175.1996764666,50649.4037079171,24987.9699570691,13843.6122597042,96094.2300981719,46583.5472537462,87974.3755250018,67365.4391259813,17214.5540883928,91302.1603766744,42876.8958911400,36261.6131096085,63586.2127150258,71030.7300371855,97033.1967603517,57625.2561423115,21736.8090132032,32234.5818185753,86649.6489184165,69941.5151286258,89019.8628950913,69279.8043033455,75090.5466416667,73025.3322278244,59010.5336293275,51220.9966983943,34783.2882425718,21572.7886311439,46583.0511904487,72077.1927215661,60910.1371416137,60089.9528015409,69281.4425287888,76288.8484693160,2033.4512703991,58631.4593084805,52856.5374937403,44098.3651840912,12327.9628334471,53381.5293040239,20407.4696228632,28725.7683949413,71259.0224226390,19692.7127609494,90174.2800016329,58416.2674883488,25907.9048555998,69406.5949871255,37335.7950268666,94902.2220970185,78992.7176838653,41872.5653560892,56227.7855810574,65883.0823852976,41513.3019598836,58686.4452051015,70665.9592438738,45148.2143603374,88788.9766745453,62784.8809280154,19362.9504573192,28914.0714227117,9317.4023658303,10632.1398629762,15999.2735819662,31658.6123608591,83084.1612129272,52562.6772377329,88431.4796616445,91856.4405994840,15949.8740156024,69482.4156655323,71871.3731873426,50464.1624370179,39494.8949998996,93782.7053115717,24479.7489304314,80054.3421015459,38942.9067777623,14095.9520249153,51679.3962242350,48974.1407432377,20039.1099834615,82103.9376952629,52714.0453111992,94827.1863426558,29382.8077912285,80246.8409270065,85342.3578618395,65153.1822392929,31604.7761223737,66521.0553417062,60391.1208001936,44436.5087147238,35856.5486200488,66687.8637705124,62397.5686186921,82413.4996062073,53553.3639884474,57766.5001202884,72824.4635647844,63401.6742677292,22121.7809687236,56547.9200055892,71644.0223424606,66014.3112140318,65394.8768219973,75865.2270511799,60815.2600674797,51659.5130865192,43493.0829924469,84863.7703869421,57851.3234440036,79201.5890742282,14900.9997255421,17246.0269663015,9363.3258811523,43353.9127017835,63679.2437929839,64155.3920407572,75054.0760011416,45497.6730140592,82784.0357529231,66591.0312264716,6038.5827701338,73715.1886631987,28946.4701731053,24315.7415875570,17254.5552182073,79282.5702077854,66871.3784220765,12558.9014286685,35509.0561315352,50315.3065210069,56438.8859618117,72520.4808611192,40296.5841607329,118518.6049392507,31206.8471271574,57357.1107451409,63316.0979587595,57015.3472990723,35042.7171557681,78376.7744395598,51909.3259428087,19284.4996262691,14637.0900900524,65639.3965888030,21112.0635709390,63939.2758795727,66056.0347364253,57048.4752255446,30791.5616925311,70898.4162992505,16350.7820995158,24183.1249507244,71896.4703817105,75716.1128739634,36445.7347962690,41038.1690521423,83259.0503187864,75944.1244823083,55909.1027139195,76027.4458045673,7534.6196804642,46649.3514060378,26655.6778837645,43186.5191345952,46251.6784278971,44310.6115018172,14021.2050775032,16123.5534279595,17289.6712749081
1642,61239.2641272283,100299.5607406552,32267.5961856109,120129.9657262846,69717.5938625817,41010.1425669595,69186.9857202270,20015.3299709439,102518.7911836898,55808.7767758723,80963.2714106921,94573.0241049712,49875.7458028196,30879.6502955405,11037.6270394243,75746.1727341421,78533.1443984103,44213.3128071615,78835.8720789409,24551.4703220796,52847.9373641713,67032.8647375181,34316.2992480375,81085.6658680708,11219.6346077288,82774.6671679884,62594.9556182085,60534.2698493319,49645.3362140042,26191.1689260579,10841.8037004316,94874.4432916103,47132.2638074419,88149.5440220480,67419.0854905241,16626.6179389014,91069.2870135215,41569.1137270776,36105.2034227517,62272.0212033877,69701.5171421446,97353.9398857918,56851.2322399833,20594.9195284898,31467.3974973294,85362.7746124220,70487.5054433737,89507.8191475482,68107.8808125079,74847.5985915002,71742.1704008988,57707.8510035588,50856.8366960456,36064.6378969436,20415.6168956170,45403.7421103313,71563.4715289090,60342.1044290125,59968.1366307381,68393.6331950044,76472.7212809850,0.0000000000,57517.7938118166,53705.9522549657,44370.0605149507,11430.0611400536,52077.3109140729,21225.3585006770,30057.6667953435,71970.1273884953,20652.0640858651,89015.4674552548,58554.5697097775,24593.9866717203,69712.8337096905,36856.5821190662,93636.8842403463,79522.2849597492,40915.1303967715,56762.0736383668,64640.9656568186,42843.3585299671,57757.5030662062,70561.9328526931,44954.0064435581,89146.8780604416,61452.9544018438,20694.3889809210,28591.6351410405,8476.9234416690,11948.7632420718,16316.0900298781,32944.6366731888,82802.1362274948,51978.0441481898,87195.3736930572,91741.3343778027,17157.3383798220,68153.0461030939,71499.5914738158,49611.6156493627,38162.9426174114,92484.0071600933,23705.3910148766,80123.5414401314,37699.1879067448,14182.9641976416,52373.9950468463,47712.7917008798,18714.9277172766,82364.7356321509,53077.0924195270,95245.0161907017,28357.7815443982,78976.6443751895,85176.5377196004,64359.9996712289,30358.3186696704,66299.9503241620,59106.8175507151,43978.4577193920,34542.7155001828,67116.8749063851,61212.2796900502,81232.0659110711,52378.7492075968,56441.1724197730,71585.9576219474,63991.2160009188,21232.4270224990,56286.3395840998,70330.0186433134,64905.1659275908,64923.5956699433,76485.8953742430,59790.4458469498,51841.2511825205,42406.5616992519,85434.5040277012,57418.7255115349,78695.9745260391,13752.6199320425,15956.2571970089,9459.7458263248,43344.5078808185,63001.6507679871,62830.7984235544,73859.1383152462,44167.2560581248,83213.7591793667,65302.7198340354,8521.4955125780,73101.9681495765,30251.5989992491,25623.0848648306,18507.2850681782,79116.3761255502,66289.0454587560,10080.1978184618,34512.1837397303,49589.6990995323,55116.1961152236,72941.5747094890,39992.5166102272,118580.6310438954,30650.6484419521,56697.6547135038,63519.5984123449,57004.9879539121,36371.5671843202,78044.5446642101,50806.0594613631,19951.5260137823,14448.4468159882,65575.5175913304,22166.0972951103,63055.7834761845,66748.7649017804,57304.3903979671,29463.3746791513,71109.6914942120,15711.8651442852,25509.4929602896,71897.4793245035,75274.7948139125,37772.4090616596,39861.7353865975,83394.6406286333,76217.3885499414,56665.6662669260,75937.7244811202,9737.0754952646,46790.1227305749,25469.1034370620,44516.0708141506,46664.9500817841,43069.8011310665,15131.0675751482,14754.3731947688,16312.5525080668
1643,118094.4887186784,39980.3141389578,61967.9353134306,143850.1224000325,73087.5485813145,111197.6055934624,17191.2006252517,69391.9805866337,147487.5624072657,31969.0417391804,108938.9121790672,59351.4077569206,90364.9862157725,39960.4848810359,78385.8892897226,13828.3545228394,122594.5267733385,65973.9306534723,35688.5855003015,94840.8509089504,18245.7670764639,51026.4188043835,47674.0496972406,94256.8442562179,59603.4552663739,135629.0017049313,85412.2089690548,107858.7181453276,50495.9550945019,94641.3632579321,78576.3716544759,46078.5005898915,102326.3182617991,123926.1418335458,103380.1151567538,64690.0926669254,109614.0875776159,32504.4875785951,78480.6740149150,17664.8162794924,7.2860270440,137126.8437671160,63954.3394719809,55450.7726707491,61305.7506696220,29455.5692753066,121502.1104578738,136172.2212277800,39010.3001611791,97414.7068909111,24279.7589772133,16032.0082841158,78722.8536701908,106394.0743804267,53377.5522049483,40281.7007681434,83396.2970069813,75003.6081772823,92228.3180700643,61626.0690772315,114789.9298324826,70823.0796966716,43164.3668944305,114853.9846716473,93653.1341595614,64756.4331073781,25074.1190712446,84904.0985644258,100818.4128505322,127577.6368212074,87889.2863432103,49433.7088459845,99785.1783414017,47272.2541124643,113498.7596576771,70111.8132914614,38803.5690365494,128792.0399226555,53444.7728507133,109694.6525949797,30244.9680367724,113663.2140923444,55762.8921553188,99938.0617351001,81436.1813441308,131380.4580544742,10217.5592864838,91445.3225897066,72197.8470911337,65743.2818013508,82743.0076791279,75949.1994043459,102575.6969166670,101316.3532529651,70864.7498757539,38877.4773020529,115265.3284283801,86358.6416042635,9475.6143870931,89763.4640751841,58442.1619570671,32850.5908302973,32088.6479883921,62300.3041297543,113525.5695719194,40082.8676887067,74682.5436005233,110067.1391796630,32656.5997848615,52132.5116306823,122253.9905635967,102248.8592016571,138793.7571688794,54332.1122666985,29140.5459613933,108072.8553386269,65602.1478615771,45162.0039131021,92620.1603103102,24792.0630682150,72770.2303964225,38108.7375775062,115195.1390266744,36825.3133120662,42617.4292242971,38641.9804747120,17909.4875181881,31661.5650649950,117214.2883993957,57965.5695218756,85118.6388409629,16481.4948555944,44368.7307775195,81571.6269151710,128940.1104483126,49991.1118083045,96380.2226219464,46866.1643231611,135300.1962002922,79288.0151489860,88154.8405044881,59022.9571926783,55971.2364512713,72149.7082223594,85807.9318920428,71068.8337443384,13808.2307070699,37977.8274432318,27443.7876275282,128745.1114031956,22838.5592019784,77347.9097653048,79406.6726250095,100899.7067202323,95833.1325410864,88812.3173646003,103584.0645366848,77248.4121106688,65888.4108540006,53120.4990327918,64241.5077269808,16031.0920352589,119768.3788054530,76096.8999184390,145230.2137808259,67044.5336698330,69367.0649879614,105440.1372157480,94053.0492549839,106975.5400058995,95778.4424173048,44235.2170353840,84023.5086193136,69922.4942228115,97962.4408917444,88847.5483468876,59930.2233357492,122442.1580090624,102404.5510698399,41885.4896248894,111505.1459947933,66374.2665745207,96328.3914454294,104782.5137476935,89035.7781309563,108590.8505958298,42811.1770461359,118582.0959143865,117652.1670777261,115262.3615574747,104323.2569529802,75447.9998734988,91894.3365224421,50908.0180505434,115118.0558082576,98742.5399436330,36963.3498871406,84456.7192004201,69675.1516705984,61190.2178984030
1644,98578.0262579211,39608.4164857429,63471.5603649464,120184.7301554595,49447.6792149910,101565.5376262911,34596.5388467878,53218.4488307257,125007.8325875085,8761.9180180801,85539.7585752873,42928.9434083902,69053.9796188259,33460.6307760141,70372.5511663438,18201.4014439615,100460.8137304933,44100.8888102441,20626.7089014234,82435.7644422650,17473.0143643472,27866.0728148451,29793.2128733976,70594.6742590318,50206.8014148802,114651.4954655496,62197.4179696892,86738.9417976679,27653.1361638971,86612.6319426793,65834.9325567475,36180.2308587561,83170.4449635997,100846.0839947801,80789.1171589712,60290.2002841272,85946.2642849596,19408.5244795255,58712.7794764181,10797.8617924505,22858.0336609101,114215.3033207442,40495.6863386556,41445.9440489657,42290.0396458172,24670.0965800755,100552.8795509920,114110.1856218171,17097.3944070717,73907.6918694391,11088.6870388663,27840.5659399035,56401.5968463783,93590.1829390780,48607.7892754110,19483.6929352031,59734.2078811534,51582.0665182430,69648.2404940473,38173.9380042105,92136.2799266404,60693.7842193411,19511.4278548641,96712.9863129907,73753.3313297786,51768.7458349883,9110.8140410742,78890.9815527270,90120.0080665740,107422.9895222809,73871.6129363285,34119.1049776322,78038.3930135512,36268.7601014053,91586.3231146089,49758.0570850285,33253.5926584136,107311.9345654468,32378.2574410184,89607.7357669862,8123.1385713324,102315.9319490488,32149.8974403620,76809.4060917770,60192.0246220814,108823.5860843971,16212.7905373944,80970.8091797068,53791.1166936350,58220.1918251723,71838.9085132245,70481.7629556776,93638.3931599612,77660.2268436119,48043.9618125829,28012.7197022711,91635.4900014538,77681.2820683864,14672.5944271520,66190.2533178003,35603.1813256556,25750.1199356756,31892.9914378108,45495.4558405642,90426.2797731912,23616.6839088511,60267.1027537634,91128.2475659675,13544.2367475702,43785.8308164911,99605.6838298090,81757.8442323993,116268.3374522971,37216.4256173030,18589.4145968425,84468.4467904317,41935.7002358827,30688.7897835238,69448.4540761339,759.5059549887,51173.5769613605,26483.5353233290,93917.6040013257,13329.9374413135,25853.3706404774,15724.7146127990,10207.8310657767,13479.8036972363,96871.4476687275,54930.1438418928,62498.6975183302,11417.6439652335,21212.4919723863,58075.0221156145,108053.6992082245,26325.3384795616,75365.7279932866,25993.2673118604,113768.8513273145,56247.6747005959,64517.4808997068,52228.5624129561,44737.6177128459,64985.4474716530,65220.9126567328,47446.8215363103,22572.9906455267,18851.1820874106,19797.6284868607,106673.5710501046,4551.9226765985,67522.5780397317,55765.0758564755,88856.2442975889,86269.9446280341,76734.3838089450,80079.3344406766,53617.2843790498,54828.5469776653,33989.8042680012,41508.7256676861,22496.3247552026,98128.9577981828,55390.2622244334,121571.7322852103,48066.8605729445,46042.0460413809,83546.1350119680,71990.6131201810,96643.6455903149,72135.5456518177,21346.2216281882,69163.3549072462,64631.2475029768,75169.2221235212,81696.2928965305,36272.4014406526,102475.1241451469,81152.0814197945,32170.0423424559,89189.3169544613,51657.6656834157,85114.5584647222,81832.8827954826,65371.6437108704,97067.4282171290,23839.0395059579,95540.4797672724,95295.7087445881,96332.3039359975,81025.2047298472,64005.3247390859,71292.1934853154,36301.2197387077,104694.0118297897,79083.3002893243,18626.8132329424,71866.6370106809,56822.0444950617,47184.8024316480
1645,0,0,0,0,0,0,0,0,0,0,0,0,0,0,0,0,0,0,0,0,0,0,0,0,0,0,0,0,0,0,0,0,0,0,0,0,0,0,0,0,0,0,0,0,0,0,0,0,0,0,0,0,0,0,0,0,0,0,0,0,0,0,0,0,0,0,0,0,0,0,0,0,0,0,0,0,0,0,0,0,0,0,0,0,0,0,0,0,0,0,0,0,0,0,0,0,0,0,0,0,0,0,0,0,0,0,0,0,0,0,0,0,0,0,0,0,0,0,0,0,0,0,0,0,0,0,0,0,0,0,0,0,0,0,0,0,0,0,0,0,0,0,0,0,0,0,0,0,0,0,0,0,0,0,0,0,0,0,0,0,0,0,0,0,0,0,0,0,0,0,0,0,0,0,0,0,0,0,0,0,0,0,0,0,0,0,0,0,0,0,0,0,0,0,0,0,0,0,0,0
1646,0,0,0,0,0,0,0,0,0,0,0,0,0,0,0,0,0,0,0,0,0,0,0,0,0,0,0,0,0,0,0,0,0,0,0,0,0,0,0,0,0,0,0,0,0,0,0,0,0,0,0,0,0,0,0,0,0,0,0,0,0,0,0,0,0,0,0,0,0,0,0,0,0,0,0,0,0,0,0,0,0,0,0,0,0,0,0,0,0,0,0,0,0,0,0,0,0,0,0,0,0,0,0,0,0,0,0,0,0,0,0,0,0,0,0,0,0,0,0,0,0,0,0,0,0,0,0,0,0,0,0,0,0,0,0,0,0,0,0,0,0,0,0,0,0,0,0,0,0,0,0,0,0,0,0,0,0,0,0,0,0,0,0,0,0,0,0,0,0,0,0,0,0,0,0,0,0,0,0,0,0,0,0,0,0,0,0,0,0,0,0,0,0,0,0,0,0,0,0,0
1647,0,0,0,0,0,0,0,0,0,0,0,0,0,0,0,0,0,0,0,0,0,0,0,0,0,0,0,0,0,0,0,0,0,0,0,0,0,0,0,0,0,0,0,0,0,0,0,0,0,0,0,0,0,0,0,0,0,0,0,0,0,0,0,0,0,0,0,0,0,0,0,0,0,0,0,0,0,0,0,0,0,0,0,0,0,0,0,0,0,0,0,0,0,0,0,0,0,0,0,0,0,0,0,0,0,0,0,0,0,0,0,0,0,0,0,0,0,0,0,0,0,0,0,0,0,0,0,0,0,0,0,0,0,0,0,0,0,0,0,0,0,0,0,0,0,0,0,0,0,0,0,0,0,0,0,0,0,0,0,0,0,0,0,0,0,0,0,0,0,0,0,0,0,0,0,0,0,0,0,0,0,0,0,0,0,0,0,0,0,0,0,0,0,0,0,0,0,0,0,0
1648,0,0,0,0,0,0,0,0,0,0,0,0,0,0,0,0,0,0,0,0,0,0,0,0,0,0,0,0,0,0,0,0,0,0,0,0,0,0,0,0,0,0,0,0,0,0,0,0,0,0,0,0,0,0,0,0,0,0,0,0,0,0,0,0,0,0,0,0,0,0,0,0,0,0,0,0,0,0,0,0,0,0,0,0,0,0,0,0,0,0,0,0,0,0,0,0,0,0,0,0,0,0,0,0,0,0,0,0,0,0,0,0,0,0,0,0,0,0,0,0,0,0,0,0,0,0,0,0,0,0,0,0,0,0,0,0,0,0,0,0,0,0,0,0,0,0,0,0,0,0,0,0,0,0,0,0,0,0,0,0,0,0,0,0,0,0,0,0,0,0,0,0,0,0,0,0,0,0,0,0,0,0,0,0,0,0,0,0,0,0,0,0,0,0,0,0,0,0,0,0
1649,0,0,0,0,0,0,0,0,0,0,0,0,0,0,0,0,0,0,0,0,0,0,0,0,0,0,0,0,0,0,0,0,0,0,0,0,0,0,0,0,0,0,0,0,0,0,0,0,0,0,0,0,0,0,0,0,0,0,0,0,0,0,0,0,0,0,0,0,0,0,0,0,0,0,0,0,0,0,0,0,0,0,0,0,0,0,0,0,0,0,0,0,0,0,0,0,0,0,0,0,0,0,0,0,0,0,0,0,0,0,0,0,0,0,0,0,0,0,0,0,0,0,0,0,0,0,0,0,0,0,0,0,0,0,0,0,0,0,0,0,0,0,0,0,0,0,0,0,0,0,0,0,0,0,0,0,0,0,0,0,0,0,0,0,0,0,0,0,0,0,0,0,0,0,0,0,0,0,0,0,0,0,0,0,0,0,0,0,0,0,0,0,0,0,0,0,0,0,0,0
1650,102876.4413056247,46194.4111889781,53497.1731250579,131402.0085607068,61223.6079638077,97970.4610822566,22340.9050376886,54298.9149152844,132908.6830885510,19612.4640316302,95352.3109016316,55932.4973529871,75435.2201827145,26800.0134704989,65520.9365668092,19218.5976177970,107879.2658804021,51373.6627964397,32644.2381355244,80646.8569931458,8469.6956301353,40853.3075751941,32465.3697735950,82026.0332819766,45981.6428642372,120548.5805989568,71650.8674777580,92841.1431787950,36753.5751989695,81913.8696199698,64191.5604360413,46875.4193858203,87103.3567386906,109857.3635508979,88962.5672277900,53159.0813796623,97155.3013643395,17339.4942339628,63310.5295850083,9244.5818318894,14103.4815771217,122868.6992450633,50792.9149429301,40574.5400799982,46114.5033480751,32351.0171086346,106430.1861662037,121403.9069443626,30684.0975088365,84104.3088674422,21070.0858679090,14260.5407107034,64251.4821118343,92142.9700788714,41433.1253256951,25737.4292851768,70868.3246307674,61647.2989969702,77845.5622454915,50644.5980560134,100381.4785980930,57123.4304271006,31163.4614718833,99660.4159418287,78472.6573012423,50190.4041884328,10575.6909399369,72919.6007215856,87173.6016742639,112393.0984423043,73255.1812769936,46687.7375911240,84966.0282293450,32907.1515301625,98708.8107245917,55044.1261903410,41952.4927801156,113834.1849187661,38683.4634698689,94515.7024427599,21705.5833012518,99870.0255569845,43192.3345318907,85998.2942472681,66518.5951773273,116872.8525293080,5096.7755945742,77817.1307615479,56973.4140310969,52901.8493529312,68913.1088088278,64103.8033591085,89555.3830876906,88617.6915835931,56799.1341901686,38753.7818479604,102320.4814709175,73320.0032929884,11152.8471996927,76684.9825822202,44541.4561634947,19036.9208320266,37931.0726170266,47121.5708990142,99505.4534211445,24859.8044266562,59892.8030017351,94843.0842092820,18005.9740552668,38712.5308871041,107824.0745778064,87125.0495671632,124254.3963080604,39115.8945147611,28440.9001971479,95028.8996505054,53500.1835940371,30086.6316038116,78764.4466535426,13759.5114322543,58008.0877839347,23327.1863630267,100203.1234619926,26258.3354603231,38659.5051641189,25416.0116456622,3727.7025165913,26226.4497015428,102055.4973309570,46951.7420110376,70797.4754245736,15546.5395963717,34317.3091624932,68326.7945093270,113849.1211708737,38165.7398597987,81361.2540891119,32157.4169598510,120348.8937714906,65362.1743415237,76202.4543065241,46347.8077104784,41727.2297460508,59542.5188057180,70729.8086628955,58332.5909557941,10271.1896558790,32112.4001498345,12971.0097062301,113991.9854163127,15856.4807493033,63819.6417950526,67479.0896733534,86839.0515820946,82544.7336371944,74675.7546428593,90241.2242168784,64505.4989098986,51841.2026301234,37974.6398434292,50171.8018404416,15085.7479470911,104870.7897531418,61071.4416033801,132431.7216824557,51838.4133011393,55894.2792573268,90661.3478092149,79379.0029347684,93484.5846512370,82993.0005833498,30723.2739416148,69197.5831439049,58073.1897596503,83711.0136065756,76423.0557381420,48050.8864125071,107245.4688034949,87429.0924941125,27709.9018641627,96902.3065517430,51474.1183150534,82493.9482545912,90639.9646523753,76507.0071864607,94721.4776679583,27753.2119570016,104486.8517692963,103056.4062540250,100038.8602780123,90587.1862575164,61392.6324027421,76805.1369268760,35885.8359139694,101633.0251832033,83539.7035689569,21937.8640952337,70151.9482834060,55189.2094645076,46374.5925578809
1651,0,0,0,0,0,0,0,0,0,0,0,0,0,0,0,0,0,0,0,0,0,0,0,0,0,0,0,0,0,0,0,0,0,0,0,0,0,0,0,0,0,0,0,0,0,0,0,0,0,0,0,0,0,0,0,0,0,0,0,0,0,0,0,0,0,0,0,0,0,0,0,0,0,0,0,0,0,0,0,0,0,0,0,0,0,0,0,0,0,0,0,0,0,0,0,0,0,0,0,0,0,0,0,0,0,0,0,0,0,0,0,0,0,0,0,0,0,0,0,0,0,0,0,0,0,0,0,0,0,0,0,0,0,0,0,0,0,0,0,0,0,0,0,0,0,0,0,0,0,0,0,0,0,0,0,0,0,0,0,0,0,0,0,0,0,0,0,0,0,0,0,0,0,0,0,0,0,0,0,0,0,0,0,0,0,0,0,0,0,0,0,0,0,0,0,0,0,0,0,0
1652,0,0,0,0,0,0,0,0,0,0,0,0,0,0,0,0,0,0,0,0,0,0,0,0,0,0,0,0,0,0,0,0,0,0,0,0,0,0,0,0,0,0,0,0,0,0,0,0,0,0,0,0,0,0,0,0,0,0,0,0,0,0,0,0,0,0,0,0,0,0,0,0,0,0,0,0,0,0,0,0,0,0,0,0,0,0,0,0,0,0,0,0,0,0,0,0,0,0,0,0,0,0,0,0,0,0,0,0,0,0,0,0,0,0,0,0,0,0,0,0,0,0,0,0,0,0,0,0,0,0,0,0,0,0,0,0,0,0,0,0,0,0,0,0,0,0,0,0,0,0,0,0,0,0,0,0,0,0,0,0,0,0,0,0,0,0,0,0,0,0,0,0,0,0,0,0,0,0,0,0,0,0,0,0,0,0,0,0,0,0,0,0,0,0,0,0,0,0,0,0
1653,108051.1473357107,38825.5110678317,60750.2094421544,132492.0469787160,61769.1267017094,105272.9681100776,22763.5147227132,60423.8527426804,136382.0088623455,20573.8469776925,97559.8381943810,51333.0643962699,79610.1308727514,34256.2859152177,72930.8957040711,14402.7046450022,111594.3215141369,54979.0212371132,27554.8738695591,87612.8964741219,12591.1969175378,39990.2472662236,37793.4142996705,82907.4658111574,53261.3690764934,125053.4278434540,74068.1634722696,97199.7744189422,39202.4905618636,89329.4610574795,71079.7273195095,40639.2429520281,92386.4908400861,112627.3878175951,92218.3857283989,60682.9113267089,98245.9177712485,23645.1000465530,68233.4108100167,9925.3224816067,11235.8886073844,125880.1159324350,52559.0737490983,47131.0699718976,51218.0755244675,25360.1993931025,110922.5691436753,125204.6456459859,28418.3764632117,86017.1932615171,15622.6219072876,18453.8759155372,67619.6483299186,99060.4244632569,48953.8871317611,29404.6820169891,72011.9353791336,63615.6612366297,81061.8315954080,50444.0922685337,103615.0091619807,64347.4818263704,31779.2010826001,105342.6742001575,83410.0154288089,56997.2134255943,14572.8544962075,80421.1991441221,94365.4154812500,117304.0238853103,79936.7371877735,41710.8207392480,88896.0492112494,39944.2131807553,102567.3937340123,59622.4749451203,35052.7815289069,118026.0210773193,42632.0869060248,99418.4879181340,19404.6219453765,106994.4194747123,44362.7316400028,88619.9579317426,70684.5578698755,120243.6149416587,10378.0739486498,85026.5658917238,62410.7666995378,60333.7489996382,76065.4469550360,71616.9178875668,96911.6280435092,89925.9148246216,59609.4257514087,32690.9093501193,103865.1217047887,80688.6671708255,2504.5802458098,78360.4814008865,47165.2534638109,26421.0495676447,30550.0763911095,53017.6578879721,102219.0732456374,30472.3848173571,66460.4360495912,100230.5687062823,21994.4972346163,46070.7469049780,111084.0901028165,91808.5656637119,127670.0151938643,44829.7056667112,22326.3838740279,96670.0654953264,54244.1168893164,36415.5904690818,81288.8539820701,13392.2187976587,61880.3306266094,30154.6374810489,104488.8523556178,25593.6985574777,34098.7815255839,27299.7475648500,8108.5106913549,22115.4180177097,106854.6742048866,54463.8025753029,73933.9856158606,8742.9105853828,33317.3429845671,70174.2364380897,118391.9837759899,38637.2953544645,85740.1789651018,36052.7840617777,124520.6913076685,67983.2677184623,76838.9311054535,53812.9550982845,48777.4446107936,66997.1481511108,75294.7555286473,59668.7519954472,11363.8900063040,28386.8175606559,20215.3540148963,117770.0256184266,12217.8427607221,71083.0050731807,68086.2534949027,93863.4374022701,89846.4652767683,81682.1088016912,92187.1634571214,65849.6734131040,58945.9949545683,42910.2403542079,53000.3056000638,14612.7076564072,108937.6926505949,65511.7655923810,133840.3196839177,57015.5726125234,57994.0675724207,94507.4424329744,83051.6357229830,100718.8556145976,84382.0105657366,32916.2098845158,75697.9900185667,65588.7943763466,86736.4544245587,83883.8005831697,48590.2111060291,112232.9626917570,91690.4697916990,34885.0229094943,100436.6822288320,57942.3780282057,89622.5589321639,93514.7080308569,77653.7292512473,101820.8914376749,32487.0751153934,107292.7942828380,106574.2877236101,105441.0655645174,92964.9612697065,68466.5700490524,81391.4897841321,42262.3865835142,108861.6768796889,88602.5761672985,26668.1063314861,77075.2537824533,62036.2958082344,52968.9315033854
1654,102667.6733437121,48481.1502278570,51130.7687079701,132675.9065692527,62737.2275247951,96399.1026285534,21186.8475465374,53668.6023299899,133390.0071388942,21324.8066678696,96311.0743146971,58400.2913115820,75704.0263173170,25084.1223325422,63826.1431215269,21285.0851397275,108287.8947437338,51936.5224668199,35158.8997862141,79402.0837128584,3731.2670016507,42775.0705559832,32384.7181037537,83406.7739098999,44481.0180207803,120625.7489938644,72578.3146246462,93006.7377893218,37811.6931082863,80201.4267168425,63026.9782298497,49392.5961676267,86859.9587263352,110610.8469313904,89566.3076414238,51161.3272526252,98456.7927418624,16899.9699223200,63280.3138851676,11759.9928472761,14598.3648301685,123526.2256685481,51989.9060303419,39713.7041637530,46057.8277653912,34770.1708390036,106524.4012165681,121767.7520661879,32914.5494194616,85173.1860741267,23596.8739903786,12935.2274298495,64861.5085378546,90928.2761177437,39482.2023747818,26480.2747435294,72193.4444617487,62744.9818054249,78481.6413581359,52378.5614623178,100979.1187144047,55667.1592448634,32802.4397582789,99203.3467700678,78404.8312892449,49115.0753574220,11702.1938857988,71036.4819479826,85724.0296843525,112298.1039767946,72231.9652701243,49188.1806814638,85317.8428717960,31697.2579421721,99070.9181887032,55193.4435660760,44396.4916786003,114047.5658369929,39179.3311845953,94441.6220500829,24003.8012205807,98477.4157440875,44599.6556365530,86831.0928301904,66810.2332541385,117404.1047102187,4539.4763657983,76356.0082200319,56711.7511512449,51182.0557853866,67515.5054661042,62182.5425062498,87922.5950041120,89865.5059139193,57632.4862149276,41275.8876832002,103481.1607720597,71679.1870500467,13077.0124821080,77840.2407941627,45491.0649668125,17504.2175113172,40208.5708497983,46647.5163139589,100289.0874932979,24713.0176103772,58968.8937782361,94539.7076326603,18785.5464153049,37127.2300854144,108404.3022928246,87158.3278652192,124763.2282627010,38781.7539851225,30956.8695076082,96167.9583817684,54982.6735854538,29444.4861041931,79642.1036294832,15901.4733565291,58442.4801144938,22376.5534189909,100390.6866348908,28236.4432314391,41137.9149066730,26772.7066035576,7444.2142550615,28692.6084385334,102020.0251177959,44854.4869548098,71476.7424964893,17966.4887382840,36300.8868006345,69445.6429196932,113915.2067572730,39789.4184723532,81534.5597469484,32729.8252493803,120565.2965875651,66235.5546066076,77660.5827197284,44572.3582990872,40471.5280705121,57776.0705490464,70842.8784029896,59632.4129850058,9518.9035989775,34527.1209868643,11753.4058176853,114370.6322286892,18337.4009596537,62313.3566968518,68961.6245286495,85541.2939417190,80981.4042122748,73403.0382983432,91290.8753772591,65786.2341591622,50511.3677019724,38044.2112569865,51024.0246030458,10826.7477128715,105143.2229615716,61261.9317137218,133610.0969388253,51722.6269795919,56967.8966845186,91038.2847014393,79840.8647225360,91989.0071246771,84224.7214601095,31918.5536085897,68302.7987342302,56143.1008892958,84406.1136829176,74635.4863542415,49608.0724733323,107119.9314845925,87642.5089980246,26389.1714622049,97391.8313085284,50636.3444105970,81107.4604199838,91378.3603315224,77820.6469818268,93353.9464390703,28013.7858792649,105233.0463684855,103545.3134813175,99722.9989271372,91495.7985445268,60076.2216806018,76897.1403085703,35171.2951251742,100139.6305819494,83405.9349367566,22293.8342734967,68951.9220701758,54071.7761444459,45465.8322980235
1655,107744.9123400584,39560.3240274896,60012.9465682879,132627.7794624348,61936.1655793241,104657.6337222568,22367.3572089809,59988.1782353386,136273.5708804473,20618.4464758061,97577.5417213913,51940.2660796443,79413.4036040001,33598.3570298236,72288.6216101457,15827.6547646022,111455.9650853682,54832.2901237388,28181.9833048865,87059.9372459418,11873.2383572318,40268.8927676657,37440.4712607315,83052.3367146026,52647.8889433018,124828.4016561295,74056.5705502471,96986.9856108090,39158.4396788712,88686.1022790269,70537.7582662748,41350.3095538567,92064.5532890704,112590.3101375659,92125.4672431392,59990.0806447067,98375.1156284742,23156.0090991158,67947.6595680455,10339.0254963301,11038.5791286957,125819.8102747396,52599.6817908270,46632.4075000382,50902.7889593066,26099.3786595360,110697.0154285346,125058.9621856755,28804.4136844810,86061.3759843056,16255.2054579617,17787.1863940326,67505.8192901009,98516.3495069155,48266.8621896159,29215.8026507925,72126.7919156817,63644.2083901596,80969.7188122295,50673.0555658835,103527.1777022374,63746.2960921201,31901.4400612815,104973.2718715260,83127.3285439900,56465.4117122192,14270.2407974925,79747.5660613371,93772.4916326148,117030.5950423656,79427.7974188895,42341.1013524765,88729.1821567030,39371.4414299692,102411.5775813010,59372.1770210090,35790.6475211056,117835.7196930951,42437.1273456051,99143.2970490528,19761.3232473995,106414.8116771415,44453.3914588202,88592.6311757326,70485.5712051275,120144.0775835919,8957.5604322684,84429.7329768231,62061.8739730894,59684.8737689371,75478.9010580457,70936.5076888354,96283.7166870099,90031.4812260415,59549.5068736321,33389.6139791878,103951.0147521368,80057.2468234451,617.2077470191,78425.6378444405,47113.9156715272,25779.8701441985,31284.5088721892,52608.2906055624,102185.7536683284,30076.6371067463,65965.9582928678,99897.2464924871,21746.7691920322,45439.4976780770,110994.8998076659,91557.4357372454,127566.7170625690,44437.9189685683,23021.6963565277,96744.5972558813,54386.5098808442,35940.7993579496,81269.1423666844,13502.0505863531,61709.3198338069,29607.8459895389,104285.7427950646,25820.6379138662,34691.8795148107,27284.3591428752,7628.3694732694,22651.1023621746,106592.9134125929,53756.7242811806,73847.5820277668,9463.8346490275,33597.2360150530,70218.5399551834,118161.7140220886,38787.4507953268,85522.3730853025,35854.1607844534,124333.5445981339,67947.8260038503,77005.0610024555,53153.5235646827,48205.1065024599,66341.6162195440,75052.6981876286,59757.5907567652,10821.4741193114,28903.0642635993,19596.4752276821,117625.7648850741,12654.2697412789,70474.5023019441,68251.0793925611,93301.0125537984,89230.8038653987,81121.8657367130,92229.9226630848,65941.6339638790,58366.1984963061,42607.4022486757,52933.5303196158,13883.2755971842,108759.9630673718,65279.9313620364,133944.9854450870,56695.1264665013,58005.6286428578,94351.2301569777,82911.2168134763,100117.7794907829,84477.8167577900,32885.8300600516,75214.8394627088,64906.5492900100,86666.3772213304,83226.6208600603,48747.0015449061,111949.7637346515,91487.4257862650,34287.2526065160,100315.8272543602,57459.7932596110,89041.3169410709,93462.4119148646,77770.7807478738,101245.6302666719,32192.4770624718,107250.9218885641,106456.4854096723,105106.7041440888,92964.0344893985,67893.3934421101,81148.8958483285,41785.5784577734,108262.0165205598,88306.2994560617,26360.7584296992,76528.3550524237,61499.3559428173,52467.1404035313
1656,0,0,0,0,0,0,0,0,0,0,0,0,0,0,0,0,0,0,0,0,0,0,0,0,0,0,0,0,0,0,0,0,0,0,0,0,0,0,0,0,0,0,0,0,0,0,0,0,0,0,0,0,0,0,0,0,0,0,0,0,0,0,0,0,0,0,0,0,0,0,0,0,0,0,0,0,0,0,0,0,0,0,0,0,0,0,0,0,0,0,0,0,0,0,0,0,0,0,0,0,0,0,0,0,0,0,0,0,0,0,0,0,0,0,0,0,0,0,0,0,0,0,0,0,0,0,0,0,0,0,0,0,0,0,0,0,0,0,0,0,0,0,0,0,0,0,0,0,0,0,0,0,0,0,0,0,0,0,0,0,0,0,0,0,0,0,0,0,0,0,0,0,0,0,0,0,0,0,0,0,0,0,0,0,0,0,0,0,0,0,0,0,0,0,0,0,0,0,0,0
1657,101633.8965960225,50917.2801490262,48691.8652586173,133082.9533645764,63455.6859432498,94305.1130006219,21220.1384325137,52314.9262127835,132982.0882912939,22411.1991201944,96398.8183900058,60442.2666209345,75126.2890845631,22951.6484731913,61663.9783039792,23680.4168057879,107820.0783423301,51677.9399167551,37346.9298990969,77538.8777165342,78.7125586943,44007.9774995309,31582.4533630641,83955.7838543653,42461.3088079061,119841.3652902340,72653.5270848674,92318.0067126591,38095.4285741506,78023.0652323852,61233.5863314380,51732.7516596269,85804.9391940159,110480.9412152340,89299.7973844271,48833.4973950517,98908.4659339097,15922.1858538424,62439.7156957831,13985.2418942429,16210.1915778728,123294.7433557256,52378.7899916477,38195.9968114902,45226.0234354024,37198.8126329582,105761.8537692032,121251.0836807026,34574.8150995329,85383.8642506351,25885.7955147537,11380.4560005291,64626.4852862463,89082.2037573777,37183.8081134373,26510.4510384694,72691.1267421954,63010.0287544331,78256.4621175544,53366.7283223987,100699.1066681953,53667.5149327915,33733.3089499538,97956.0621084841,77513.2105919563,47405.6986309584,12381.3083724418,68762.4199088448,83713.6588727392,111361.0450495616,70539.7480358910,51320.2878364772,84810.2352619474,29920.7985197963,98563.5999787113,54531.8625554902,46816.4821768385,113392.0325017712,38892.6887596262,93532.5018070334,25788.0241037541,96502.3548884148,45233.1010885913,86796.1123843545,66264.3829631276,117050.7757930688,7865.4337663452,74341.2026114120,55672.7044689191,49010.9151949297,65548.9725037698,59890.3732344933,85791.4614557581,90263.9687732833,57632.5073336416,43598.9942331067,103777.4968081170,69547.8033485794,15445.7498125934,78148.7691793658,45637.0021050071,15548.0408577971,42644.0038354937,45441.2655888441,100195.1095431077,23903.7774321240,57366.5635593361,93427.2844285156,18943.9879477509,35058.7643588862,108103.1329890602,86351.5779897834,124385.0798385611,37721.0872828602,33302.0792825675,96445.3497051827,55677.5203532303,28152.7480350896,79659.0255408999,17533.2695254871,58045.9929655143,20865.0194400379,99717.8920603132,29583.5543084348,43213.7844397137,27429.6497278310,7501.6496307046,30751.9850910460,101141.4475228567,42482.8509959356,71301.8842158814,20393.2578257019,37626.2902453079,69724.2860969383,113123.4028790367,40677.7931366927,80861.6845401253,32548.2589336473,119909.8654892150,66263.0507239747,78300.7345072226,42371.4846013382,38637.3406323171,55572.8263413697,70124.5727324467,60118.3310784632,10285.8460603801,36475.9665916218,18454.0641794955,113871.2070265939,20450.2522345330,60274.7216423772,69637.6445601724,83637.1227039432,78896.6927069460,71522.5347969577,91476.8017430961,66242.8615788333,48607.0712407721,37355.2624681711,51056.4737169685,9052.3787250191,104547.4215442851,60628.5379883838,133913.1368099461,50823.7211931915,57216.8885090731,90550.3641742697,79443.7823353845,89945.7741457082,84609.8888078579,32372.8207038379,66714.6056412740,53848.0891030677,84234.3119513160,72414.0403160718,50396.9342596495,106157.8800600086,87002.2159529414,24545.7641772448,97008.2250220063,49114.9645402638,79142.2612042753,91244.5516080662,78300.3187571087,91397.7445166723,27560.9010061955,105098.5406313245,103157.5012526645,98596.9005133503,91534.9367786977,58172.7205827854,76153.0137880544,33791.0139811107,98095.8452147996,82450.8153612832,21987.7583485307,67127.5828926175,52323.1546304957,43895.7011827145
1658,0,0,0,0,0,0,0,0,0,0,0,0,0,0,0,0,0,0,0,0,0,0,0,0,0,0,0,0,0,0,0,0,0,0,0,0,0,0,0,0,0,0,0,0,0,0,0,0,0,0,0,0,0,0,0,0,0,0,0,0,0,0,0,0,0,0,0,0,0,0,0,0,0,0,0,0,0,0,0,0,0,0,0,0,0,0,0,0,0,0,0,0,0,0,0,0,0,0,0,0,0,0,0,0,0,0,0,0,0,0,0,0,0,0,0,0,0,0,0,0,0,0,0,0,0,0,0,0,0,0,0,0,0,0,0,0,0,0,0,0,0,0,0,0,0,0,0,0,0,0,0,0,0,0,0,0,0,0,0,0,0,0,0,0,0,0,0,0,0,0,0,0,0,0,0,0,0,0,0,0,0,0,0,0,0,0,0,0,0,0,0,0,0,0,0,0,0,0,0,0
1659,0,0,0,0,0,0,0,0,0,0,0,0,0,0,0,0,0,0,0,0,0,0,0,0,0,0,0,0,0,0,0,0,0,0,0,0,0,0,0,0,0,0,0,0,0,0,0,0,0,0,0,0,0,0,0,0,0,0,0,0,0,0,0,0,0,0,0,0,0,0,0,0,0,0,0,0,0,0,0,0,0,0,0,0,0,0,0,0,0,0,0,0,0,0,0,0,0,0,0,0,0,0,0,0,0,0,0,0,0,0,0,0,0,0,0,0,0,0,0,0,0,0,0,0,0,0,0,0,0,0,0,0,0,0,0,0,0,0,0,0,0,0,0,0,0,0,0,0,0,0,0,0,0,0,0,0,0,0,0,0,0,0,0,0,0,0,0,0,0,0,0,0,0,0,0,0,0,0,0,0,0,0,0,0,0,0,0,0,0,0,0,0,0,0,0,0,0,0,0,0
1660,104192.6635080461,48452.1961130990,51113.4221812330,134361.0814173613,64381.7558865280,97250.5964700544,20172.3399744587,55059.9877521946,135061.1898271770,22905.1875481093,98013.3385082851,59385.9396786985,77345.7693169118,25895.1485434121,64594.6359969072,21039.4974180856,109949.8946535128,53621.4661740253,35989.1661687207,80477.8686016144,4121.9750026471,44284.4623030697,33967.4283265308,85076.7743577871,45413.6780224095,122224.6925412892,74280.6253643601,94626.9860566451,39510.1385302453,80947.2526297815,64156.9511083371,49935.5423728508,88376.6976369739,112307.7989323329,91252.5705469289,51658.1301638028,100138.1525320489,18415.4756565346,64860.7280751748,12634.0385858130,13313.7220963469,125216.3467041150,53680.1030834870,41017.9821483460,47637.5104348469,35000.2403987945,108128.1894903608,123422.3592650733,34227.5471719218,86872.8325430977,24288.7699099775,9977.3931469219,66549.6215961950,92018.3315826408,40042.4808561552,28180.6383655024,73870.8455371485,64442.7726641071,80171.2361016167,53962.9788413386,102664.4009767021,56619.8084514460,34411.0327122400,100646.9507254244,79972.6082293402,50303.7749898589,13383.6597226785,71634.8522921819,86666.0174227521,113854.5359736246,73434.5134786916,50077.1037405444,86972.5656438436,32835.3410835648,100726.3303044105,56816.1209172939,44672.9131291770,115675.8722247622,40859.6252020519,96005.4749887171,25252.7950081556,99454.1691134367,46262.1748991759,88531.7839934879,68457.0595978662,119081.8411398974,2103.7421329611,77293.5267531753,58230.5756598129,51939.7503621913,68500.1328569917,62749.0292342395,88729.6845307582,91552.6086792466,59333.6768802064,41865.1048943584,105176.0145376268,72486.5213046283,12769.0787057538,79534.9442744165,47193.1285871004,18494.1484195855,40175.6730501577,48101.9029282627,101987.7131369488,26288.7843747818,60227.7324389936,96036.4525556223,20487.6748387755,38009.2038916611,110087.6288859869,88749.9575750171,126438.0969278140,40288.5519345206,31509.3359038855,97864.1334556069,56632.8128922894,30855.7919357069,81343.9339427620,17276.3338263027,60111.9425670033,23674.8663843559,102014.7778361725,29714.5213431362,42100.1922163383,28438.6901241381,7137.6154444485,29691.8930718533,103593.0909793838,45245.8582213857,73169.9889483547,18253.2444914014,37778.7587354892,71142.4580599440,115512.0353484860,41404.2308050230,83157.5547913711,34419.0172901775,122193.8419593172,67937.4351093338,79317.1924914386,45290.0857287168,41568.0447740571,58488.5929192001,72454.8333349115,61312.2784839615,7789.1141939859,35624.4127520572,12991.9486399437,116027.8584250997,19310.8590858371,63226.4078308772,70613.0115298860,86582.6005775331,81843.8362520973,74464.2638756837,92991.3195545414,67468.7907730035,51551.4218188305,39656.9393520993,52725.7684783224,8105.5525242363,106783.1499710960,62891.3645795098,135304.0419943410,53284.7594406459,58666.6871265480,92696.4908498133,81511.8041280201,92896.9254360888,85913.2537185512,33606.3254858543,69571.1502185591,56705.2594436995,86099.9881040933,75319.5946067748,51241.3870165505,108668.4495728253,89272.7676011631,27475.4098091262,99065.2816498646,51941.1111742524,82093.4891181714,93074.7929664302,79499.8035474115,94348.5177505072,29667.9723958480,106929.6694208521,105218.4218071853,101214.9721563147,93197.9709251826,61117.4165852663,78503.5757159928,36544.8579006255,101046.9051807867,84955.1624418110,23965.8470834665,70058.4886389535,55233.7724739382,46741.7333160058
1661,0,0,0,0,0,0,0,0,0,0,0,0,0,0,0,0,0,0,0,0,0,0,0,0,0,0,0,0,0,0,0,0,0,0,0,0,0,0,0,0,0,0,0,0,0,0,0,0,0,0,0,0,0,0,0,0,0,0,0,0,0,0,0,0,0,0,0,0,0,0,0,0,0,0,0,0,0,0,0,0,0,0,0,0,0,0,0,0,0,0,0,0,0,0,0,0,0,0,0,0,0,0,0,0,0,0,0,0,0,0,0,0,0,0,0,0,0,0,0,0,0,0,0,0,0,0,0,0,0,0,0,0,0,0,0,0,0,0,0,0,0,0,0,0,0,0,0,0,0,0,0,0,0,0,0,0,0,0,0,0,0,0,0,0,0,0,0,0,0,0,0,0,0,0,0,0,0,0,0,0,0,0,0,0,0,0,0,0,0,0,0,0,0,0,0,0,0,0,0,0
1662,105254.4101789264,46708.3668252366,52861.3566130546,134438.7242666718,64265.1901346672,98916.2935170663,20392.8095764391,56325.2846348288,135710.2685373927,22640.1941745636,98330.2963480995,58174.3259054046,78122.2191854661,27569.0256755507,66289.7556222912,19271.5331987652,110643.8640617004,54203.7634791261,34662.0232802842,82026.5951734803,7567.9536514859,43804.5272195894,34921.2096097855,85068.8812238701,47040.2232137001,123124.8412837260,74618.3595605493,95470.1671509446,39748.0546553605,82650.5855019227,65668.3385854836,48403.9780164014,89454.2653984586,112771.7348870810,91816.5301719836,53416.0359460059,100193.9119747586,19512.4086193957,65811.1011411652,11436.6774346215,15373.0701014513,125747.1595456708,53817.0504735721,42380.7124679080,48593.0406257317,33332.5851450450,109016.3989696924,124146.2877698222,33420.7110187054,87107.9882174102,22878.8961354343,11252.2939461564,67104.9640923459,93558.0406778255,41789.0744104386,28628.0039319414,73908.1020572228,64655.1139241147,80711.9192938745,53655.9811540859,103233.7743277134,58237.6233918715,34196.5946734728,101841.1135540293,80949.7232678201,51770.2310942400,13556.6019407525,73376.2400142963,88290.6984235521,114853.8774503106,74890.4609889657,48785.1414391854,87699.3421638415,34338.4251428809,101448.8097002024,57657.7180470437,43018.0959090209,116492.9854316712,41478.0117367853,96989.9232819668,24379.9285152603,101061.4274025542,46235.2929639736,88938.2723143687,69216.9032819136,119696.8833691580,325.7548512069,78920.0468547858,59306.9357336860,53637.4740056495,70102.0799663669,64496.2528974186,90412.3247314891,91650.9028797953,59735.5892380720,40364.9368536256,105342.1468328137,74168.4046911138,10999.8006381971,79704.6391579985,47510.5412608683,20083.4809187626,38432.5033772884,49283.3367761822,102429.8725018610,27263.2424848721,61634.3540778173,97148.3697359783,20899.3836906321,39657.8204540764,110669.3649056915,89670.7550405325,127068.5059729011,41389.0243495844,29997.0862861974,98046.6818313366,56543.2523276600,32098.3031600351,81717.9660639678,16627.8084246767,60779.4271033129,25043.3204526004,102845.8490891713,29194.3984458502,40879.1943619617,28454.2594869503,9367.4139493923,28524.0187979159,104556.7141752510,47014.6262880611,73680.3677735813,16629.6652112878,37242.4770930678,71339.3728478591,116417.9599197138,41199.3186247123,83993.7363503685,34983.1752269864,123009.8180047171,68312.8351746723,79245.8203322879,46999.5722548418,43100.9112930865,60200.8660967128,73324.2428692654,61369.8340396588,6731.6335082438,34546.1408959760,14411.3794174371,116741.6464429320,18152.6550010039,64863.8424347847,70521.9038631212,88152.9909429859,83504.5130671548,76022.0230569204,93241.0915250792,67541.2650284483,53120.8256207924,40532.7409869004,53112.9844012201,10201.7564959919,107562.7042274996,63711.0000633417,135456.8535767529,54277.6479521233,58896.3713520246,93408.3708578182,82167.3657659089,94538.0469834117,86024.1132618475,33743.0010142403,70968.9993031282,58452.9470082695,86601.6199810487,77040.7794332802,51090.1617787365,109684.3650165689,90085.8716867759,29012.5234016612,99705.6446904411,53303.3236606351,83695.2683438063,93547.5481434745,79546.1053833441,95946.0260835415,30417.9802541609,107398.2713635863,105859.9223017618,102334.6480423981,93550.9047046694,62686.8122202442,79387.2636619287,37832.7155171268,102688.5484681215,85970.9998168094,24647.2280070790,71586.4451955718,56721.2159623984,48132.2063206829
1663,101879.2248652668,46678.6431262551,53120.1614387828,130560.4038551005,60445.3168017615,97168.6469723838,23187.0998702636,53326.9800347767,131936.3491083792,18890.0363704819,94442.7263190446,55766.8035964136,74446.1188434564,26068.4468566787,64762.8506859842,19873.5391536072,106900.2931218028,50406.0444370565,32603.4461089911,79763.9153452247,8233.3801740664,40232.5378590037,31467.2620043914,81210.3707830951,45168.1924631097,119552.3457999818,70734.4669166976,91847.5531396912,35855.8443408497,81159.3625201278,63294.2801671597,47021.1077848274,86107.0608877041,108915.8556395460,88001.6452649412,52528.9935852473,96319.4568407503,16362.4172562394,62312.2019112736,9237.0524114714,15100.0010236374,121915.0049031316,49927.7424449173,39631.6804452629,45116.0836527531,32706.8819700463,105434.3248535672,120421.7687941407,30251.9837657613,83214.9732212131,21148.2377285490,14767.5472925397,63289.9837134167,91252.8248695196,40785.4832142190,24784.6563060465,70036.8977429134,60762.0193816124,76887.8447316957,49942.7426137802,99420.2567131879,56294.5481588053,30420.8007571938,98673.0766430583,77474.2344134933,49279.0043340828,9665.4422617666,72232.3116800378,86338.5070802359,111394.6752405011,72331.4938500691,46595.9834830548,83982.3197388930,32028.3949633002,97726.1550965502,54049.1293995373,42268.0549822231,112842.9325292151,37707.8729308369,93517.2803589926,21330.6776669349,99019.3534062365,42379.3166920194,85067.4558729068,65530.4794436015,115905.0347295690,6918.4355397100,76986.1080074518,55978.2270840603,52155.5714775190,68066.8379083148,63434.8492925598,88773.3539923017,87768.0908634788,55866.2112736514,38875.4270320040,101451.3877563233,72542.5532084000,11903.4382313669,75813.2970826351,43625.5944255707,18258.2352680982,38426.7884673067,46137.7056032279,98567.8804799365,23863.4415852074,58955.2369556405,93848.5298177123,17052.6837992704,37927.4242001480,106861.1480203193,86127.6270221971,123284.5150057290,38124.6847997615,28600.1886527922,94154.7578763971,52711.2191620595,29120.7641532283,77840.2597857212,13255.9648506038,57029.3642511932,22407.1400409105,99210.5355686361,25662.3044036704,38516.5128639479,24582.0657650223,2627.7629358328,26062.2827259375,101057.2620406912,46376.6982008846,69844.5510181354,15926.0957411679,33726.7687970001,67446.5943154210,112852.5674581787,37420.0196296393,80367.7855533976,31187.6214546630,119357.8554377538,64436.3269683774,75408.5634626547,45624.2353870409,40854.1278871917,58811.4108253261,69734.0683297838,57493.3239499264,11171.2602439926,31865.9630723110,12127.9491915657,113010.8194147017,15728.6802594349,63003.1219682078,66691.8169246985,85967.0716427501,81742.0009002965,73799.4544745111,89348.4060358595,63662.1400128725,50981.8069554090,36977.0419651717,49240.9241517648,9289.9439266143,103882.5070115791,60078.1645337953,131567.5366276496,50840.2854477169,55003.4138962091,89679.5754390027,78403.6644938172,92661.3366490056,82139.2118072087,29852.2775523507,68254.8332793137,57409.6661312862,82760.7798714440,75696.7175498133,47284.7163466146,106247.1629053879,86437.4649695385,26860.2533393906,95930.0120721387,50525.8442347330,81643.2333287007,89695.7260304784,75673.0581412379,93865.0605581540,26760.3857036906,103544.1761344599,102084.2126800309,99044.6910308289,89668.7215578794,60528.0608037019,75808.9068124545,34925.8911962643,100808.5386384147,82541.5236010605,20948.3245999647,69260.9040996992,54284.4445672003,45437.1125404173
1664,0,0,0,0,0,0,0,0,0,0,0,0,0,0,0,0,0,0,0,0,0,0,0,0,0,0,0,0,0,0,0,0,0,0,0,0,0,0,0,0,0,0,0,0,0,0,0,0,0,0,0,0,0,0,0,0,0,0,0,0,0,0,0,0,0,0,0,0,0,0,0,0,0,0,0,0,0,0,0,0,0,0,0,0,0,0,0,0,0,0,0,0,0,0,0,0,0,0,0,0,0,0,0,0,0,0,0,0,0,0,0,0,0,0,0,0,0,0,0,0,0,0,0,0,0,0,0,0,0,0,0,0,0,0,0,0,0,0,0,0,0,0,0,0,0,0,0,0,0,0,0,0,0,0,0,0,0,0,0,0,0,0,0,0,0,0,0,0,0,0,0,0,0,0,0,0,0,0,0,0,0,0,0,0,0,0,0,0,0,0,0,0,0,0,0,0,0,0,0,0
1665,0,0,0,0,0,0,0,0,0,0,0,0,0,0,0,0,0,0,0,0,0,0,0,0,0,0,0,0,0,0,0,0,0,0,0,0,0,0,0,0,0,0,0,0,0,0,0,0,0,0,0,0,0,0,0,0,0,0,0,0,0,0,0,0,0,0,0,0,0,0,0,0,0,0,0,0,0,0,0,0,0,0,0,0,0,0,0,0,0,0,0,0,0,0,0,0,0,0,0.0000000000,0,0,0,0,0,0,0,0,0,0,0,0,0,0,0,0,0,0,0,0,0,0,0,0,0,0,0,0,0,0,0,0,0,0,0,0,0,0,0,0,0,0,0,0,0,0,0,0,0,0,0,0,0,0,0,0,0,0,0,0,0,0,0,0,0,0,0,0,0,0,0,0,0,0,0,0,0,0,0,0,0,0,0,0,0,0,0,0,0,0,0,0,0,0,0,0,0,0,0,0,0
1666,0,0,0,0,0,0,0,0,0,0,0,0,0,0,0,0,0,0,0,0,0,0,0,0,0,0,0,0,0,0,0,0,0,0,0,0,0,0,0,0,0,0,0,0,0,0,0,0,0,0,0,0,0,0,0,0,0,0,0,0,0,0,0,0,0,0,0,0,0,0,0,0,0,0,0,0,0,0,0,0,0,0,0,0,0,0,0,0,0,0,0,0,0,0,0,0,0,0,0,0,0,0,0,0,0,0,0,0,0,0,0,0,0,0,0,0,0,0,0,0,0,0,0,0,0,0,0,0,0,0,0,0,0,0,0,0,0,0,0,0,0,0,0,0,0,0,0,0,0,0,0,0,0,0,0,0,0,0,0,0,0,0,0,0,0,0,0,0,0,0,0,0,0,0,0,0,0,0,0,0,0,0,0,0,0,0,0,0,0,0,0,0,0,0,0,0,0,0,0,0
1667,105773.0448633832,47531.6253229551,52076.9034837831,135519.6715307743,65410.0921630321,98720.5355706917,18086.7118954833,56662.5428614719,136516.0794891122,23818.9725217459,99309.8028668925,59412.8762719133,78847.2171318333,27367.0662456130,66031.4643286134,20005.2894001560,111422.0592435355,55044.4085939145,35871.5455071234,82030.8870050010,6922.4725563987,45037.4685123124,35519.5557151940,86179.2776615793,46922.9952311824,123766.8072889004,75586.9551176030,96151.3489534507,40757.2724855673,82370.9665970574,65725.7969503494,49508.6038626842,89959.7221712398,113679.7479160474,92670.0875778390,52959.0385275954,101282.0995519836,19995.9498188312,66414.9373944481,12690.9546283916,15226.2361227194,126620.0054506880,54870.8276506375,42618.2338423017,49191.8831887570,34309.5992321784,109666.5996288586,124906.2246610452,34690.9338924928,88123.6138242546,24061.3365517801,8740.9413593141,67961.8898844603,93575.0035913272,41384.5673371555,29534.8553349437,75001.7829932219,65679.0110814770,81577.7984743134,54852.9350305765,104084.7316097867,58134.2194002713,35366.0456641086,102245.7717127224,81534.1624530272,51886.9032942167,14574.7688006916,72985.5860710344,88173.2976573478,115422.0522435216,75019.2720195851,50003.4550976737,88456.4614118686,34409.8020348929,102209.0971903484,58338.1431067838,44008.1966802059,117192.3323390476,42296.1427934304,97569.2072697458,25651.9099752549,100973.5779210389,47348.7437215467,89874.5006753465,69952.1323922371,120522.3129367005,1482.0920499776,78799.8575647849,59812.5362550354,53374.5849434974,70024.4948348002,64084.6926715337,90180.8437794162,92722.6955691015,60672.0199914200,41492.3730451467,106387.5643327741,73939.6404613172,11744.6970189136,80747.4465050391,48485.7012237997,20036.9100476130,39260.5773452632,49698.6972491217,103348.7351481132,27844.5405268679,61822.3528460079,97625.2889662359,21819.2347621402,39501.6755914012,111513.6004878120,90297.1491807354,127885.1548581104,41873.7001761092,31120.5680914937,99085.0792369674,57678.8978689125,32456.9210153647,82669.7039173100,17880.5192325509,61571.2747328215,25275.5856530325,103535.4731422988,30432.0862417847,42117.2593586488,29547.9373081471,7936.1150141585,29774.8649541457,105151.8921980161,46488.7625740106,74562.2221686316,17674.7794461475,38484.3198207650,72370.3344922630,117055.6785589187,42367.6354560799,84679.3048686223,35830.3770861335,123710.0530433468,69263.0063668495,80377.3172513939,46708.6115616033,43130.5557332575,59900.3830017762,73986.5139957859,62455.0407831927,4980.6629750559,35808.7963910461,14589.8101322425,117507.7554655844,19408.3236316001,64724.9232722822,71659.2404271709,88124.6808316680,83319.6943363164,76013.2614998171,94250.6378683950,68621.4422490601,53096.1045628342,41187.7350119662,54055.8379446233,7807.1569822985,108286.7006266573,64406.6919197643,136508.4748652688,54848.8817559289,59912.2688965651,94174.9966081346,82967.7398876895,94390.5174515976,87090.7767940389,34792.7280514211,71166.8273281781,58040.4257149898,87488.8734150766,76714.0178452561,52244.3315619120,110239.5855742815,90787.2069324859,29038.8253291500,100515.7268368704,53541.1185777737,83617.2217074808,94450.3136226044,80636.8300225249,95874.5256373860,31153.8687174579,108303.7022148224,106669.5281324776,102805.0356811782,94513.3419877935,62661.3075354695,80039.8077469131,38147.7053181115,102539.7314234364,86525.8227808575,25422.8055972557,71620.8300842172,56810.8685039331,48338.9792403537
1668,104605.6135304538,49800.6660862080,49797.2489656563,135644.5766382818,65795.2734523988,96671.0201469162,17651.2302081292,55233.2118948984,135898.6580482941,24427.2863615799,99133.7746280630,61114.2034518533,78075.5524549663,25344.6469850295,63938.7035062336,22286.8343791133,110749.7164709096,54544.8330312447,37699.5564186066,80170.8433628527,3409.6933981042,45877.8685046896,34554.1827063001,86421.2828837417,44956.6332394864,122815.7467416356,75391.8996845608,95283.7381775937,40716.8359622427,80259.7497616352,63929.1713138135,51566.0074102744,88775.2048805928,113309.6958439165,92174.4147015058,50745.9410284711,101440.0442061739,18899.1169308029,65415.8752103947,14358.9907495913,13540.3621261714,126160.0399025166,54943.6671551717,41063.4080041831,48201.1299444777,36504.6029949134,108734.6448018660,124191.3280811890,35923.5967664199,88055.8899704298,25974.1930987539,6779.0171741377,67488.1609151932,91725.7148732009,39202.3624338142,29251.8862828329,75190.2285440476,65649.4427007006,81116.6143957783,55478.2611669089,103578.7332475576,56174.8400626539,35893.2173225016,100895.5394473808,80490.6445101130,50167.4531495413,14714.1386850692,70804.4868283579,86192.6189329403,114337.8998890281,73301.7697768745,51795.2381419448,87747.0817931369,32656.9824710148,101501.1384903126,57492.0685749935,46193.5361455445,116354.3941311490,41764.4967827869,96509.9079666067,26964.1070746950,99018.1222962823,47632.9134597739,89585.2431788723,69207.2235580509,119952.5734385023,4190.6631200423,76818.5195510310,58645.6506656632,51282.0112518835,68085.3342764756,61893.1681053513,88104.1968043306,92828.4897090626,60402.3686154089,43513.4955201563,106403.7972556025,71867.7049774485,14023.2355264082,80765.8016033250,48334.9198013025,18190.4613827745,41527.9511585205,48395.0223689669,103009.3686178718,26874.1110935247,60184.5795634598,96390.8447635762,21612.5606470968,37505.1598967752,110989.5989034850,89326.7336831634,127293.8003163710,40694.0406624384,33150.1534158989,99081.8619538780,58034.0688809899,31096.6618917434,82424.9547428354,18946.2035745613,60954.3823557589,23755.0938153316,102682.0120001225,31331.0612959498,43827.2033670608,29804.3489369666,8777.7475318230,31421.9884475995,104118.8445446676,44246.7712645416,74143.7482683734,19809.3139689769,39396.0066598085,72357.2125663682,116098.1330640059,42875.8654025631,83825.1402953079,35381.1916639862,122872.3590880754,69022.3884523116,80700.8255507103,44597.9895509378,41318.0971825647,57778.6552342491,73092.5579528335,62623.3503337969,6853.6965543739,37355.0353628815,13071.8888581767,116807.7713188510,21040.6343178974,62730.4898847448,72010.2461412102,86229.5420028017,81281.3427440657,74141.2292600825,94162.4258785342,68767.9472428410,51217.2221756315,40316.4601341009,53810.2664615181,4859.8922668333,107501.0658305267,63585.4135185626,136537.1524372160,53801.0765452292,59863.9889024728,93483.4831985487,82354.8803000974,92382.0683121189,87182.0806299284,34888.8487841249,69536.7276045505,55849.3617079317,87076.5423616157,74571.4387082119,52679.1952629777,109133.9389904931,89961.7330778178,27244.5226149221,99917.1040663376,51974.7049206654,81674.1022299708,94073.4485187943,80811.9473301180,93935.3640934634,30473.3027260010,107928.7026301236,106067.8115263906,101558.3988602568,94292.0867104222,60776.7251524803,79123.6525563462,36709.3067014969,100529.0780731989,85427.3788544607,24853.3075464551,69796.2643000627,55055.8744003008,46736.2122098168
1669,0,0,0,0,0,0,0,0,0,0,0,0,0,0,0,0,0,0,0,0,0,0,0,0,0,0,0,0,0,0,0,0,0,0,0,0,0,0,0,0,0,0,0,0,0,0,0,0,0,0,0,0,0,0,0,0,0,0,0,0,0,0,0,0,0,0,0,0,0,0,0,0,0,0,0,0,0,0,0,0,0,0,0,0,0,0,0,0,0,0,0,0,0,0,0,0,0,0,0,0,0,0,0,0,0,0,0,0,0,0,0,0,0,0,0,0,0,0,0,0,0,0,0,0,0,0,0,0,0,0,0,0,0,0,0,0,0,0,0,0,0,0,0,0,0,0,0,0,0,0,0,0,0,0,0,0,0,0,0,0,0,0,0,0,0,0,0,0,0,0,0,0,0,0,0,0,0,0,0,0,0,0,0,0,0,0,0,0,0,0,0,0,0,0,0,0,0,0,0,0
1670,107023.3545855955,45555.7672242650,54079.3386288274,135664.6129013338,65356.3861084779,100635.1542188396,18685.2472794209,58138.9037700509,137304.5197743519,23675.3480162165,99730.7537550039,58098.5933003987,79784.4910656904,29279.7753172984,67976.0506516963,18002.0602200376,112263.0078015801,55775.0699564837,34446.2362500571,83817.0695294895,10757.8764456853,44592.5043182380,36664.6522687540,86238.2935138502,48790.4338535828,124836.6223754317,76037.7078067459,97160.0657496183,41121.5760809106,84325.6600614260,67470.2645967895,47811.4495526034,91228.4114143549,114263.0818365356,93368.7003057853,54970.9739597684,101408.5420534600,21303.8282232282,67546.1919023976,11577.6214860462,11760.0599987994,127276.7626675525,55108.8574882380,44200.1292803309,50332.8696405133,32448.8790485455,110724.0824004782,125779.3527911502,33890.6102924774,88455.5310633759,22566.0908261171,10823.4261380681,68657.2922896788,95351.8334832931,43382.4394193593,30145.4656752012,75116.1321599762,65994.1254330387,82252.8895242747,54592.4225931464,104787.4786816530,59993.8180453506,35238.9466942510,103642.6629170661,82692.7229794496,53581.4595687341,14968.4230653338,74980.9476825294,90042.7319974027,116602.6577390406,76703.7354590064,48600.9285328049,89336.9931470033,36141.2844101055,103082.8992994469,59352.0131389309,42156.4512298502,118170.0823475022,43074.6134119162,98734.4110335765,24806.6726439442,102824.5706309839,47411.3756622313,90397.8744840686,70872.9691171652,121274.0810990656,9.6252946124,80670.7514137641,61082.7806704200,55320.5852246134,71867.9725471162,66085.8066675453,92113.4905006694,92899.3898369033,61200.6153308994,39842.4087972165,106637.3810582238,75870.4770086803,9755.4979534617,81008.2754010871,48929.1633049661,21853.2330966665,37288.6486109797,51084.5569336010,103909.2823542714,29017.2886194123,63452.4964281642,98931.4937326940,22413.8867476160,41391.4656514444,112229.1461379020,91392.5315889083,128653.4081357451,43173.5484841897,29471.4820850833,99355.0072393570,57661.1964185104,33910.6730627228,83158.6993525500,17350.3319474640,62392.8291328337,26862.4846881506,104529.9656156897,29974.4710748785,40810.5301590076,29690.5680161285,7919.5078978515,28560.3566062228,106293.4641967369,48512.4043759554,75205.5683806715,15919.0283652066,37986.8137949505,72664.9938433320,118132.3404742744,42237.8470995178,85681.7191389418,36556.6215910829,124686.0458410665,69758.1688332228,80366.8743947123,48666.4315885287,44895.8507683610,61863.0487245673,75027.3500834047,62598.9518738465,4594.9701027299,34685.5911310091,16225.7536332288,118370.2105331558,18259.1320898061,66606.5847149484,71630.6095618345,89934.8359852091,85228.0797854504,77808.9720367003,94597.3238849140,68778.4777868238,54902.4602950475,42245.7734368186,54572.0818845353,10981.6486817039,109223.3957064114,65394.7749981765,136738.3503691242,56028.9839054506,60250.0177222263,95038.0860588534,83770.2048751339,96278.1820629739,87283.3274094149,35055.5156121746,72787.6819115770,60041.5711530825,88119.0526879828,78687.7312101047,52162.2632241498,111438.8607571006,91763.2020722132,30805.0511090619,101298.2413443848,55122.7491445720,85461.4237785867,95046.7618627805,80758.9937765773,97714.6603596172,32085.3388036188,108893.0585633346,107452.4733336804,104119.5928898995,94975.6900120412,64468.6974608433,81095.4296011003,39649.2519645644,104428.3099898757,87726.6276262913,26290.6959938089,73383.7484689615,58528.6143183635,49951.0393003455
1671,112599.2812509336,41158.1904596132,59067.6758808321,138980.5323631632,68316.5492928961,106650.9924781173,18291.9834570187,64023.8306658560,142061.0990518065,26888.2433978595,103742.9455343563,57131.6250796551,84869.7871354482,35298.8040869542,73947.4506939169,13661.3691769833,117138.1555202112,60528.2316343514,33293.0887685280,89893.1398522360,13222.0361051935,46642.6898804921,42175.4934415201,89415.5887125494,54846.8112438064,130118.7505443080,80160.1332360507,102353.5790978874,45209.1995748502,90276.0409100914,73539.9391927232,45216.8598596336,96838.1635658198,118614.0198800354,97982.5073687329,60711.5885956182,104722.6745292165,27085.8134207089,72970.7790700558,12915.7008182821,5223.9456557316,131771.7264947351,58826.7662166387,50187.4801584686,55800.0873005003,29076.3222839759,115992.3119293361,130706.8084854441,35032.1934581139,92284.1308301888,21451.6882667500,14122.9953077627,73306.9570986761,101427.0765154048,49207.4477476912,34826.8782336669,78460.8957749307,69842.6441030455,86835.4169356355,57067.8256578678,109396.6088953182,66054.7153455084,38253.1950122838,109418.5384952482,88144.3530903679,59634.4993396839,19592.8945764803,80806.9720131169,96098.6706793138,122069.1233640600,82749.3653828208,47352.7700852346,94307.8292796690,42209.9813392132,108027.7403353163,64601.2600565057,38728.9312340722,123294.9082089705,47966.9908991234,104185.4197110716,26047.0861373389,108890.0227766180,50763.9759936413,94650.0136563939,75941.8609854046,125967.7730392489,9171.4972247671,86725.7020127227,66717.6271880940,61290.2787359589,77935.9748243070,71886.5627811084,98104.3402327852,96352.2461720258,65531.6501325366,37569.6329339751,110242.9456510781,81864.5120892700,6232.0922233450,84687.9023517556,53133.5424621092,27925.9801567020,32983.3381295271,56876.3344466432,108222.6211081591,34598.3663164339,69467.5993104093,104590.1716408794,27176.7737106391,47432.2251369454,116857.1539312810,96736.6811880836,133374.9934088486,48872.9203733906,27384.7209739863,103019.5044037436,60750.2747862902,39797.9247293309,87349.2288795814,19861.2206304177,67298.3235042940,32867.8411812928,109693.1342675621,32215.1272204993,40041.5098591590,33427.9859043549,12408.4902985598,28395.3600588850,111702.9335846703,54145.0855731901,79736.7304183352,13846.3617103108,39969.9035401517,76445.5069204287,123429.1543183024,45159.7252210756,90874.5622409713,41392.6991210071,129804.1866698730,73992.7074479990,83384.1248690068,54613.3265151435,50970.5062247785,67797.1356685254,80297.1850072087,66060.6929973527,7757.6835910127,34715.3466045591,22272.6040849986,123282.0389427087,18793.1334179116,72654.0905579534,74629.7757456372,96010.4195664328,91251.2711264259,83885.2664683672,98448.7036414072,72247.6641918038,60978.1360884712,47609.2810065696,58902.1531674578,12259.6069360539,114279.7437822678,70589.7314849542,140261.6102652930,61543.3556411465,64171.0482534531,99970.3511235968,88601.0327247346,102321.2646874598,90786.1967510437,38982.4542449100,78794.5644206939,65843.9939391634,92600.4024022016,84590.8449615587,55122.1888713276,116936.3925009146,96904.0858522124,36880.4672928174,106069.8275949416,61104.8163738935,91529.3540258780,99447.7099009833,84106.7404487063,103784.1040514490,37299.7170787945,113262.2971185440,112219.1144457814,109787.7487326181,99087.3202447759,70544.3776273509,86383.1085942399,45573.3547344174,110470.6710200855,93239.0811136012,31452.5332266208,79457.2596363135,64590.4756272621,55957.5539465843
1672,107336.5394687759,50957.1064847535,49056.2147027942,139196.1732746676,69373.1825241292,97705.2747616198,10715.9622961846,57666.3580548897,139126.3179034299,27979.2745670516,102602.7556813996,63963.2241331336,81204.9467337916,26677.8973782179,64856.4026979310,23341.3130090332,113943.0672090758,57874.8151426942,40366.9169678452,81761.6055609298,9599.9084813173,49379.9416182601,37574.7158685415,89991.5429384273,46337.8011495876,125770.5395228156,78857.9532570307,98324.6465657848,44244.0504225607,81081.2643267073,65688.8428914867,53737.6978329324,91494.2966989803,116690.1265428914,95489.6161761681,51113.9389694393,104998.6948722750,21882.9452466938,68352.8658934447,17271.1070874516,12538.2199492117,129489.4461051812,58491.7275483757,43338.1429154798,51167.7083381989,38216.4702825755,111711.8746884167,127349.7726393601,39229.3578606815,91563.3227938651,28507.6153048548,6167.2938546805,70825.1056692810,93331.1761802839,39793.3033091364,32712.6560074213,78754.8285378164,69171.5118951621,84455.1836368105,59035.4123449055,106884.8999693173,57544.0242520204,39461.2396692190,103395.7054096981,83370.9605538739,52117.7255994220,18288.8302000232,71317.7615780705,87454.8546756962,117158.9254465336,75214.4843724774,54513.7087812647,90920.1621186489,34608.4825244907,104670.5181407435,60575.9874576282,47928.8699849429,119414.3056284260,45088.4693131527,99364.7866734652,30210.1236929044,100342.2102615264,51208.4861699016,93008.8819883272,72362.7820450084,123215.1623805047,7458.9707688525,78089.2458657661,61412.5679263451,52229.0127965580,69488.3342520964,62364.6188007636,89050.0755412694,96378.4585861581,63843.2096371799,45788.1674485798,109932.8246348646,72849.8827062640,15290.9391704652,84297.7826977831,51826.0852316642,20091.5800419873,42725.5208491444,51013.7874112931,106406.8756032402,29918.9299566560,62269.0328525611,99045.0960032526,25113.5183447556,38829.1214081011,114283.1434927708,92275.1522368090,130540.7052213500,43480.5485926132,35419.3140446730,102606.4348023932,61611.7953043657,33698.9406029060,85869.4905085004,22337.1382238073,64207.1806977399,26181.6688594791,105732.5806528707,34807.1249151449,46668.3094390301,33380.2587831900,12229.3827252107,34348.0865767382,106997.8647768610,44424.2334218039,77508.2107902948,21831.7724205829,42870.6950724965,75882.4094855850,119048.5705732209,46446.9226230140,86883.0140064873,38758.7362450257,125930.8325919521,72472.1691351569,84277.2043595042,45495.7709540341,43100.5097777098,58593.1716385813,76121.7997808801,66186.2841038845,4033.8479139241,40394.3610301341,15666.0405555367,119979.1621032982,23988.5758359423,63983.4532424663,75587.7166579766,87726.6683631623,82367.9278696320,75709.9112397721,97662.6942520215,72327.0198946627,52811.5520851305,43404.3272345330,57264.0128835142,4906.1943656457,110607.4982501098,66684.3045578268,140067.6120517782,56702.9018813649,63382.2832038763,96667.7530048452,85598.9550171688,93554.1002265429,90729.6374663610,38446.6944054091,71620.9324049812,56336.2387307020,90440.1746562078,75266.7443834644,56255.8954834017,111933.2941671413,93041.2707417160,29147.6941927698,103164.9776282246,54200.0116151189,83048.4285154197,97453.9249657552,84374.3373536096,95308.8980717700,33726.4754825627,111307.4548454406,109312.0164401822,104194.7461075848,97744.0291070849,62335.2784015347,82128.9021189558,39178.9529880585,101687.6609029773,88246.2330245634,28190.6715544634,71483.8406482152,56922.0237716679,48912.5523718037
1673,0,0,0,0,0,0,0,0,0,0,0,0,0,0,0,0,0,0,0,0,0,0,0,0,0,0,0,0,0,0,0,0,0,0,0,0,0,0,0,0,0,0,0,0,0,0,0,0,0,0,0,0,0,0,0,0,0,0,0,0,0,0,0,0,0,0,0,0,0,0,0,0,0,0,0,0,0,0,0,0,0,0,0,0,0,0,0,0,0,0,0,0,0,0,0,0,0,0,0,0,0,0,0,0,0,0,0,0,0,0,0,0,0,0,0,0,0,0,0,0,0,0,0,0,0,0,0,0,0,0,0,0,0,0,0,0,0,0,0,0,0,0,0,0,0,0,0,0,0,0,0,0,0,0,0,0,0,0,0,0,0,0,0,0,0,0,0,0,0,0,0,0,0,0,0,0,0,0,0,0,0,0,0,0,0,0,0,0,0,0,0,0,0,0,0,0,0,0,0,0
1674,0,0,0,0,0,0,0,0,0,0,0,0,0,0,0,0,0,0,0,0,0,0,0,0,0,0,0,0,0,0,0,0,0,0,0,0,0,0,0,0,0,0,0,0,0,0,0,0,0,0,0,0,0,0,0,0,0,0,0,0,0,0,0,0,0,0,0,0,0,0,0,0,0,0,0,0,0,0,0,0,0,0,0,0,0,0,0,0,0,0,0,0,0,0,0,0,0,0,0,0,0,0,0,0,0,0,0,0,0,0,0,0,0,0,0,0,0,0,0,0,0,0,0,0,0,0,0,0,0,0,0,0,0,0,0,0,0,0,0,0,0,0,0,0,0,0,0,0,0,0,0,0,0,0,0,0,0,0,0,0,0,0,0,0,0,0,0,0,0,0,0,0,0,0,0,0,0,0,0,0,0,0,0,0,0,0,0,0,0,0,0,0,0,0,0,0,0,0,0,0
1675,111216.7569133072,45183.4044082385,55153.9305451077,139874.5864214058,69450.5499751405,103522.0347988245,12349.0461851275,62101.5315235934,141687.6009866444,27773.6626437133,104070.4007834458,60367.3243298969,84138.9208959844,32269.6227846427,70727.8204638269,17666.1311445414,116639.4893234711,60160.5999999338,36549.0855425173,87178.3398898191,10742.5024667683,48350.2065510382,40924.1400996312,90403.0139534366,51914.3514034448,129142.9389870475,80388.4264089542,101491.5937137699,45455.1634756927,87003.8189643087,70948.6833365677,48972.1887049248,95406.7557015480,118639.5488953473,97754.7764176242,57188.1485639296,105612.3079999370,25443.2151546356,71818.0468030903,14772.5323171753,6171.8622583865,131660.9200294422,59386.0976533281,48013.8012303021,54597.3514094444,32981.1992813008,115035.7311546984,130150.4698472100,37231.2819615206,92764.6997540638,24624.4174696014,8691.3619252523,73043.4123046072,98735.8173724280,45790.8168476155,34529.9066258376,79319.4615289682,70300.9164129292,86638.4409465210,58521.4303685594,109173.5792078484,63133.9757504838,39313.2109253185,107698.4757642881,86949.3673078267,57181.6707560481,19335.6658735232,77357.3497584353,93127.5767431854,120846.4253637732,80316.6508275139,50681.1375800304,93705.7446911062,39674.7295643687,107453.4189629278,63679.1128197185,42658.6016600879,122513.3897671238,47456.2323221070,102987.5746615890,28146.9702411839,105973.1976629135,51598.8949294102,94764.7220837468,75231.3702155800,125659.4344598315,6805.6234744090,83754.4629328404,65258.8165048943,58079.7698065164,75056.2282244884,68414.4067303740,94913.3584860314,97133.9401529490,65570.8360836416,41221.9856080637,110907.7109100463,78690.2154998490,10083.0558168928,85288.0732889178,53282.7675645327,25209.0237302635,37005.6172834437,55153.1693566320,108282.4557287064,33257.6770728882,67176.4862565719,103077.8237431301,26798.7204417799,44441.7369102234,116615.2992224987,95685.1615538011,133037.9298973741,47323.7001881722,30947.6888324489,103635.8843333883,61786.9879552838,37904.9190114060,87518.4628854855,21163.7611489198,66770.6165474472,30679.5084689873,108867.0390160291,33766.0297334550,43165.8283156226,33944.7018160468,12219.2511329098,31212.3590495308,110561.2410768093,50537.2647023005,79589.5477287631,17286.1361496898,41703.5016682336,76961.6929771205,122435.2125386738,46296.8616477626,90015.1155542448,40941.6277525464,129030.0991431874,74120.6302509846,84485.4551475500,51367.1524283587,48337.0926807729,64511.7146170915,79344.7277938728,66824.5046376826,1395.7061367278,37472.2258438153,19983.8418298678,122743.2001547691,21191.0564629467,69657.2551318641,75739.8548919650,93223.1538146536,88151.6692171002,81145.1468644994,98911.4824585669,73008.7972300762,58221.0912440565,46551.6322855659,58940.8478919375,12220.0541724723,113579.1069169926,69732.0522667723,140995.5274782949,60270.1652822819,64567.1282654874,99410.4333283220,88151.1759994375,99287.3870935265,91527.6825349837,39356.5699750928,76526.3260590839,62379.0187379995,92501.6798187927,81242.1172322373,56245.5285950147,115669.9464457641,96106.2314099644,34264.5706250624,105681.4710106747,58933.1111322512,88640.3076134476,99425.5517418899,84965.1762362626,100902.9926226696,36435.1236009241,113270.5198201144,111835.7433286684,108258.4083100031,99327.7761007306,67777.2188679967,85406.6793622161,43582.0782676966,107430.6239263068,91955.9547522507,30654.4143315301,76812.5264846440,62074.9454609176,53711.9589181420
1676,115771.7582027688,38274.3618235893,62478.9747822740,140595.1699827581,69813.7921226648,110365.4891350639,21358.1903819978,67464.6046044358,144631.1288250688,28848.7129010047,105840.9113237673,56270.7293188499,87703.3956091558,39012.2573693460,77662.0115340696,17964.0062871756,119802.6282738794,63176.2505772176,32536.4096405666,93559.0913987758,16911.6149078033,47691.2898969137,45363.4721346249,90998.4332969986,58550.4900967580,133065.6243057849,82361.9016465665,105249.5327171824,47495.0524920953,93988.6237637819,77182.7034016443,43426.0583279384,100042.5325818459,120922.0437171221,100483.6251268475,64382.6655519473,106369.2636970373,30496.6536454665,76053.2178837713,14462.5249089343,1556.4398792909,134167.9962460991,60826.2178291152,53728.2350721178,58932.7349698719,26952.7865658619,118934.6673145288,133400.6212888498,35656.9850390924,94277.4795411662,21013.9596676041,17011.7757605856,75862.8430725686,105086.8791543431,52900.9346606614,37530.6014605052,80171.3344523516,71891.0835741825,89327.7711243146,58311.0240405799,111884.7773664114,69755.6942137656,39949.5715234904,112751.4677852187,91234.7573902268,63248.5983827817,22440.5159511467,84497.1134202141,99802.8489425584,125155.2081924243,86349.7363389572,46381.5787053358,97054.2438913691,45854.1463517146,110746.0496549148,67570.8994330625,36464.7035985573,126131.1897006767,50738.2000935857,107266.8278893882,26902.1864792106,112587.3540512827,52573.9610276627,96915.2166494615,78773.7436575250,128502.4551741886,8373.0209215386,90430.3705781448,69958.7606528367,65004.8613613789,81630.6359704999,75571.3995372379,101819.5883640326,98098.8477656759,67896.8842820852,36048.2745236285,112070.0985691864,85579.7971517366,6746.1111649288,86597.9919893601,55455.8593155637,31614.4984414642,30206.3392204893,60245.3751949846,110514.1015247147,37853.3920213924,73031.6159362654,107829.6949488241,29990.2825870760,51141.9095693657,119352.7110360618,99743.7502158669,135924.8977756401,52180.4491401811,26140.5315277600,104892.9361756204,62353.8011284234,43259.1982514153,89583.7600911014,21620.1010781762,70032.8049758978,36437.4303935230,112563.3525908832,33532.1007944841,39434.7567442022,35594.8721179860,15411.6952635679,28347.9991903790,114750.3279372860,57787.6844296005,82204.7995907562,13211.6132565362,41037.4114081739,78435.7756351757,126389.1916555945,46743.7681277945,93777.8562557126,44153.7458561142,132632.9419955932,76277.9542569116,84877.9351427214,58326.2416038049,54629.8687950408,71508.2215213353,83263.3578489427,67876.8523082806,13924.8535810871,34670.7960931995,25894.8614430450,125968.5641558523,19491.8155505269,76361.9466494934,76133.0038552933,99689.0731962546,94964.9244132091,87556.8671021259,100448.4292704424,74051.1951839425,64656.9202486443,50686.2956081015,61284.1824094013,15816.0897557098,117072.0525702199,73514.2715805739,142009.6349269285,64701.7298565209,66280.2399438479,102685.7070664047,91257.4302147990,106030.8048138191,92573.2628216045,41211.0371898881,82347.5789265800,69529.9216977305,95018.9361642168,88296.7611437695,56670.8355910271,120047.6220843169,99766.4902570771,40544.9502116374,108670.6149098283,64635.9595549517,95224.0795881627,101805.6328397405,85807.2555450788,107476.9192167333,40312.1733792535,115586.6437122423,114812.1356116855,113033.1212863007,101255.3947706028,74222.9037602839,89356.7663278133,49059.3122216990,114180.4647065093,96371.4969930406,34461.7684509702,83110.5142609689,68218.1575309917,59515.6356601300
1677,0,0,0,0,0,0,0,0,0,0,0,0,0,0,0,0,0,0,0,0,0,0,0,0,0,0,0,0,0,0,0,0,0,0,0,0,0,0,0,0,0,0,0,0,0,0,0,0,0,0,0,0,0,0,0,0,0,0,0,0,0,0,0,0,0,0,0,0,0,0,0,0,0,0,0,0,0,0,0,0,0,0,0,0,0,0,0,0,0,0,0,0,0,0,0,0,0,0,0,0,0,0,0,0,0,0,0,0,0,0,0,0,0,0,0,0,0,0,0,0,0,0,0,0,0,0,0,0,0,0,0,0,0,0,0,0,0,0,0,0,0,0,0,0,0,0,0,0,0,0,0,0,0,0,0,0,0,0,0,0,0,0,0,0,0,0,0,0,0,0,0,0,0,0,0,0,0,0,0,0,0,0,0,0,0,0,0,0,0,0,0,0,0,0,0,0,0,0,0,0
1678,0,0,0,0,0,0,0,0,0,0,0,0,0,0,0,0,0,0,0,0,0,0,0,0,0,0,0,0,0,0,0,0,0,0,0,0,0,0,0,0,0,0,0,0,0,0,0,0,0,0,0,0,0,0,0,0,0,0,0,0,0,0,0,0,0,0,0,0,0,0,0,0,0,0,0,0,0,0,0,0,0,0,0,0,0,0,0,0,0,0,0,0,0,0,0,0,0,0,0,0,0,0,0,0,0,0,0,0,0,0,0,0,0,0,0,0,0,0,0,0,0,0,0,0,0,0,0,0,0,0,0,0,0,0,0,0,0,0,0,0,0,0,0,0,0,0,0,0,0,0,0,0,0,0,0,0,0,0,0,0,0,0,0,0,0,0,0,0,0,0,0,0,0,0,0,0,0,0,0,0,0,0,0,0,0,0,0,0,0,0,0,0,0,0,0,0,0,0,0,0
1679,100589.4691856086,47667.9207537000,52282.8136947238,129713.1543547564,59724.6277481864,95907.5070379098,24082.1981251820,51995.8364214411,130792.4565390948,18309.8101651091,93457.8932743175,55983.6179439976,73244.4048966785,24874.3715911521,63537.5812364396,21038.2367143223,105735.6822083139,49280.4838249617,33001.9919446798,78450.5929040358,7758.0338941174,39791.8729384702,30187.7553446635,80416.5659485253,43901.0093162753,118311.4055454771,69736.4484434730,90623.6988838294,34908.0645017329,79936.0644743526,61974.1187110065,47636.1364105022,84811.9352331944,107856.0435087645,86892.2056038530,51421.9138900206,95485.5632702886,15033.9718748670,61047.8002076028,9782.4379373201,16397.1031710392,120823.7962669556,49043.4113505497,38297.1880012448,43844.5178717112,33570.4808013308,104196.2621734639,119245.9443750507,30116.6136201355,82274.7682438890,21716.3285621103,15156.7007399033,62180.6244532989,89935.7302127843,39664.3210938174,23709.7219913763,69214.7915257682,59833.3903884867,75787.8376092042,49360.5906269553,98309.4911214817,55015.3598243244,29781.5408303026,97355.0928971019,76204.7824779964,47953.0313641607,8739.5153344941,71068.3220604942,85053.9744868450,110122.4338557803,71001.0329822248,46915.6027683249,82801.7228630715,30719.0706081224,96548.9762346370,52818.2193298032,43080.8147079648,111630.5782914460,36559.5933887310,92247.7421615643,21300.2268946991,97724.4428749677,41600.7019038516,84034.6888409200,64333.3651611542,114774.9909347456,7304.6989206001,75704.5842343681,54678.4680844508,50941.4650192007,66775.4003315031,62288.7507182874,87527.5679475757,86908.2530672235,54831.6165065780,39467.4921533155,100551.4959690197,71301.0638701171,13151.4186694902,74910.5702129883,42633.9077970393,17027.6889855084,39431.1263996133,44815.3535630464,97518.1556507012,22570.0284965745,57621.4795835077,92546.2405997717,15984.5991952319,36683.2548695943,105745.3672804152,84876.7206164796,122148.2036710938,36813.7679219276,29248.4558495473,93245.1493501337,51973.3533861688,27787.3135855081,76823.6639763435,13073.5004325487,55867.9106107124,21078.8644574223,97991.8498524715,25280.5789314585,38775.6058177428,23777.8472014255,2220.6734027242,26311.8292859314,99794.6560049484,45326.5013672220,68757.9189310351,16844.3010449115,33341.4451581136,66527.4739092449,111609.2181915133,36768.6052562871,79144.8641948262,30059.7239410147,118146.4139649093,63417.3063048786,74656.1487323411,44430.9226740752,39547.3727613043,57609.5992685288,68497.5639740534,56658.6292152376,12192.9006217326,31993.6769464664,17950.0245865736,111838.5606210009,16063.0934619582,61732.3791417254,65953.2136592998,84659.6195791024,80480.6185141017,72489.7883170111,88400.2765084244,62818.0411259191,49682.7169395564,35726.0550368301,48212.5076961183,9487.1610258018,102683.4633179242,58857.0181949094,130675.8544371403,49560.2466823978,54064.0912357025,88505.7918632606,77251.9695741781,91384.8036676881,81271.7229503603,28966.0772045947,66920.2763587580,56269.5084076095,81680.2326239394,74497.6312581625,46590.6587864344,104969.8661404183,85223.8314390928,25569.9617870440,94787.1464078892,49190.8274176103,80348.5949659901,88630.0355187913,74845.1908122029,92566.6567684967,25545.4851933117,102481.6970324572,100941.4561454875,97741.1229388821,88664.3194114502,59225.4449260285,74568.6764342980,33591.2704601368,99530.9779256059,81261.8255219336,19752.1367631420,67943.6247995733,52961.1001812659,44103.4336807255
1680,0,0,0,0,0,0,0,0,0,0,0,0,0,0,0,0,0,0,0,0,0,0,0,0,0,0,0,0,0,0,0,0,0,0,0,0,0,0,0,0,0,0,0,0,0,0,0,0,0,0,0,0,0,0,0,0,0,0,0,0,0,0,0,0,0,0,0,0,0,0,0,0,0,0,0,0,0,0,0,0,0,0,0,0,0,0,0,0,0,0,0,0,0,0,0,0,0,0,0,0,0,0,0,0,0,0,0,0,0,0,0,0,0,0,0,0,0,0,0,0,0,0,0,0,0,0,0,0,0,0,0,0,0,0,0,0,0,0,0,0,0,0,0,0,0,0,0,0,0,0,0,0,0,0,0,0,0,0,0,0,0,0,0,0,0,0,0,0,0,0,0,0,0,0,0,0,0,0,0,0,0,0,0,0,0,0,0,0,0,0,0,0,0,0,0,0,0,0,0,0
1681,0,0,0,0,0,0,0,0,0,0,0,0,0,0,0,0,0,0,0,0,0,0,0,0,0,0,0,0,0,0,0,0,0,0,0,0,0,0,0,0,0,0,0,0,0,0,0,0,0,0,0,0,0,0,0,0,0,0,0,0,0,0,0,0,0,0,0,0,0,0,0,0,0,0,0,0,0,0,0,0,0,0,0,0,0,0,0,0,0,0,0,0,0,0,0,0,0,0,0,0,0,0,0,0,0,0,0,0,0,0,0,0,0,0,0,0,0,0,0,0,0,0,0,0,0,0,0,0,0,0,0,0,0,0,0,0,0,0,0,0,0,0,0,0,0,0,0,0,0,0,0,0,0,0,0,0,0,0,0,0,0,0,0,0,0,0,0,0,0,0,0,0,0,0,0,0,0,0,0,0,0,0,0,0,0,0,0,0,0,0,0,0,0,0,0,0,0,0,0,0
1682,0,0,0,0,0,0,0,0,0,0,0,0,0,0,0,0,0,0,0,0,0,0,0,0,0,0,0,0,0,0,0,0,0,0,0,0,0,0,0,0,0,0,0,0,0,0,0,0,0,0,0,0,0,0,0,0,0,0,0,0,0,0,0,0,0,0,0,0,0,0,0,0,0,0,0,0,0,0,0,0,0,0,0,0,0,0,0,0,0,0,0,0,0,0,0,0,0,0,0,0,0,0,0,0,0,0,0,0,0,0,0,0,0,0,0,0,0,0,0,0,0,0,0,0,0,0,0,0,0,0,0,0,0,0,0,0,0,0,0,0,0,0,0,0,0,0,0,0,0,0,0,0,0,0,0,0,0,0,0,0,0,0,0,0,0,0,0,0,0,0,0,0,0,0,0,0,0,0,0,0,0,0,0,0,0,0,0,0,0,0,0,0,0,0,0,0,0,0,0,0
1683,0,0,0,0,0,0,0,0,0,0,0,0,0,0,0,0,0,0,0,0,0,0,0,0,0,0,0,0,0,0,0,0,0,0,0,0,0,0,0,0,0,0,0,0,0,0,0,0,0,0,0,0,0,0,0,0,0,0,0,0,0,0,0,0,0,0,0,0,0,0,0,0,0,0,0,0,0,0,0,0,0,0,0,0,0,0,0,0,0,0,0,0,0,0,0,0,0,0,0,0,0,0,0,0,0,0,0,0,0,0,0,0,0,0,0,0,0,0,0,0,0,0,0,0,0,0,0,0,0,0,0,0,0,0,0,0,0,0,0,0,0,0,0,0,0,0,0,0,0,0,0,0,0,0,0,0,0,0,0,0,0,0,0,0,0,0,0,0,0,0,0,0,0,0,0,0,0,0,0,0,0,0,0,0,0,0,0,0,0,0,0,0,0,0,0,0,0,0,0,0
1684,0,0,0,0,0,0,0,0,0,0,0,0,0,0,0,0,0,0,0,0,0,0,0,0,0,0,0,0,0,0,0,0,0,0,0,0,0,0,0,0,0,0,0,0,0,0,0,0,0,0,0,0,0,0,0,0,0,0,0,0,0,0,0,0,0,0,0,0,0,0,0,0,0,0,0,0,0,0,0,0,0,0,0,0,0,0,0,0,0,0,0,0,0,0,0,0,0,0,0,0,0,0,0,0,0,0,0,0,0,0,0,0,0,0,0,0,0,0,0,0,0,0,0,0,0,0,0,0,0,0,0,0,0,0,0,0,0,0,0,0,0,0,0,0,0,0,0,0,0,0,0,0,0,0,0,0,0,0,0,0,0,0,0,0,0,0,0,0,0,0,0,0,0,0,0,0,0,0,0,0,0,0,0,0,0,0,0,0,0,0,0,0,0,0,0,0,0,0,0,0
1685,0,0,0,0,0,0,0,0,0,0,0,0,0,0,0,0,0,0,0,0,0,0,0,0,0,0,0,0,0,0,0,0,0,0,0,0,0,0,0,0,0,0,0,0,0,0,0,0,0,0,0,0,0,0,0,0,0,0,0,0,0,0,0,0,0,0,0,0,0,0,0,0,0,0,0,0,0,0,0,0,0,0,0,0,0,0,0,0,0,0,0,0,0,0,0,0,0,0,0,0,0,0,0,0,0,0,0,0,0,0,0,0,0,0,0,0,0,0,0,0,0,0,0,0,0,0,0,0,0,0,0,0,0,0,0,0,0,0,0,0,0,0,0,0,0,0,0,0,0,0,0,0,0,0,0,0,0,0,0,0,0,0,0,0,0,0,0,0,0,0,0,0,0,0,0,0,0,0,0,0,0,0,0,0,0,0,0,0,0,0,0,0,0,0,0,0,0,0,0,0
1686,0,0,0,0,0,0,0,0,0,0,0,0,0,0,0,0,0,0,0,0,0,0,0,0,0,0,0,0,0,0,0,0,0,0,0,0,0,0,0,0,0,0,0,0,0,0,0,0,0,0,0,0,0,0,0,0,0,0,0,0,0,0,0,0,0,0,0,0,0,0,0,0,0,0,0,0,0,0,0,0,0,0,0,0,0,0,0,0,0,0,0,0,0,0,0,0,0,0,0,0,0,0,0,0,0,0,0,0,0,0,0,0,0,0,0,0,0,0,0,0,0,0,0,0,0,0,0,0,0,0,0,0,0,0,0,0,0,0,0,0,0,0,0,0,0,0,0,0,0,0,0,0,0,0,0,0,0,0,0,0,0,0,0,0,0,0,0,0,0,0,0,0,0,0,0,0,0,0,0,0,0,0,0,0,0,0,0,0,0,0,0,0,0,0,0,0,0,0,0,0
1687,0,0,0,0,0,0,0,0,0,0,0,0,0,0,0,0,0,0,0,0,0,0,0,0,0,0,0,0,0,0,0,0,0,0,0,0,0,0,0,0,0,0,0,0,0,0,0,0,0,0,0,0,0,0,0,0,0,0,0,0,0,0,0,0,0,0,0,0,0,0,0,0,0,0,0,0,0,0,0,0,0,0,0,0,0,0,0,0,0,0,0,0,0,0,0,0,0,0,0,0,0,0,0,0,0,0,0,0,0,0,0,0,0,0,0,0,0,0,0,0,0,0,0,0,0,0,0,0,0,0,0,0,0,0,0,0,0,0,0,0,0,0,0,0,0,0,0,0,0,0,0,0,0,0,0,0,0,0,0,0,0,0,0,0,0,0,0,0,0,0,0,0,0,0,0,0,0,0,0,0,0,0,0,0,0,0,0,0,0,0,0,0,0,0,0,0,0,0,0,0
1688,0,0,0,0,0,0,0,0,0,0,0,0,0,0,0,0,0,0,0,0,0,0,0,0,0,0,0,0,0,0,0,0,0,0,0,0,0,0,0,0,0,0,0,0,0,0,0,0,0,0,0,0,0,0,0,0,0,0,0,0,0,0,0,0,0,0,0,0,0,0,0,0,0,0,0,0,0,0,0,0,0,0,0,0,0,0,0,0,0,0,0,0,0,0,0,0,0,0,0,0,0,0,0,0,0,0,0,0,0,0,0,0,0,0,0,0,0,0,0,0,0,0,0,0,0,0,0,0,0,0,0,0,0,0,0,0,0,0,0,0,0,0,0,0,0,0,0,0,0,0,0,0,0,0,0,0,0,0,0,0,0,0,0,0,0,0,0,0,0,0,0,0,0,0,0,0,0,0,0,0,0,0,0,0,0,0,0,0,0,0,0,0,0,0,0,0,0,0,0,0
1689,78745.4455739721,85446.9242299712,43331.8987223280,129589.7968767689,69969.7409696641,58928.5448558101,49439.0696547261,30142.7845067132,117603.4603003800,44204.8473984685,90201.1930234086,85848.2529928308,61165.8290292393,26479.1112754068,26036.7176018797,59207.4630306124,92716.0426735715,46958.7321710697,66695.6600638121,44555.3040800221,35205.9823792008,60665.2901107185,28471.7210453617,85595.6461232330,10227.3436221226,99640.5749166794,68699.1980881932,75007.7482171294,45097.5040372907,42254.3117543582,30096.1325424492,82664.3852670887,63608.2276338965,100150.8545481944,78470.3017878848,13579.3125594198,97888.5931881731,27581.8182197232,46407.3910192433,46781.0452072766,51306.4297853043,110840.1102404334,56460.3726488201,18972.8831198449,34099.1450133214,70839.1561708762,86518.7532775888,104781.7269967734,58061.3830073497,81945.0569662410,57659.4629851480,38259.7033213166,57376.6491697110,55997.2834510673,1341.9448427757,36562.3550070474,74824.5556962238,63262.4324469078,69174.2949342203,65161.1967271460,88780.8548600173,20062.5974883062,49645.2517034363,72259.3627415155,58525.9111907503,20114.9935640814,37609.0023168548,32900.2440597653,49052.0072043220,89374.1354685447,40160.0912498042,78731.9273076395,70827.1268820626,13539.7668954295,83461.5548204144,43045.3040635020,79867.6249022963,95294.4464568884,38361.3173645461,72909.8791855663,52431.0670800114,62019.2386804571,54254.2701742668,79612.8606866470,54082.7137820763,103121.6289960756,43757.8838950760,39773.3636794092,37925.5230522280,13475.3161057276,31738.3134803332,24116.5365758193,50226.9307325450,89132.9435665306,55161.4819611129,74584.7299947492,100131.5244036953,34061.4845369120,51157.9753745697,76900.3034081544,48282.4940263613,21368.0306311017,77311.1865836362,28109.9822665340,91044.0818863853,27468.1632412866,29820.9542814562,69875.2458645662,35660.5309195834,4448.5895303603,95407.6210816304,67781.5008658740,109766.9803662013,26681.7267792470,65275.8175502806,93036.5166612614,63173.4068722240,21431.6643369586,73981.9503146903,45376.6852807299,49715.5041583846,20920.4781137516,82124.8444205492,51063.9922937087,70484.0834758338,43090.5173707938,40205.6835926035,59269.4337328246,80489.4876214027,18539.5648645944,63873.1839477510,54656.4675944668,56754.2647616806,69118.6183791024,93101.6273366844,54018.5144477681,64810.3411835406,36584.3112620007,101523.2589920878,62568.5282438488,81831.0069256972,8285.4204478763,12556.9217635572,19762.1968729867,54710.5375171787,63963.1999846524,44126.4507921876,62912.6364500736,27694.6370826715,97989.3621903431,51162.2317261254,25802.7469735693,74696.6272722823,50030.7993904280,43669.7444863775,38539.6363157047,87121.0222454529,68680.0258225978,17263.3983937195,32086.4478544770,50611.1265946515,36382.4261074713,87776.3939879079,48162.8860629657,128842.1169715479,36672.1781192818,58334.2447614151,76341.8783774823,67670.2684180102,54950.6365209357,83798.0131067668,43692.0937269385,38205.1691069765,18116.4273660221,75285.7473715831,36528.5119621081,60178.4534740357,84057.3070261282,70844.7160288147,15089.1729867724,83830.5806622979,24856.8585425978,44982.9382069842,82202.6491951599,79513.9754175864,57140.7209949239,31763.7760690865,95024.5771945156,89498.6580748784,74562.3846241052,85015.2116572626,25634.6381127397,59553.6248904881,20331.2341579220,63044.4311910876,62017.7941936131,32288.2304598570,35099.8177058412,23121.1556480790,20594.3828188676
1690,0,0,0,0,0,0,0,0,0,0,0,0,0,0,0,0,0,0,0,0,0,0,0,0,0,0,0,0,0,0,0,0,0,0,0,0,0,0,0,0,0,0,0,0,0,0,0,0,0,0,0,0,0,0,0,0,0,0,0,0,0,0,0,0,0,0,0,0,0,0,0,0,0,0,0,0,0,0,0,0,0,0,0,0,0,0,0,0,0,0,0,0,0,0,0,0,0,0,0,0,0,0,0,0,0,0,0,0,0,0,0,0,0,0,0,0,0,0,0,0,0,0,0,0,0,0,0,0,0,0,0,0,0,0,0,0,0,0,0,0,0,0,0,0,0,0,0,0,0,0,0,0,0,0,0,0,0,0,0,0,0,0,0,0,0,0,0,0,0,0,0,0,0,0,0,0,0,0,0,0,0,0,0,0,0,0,0,0,0,0,0,0,0,0,0,0,0,0,0,0
1691,0,0,0,0,0,0,0,0,0,0,0,0,0,0,0,0,0,0,0,0,0,0,0,0,0,0,0,0,0,0,0,0,0,0,0,0,0,0,0,0,0,0,0,0,0,0,0,0,0,0,0,0,0,0,0,0,0,0,0,0,0,0,0,0,0,0,0,0,0,0,0,0,0,0,0,0,0,0,0,0,0,0,0,0,0,0,0,0,0,0,0,0,0,0,0,0,0,0,0,0,0,0,0,0,0,0,0,0,0,0,0,0,0,0,0,0,0,0,0,0,0,0,0,0,0,0,0,0,0,0,0,0,0,0,0,0,0,0,0,0,0,0,0,0,0,0,0,0,0,0,0,0,0,0,0,0,0,0,0,0,0,0,0,0,0,0,0,0,0,0,0,0,0,0,0,0,0,0,0,0,0,0,0,0,0,0,0,0,0,0,0,0,0,0,0,0,0,0,0,0
1692,104442.8693178496,34174.0702524809,67174.9000045856,124013.7661873449,53202.8193050478,107166.9373248131,32758.6697000281,59191.8594140959,130202.3713171034,14313.5036342424,90168.0216729431,41567.8202081133,74691.6336767820,38095.4223789467,75691.3541357249,12501.4080502940,105815.9964814788,49684.0078342054,18042.3348853974,88248.1112593380,19469.7228612414,30740.2738118356,35777.6919971701,74440.2695719017,55568.3435697308,120292.9084971101,67064.6941090914,92384.4286451627,32988.1390759309,91998.6950252236,71635.7109786629,32479.8674798234,89080.8451156580,105738.5942392701,85994.0859912858,65014.2695316681,89868.0212011167,24696.3930440912,64603.6198485982,9604.9570576249,19786.6808581702,119201.9946121836,45198.2818282108,47248.7849456620,48262.9339376426,19379.0020280892,106214.1006808599,119473.5936017248,18633.9706679209,78411.8110373395,8355.2900335601,28023.5887766665,61785.7585954802,99447.8017725529,53255.5265243080,25431.1804577946,63828.8573073775,56275.7873936749,74883.7786092545,41469.4839426369,97291.1904205265,66218.1831663434,23975.3690124299,102674.8022063890,79605.5321186506,57538.7081324967,14171.7953311868,83983.1241716371,95802.4989921974,113205.9468598421,79777.3578269777,32147.2791713525,83549.8255179608,41680.7908240622,97026.0801513898,55606.5677820451,28459.2257367589,112849.8489292252,38200.7106381738,95417.2613446443,9939.2524407221,108076.3600302067,36612.7474251585,81707.5022350371,65866.0446213604,114000.9049807817,15349.5115732748,86609.9471552708,59771.7476991325,63396.6189045502,77493.1636993547,75449.3777734963,99149.2560886556,81761.8436135267,53236.4252199608,24299.0487471414,95836.0872017895,83113.7651483498,10913.0196685286,70590.4772092696,40863.7277651196,30204.2759519152,26266.5994406233,51477.5635638350,95320.3874615741,29477.4338589609,66171.2762713407,97047.9933110887,19484.7230315739,48930.1447811700,104752.0391996998,87521.5223952556,121451.4720654947,43194.2925335520,14170.3762219420,88756.6080495658,45924.7708025591,36443.0465111305,74330.5562056332,7727.0817141001,56797.8270429543,31783.1537375770,99519.2829015687,16988.8551830732,24275.3794677897,21219.9237595452,12293.9199270766,12075.9861633102,102638.1784039389,59367.6330053428,67736.2423359841,10975.0301946514,24122.2412989039,62638.8859359010,113718.8856575754,30418.3833505542,81050.9867077373,31884.8973360231,119287.1584885087,61269.3660990531,68222.8853001082,57244.1042090113,50278.4220609253,70160.6284494290,70999.1132955197,51783.0500721950,21408.4363947601,18315.7079208967,23974.3190669408,112042.1154393056,487.4736555125,73045.9877137222,59509.9822651923,94651.9337058849,91829.6592803259,82509.0399256968,84574.5032224492,57896.8611948281,60423.6423420075,39972.7997265656,46783.9979462476,23384.7841453482,103637.1134668991,61174.0060087730,125607.7356134465,54032.2182765466,50872.1642406552,89004.7852003679,77420.1930969682,102304.5046101998,76317.4176574366,26743.5309753746,75105.9336215148,69531.8943214871,80285.2026145127,86954.5975477335,40194.2440877092,108286.6801573131,86778.6478763892,37315.6395829870,94494.8235680497,57558.3450828203,90833.5552258452,86843.6701990728,69430.3422487985,102834.6370169570,29833.4095317557,100467.4571682914,100575.7626030476,102248.8589315467,85769.5446417338,69684.2319672706,77056.0697594629,42121.0677095603,110377.3757862571,84953.6509838823,24576.1214548912,77671.1501051527,62602.0182912886,53018.6759044804
1693,104084.9883946558,34915.7792738101,66357.7240283351,124178.9670122787,53363.3910991068,106473.7253632527,32246.6859934617,58643.7708502527,130084.2634454235,14045.5384774494,90178.5025272670,42287.5226156335,74433.7159925257,37309.1701021829,74955.9883830569,12749.1672137443,105651.9033928160,49441.4959058896,18810.3719233173,87609.8747749636,18664.0869464267,31010.2927917310,35248.0958269152,74594.2458155154,54841.3497998356,120036.2055766225,67018.7686236898,92124.9322754556,32812.3499602057,91270.8230511368,70995.0364653584,33296.1249609240,88694.0267478984,105693.1074159816,85869.6211825142,64228.0101701493,90012.5090489516,23974.5729566375,64229.0997773046,8035.8465961790,19408.1617198600,119135.5347141966,45179.2372154854,46612.6798901322,47820.4377965191,20148.2342270741,105949.3608781383,119307.9502650251,19034.6931776203,78445.5495955144,7365.3945078438,27317.3310576521,61607.9736468026,98825.6267357916,52466.4731643366,25014.1292629315,63935.9423756437,56264.1150248492,74749.6448860181,41693.5419884030,97181.0336745001,65514.1257692734,23976.1381084837,102244.7701012533,79254.1169424201,56890.4240742511,13448.5432534945,83222.5533436980,95127.4233842084,112890.3828714646,79178.3714930598,32898.7762918170,83336.1329202754,40964.5097771669,96836.1194009821,55255.8790880057,29260.1737261067,112629.4074613272,37860.9976915095,95088.4827305391,10208.5099674637,107420.8613955090,36634.5970386894,81657.6195933769,65593.6211639771,113886.3341178725,14687.4827902611,85925.7805186469,59318.1871771924,62646.4714245992,76813.0623599759,74678.8321884463,98439.9440972904,81872.8228401175,53108.5476830666,25114.1413411164,95931.5813365499,82393.2109125677,10595.7301804894,70642.7958837331,40712.9064409278,29411.9753616745,26978.7761743926,50941.5569803370,95273.3785622242,28868.8248760795,65572.6578357173,96654.5883061910,18923.5945013935,48179.4122906920,104644.7805153946,87213.8438139127,121335.8705553160,42653.7114697366,14987.7915818921,88834.4836433236,46041.0389074653,35796.0666506957,74282.9487630182,7253.3758713459,56542.4970779225,31056.6656868194,99276.1526291995,17095.0742465472,24992.3111319177,20985.9699769546,11477.6817805142,12732.2412503165,102329.7327118910,58567.7415459167,67600.3079896668,11608.7263956677,24370.7096420441,62656.3274705604,113452.9243091018,30499.1361755240,80775.5668274456,31507.1906474405,119073.5291154227,61186.1521585719,68398.3669094483,56479.7475153298,49580.1208375201,69409.4878732591,70683.9732118467,51840.3740680224,20799.7624007655,18931.9073375014,23174.2678102134,111874.5376344081,1064.6567742300,72340.9214372905,59675.4724921524,94007.8203789853,91129.3955699832,81859.2592006145,84611.2740039643,57967.7566531283,59733.4072081155,39516.1617610533,46632.0921374179,22627.8699088825,103425.9941103982,60855.5699525223,125736.8846575912,53598.5031527052,50828.9245193163,88808.3303810923,77231.4433878826,101624.0846080583,76412.4863562167,26544.7737670681,74529.4731221210,68756.8119101832,80182.8598089247,86210.9755969159,40317.0925699305,107957.2589569152,86525.7627574949,36568.8582637352,94343.9676906871,56959.0067214115,90167.7697287334,86768.1366315765,69545.7553412603,102181.3607981054,29331.4818821633,100413.4356473643,100432.5253517378,101857.8309561205,85754.6035100243,69010.5469951447,76747.7430941201,41492.0028007162,109701.7316028016,84592.1455978959,24016.0235772518,77031.1160261518,61955.9329090673,52391.9074216127
1694,0,0,0,0,0,0,0,0,0,0,0,0,0,0,0,0,0,0,0,0,0,0,0,0,0,0,0,0,0,0,0,0,0,0,0,0,0,0,0,0,0,0,0,0,0,0,0,0,0,0,0,0,0,0,0,0,0,0,0,0,0,0,0,0,0,0,0,0,0,0,0,0,0,0,0,0,0,0,0,0,0,0,0,0,0,0,0,0,0,0,0,0,0,0,0,0,0,0,0,0,0,0.0000000000,0,0,0,0,0,0,0,0,0,0,0,0,0,0,0,0,0,0,0,0,0,0,0,0,0,0,0,0,0,0,0,0,0,0,0,0,0,0,0,0,0,0,0,0,0,0,0,0,0,0,0,0,0,0,0,0,0,0,0,0,0,0,0,0,0,0,0,0,0,0,0,0,0,0,0,0,0,0,0,0,0,0,0,0,0,0,0,0,0,0,0,0,0,0,0,0,0,0
1695,99870.9130724299,47058.1087531596,53136.9118386995,128408.2481415527,58359.7851135960,96011.3043086724,25352.5618635376,51525.1764136897,129757.9919815978,16900.5840248225,92248.1810902707,54701.0218277780,72305.7619363609,25202.4289564497,63754.0774687141,20768.4168970728,104732.6056843504,48222.1114111398,31830.3845656413,78337.0351104621,10277.3417646172,38368.0645064591,29446.4312306015,79083.3253661794,44000.7977119343,117452.7733676088,68537.9783681379,89728.1645434481,33667.2553155356,80153.4180918154,61819.8841752093,46615.6428072350,84114.4916604947,106717.6961072892,85811.7195879575,51900.1600917141,94172.9432510765,14571.4587948464,60252.3229332153,8798.9313275043,17127.0835219310,119720.7148524975,47759.0471964631,37983.4030720351,43072.9050643662,32809.8638097104,103331.4029282397,118260.6547224575,28718.4151117426,81029.5618649103,20684.6844632443,16579.3890276224,61100.4649097791,89796.7215820170,40124.5898908977,22589.5852764917,67895.3823497430,58579.3207497751,74695.7233580057,47955.5953714706,97230.5644133056,55066.1120084932,28388.3293005087,96765.9077579351,75422.2473100069,47757.2061167094,11967.8017826034,71427.7734136673,85075.9256474978,109346.2077318931,70749.9570429167,45688.9364234495,81825.1795279704,30652.1210893700,95566.3402495092,51940.5938813378,42253.4754973452,110711.0174658211,35534.6720628386,91464.3840740432,19933.9428581719,97701.2438271255,40258.7278541453,82868.6667977068,63386.7070139437,113721.2905652754,8085.6006850603,75740.0927658915,54003.5449009889,51192.4239526601,66773.1701435045,62687.9019499934,87680.4474566677,85610.0670381162,53667.3754562797,38432.6285061310,99278.3311393029,71470.0500456040,13123.9216497902,73638.9133071982,41429.4912557097,17287.2824702046,38849.4646198150,44264.1519470242,96369.2234947355,21885.0731351539,57319.4399704948,91877.5132439490,14857.6632377440,36862.0856360352,104672.8053376105,84043.4801928929,121103.0808198227,36196.4573061882,28271.9556727799,91978.3845347087,50614.7493644127,27368.9890419884,75642.1289148848,11675.0491929046,54861.4727976519,20889.4969767402,97085.3466485992,23855.0057483428,37519.2540628359,22445.5362175633,663.3251144395,25058.9354788466,98991.3346138566,45904.7173450941,67649.8301609647,16193.6374702443,31915.8441262875,65266.8190509951,110756.4398777786,35379.5895931109,78247.8917833148,29006.2455178908,117224.9183784285,62237.9930595581,73304.3092038315,44736.6686725880,39485.6275591926,57888.0018536008,67630.9659946308,55345.4858212621,13366.5234886234,30678.7034701916,17599.4395570075,110847.5679519611,14878.5461355357,61811.2607888368,64595.4985711966,84577.9254746020,80586.2585674572,72398.4771625978,87161.0876548819,61510.3025349207,49652.7839781261,34899.7268696814,47042.1604733883,10911.0264305949,101738.8243280685,57957.7454669660,129397.6160597430,48813.8749539435,52817.6924575742,87517.7636796683,76229.7557797184,91436.1128342999,79977.9592661761,27681.3118143013,66593.0503701831,56682.8923852093,80564.9492431063,74777.1812023231,45215.6739405052,104209.3023593866,84307.6237485688,25602.8736155416,93751.6349609972,48845.4661461760,80329.3547718800,87498.0882488745,73528.9585698195,92528.4037635929,24640.4148029452,101346.2227840919,99905.6934859821,97077.6303040635,87471.6551198222,59174.6017391028,73710.2403961521,33199.1612165372,99577.3479821796,80510.2930682095,18813.3869497513,67807.5860764611,52785.7193538598,43808.6376746221
1696,100093.7012924818,46708.1361573830,53472.9784120724,128427.9631615580,58337.9498519581,96348.2993540963,25321.2482974793,51797.2290177426,129895.2430141473,16833.0873622980,92318.4363315630,54445.2830576958,72473.8587980499,25551.3858025967,64097.9957040519,20425.1310857483,104880.3708878474,48354.0196587384,31539.5636625283,78655.6319654463,10709.4603554511,38262.2953015060,29668.9599898252,79085.2637177355,44338.4195372360,117641.6693799008,68614.0304545750,89907.7826022032,33726.0734455825,80497.2142626626,62134.5660528022,46296.3730701460,84342.2571713292,106817.9165568910,85934.0298310807,52250.9069954774,94188.3008279955,14852.9748376840,60458.7285457997,8469.3558531396,16921.3033203609,119834.1655008006,47793.0776837033,38280.0200325996,43286.3305835080,32465.0090190588,103518.9165550172,118413.7264711843,28532.7501734811,81083.0626877171,20365.4665936337,16686.6227772616,61223.8593618565,90112.4462178316,40475.2990716376,22703.8178540339,67907.0064413944,58629.1422945582,74814.2146700504,47890.9128984620,97353.1462484701,55399.9017874886,28340.4793086529,97015.2877015225,75631.0587407502,48067.8138117878,12198.4888325530,71776.8788428536,85406.9095317150,109555.6619189111,71052.9977465539,45413.7529281496,81981.7193987436,30977.4052313027,95720.6507542656,52126.7447360539,41913.1672061685,110883.5339536512,35679.3101893034,91672.5192458784,19720.4593809259,98028.2437889917,40256.1661781677,82958.2234611352,63552.8900934643,113852.3219452735,7906.8260324612,76072.2891254837,54237.4032099153,51538.0898398917,67102.4427254899,63037.8718472587,88020.6599294175,85634.4842316883,53758.9545111440,38115.2557485498,99316.7792099516,71811.3653029265,12801.1409247184,73678.7877962359,41504.6590181255,17634.7691718101,38499.0185387927,44522.8594584861,96465.4350667346,22122.1096246765,57616.3325157925,92111.1574381439,14973.7524667251,37204.7037111261,104797.4800448898,84239.5974445948,121236.8988850818,36443.6972632760,27945.8109849055,92020.4358401917,50598.5114280530,27652.1901226884,75725.3459319789,11489.9180280794,55009.9972932139,21204.1653166214,97261.7737422845,23730.8409513007,37253.4591962683,22452.8719813376,0.9931390657,24791.2888789940,99194.4932772763,46254.6183848674,67762.7308937236,15843.8468068814,31794.2022202961,65312.8940491625,110946.9635170403,35335.7378779626,78427.4627687318,29142.6475167236,117396.7834672816,62322.7131646403,73292.6481398804,45084.4832337190,39810.6481756905,58234.6746515315,67819.0982194465,55361.6858801951,13297.5187781536,30436.2713909300,11344.8352375365,110998.9991464757,14588.9485724878,62146.9539861900,64579.4046974871,84899.6222387249,80923.5251108334,72719.4430241846,87217.4333092405,61529.6258290040,49980.1567733841,35101.0536882093,47131.6939645486,11054.8496757462,101904.3382491481,58137.6297282122,129432.8663627494,49032.5602408445,52871.7709004950,87670.6193908576,76372.1504328435,91769.3447245360,80005.1360087174,27717.6441586219,66886.1428959059,57033.1092970834,80674.6705881146,75123.7458571784,45185.3599466670,104422.5105116887,84481.6805254335,25937.0369027719,93889.1596995517,49136.8495022345,80656.9206877114,87601.2252042479,73542.4735894081,92854.1052097595,24823.5571399663,101447.6703772568,100042.9976710564,97312.2463424121,87549.6833849457,59499.7676144449,73900.2510720354,33485.2795714130,99910.1232284930,80726.1606676164,18989.6089471692,68124.0584982276,53098.4007820169,44107.2765521739
1697,0,0,0,0,0,0,0,0,0,0,0,0,0,0,0,0,0,0,0,0,0,0,0,0,0,0,0,0,0,0,0,0,0,0,0,0,0,0,0,0,0,0,0,0,0,0,0,0,0,0,0,0,0,0,0,0,0,0,0,0,0,0,0,0,0,0,0,0,0,0,0,0,0,0,0,0,0,0,0,0,0,0,0,0,0,0,0,0,0,0,0,0,0,0,0,0,0,0,0,0,0,0,0,0,0,0,0,0,0,0,0,0,0,0,0,0,0,0,0,0,0,0,0,0,0,0,0,0,0,0,0,0,0,0,0,0,0,0,0,0,0,0,0,0,0,0,0,0,0,0,0,0,0,0,0,0,0,0,0,0,0,0,0,0,0,0,0,0,0,0,0,0,0,0,0,0,0,0,0,0,0,0,0,0,0,0,0,0,0,0,0,0,0,0,0,0,0,0,0,0
1698,0,0,0,0,0,0,0,0,0,0,0,0,0,0,0,0,0,0,0,0,0,0,0,0,0,0,0,0,0,0,0,0,0,0,0,0,0,0,0,0,0,0,0,0,0,0,0,0,0,0,0,0,0,0,0,0,0,0,0,0,0,0,0,0,0,0,0,0,0,0,0,0,0,0,0,0,0,0,0,0,0,0,0,0,0,0,0,0,0,0,0,0,0,0,0,0,0,0,0,0,0,0,0,0,0,0,0,0,0,0,0,0,0,0,0,0,0,0,0,0,0,0,0,0,0,0,0,0,0,0,0,0,0,0,0,0,0,0,0,0,0,0,0,0,0,0,0,0,0,0,0,0,0,0,0,0,0,0,0,0,0,0,0,0,0,0,0,0,0,0,0,0,0,0,0,0,0,0,0,0,0,0,0,0,0,0,0,0,0,0,0,0,0,0,0,0,0,0,0,0
1699,0,0,0,0,0,0,0,0,0,0,0,0,0,0,0,0,0,0,0,0,0,0,0,0,0,0,0,0,0,0,0,0,0,0,0,0,0,0,0,0,0,0,0,0,0,0,0,0,0,0,0,0,0,0,0,0,0,0,0,0,0,0,0,0,0,0,0,0,0,0,0,0,0,0,0,0,0,0,0,0,0,0,0,0,0,0,0,0,0,0,0,0,0,0,0,0,0,0,0,0,0,0,0,0,0,0,0,0,0,0,0,0,0,0,0,0,0,0,0,0,0,0,0,0,0,0,0,0,0,0,0,0,0,0,0,0,0,0,0,0,0,0,0,0,0,0,0,0,0,0,0,0,0,0,0,0,0,0,0,0,0,0,0,0,0,0,0,0,0,0,0,0,0,0,0,0,0,0,0,0,0,0,0,0,0,0,0,0,0,0,0,0,0,0,0,0,0,0,0,0
1700,0,0,0,0,0,0,0,0,0,0,0,0,0,0,0,0,0,0,0,0,0,0,0,0,0,0,0,0,0,0,0,0,0,0,0,0,0,0,0,0,0,0,0,0,0,0,0,0,0,0,0,0,0,0,0,0,0,0,0,0,0,0,0,0,0,0,0,0,0,0,0,0,0,0,0,0,0,0,0,0,0,0,0,0,0,0,0,0,0,0,0,0,0,0,0,0,0,0,0,0,0,0,0,0,0,0,0,0,0,0,0,0,0,0,0,0,0,0,0,0,0,0,0,0,0,0,0,0,0,0,0,0,0,0,0,0,0,0,0,0,0,0,0,0,0,0,0,0,0,0,0,0,0,0,0,0,0,0,0,0,0,0,0,0,0,0,0,0,0,0,0,0,0,0,0,0,0,0,0,0,0,0,0,0,0,0,0,0,0,0,0,0,0,0,0,0,0,0,0,0
1701,0,0,0,0,0,0,0,0,0,0,0,0,0,0,0,0,0,0,0,0,0,0,0,0,0,0,0,0,0,0,0,0,0,0,0,0,0,0,0,0,0,0,0,0,0,0,0,0,0,0,0,0,0,0,0,0,0,0,0,0,0,0,0,0,0,0,0,0,0,0,0,0,0,0,0,0,0,0,0,0,0,0,0,0,0,0,0,0,0,0,0,0,0,0,0,0,0,0,0,0,0,0,0,0,0,0,0,0,0,0,0,0,0,0,0,0,0,0,0,0,0,0,0,0,0,0,0,0,0,0,0,0,0,0,0,0,0,0,0,0,0,0,0,0,0,0,0,0,0,0,0,0,0,0,0,0,0,0,0,0,0,0,0,0,0,0,0,0,0,0,0,0,0,0,0,0,0,0,0,0,0,0,0,0,0,0,0,0,0,0,0,0,0,0,0,0,0,0,0,0
1702,107288.6547977187,31197.8530603836,69640.8097727787,125539.4923093798,54792.7859498965,110228.8664147037,32846.6472706844,62262.9594850542,132548.8347013625,17087.5220495129,92184.1489497992,40562.9741955059,77362.4076008075,40930.1749096622,78690.3926976379,7448.5205659904,108277.0918120602,52336.3890258734,16759.1314227429,91341.1335171641,21584.9302978167,32020.0792129266,38839.0348943329,76027.7341812093,58584.1375875688,122952.0974516784,69248.4738325816,95053.7568007804,35523.2559747456,95012.1393995486,74728.1828715925,30333.5728004833,91973.6342772249,107903.4853044050,88366.9969504408,67842.4813929445,91476.1025426678,27722.7138401912,67482.0755193641,7727.7037573351,19393.7352205730,121419.0496188026,47334.0567123097,50341.9972008969,51238.3135235503,16507.4686496358,108891.3161431688,121935.6134087680,19520.7436552531,80367.3805696429,4859.4178166935,29214.6586549731,64293.8973711332,102542.3699610964,56070.2552107350,28388.0045728712,65575.7324222551,58377.0875069449,77284.5077496391,42870.6539976353,99625.3188373358,69268.0582633340,26121.8724354265,105627.0980817022,82444.2653271850,60629.0743165710,17197.7939857549,86916.5041952397,98879.8103239053,115978.2440556807,82869.4654222857,30912.2335843234,86126.9592506616,44714.5197176036,99547.8753376915,58450.4399525341,25782.8360019153,115434.9067580931,41036.4617436988,98215.1983283331,11522.8275291866,111164.3721619480,38654.8283895131,83893.1550030743,68568.1053328709,116341.6997882815,16403.0706426464,89680.2577819505,62757.7420735694,66361.4258453187,80566.7401075795,78348.1889075265,102192.1953819304,83481.9942193704,55636.4981268164,22228.5811739518,97597.0080372673,86140.0469536753,10513.9281224796,72497.1367704623,43330.8751950950,33009.1132071307,23230.6291785151,54541.3815024776,97492.7359196881,32571.5799832844,69263.4102460256,99949.6882825285,22567.3810183314,51894.4903492706,107076.8891478221,90283.3556399164,123793.2985884720,46261.9072823650,11898.2043639291,90575.1597418977,47668.6497035698,39533.5424532536,76514.0977573288,10775.5749785996,59470.9601041804,34801.1157268677,102154.1508067033,18906.0174718464,23378.5057325725,23902.3592988371,14680.1870975372,11836.0018554997,105398.9285492285,62106.7530517964,70144.9183977721,6299.0569157924,25520.4158364909,64652.9942415558,116397.4192154130,32313.2647780582,83754.0496496259,34783.4373311372,121856.5894430580,63553.6531912148,69744.8133484245,60166.8771497945,53335.0420185618,73122.4208841729,73778.0937001522,53694.8178546949,22075.7237279734,18163.9405608164,26732.5008178538,114509.9675823074,4202.1732934413,76094.5786729452,61074.8568154876,97743.6669006883,94883.9606810768,85599.0684252359,86517.7356968339,59760.5614918421,63488.4754154821,42966.9473217535,49246.1954549933,24975.1852535610,106203.8241163617,63961.8787999826,127251.4047420851,56995.4323752930,53064.0004317995,91543.0158626252,79945.2081227245,105377.8894326038,78090.8159334340,29340.7374110106,78191.0210832948,72412.9215477542,82606.1384441961,89934.9096116718,41930.6143434581,111084.0651947453,89436.0447135238,40291.3348375858,96927.9144616077,60650.7185882038,93916.6162790323,89094.0150636040,71145.8264991484,105923.5015939139,32875.1610443415,102656.7093280829,102989.2206671568,105146.5341414101,87858.8320492178,72762.3979005010,79821.3345998028,45215.1826869062,113454.3211672164,87807.7961803247,27657.1234630700,80763.7830138293,65693.0795980497,56113.0309073583
1703,0,0,0,0,0,0,0,0,0,0,0,0,0,0,0,0,0,0,0,0,0,0,0,0,0,0,0,0,0,0,0,0,0,0,0,0,0,0,0,0,0,0,0,0,0,0,0,0,0,0,0,0,0,0,0,0,0,0,0,0,0,0,0,0,0,0,0,0,0,0,0,0,0,0,0,0,0,0,0,0,0,0,0,0,0,0,0,0,0,0,0,0,0,0,0,0,0,0,0,0,0,0,0,0,0,0,0,0,0,0,0,0,0,0,0,0,0,0,0,0,0,0,0,0,0,0,0,0,0,0,0,0,0,0,0,0,0,0,0,0,0,0,0,0,0,0,0,0,0,0,0,0,0,0,0,0,0,0,0,0,0,0,0,0,0,0,0,0,0,0,0,0,0,0,0,0,0,0,0,0,0,0,0,0,0,0,0,0,0,0,0,0,0,0,0,0,0,0,0,0
1704,0,0,0,0,0,0,0,0,0,0,0,0,0,0,0,0,0,0,0,0,0,0,0,0,0,0,0,0,0,0,0,0,0,0,0,0,0,0,0,0,0,0,0,0,0,0,0,0,0,0,0,0,0,0,0,0,0,0,0,0,0,0,0,0,0,0,0,0,0,0,0,0,0,0,0,0,0,0,0,0,0,0,0,0,0,0,0,0,0,0,0,0,0,0,0,0,0,0,0,0,0,0,0,0,0,0,0,0,0,0,0,0,0,0,0,0,0,0,0,0,0,0,0,0,0,0,0,0,0,0,0,0,0,0,0,0,0,0,0,0,0,0,0,0,0,0,0,0,0,0,0,0,0,0,0,0,0,0,0,0,0,0,0,0,0,0,0,0,0,0,0,0,0,0,0,0,0,0,0,0,0,0,0,0,0,0,0,0,0,0,0,0,0,0,0,0,0,0,0,0
1705,0,0,0,0,0,0,0,0,0,0,0,0,0,0,0,0,0,0,0,0,0,0,0,0,0,0,0,0,0,0,0,0,0,0,0,0,0,0,0,0,0,0,0,0,0,0,0,0,0,0,0,0,0,0,0,0,0,0,0,0,0,0,0,0,0,0,0,0,0,0,0,0,0,0,0,0,0,0,0,0,0,0,0,0,0,0,0,0,0,0,0,0,0,0,0,0,0,0,0,0,0,0,0,0,0,0,0,0,0,0,0,0,0,0,0,0,0,0,0,0,0,0,0,0,0,0,0,0,0,0,0,0,0,0,0,0,0,0,0,0,0,0,0,0,0,0,0,0,0,0,0,0,0,0,0,0,0,0,0,0,0,0,0,0,0,0,0,0,0,0,0,0,0,0,0,0,0,0,0,0,0,0,0,0,0,0,0,0,0,0,0,0,0,0,0,0,0,0,0,0
1706,103430.0723105926,36420.3078871925,64683.9683402663,124601.9995706865,53798.0409637105,105094.3707786313,31180.4512006820,57592.0003469515,129926.6780280498,13701.8548180603,90292.7469670676,43806.9150831610,73996.5522577977,35720.4768401778,73483.6813659706,13337.9498078922,105402.6678160203,49050.0895493528,20420.3065518469,86353.9906318925,17001.2070922985,31687.5929964801,34251.9930634623,75005.1251827867,53390.7574148967,119591.6341510023,67025.2646683343,91679.4251330470,32581.8764397463,89814.4311928320,69736.2082743575,34975.6326285089,87980.7166223678,105689.0578974609,85707.0972464787,62636.8966442471,90399.6537359751,22549.3667696547,63549.3926966348,4850.9576206361,18655.0361492083,119086.0613784433,45256.0629850473,45370.9151406382,47003.8590172632,21716.5073368753,105490.1146321205,119053.2759861903,19994.3417575862,78610.8196905492,9045.1411457024,25851.1956806408,61344.0934984647,97603.8206697782,50869.2127910231,24284.7178260784,64256.4125151842,56346.9382470784,74570.6708673256,42265.1980427250,97045.3096391964,64114.2313564444,24134.2265986486,101437.0722846815,78618.2522734715,55617.8015311803,12040.0026161169,81691.4917567577,93789.2483755598,112323.3352717697,78009.9691850247,34476.3695862995,82988.7316771646,39542.1761844060,96534.8387154604,54631.4253806024,30893.4820944725,112261.6758120571,37275.1764555167,94496.6558610257,10993.7827025315,106125.0617718180,36805.7866134296,81650.3636366894,65129.4846174410,113738.3380086354,13337.3152822681,84568.1820996531,58471.3063381886,61141.1765063758,75465.5603613243,73124.8189936250,97025.0336075728,82194.2657179531,52953.8725348971,26792.7369154644,96217.9335721459,80954.0561374185,10053.9447899867,70848.9015956443,40522.4004283534,27809.3650795587,28426.0981223655,49919.5810426888,95268.3670755045,27702.8086218313,64407.8957224643,95925.7087752559,17888.9417322319,46674.7058887378,104513.5212333329,86668.2570133982,121184.6215370721,41626.7065800796,16663.3601543384,89086.6884989910,46392.3118088229,34535.7608525434,74282.9245282063,6564.4720768552,56119.0993474662,29614.8108371035,98863.3860700101,17499.0262278979,26513.0660550490,20667.7484487166,9798.4152912216,14168.3888143397,101779.3623613655,56942.9880010225,67420.5298130644,13278.9585755939,25021.2958940036,62794.9714111127,112989.9107896105,30801.0294272069,80299.5936258073,30849.2254369759,118719.0447992019,61118.7637965463,68855.0027710251,54941.7319325428,48196.5300558512,67901.2550719094,70127.6561866291,52067.2567270187,19548.5000522650,20283.3605947109,21552.6339226685,111616.9850476277,2207.9064929616,70937.8336811963,60116.1493088762,92738.2760619465,89735.3106146446,80578.5841736560,84780.8095916429,58218.0501885340,58365.7977164058,38675.8752962963,46432.8751787119,21060.2315591237,103079.2889764905,60296.5417376672,126086.6212725300,52797.2404407928,50850.9078703203,88495.4091267385,76938.0070490700,100273.5290146726,76703.3958893254,26280.8052862202,73411.2463045565,67192.3624710496,80067.8443783615,84718.9318654950,40687.7883417647,107361.7815758250,86095.4839331786,35076.3134683439,94124.5509154685,55795.1618452493,88850.6761829339,86706.5134481808,69880.5573838735,100890.8670310408,28404.9348355515,100392.8633872860,100227.5914029550,101133.0970679447,85817.9315540732,67678.5197778643,76203.7203935920,40268.6331697691,108361.2392067176,83933.4837261167,22969.0442608003,75772.6974794772,60686.9357893797,51168.7479929445
1707,102634.6498032000,38824.4152399139,61956.4955479791,125580.0375606397,54851.0483295670,102991.7366479888,29347.9762905598,56130.0666111757,129960.6741619892,13823.0709200726,90793.1948333804,46426.5385944633,73596.9786497953,33218.0327678540,71208.1729322650,14472.4914699888,105295.1814162029,48769.8469402797,23149.0446304487,84491.1163892467,14235.1851718744,33171.8191525697,32947.5263213291,75992.7513538081,51169.4916406290,119148.6139015297,67373.6126969011,91250.0410917534,32635.9276762828,87565.7179244865,67876.9320759799,37741.5950142545,87093.3783320549,105986.9593751770,85757.3457366198,60116.3438149472,91337.4048493474,20442.3204671367,62744.9072853010,1220.5120723344,17459.4398087775,119302.8942706342,45761.7177729657,43570.5138651477,45987.6057731920,24251.5907935216,105028.8606821405,118930.0283281782,21944.2399554967,79203.5268777989,11810.7271397841,23368.4989922014,61253.9500965595,95799.9327206710,48338.5516768712,23535.4439521283,65113.5154000457,56836.3611577083,74604.3367549460,43554.8513152056,97131.5726542371,61986.9274749613,24881.5609368937,100376.6264350034,77873.0135694112,53744.2951598114,10084.4340477542,79294.1990775631,91768.2712222409,111674.7640601034,76314.3454267234,37166.4902999387,82732.2484097412,37393.4442758432,96345.5824523661,53937.8911881522,33537.1598135568,111951.8362875677,36698.5587513753,93815.2255552630,12851.4385540613,104180.5007481554,37492.2585370150,81959.9905249967,64694.9828842632,113794.9720621463,11131.4961904065,82513.2992317197,57379.0509460318,58803.5843503672,73433.9759306321,70681.6631337620,94855.7610141993,83033.8606497605,53061.4890459514,29561.4401043130,96991.5029990092,78741.9255280884,9497.9071542626,71515.4356148361,40606.1305088485,25282.2379058127,30744.5260252227,48524.3815002283,95571.0030470041,26103.5218602257,62729.3524177200,95006.1026653687,16639.7899450270,44347.1431831688,104602.6423525693,86071.7961406302,121232.5396472280,40240.4390235820,19406.0891216107,89810.3733359449,47331.0581986841,32723.4373383484,74611.7699021818,9692.7906501521,55768.8807849454,27445.5352248586,98484.7663502248,18702.4018885008,29144.3995760425,20682.6875378043,7033.3375686696,16733.1403435124,101164.7139005009,54347.0798087735,67461.6071759492,8360.6515197062,26503.3733755980,63363.6840110949,112518.5092798170,31722.4226594059,79827.5837373134,30178.0104135774,118428.5797705952,61354.8966839498,69920.8533721167,52538.6908691578,46114.6164428000,65554.8572582647,69528.6534099121,52796.4306749340,17460.0268958827,22728.4641240620,18987.0197411351,111492.3627988545,6855.4771599514,68800.5915953355,61168.2138974137,90847.2079966164,87608.3869718747,78671.7775284803,85374.9348996465,58972.8619127407,56305.8216178913,37641.1393000746,46482.8401303327,18423.3904267931,102809.6863908571,59706.4552722328,126947.5073843422,51795.9487470542,51253.1810221069,88292.3653380717,76778.0593373442,98227.0871348336,77499.3003043658,26323.8976719310,71811.3348056562,64728.5678085631,80201.7806070589,82400.3937911041,41673.2297614862,106666.7936330737,85696.1995588205,32787.5773481440,94073.7949741811,54127.5765993725,86871.4382343147,86922.5801645648,70753.3690835229,98957.7624057341,27260.1226881627,100666.7289658803,100196.9751443265,100217.7925982785,86239.1456353479,65681.0258967647,75619.2085764168,38513.7448548694,106331.8608462557,83144.1836160097,21635.7646738362,73910.4079864693,58815.4222373489,49395.1263208739
1708,0,0,0,0,0,0,0,0,0,0,0,0,0,0,0,0,0,0,0,0,0,0,0,0,0,0,0,0,0,0,0,0,0,0,0,0,0,0,0,0,0,0,0,0,0,0,0,0,0,0,0,0,0,0,0,0,0,0,0,0,0,0,0,0,0,0,0,0,0,0,0,0,0,0,0,0,0,0,0,0,0,0,0,0,0,0,0,0,0,0,0,0,0,0,0,0,0,0,0,0,0,0,0,0,0,0,0,0,0,0,0,0,0,0,0,0,0,0,0,0,0,0,0,0,0,0,0,0,0,0,0,0,0,0,0,0,0,0,0,0,0,0,0,0,0,0,0,0,0,0,0,0,0,0,0,0,0,0,0,0,0,0,0,0,0,0,0,0,0,0,0,0,0,0,0,0,0,0,0,0,0,0,0,0,0,0,0,0,0,0,0,0,0,0,0,0,0,0,0,0
1709,85818.3008985128,47180.9571060352,71081.0636859916,102086.9620667071,31333.3656788492,98487.2837097379,52372.3356408626,46489.4168276814,108569.8590288077,10824.8408017906,68006.5351218454,35263.0624421701,54748.1560822803,39727.7317368306,70259.6281288313,34252.2696084754,84585.5635293387,30041.0147868812,22222.9228615146,77599.4006265075,32669.4369383662,8022.7803504275,25176.9523873240,52491.2118319975,50865.5736508364,100024.7296588653,45106.4694519172,72296.4454173095,13278.4186014154,85532.1081799184,61684.5168797282,37028.0180292397,71180.7424959767,83734.6796133673,64485.5725785728,63969.1928067239,67863.7931319840,25535.1856289599,46963.7423066269,24129.3622302938,40970.3766991319,97281.8164367415,23178.1774502067,38898.3304922207,33160.2092020223,33450.9856470486,86112.9613451745,98226.1484074091,9468.7059394100,56221.2126587586,22376.4442796158,44264.8945847058,40950.1209567778,87899.8895593986,53336.9722893023,14569.3363906367,41706.2725335496,34193.9620401383,53498.4315551004,20291.4004074750,75649.9665592645,59492.9451795291,90.3910902204,85512.1489597641,61156.7739031080,48739.6308012273,20988.0595557568,79905.2403026619,86525.2076623982,93806.3475518972,67896.8924167719,29682.9805381635,62935.9108162288,37953.1782639347,76075.3500279282,37787.3326405881,38599.1812877857,92171.5779156414,21464.1382290201,76365.0154204204,12758.7094569993,97679.1020702049,14465.8000258806,59743.8239998981,46280.5967862476,92363.2822568379,33935.0675246532,78014.5396464781,44223.1730820817,59574.0213798672,69030.3123101897,72480.0401474276,91463.0289086519,59644.5222083450,31965.6154234876,30490.7409359485,73680.8142249140,76515.1783599105,32599.0208296731,48392.2566000129,20159.4008050233,33951.4117327910,41280.2173163662,38937.8015768255,73330.0668032823,23560.6518790821,54841.6511885602,79177.7523880620,16982.1999922539,46357.4092095628,83078.5036795795,68198.0770518131,99811.5394406354,31705.5552201498,26069.8136174371,66574.0465634620,23848.9105014319,30271.8879445638,52366.9471481873,17161.2445769932,37140.5231929912,30600.1899879093,79170.6989572556,4847.5550179414,22402.0159295237,7977.5038796035,26633.5975442213,16910.7892465275,83195.3250082986,60180.2512032393,46408.0178641960,27642.4567411903,4907.7626932686,40473.0897843836,93598.0379497018,4127.4795250017,61292.6468500532,17388.0427049283,98513.2049541224,39551.3019272003,46403.1647679706,54872.8760745311,44493.8791450283,66014.3309517037,52037.5151395938,29585.1443906957,40217.0675219149,15822.7559531353,30182.8483728255,90827.8581665322,19651.3575246477,66018.3605035035,37650.5782732278,84071.9377585087,83868.0545767532,72512.0959148459,62381.2116752360,35706.9689919838,53359.8345113486,26222.5431259967,25902.0427218188,38497.1679610326,82887.9425117883,42504.5046781192,103536.4682934859,38273.8072170046,28951.8664804471,68160.1052363943,56561.4262852538,93120.0988395953,54163.0257857435,8966.4774187910,62598.5268470434,67224.0247891454,58629.3587720204,81610.4413208748,18163.7685818556,89141.1148260562,66642.8420847149,36133.1726875722,73178.8531531696,46779.4869153131,81271.2363174976,65003.8474834320,47329.9878049004,92447.5973222151,19890.6039938310,78503.4355077695,79178.2537296613,84273.4017995478,63670.1114070945,61272.7763258285,57874.6228190723,34159.9730818299,100812.5698793137,66614.3253805038,18872.5247133664,67442.5115268823,53360.4079682638,43685.0210676025
1710,42483.2322850885,132001.0682637534,61067.4447311051,115990.8159043503,86428.8490415747,16647.3113565364,104285.8368306902,40784.6823277268,86449.6002548384,86476.7582408256,80991.7596855871,120252.2473665938,52277.4047621132,65750.3388938543,31257.5480777272,109223.9261648530,67396.5410970499,62634.9160570053,108691.6224560433,11651.0065407820,87325.4674274340,92029.3474975841,63605.0935231615,89828.1581547473,46164.5922686334,63149.4482929374,71583.9115373007,51954.0354344901,74978.9059250777,22413.9290849036,27138.2341152759,124211.8932308346,36450.8888001513,81222.2901189478,65830.0316779512,47365.6941588803,94566.3109523325,74718.6584873657,46159.3084932170,95352.8578871268,104356.9174110424,85880.5235842969,76389.6296956791,51434.7631403054,54333.2995797908,117093.2040132816,55205.5380047285,74040.4311610003,96628.7260289537,79920.5627974807,103510.4126117867,92782.3792554793,61923.6378833944,70.4174790968,55030.4040134361,75002.8885789069,83620.2193409066,74786.9057533509,63854.4694424108,89732.0923236879,70393.3962182743,35099.0402976366,84939.8176245954,32028.5378031430,41981.4718476179,41263.7548742515,84903.2370803547,32653.2516454928,10053.9847016373,51774.3855384287,19373.7209714292,116627.8454259821,56164.1786499041,58368.2201520843,61162.2544002494,53164.9726408057,124496.1301142679,63727.7770153152,66034.2478536671,44023.1253705162,95232.3277261292,16763.7334873445,80777.5474867473,72597.0661450965,53381.2277204713,77243.9335906216,95835.2588116593,16333.5346457692,44423.7502423412,41995.5385814803,23273.0320433576,38406.0751489293,17546.6653743710,88161.7771871258,67808.7670892371,117169.3608314133,92152.4852755822,24268.9363891903,102049.1451824591,80093.8195529311,71607.4976464931,72646.2600019889,124610.1432840027,48431.0211452248,76693.3455400314,69197.0689092772,32727.4444977170,35897.4729946137,79303.7178680387,53680.4026182629,73647.9624130887,45913.6598856453,81292.2271659560,56265.6759837293,110193.3221396774,87385.6814887329,83707.7304099178,62276.9558620821,71758.8005249730,91122.1010835080,58341.2031337811,68052.5978370019,55563.7076854984,90313.5524845024,109670.9660530127,81540.2853110644,90136.3382898921,101916.8844184949,48362.5857419274,53948.0977114285,64101.4786218693,103318.0721536364,91890.4958482907,76595.5743803610,58422.7320566193,84939.5071771628,49706.6219958744,70099.8442575710,67993.1254689674,69069.4458802706,89976.5465231392,48421.5771446548,49570.7683275908,37401.6833591396,48006.2726003103,79740.8580673463,97664.5401778763,102861.2022743166,78337.2126987374,69841.7234190987,97348.1012662717,29310.7342954711,87454.4731471882,8960.5666487367,16332.6257056393,16699.6469955955,81850.1175426040,80473.2687555518,39611.6486547370,61129.6841150970,68823.4223050748,90003.9803773842,60851.7943298701,51991.5967478321,112862.2510563948,49957.1369992069,73643.4777855153,58599.7953526498,58637.4758596590,11694.7057576196,85060.5245711292,78327.0285501788,24743.7648693580,42362.7245482438,67220.3888453021,27474.3258828030,84635.9829959895,47712.2366714747,52090.2582055493,63656.6283147200,64922.9845593747,41253.6845938989,14120.0147934328,71103.6091164885,85237.6871321891,13238.7249591670,69695.6442882293,77916.7734644352,67779.5159931907,37327.2762861707,77028.3177455011,30073.5301783141,46939.6184676018,56543.0954017424,15693.8046729924,39875.1444470981,74273.5231289917,21131.4408827417,36199.8013035163,45642.9971215433
1711,45082.8925317736,91281.8360283310,58663.7257795081,91436.0627595937,43105.0133488846,58240.8691818837,76916.9402697552,14184.3997424268,79403.0630645539,46537.2326144408,52025.5375315369,75970.5646456275,22128.3557274960,40361.6703214149,39276.5378251590,72443.5740174057,54208.3515255040,18210.9599852465,66707.0550721297,36267.0830739764,55625.6171961734,47877.3656454006,25415.9567424627,51826.1411029292,30172.4886730973,63709.5279694313,33158.2537900794,37051.6192543180,31513.5556965832,49715.6014934127,24074.3887110289,81443.7832087127,29288.4704842105,61120.4569485251,39510.6611629643,44105.1334132022,61575.5776948588,40697.2026713885,13249.1972126493,58600.7864859235,71918.7240614825,71938.5605884727,32021.4884778324,21441.3421617716,12148.3161244163,76844.4039496792,49812.9601320860,66862.7543628044,54021.7884274214,45347.8204647268,63897.3618233710,65128.2893077206,21483.2149088026,44956.8901752180,41017.2481095945,34998.9877287666,42912.3649075400,32312.1427697212,30867.5478933914,45261.8377067816,49750.0716893583,29516.1190984794,42112.1851876016,42296.9212859454,21190.9601763046,20216.9367393779,48627.2501218843,49293.4093564630,46297.7348485772,54823.1064237710,25833.2343437179,73011.3289445402,31848.0682055746,30845.4814992060,44844.7994544533,8861.3226582162,83009.3421433899,58022.5530552806,23208.3230415712,37067.6816796517,54577.5022852067,55496.3045437203,36383.8671171430,41483.6224489355,15640.4678568168,64421.3403917186,62827.1758967395,39685.4330898749,2103.6761261462,35819.2758191803,32472.1475535777,45799.0707287560,53080.7043216215,53286.5709430599,24376.1953637705,75042.7664843356,62544.0798179747,41878.5334358532,66844.6377632860,42118.4744439519,27200.2838948647,43347.2305438345,84663.3083718499,11944.9695247386,52164.4654602266,32955.8729877916,16606.0011852559,37058.7948633447,41457.5752391172,33519.1295698312,56457.4802871910,30363.4514879228,71282.5579503516,18859.6718656016,69550.8902308244,55817.6430614229,39476.6824343210,28775.5707147413,36834.6076242635,52714.7949608287,15272.0135618774,36457.9516729864,44422.6302783101,48457.9977237951,66620.8511410907,40356.5541580461,55383.0710304580,60638.2420543574,44738.2965441976,45745.7095760479,26776.7431728170,65801.1048272158,48517.8465981600,36022.0319802883,56989.3153451874,40988.7075612245,26156.2886530919,28780.0129448642,64472.4433419750,28330.6766161713,49945.1570201734,36637.3822014447,26551.4429751147,38963.9506427683,15711.3014229267,36260.5957126555,66854.9983403291,60380.8104206086,46675.3437450824,59783.1199509944,58521.1581118723,33042.7780408914,45341.0899780916,42349.6937124506,45826.9702353759,32683.0309420378,49765.3167600697,38302.8169075300,25768.3033161933,20468.3426093247,24394.0528425131,60375.2343884673,49784.7028244249,10486.7362028390,90304.6916942568,11606.7267822237,29925.2551311860,37448.1708312023,28735.8679694485,52552.7588677862,48572.7994553992,35993.3286358973,20270.7063491091,43537.2476649893,36761.8488335324,48339.6508444842,40136.7572257125,49597.1254236473,32346.5532662998,35536.5402911416,44864.0001443645,14913.7986185165,41101.6126800578,43473.6362641621,46159.0772590510,50493.8312276742,30832.7507007247,56020.6497664278,50639.1111024726,42265.4997507087,46904.5164695687,26968.7168976002,20956.1517264337,23873.1355814624,59394.9441744692,25914.1345434156,36559.1687350285,28020.1454490641,20703.5195903975,18444.0850684299
1712,87324.2671757730,45837.9091472397,78287.8601318137,97871.0798417311,27221.8905355068,103807.8100452629,58040.5697454566,51331.1529971400,107168.5506594530,17496.2343870095,65457.0141561246,29008.5419010358,55672.7707836271,46959.2888967919,76478.5861495342,37405.3848104475,83862.6420764902,32019.0907958305,20794.8181624080,82561.8989078843,39274.2710368858,493.4777944698,31406.6617656424,48413.1601563494,57419.4685083055,100203.5885235510,43549.3368644515,72848.6864438611,16946.6688201486,91434.3412828025,67029.3316972831,33588.6124138812,73284.8693849459,81695.7356660495,63547.1117404920,70848.0947035181,63866.5112782618,32807.2716773325,49666.0847986476,29318.9316384136,45907.2130856844,95389.6429668170,22163.7647579379,45064.7560714011,37595.1801940001,33425.8871131464,86528.2115843503,97404.0342565473,8733.4823432632,53501.4091448654,24737.3089817038,50649.2244622191,41312.2039158286,92501.2716297092,60391.6238612359,21484.5457036251,38226.5987533532,32475.0585280395,52883.9848002702,15191.5024735680,74402.8258780901,65590.6177958735,8405.4644498897,87872.8541916144,63069.2803285361,54583.0085664764,27766.3193502482,86277.2792020322,91778.1169631858,94718.6964712430,72604.8739762637,24779.9553627548,63108.1416576699,44836.3878908766,75747.9381903529,40683.3870590665,36802.7492981648,92013.4535748793,25944.4404438001,77674.4789642473,16392.5329208656,102548.8908420440,13663.6850318484,57978.6962724600,47688.1411858651,91021.7863316526,39638.2019850863,83508.5695603576,48053.2177232306,66150.8869519635,74646.4368813100,79067.6359732188,97063.7313756040,56022.5779898223,32080.3384980224,28215.7110001444,70180.2038357920,82459.9915745204,37182.1133278951,45527.9491499726,21826.7114733061,41221.0014400806,40973.3792769714,44054.0655035234,71386.0009035869,30579.1478335419,59921.0726462199,81207.9518590187,24235.9593684843,53238.1335878775,81728.2158106645,69407.9363504307,98432.4128462027,37402.0421368699,26360.1476720151,63286.6563289452,20490.0490126394,37044.4463516755,50685.7662264677,22854.1074220715,38777.8373937442,37796.4894169012,79424.0164972480,10252.4331124801,18731.0712247044,15194.9469630752,32826.7856815194,17777.3844804991,84158.2604387706,67247.2234422073,46004.3044726171,31274.4523979592,196.1558448325,38177.4957161750,93943.4812685860,6080.8641182174,62262.1760854946,23184.0896239656,98221.6008291556,38659.0615826738,42088.9472406664,61681.7624321783,50986.3405018085,72482.2627482382,53777.5840412997,26993.9464111342,45992.3318558367,14058.8669492229,37347.8214899243,90086.3679736563,23808.8880994848,71978.7091852060,33460.0581289145,88993.2852870041,89460.7504235678,77707.7196615290,59575.6062946848,32777.7849884767,59479.5960989650,31537.4200088625,26871.3717165961,44972.6371645155,82721.8135652544,44695.3520122251,99655.3367154179,42211.2841099944,27946.0823656718,68026.9167392750,56564.3644899154,98348.2136432460,50744.3424911930,14844.3336162211,67181.8692193770,73936.0457671424,57517.1597544553,87755.0629645937,14872.0636734614,90269.6704716693,67218.9809783783,43260.9176682764,72431.7461343096,52181.9377688586,86494.5063392668,63475.9033537309,43711.1455324189,97356.7185427243,26562.6984725518,76595.7865893670,78273.0023979320,86192.4898988081,61447.8246915087,66996.3333162544,59343.4814828541,40536.9938767239,105891.4505288835,68513.2511615256,26061.9853981138,72635.9246725944,59015.1656345444,49519.5408599587
1713,0,0,0,0,0,0,0,0,0,0,0,0,0,0,0,0,0,0,0,0,0,0,0,0,0,0,0,0,0,0,0,0,0,0,0,0,0,0,0,0,0,0,0,0,0,0,0,0,0,0,0,0,0,0,0,0,0,0,0,0,0,0,0,0,0,0,0,0,0,0,0,0,0,0,0,0,0,0,0,0,0,0,0,0,0,0,0,0,0,0,0,0,0,0,0,0,0,0,0,0,0,0,0,0,0,0,0,0,0,0,0,0,0,0,0,0,0,0,0,0,0,0,0,0,0,0,0,0,0,0,0,0,0,0,0,0,0,0,0,0,0,0,0,0,0,0,0,0,0,0,0,0,0,0,0,0,0,0,0,0,0,0,0,0,0,0,0,0,0,0,0,0,0,0,0,0,0,0,0,0,0,0,0,0,0,0,0,0,0,0,0,0,0,0,0,0,0,0,0,0
1714,0,0,0,0,0,0,0,0,0,0,0,0,0,0,0,0,0,0,0,0,0,0,0,0,0,0,0,0,0,0,0,0,0,0,0,0,0,0,0,0,0,0,0,0,0,0,0,0,0,0,0,0,0,0,0,0,0,0,0,0,0,0,0,0,0,0,0,0,0,0,0,0,0,0,0,0,0,0,0,0,0,0,0,0,0,0,0,0,0,0,0,0,0,0,0,0,0,0,0,0,0,0,0,0,0,0,0,0,0,0,0,0,0,0,0,0,0,0,0,0,0,0,0,0,0,0,0,0,0,0,0,0,0,0,0,0,0,0,0,0,0,0,0,0,0,0,0,0,0,0,0,0,0,0,0,0,0,0,0,0,0,0,0,0,0,0,0,0,0,0,0,0,0,0,0,0,0,0,0,0,0,0,0,0,0,0,0,0,0,0,0,0,0,0,0,0,0,0,0,0
1715,81923.0793320132,50947.0902748056,71982.4149119892,97910.1403109566,27277.7064840238,96607.2433679273,56227.1983100970,44205.6720613976,104159.6647381789,14436.7644739451,63598.2482831866,36251.2039023709,50658.5260961207,40839.7070710103,69274.3640292425,38677.9283083502,80227.2722353763,26185.1645092078,25822.7121889019,75428.2324704838,35957.9162927043,6130.7267783985,24255.4938748619,48334.9963731020,50339.9978101153,95808.9426752902,40678.9575600836,68140.6384810069,10013.9627904784,84191.5855003516,59816.2864874969,39939.8969691753,67472.3223614628,79306.3337123164,60097.4691082302,63978.6329777149,63662.4138326237,27303.4869865247,43452.1701054219,28292.8083924896,45132.5618258573,92853.8823394963,18750.5302614421,37868.4679220544,30558.4297846408,37524.2655083487,81937.6394717956,93861.2931194263,12907.1841653665,51831.8919701524,26770.8956642974,47691.5477912909,36710.7946567411,85472.6939353946,53760.4211506002,14934.1139304026,37445.1971436800,29767.2827099283,49134.2630123928,16818.5528118098,71243.1517071895,58368.9481111264,875.0878162559,81913.0099350440,57368.2352329531,47340.9611971954,24211.7828283851,79107.8312914955,84586.6240587728,89750.3425130424,65533.6569883884,31747.8116958631,58695.2868724912,38024.0813530207,71763.4113371710,34334.1185733556,42189.5646558543,87893.2194392076,18846.5231752261,72403.9968585318,17186.1493268881,95445.5268915576,20090.8009694274,55315.5600009345,42304.2460591915,87954.2795457852,37839.8151575109,76281.3069895755,41267.9386362669,59073.4660013815,67407.6420205408,71985.8518802503,89828.3215434164,55375.1286102675,27658.4694210002,33865.8066054052,69376.0174222038,75219.7776602185,36873.5274088299,44025.0040644568,16119.4199171156,35709.5254465404,45314.7729471058,36862.1773053137,68901.5040401372,24030.0081055860,52749.7761771665,75450.5158278360,19156.1686522142,46399.5109925103,78667.2908772335,64200.9668238001,95401.4890927354,30158.4272364985,30174.3519784958,62242.0794953978,19669.3926514448,30160.0218018876,47938.8919156758,21220.3972560458,33205.9561937392,31586.8464707152,74958.4455770282,9721.1953432544,25099.1877569403,9669.1501089838,30313.1829950681,21047.7671191117,79145.5665861164,60623.7295698197,42060.3224674829,32053.4238270111,7863.2555080635,36065.3523781728,89412.2909695285,178.7731316767,57223.6391736378,15967.9781098996,94216.4694297631,35148.2551039482,42328.8233984545,54761.2016017517,43887.0596844960,65351.9407070626,48176.0324000367,25227.9796230353,44057.1385640600,19191.9433804204,32568.2874017841,86469.6228687402,24040.7380316448,64740.6824481495,33576.7867466844,81872.2100608940,82225.2426022743,70522.5572107311,57995.5572566532,31372.8379080109,52263.7839359499,24304.3913090378,21729.0606472730,41872.3314245063,78603.9827819452,38776.7068536188,99283.7854077934,35366.8698030476,24530.2380920080,63872.1601581986,52284.6338060097,91162.6238912850,49865.1367031926,9994.5437027134,60144.1206246032,66929.4301037870,54225.1810968914,80534.8539848521,14070.6309886977,85139.1179692169,62487.0301826155,36826.5781602832,68813.2325096817,44955.7480893458,79306.9799484476,60581.0730599132,43081.5631880157,90241.5317061685,19673.7464103275,74074.9346352249,74799.3146155541,80511.4126235794,59247.3104186705,59752.5275614200,53938.6745877455,33410.0178215065,98737.8089705436,62828.3598566801,19968.6811657406,65449.2961291799,51772.6096421639,42278.0203861163
1716,0,0,0,0,0,0,0,0,0,0,0,0,0,0,0,0,0,0,0,0,0,0,0,0,0,0,0,0,0,0,0,0,0,0,0,0,0,0,0,0,0,0,0,0,0,0,0,0,0,0,0,0,0,0,0,0,0,0,0,0,0,0,0,0,0,0,0,0,0,0,0,0,0,0,0,0,0,0,0,0,0,0,0,0,0,0,0,0,0,0,0,0,0,0,0,0,0,0,0,0,0,0,0,0,0,0,0,0,0,0,0,0,0,0,0,0,0,0,0,0,0,0,0,0,0,0,0,0,0,0,0,0,0,0,0,0,0,0,0,0,0,0,0,0,0,0,0,0,0,0,0,0,0,0,0,0,0,0,0,0,0,0,0,0,0,0,0,0,0,0,0,0,0,0,0,0,0,0,0,0,0,0,0,0,0,0,0,0,0,0,0,0,0,0,0,0,0,0,0,0
1717,0,0,0,0,0,0,0,0,0,0,0,0,0,0,0,0,0,0,0,0,0,0,0,0,0,0,0,0,0,0,0,0,0,0,0,0,0,0,0,0,0,0,0,0,0,0,0,0,0,0,0,0,0,0,0,0,0,0,0,0,0,0,0,0,0,0,0,0,0,0,0,0,0,0,0,0,0,0,0,0,0,0,0,0,0,0,0,0,0,0,0,0,0,0,0,0,0,0,0,0,0,0,0,0,0,0,0,0,0,0,0,0,0,0,0,0,0,0,0,0,0,0,0,0,0,0,0,0,0,0,0,0,0,0,0,0,0,0,0,0,0,0,0,0,0,0,0,0,0,0,0,0,0,0,0,0,0,0,0,0,0,0,0,0,0,0,0,0,0,0,0,0,0,0,0,0,0,0,0,0,0,0,0,0,0,0,0,0,0,0,0,0,0,0,0,0,0,0,0,0
1718,84801.1444854614,48092.1339010972,74801.9091534560,98264.6161815021,27449.4480998778,100146.2371986928,56572.1525299257,47736.6525445359,105967.7724190717,15180.6187851649,64830.1871363031,32752.3504383537,53343.6748831297,43529.3143761852,72720.7106025417,37460.6442541460,82311.0882278933,29196.3995330203,22927.6677979951,78961.6664053463,37036.2509494593,5930.3098010090,27649.3639411064,48677.5990040957,53674.6581213110,98247.5791338490,42343.7408908986,70704.5433884489,13464.3620524739,87694.6119368261,63354.3139559612,36611.5089481594,70520.5869343732,80808.0015298252,62075.3851569202,67160.2612200859,64098.7985057360,29594.8292896967,46654.9642154464,28130.2367520320,44927.5542162587,94434.7445028598,20542.7919209578,41306.5775961172,34065.7333690996,35050.9632245594,84457.6222306522,95910.9935266347,10127.0795995353,52951.9603788192,25128.3897758098,48612.1318542580,39181.9744131545,88983.2325671648,56780.3882212846,17861.7892826510,38090.2998367375,31306.9983781490,51235.1795144965,16064.9713236501,73098.5682541829,61835.8192494349,3391.5294250392,85028.3255975326,60363.1310575784,50842.4995611903,25359.5772807517,82519.6156191504,88125.8157462907,92442.2369897566,69054.0150406954,28236.8803605669,61116.6378157349,41160.4412690318,74001.2275450165,37585.1261193792,39212.4092808760,90203.9097183817,22367.0493355233,75220.6745911399,15974.3418249714,98973.7741290287,11755.6150418717,56916.2656635408,45144.5889567022,89780.4116442716,38125.7672883343,79815.7434421686,44695.1560587007,62406.9996142582,70935.0222622319,75323.3714766451,93358.3611281504,56010.8228244796,30013.5521351114,30772.5505869250,70110.7589575112,78715.9007424573,36405.9628350405,45044.2601221647,19026.5005192231,38025.0368783886,42762.2261370634,40401.2953832608,70437.3354537941,26976.0595374002,56287.7864724739,78478.7771489315,21153.3271656371,49556.6935473357,80483.4086225289,66984.6292898711,97215.2213634296,33666.7433098546,27785.9002503365,63081.9975946457,20179.9643439025,33344.1649716845,49564.3949820349,21298.9129259997,36115.1735349057,34322.2788824000,77417.8459784488,8863.2067440571,21741.1511232200,11849.3656399345,30935.4800175359,18803.0702668570,81852.2555161088,63640.5177159831,44237.3734025538,31033.0497346551,1941.1081154933,37348.8525676463,91909.4148001841,4328.2841174696,59926.6863022311,19430.0173302602,96478.0605225572,37099.7509238458,42497.2766320108,57977.4649911460,47237.3279187646,68728.9670280324,51120.0335998880,26274.1456189109,44435.3597115311,16204.7857861390,34449.3098465264,88549.0745830348,23213.0754842858,68232.3172068845,33764.4655195561,85403.5896235969,85755.2869645106,74061.5999914385,59085.1695605672,32288.8327549740,55723.4919949878,27837.7849481204,24398.6537258137,42853.8355783559,80907.9328158516,41848.8295130794,99837.9944167327,38812.8786812013,26379.8385158966,66180.8186936052,54636.7985066015,94701.7201591328,50600.0328258583,11089.1352930517,63655.7589453924,70209.2870405134,56120.5691924988,83999.6329364925,14442.2164844594,87900.4946109739,65057.0730265573,39710.7453444006,70879.6139030712,48491.0652942013,82846.1112069269,62299.5641058759,43675.4031862673,93771.9737294690,22854.4487420557,75633.5620521653,76804.0983477400,83509.1225633191,60635.1919674997,63270.4874849852,56801.5546529033,36782.8990190453,102274.3681816887,65819.7043958392,22604.6619547167,68988.3751830378,55294.7374671330,45778.2646161123
1719,80507.3649350578,52355.3332187901,72155.8568504931,96558.8614771049,26012.7311691740,95819.8235013668,57469.1422832724,43323.5493335589,102636.1496593439,15674.7723012192,62114.9612174702,36894.6598527509,49194.4075229301,41132.5525800211,68802.7113281789,40182.4618676578,78704.6671533116,24802.5833812095,27211.0012194074,74554.3373437820,37011.2263065893,7180.0277991384,23919.8671082423,47002.4482094292,50048.7774093653,94311.1548092588,39163.6155292433,66657.8034569280,10567.3312745873,83589.5624739031,59055.0124476925,41137.5319177715,66112.6052861574,77797.3580455566,58572.8563898894,63852.1375092444,62302.8374860596,27869.7554753884,42163.1370387630,29672.0064683024,46501.6027156219,91339.3148522906,17235.6873725005,37431.7173724346,29596.5648413720,39004.1614950062,80449.4070035925,92337.9970475741,14305.2490540820,50364.3115559286,28295.3266634704,48779.0656296986,35211.4421816610,84510.0876517986,53789.9072956439,15162.4272903422,36060.5233032353,28263.9268963043,47611.2994501530,15889.4180299097,69719.1594124908,57861.3041148078,2637.6169064833,80582.7127674568,55987.4776821348,46755.6154651703,25274.2010779822,78692.3638855328,83784.9077802085,88290.9603687392,64602.4605060066,32727.4389347444,57193.5448021002,37967.1488310347,70247.3636365619,33073.0450148832,43559.4997238491,86382.8641726616,17936.7313920329,70971.2854467867,18702.0182663490,94542.4069887045,17116.3163024844,53802.0349271596,40873.5758979108,86430.5766972305,39112.1052255450,75552.4138506365,40163.4519192581,58777.8683283604,66722.1438559267,71679.0476024414,89125.0611562247,53980.8992026290,26145.5908660778,35190.4241139184,67960.2000828325,74638.5366570890,38293.5792660476,42573.8512942056,14692.7987098914,36238.2874188528,46784.8963409809,36066.0296750616,67390.9012891954,24179.5376494089,51920.8251468435,74083.6299555086,19913.1849490853,46311.0928459978,77143.9059058001,62759.5147301258,93877.9436012935,29568.6911969088,31662.5273092380,60811.1426062898,18349.1595711787,30071.1744363378,46424.7361781240,22570.8846517812,31792.0892845143,31868.1953739254,73462.1182102600,11234.0940739775,26272.1170085919,10466.0693213595,31513.4609039974,22545.8562138394,77688.5288353814,60650.5700489688,40539.4716902578,33544.7159922054,9967.8547933142,34584.2349505536,87921.3678396112,1137.7717708915,55763.9236291875,15542.1580936344,92702.6788006253,33623.8356690117,41040.3804797983,54604.9847747270,43580.7593315538,64993.8950408569,46776.7216562679,23788.9323617301,45300.1965512939,20545.6896954165,33320.2921218408,84946.9932393051,25520.0852532019,64174.0056677678,32295.0074501155,80985.6014659235,81523.0806218275,69711.9310952195,56530.2206811068,29946.6074963806,51773.9230871256,23612.7315410812,20252.2502047182,42947.5229256392,77092.7602027808,37422.7994317706,97894.0006036414,34288.0456314175,23009.6428417513,62360.5731979459,50775.6930769335,90351.7611806314,48455.8838150797,10080.7185487029,59186.7608196281,66695.5336709498,52700.9079431263,80024.2414714985,12822.2634162800,83694.1219477119,61004.6342428868,36987.5859376049,67289.9681781733,44229.1893334201,78499.4366036031,59061.2385239204,41701.8984660356,89349.2897914437,19628.6664529912,72562.5265652474,73275.0405341008,79133.6094327215,57749.2380474342,59108.7595798957,52516.1261698357,33085.4747946182,97885.5556275472,61446.9321648406,20366.9478052548,64641.1587155868,51115.7215988177,41699.7879432086
1720,82762.3881715117,50117.2008970503,71895.7093498009,98711.2076212546,28037.4590600331,97081.8607256369,55499.9108105269,44744.2527395036,105060.5756563560,13732.3740758270,64476.1048168702,35894.9696533188,51526.2105680534,40693.2638613068,69568.2909822786,37789.1277199509,81127.7411410627,27010.2839921692,25008.8554417823,75955.3617206811,35351.8509151070,5830.5784018371,24497.2995004356,49127.8552133074,50533.8930297754,96695.2070403349,41575.2832762237,69018.5595496949,10692.1135922957,84559.2791135216,60280.8084577505,39241.8139542679,68280.0407480803,80198.8242578051,60999.0541048762,64071.2313139620,64469.4981945510,27004.3663743622,44221.9287837388,27484.8347666668,44328.1469820205,93749.5774108622,19646.9571696995,38153.8625776131,31149.0059163491,36650.6469617608,82818.5063333771,94762.1471146160,12094.4664941709,52701.0457223021,25869.4556400465,47060.4716684298,37598.5383523380,86050.2204548678,53764.1694349168,14872.0209519428,38268.6896143922,30657.1464165614,50034.9518851346,17406.9101158273,72144.3502863950,58686.5047787020,56.0734251374,82703.2409417912,58188.4733850617,47707.4249567023,23608.0059517166,79367.0835787024,85070.7307670633,90614.5969592561,66095.3527739996,31188.4404714381,59584.0288097540,38087.2790874945,72660.1804514559,35090.1554803604,41384.1648070033,88786.7084742622,19421.4681460535,73253.2573465514,16290.6159744991,95987.6552765171,21859.1486081176,56210.7643971069,43153.5803694605,88855.3041799300,37096.8861457182,76724.0688477456,41934.0373542589,59266.8549054494,67826.6232461264,72182.6438248584,90254.4766719734,56202.4582129167,28553.7959799808,33090.1662596259,70215.0963532620,75576.6373418069,36038.1257658721,44885.1836385847,16971.3442627568,35424.8209005997,44446.9157872108,37354.9837212778,69794.9719080303,23987.6315897886,53255.1404979232,76262.0027311314,18753.2714921153,46476.0990030952,79568.1306525578,65055.4203755416,96302.4194515772,30538.4017516885,29295.8946561627,63090.0427537420,20463.0947167877,30249.4589819589,48834.4969418356,20433.7444395001,34046.8451850063,31454.9160681839,75843.9854760957,8828.5755684531,24423.2972664324,9284.6985671850,29617.9908767082,20163.5804851969,80008.6126033797,60626.7402874080,42959.8592523645,31173.2556330306,6790.4204335398,36942.6837834965,90294.6491228618,317.1970760408,58088.6463554616,16282.6259608091,95111.9089000889,36049.7127654967,43097.5601471778,54874.1440981284,44092.8221375138,65580.2465745050,49007.3561784028,26083.2730564597,43331.0274602790,18403.5715134559,32150.0992297833,87370.1030887393,23168.9127895798,65091.0460605289,34343.6657118081,82405.9681569237,82651.6345137956,71013.6747581120,58863.2720575477,32220.1944547568,52572.9141961097,24749.2566223706,22605.5544907788,41250.4663504778,79497.9923754612,39583.5544432622,100107.1372210413,36020.5730286501,25429.6108651454,64766.4301726374,53177.4822520105,91651.3928723712,50701.3254108085,10219.9158271695,60721.8110793611,67084.4979633821,55126.5485288421,80849.6056386014,14832.7358377728,85995.1724674423,63364.7783801267,36761.6433989924,69714.0760309760,45404.7494139694,79795.0898099603,61479.8713283114,43901.5916825721,90777.7572767225,19756.6377386367,74969.4231725769,75700.7172549294,81328.9948500149,60133.6686537119,60148.9192125524,54782.7760138877,33633.8130085787,99250.0579061443,63648.6905545630,19785.5764957420,65939.8213184136,52178.8843452604,42642.6929025098
1721,0,0,0,0,0,0,0,0,0,0,0,0,0,0,0,0,0,0,0,0,0,0,0,0,0,0,0,0,0,0,0,0,0,0,0,0,0,0,0,0,0,0,0,0,0,0,0,0,0,0,0,0,0,0,0,0,0,0,0,0,0,0,0,0,0,0,0,0,0,0,0,0,0,0,0,0,0,0,0,0,0,0,0,0,0,0,0,0,0,0,0,0,0,0,0,0,0,0,0,0,0,0,0,0,0,0,0,0,0,0,0,0,0,0,0,0,0,0,0,0,0,0,0,0,0,0,0,0,0,0,0,0,0,0,0,0,0,0,0,0,0,0,0,0,0,0,0,0,0,0,0,0,0,0,0,0,0,0,0,0,0,0,0,0,0,0,0,0,0,0,0,0,0,0,0,0,0,0,0,0,0,0,0,0,0,0,0,0,0,0,0,0,0,0,0,0,0,0,0,0
1722,0,0,0,0,0,0,0,0,0,0,0,0,0,0,0,0,0,0,0,0,0,0,0,0,0,0,0,0,0,0,0,0,0,0,0,0,0,0,0,0,0,0,0,0,0,0,0,0,0,0,0,0,0,0,0,0,0,0,0,0,0,0,0,0,0,0,0,0,0,0,0,0,0,0,0,0,0,0,0,0,0,0,0,0,0,0,0,0,0,0,0,0,0,0,0,0,0,0,0,0,0,0,0,0,0,0,0,0,0,0,0,0,0,0,0,0,0,0,0,0,0,0,0,0,0,0,0,0,0,0,0,0,0,0,0,0,0,0,0,0,0,0,0,0,0,0,0,0,0,0,0,0,0,0,0,0,0,0,0,0,0,0,0,0,0,0,0,0,0,0,0,0,0,0,0,0,0,0,0,0,0,0,0,0,0,0,0,0,0,0,0,0,0,0,0,0,0,0,0,0
1723,83012.1245955050,49911.7193403103,71082.8162226738,99562.4842615981,28923.0951820930,96732.8916576647,54592.6433838645,44481.3515976571,105654.7132912722,12811.7713387005,65200.0572747440,36396.1976752245,51868.2351190689,39852.2000359008,69035.4762419318,37110.9497668698,81654.3893362196,27237.3263083034,24856.6178065476,75671.2645804395,34405.4134856330,7313.5966335688,23934.2935081419,49987.0987683640,49916.9488721122,97111.0863198617,42221.8128359395,69397.7750671527,10678.2382627651,84096.0661759185,59924.8779104656,39310.6201962484,68451.6836361212,80866.1601215274,61560.0222332387,63373.5796340370,65314.5191925769,26100.3049267296,44317.3648695683,26641.2492993667,43480.5064715871,94397.6856433436,20298.2042967019,37620.8812629311,30961.5218969331,36309.3146955083,83209.3792014600,95295.5466912435,11971.7769853803,53448.5943778836,25303.8244554280,46118.5766562332,38029.0895432311,85829.7046297992,53007.2034155803,14093.7329015040,39094.8369728160,31340.6584571547,50568.0855640710,18353.4317355826,72732.8654354078,58177.6462443279,359.5835653874,82834.1822982924,58391.5557098738,47249.3040135907,22660.8955027479,78801.7111606427,84733.8438231500,90940.3216918399,65856.6177855814,31465.1085833506,60015.8337498828,37373.8914198453,73144.7695094685,35162.8154663967,41242.3300542697,89245.2531519714,19227.7863511547,73532.4245005070,15656.8409523023,95720.2778836673,11643.4497701600,56863.5102559559,43438.1885670101,89447.4298975533,36198.4284725383,76341.0910512719,41849.6980121555,58647.7885830341,67418.9156961066,71564.6180653182,89851.8922317498,57023.4616765409,29034.6656816200,33018.0326514523,71019.3450518736,75103.5234451314,35230.1301044761,45652.9087108242,17282.8671688397,34524.3869669219,44125.4753036094,37039.4829174452,70457.3697519762,23211.1936414071,52948.6644735204,76441.5077421709,17820.4386384849,45769.8848773290,80164.4979485235,65351.3312089796,96896.3766222191,30102.4133989322,28937.4434132047,63880.0767828938,21321.3731888386,29558.3808046878,49485.1920430499,19568.3059250315,34310.7649613434,30623.5569774557,76257.4335517453,8187.4144671005,24539.5444257243,8362.8916097097,28694.9353109826,19785.2715829530,80330.9452738045,59868.3997174866,43476.4244046480,30462.9019167833,7477.1835472632,37669.5871051217,90691.8523404063,926.3178958766,58420.1332261244,15801.3250890797,95584.3644536866,36633.2439238821,43976.9992744390,54192.7778680598,43487.4654073672,64989.5282821538,49240.4409381388,26861.6687730670,42422.9482521089,18319.9762285158,31212.0585055083,87896.6574574835,22435.0115208846,64612.9368426639,35224.3624985249,82129.3493686833,82250.0376218716,70686.7354682979,59614.0530850785,33012.0956315126,52057.3737366293,24388.7130540009,22992.7748071876,40306.6898613177,79960.6714230265,39759.8185823282,100933.0942984181,35920.1854178335,26053.3107925369,65232.0744895855,53634.7223950581,91319.3458844967,51510.1036835503,9056.5762342287,60505.1576699120,66433.5464987052,55711.0280341676,80334.9789360110,15715.9199037673,86294.1059333527,63743.8731198723,35965.9390789744,70248.4766719142,45035.2703327421,79463.4648465822,62104.2903902191,44731.9460239960,90503.3918435106,19069.8501043947,75625.7174571529,76250.0638639180,81522.6082390180,60829.1369768491,59718.5714941479,55049.4641486683,33048.0803879522,98945.4212545381,63851.1089637013,18933.8112996158,65612.9856683495,51760.7616997400,42184.4950250351
1724,88368.7996984404,44506.8217017072,75510.5273852941,101072.4941876318,30307.6076639184,102761.1063954276,54514.5074179686,50557.4420924734,109460.3237555473,14047.7042495298,68130.1141285059,30704.4384751363,56942.4851651206,44135.2209500640,74772.9584482302,34340.8195558357,85874.1798898441,32711.2082591096,19343.5591377079,81740.1665219487,35763.0733549974,3534.6206202239,29666.0311961483,51542.7943094853,55428.0415312980,101853.5763202988,45820.6548952178,74312.1095106490,16618.0911798249,89975.6555008627,65951.0477654706,33316.4466630423,74028.6952082353,84205.7983436405,65620.9609440828,68537.7617605577,66990.7355763853,29773.1677313129,50072.1977802232,25819.8748361849,42465.4853127961,97856.5344191465,24088.7017437899,43387.6705238685,37032.6999315379,31452.7599108508,88065.7981579882,99465.4932113818,7040.2804629856,56215.6757503937,21830.4051947965,47109.2596212477,42790.1401969950,91908.2302993504,57870.1128295578,19143.4929841141,41156.8083113116,34763.5188642687,54807.9352395050,18483.5169709241,76611.2717538815,63977.0613904169,5973.5638838039,88503.8850688329,63892.1924143460,53152.6289447788,24306.5339019830,84447.5586852351,90772.6649419898,96042.3822788249,71935.1910714899,25405.6074232888,64722.8557386690,42523.9665242774,77590.2650436764,40964.1633918632,35659.3528477878,93800.3263053284,25299.0194939266,78801.5193333313,13062.4611849856,101793.9897664183,15325.3586671030,60360.9714417474,48716.9192399164,93281.0384899983,36103.0379449008,82338.0132871799,47860.0909950100,64139.9280093128,73387.9960032103,77047.9197124438,95823.5525370614,59029.8481004242,33619.6775439702,27269.3811679850,73165.3458597390,80967.4374977356,33788.1564589624,48275.4179928189,22567.6849929360,38148.6135316151,39155.9887097002,43098.0655086766,73852.1040290513,28116.5458832770,59009.3316995201,81996.1838824210,21130.7629006284,50927.3463409715,83983.4014763922,70570.9946568658,100710.8815812591,36054.4213118160,24204.6140859153,66199.6399989361,23288.1689201992,34846.2584985363,53022.6044883849,19308.8605551177,39667.5212596885,35060.0071944114,81025.0449030736,6705.1691294252,18498.1895242525,12474.4278092305,29281.6648088206,15277.1019456867,85450.4521696185,64707.3253685128,47823.8086971342,28063.8957884013,880.6497348865,40705.3646771658,95517.3547218392,6382.0080630192,63524.0709434204,21724.2143804728,100068.4062196346,40652.1816781225,45273.7080362647,59446.6778991707,49047.4430059403,70568.7392304617,54665.4855244394,29573.6811349855,42455.0015874433,12641.8798937524,34069.8939091490,92110.4867742081,20448.1532752084,70471.3917123916,36591.1119340231,88200.6288585326,88224.0501152441,76733.7785830208,62327.9708023102,35507.5330349270,57846.6402732996,30424.6384960150,27992.6913609977,41441.8123156801,84504.1884854631,45341.8608798128,102767.3214373202,41943.9749591734,29924.3376585967,69778.6917419195,58239.4272606697,97361.3257009237,53681.8602712630,13252.4402560512,66583.2385040014,71798.3178062724,59649.4053295110,86110.5886717551,17571.0110002400,91491.6988029149,68664.3560793836,40640.0291409951,74441.2482473034,51052.8996141564,85506.5490590076,65777.8805153289,46697.7568855752,96575.1892138863,24454.9086397950,79053.9468329412,80351.9146840556,87039.1199056787,64001.5654442411,65658.8628182935,60370.5367533393,38690.2612001802,105004.2835645916,69350.7028240074,23355.1816232319,71660.5777602274,57721.1546471115,48091.4563406130
1725,83382.3593678509,49645.1971908288,69992.5321222952,100728.3419014184,30137.6740031094,96286.4521923032,53358.0404589972,44169.6284937945,106481.9381279222,11564.8204099075,66202.3713022736,37092.3284781538,52371.1383019568,38725.5339106951,68339.3705071257,36198.2681624165,82394.6202608195,27610.0164363720,24691.5834257466,75317.8117363862,33118.7958948944,9509.4008631834,23223.2049269135,51165.7506421791,49108.1647509740,97701.7492551675,43129.0371916035,69944.3092087579,10809.6852305299,83493.8359718737,59476.9257184408,39425.2170628215,68720.3717809309,81792.3958312852,62349.3798610024,62447.4891471637,66473.7493196473,24883.1349569799,44494.5745610769,25500.0002911212,42328.9845270352,95297.2821755240,21229.6241863358,36937.0647722585,30767.5166254204,35866.1835519255,83768.6370349613,96043.0431303405,11909.6527770419,54483.4044309938,24560.7203167849,44837.6953481645,38657.1890195193,85561.3653517524,51998.9307531577,13083.1438670848,40233.1195287073,32301.0319313286,51324.1238974667,19641.0334911788,73556.3276254890,57517.7938118166,0.0000000000,83044.4423483261,58705.9730334601,46664.7499723625,21373.5788520817,78058.4477309080,84305.9082604711,91411.1702903514,65568.1692216268,31867.9097664272,60634.8983937078,36432.9714038858,73830.6333034516,35317.6821963308,41068.7539985203,89893.8622365545,19053.1748614189,73944.1997506739,14837.9193480784,95386.0599009771,12672.1622905442,57774.3600933961,43869.4160161338,90273.4571368104,34977.2690037916,75851.2472313256,41785.0413825942,57833.4012745003,66896.9986065816,70749.0103693793,89332.5676163608,58152.5038401812,29737.0170505714,32948.2682006054,72125.4906058732,74489.1738397475,34135.9757675767,46715.2940875481,17792.9379504574,33311.1461566252,43703.4649737211,36660.9930093667,71378.4115155846,22187.9308092528,52571.9298362470,76718.6709572254,16560.0858334965,44835.8753013013,80997.2387507884,65787.7271224610,97724.0941029921,29563.1170452436,28479.5573995762,64968.4371983055,22505.2168882147,28654.7377440553,50395.2798609106,18399.4067053479,34722.4134029247,29513.8890184214,76848.0798986479,7410.6466368608,24739.9076007859,7127.8766320738,27440.3353298427,19319.9086155325,80799.0757020915,58856.9550072059,44213.8465682351,29509.0319080995,8789.3457347919,38682.0747274917,91258.4027893808,2223.6334559154,58906.3335032527,15232.6492404659,96250.7138113518,37461.7860041296,45181.7738819494,53291.6392183914,42697.7139449701,64213.4194496310,49599.3609493052,27944.4306227298,41187.9059225929,18269.6868861734,29942.0039338655,88635.9164080761,21455.0555448590,63994.0638067501,36431.7625911724,81784.7778264613,81733.3254004154,70275.5397610579,60652.0506364742,34108.8808789313,51390.3338085024,23965.5582064474,23583.6946457518,39023.4310214743,80616.1902697620,40049.2566504807,102065.9582596906,35839.3082906229,26942.2584901871,65894.5577530684,54289.6334559314,90896.9721253256,52624.1178973122,7765.5164768729,60248.8836505040,65572.6683176018,56532.7995029079,79662.0584819115,16932.4024635345,86729.7846843409,64291.7651714718,34906.5007588603,71000.8961873670,44575.5359357510,79043.7854735028,62976.9314833518,45874.5307672077,90160.3986055444,18186.6581622593,76538.0424062480,77021.1978576357,81817.6490422245,61794.9718568148,59167.5469275991,55450.4904515721,32293.0010087839,98559.6164324003,64162.6390644263,17800.5373335588,65203.3567950345,51229.8063977584,41602.7650922082
1726,0,0,0,0,0,0,0,0,0,0,0,0,0,0,0,0,0,0,0,0,0,0,0,0,0,0,0,0,0,0,0,0,0,0,0,0,0,0,0,0,0,0,0,0,0,0,0,0,0,0,0,0,0,0,0,0,0,0,0,0,0,0,0,0,0,0,0,0,0,0,0,0,0,0,0,0,0,0,0,0,0,0,0,0,0,0,0,0,0,0,0,0,0,0,0,0,0,0,0,0,0,0,0,0,0,0,0,0,0,0,0,0,0,0,0,0,0,0,0,0,0,0,0,0,0,0,0,0,0,0,0,0,0,0,0,0,0,0,0,0,0,0,0,0,0,0,0,0,0,0,0,0,0,0,0,0,0,0,0,0,0,0,0,0,0,0,0,0,0,0,0,0,0,0,0,0,0,0,0,0,0,0,0,0,0,0,0,0,0,0,0,0,0,0,0,0,0,0,0,0
1727,59131.2967291382,123936.2910706807,42777.0772867949,128733.9853233629,88648.9492660286,17857.1957523175,90185.8130569006,38340.7335534740,103173.1635522518,79377.7335194190,91398.0126477266,117244.1983692589,60471.8539009943,53561.0049349725,15063.9213296492,99105.8841067642,82071.3971096953,63203.6384907061,102364.7776993887,15437.4518761179,75741.0862954817,89283.3265320490,57427.9836699363,96324.2939000598,34384.7736524721,80618.5558667309,77478.3982659662,65074.2081156802,71763.0939517017,2563.9640511828,21958.9375239758,118365.3182597301,49470.5649090087,94575.2199683415,76511.5151604432,30672.1930630019,103679.2866873558,65150.6195243830,50069.9011635343,85791.6376149803,92258.8837306782,101044.5439796634,76773.5319613586,43842.5138449391,51964.2458753045,109004.7574449329,71068.3699355399,90393.8057653413,91359.9886988370,87975.0566044441,95388.1111857682,79276.5657187723,66381.4061078368,20339.5992318664,40419.2589507242,68731.9390645670,88289.7112826668,77961.5435560406,71941.6447420788,89306.8868518031,83144.9202665150,23647.5502305865,80415.7805272267,49218.3967114335,51662.4152363407,33768.3469998754,75672.2700857332,17568.6500784860,9793.6584057139,69184.2635695462,22001.2237170589,112162.1142662137,66798.6916944251,48157.1929763238,74639.9104669268,54375.8416121122,117274.5368351620,79991.1836745421,62756.2913159710,58454.3103542640,88225.0361153193,22010.1175348895,79158.0274694061,81865.3963698010,58696.6510055873,92416.6551437834,84365.9400963437,9703.6401641141,45123.3270619071,27626.2210639348,13727.7789442748,20264.8334182963,18666.3537582289,96273.2420886990,70006.7617042826,110755.2969592506,102622.7698550618,9423.0092355227,91358.8024127555,86438.3877481908,70415.5078147299,61208.1072160637,116095.4655397929,44597.5928757145,88500.6711415419,61294.4152970784,29618.0244379396,51348.2259553122,71344.9844527276,41532.6201160381,87543.3633750488,58090.9955620387,97253.8279506905,50871.9473718311,102620.2583820981,96951.7362165567,84366.3434596721,53962.8451621419,79389.4756483608,82752.1583353891,60902.5975998337,58090.6360265583,70039.1773956492,84548.4040765690,104527.1200665941,75669.2273113916,79799.2478183186,95157.0128858666,64116.6756213576,37683.1564048011,70294.4241764176,93846.9282366612,87749.0286910790,81282.2640380069,75317.8185768668,82004.0642121160,59862.8724965823,65187.4782913992,84880.6499037905,73523.5604522357,95186.9405851628,34368.0166374899,39600.8603494172,21495.2636020512,54797.4132772174,81797.0854318886,85153.7257208907,97235.5371807630,67376.7169399389,85394.9400058089,88943.3838089007,16826.5385924735,90991.3529612773,14420.8343414390,3678.3418074126,13789.9861145237,91050.1716202412,83942.1119777935,29624.8057113200,56743.1803121225,69166.1233122205,77401.1902667659,75707.8693017127,55389.6656436877,126204.8440663815,49304.6003012611,75421.9084537144,70459.4589214711,67549.7756967742,14266.1325226361,92304.7718814059,73657.4227386399,26627.4149388107,25265.7124769916,76488.1270660379,15342.7980600366,83978.4220845305,64640.8609993113,63771.5072960033,52820.4385194643,77554.2577703239,36236.4361066018,17950.2486548651,81606.9585297597,91020.8762903024,17988.7095734803,63187.2851026779,90610.7293050271,81415.4254811827,53953.6018577812,86856.5453836573,21256.8977767826,55831.8487992997,48881.5809048467,22138.6333551862,51428.8488813706,66655.2217315977,17748.8776113676,29239.3832212105,38821.0941110651
1728,0,0,0,0,0,0,0,0,0,0,0,0,0,0,0,0,0,0,0,0,0,0,0,0,0,0,0,0,0,0,0,0,0,0,0,0,0,0,0,0,0,0,0,0,0,0,0,0,0,0,0,0,0,0,0,0,0,0,0,0,0,0,0,0,0,0,0,0,0,0,0,0,0,0,0,0,0,0,0,0,0,0,0,0,0,0,0,0,0.0000000000,0,0,0,0,0,0,0,0,0,0,0,0,0,0,0,0,0,0,0,0,0,0,0,0,0,0,0,0,0,0,0,0,0,0,0,0,0,0,0,0,0,0,0,0,0,0,0,0,0,0,0,0,0,0,0,0,0,0,0,0,0,0,0,0,0,0,0,0,0,0,0,0,0,0,0,0,0,0,0,0,0,0,0,0,0,0,0,0,0,0,0,0,0,0,0,0,0,0,0,0,0,0,0,0,0,0,0,0,0,0,0
1729,0,0,0,0,0,0,0,0,0,0,0,0,0,0,0,0,0,0,0,0,0,0,0,0,0,0,0,0,0,0,0,0,0,0,0,0,0,0,0,0,0,0,0,0,0,0,0,0,0,0,0,0,0,0,0,0,0,0,0,0,0,0,0,0,0,0,0,0,0,0,0,0,0,0,0,0,0,0,0,0,0,0,0,0,0,0,0,0,0,0,0,0,0,0,0,0,0,0,0,0,0,0,0,0,0,0,0,0,0,0,0,0,0,0,0,0,0,0,0,0,0,0,0,0,0,0,0,0,0,0,0,0,0,0,0,0,0,0,0,0,0,0,0,0,0,0,0,0,0,0,0,0,0,0,0,0,0,0,0,0,0,0,0,0,0,0,0,0,0,0,0,0,0,0,0,0,0,0,0,0,0,0,0,0,0,0,0,0,0,0,0,0,0,0,0,0,0,0,0,0
1730,0,0,0,0,0,0,0,0,0,0,0,0,0,0,0,0,0,0,0,0,0,0,0,0,0,0,0,0,0,0,0,0,0,0,0,0,0,0,0,0,0,0,0,0,0,0,0,0,0,0,0,0,0,0,0,0,0,0,0,0,0,0,0,0,0,0,0,0,0,0,0,0,0,0,0,0,0,0,0,0,0,0,0,0,0,0,0,0,0,0,0,0,0,0,0,0,0,0,0,0,0,0,0,0,0,0,0,0,0,0,0,0,0,0,0,0,0,0,0,0,0,0,0,0,0,0,0,0,0,0,0,0,0,0,0,0,0,0,0,0,0,0,0,0,0,0,0,0,0,0,0,0,0,0,0,0,0,0,0,0,0,0,0,0,0,0,0,0,0,0,0,0,0,0,0,0,0,0,0,0,0,0,0,0,0,0,0,0,0,0,0,0,0,0,0,0,0,0,0,0
1731,89329.6226972759,43556.2360301408,76119.8935355028,101532.9056443005,30818.8579603354,103711.0034443062,54373.1298088811,51533.3129223428,110240.4620187383,14308.2471592651,68805.6031977211,29876.4345119029,57879.6313783828,44738.0494958461,75643.8563909221,33794.9962964517,86710.1813196244,33689.0037265993,18391.6636870560,82709.6536297163,35891.6808059197,4635.7531051789,30548.4697571305,52038.3462047321,56252.9210493230,102749.1141245529,46596.9231652804,75229.8068625416,17617.7339617543,90880.5264277295,66901.1262789908,32316.6358791346,75009.1793030660,84930.0359142894,66442.7989948168,69288.9027420089,67490.6596599193,30298.5789193493,51065.7299923216,25626.7396206667,42189.0846978530,98593.2818739678,24920.0161596702,44271.1637603338,38021.9260490836,30582.7441633072,88975.4727909028,100293.1573112666,5472.2574212204,56876.3973509625,21206.5264748171,47153.7242896358,43700.3278841083,92891.2410984621,58567.4545720929,19925.4606272449,41737.9435869826,35531.1862068665,55655.2620748972,18877.8867259129,77407.1923290292,64863.9420010379,7775.4516216363,89490.7451741265,64867.2368410823,54066.8876754780,24527.7613997293,85296.3854099890,91726.9911480188,96977.5998402947,72915.0691648169,24446.9522015678,65619.8735711737,43284.1243406596,78454.8134278406,41960.4088539364,34690.2526901136,94675.1239252754,26288.0457817767,79754.7439998507,12675.8101843077,102767.0128810389,16182.8596892346,61114.8860259003,49674.9849028255,94067.4422654843,35991.7245207701,83277.3066638301,48858.5765050949,64958.5819253458,74318.8942584326,77862.2397072453,96754.3429959880,59583.0754682354,34518.1235276829,26284.7561090153,73729.4795370279,81868.7450693878,33461.5451948081,48923.6871026865,23537.3294304324,38647.0399619893,38264.0882974672,44062.6824824608,74586.9128860919,28850.3945948673,59974.3725477359,82974.5478790660,21634.9141012496,51683.7995053149,84769.9193146163,71520.2638157972,101493.5098223640,36984.6452360051,23363.4302604058,66792.1578378819,23906.4656628738,35638.5107749918,53785.8550704182,19255.6044804605,40634.3756215449,35701.4028868884,81925.7951804003,6769.0909515890,17500.5959818820,13174.8217764076,29305.5662440783,14504.4387220490,86388.3045638854,65397.2008311925,48686.8637531638,27596.7605516675,478.0036597202,41416.5920919995,96422.8354539576,8423.2665348325,64462.9596342767,22653.3622678097,100934.0775333944,41482.9153954901,45739.5841772743,60218.3163609925,49884.5534933478,71404.6818184983,55635.2178895334,30264.5468936961,42350.0062362056,11675.4897754397,34449.7370624992,92944.6742506795,20090.0696093516,71372.1336932465,37082.9727953678,89171.7502879932,89155.8187789784,77691.8854480229,62977.3591412221,36157.0864031759,58732.0162621555,31381.2096378289,28935.2192072903,41520.3403883742,85378.9465247023,46324.9075383421,103275.2858314978,42941.5161445082,30751.7461683614,70656.5818396203,59126.9036535780,98316.8636356095,54262.9998438546,14184.1647282940,67567.3185375865,72588.9142410433,60458.6727014526,86989.4826296407,18211.9370956959,92436.9661320149,69583.5960817919,41315.4387466011,75276.4454251442,52000.7542244671,86462.7600934669,66551.6655183607,47257.6229276930,97546.6461609740,25278.1812688932,79791.3929455739,81174.6317634411,88014.1469727075,64711.4424172898,66581.8534836816,61330.4937914810,39548.8018148493,105967.6303449112,70325.2639971209,24022.3958291615,72619.0475885161,58650.5537793855,49007.4258588197
1732,0,0,0,0,0,0,0,0,0,0,0,0,0,0,0,0,0,0,0,0,0,0,0,0,0,0,0,0,0,0,0,0,0,0,0,0,0,0,0,0,0,0,0,0,0,0,0,0,0,0,0,0,0,0,0,0,0,0,0,0,0,0,0,0,0,0,0,0,0,0,0,0,0,0,0,0,0,0,0,0,0,0,0,0,0,0,0,0,0,0,0,0,0,0,0,0,0,0,0,0,0,0,0,0,0,0,0,0,0,0,0,0,0,0,0,0,0,0,0,0,0,0,0,0,0,0,0,0,0,0,0,0,0,0,0,0,0,0,0,0,0,0,0,0,0,0,0,0,0,0,0,0,0,0,0,0,0,0,0,0,0,0,0,0,0,0,0,0,0,0,0,0,0,0,0,0,0,0,0,0,0,0,0,0,0,0,0,0,0,0,0,0,0,0,0,0,0,0,0,0
1733,55270.4782666110,143663.6980225788,63337.6272881498,130237.3014571358,101416.5298591490,3292.2001194794,111685.7556623366,54064.4846308711,98323.6599500263,98457.6190081695,96050.4751418814,134046.1059040628,67649.4082640196,74584.9631370713,36547.3777417120,119640.1891104853,81072.8333161667,77153.2230754998,121139.8246634832,22874.4591647332,96696.6528619157,105803.5285698571,75825.1458691047,105204.2389549821,55066.1894055341,74509.8297694176,86933.1904483109,66531.2086162741,88487.9125294306,21683.1508672801,38702.0709941682,136925.2719465468,51314.8513787278,95409.2790768313,80909.1121877906,52146.6516884634,109786.1533961208,85308.2549433748,61183.4884795038,106059.4070540181,113408.0653468481,99056.3419625510,90961.1161101838,62813.6924411595,67911.0264741611,128703.4893620475,68307.2629498308,86425.1351947916,109486.5948480934,95262.0911023733,115056.1146676059,100692.3018418200,77130.5567448883,22281.1660222043,61887.6478410894,87290.9671630742,98909.5780211261,89881.5512028205,79215.8692224110,104173.0534168288,84899.6317067031,43923.8509473369,98034.1640419104,44725.7792605493,57316.4274611515,52455.3436134978,95751.6973714014,33330.6264691802,14001.5824689142,63477.0266020214,33165.9170264286,129886.2570291048,71309.3424815768,68427.8484534083,75488.7514874979,67739.7728926926,136571.0224001790,76349.7976984063,79442.2025408337,58212.9542197407,107304.4095118023,4402.1234013067,94842.5179000940,87853.2338508025,68638.9008419711,90500.8061437581,105316.5946027442,23253.9632246179,58746.2514514608,48963.1075627502,32318.4445534829,41405.7787906374,13260.2457851012,103488.8673458807,82709.7832733230,129606.9442648155,107157.6493019414,28484.9238019196,112076.8918810949,95465.6032611716,85734.9161299589,82047.0661628092,136011.3238550694,61384.4131974634,91449.3974760153,80650.0238289784,45476.6452830815,49777.1459686526,90808.9564819377,62440.0532479317,87657.5436458927,60845.2187255157,93924.4330058321,68729.9859413714,122048.0095652194,102561.8123698123,98379.5967094430,73445.5690681367,87126.8787336020,102480.8996858317,73244.9914609693,78357.9522309985,69515.5517506442,102928.0308788902,122635.2188030914,94054.8102006992,100346.5480219516,114137.2288416888,61693.3583634008,59182.6925957478,79453.4070671086,114108.7345675694,105171.1795420982,91872.1338579703,70548.6879586993,98612.1683195609,64957.8538885280,82926.8139796913,79946.5489687004,84302.9191759801,105312.8120099731,55708.4132571842,59645.6597888332,43005.5634293751,63351.4702379880,94675.0697834357,106387.7076739601,115596.2976560651,88089.0912986844,82927.6600654996,108717.4524224949,37229.7697255461,102636.1848991405,16597.2372505636,18776.0985680255,27786.9057210017,97088.6972759802,95627.5621058956,49447.3689150045,74069.6804917078,83336.2704660714,98636.8912052371,74514.8520320751,66988.3740716134,126867.5965645046,64002.6286597310,88497.8708606544,73475.5774135004,73965.7505134574,8922.6965995007,100430.1956598045,91319.4449938797,38734.5018651784,46708.0215993627,82492.9810834784,28081.5623080256,98992.3813454298,60069.5066154719,67068.5128212819,73385.3406993018,79518.3123920883,53561.5670734922,19098.1770645725,86187.7313340758,100596.6226826643,6295.0782984297,81829.0730446070,92384.4394191318,81965.9895933689,50317.9250434382,92198.3147686980,40119.3134967901,62299.3857431403,67970.3280077723,49.0007072386,55009.5812710458,85914.2845230827,32847.6145607916,47471.6167672156,57271.5259557833
1734,47337.2942038709,127383.9075227812,54003.0033992253,119080.0358054605,85099.9092974448,15993.9052777142,97978.8665690260,37240.7455581389,91455.3483848969,82007.0943468912,82936.7366917680,117218.4805335093,53045.9410187136,59773.3950986032,24279.3098819489,103957.2694363459,71286.7767756310,60513.8822061370,104547.7226947620,2927.0715909332,81597.2699376484,88976.2842737449,59254.0280816755,90170.2268126447,40111.6874569936,68547.3438845719,71576.9857683835,54988.7105138765,71664.8913180587,16083.0790219753,22176.0193777210,120262.9499359196,39273.3430586403,84512.7583911059,67816.3929078939,40429.1262073966,96008.0931168999,69472.3379044179,45059.2200963090,90201.5351400932,98543.5456929377,90068.1290941904,74326.0545684526,46524.6235778973,51083.3803240467,112435.4432807169,59671.2963804408,78824.5401704216,92772.8802425814,80852.2726278154,98803.5004205995,86592.1981103903,61260.3425559897,2987.7396789805,48464.5345193327,70717.0731966907,83206.7457538675,73740.8827286647,64692.7748140717,87465.0600219398,73357.9675384884,28919.6230217933,81264.4960697837,37158.5067286421,43268.0120289298,36195.0561636744,79803.3363021871,25723.4311438053,1043.3631101530,57114.3011556945,22975.0771457572,113101.5692398915,58056.9394087418,52830.2160031014,64430.4818723752,51155.1549348917,120119.1546360502,68439.2585484848,62623.1320092369,47661.6586113860,90830.0110092556,14356.0679666708,78042.1635967984,74002.8402023114,52958.8095704859,81416.1996156281,90164.2461913500,5910.9495362565,42066.5513912877,35374.4196072175,16971.6339008965,31336.7339371849,13194.4298489895,89157.4638205584,66337.5578646500,113023.5517976040,94169.1894368741,17198.3415844052,96604.9563825983,80324.1949121191,68951.1447494868,66893.1223772401,119843.0081212232,44604.0258739223,79247.3044891118,64383.8052578449,28692.5732575902,40020.1045252545,74540.6168772449,47625.4328503892,77173.9773935695,48432.8504565382,85881.2210279800,52070.8457475552,105671.6361773778,88992.9036955490,81791.9879138682,57288.3284039362,72464.2434145019,86296.6097461838,56905.8489705039,62657.2678496973,59300.9279162015,86272.5617351337,105903.9150561020,77419.4702684799,84750.5998113012,97615.9130562190,52738.6717439952,47093.2392018161,64154.0068812408,98218.1002050606,88375.5050506618,76145.1451740973,63474.4817095448,81784.7204576912,51316.7297311561,66198.7667271180,73061.1743766675,68471.3583549228,89808.0947642676,41917.4967058547,43996.6449337800,30508.2327893180,48116.0683603943,78310.1556935286,91729.8047433990,98917.0714524590,72735.4320251570,74190.5744862680,92536.6999572236,22776.7690966919,86626.0990551321,1486.9276150015,19409.2666318512,19269.4054193673,83275.9959689837,79578.1586966768,33864.0876159947,57308.6206186516,66683.0844099170,84025.8099498238,64808.9899149525,50789.7063713714,116221.7184501827,47225.2689030337,72066.0453324564,61077.9978843083,59785.0457734785,10282.7768024358,85683.5292993191,74564.3745009961,22047.6812310460,35364.5232073278,68591.2767417658,20647.0874800941,82258.4635630252,52752.3985486968,54432.5000986419,58001.4286787235,67803.7931105470,36902.3536464470,5736.4969429772,73042.0407346638,85271.6609567864,17316.6281890406,65298.2658374226,80885.3360575610,71156.4279903539,42141.4070757192,78701.4399075418,24311.7568107473,47944.7256626688,51679.6454897935,17331.4048207457,42014.5912278922,69579.1312722261,16197.1894209990,31141.4646861372,40855.7307625686
1735,0,0,0,0,0,0,0,0,0,0,0,0,0,0,0,0,0,0,0,0,0,0,0,0,0,0,0,0,0,0,0,0,0,0,0,0,0,0,0,0,0,0,0,0,0,0,0,0,0,0,0,0,0,0,0,0,0,0,0,0,0,0,0,0,0,0,0,0,0,0,0,0,0,0,0,0,0,0,0,0,0,0,0,0,0,0,0,0,0,0,0,0,0,0,0,0,0,0,0,0,0,0,0,0,0,0,0,0,0,0,0,0,0,0,0,0,0,0,0,0,0,0,0,0,0,0,0,0,0,0,0,0,0,0,0,0,0,0,0,0,0,0,0,0,0,0,0,0,0,0,0,0,0,0,0,0,0,0,0,0,0,0,0,0,0,0,0,0,0,0,0,0,0,0,0,0,0,0,0,0,0,0,0,0,0,0,0,0,0,0,0,0,0,0,0,0,0,0,0,0
1736,0,0,0,0,0,0,0,0,0,0,0,0,0,0,0,0,0,0,0,0,0,0,0,0,0,0,0,0,0,0,0,0,0,0,0,0,0,0,0,0,0,0,0,0,0,0,0,0,0,0,0,0,0,0,0,0,0,0,0,0,0,0,0,0,0,0,0,0,0,0,0,0,0,0,0,0,0,0,0,0,0,0,0,0,0,0,0,0,0,0,0,0,0,0,0,0,0,0,0,0,0,0,0,0,0,0,0,0,0,0,0,0,0,0,0,0,0,0,0,0,0,0,0,0,0,0,0,0,0,0,0,0,0,0,0,0,0,0,0,0,0,0,0,0,0,0,0,0,0,0,0,0,0,0,0,0,0,0,0,0,0,0,0,0,0,0,0,0,0,0,0,0,0,0,0,0,0,0,0,0,0,0,0,0,0,0,0,0,0,0,0,0,0,0,0,0,0,0,0,0
1737,0,0,0,0,0,0,0,0,0,0,0,0,0,0,0,0,0,0,0,0,0,0,0,0,0,0,0,0,0,0,0,0,0,0,0,0,0,0,0,0,0,0,0,0,0,0,0,0,0,0,0,0,0,0,0,0,0,0,0,0,0,0,0,0,0,0,0,0,0,0,0,0,0,0,0,0,0,0,0,0,0,0,0,0,0,0,0,0,0,0,0,0,0,0,0,0,0,0,0,0,0,0,0,0,0,0,0,0,0,0,0,0,0,0,0,0,0,0,0,0,0,0,0,0,0,0,0,0,0,0,0,0,0,0,0,0,0,0,0,0,0,0,0,0,0,0,0,0,0,0,0,0,0,0,0,0,0,0,0,0,0,0,0,0,0,0,0,0,0,0,0,0,0,0,0,0,0,0,0,0,0,0,0,0,0,0,0,0,0,0,0,0,0,0,0,0,0,0,0,0
1738,0,0,0,0,0,0,0,0,0,0,0,0,0,0,0,0,0,0,0,0,0,0,0,0,0,0,0,0,0,0,0,0,0,0,0,0,0,0,0,0,0,0,0,0,0,0,0,0,0,0,0,0,0,0,0,0,0,0,0,0,0,0,0,0,0,0,0,0,0,0,0,0,0,0,0,0,0,0,0,0,0,0,0,0,0,0,0,0,0,0,0,0,0,0,0,0,0,0,0,0,0,0,0,0,0,0,0,0,0,0,0,0,0,0,0,0,0,0,0,0,0,0,0,0,0,0,0,0,0,0,0,0,0,0,0,0,0,0,0,0,0,0,0,0,0,0,0,0,0,0,0,0,0,0,0,0,0,0,0,0,0,0,0,0,0,0,0,0,0,0,0,0,0,0,0,0,0,0,0,0,0,0,0,0,0,0,0,0,0,0,0,0,0,0,0,0,0,0,0,0
1739,0,0,0,0,0,0,0,0,0,0,0,0,0,0,0,0,0,0,0,0,0,0,0,0,0,0,0,0,0,0,0,0,0,0,0,0,0,0,0,0,0,0,0,0,0,0,0,0,0,0,0,0,0,0,0,0,0,0,0,0,0,0,0,0,0,0,0,0,0,0,0,0,0,0,0,0,0,0,0,0,0,0,0,0,0,0,0,0,0,0,0,0,0,0,0,0,0,0,0,0,0,0,0,0,0,0,0,0,0,0,0,0,0,0,0,0,0,0,0,0,0,0,0,0,0,0,0,0,0,0,0,0,0,0,0,0,0,0,0,0,0,0,0,0,0,0,0,0,0,0,0,0,0,0,0,0,0,0,0,0,0,0,0,0,0,0,0,0,0,0,0,0,0,0,0,0,0,0,0,0,0,0,0,0,0,0,0,0,0,0,0,0,0,0,0,0,0,0,0,0
1740,0,0,0,0,0,0,0,0,0,0,0,0,0,0,0,0,0,0,0,0,0,0,0,0,0,0,0,0,0,0,0,0,0,0,0,0,0,0,0,0,0,0,0,0,0,0,0,0,0,0,0,0,0,0,0,0,0,0,0,0,0,0,0,0,0,0,0,0,0,0,0,0,0,0,0,0,0,0,0,0,0,0,0,0,0,0,0,0,0,0,0,0,0,0,0,0,0,0,0,0,0,0,0,0,0,0,0,0,0,0,0,0,0,0,0,0,0,0,0,0,0,0,0,0,0,0,0,0,0,0,0,0,0,0,0,0,0,0,0,0,0,0,0,0,0,0,0,0,0,0,0,0,0,0,0,0,0,0,0,0,0,0,0,0,0,0,0,0,0,0,0,0,0,0,0,0,0,0,0,0,0,0,0,0,0,0,0,0,0,0,0,0,0,0,0,0,0,0,0,0
1741,86173.0157888859,47518.6134876197,80599.8379443162,94894.1710745043,24389.6394094552,104503.5931579811,61209.2902957677,51881.9102559767,104920.9615333543,20526.9933680634,62916.3543588019,28123.1405786738,54381.9591986516,49353.0625707911,77803.4434654442,40349.1809955085,81870.1483886081,31380.7428941521,22758.8817359056,83080.0712784693,42353.9882492748,11.9038526808,32918.1026330831,45508.9732180710,59037.6530113643,98509.7535695467,41398.5451196562,71348.6352611553,17513.0753356110,92516.0276048621,67806.0590577751,34476.1590497129,72421.1946061041,79279.2438215658,61525.7971236735,72732.3417508933,60957.1425092876,35424.5820055547,49170.5733813853,32484.5386308642,49052.2394335843,93000.9676259402,20494.2985083956,46441.5318598294,38032.0237407486,35647.7907535820,84944.9185806901,95357.6920341412,11466.5560416682,50939.4267719312,27613.9273386622,53772.7127988584,39889.3309762247,92800.5657042798,62484.7499805114,23595.0320008772,35503.9152720008,30356.2945835663,51016.9488833229,24434.7444628865,72250.0721899342,66851.0832584199,10628.6244423453,87086.4864826687,62157.2223520645,55706.9284403713,30791.9511996809,87702.6008959363,92449.2970889293,93314.0093894921,73003.8327599221,24988.4533750272,61492.0712175387,46775.7587591589,73911.3153079914,40347.1368686857,38378.3536406135,90207.7907336721,26576.5683428462,76463.7117726887,19506.3614618786,102982.6194510297,12504.4306456903,55697.0883783502,46641.7481796546,88811.0927281544,42805.7736953409,84339.3652594610,48100.7912625457,67769.1864910920,75570.1933930169,80675.0602795253,97941.2226828056,53211.7369716446,30661.8142627859,29705.3097933674,67378.1992024902,83583.3045767067,40307.6170559421,42950.0947663603,21294.5456233440,43853.8749393508,43047.4571598314,44799.0197789286,69015.3454420697,32711.4702109419,60566.4717051745,80291.6238556111,26946.1557875629,55153.3587245708,79528.2013551565,68179.4931323024,96200.7035692393,38529.8062043963,28752.1321660283,60547.6181144432,17973.1937516243,38914.1992842719,48457.7342593462,26015.4389721600,37904.5216681402,40134.4216030701,77793.6416539777,13401.9107519335,19812.8873299834,17687.2715406249,35964.0847471060,20461.7265755002,82792.8990081811,69347.6674352433,44251.8445181943,34309.6313112706,5843.9694116569,35813.3565970059,92321.0843409061,8030.4596429931,60961.0950058643,24552.2861989690,96359.0917884201,36779.6680282578,39145.7916820939,63511.3705242588,52574.3802771571,74001.8273136613,52834.5303481783,24636.1393919797,49159.2726173593,16150.6586837323,40180.4195251204,88077.5324130277,26926.0375049572,73131.3969264901,30572.8532756475,89476.3249631524,90343.5520850658,78370.3557382739,56973.8663701587,30249.9498513874,60771.1326261391,32507.3843377688,25898.1581700993,48080.0100473247,80929.1810541310,44007.1868786165,96744.8325579400,42355.5747859591,26153.2039195358,66280.8611670899,54909.5010426570,98995.3228508214,47996.3047614201,16512.6145414121,67528.8316231955,75657.9839389747,55455.3153176363,89009.7962471670,12546.8572988324,88958.7594939560,65744.6731185661,45479.7147737840,70453.7020705011,53045.5550056552,87156.6060171072,61255.7964276374,40930.5578789486,97819.7930021423,28427.1900960676,74227.1508223024,76227.9256680092,85217.4481323365,59013.1152706940,68005.6754101432,58259.0342865338,42083.1392953406,106441.2131799213,67575.7849621735,28428.4437600931,73308.8545100156,60004.5825751430,50658.4836444756
1742,0,0,0,0,0,0,0,0,0,0,0,0,0,0,0,0,0,0,0,0,0,0,0,0,0,0,0,0,0,0,0,0,0,0,0,0,0,0,0,0,0,0,0,0,0,0,0,0,0,0,0,0,0,0,0,0,0,0,0,0,0,0,0,0,0,0,0,0,0,0,0,0,0,0,0,0,0,0,0,0,0,0,0,0,0,0,0,0,0,0,0,0,0,0,0,0,0,0,0,0,0,0,0,0,0,0,0,0,0,0,0,0,0,0,0,0,0,0,0,0,0,0,0,0,0,0,0,0,0,0,0,0,0,0,0,0,0,0,0,0,0,0,0,0,0,0,0,0,0,0,0,0,0,0,0,0,0,0,0,0,0,0,0,0,0,0,0,0,0,0,0,0,0,0,0,0,0,0,0,0,0,0,0,0,0,0,0,0,0,0,0,0,0,0,0,0,0,0,0,0
1743,0,0,0,0,0,0,0,0,0,0,0,0,0,0,0,0,0,0,0,0,0,0,0,0,0,0,0,0,0,0,0,0,0,0,0,0,0,0,0,0,0,0,0,0,0,0,0,0,0,0,0,0,0,0,0,0,0,0,0,0,0,0,0,0,0,0,0,0,0,0,0,0,0,0,0,0,0,0,0,0,0,0,0,0,0,0,0,0,0,0,0,0,0,0,0,0,0,0,0,0,0,0,0,0,0,0,0,0,0,0,0,0,0,0,0,0,0,0,0,0,0,0,0,0,0,0,0,0,0,0,0,0,0,0,0,0,0,0,0,0,0,0,0,0,0,0,0,0,0,0,0,0,0,0,0,0,0,0,0,0,0,0,0,0,0,0,0,0,0,0,0,0,0,0,0,0,0,0,0,0,0,0,0,0,0,0,0,0,0,0,0,0,0,0,0,0,0,0,0,0
1744,94370.4828962213,40973.0806348101,66135.8398836316,113979.3137692232,43214.0101590718,100687.6656391418,40795.5985132872,50770.6542726307,119522.1718215139,4897.9205703819,79610.0926641560,39049.2896611609,64237.6648229195,35219.0193919754,70355.5254845043,23124.4903378541,95164.8490878705,39208.4301953233,18812.9685013315,80869.7293937107,22535.1587660369,21683.7130186648,27462.3127384150,64383.3983555854,50245.6323261089,109817.7889987039,56416.6278874827,81925.8933693769,22376.7567385670,86360.3541212442,64389.4390009392,34893.7223300866,79182.6261763656,95090.7990932559,75316.0315802402,61520.8078085836,79753.9978310110,20470.1557715411,54678.4487217293,12261.7773853258,29088.1695972638,108535.2926830142,34589.9890747239,40202.5671045135,38890.0692617786,26151.4564585426,95766.1868676881,108823.3304736820,11793.6339540941,67909.8806105285,12926.2514674287,33543.6311889484,51157.9176408767,91784.2814337660,50082.4276620309,16233.9016877365,53575.4572565817,45678.5895842672,64210.4012318713,31917.7161921194,86610.0711203764,60213.0487508896,13428.4256109663,93035.5994279573,69525.4964629313,50548.4787923290,11928.4604741326,79323.6449321138,89017.8153387071,102935.1141612796,71866.8236994746,30987.9399340850,72979.0766065532,36389.1934429442,86409.5544934983,45571.9865404130,33580.3465110340,102286.9559924827,28188.9746201148,85213.1743507971,4921.0367006593,100904.3064465720,26100.5671243653,71055.1044336184,55466.3997826914,103320.1879838527,22367.8286740023,80041.1837657383,50418.2341831875,58605.9999277097,70900.7919275384,71203.2050872047,93040.5758753823,71510.5030877346,42561.1900542760,27027.5369745812,85519.9282449356,77349.3344893324,20730.1105478928,60141.9662585820,30209.1253359172,28031.7166100151,33858.8112195692,42986.6211824550,84670.9776129900,22518.2704234928,58336.5843703627,87179.0555280824,12613.3012799638,44400.2291571210,94070.7922199746,77233.9673599759,110770.8757164820,34863.5320406567,19139.0807028000,78381.7455526521,35738.3620462073,29855.4797067282,63680.5828479667,5970.4747572108,46352.0969769502,27157.6965517488,89012.7203286369,7090.2718669792,22652.1100827137,10858.6934702588,15689.9946516750,11429.3094012380,92344.0199072566,56670.1764845432,57064.3167333366,16317.1881105139,15064.9968485728,52100.8244388011,103272.3976430293,20130.3150042907,70648.8377571082,22192.4607471499,108709.4495919744,50592.4921837657,58282.8531897389,53000.6749797080,44365.9484136104,65323.0526654259,60759.3396246139,41360.8400113354,28715.8282665962,15145.9509050772,22756.6702411784,101394.3566172913,8254.2483465822,67000.2732372332,49532.7574900682,87340.0711609975,85559.7182828832,75345.0350857484,74079.1295434426,47514.3310175039,54187.4922119349,30808.2438735519,36128.3396272929,27987.1006882912,93056.7804011129,50964.5445268989,115412.6473861956,44550.5956897056,40227.5503832344,78400.1581902471,66805.1365500850,95593.7939463876,66008.2415388207,16202.0988411901,66926.0427030863,65515.7990449632,69604.0533352431,81762.5374781390,30055.7352724896,98077.0245063006,76303.2730810098,33010.9545562541,83831.9020396631,49807.7040926785,83902.7491920705,76170.9364775228,59205.7246418164,95642.4010178072,21365.9987471683,89810.9895016775,89906.8593525221,92360.1730505341,75164.0663901587,63028.5989286032,66780.4121272078,35061.8839744704,103550.4046956104,74919.1630270952,17159.6208280798,70375.4975486300,55520.0446535788,45730.8815915479
1745,0,0,0,0,0,0,0,0,0,0,0,0,0,0,0,0,0,0,0,0,0,0,0,0,0,0,0,0,0,0,0,0,0,0,0,0,0,0,0,0,0,0,0,0,0,0,0,0,0,0,0,0,0,0,0,0,0,0,0,0,0,0,0,0,0,0,0,0,0,0,0,0,0,0,0,0,0,0,0,0,0,0,0,0,0,0,0,0,0,0,0,0,0,0,0,0,0,0,0,0,0,0,0,0,0,0,0,0,0,0,0,0,0,0,0,0,0,0,0,0,0,0,0,0,0,0,0,0,0,0,0,0,0,0,0,0,0,0,0,0,0,0,0,0,0,0,0,0,0,0,0,0,0,0,0,0,0,0,0,0,0,0,0,0,0,0,0,0,0,0,0,0,0,0,0,0,0,0,0,0,0,0,0,0,0,0,0,0,0,0,0,0,0,0,0,0,0,0,0,0
1746,95438.2177293804,40550.1750356453,65360.8700579293,115612.2072476641,44855.3118905497,100855.1959403591,39154.7294424219,51328.2891320604,120948.7782000898,6311.3784964449,81160.7235021017,40036.1895702101,65466.8440037155,34628.2871798799,70278.6105759272,21774.9850227705,96536.0595399661,40445.0761223473,19136.5959390102,81212.4181968771,21122.5196811040,23315.2349892121,27934.4787167493,66017.6961213957,50132.2986359488,111061.6342587235,57921.3188391203,83159.2545039952,23707.0054210221,86355.6378780547,64688.4379806014,35156.4944200329,80185.1973986408,96592.1514805804,76734.7694803855,61109.7128441016,81382.5564691685,19979.7330585570,55681.6228235222,10613.7700983283,27445.7762095960,110016.0413365955,36127.0740879001,40413.3733526145,39696.1940356594,25646.9904318114,96994.9008848408,110193.3983242641,13126.8896342734,69479.7459464904,12183.7390581391,32008.1898900640,52504.4303612961,92196.6179311751,49594.6865595993,16903.6190574172,55193.0335216621,47217.7873582200,65616.9843163201,33568.9724605688,88045.4238112570,60249.8800241689,15012.2407870653,93956.9344577203,70591.1480435145,50771.4707138226,10888.1011554177,79134.4736004933,89240.3347187539,104082.0892731876,72322.4968976988,31748.3639992238,74279.7125852489,36225.3975773851,87745.9987623568,46610.5413944565,33407.8705132387,103583.0910938433,29201.4631061095,86330.5029952562,6433.1530803716,101214.3527523139,27680.0774828512,72554.1108877989,56665.9839164930,104750.6495025116,20733.4534588745,80212.9921704208,51232.0492289677,58412.1845655486,71068.9006824086,70932.9310137173,93130.5991325550,73125.8989514472,43973.9617280736,27178.3039424990,87125.4056177413,77360.5962651110,19125.7310232309,61726.3204568709,31586.8259178657,27284.3883106347,33262.7303660567,43549.9185657224,86171.5824530937,22618.6584619906,58761.1724482165,88173.5336157922,12538.9439346532,44125.8067054396,95509.3633216791,78385.1275105737,112200.2235522531,35366.3903010887,18821.2070504185,79978.4374913934,37367.3403739862,29923.5832583001,65182.6057845567,3023.3016804249,47573.7633995754,26813.1499947149,90273.2541753488,8736.1062167230,23400.9356444032,11999.3640539208,14169.7285018621,11709.7318685764,93499.9495282914,56122.6082593607,58468.1323086499,14941.6445476843,16684.2467381268,53662.2435849134,104500.7963044073,21756.9668021171,71852.1239195088,23068.9405099584,110015.9509154677,52058.9991600433,59924.6643785653,52698.9657869816,44351.3460148088,65148.5721691860,61886.6690215729,42954.9967826607,27085.1785179289,15992.4765887197,21817.9999605512,102761.5531831512,6957.2895298483,67054.5014799382,51173.6979577794,87672.6232668808,85676.0858518481,75637.0280222297,75650.0755010865,49114.3271001933,54260.0685865248,31534.2629573822,37506.9041327054,26493.1180738631,94364.8483557541,52075.9202273772,117031.5417478939,45397.9547808865,41738.5899498945,79726.4977826466,68140.0680404435,95805.1866579017,67616.6721983237,17472.2620039073,67441.4030993527,65198.3533678157,71048.2842480802,81671.2049407699,31690.8474114288,99198.2570928528,77545.3224411219,32648.1001778092,85218.9989778070,50200.3553962061,84152.0626152691,77643.8949803016,60825.7259538009,95954.0758599212,21846.4370705609,91304.5988627437,91303.6479222086,93362.4268893647,76694.4558459941,63200.5183930266,67924.5673329898,35258.4205665398,103789.7617661012,75969.1678272318,17313.5854333080,70691.4961256139,55771.4768558779,46009.5752116890
1747,0,0,0,0,0,0,0,0,0,0,0,0,0,0,0,0,0,0,0,0,0,0,0,0,0,0,0,0,0,0,0,0,0,0,0,0,0,0,0,0,0,0,0,0,0,0,0,0,0,0,0,0,0,0,0,0,0,0,0,0,0,0,0,0,0,0,0,0,0,0,0,0,0,0,0,0,0,0,0,0,0,0,0,0,0,0,0,0,0,0,0,0,0,0,0,0,0,0,0,0,0,0,0,0,0,0,0,0,0,0,0,0,0,0,0,0,0,0,0,0,0,0,0,0,0,0,0,0,0,0,0,0,0,0,0,0,0,0,0,0,0,0,0,0,0,0,0,0,0,0,0,0,0,0,0,0,0,0,0,0,0,0,0,0,0,0,0,0,0,0,0,0,0,0,0,0,0,0,0,0,0,0,0,0,0,0,0,0,0,0,0,0,0,0,0,0,0,0,0,0
1748,0,0,0,0,0,0,0,0,0,0,0,0,0,0,0,0,0,0,0,0,0,0,0,0,0,0,0,0,0,0,0,0,0,0,0,0,0,0,0,0,0,0,0,0,0,0,0,0,0,0,0,0,0,0,0,0,0,0,0,0,0,0,0,0,0,0,0,0,0,0,0,0,0,0,0,0,0,0,0,0,0,0,0,0,0,0,0,0,0,0,0,0,0,0,0,0,0,0,0,0,0,0,0,0,0,0,0,0,0,0,0,0,0,0,0,0,0,0,0,0,0,0,0,0,0,0,0,0,0,0,0,0,0,0,0,0,0,0,0,0,0,0,0,0,0,0,0,0,0,0,0,0,0,0,0,0,0,0,0,0,0,0,0,0,0,0,0,0,0,0,0,0,0,0,0,0,0,0,0,0,0,0,0,0,0,0,0,0,0,0,0,0,0,0,0,0,0,0,0,0
1749,0,0,0,0,0,0,0,0,0,0,0,0,0,0,0,0,0,0,0,0,0,0,0,0,0,0,0,0,0,0,0,0,0,0,0,0,0,0,0,0,0,0,0,0,0,0,0,0,0,0,0,0,0,0,0,0,0,0,0,0,0,0,0,0,0,0,0,0,0,0,0,0,0,0,0,0,0,0,0,0,0,0,0,0,0,0,0,0,0,0,0,0,0,0,0,0,0,0,0,0,0,0,0,0,0,0,0,0,0,0,0,0,0,0,0,0,0,0,0,0,0,0,0,0,0,0,0,0,0,0,0,0,0,0,0,0,0,0,0,0,0,0,0,0,0,0,0,0,0,0,0,0,0,0,0,0,0,0,0,0,0,0,0,0,0,0,0,0,0,0,0,0,0,0,0,0,0,0,0,0,0,0,0,0,0,0,0,0,0,0,0,0,0,0,0,0,0,0,0,0
1750,84031.4589312781,61047.0256287031,44547.1078872399,119045.6032002360,51941.8477400488,80344.9874685756,38205.0032686999,34967.7005724155,116117.5355357955,18638.4622335432,81179.9693607537,60591.7161286475,58010.5000711615,12450.0440657240,48835.2879435439,36714.6642634312,90859.2627463995,35632.8165798461,41078.9658217553,61967.9393627559,16655.8280495668,37265.5288083920,14316.9279217336,71020.4158831862,28685.3964504753,102368.4643553068,57591.9557939344,74980.3415321952,25261.4474862530,65113.4053045388,45382.8765335357,57096.4141877458,68202.6264437059,94419.7823313544,72899.1919461946,39174.7898334984,85298.1712508206,2984.6505935917,44950.8521429833,22973.5636098041,33297.3999621315,106893.7767182332,39310.0240409198,21344.5530596809,27788.4383961391,46163.4238620937,88318.5711521067,104172.4997090259,32706.5833102577,70765.6394886937,32640.5045548299,26709.4300693173,48486.5427901296,73358.2843305462,27747.3524855232,13728.1436880918,59662.2093960393,48974.1448851675,62038.7672165729,44086.9231651896,84218.9774779812,39354.5776373262,25858.6484186049,80452.5448665141,59966.9835120600,31263.5547554407,12729.7961065962,57367.1309398225,69108.6301290376,93780.3728275639,54146.6731694900,53154.7267377904,67812.3077904385,14787.2170806869,81535.8359178332,37332.1392847909,54785.9917482508,96083.1662767699,23090.1658673478,75969.1004067514,26786.1231742582,81556.9124823765,34021.4477220133,71172.4975022781,49247.5106943677,100338.6898296580,24260.5333124666,59851.3636771490,38071.3587501552,36675.9199399011,50773.3846764391,49044.3199030366,72266.4889003255,76473.0362236232,42490.0843476622,49073.6835913204,89391.7901629314,56219.3397131106,29630.6705271367,64064.4479596398,31552.4354989427,7195.3963994922,53156.0429673369,27897.7812264769,84290.8654804113,10128.8683341710,40679.3112110019,75835.8611624199,10171.5395427554,22270.5029045229,91544.6779461229,68873.4189083127,107600.7276638774,20119.8844763824,40098.4191189190,82027.8685747597,44297.2771920368,10746.1961641526,64287.8074616020,20068.6904138279,41466.7222245934,2818.1976983583,82395.6338274126,25820.8773574312,44873.9732987798,18785.6974969379,17683.3940409871,33652.8462192728,83595.2033716216,34397.8899035952,55302.0580315099,31020.4257921347,32339.3368983966,55624.2116970248,95645.7178294296,31606.6843654136,63563.8281851598,17625.0099213633,102596.3456404925,51088.0137571284,65965.6378658628,30790.5227666887,23454.7901005482,43439.1122597882,52777.0554281520,47326.2754714564,27888.3118801423,37306.8848520220,4448.5518069788,96835.5777320723,26135.4878081341,46177.2750520120,57694.1399881983,68281.5994693490,64976.8629143875,56096.2895338922,76696.9629165860,53126.6797584692,33643.6804306514,20253.6635154700,36218.4431692902,21555.6880101002,87343.1028113329,43454.7266695415,119403.8090065695,33296.2979249936,43243.8298691332,73580.5173874979,62725.4890439625,75564.9152958568,70816.6361194578,21299.2739421896,49941.7377853960,43269.3226674381,68152.0518644384,60145.2817056657,39890.8647610645,88568.3080422779,69746.9143457929,21421.6121096906,80265.2005125356,32192.2818855487,64228.6746120707,75249.2628633142,65077.5375220240,76344.9441911728,11778.3323972789,89041.1805237194,86389.0325959861,81010.6300398128,76158.0238002388,43033.9533159775,58758.9328473198,16554.5835390720,83670.4003332298,64867.2569709145,8281.6933236089,51401.1453189285,36321.8542246893,27179.5978246717
1751,0,0,0,0,0,0,0,0,0,0,0,0,0,0,0,0,0,0,0,0,0,0,0,0,0,0,0,0,0,0,0,0,0,0,0,0,0,0.0000000000,0,0,0,0,0,0,0,0,0,0,0,0,0,0,0,0,0,0,0,0,0,0,0,0,0,0,0,0,0,0,0,0,0,0,0,0,0,0,0,0,0,0,0,0,0,0,0,0,0,0,0,0,0,0,0,0,0,0,0,0,0,0,0,0,0,0,0,0,0,0,0,0,0,0,0,0,0,0,0,0,0,0,0,0,0,0,0,0,0,0,0,0,0,0,0,0,0,0,0,0,0,0,0,0,0,0,0,0,0,0,0,0,0,0,0,0,0,0,0,0,0,0,0,0,0,0,0,0,0,0,0,0,0,0,0,0,0,0,0,0,0,0,0,0,0,0,0,0,0,0,0,0,0,0,0,0,0,0,0,0,0,0
1752,100970.0098027057,35380.3939603110,68206.4843545459,119446.3660843665,48637.7032700348,105816.2291547306,36929.3833427260,56759.1237502848,125978.0729487229,10845.4669830190,85722.7096209665,38645.3475863207,70868.5103520497,38190.4393091482,74855.0849122221,16634.3788404627,101705.0322155629,45839.1681600860,15933.1703925709,86418.4751019722,21688.5720597532,26189.8970533696,33327.2489693349,69876.4885669905,54682.3241523010,116444.4529995612,62711.7237611123,88555.5497577066,28977.1515218500,91044.7862220944,69852.8505111094,31426.8179490467,85740.8039164132,101376.2313870451,81793.3722907833,64990.3744663930,85307.2263539234,24001.9791003314,61236.1230054808,8420.5228403290,24229.7557785916,114875.0559566675,40810.5818126281,45501.9058396953,45253.2900891923,20422.7946961667,102396.4902677351,115363.4449258538,14259.2841086503,73938.8023111075,6791.9025281722,31342.8272875428,57731.5576122778,97476.5885703669,53326.3090955294,22435.3752585562,59289.1057141052,51870.2529891612,70709.9430824164,36901.3262399879,93055.4784597946,65041.8249835637,19583.8804795221,99524.2584693646,76123.1957630675,55855.4216124603,13839.7231469704,83477.7453200570,94287.1519377437,109563.8520253786,77654.5664441984,29614.3499438827,79582.9563579825,40736.5564571859,92986.0592394968,52152.7428556754,28687.9679068734,108891.6019764474,34750.2523761116,91833.6236125177,8386.2459674337,106371.9128891782,32169.4212566426,77357.1659698779,62099.9041146277,109771.3703101151,19021.2202222282,85193.0976771818,56789.2317233810,62783.5469719260,76051.4168312479,75116.3262882936,97975.1269909966,77218.3176567992,49061.9892155239,23262.2361649237,91302.4449798811,82086.5387410650,15421.7399167134,66097.7054829617,36763.5252964075,30500.4505536036,27897.4946969269,48990.2476855196,90962.2430755440,27642.6643285719,64070.5582326021,93731.3670977141,17480.7627877260,48377.1137876118,100508.4615127039,83863.1847840108,117222.9596702362,40769.9628614746,13994.2786094837,84237.4068213918,41381.1375498068,34854.5983343706,69978.1824889737,6135.6396218542,52984.4911267776,31041.6196383907,95634.6534743659,12471.3802028455,21432.9226329359,17474.6581330215,14322.4335984003,8971.4361488614,98974.3254205680,59671.2767118636,63570.4275596397,9930.4023376291,19560.3066806901,58189.3667346551,109902.6599881069,25909.2920812616,77282.1943316268,28636.3351398791,115307.3017947790,56989.9839923384,63653.9985231710,56858.4269932583,49093.6725831871,69544.5078644392,67382.2029683287,47288.7124217330,25279.2237598020,14775.7409421380,24545.7068641681,107938.5101956825,85.5830634668,71865.0714961360,54943.3181617412,92863.4576522889,90567.8831589070,80784.4298093083,80097.1597640993,53387.4395726703,59120.2228369365,37070.7458367267,42677.0825767608,26301.5380188557,99654.4518861017,57581.6176448324,121052.9182354246,50961.6492584833,46522.2515409766,84985.8405282167,73385.4023045675,100832.8304412626,71785.2272178284,22830.9857932006,72830.1567204610,69288.3015554614,76037.5442210697,86205.8290951378,35647.5055797324,104698.9799753947,82931.1511625365,36779.5157502053,90353.9617558095,55484.9141448493,89238.5366256400,82539.5186581066,64884.7782711052,101115.7027698127,27262.4198252213,96120.7092603026,96414.6764103681,98918.4152019391,81361.0875624489,68196.9604319130,73407.9128984596,40342.9868239996,108852.9776973121,81508.4204453532,22453.5095482289,75871.9512509222,60885.3833074466,51171.8082599290
1753,0,0,0,0,0,0,0,0,0,0,0,0,0,0,0,0,0,0,0,0,0,0,0,0,0,0,0,0,0,0,0,0,0,0,0,0,0,0,0,0,0,0,0,0,0,0,0,0,0,0,0,0,0,0,0,0,0,0,0,0,0,0,0,0,0,0,0,0,0,0,0,0,0,0,0,0,0,0,0,0,0,0,0,0,0,0,0,0,0,0,0,0,0,0,0,0,0,0,0,0,0,0,0,0,0,0,0,0,0,0,0,0,0,0,0,0,0,0,0,0,0,0,0,0,0,0,0,0,0,0,0,0,0,0,0,0,0,0,0,0,0,0,0,0,0,0,0,0,0,0,0,0,0,0,0,0,0,0,0,0,0,0,0,0,0,0,0,0,0,0,0,0,0,0,0,0,0,0,0,0,0,0,0,0,0,0,0,0,0,0,0,0,0,0,0,0,0,0,0,0
1754,0,0,0,0,0,0,0,0,0,0,0,0,0,0,0,0,0,0,0,0,0,0,0,0,0,0,0,0,0,0,0,0,0,0,0,0,0,0,0,0,0,0,0,0,0,0,0,0,0,0,0,0,0,0,0,0,0,0,0,0,0,0,0,0,0,0,0,0,0,0,0,0,0,0,0,0,0,0,0,0,0,0,0,0,0,0,0,0,0,0,0,0,0,0,0,0,0,0,0,0,0,0,0,0,0,0,0,0,0,0,0,0,0,0,0,0,0,0,0,0,0,0,0,0,0,0,0,0,0,0,0,0,0,0,0,0,0,0,0,0,0,0,0,0,0,0,0,0,0,0,0,0,0,0,0,0,0,0,0,0,0,0,0,0,0,0,0,0,0,0,0,0,0,0,0,0,0,0,0,0,0,0,0,0,0,0,0,0,0,0,0,0,0,0,0,0,0,0,0,0
1755,65231.4865461847,77683.0098297975,43680.9562144596,108180.3130113292,48339.0601434757,64027.8900243826,56520.5354426353,15563.3699825149,99832.3182539053,32274.5779597279,68993.3696584717,69996.8735243494,41834.1313796874,19864.3686715936,35464.4559396084,55384.6004718236,74549.6160965982,24857.3681021185,54989.0004712173,44074.0896124314,35852.1526263359,42591.3920107896,9810.5457348246,63484.8526770482,17293.1016590105,84383.4843488121,46827.8054946874,57695.5417316188,25421.2516683190,50578.9763359923,27563.6215091871,70884.3677357992,49392.1777842740,80184.5803427174,58343.4924350301,32084.7487191777,75964.1915714725,21422.9465177453,27541.5588046456,41376.5236971040,52688.4356740866,91751.7463541241,34874.4182272310,1.7958367519,12319.8708930673,62752.5890072192,70520.4630306519,87425.9045030048,43742.5859323941,60166.4154761723,49151.5322876777,44647.7664090890,35791.6798212460,55128.7181259021,24509.2650393553,21175.9802975280,52727.9498329967,41159.3928806073,48315.7313582044,44935.4928674235,69216.6617537858,24576.4998797162,32948.1689253690,61172.3891820231,41883.2815840142,13890.4062899396,30922.8265185890,45356.9527824508,52250.5445095527,75259.7621771936,35411.5321659936,64563.1715594983,51762.2868501271,11686.9309383544,65156.4518803688,21964.3219150779,70392.0872773922,78715.8898025472,17253.9018452193,57643.4669344172,41111.1229354458,64082.4323536239,34042.7818951623,58475.0709118461,33772.5695053637,84554.4758631742,43665.0712983793,43407.6566867327,19683.4438382555,25848.9998634484,34311.7300093185,38611.1305608090,56676.9189334636,67166.6152313603,33051.2088066443,63440.8703413467,78552.2459669265,41559.6663207226,48774.6374307983,54864.9140497836,26885.2574589764,22748.8096491907,70246.6377363283,17526.6293215502,70593.8618972513,14902.6009806082,21806.1937331956,56835.3375384501,24947.1208675200,16145.2775450983,76236.1246284697,51075.1151161495,91573.6247324724,1536.7457474038,55936.5922924385,71360.7225196674,41952.0278407385,11084.5370956361,52445.2359972454,36776.4551045638,28110.8592856487,16080.5035903617,65089.4334252571,36961.0038834524,56912.9684175495,28070.3320390507,36880.7521439855,47940.5218165515,65340.0585220489,30779.0768676588,42485.5482097788,49204.8801460687,40331.7105097978,47015.8325926154,77668.6737325064,35402.0421232959,46595.3473637427,17842.9038363741,85175.2541748821,40589.2003145377,59756.3974684721,22875.3158385769,10945.6924761489,31775.3741405255,35858.5255144995,42109.2083811322,47030.9806718082,49658.8712100514,26663.3356246709,80264.3846458953,42993.0190482350,31062.8944927538,52791.9309661277,50533.1073344049,49110.9450511240,38519.3873216522,65532.1607336522,46632.8583722873,18458.2730468473,10662.5213026670,28619.3160359810,40158.5104476192,70374.3380681379,27703.8515446161,107729.1709187029,16213.6166315747,36320.5269837495,57495.6942684339,47636.6629772405,58840.9045244354,61775.7729539593,26229.7510044164,30852.4285798908,34034.8231266853,54518.6726818075,46735.7251558260,39697.9401578245,69982.1289809781,52826.6417373148,14868.7197275393,64679.8750485321,13192.4536805883,47101.4451529592,61586.4318796273,57401.7988060222,58821.0594451011,15661.0450108041,74911.1460508727,70639.3026143413,61966.7225397708,63809.5356678478,26469.9877462148,41490.7793187081,1.7958367519,66753.1034383793,46443.9943456626,19909.8904554358,33555.1143976191,18746.7026510178,14915.1717389489
1756,0,0,0,0,0,0,0,0,0,0,0,0,0,0,0,0,0,0,0,0,0,0,0,0,0,0,0,0,0,0,0,0,0,0,0,0,0,0,0,0,0,0,0,0,0,0,0,0,0,0,0,0,0,0,0,0,0,0,0,0,0,0,0,0,0,0,0,0,0,0,0,0,0,0,0,0,0,0,0,0,0,0,0,0,0,0,0,0,0,0,0,0,0,0,0,0,0,0,0,0,0,0,0,0,0,0,0,0,0,0,0,0,0,0,0,0,0,0,0,0,0,0,0,0,0,0,0,0,0,0,0,0,0,0,0,0,0,0,0,0,0,0,0,0,0,0,0,0,0,0,0,0,0,0,0,0,0,0,0,0,0,0,0,0,0,0,0,0,0,0,0,0,0,0,0,0,0,0,0,0,0,0,0,0,0,0,0,0,0,0,0,0,0,0,0,0,0,0,0,0
1757,0,0,0,0,0,0,0,0,0,0,0,0,0,0,0,0,0,0,0,0,0,0,0.0000000000,0,0,0,0,0,0,0,0,0,0,0,0,0,0,0,0,0,0,0,0,0,0,0,0,0,0,0,0,0,0,0,0,0,0,0,0,0,0,0,0,0,0,0,0,0,0,0,0,0,0,0,0,0,0,0,0,0,0,0,0,0,0,0,0,0,0,0,0,0,0,0,0,0,0,0,0,0,0,0,0,0,0,0,0,0,0,0,0,0,0,0,0,0,0,0,0,0,0,0,0,0,0,0,0,0,0,0,0,0,0,0,0,0,0,0,0,0,0,0,0,0,0,0,0,0,0,0,0,0,0,0,0,0,0,0,0,0,0,0,0,0,0,0,0,0,0,0,0,0,0,0,0,0,0,0,0,0,0,0,0,0,0,0,0,0,0,0,0,0,0,0,0,0,0,0,0,0
1758,0,0,0,0,0,0,0,0,0,0,0,0,0,0,0,0,0,0,0,0,0,0,0,0,0,0,0,0,0,0,0,0,0,0,0,0,0,0,0,0,0,0,0,0,0,0,0,0,0,0,0,0,0,0,0,0,0,0,0,0,0,0,0,0,0,0,0,0,0,0,0,0,0,0,0,0,0,0,0,0,0,0,0,0,0,0,0,0,0,0,0,0,0,0,0,0,0,0,0,0,0,0,0,0,0,0,0,0,0,0,0,0,0,0,0,0,0,0,0,0,0,0,0,0,0,0,0,0,0,0,0,0,0,0,0,0,0,0,0,0,0,0,0,0,0,0,0,0,0,0,0,0,0,0,0,0,0,0,0,0,0,0,0,0,0,0,0,0,0,0,0,0,0,0,0,0,0,0,0,0,0,0,0,0,0,0,0,0,0,0,0,0,0,0,0,0,0,0,0,0
1759,80182.2167417927,58517.3531789628,52637.3019653183,110680.2284719616,42869.2146889843,82978.3402354871,44505.4333120359,33684.2286165714,109797.2931011081,13214.5009135226,73345.6842523108,53509.9994279192,52212.7562584602,21439.9292884397,52987.5996842031,37152.6751853570,84705.5544409089,28394.0183161798,36200.7471816466,63240.1015364454,22399.7114894376,28655.6043425701,10281.5187621689,62243.0392191753,33062.9616986756,97403.0803529738,49622.9202149335,69644.9393433878,16225.5242501360,68821.7836832582,46714.8830368909,52242.1131273301,64535.6563327796,87210.9494630503,66021.6353997387,45526.2005350597,76742.1261592199,10228.9068102169,40374.2081813264,23218.2506250082,37145.0464873754,100011.0172275768,30446.2648517610,22489.5869471569,23365.6465658541,43591.6548651541,83275.9734512942,98205.2056293006,25966.0177959187,62587.0754795469,30010.1895142384,33753.1200652062,41341.3130994557,74257.5894399433,34759.8767183923,4054.3236699365,50878.5982438741,40473.6890048722,54971.1996361633,34991.4986260059,77426.0393212022,42636.1041813928,17358.2861114366,77672.3437283422,55555.0191351813,32835.5736093174,13304.2818945746,62250.6461564823,71306.2298555231,89465.3255170445,54436.2592244126,46898.1821107297,61759.3466865861,19601.2525567291,75507.8336382506,31886.9160035000,51292.2819340859,90617.2771493903,15611.6215203698,71576.8935459217,22073.7310606542,83240.2227319679,24885.1225877526,63598.3722805361,43296.1522601247,93818.6338269978,28173.4830182963,62331.8764727585,34675.8287952951,41641.6797654912,53193.4016450984,54457.9589692985,75376.7160707893,67962.4351548427,34525.5221546058,44579.0033396491,81136.7179501779,59792.4343735573,31470.0502538460,55634.9488378030,22959.1005463176,16882.9510517734,51120.2681165942,25970.4525526698,76944.9215318037,5642.2765672972,40848.3075533151,72404.5865683156,8569.2581396925,27958.2729902220,84839.2666896687,64044.0294457474,101172.7763822747,17684.8365206280,36782.7355141573,73775.9504458184,35193.2269525601,12355.1422958854,56527.4681782633,17808.6336670992,34850.4898988975,12187.1954142034,76995.5734491870,18940.3397233562,38864.4259632604,10642.6010376662,20326.5049111864,28985.5902647954,79047.8977790688,41600.2187332723,48023.3320341805,30649.1613043830,24321.9571148262,47175.3476118102,90715.7625805657,22640.4207159976,58164.8363854488,9319.8079911710,97130.9258094679,43172.0662834327,57046.3114210142,36549.7789736892,26941.4051706069,48253.3177475236,47583.3352861994,38440.0123939855,33109.9083725620,31376.6177076015,15508.0262503315,90800.3287542059,23954.7435881123,49389.6605224083,48689.3198406082,69698.5111311012,67876.6138593973,57665.2702147602,68610.0296858747,44343.3353019548,36567.3452140470,15042.1961293865,28036.8142582788,28112.4525045487,81648.2404281254,37876.5470977596,111234.5184790325,29171.7262517072,34690.4648767341,67467.0282565372,56248.1527888211,77880.8547606729,62294.8209916045,12226.5697613680,49656.1803979848,49010.5687806904,60954.4503928519,64407.1383614386,30751.5478669616,84376.5794315526,64214.9276704362,17566.3257307408,73799.9875897290,32262.8783908022,66198.6214092645,67976.2092925163,56361.4543623538,77979.7349898252,4901.6477660019,81827.5085032474,79953.2377305135,77616.8368524950,68417.8300282840,45320.9912203903,53671.9441606566,17353.6719671453,85843.4003533097,60733.7236002952,630.5388997480,52716.7430122039,37814.8225428007,28039.1627256418
1760,0,0,0,0,0,0,0,0,0,0,0,0,0,0,0,0,0,0,0,0,0,0,0,0,0,0,0,0,0,0,0,0,0,0,0,0,0,0,0,0,0,0,0,0,0,0,0,0,0,0,0,0,0,0,0,0,0,0,0,0,0,0,0,0,0,0,0,0,0,0,0,0,0,0,0,0,0,0,0,0,0,0,0,0,0,0,0,0,0,0,0,0,0,0,0,0,0,0,0,0,0,0,0,0,0,0,0,0,0,0,0,0,0,0,0,0,0,0,0,0,0,0,0,0,0,0,0,0,0,0,0,0,0,0,0,0,0,0,0,0,0,0,0,0,0,0,0,0,0,0,0,0,0,0,0,0,0,0,0,0,0,0,0,0,0,0,0,0,0,0,0,0,0,0,0,0,0,0,0,0,0,0,0,0,0,0,0,0,0,0,0,0,0,0,0,0,0,0,0,0
1761,0,0,0,0,0,0,0,0,0,0,0,0,0,0,0,0,0,0,0,0,0,0,0,0,0,0,0,0,0,0,0,0,0,0,0,0,0,0,0,0,0,0,0,0,0,0,0,0,0,0,0,0,0,0,0,0,0,0,0,0,0,0,0,0,0,0,0,0,0,0,0,0,0,0,0,0,0,0,0,0,0,0,0,0,0,0,0,0,0,0,0,0,0,0,0,0,0,0,0,0,0,0,0,0,0,0,0,0,0,0,0,0,0,0,0,0,0,0,0,0,0,0,0,0,0,0,0,0,0,0,0,0,0,0,0,0,0,0,0,0,0,0,0,0,0,0,0,0,0,0,0,0,0,0,0,0,0,0,0,0,0,0,0,0,0,0,0,0,0,0,0,0,0,0,0,0,0,0,0,0,0,0,0,0,0,0,0,0,0,0,0,0,0,0,0,0,0,0,0,0
1762,103533.2563438431,45622.4990315865,54027.8527095291,131782.2307039530,61540.1748142545,98668.2145469811,21973.4702775423,54993.7408001965,133466.1658950580,19889.7153130766,95814.6189269575,55749.1044726348,76031.3598383093,27481.2821505045,66207.9333525194,18575.5120793874,108450.4671008602,51924.1610748538,32383.0036134205,81357.1009864661,9353.7931595778,41026.6665529873,33116.3199722331,82379.6764223824,46682.4150728178,121169.9031413347,72123.0073200498,93451.3171966230,37205.2677442228,82599.6262967324,64902.3515024260,46490.5502429125,87764.4721554794,110363.6185538518,89500.0154663892,53803.6662737075,97530.0767305757,18030.4867947609,63949.2747302301,9004.4375478272,13445.5874308723,123393.6342214196,51203.7264461513,41281.0148129766,46758.9685882673,31848.6506775624,107049.7190739470,121981.9780959785,30706.3072121484,84541.4452644456,20740.3436239162,14235.5377277570,64790.6454796952,92853.5638208270,42085.1042855792,26266.5481203254,71239.6032122723,62080.7408827702,78377.9158986699,50888.6922716355,100919.2201455007,57826.9940327643,31451.5642764099,100340.8988572270,79114.6449929794,50900.9789421047,11059.6369129458,73584.2910865413,87878.0643634720,113036.6926210108,73964.8972185098,46455.5556612568,85548.1757111188,33617.2681796365,99288.3017767397,55660.4201895265,41469.6922959714,114436.2706727638,39249.9173365911,95157.5115717221,21691.4268351679,100576.8980111330,43547.2129939533,86489.6279199255,67112.2010748051,117422.0084001183,4329.3103334194,78520.9241540121,57638.5220127328,53585.7940819004,69619.4465272719,64762.2994243277,90248.4511950319,89008.0958330975,57294.7391240506,38385.8103282577,102732.7598738719,74012.0618604912,10477.3460525942,77101.3041432449,45014.9693540433,19731.6497973104,37354.8366307871,47806.3601821888,100006.1022388188,25521.3717042366,60600.4786316212,95509.8981306836,18538.8880860715,39407.2276738279,108364.6367924699,87753.7735226641,124807.2910644476,39790.3983283107,28054.3166905927,95447.3485897364,53828.5076747884,30784.8428097382,79246.7814011461,13860.9039030693,58579.7981179504,24037.0620211363,100809.6821800414,26417.3364758872,38464.9287523126,25798.7512350126,4267.1913490778,26053.7029708488,102692.2304028918,47574.8402016839,71322.2874554453,15043.2167915014,34466.9735786236,68753.6747955728,114472.1882920151,38454.2702829056,81971.1113283530,32713.6282919155,120950.2664502478,65847.3939780124,76533.6600193110,47025.2187161565,42436.8689655950,60221.7844574573,71349.1104088368,58713.4858863612,9851.4146554787,31994.0956391932,13678.3356214125,114567.9229860021,15672.8725275433,64520.7841407099,67804.1682604890,87548.4523927095,83242.7875074136,75385.5435641596,90682.4218522250,64890.3490080180,52549.3942337402,38605.5965559455,50665.0451891416,15171.2155721601,105464.2783348218,61680.9548559294,132837.5811696345,52488.7140566599,56334.9812028231,91238.9295161934,79943.1262669230,94186.8598192647,83388.3836852231,31144.7270130610,69904.1837064455,58729.9579245281,84231.1656266533,77100.5013543129,48357.1555823644,107892.8309721110,88032.6131828853,28417.1995087426,97460.1234443337,52179.2509013046,83200.8736566284,91150.7142404949,76880.6712145903,95429.1404349996,28362.8321548144,104994.9501544926,103613.9384149671,100706.7027857690,91061.3678154091,62101.3599855482,77426.7686273068,36586.8418129264,102335.5067331831,84189.0936266139,22538.4025101691,70862.5882164567,55899.9886542875,47082.2394073922
1763,0,0,0,0,0,0,0,0,0,0,0,0,0,0,0,0,0,0,0,0,0,0,0,0,0,0,0,0,0,0,0,0,0,0,0,0,0,0,0,0,0,0,0,0,0,0,0,0,0,0,0,0,0,0,0,0,0,0,0,0,0,0,0,0,0,0,0,0,0,0,0,0,0,0,0,0,0,0,0,0,0,0,0,0,0,0,0,0,0,0,0,0,0,0,0,0,0,0,0,0,0,0,0,0,0,0,0,0,0,0,0,0,0,0,0,0,0,0,0,0,0,0,0,0,0,0,0,0,0,0,0,0,0,0,0,0,0,0,0,0,0,0,0,0,0,0,0,0,0,0,0,0,0,0,0,0,0,0,0,0,0,0,0,0,0,0,0,0,0,0,0,0,0,0,0,0,0,0,0,0,0,0,0,0,0,0,0,0,0,0,0,0,0,0,0,0,0,0,0,0
1764,103773.7163438348,47711.1682327040,51862.8201377820,133425.3939764898,63380.5510790597,97475.8190454562,20360.9146164347,54805.1981827676,134380.5453167628,21856.1857723866,97170.2872808369,58287.1886098418,76736.1411215930,26143.6593580203,64879.0225630015,20404.0677729455,109293.5771253902,52901.3285383093,34920.6610881798,80525.1162894205,5159.1239813002,43196.9868572275,33467.1680073168,84110.4578514881,45575.0984698398,121693.7439863236,73445.3579439313,94058.9309273177,38628.5591572000,81248.4308292768,64157.2403349655,48952.7337860578,87969.2245462936,111531.9311306951,90525.6087649027,52122.2557417149,99193.8904319371,18015.6165795418,64361.4507545283,11546.0174529240,13457.9848813806,124473.5941137937,52761.8721682381,40854.9787776871,47140.4323361831,34135.5728196688,107589.1943063590,122783.4158991690,33104.2481291347,85995.2460945627,23253.4107619217,12194.3751918527,65816.8102630264,92053.6181580769,40464.7491084231,27387.2237652449,72918.9674977658,63554.5931843708,79431.8644272126,52911.1282618300,101940.6554625474,56766.4566695960,33378.7269818940,100331.6870411843,79492.3967057565,50251.2767976435,12458.5493162741,72035.6996673211,86822.0606033310,113390.7002306926,73369.6510613394,48996.7844025694,86334.1853733751,32827.1869773089,100085.9725658481,56245.0941698383,43790.7206412101,115092.1815288290,40156.6105786397,95530.8398467546,24127.8452096815,99583.0342673609,45286.3367052273,87728.1034629518,67837.0373533519,118382.5101050197,2401.2183627649,77452.8083749702,57821.1266246775,52230.8694730738,68621.9968849708,63170.0161240523,88987.3226197675,90623.0396412104,58525.8521287640,40865.7679494287,104272.1006931351,72743.4114532892,12159.0113948594,78631.2652486686,46346.1952827820,18605.3246915401,39435.0855262507,47774.7811390344,101201.1743819059,25800.9632632623,60109.5460138159,95655.2927950427,19672.6884320247,38208.3621170150,109370.5205964772,88231.8124581975,125747.1633567079,39896.1661591261,30519.8581536194,96966.2597541969,55638.9057470094,30579.6791603543,80525.1565896819,16160.9635808726,59438.3491092004,23517.7423095228,101439.3803458553,28618.4085534900,41004.5982387745,27471.9622607840,8014.8051755252,28588.5685434604,103104.2401893343,45773.2531913286,72415.0172961111,17355.5486014269,36681.5601668267,70248.7527063534,114984.7427397767,40375.8661819611,82584.7069385122,33685.8416064152,121609.5869045631,67118.3746468232,78330.4799760882,45608.4028409816,41596.3847142773,58811.7944456171,71902.5046348375,60366.3911609959,9060.5639476448,34508.4565149862,12890.4916750128,115382.9376522272,18209.2456024193,63404.0623003304,69619.7932664054,86658.8116831507,82060.5043205287,74523.6484432974,92119.9396885493,66528.6392247264,51627.6265189375,39105.6606225759,51910.4707239241,10305.1138770260,106176.4579529395,62307.1274528978,134395.8521637917,52814.1707427450,57784.8514114582,92049.7847938515,80833.0793743811,93079.4609428028,84987.9720926273,32683.9491808167,69443.7619382062,57128.5262336563,85341.4339929967,75663.3083878218,50228.9947561189,108216.2713760077,88685.8687864108,27511.0268636686,98378.9895110088,51777.6009718495,82214.6106882381,92302.4918218326,78551.3575826529,94463.0232440042,29036.2911612434,106155.8758255287,104532.9461421825,100839.9099907926,92370.3873929720,61193.0861737465,77960.7229965953,36309.9776815367,101230.0967794768,84502.3804739157,23291.8854161161,70079.2446829038,55205.5106022349,46606.8640248171
1765,0,0,0,0,0,0,0,0,0,0,0,0,0,0,0,0,0,0,0,0,0,0,0,0,0,0,0,0,0,0,0,0,0,0,0,0,0,0,0,0,0,0,0,0,0,0,0,0,0,0,0,0,0,0,0,0,0,0,0,0,0,0,0,0,0,0,0,0,0,0,0,0,0,0,0,0,0,0,0,0,0,0,0,0,0,0,0,0,0,0,0,0,0,0,0,0,0,0,0,0,0,0,0,0,0,0,0,0,0,0,0,0,0,0,0,0,0,0,0,0,0,0,0,0,0,0,0,0,0,0,0,0,0,0,0,0,0,0,0,0,0,0,0,0,0,0,0,0,0,0,0,0,0,0,0,0,0,0,0,0,0,0,0,0,0,0,0,0,0,0,0,0,0,0,0,0,0,0,0,0,0,0,0,0,0,0,0,0,0,0,0,0,0,0,0,0,0,0,0,0
1766,0,0,0,0,0,0,0,0,0,0,0,0,0,0,0,0,0,0,0,0,0,0,0,0,0,0,0,0,0,0,0,0,0,0,0,0,0,0,0,0,0,0,0,0,0,0,0,0,0,0,0,0,0,0,0,0,0,0,0,0,0,0,0,0,0,0,0,0,0,0,0,0,0,0,0,0,0,0,0,0,0,0,0,0,0,0,0,0,0,0,0,0,0,0,0,0,0,0,0,0,0,0,0,0,0,0,0,0,0,0,0,0,0,0,0,0,0,0,0,0,0,0,0,0,0,0,0,0,0,0,0,0,0,0,0,0,0,0,0,0,0,0,0,0,0,0,0,0,0,0,0,0,0,0,0,0,0,0,0,0,0,0,0,0,0,0,0,0,0,0,0,0,0,0,0,0,0,0,0,0,0,0,0,0,0,0,0,0,0,0,0,0,0,0,0,0,0,0,0,0
1767,102847.9799829767,51011.0783099195,48554.0711661599,134481.5668939899,64826.2654385820,94916.0095101839,19839.7557624468,53421.2879802872,134338.0011130437,23704.1655297511,97799.5050181594,61321.5596414933,76457.0064711938,23572.0664796911,62209.6689509984,23611.6713274401,109167.5925605010,53057.5143431281,38091.8592177165,78351.3803871611,2618.6657484372,45273.2678012923,32878.8771284862,85344.8380768516,43163.3993712583,121124.0591731639,74054.1495117538,93624.7026837994,39496.4937722502,78544.4125696511,62100.2218625965,52269.3302043208,87014.0624111205,111869.3275268861,90675.6792332250,49144.3394422674,100304.5035937829,17199.1389174238,63714.6375347184,14692.3669478233,15355.7235012274,124673.3418999549,53776.7728459538,39235.8516755176,46508.0889560836,37489.6087688105,107050.7114264606,122589.7952529913,35681.5805457349,86786.4494863393,26509.9921452616,8640.1529481995,66007.1854451712,89904.5510834603,37556.8218925479,27911.8253384087,74083.6671414872,64412.1102466070,79637.2757805067,54692.3483932538,102072.9816221830,54379.8714952772,35065.6769243592,99095.1444374403,78772.0485845791,48333.0924114259,13735.7124092937,69156.8011439777,84406.1473523487,112603.5928588121,71467.5524739669,52121.1000127669,86152.5336863518,30823.5071285150,99905.0192985596,55849.4684162903,47146.3634298889,114704.3943367778,40271.4768710483,94784.5493526553,26829.1718924370,97223.0005959226,46611.7587587718,88191.6161754037,67601.9480753771,118414.8990821955,7475.3214637678,75032.0873944553,56893.2176727228,49552.5171718695,66284.4160993532,60259.0196493929,86364.9289723784,91662.5247993311,59030.7270994010,44166.6259728483,105179.3546399193,70125.2385673144,15341.0767320567,79550.1803002002,47039.4448542686,16363.8928505491,42734.3621590083,46609.2985376506,101586.4798529724,25205.9271812236,58350.5627021604,94616.3130633046,20346.0473050704,35722.7546614437,109474.2323429873,87631.3769231487,125745.5538791975,38943.1493323179,33833.4075890124,97847.4854265207,57050.3532707177,29303.3901636509,81057.3341768944,18640.7264032790,59408.1220239604,21935.1633219456,101027.4471025338,30809.3909699761,44064.4139070745,28801.5660894137,8505.8215987630,31614.9862756968,102401.1658971369,42702.8915687671,72687.8184120167,20711.1987910545,38862.4040037005,71126.2174762904,114404.6733247443,42019.8428800661,82172.8669896706,33938.0155071727,121221.9140257044,67662.1399159755,79681.1569931807,42881.5523380597,39490.1269828684,56071.3901123437,71427.2555153396,61511.1503308921,9108.0922631716,37421.6219776350,11261.7063820104,115213.2008617607,21266.5589970605,60948.7632799127,71013.7217811190,84417.4463584240,79520.2006614445,72323.9193089660,92879.2966384331,67637.8244347000,49400.4947676558,38672.8862875279,52456.2773692385,6337.3382648435,105872.3481046089,61950.5864908873,135314.9862369462,52086.4869941405,58619.1289124532,91895.5469128114,80803.6988975920,90606.9784878946,86008.9205934569,33765.1738019030,67702.8872854138,54214.7545038680,85619.9048423469,72882.5797550311,51756.6403739027,107393.5425799063,88319.5667982225,25413.5624347154,98368.9843831457,50145.3374474991,79874.7463965875,92633.1166509600,79694.2389569059,92135.0476334915,28923.7669288002,106486.6726836183,104517.3805578246,99780.6044678910,92933.9753127674,58961.6063401855,77449.0193316539,34898.6295696247,98755.0797901073,83691.0730379296,23370.8803965700,67970.8802025936,53223.2072571372,44904.2815363945
1768,105949.6515351810,45554.4195143373,54019.6066315108,134482.3592114857,64194.5171593611,100011.1845957264,20810.9967428385,57161.5123172957,136130.8459564247,22519.6940852804,98536.4468782640,57375.1053332889,78634.3948393964,28674.4292815056,67405.2997668335,18103.1011887092,111096.4963176268,54597.3051184466,33794.0696568487,83044.2881350749,9842.3039633706,43504.4510321056,35568.6749185684,85063.4793112561,48111.9747475778,123712.0150044547,74843.5647122712,96022.9424614430,39927.4189839876,83771.2154468012,66662.8589584330,47391.3455314566,90161.7470401215,113072.5927444956,92186.4261664204,54574.6212415741,100227.4775383075,20274.1361504832,66440.0771396506,10716.9839396908,13572.7754131214,126090.6427466881,53918.9197692907,43284.1259335660,49231.9184236730,32230.3699966531,109597.0662737024,124617.2275028102,32910.8408059347,87262.4421821795,21963.6237501463,12414.7854492466,67475.4208099791,94569.1331272840,42940.0623321154,28959.7150867835,73935.5685666189,64801.3006511250,81068.8518339343,53464.2951108446,103605.3664307373,59302.5171295074,34084.4307779999,102623.7978721388,81592.7239782455,52737.6332533921,13775.2427040591,74523.0264867485,89358.4358478514,115507.1287414965,75847.7107485784,47934.5803178169,88176.9679897403,35334.2266383757,101921.3912863821,58218.6053835958,41923.1681553463,117026.0635557148,41903.5932996782,97635.2852512463,23839.9248637583,102117.1168970282,46234.3657102403,89205.1524844613,69720.5125645086,120096.5083795394,86.0640658283,79989.3884143593,60019.8034572566,54755.2945188411,71155.6463856690,65647.2059498471,91518.8132125974,91714.1405330972,60008.4301041545,39375.5478486025,105447.7095170937,75274.8211728877,9830.8315548477,79817.7666228847,47735.1016096311,21140.5763845528,37279.2227425692,50067.6676548849,102717.8284303796,27933.3191229487,62561.1342078508,97877.4537143893,21228.7202268941,40744.8474532340,111048.0915837893,90275.3652058140,127477.5253653647,42125.2027998724,29003.5475420780,98164.2786703016,56494.0966442722,32931.3473684154,81965.1208004347,16271.7425634807,61225.5778447290,25961.4735291718,103389.6570396592,28885.6252884439,40080.3253552090,28504.6271978011,9329.5075264513,27771.9825970044,105187.4868194193,48181.2170300735,74019.2632231476,15566.4421132832,36911.0346439185,71472.9416498193,117009.5392419102,41085.0084291637,84543.8334157562,35380.4297251913,123541.5269664259,68564.8379489756,79199.9707767047,48125.5462365009,44112.9653495986,61328.1157624801,73898.3886996695,61415.4547377005,6667.2336788930,33849.5079035551,15377.9237350697,117206.6427527347,17428.1029500411,65941.1528697238,70465.6948420287,89184.6731096737,84596.4385859028,77046.0662775661,93403.9004690468,67594.1650877513,54154.6900375506,41125.3258952521,53379.6020960244,11925.2768989623,108072.0385896970,64255.3750492365,135550.0156289862,54938.1326597795,59056.5285487370,93875.2094402902,82599.3741743521,95616.5578918204,86096.8665444769,33863.5751148056,71888.6775940854,59604.3101406303,86931.5675811924,78173.6397170163,51003.4284958892,110349.0105369375,90619.7417638557,30032.0542374146,100124.4700998950,54203.0196832621,84747.9719851500,93857.1372734233,79577.8901358107,96995.3885875110,30940.9213460783,107702.9160415482,106278.6212707247,103068.2865549449,93781.6176555791,63719.5874033650,79969.3971215875,38690.5383694506,103767.1939415425,86638.5152927383,25137.3220141126,72591.2368596235,57701.3229442810,49051.4978872663
1769,0,0,0,0,0,0,0,0,0,0,0,0,0,0,0,0,0,0,0,0,0,0,0,0,0,0,0,0,0,0,0,0,0,0,0,0,0,0,0,0,0,0,0,0,0,0,0,0,0,0,0,0,0,0,0,0,0,0,0,0,0,0,0,0,0,0,0,0,0,0,0,0,0,0,0,0,0,0,0,0,0,0,0,0,0,0,0,0,0,0,0,0,0,0,0,0,0,0,0,0,0,0,0,0,0,0,0,0,0,0,0,0,0,0,0,0,0,0,0,0,0,0,0,0,0,0,0,0,0,0,0,0,0,0,0,0,0,0,0,0,0,0,0,0,0,0,0,0,0,0,0,0,0,0,0,0,0,0,0,0,0,0,0,0,0,0,0,0,0,0,0,0,0,0,0,0,0,0,0,0,0,0,0,0,0,0,0,0,0,0,0,0,0,0,0,0,0,0,0,0
1770,0,0,0,0,0,0,0,0,0,0,0,0,0,0,0,0,0,0,0,0,0,0,0,0,0,0,0,0,0,0,0,0,0,0,0,0,0,0,0,0,0,0,0,0,0,0,0,0,0,0,0,0,0,0,0,0,0,0,0,0,0,0,0,0,0,0,0,0,0,0,0,0,0,0,0,0,0,0,0,0,0,0,0,0,0,0,0.0000000000,0,0,0,0,0,0,0,0,0,0,0,0,0,0,0,0,0,0,0,0,0,0,0,0,0,0,0,0,0,0,0,0,0,0,0,0,0,0,0,0,0,0,0,0,0,0,0,0,0,0,0,0,0,0,0,0,0,0,0,0,0,0,0,0,0,0,0,0,0,0,0,0,0,0,0,0,0,0,0,0,0,0,0,0,0,0,0,0,0,0,0,0,0,0,0,0,0,0,0,0,0,0,0,0,0,0,0,0,0,0,0,0,0
1771,0,0,0,0,0,0,0,0,0,0,0,0,0,0,0,0,0,0,0,0,0,0,0,0,0,0,0,0,0,0,0,0,0,0,0,0,0,0,0,0,0,0,0,0,0,0,0,0,0,0,0,0,0,0,0,0,0,0,0,0,0,0,0,0,0,0,0,0,0,0,0,0,0,0,0,0,0,0,0,0,0,0,0,0,0,0,0,0,0,0,0,0,0,0,0,0,0,0,0,0,0,0,0,0,0,0,0,0,0,0,0,0,0,0,0,0,0,0,0,0,0,0,0,0,0,0,0,0,0,0,0,0,0,0,0,0,0,0,0,0,0,0,0,0,0,0,0,0,0,0,0,0,0,0,0,0,0,0,0,0,0,0,0,0,0,0,0,0,0,0,0,0,0,0,0,0,0,0,0,0,0,0,0,0,0,0,0,0,0,0,0,0,0,0,0,0,0,0,0,0
1772,0,0,0,0,0,0,0,0,0,0,0,0,0,0,0,0,0,0,0,0,0,0,0,0,0,0,0,0,0,0,0,0,0,0,0,0,0,0,0,0,0,0,0,0,0,0,0,0,0,0,0,0,0,0,0,0,0,0,0,0,0,0,0,0,0,0,0,0,0,0,0,0,0,0,0,0,0,0,0,0,0,0,0,0,0,0,0,0,0,0,0,0,0,0,0,0,0,0,0,0,0,0,0,0,0,0,0,0,0,0,0,0,0,0,0,0,0,0,0,0,0,0,0,0,0,0,0,0,0,0,0,0,0,0,0,0,0,0,0,0,0,0,0,0,0,0,0,0,0,0,0,0,0,0,0,0,0,0,0,0,0,0,0,0,0,0,0,0,0,0,0,0,0,0,0,0,0,0,0,0,0,0,0,0,0,0,0,0,0,0,0,0,0,0,0,0,0,0,0,0
1773,0,0,0,0,0,0,0,0,0,0,0,0,0,0,0,0,0,0,0,0,0,0,0,0,0,0,0,0,0,0,0,0,0,0,0,0,0,0,0,0,0,0,0,0,0,0,0,0,0,0,0,0,0,0,0,0,0,0,0,0,0,0,0,0,0,0,0,0,0,0,0,0,0,0,0,0,0,0,0,0,0,0,0,0,0,0,0,0,0,0,0,0,0,0,0,0,0,0,0,0,0,0,0,0,0,0,0,0,0,0,0,0,0,0,0,0,0,0,0,0,0,0,0,0,0,0,0,0,0,0,0,0,0,0,0,0,0,0,0,0,0,0,0,0,0,0,0,0,0,0,0,0,0,0,0,0,0,0,0,0,0,0,0,0,0,0,0,0,0,0,0,0,0,0,0,0,0,0,0,0,0,0,0,0,0,0,0,0,0,0,0,0,0,0,0,0,0,0,0,0
1774,0,0,0,0,0,0,0,0,0,0,0,0,0,0,0,0,0,0,0,0,0,0,0,0,0,0,0,0,0,0,0,0,0,0,0,0,0,0,0,0,0,0,0,0,0,0,0,0,0,0,0,0,0,0,0,0,0,0,0,0,0,0,0,0,0,0,0,0,0,0,0,0,0,0,0,0,0,0,0,0,0,0,0,0,0,0,0,0,0,0,0,0,0,0,0,0,0,0,0,0,0,0,0,0,0,0,0,0,0,0,0,0,0,0,0,0,0,0,0,0,0,0,0,0,0,0,0,0,0,0,0,0,0,0,0,0,0,0,0,0,0,0,0,0,0,0,0,0,0,0,0,0,0,0,0,0,0,0,0,0,0,0,0,0,0,0,0,0,0,0,0,0,0,0,0,0,0,0,0,0,0,0,0,0,0,0,0,0,0,0,0,0,0,0,0,0,0,0,0,0
1775,110784.4427778244,46069.0153984148,54257.0407803328,139937.3784264015,69583.6562556271,102743.0849105675,11392.4381194664,61567.9813033586,141467.6609500780,27897.1674852296,104010.8058897049,61004.7184319343,83851.4204022746,31525.1288891768,69935.2900578574,18536.6415011782,116395.5025690113,59962.3677627540,37201.9798293316,86478.7104818837,10190.2873939648,48627.6322632035,40548.3754011274,90495.5412313430,51179.5488306520,128794.4536020793,80312.9536475051,101171.6751022133,45404.7692522810,86200.3752399849,70276.0098866451,49752.6257112573,94966.8168915802,118510.2275978021,97573.5437591250,56344.2200617898,105679.1245314987,25008.1032397501,71443.6765289409,15172.1625641372,7842.9525946418,131499.6927513070,59394.4322414170,47434.6342885126,54220.5691778123,33810.9093025664,114693.2198115271,129892.0974741675,37633.2450546996,92741.9782138050,25270.3093974386,7064.6695312939,72861.7748239028,98039.4048006313,44966.9335143230,34373.9252042517,79386.0400917376,70280.7974622319,86466.8090869120,58733.3229064583,108991.0695342118,62398.5695586950,39453.0801102389,107196.1990443059,86561.3775817371,56540.6492801016,19238.3389006687,76524.0246375896,92378.4557250697,120446.5069877996,79673.6622585766,51345.2832309164,93443.6737537188,39025.8382618352,107194.5320326282,63357.9020509154,43495.2889822141,122207.3733656682,47235.9824251104,102595.6082050445,28541.3739684484,105233.1752374960,51674.8703229523,94659.8256516645,74951.1757034137,125455.6463835642,6626.2338287205,83006.2684673130,64821.6790344035,57290.7574843567,74326.5371169367,67577.9744269597,94123.8034061494,97178.0537895282,65459.5053220340,41975.0886321857,110922.5751237231,77905.0247710024,10877.3979805641,85294.3241348188,53203.6533910373,24537.6064126174,37886.0520807716,54664.7360004689,108162.4959508071,32872.8887609322,66565.1081128852,102619.5158433569,26642.7712885956,43698.2502321179,116427.3983212127,95325.7825142591,132826.9194182396,46877.4599982833,31681.8147218770,103641.2208383155,61901.7495328875,37393.5151314800,87427.6066027330,21403.7487027024,66533.7706387057,30113.6350203716,108553.4991614600,34025.4096846501,43781.9519717305,33971.3775053251,12204.0192435734,31765.3666379888,110179.9441280076,49680.3089141231,79431.1049416374,18008.4076733406,41993.3119162808,76951.8519753911,122083.6882905572,46445.9837835124,89698.2613130486,40741.6874046163,128724.8459290039,74025.1378300383,84605.6427846152,50572.9136367004,47663.0843663469,63708.1147723458,79010.8161026100,66874.7792035075,97.2998853364,38003.9716785077,19419.8822210969,122489.5925225775,21671.2771400174,68906.1376360094,75864.9549188284,92508.8368615980,87379.2055545072,80441.4455180378,98883.2908398859,73055.6936520541,57518.7948371112,46212.4043948583,58833.1798648168,10483.3498793618,113291.8333940323,69422.0719238967,141021.8160682032,59874.9861221991,64535.8687435421,99156.2468068246,87923.6734437816,98526.0969046959,91564.0724882300,39342.3661016364,75917.2246610832,61544.3447901387,92350.1105879660,80425.7185803567,56383.3949632427,115261.4691935998,95801.2369919553,33603.3697250096,105463.4054532000,58349.0145594148,87907.0820428071,99289.2485435121,85029.9034793417,100170.0890502047,36150.1382891601,113138.2450474282,111617.6582727366,107795.7405241188,99249.7814744436,67070.6037195298,85065.8479651148,43044.3960601473,106667.6342693505,91548.0633152300,30394.7528233584,76128.1500141852,61419.6426661214,53114.8346420816
1776,0,0,0,0,0,0,0,0,0,0,0,0,0,0,0,0,0,0,0,0,0,0,0,0,0,0,0,0,0,0,0,0,0,0,0,0,0,0,0,0,0,0,0,0,0,0,0,0,0,0,0,0,0,0,0,0,0,0,0,0,0,0,0,0,0,0,0,0,0,0,0,0,0,0,0,0,0,0,0,0,0,0,0,0,0,0,0,0,0,0,0,0,0,0,0,0,0,0,0,0,0,0,0,0,0,0,0,0,0,0,0,0,0,0,0,0,0,0,0,0,0,0,0,0,0,0,0,0,0,0,0,0,0,0,0,0,0,0,0,0,0,0,0,0,0,0,0,0,0,0,0,0,0,0,0,0,0,0,0,0,0,0,0,0,0,0,0,0,0,0,0,0,0,0,0,0,0,0,0,0,0,0,0,0,0,0,0,0,0,0,0,0,0,0,0,0,0,0,0,0
1777,111928.5048740897,52791.5001896624,48840.5194023843,144753.5691768657,74919.6622626572,99944.2183490449,19743.3044104301,61948.3530953893,144339.4613616888,33457.7996566707,108092.7730212889,68277.3228724386,86318.2514496306,29845.2911145410,67036.8632468403,25523.2960217324,119119.9357402335,63231.3247492522,44504.0628480061,84837.9144421610,12534.1161588721,54752.2463685261,42625.7222595611,95553.2362774433,49291.6161242374,130643.9595151542,84347.3974651346,103319.7404212250,49788.7640080271,83054.3481103790,69050.1577188822,57069.4741164361,96084.2350982492,122085.5649028663,100815.2884292185,52584.5972318325,110559.2797958504,26979.7231713071,73244.2886102937,21999.2276341882,12521.7627360199,134825.2707683046,64048.1143547699,47482.5088524366,56122.4182971594,41003.5502821008,116620.0376453868,132480.3083492467,44299.0379304195,97089.4076575560,32570.6819083687,2748.1715571339,76182.8156099205,96401.3129892785,41715.3918091067,38210.3743372601,84316.8773775720,74710.5837395455,89810.1102067749,64513.5622141035,112197.5715639244,60404.1778591716,44969.7525112718,107684.9316586429,88175.3292626129,55795.5708122163,23847.6703483959,72874.1940442977,90049.1002196345,121862.7186741232,78754.9650509615,58657.3043771216,96080.7150741937,38421.8550643068,109821.1363436379,65653.2844994195,50652.4173254914,124424.0890975650,50448.3857996838,104123.5445240474,35224.0659142481,102996.3873343054,56766.0833869508,98453.9877843482,77513.1585323757,128473.3147468603,11474.1140865751,80722.8560343295,66105.4649438877,54530.3851783752,72340.0029294114,63905.9533359756,91181.1795818169,101935.2610739384,69310.9432772231,49320.3231915348,115475.7668291533,75087.4633206378,18178.7167610172,89843.4966456818,57342.2477746976,24107.3383325203,44704.0840371483,55550.3256385819,111822.3672331212,35025.2050152246,66080.9350175191,103543.0548275326,30645.6019934691,41780.8788406844,119579.6201539708,97158.0398733396,135778.6847370529,48245.2463136704,39034.0015858310,108146.1342767213,67162.2669340152,38299.7353787773,91336.9458384160,27587.0236385604,69475.1961720673,30656.8305285152,110736.1023438790,40148.4705282979,51024.7136484818,38937.3932319331,17617.3377913656,38891.7217362931,111782.7109111076,45681.5973047019,82893.5202352878,25361.1612660004,48200.3628316111,81423.4866633968,123919.1509999315,51962.5165907210,91905.8161682799,44177.6180734480,130936.6142188289,77946.8449705595,89833.1295845601,47786.5624197958,46617.1343801689,60660.1319222817,81117.7036599691,71748.1135768624,8879.4283118625,45067.4941837377,20499.0774982523,125127.5537313250,28653.2914216148,66647.2619922382,81139.8475265233,90655.7154557409,84723.2152868618,78772.5791042643,103182.2491115849,77887.8744323418,56008.9738502176,48513.9341286895,62745.6776721761,9930.5005158966,115678.6412381566,71772.6154477991,145611.1786736369,61569.7768408558,68918.8719451458,101839.3309438906,90845.7745834730,96003.0723036182,96285.1982010865,44007.5351711858,75403.8736534199,57940.2404717811,95821.3252498065,77075.6026336822,61791.3841381085,116611.7983296442,98087.0489325420,32973.3844428264,108410.2994230860,58227.3395362880,85814.9595225966,102852.1951140238,89936.0196426353,98044.4649830761,39031.4677918044,116701.7206264579,114551.3289002685,108664.5324943635,103217.5727507042,65433.8307226498,87090.3302561782,43587.6494836728,104099.4773958885,92967.8967622375,33587.0461914431,74725.5646202675,60464.2209747612,52901.2494722296
1778,0,0,0,0,0,0,0,0,0,0,0,0,0,0,0,0,0,0,0,0,0,0,0,0,0,0,0,0,0,0,0,0,0,0,0,0,0,0,0,0,0,0,0,0,0,0,0,0,0,0,0,0,0,0,0,0,0,0,0,0,0,0,0,0,0,0,0,0,0,0,0,0,0,0,0,0,0,0,0,0,0,0,0,0,0,0,0,0,0,0,0,0,0,0,0,0,0,0,0,0,0,0,0,0,0,0,0,0,0,0,0,0,0,0,0,0,0,0,0,0,0,0,0,0,0,0,0,0,0,0,0,0,0,0,0,0,0,0,0,0,0,0,0,0,0,0,0,0,0,0,0,0,0,0,0,0,0,0,0,0,0,0,0,0,0,0,0,0,0,0,0,0,0,0,0,0,0,0,0,0,0,0,0,0,0,0,0,0,0,0,0,0,0,0,0,0,0,0,0,0
1779,0,0,0,0,0,0,0,0,0,0,0,0,0,0,0,0,0,0,0,0,0,0,0,0,0,0,0,0,0,0,0,0,0,0,0,0,0,0,0,0,0,0,0,0,0,0,0,0,0,0,0,0,0,0,0,0,0,0,0,0,0,0,0,0,0,0,0,0,0,0,0,0,0,0,0,0,0,0,0,0,0,0,0,0,0,0,0,0,0,0,0,0,0,0,0,0,0,0,0,0,0,0,0,0,0,0,0,0,0,0,0,0,0,0,0,0,0,0,0,0,0,0,0,0,0,0,0,0,0,0,0,0,0,0,0,0,0,0,0,0,0,0,0,0,0,0,0,0,0,0,0,0,0,0,0,0,0,0,0,0,0,0,0,0,0,0,0,0,0,0,0,0,0,0,0,0,0,0,0,0,0,0,0,0,0,0,0,0,0,0,0,0,0,0,0,0,0,0,0,0
1780,0,0,0,0,0,0,0,0,0,0,0,0,0,0,0,0,0,0,0,0,0,0,0,0,0,0,0,0,0,0,0,0,0,0,0,0,0,0,0,0,0,0,0,0,0,0,0,0,0,0,0,0,0,0,0,0,0,0,0,0,0,0,0,0,0,0,0,0,0,0,0,0,0,0,0,0,0,0,0,0,0,0,0,0,0,0,0,0,0,0,0,0,0,0,0,0,0,0,0,0,0,0,0,0,0,0,0,0,0,0,0,0,0,0,0,0,0,0,0,0,0,0,0,0,0,0,0,0,0,0,0,0,0,0,0,0,0,0,0,0,0,0,0,0,0,0,0,0,0,0,0,0,0,0,0,0,0,0,0,0,0,0,0,0,0,0,0,0,0,0,0,0,0,0,0,0,0,0,0,0,0,0,0,0,0,0,0,0,0,0,0,0,0,0,0,0,0,0,0,0
1781,0,0,0,0,0,0,0,0,0,0,0,0,0,0,0,0,0,0,0,0,0,0,0,0,0,0,0,0,0,0,0,0,0,0,0,0,0,0,0,0,0,0,0,0,0,0,0,0,0,0,0,0,0,0,0,0,0,0,0,0,0,0,0,0,0,0,0,0,0,0,0,0,0,0,0,0,0,0,0,0,0,0,0,0,0,0,0,0,0,0,0,0,0,0,0,0,0,0,0,0,0,0,0,0,0,0,0,0,0,0,0,0,0,0,0,0,0,0,0,0,0,0,0,0,0,0,0,0,0,0,0,0,0,0,0,0,0,0,0,0,0,0,0,0,0,0,0,0,0,0,0,0,0,0,0,0,0,0,0,0,0,0,0,0,0,0,0,0,0,0,0,0,0,0,0,0,0,0,0,0,0,0,0,0,0,0,0,0,0,0,0,0,0,0,0,0,0,0,0,0
1782,0,0,0,0,0,0,0,0,0,0,0,0,0,0,0,0,0,0,0,0,0,0,0,0,0,0,0,0,0,0,0,0,0,0,0,0,0,0,0,0,0,0,0,0,0,0,0,0,0,0,0,0,0,0,0,0,0,0,0,0,0,0,0,0,0,0,0,0,0,0,0,0,0,0,0,0,0,0,0,0,0,0,0,0,0,0,0,0,0,0,0,0,0,0,0,0,0,0,0,0,0,0,0,0,0,0,0,0,0,0,0,0,0,0,0,0,0,0,0,0,0,0,0,0,0,0,0,0,0,0,0,0,0,0,0,0,0,0,0,0,0,0,0,0,0,0,0,0,0,0,0,0,0,0,0,0,0,0,0,0,0,0,0,0,0,0,0,0,0,0,0,0,0,0,0,0,0,0,0,0,0,0,0,0,0,0,0,0,0,0,0,0,0,0,0,0,0,0,0,0
1783,0,0,0,0,0,0,0,0,0,0,0,0,0,0,0,0,0,0,0,0,0,0,0,0,0,0,0,0,0,0,0,0,0,0,0,0,0,0,0,0,0,0,0,0,0,0,0,0,0,0,0,0,0,0,0,0,0,0,0,0,0,0,0,0,0,0,0,0,0,0,0,0,0,0,0,0,0,0,0,0,0,0,0,0,0,0,0,0,0,0,0,0,0,0,0,0,0,0,0,0,0,0,0,0,0,0,0,0,0,0,0,0,0,0,0,0,0,0,0,0,0,0,0,0,0,0,0,0,0,0,0,0,0,0,0,0,0,0,0,0,0,0,0,0,0,0,0,0,0,0,0,0,0,0,0,0,0,0,0,0,0,0,0,0,0,0,0,0,0,0,0,0,0,0,0,0,0,0,0,0,0,0,0,0,0,0,0,0,0,0,0,0,0,0,0,0,0,0,0,0
1784,0,0,0,0,0,0,0,0,0,0,0,0,0,0,0,0,0,0,0,0,0,0,0,0,0,0,0,0,0,0,0,0,0,0,0,0,0,0,0,0,0,0,0,0,0,0,0,0,0,0,0,0,0,0,0,0,0,0,0,0,0,0,0,0,0,0,0,0,0,0,0,0,0,0,0,0,0,0,0,0,0,0,0,0,0,0,0,0,0,0,0,0,0,0,0,0,0,0,0,0,0,0,0,0,0,0,0,0,0,0,0,0,0,0,0,0,0,0,0,0,0,0,0,0,0,0,0,0,0,0,0,0,0,0,0,0,0,0,0,0,0,0,0,0,0,0,0,0,0,0,0,0,0,0,0,0,0,0,0,0,0,0,0,0,0,0,0,0,0,0,0,0,0,0,0,0,0,0,0,0,0,0,0,0,0,0,0,0,0,0,0,0,0,0,0,0,0,0,0,0
1785,0,0,0,0,0,0,0,0,0,0,0,0,0,0,0,0,0,0,0,0,0,0,0,0,0,0,0,0,0,0,0,0,0,0,0,0,0,0,0,0,0,0,0,0,0,0,0,0,0,0,0,0,0,0,0,0,0,0,0,0,0,0,0,0,0,0,0,0,0,0,0,0,0,0,0,0,0,0,0,0,0,0,0,0,0,0,0,0,0,0,0,0,0,0,0,0,0,0,0,0,0,0,0,0,0,0,0,0,0,0,0,0,0,0,0,0,0,0,0,0,0,0,0,0,0,0,0,0,0,0,0,0,0,0,0,0,0,0,0,0,0,0,0,0,0,0,0,0,0,0,0,0,0,0,0,0,0,0,0,0,0,0,0,0,0,0,0,0,0,0,0,0,0,0,0,0,0,0,0,0,0,0,0,0,0,0,0,0,0,0,0,0,0,0,0,0,0,0,0,0
1786,0,0,0,0,0,0,0,0,0,0,0,0,0,0,0,0,0,0,0,0,0,0,0,0,0,0,0,0,0,0,0,0,0,0,0,0,0,0,0,0,0,0,0,0,0,0,0,0,0,0,0,0,0,0,0,0,0,0,0,0,0,0,0,0,0,0,0,0,0,0,0,0,0,0,0,0,0,0,0,0,0,0,0,0,0,0,0,0,0,0,0,0,0,0,0,0,0,0,0,0,0,0,0,0,0,0,0,0,0,0,0,0,0,0,0,0,0,0,0,0,0,0,0,0,0,0,0,0,0,0,0,0,0,0,0,0,0,0,0,0,0,0,0,0,0,0,0,0,0,0,0,0,0,0,0,0,0,0,0,0,0,0,0,0,0,0,0,0,0,0,0,0,0,0,0,0,0,0,0,0,0,0,0,0,0,0,0,0,0,0,0,0,0,0,0,0,0,0,0,0
1787,0,0,0,0,0,0,0,0,0,0,0,0,0,0,0,0,0,0,0,0,0,0,0,0,0,0,0,0,0,0,0,0,0,0,0,0,0,0,0,0,0,0,0,0,0,0,0,0,0,0,0,0,0,0,0,0,0,0,0,0,0,0,0,0,0,0,0,0,0,0,0,0,0,0,0,0,0,0,0,0,0,0,0,0,0,0,0,0,0,0,0,0,0,0,0,0,0,0,0,0,0,0,0,0,0,0,0,0,0,0,0,0,0,0,0,0,0,0,0,0,0,0,0,0,0,0,0,0,0,0,0,0,0,0,0,0,0,0,0,0,0,0,0,0,0,0,0,0,0,0,0,0,0,0,0,0,0,0,0,0,0,0,0,0,0,0,0,0,0,0,0,0,0,0,0,0,0,0,0,0,0,0,0,0,0,0,0,0,0,0,0,0,0,0,0,0,0,0,0,0
1788,104196.8285177000,35316.2633385220,65749.2557202678,124724.4448753208,53909.5638717543,106169.7296172540,31525.2201817536,58546.1374824626,130417.3228939191,14279.0534663231,90615.8733321891,43042.1696175208,74645.5468091890,36828.0267901256,74580.9296234250,12579.0751206875,105946.4889378418,49671.3812854327,19546.2643174033,87389.7459714128,17972.9275749601,31627.2306052309,35179.1181333581,75134.2184271074,54483.2743050959,120246.3845825751,67414.2775328091,92333.8686716352,33107.6801394780,90908.6299892599,70772.6179888259,33952.5507100459,88776.8544202224,106086.3817449838,86199.3319508529,63744.1647382330,90545.3566848825,23634.1841677888,64327.1316912439,6640.1526189427,18751.4943314545,119511.5163510441,45599.0565080887,46400.1228838779,47848.6357142703,20608.6407581085,106152.5785357059,119600.6156979934,19721.7344612172,78901.0429262983,8026.1268674004,26560.0089228776,61894.1180037645,98627.4764226288,51975.9917242659,25080.6108830981,64445.0750216112,56687.6171413952,75072.0479512449,42281.3008124348,97522.0727279599,65194.6521387480,24419.6808816279,102280.5613665720,79374.2169655645,56658.5457541493,13117.4494972203,82797.4629550363,94852.3991671495,113044.2511159490,79012.9362716178,33643.6402614936,83587.9751198063,40627.6305354849,97108.3763384658,55379.7601041568,29796.3829434566,112873.4345986839,38000.5675516997,95230.1821142766,10841.6507152703,107174.7883824653,37087.5547897207,82048.7258416244,65792.7466949585,114222.9182904987,13929.8739955441,85637.0706017613,59331.8624468292,62243.8875965370,76531.2830079500,74232.4333534498,98109.7417373898,82383.3276545374,53439.0217313963,25778.1878286478,96430.6200656333,82044.4171441638,9985.2627169999,71112.5169239123,41026.7884590107,28915.8089095905,27331.0176102027,50860.1942460644,95665.9360708629,28700.8862939227,65408.9734803958,96729.9763945135,18827.6505241629,47777.1581070779,104987.8687268701,87376.9002477418,121671.3173556694,42568.6777029383,15608.0976803534,89321.4037461740,46558.7732354631,35570.6822876181,74676.4368060459,7308.9608285274,56759.0725061737,30704.4202430048,99499.9534061189,17619.6782766716,25747.2862039374,21238.4112182000,10828.8564022632,13490.6042262342,102491.0995964488,58044.7923921293,67921.9028879615,11486.3861796933,24977.7711781617,63101.0837333081,113654.6446003118,30996.6680640184,80970.2692280081,31610.8631104521,119323.4924754228,61552.4169609387,68952.7931839506,56048.2263256957,49272.0609092994,69004.4389784966,70841.1924156013,52315.8546156658,20050.0861435002,19686.1447371032,22656.0451872677,112165.8045354153,1328.6818423208,72019.2184320294,60224.1613728523,93778.9184980233,90814.5545011999,81622.8362952363,85068.6100801716,58452.1318859010,59437.0992399172,39530.9825280477,46943.4422857814,21884.6249158209,103678.9146711876,61010.8058175688,126258.2272264665,53635.1410044030,51228.7854578568,89075.2921596370,77506.1669969875,101340.5114014229,76912.2748826564,26823.6329864681,74394.0136843141,68300.3055163801,80531.4928131414,85819.7624965275,40840.4309720209,108097.6212243822,86741.2837044859,36176.5564500195,94650.6228736038,56795.4674473522,89907.1335579522,87138.2951983663,70060.1348963032,101938.7619436520,29298.7951392752,100800.1556658257,100745.3999945862,101935.4293325898,86172.8078662712,68739.3116999173,76911.0312183404,41290.6576056808,109425.2554078719,84701.5093398919,23915.7333363217,76809.1214013757,61726.6195710882,52191.4916347562
1789,0,0,0,0,0,0,0,0,0,0,0,0,0,0,0,0,0,0,0,0,0,0,0,0,0,0,0,0,0,0,0,0,0,0,0,0,0,0,0,0,0,0,0,0,0,0,0,0,0,0,0,0,0,0,0,0,0,0,0,0,0,0,0,0,0,0,0,0,0,0,0,0,0,0,0,0,0,0,0,0,0,0,0,0,0,0,0,0,0,0,0,0,0,0,0,0,0,0,0,0,0,0,0,0,0,0,0,0,0,0,0,0,0,0,0,0,0,0,0,0,0,0,0,0,0,0,0,0,0,0,0,0,0,0,0,0,0,0,0,0,0,0,0,0,0,0,0,0,0.0000000000,0,0,0,0,0,0,0,0,0,0,0,0,0,0,0,0,0,0,0,0,0,0,0,0,0,0,0,0,0,0,0,0,0,0,0,0,0,0,0,0,0,0,0,0,0,0,0,0,0,0,0
1790,0,0,0,0,0,0,0,0,0,0,0,0,0,0,0,0,0,0,0,0,0,0,0,0,0,0,0,0,0,0,0,0,0,0,0,0,0,0,0,0,0,0,0,0,0,0,0,0,0,0,0,0,0,0,0,0,0,0,0,0,0,0,0,0,0,0,0,0,0,0,0,0,0,0,0,0,0,0,0,0,0,0,0,0,0,0,0,0,0,0,0,0,0,0,0,0,0,0,0,0,0,0,0,0,0,0,0,0,0,0,0,0,0,0,0,0,0,0,0,0,0,0,0,0,0,0,0,0,0,0,0,0,0,0,0,0,0,0,0,0,0,0,0,0,0,0,0,0,0,0,0,0,0,0,0,0,0,0,0,0,0,0,0,0,0,0,0,0,0,0,0,0,0,0,0,0,0,0,0,0,0,0,0,0,0,0,0,0,0,0,0,0,0,0,0,0,0,0,0,0
1791,0,0,0,0,0,0,0,0,0,0,0,0,0,0,0,0,0,0,0,0,0,0,0,0,0,0,0,0,0,0,0,0,0,0,0,0,0,0,0,0,0,0,0,0,0,0,0,0,0,0,0,0,0,0,0,0,0,0,0,0,0,0,0,0,0,0,0,0,0,0,0,0,0,0,0,0,0,0,0,0,0,0,0,0,0,0,0,0,0,0,0,0,0,0,0,0,0,0,0,0,0,0,0,0,0,0,0,0,0,0,0,0,0,0,0,0,0,0,0,0,0,0,0,0,0,0,0,0,0,0,0,0,0,0,0,0,0,0,0,0,0,0,0,0,0,0,0,0,0,0,0,0,0,0,0,0,0,0,0,0,0,0,0,0,0,0,0,0,0,0,0,0,0,0,0,0,0,0,0,0,0,0,0,0,0,0,0,0,0,0,0,0,0,0,0,0,0,0,0,0
1792,0,0,0,0,0,0,0,0,0,0,0,0,0,0,0,0,0,0,0,0,0,0,0,0,0,0,0,0,0,0,0,0,0,0,0,0,0,0,0,0,0,0,0,0,0,0,0,0,0,0,0,0,0,0,0,0,0,0,0,0,0,0,0,0,0,0,0,0,0,0,0,0,0,0,0,0,0,0,0,0,0,0,0,0,0,0,0,0,0,0,0,0,0,0,0,0,0,0,0,0,0,0,0,0,0,0,0,0,0,0,0,0,0,0,0,0,0,0,0,0,0,0,0,0,0,0,0,0,0,0,0,0,0,0,0,0,0,0,0,0,0,0,0,0,0,0,0,0,0,0,0,0,0,0,0,0,0,0,0,0,0,0,0,0,0,0,0,0,0,0,0,0,0,0,0,0,0,0,0,0,0,0,0,0,0,0,0,0,0,0,0,0,0,0,0,0,0,0,0,0
1793,0,0,0,0,0,0,0,0,0,0,0,0,0,0,0,0,0,0,0,0,0,0,0,0,0,0,0,0,0,0,0,0,0,0,0,0,0,0,0,0,0,0,0,0,0,0,0,0,0,0,0,0,0,0,0,0,0,0,0,0,0,0,0,0,0,0,0,0,0,0,0,0,0,0,0,0,0,0,0,0,0,0,0,0,0,0,0,0,0,0,0,0,0,0,0,0,0,0,0,0,0,0,0,0,0,0,0,0,0,0,0,0,0,0,0,0,0,0,0,0,0,0,0,0,0,0,0,0,0,0,0,0,0,0,0,0,0,0,0,0,0,0,0,0,0,0,0,0,0,0,0,0,0,0,0,0,0,0,0,0,0,0,0,0,0,0,0,0,0,0,0,0,0,0,0,0,0,0,0,0,0,0,0,0,0,0,0,0,0,0,0,0,0,0,0,0,0,0,0,0
1794,0,0,0,0,0,0,0,0,0,0,0,0,0,0,0,0,0,0,0,0,0,0,0,0,0,0,0,0,0,0,0,0,0,0,0,0,0,0,0,0,0,0,0,0,0,0,0,0,0,0,0,0,0,0,0,0,0,0,0,0,0,0,0,0,0,0,0,0,0,0,0,0,0,0,0,0,0,0,0,0,0,0,0,0,0,0,0,0,0,0,0,0,0,0,0,0,0,0,0,0,0,0,0,0,0,0,0,0,0,0,0,0,0,0,0,0,0,0,0,0,0,0,0,0,0,0,0,0,0,0,0,0,0,0,0,0,0,0,0,0,0,0,0,0,0,0,0,0,0,0,0,0,0,0,0,0,0,0,0,0,0,0,0,0,0,0,0,0,0,0,0,0,0,0,0,0,0,0,0,0,0,0,0,0,0,0,0,0,0,0,0,0,0,0,0,0,0,0,0,0
1795,0,0,0,0,0,0,0,0,0,0,0,0,0,0,0,0,0,0,0,0,0,0,0,0,0,0,0,0,0,0,0,0,0,0,0,0,0,0,0,0,0,0,0,0,0,0,0,0,0,0,0,0,0,0,0,0,0,0,0,0,0,0,0,0,0,0,0,0,0,0,0,0,0,0,0,0,0,0,0,0,0,0,0,0,0,0,0,0,0,0,0,0,0,0,0,0,0,0,0,0,0,0,0,0,0,0,0,0,0,0,0,0,0,0,0,0,0,0,0,0,0,0,0,0,0,0,0,0,0,0,0,0,0,0,0,0,0,0,0,0,0,0,0,0,0,0,0,0,0,0,0,0,0,0,0,0,0,0,0,0,0,0,0,0,0,0,0,0,0,0,0,0,0,0,0,0,0,0,0,0,0,0,0,0,0,0,0,0,0,0,0,0,0,0,0,0,0,0,0,0
1796,0,0,0,0,0,0,0,0,0,0,0,0,0,0,0,0,0,0,0,0,0,0,0,0,0,0,0,0,0,0,0,0,0,0,0,0,0,0,0,0,0,0,0,0,0,0,0,0,0,0,0,0,0,0,0,0,0,0,0,0,0,0,0,0,0,0,0,0,0,0,0,0,0,0,0,0,0,0,0,0,0,0,0,0,0,0,0,0,0,0,0,0,0,0,0,0,0,0,0,0,0,0,0,0,0,0,0,0,0,0,0,0,0,0,0,0,0,0,0,0,0,0,0,0,0,0,0,0,0,0,0,0,0,0,0,0,0,0,0,0,0,0,0,0,0,0,0,0,0,0,0,0,0,0,0,0,0,0,0,0,0,0,0,0,0,0,0,0,0,0,0,0,0,0,0,0,0,0,0,0,0,0,0,0,0,0,0,0,0,0,0,0,0,0,0,0,0,0,0,0
1797,0,0,0,0,0,0,0,0,0,0,0,0,0,0,0,0,0,0,0,0,0,0,0,0,0,0,0,0,0,0,0,0,0,0,0,0,0,0,0,0,0,0,0,0,0,0,0,0,0,0,0,0,0,0,0,0,0,0,0,0,0,0,0,0,0,0,0,0,0,0,0,0,0,0,0,0,0,0,0,0,0,0,0,0,0,0,0,0,0,0,0,0,0,0,0,0,0,0,0,0,0,0,0,0,0,0,0,0,0,0,0,0,0,0,0,0,0,0,0,0,0,0,0,0,0,0,0,0,0,0,0,0,0,0,0,0,0,0,0,0,0,0,0,0,0,0,0,0,0,0,0,0,0,0,0,0,0,0,0,0,0,0,0,0,0,0,0,0,0,0,0,0,0,0,0,0,0,0,0,0,0,0,0,0,0,0,0,0,0,0,0,0,0,0,0,0,0,0,0,0
1798,0,0,0,0,0,0,0,0,0,0,0,0,0,0,0,0,0,0,0,0,0,0,0,0,0,0,0,0,0,0,0,0,0,0,0,0,0,0,0,0,0,0,0,0,0,0,0,0,0,0,0,0,0,0,0,0,0,0,0,0,0,0,0,0,0,0,0,0,0,0,0,0,0,0,0,0,0,0,0,0,0,0,0,0,0,0,0,0,0,0,0,0,0,0,0,0,0,0,0,0,0,0,0,0,0,0,0,0,0,0,0,0,0,0,0,0,0,0,0,0,0,0,0,0,0,0,0,0,0,0,0,0,0,0,0,0,0,0,0,0,0,0,0,0,0,0,0,0,0,0,0,0,0,0,0,0,0,0,0,0,0,0,0,0,0,0,0,0,0,0,0,0,0,0,0,0,0,0,0,0,0,0,0,0,0,0,0,0,0,0,0,0,0,0,0,0,0,0,0,0
1799,85754.1151904777,48092.1944497502,81086.1180972836,94094.1949615048,23616.5147086312,104542.4105136093,62005.1943377377,51898.5204746100,104253.0662623065,21254.8813462821,62192.0148099182,28104.5780078970,53938.2504490153,49870.2885824425,78014.0763696725,41148.2873187181,81258.8545348600,31115.2617349409,23407.5168828849,83076.6715987352,43095.3744384373,12.5354393229,33203.2571424281,44720.4385089594,59333.4426679926,97963.2648054039,40761.1666807577,70850.6161049282,17594.3532579783,92658.5134721205,67874.2048961634,34886.4916099344,72074.2227773887,78578.2866112064,60911.3245294534,73097.5626430802,60167.0811245845,36013.7041087291,48923.5366977352,33286.4947808472,49860.9129578512,92304.7102263121,19992.6994303063,46678.5109082311,38030.5421047963,36333.3620698626,84425.2670505544,94733.3061131231,12251.2060502458,50212.3614975724,28406.4889316072,54533.3607065645,39421.9356869735,92738.8224467587,62911.3915955292,24054.2601560843,34748.3577231999,29732.4661228460,50439.9412922060,22848.4891155468,71605.1043616506,67047.4814580018,11167.1299271853,86755.0193927690,61801.6525885485,55871.3984337865,31514.0620282753,87938.3394741843,92483.6747131605,92834.4814047144,72972.3551098587,25256.3670564791,60969.5234286134,47165.2886212947,73335.7865154150,40146.7093127312,38934.8705140750,89637.0023634359,26643.5106253314,76032.5363894770,20317.0274753261,102953.6931872781,12172.7834890724,55027.1419730771,46260.7558258428,88152.0380234110,43597.7588297047,84417.1380330803,47990.9663093207,68062.1169004649,75674.5616963167,80961.8751449210,98028.7061699880,52437.9592173555,30204.1924675597,30251.6433960507,66605.1128589164,83738.6224291235,41118.0185533727,42221.2856725952,21078.6055074594,44444.0953443074,43702.0100847205,44870.8255286699,68324.7366631238,33164.3859837183,60603.1903992832,79930.0610177533,27568.4164401627,55532.4053682224,78872.2642823796,67746.0853654306,95536.6702599310,38707.2946097604,29471.4406135939,59785.9260008343,17271.1506055066,39289.6749591641,47800.9926945256,26800.6047228414,37572.6641575851,40639.5794967544,77264.3049685830,14181.1064913539,20292.7389403220,18261.2659684554,36732.9378716009,21231.5941985326,82324.1104998158,69774.7038154086,43703.9755420313,35117.5762439249,7423.5325236565,35131.4038506271,91791.5099477135,8643.7800112603,60512.5566785754,24814.2270924539,95774.9856562735,36206.5369214313,38351.8013929977,63863.7781207261,52864.7421631375,74266.1268551963,52475.3011818362,23962.6779480481,49950.0738523832,16834.2132127085,40834.1644351251,87461.9791139597,27736.6854143125,73297.1065646304,29788.5963847585,89462.4682293056,90433.7711067390,78405.5931495112,56238.2051569961,29535.4304154230,60978.0279357250,32650.9123164760,25558.3856512931,48833.1318185808,80362.4851231517,43715.8831782099,95953.8271508819,42274.8735155618,25610.7467677651,65727.2804026844,54379.9591387268,99022.2936922080,47234.0882893929,16878.3317988409,67485.7828146444,75977.4143781391,54833.2326345707,89199.2086805599,11904.7786638820,88501.7422676066,65253.9692545818,45948.1771736905,69847.1782346745,53142.8634979908,87189.6606910561,60597.9960287767,40163.3188762230,97799.2552003961,28812.5494958245,73536.4164688620,75605.8102367005,84840.7839311401,58310.5774731336,68134.8984725086,57863.2307047110,42368.5704795075,106441.7681113187,67212.3026276906,28950.6934317592,73348.1706041929,60131.5504552440,50829.6136807293
1800,0,0,0,0,0,0,0,0,0,0,0,0,0,0,0,0,0,0,0,0,0,0,0,0,0,0,0,0,0,0,0,0,0,0,0,0,0,0,0,0,0,0,0,0,0,0,0,0,0,0,0,0,0,0,0,0,0,0,0,0,0,0,0,0,0,0,0,0,0,0,0,0,0,0,0,0,0,0,0,0,0,0,0,0,0,0,0,0,0,0,0,0,0,0,0,0,0,0,0,0,0,0,0,0,0,0,0,0,0,0,0,0,0,0,0,0,0,0,0,0,0,0,0,0,0,0,0,0,0,0,0,0,0,0,0,0,0,0,0,0,0,0,0,0,0,0,0,0,0,0,0,0,0,0,0,0,0,0,0,0,0,0,0,0,0,0,0,0,0,0,0,0,0,0,0,0,0,0,0,0,0,0,0,0,0,0,0,0,0,0,0,0,0,0,0,0,0,0,0,0
1801,0,0,0,0,0,0,0,0,0,0,0,0,0,0,0,0,0,0,0,0,0,0,0,0,0,0,0,0,0,0,0,0,0,0,0,0,0,0,0,0,0,0,0,0,0,0,0,0,0,0,0,0,0,0,0,0,0,0,0,0,0,0,0,0,0,0,0,0,0,0,0,0,0,0,0,0,0,0,0,0,0,0,0,0,0,0,0,0,0,0,0,0,0,0,0,0,0,0,0,0,0,0,0,0,0,0,0,0,0,0,0,0,0,0,0,0,0,0,0,0,0,0,0,0,0,0,0,0,0,0,0,0,0,0,0,0,0,0,0,0,0,0,0,0,0,0,0,0,0,0,0,0,0,0,0,0,0,0,0,0,0,0,0,0,0,0,0,0,0,0,0,0,0,0,0,0,0,0,0,0,0,0,0,0,0,0,0,0,0,0,0,0,0,0,0,0,0,0,0,0
1802,0,0,0,0,0,0,0,0,0,0,0,0,0,0,0,0,0,0,0,0,0,0,0,0,0,0,0,0,0,0,0,0,0,0,0,0,0,0,0,0,0,0,0,0,0,0,0,0,0,0,0,0,0,0,0,0,0,0,0,0,0,0,0,0,0,0,0,0,0,0,0,0,0,0,0,0,0,0,0,0,0,0,0,0,0,0,0,0,0,0,0,0,0,0,0,0,0,0,0,0,0,0,0,0,0,0,0,0,0,0,0,0,0,0,0,0,0,0,0,0,0,0,0,0,0,0,0,0,0,0,0,0,0,0,0,0,0,0,0,0,0,0,0,0,0,0,0,0,0,0,0,0,0,0,0,0,0,0,0,0,0,0,0,0,0,0,0,0,0,0,0,0,0,0,0,0,0,0,0,0,0,0,0,0,0,0,0,0,0,0,0,0,0,0,0,0,0,0,0,0
1803,0,0,0,0,0,0,0,0,0,0,0,0,0,0,0,0,0,0,0,0,0,0,0,0,0,0,0,0,0,0,0,0,0,0,0,0,0,0,0,0,0,0,0,0,0,0,0,0,0,0,0,0,0,0,0,0,0,0,0,0,0,0,0,0,0,0,0,0,0,0,0,0,0,0,0,0,0,0,0,0,0,0,0,0,0,0,0,0,0,0,0,0,0,0,0,0,0,0,0,0,0,0,0,0,0,0,0,0,0,0,0,0,0,0,0,0,0,0,0,0,0,0,0,0,0,0,0,0,0,0,0,0,0,0,0,0,0,0,0,0,0,0,0,0,0,0,0,0,0,0,0,0,0,0,0,0,0,0,0,0,0,0,0,0,0,0,0,0,0,0,0,0,0,0,0,0,0,0,0,0,0,0,0,0,0,0,0,0,0,0,0,0,0,0,0,0,0,0,0,0
1804,0,0,0,0,0,0,0,0,0,0,0,0,0,0,0,0,0,0,0,0,0,0,0,0,0,0,0,0,0,0,0,0,0,0,0,0,0,0,0,0,0,0,0,0,0,0,0,0,0,0,0,0,0,0,0,0,0,0,0,0,0,0,0,0,0,0,0,0,0,0,0,0,0,0,0,0,0,0,0,0,0,0,0,0,0,0,0,0,0,0,0,0,0,0,0,0,0,0,0,0,0,0,0,0,0,0,0,0,0,0,0,0,0,0,0,0,0,0,0,0,0,0,0,0,0,0,0,0,0,0,0,0,0,0,0,0,0,0,0,0,0,0,0,0,0,0,0,0,0,0,0,0,0,0,0,0,0,0,0,0,0,0,0,0,0,0,0,0,0,0,0,0,0,0,0,0,0,0,0,0,0,0,0,0,0,0,0,0,0,0,0,0,0,0,0,0,0,0,0,0
1805,0,0,0,0,0,0,0,0,0,0,0,0,0,0,0,0,0,0,0,0,0,0,0,0,0,0,0,0,0,0,0,0,0,0,0,0,0,0,0,0,0,0,0,0,0,0,0,0,0,0,0,0,0,0,0,0,0,0,0,0,0,0,0,0,0,0,0,0,0,0,0,0,0,0,0,0,0,0,0,0,0,0,0,0,0,0,0,0,0,0,0,0,0,0,0,0,0,0,0,0,0,0,0,0,0,0,0,0,0,0,0,0,0,0,0,0,0,0,0,0,0,0,0,0,0,0,0,0,0,0,0,0,0,0,0,0,0,0,0,0,0,0,0,0,0,0,0,0,0,0,0,0,0,0,0,0,0,0,0,0,0,0,0,0,0,0,0,0,0,0,0,0,0,0,0,0,0,0,0,0,0,0,0,0,0,0,0,0,0,0,0,0,0,0,0,0,0,0,0,0
1806,53196.1814164992,141900.8242235082,62839.7283481660,128024.9014437276,99150.0679617247,5230.6898657536,110529.3977075186,52011.7386216210,96403.6301760935,96627.1046036666,93739.6264597104,131964.6186170193,65312.0483524809,73170.7264043975,35441.7099664796,118049.3045387863,78917.8899058352,74951.8498490061,119253.3412316780,20786.6836556331,95238.3206673853,103718.3590205761,73941.8491550720,102868.6649738791,53590.7436959771,72634.0777506880,84605.3967310656,64267.5178982547,86434.1799918906,21169.8537053799,36815.2750284612,135004.9735304247,49016.8635374073,93198.2197105404,78595.1397119546,51230.8708129848,107459.3642121974,83663.3305775130,58905.8226952603,104417.2602373667,112011.7854296675,96970.6305046999,88755.7291064547,61025.9570866580,65834.6091085061,126942.7079482043,66212.0581444547,84431.9249965613,107535.8104752685,92925.1455341577,113298.2550220654,99449.7658561207,74827.5989473616,17910.1493305845,60718.8156004717,85408.7532390239,96593.5967674169,87597.3827976007,76878.2022404891,101989.5904150705,82648.7727455639,42407.3085247735,96044.1847666010,42640.5387011265,54979.5651860290,50667.8234935385,94080.7732484710,32851.4528109035,12357.3757411409,61543.2476141001,31005.6016551390,127883.4757475247,68988.1731519168,66830.7180413665,73255.7655924090,65527.0859455751,134744.8992496566,74319.2852425790,77397.5455682951,55986.8671164805,105466.1531363266,1393.1718143346,92711.7873432935,85522.6223696942,66327.1348079216,88401.2712994429,103850.8816049404,21713.6049653667,56563.0133259417,47723.6116308467,30681.5727032427,40672.3493575206,12948.1122980142,101152.8223086302,80454.2510707224,127725.0745525078,104853.2040251353,27410.4741293868,110537.4683022289,93132.1182457072,83592.1390560127,80565.7557886164,134284.2445480048,59384.6253796632,89171.3132584540,78878.5098586913,43472.8890699168,47576.4217178396,89040.2313642288,61007.6504654289,85465.4820376045,58543.3518221701,91904.7484361976,66805.1267102482,120248.5857688192,100239.1418179796,96160.7629975235,71704.2547427708,84789.2665992258,100742.2692642014,70987.3118321124,76743.8015694278,67322.5554645995,101009.3439339220,120673.7105155369,92145.3531215610,98771.1986084480,112280.9653740499,59565.3433772890,58234.5434310196,77124.9477011382,112459.9331678466,103157.4388051964,89558.2429107747,68573.0751656415,96539.3423251056,62626.9284598037,80965.6404341697,78002.1859375367,81996.0710625435,102987.9648234911,54456.5958222773,58026.0955192237,41915.5049587080,61024.1265454837,92416.1701644472,105032.9725204057,113665.8096734823,86566.2686982551,80845.1007735597,106981.4530786527,35781.7570455226,100338.8116658197,14432.0224747172,17656.2338460282,25869.2366067102,94759.8715481645,93334.3073098164,47825.9834692507,72085.5829575685,81137.5304244665,97287.1758262269,72358.0666283913,64715.9093962422,124684.8543552348,61860.0778737369,86250.2057166869,71181.7693142372,71629.4253206391,7411.7769362109,98092.6377070770,89340.4687195065,36567.5204694129,45821.8974632991,80160.8532134376,27524.4926682321,96820.3254129442,58052.2226282726,64763.1516348324,71843.5770750787,77256.1823872850,51632.6564192174,17281.9839329631,83873.6251110970,98266.7334971880,2189.6886413010,79963.8285228835,90139.5784262648,79751.2421096607,48212.7991958928,89875.8920004325,38424.5878385906,59961.7240504218,66185.1750196671,-125.0336917318,52687.7496146016,84121.9412083637,30908.2435140804,45657.8626386683,55439.1627289865
1807,0,0,0,0,0,0,0,0,0,0,0,0,0,0,0,0,0,0,0,0,0,0,0,0,0,0,0,0,0,0,0,0,0,0,0,0,0,0,0,0,0,0,0,0,0,0,0,0,0,0,0,0,0,0,0,0,0,0,0,0,0,0,0,0,0,0,0,0,0,0,0,0,0,0,0,0,0,0,0,0,0,0,0,0,0,0,0,0,0,0,0,0,0,0,0,0,0,0,0,0,0,0,0,0,0,0,0,0,0,0,0,0,0,0,0,0,0,0,0,0,0,0,0,0,0,0,0,0,0,0,0,0,0,0,0,0,0,0,0,0,0,0,0,0,0,0,0,0,0,0,0,0,0,0,0,0,0,0,0,0,0,0,0,0,0,0,0,0,0,0,0,0,0,0,0,0,0,0,0,0,0,0,0,0,0,0,0,0,0,0,0,0,0,0,0,0,0,0,0,0
1808,0,0,0,0,0,0,0,0,0,0,0,0,0,0,0,0,0,0,0,0,0,0,0,0,0,0,0,0,0,0,0,0,0,0,0,0,0,0,0,0,0,0,0,0,0,0,0,0,0,0,0,0,0,0,0,0,0,0,0,0,0,0,0,0,0,0,0,0,0,0,0,0,0,0,0,0,0,0,0,0,0,0,0,0,0,0,0,0,0,0,0,0,0,0,0,0,0,0,0,0,0,0,0,0,0,0,0,0,0,0,0,0,0,0,0,0,0,0,0,0,0,0,0,0,0,0,0,0,0,0,0,0,0,0,0,0,0,0,0,0,0,0,0,0,0,0,0,0,0,0,0,0,0,0,0,0,0,0,0,0,0,0,0,0,0,0,0,0,0,0,0,0,0,0,0,0,0,0,0,0,0,0,0,0,0,0,0,0,0,0,0,0,0,0,0,0,0,0,0,0
1809,54830.2865001099,142575.3765711336,62482.1728442462,129654.1556618854,100428.4332874048,2450.7568481624,110670.3733038639,52995.0263532434,98013.2612084373,97368.7134172048,95315.7064507284,132980.6989022046,66792.5080463628,73525.6521428064,35535.6931678928,118561.7820605055,80554.3109594371,76126.7726123878,120052.2178407654,21816.3842393822,95632.1900544487,104739.2057966426,74737.6118796703,104329.0620661976,53998.2403745916,74232.5715453546,86027.6823502284,65880.7274541283,87417.6448021628,20806.6448438697,37615.2855960981,135839.3077344668,50608.1761752967,94827.9554195601,80167.4678122355,51178.7882047826,109008.3150469758,84225.2545538978,60206.4588167159,104976.8084820371,112352.2164995244,98605.9839223727,89936.1123633345,61724.7800579566,66845.6341762396,127615.1966752462,67847.8659007719,86055.8340577214,108402.9417660025,94432.4254248374,113967.8692622653,99660.6848811935,76180.0075296891,20405.9929285095,60867.5624043519,86203.3201197815,97977.9866893560,88909.3497278031,78371.2765704848,103138.1941764540,84267.1542930910,42850.6204143252,96954.4801083850,44275.3727616247,56489.3381826769,51366.4045073072,94667.1348656055,32472.8836576562,12914.2654910724,63155.0528705920,32126.4708193778,128807.8582311369,70549.5804405085,67348.1774908155,74880.3551024104,66719.1261531692,135482.0616598062,75948.7480069809,78370.5238256876,57613.6931536895,106215.5797546598,2672.7673440841,93789.8070596494,87061.8002080826,67701.4096752555,90037.4172576633,104251.3669280370,22175.6315698363,57712.8204006193,47929.0040393747,31234.2949386093,40480.5279445239,12427.0125059380,102667.7251823849,81714.0003794238,128519.1410598486,106436.4851085930,27476.6721212437,111003.3536112997,94579.5492456391,84686.0148125341,80979.4671572911,134924.1464480966,60306.5500516187,90776.1439636989,79561.3818719418,44399.9387125882,49208.6539237665,89720.3982186176,61377.8106455733,87098.5119170306,60130.4919230223,93532.9028709179,67644.7620738969,120959.0742574170,101796.9354206527,97361.0727792202,72357.6256678577,86275.2566704844,101393.1914182221,72251.1253777476,77277.1107922739,68955.6152307541,101842.1094933424,121552.4219489981,92968.4041077242,99269.3452195906,113048.7054073540,61202.2713079232,58208.3292559521,78550.0675687520,113025.7328861913,104094.4088030326,90937.1569917517,70193.5614408868,97545.3663513356,64165.9851263540,81844.3094903668,79616.7261612110,83357.3927504605,104399.1751093918,54672.9040333165,58563.9920891710,41998.3949240475,62445.8014641679,93681.3619640549,105337.8271898939,114511.0733280551,87016.9409884178,82480.1538807425,107629.8577828901,36163.5083426968,101677.8588397357,15566.2716751401,17752.9676398419,26702.6982012737,96303.9509228742,94664.6759653180,48365.2244679623,72989.6523868883,82308.4195497142,97587.5983412698,73994.4227390744,66006.4364570927,126318.9011868476,62954.3865260655,87496.5041278476,72775.7438153043,73143.1055081926,6926.2816627552,99576.4163084828,90238.6138832061,37696.5836528161,45746.1563537168,81695.1741150097,27198.2755856142,97953.1860354394,59679.4825918113,66346.4198953960,72310.8847257740,78869.8269282601,52476.9089020782,18009.8817556217,85445.6276901814,99696.9741387087,4825.2230216785,80740.8752611498,91760.0950647068,81380.3338682407,49848.9977514463,91434.3733512355,39032.5660050390,61456.1170113790,66881.4535549641,557.8367066718,54248.7847930551,84825.3748299799,31764.7110083446,46382.6739334415,56182.7366856451
1810,0,0,0,0,0,0,0,0,0,0,0,0,0,0,0,0,0,0,0,0,0,0,0,0,0,0,0,0,0,0,0,0,0,0,0,0,0,0,0,0,0,0,0,0,0,0,0,0,0,0,0,0,0,0,0,0,0,0,0,0,0,0,0,0,0,0,0,0,0,0,0,0,0,0,0,0,0,0,0,0,0,0,0,0,0,0,0,0,0,0,0,0,0,0,0,0,0,0,0,0,0,0,0,0,0,0,0,0,0,0,0,0,0,0,0,0,0,0,0,0,0,0,0,0,0,0,0,0,0,0,0,0,0,0,0,0,0,0,0,0,0,0,0,0,0,0,0,0,0,0,0,0,0,0,0,0,0,0,0,0,0,0,0,0,0,0,0,0,0,0,0,0,0,0,0,0,0,0,0,0,0,0,0,0,0,0,0,0,0,0,0,0,0,0,0,0,0,0,0,0
1811,45422.4960964536,113546.1761145135,48575.1413569932,111428.5524638876,71764.6786771144,29763.7469168823,86740.0684032818,23032.3088456319,88527.2259737285,68064.2123550818,73651.1530539547,103026.5343555214,42581.6939439204,47819.3546882940,19246.5320677068,90708.6166837668,66022.0724029371,46754.2089512744,90462.3936703837,4923.4877472659,69051.6416976815,74790.8976944371,45230.8585890819,78488.0076553449,28572.6454612600,67242.0043555009,59664.9868388060,48458.7029770367,57454.4029369921,22292.1460648597,10806.9431425321,106120.0359472448,33325.4065002604,77675.9678781712,58890.7720867652,33324.5659601659,85768.6922302696,56212.5370529986,32388.3223203306,76822.7494787223,86129.5816795980,85092.0093620925,60536.2018990786,32898.5458637571,36896.2222176293,98621.8822562074,56145.6248612900,75541.9555078424,78600.1632404814,70044.1037121211,85021.4049319882,75057.8923308472,48742.0433524953,19347.4013574834,38600.1642937125,56672.9304013420,70721.1539376996,60710.6869322014,54018.6785732476,73533.7434786284,66096.8293139254,18188.1514610344,67059.3987558622,36791.6258591039,34097.8931797613,22757.3697991675,66370.0638649128,26176.2874292227,17715.8457321643,56036.3550705752,600.5952183777,98888.6026272645,49250.0108528863,40025.4347351632,58024.3633826963,37543.8563681061,106140.3952946935,65234.1551193534,48408.7730790066,42805.6190293891,76854.4260996563,28378.2969941892,63942.6682841065,63999.3032256741,40871.0548710742,76562.8066054471,77505.3479689331,18502.8375794446,28320.0811550703,26235.9575754180,15854.6833883775,27601.1181489819,24455.6322825642,78342.6183166288,53000.8286616584,98941.5767845927,84853.2274867000,16666.7529625195,83589.5551352537,68597.9966602940,54894.8449078846,54428.5625845355,106110.3337212891,30399.0530679733,71085.7230423673,50673.8257875242,14494.5884971186,36854.9601835060,60793.4260972051,35975.0172123537,70970.6726889679,41207.4453278856,81953.9499291891,37969.8848405028,91768.6478485886,79082.4600633088,68063.4126126143,43741.1140501784,61459.9346663477,72603.5909495917,43689.5546048604,49604.8605729071,54082.8930508151,72145.1192299635,91717.7731554254,63313.6554485977,71661.9698197612,83593.2107982016,49305.2195690263,38976.4394486988,52425.8281715414,84783.1580624020,74159.8314985028,63680.4285335203,61336.7103089703,67587.4217921345,42281.1133151848,52023.6084900107,70682.4759278014,55929.4790781859,77536.1308954600,31940.6263503401,31300.4740439177,23667.0142639527,36866.4821997665,64929.2201768878,79570.3317793159,84767.1013725031,59986.0925265197,69921.2377272788,78833.5750741122,14339.4623004231,73709.0585870514,14762.6487210555,17453.9241060826,1472.2505720112,73159.7204687182,66643.7464040273,21656.8831728875,43112.7252523058,52879.9735715313,71978.3683488659,59888.0547593606,37883.2805907991,109125.9532273783,33217.1708271780,58608.3967451514,53226.6567237251,49695.3891995013,24152.9259520734,74399.9005095174,60368.3621875329,7740.4197436854,29342.3034350349,58637.6932507807,23030.3166094075,68287.3116226618,51029.5776437652,46575.6731794161,45383.5902697626,60518.9844301848,22842.9976016399,22861.0096466890,63919.0629604509,73263.3899043392,23129.3385587776,51304.5242743128,73474.9642937601,64782.9952648941,40493.7688062397,69039.4201415445,12512.2998109604,38052.6043287847,38009.5669388897,31544.1974807223,34479.8888242701,55776.9276670284,1.9788625251,17709.4150707542,27111.0358806179
1812,56397.9090402121,142770.1145762144,61690.0456898978,131139.9002708418,101333.2394987651,1369.9454665560,110326.0089488127,53559.3789909020,99618.3482410749,97643.9763404841,96668.7275961170,133558.8802573930,67985.6141923276,73404.9182236467,35194.5474543395,118588.9203374746,82082.5524314859,76906.4065332237,120385.5462496205,22488.9024019463,95542.7123623137,105327.2364597654,75079.5551105758,105486.1338589552,53943.5643768532,75843.9026127396,87130.7949642775,67318.6468939409,87966.2635646550,20079.7860796476,37993.1695247406,136209.6661134402,51997.2609846559,96316.3651941414,81514.3171503904,50675.8467018693,110309.4642867960,84312.7956827503,61150.4750350676,105055.8675100007,112204.6655446482,100167.0112858043,90718.8370975675,61968.3585770900,67433.6043144390,127809.7673179017,69406.3500063822,87646.5334629163,108814.3066436256,95663.7864441951,114161.6953112222,99387.2353365192,77187.6000141930,15875.8645046388,60549.6718673997,86539.7059865573,99025.6183970021,89860.1681722464,79581.8973255657,103879.2282142794,85718.0457372612,42844.9856034526,97416.9759794435,45840.0411514798,57730.9110963871,51617.7740981432,94777.0090934671,31693.7364064249,13162.7529077685,64758.4873276617,32874.4252005054,129280.6231742174,71876.8345147826,67396.9796666978,76350.7649888565,67523.1542555650,135745.4341100548,77529.6739865838,78909.9203003295,59092.8665844871,106497.2746209445,5244.2639538146,94447.5788515887,88347.3786939162,68740.9974849125,91592.9757011171,104166.3711203449,22245.4711579132,58469.5084745956,47678.0969932306,31363.6418928063,39859.0495827442,11622.8960093016,103910.8255432923,82598.4468289355,128845.8504637418,107803.4199489701,27129.7186812101,110983.7797568159,95718.2495101888,85364.9670103642,80915.0939150908,135082.7892957458,60796.2484508868,92191.4380888075,79778.8634306141,44908.5873504367,50710.2482729048,89931.4446460912,61279.4680120588,88602.1716359428,61509.2786877891,95116.4666302855,68038.3959384067,121195.6664073663,103114.6328950204,98167.0451722902,72546.6927195144,87473.6631055392,101569.7417498617,73143.3610434157,77337.4935886067,70460.0661350487,102216.4981653321,121974.4975297894,93334.2209147252,99285.8364755000,113349.0355335303,62746.4081817333,57724.0645147503,79658.5603517274,113109.6176457902,104585.6508628105,91978.1968283818,71788.7372803870,98117.5881204440,65454.4239208635,82275.5023342859,81217.9315512950,84375.5545471603,105483.9315540960,54426.0923397988,58639.7494207152,41635.4008873581,63553.1774867136,94570.2718120959,105156.1294343054,114896.8334055661,86988.1513640490,84042.9948381003,107802.2892658187,36106.4859537801,102662.7812212079,16389.5123543176,17487.5599129808,27142.1178905502,97597.2986596851,95638.9756612779,48451.6022737214,73452.7611281604,83081.3061216370,97403.4263538930,75522.0365897781,66935.1174718272,127827.4815394105,63641.8600009895,88362.4467031767,74167.5524776273,74387.5522415066,6625.7301198746,100769.8750353156,90689.1143658554,38445.5759809470,45226.5557588361,82972.9450107968,26480.2529671213,98675.9984141641,61264.8835570802,67716.4438528914,72305.2363002895,80307.9559901183,52885.5940576131,18379.7467017951,86791.3806978367,100809.7654556633,7424.1872042536,81059.9218619209,93216.9303390107,82866.6006568303,51404.8802242440,92754.0875158662,39203.2886593901,62672.0567732764,67119.2189127557,138.1150170418,55578.1156591177,85063.0313456742,32215.4285152173,46667.2992850670,56478.4388588045
1813,56793.6337419699,143799.4273694033,62520.9808226107,131674.7583492764,102255.2560734973,1679.5891266136,111295.7286018628,54561.2903974555,99895.8369170002,98672.4249603654,97345.5725646031,134560.3428136803,68776.1766934426,74414.0165100475,36171.0886220804,119611.7866177427,82553.9999227599,77865.1319319214,121411.8582341749,23466.7557068968,96555.0088532773,106326.8242602556,76105.0992485297,106298.1507853038,54960.7748815059,76089.8032213113,87970.7564476424,67912.5665531522,88971.5911656073,20955.7347056634,39015.3540508604,137233.9264884194,52641.2433075328,96847.8771249641,82196.3407876472,51610.2376331767,111028.3042768734,85339.4663059508,62057.4050067772,106081.9762755918,113209.3149940423,100575.5662402909,91677.1417627617,62997.3457401231,68432.3697005042,128839.0858625877,69821.3988596689,87978.6555939601,109835.3915749885,96431.2591730227,115191.0167508494,100371.6350237300,78070.5470656363,16585.9729722848,61527.3089422934,87565.6634340709,99891.9468810932,90765.6616106247,80362.1723306625,104848.2598715018,86297.0335335265,43866.9901667096,98433.1524203851,46243.4618084961,58490.8683089186,52646.5283465056,95804.5385719268,32539.1956086479,14189.1684786278,65045.3667800327,33837.7656901925,130295.9939357923,72574.9273023767,68421.8357791625,76906.1504704899,68474.9805134747,136774.2540134807,77890.9086105318,79916.3713251545,59637.3352798690,107525.5718533321,6530.7580139645,95434.5256337565,89077.5776540301,69610.0298979912,92013.3355834310,105179.0357782910,23273.2418745582,59433.2835824459,48669.4952885851,32392.5367422513,40759.6656974100,12487.7884831349,104670.7235779316,83526.7470230846,129872.5133977697,108468.0710236345,28107.6290586484,112002.9798901436,96540.0836821045,86347.4492265127,81930.4391905679,136111.6196467027,61808.6330353458,92809.5264875054,80808.1961737632,45917.8566050998,51224.2964614407,90960.8070929969,62291.7242475965,89112.1656358870,62162.9409158016,95469.6823015388,69060.3988936140,122224.8910435431,103820.6367118841,99119.2559112342,73576.0242720808,88261.5364383932,102598.9184286164,74068.7956063887,78362.8620460893,70969.2659095575,103240.3050285602,122994.7692945996,94358.5202667348,100308.0970952415,114376.7430928664,63190.2998351211,58662.6101391085,80495.6469838026,114135.9195678541,105598.7137703664,92847.2978596394,72106.8384215164,99119.5682568430,66182.1520894459,83294.5622879627,81512.9504126922,85254.3145845983,106333.2076286405,55417.5273373129,59666.2025752267,42605.9771772398,64390.2594549768,95497.4300114913,106155.9545830655,115919.9366645711,88006.8428101710,84448.0414890311,108831.4017267972,37124.7119720584,103555.5174379849,17326.4229162799,18485.3044232354,28157.6641429768,98321.8844151745,96535.7224735949,49478.7445757772,74468.4890680513,84041.9691943537,98403.0468723121,75994.7199369965,67847.8440987400,128329.6730226372,64621.8365571770,89296.7993646549,74809.0307856735,75146.0923746874,8673.4686700599,101560.9292593603,91706.4364476129,39409.5224793515,46157.2468931691,83708.7057011837,27353.2153056357,99649.2040899974,61614.6051393126,68378.1287351401,73326.1948805049,80901.5560060711,53905.9807324021,19399.9726303179,87474.3719099518,101645.1492266454,8607.1842712749,82086.6842643884,93788.8309986395,83401.1985056957,51826.4978344796,93458.4181675267,40232.6025056607,63448.5703134234,68148.3230672618,1040.3837579956,56274.2563560557,86092.1912545366,33230.4517135537,47695.0151244673,57505.9113825067
1814,0,0,0,0,0,0,0,0,0,0,0,0,0,0,0,0,0,0,0,0,0,0,0,0,0,0,0,0,0,0,0,0,0,0,0,0,0,0,0,0,0,0,0,0,0,0,0,0,0,0,0,0,0,0,0,0,0,0,0,0,0,0,0,0,0,0,0,0,0,0,0,0,0,0,0,0,0,0,0,0,0,0,0,0,0,0,0,0,0,0,0,0,0,0,0,0,0,0,0,0,0,0,0,0,0,0,0,0,0,0,0,0,0,0,0,0,0,0,0,0,0,0,0,0,0,0,0,0,0,0,0,0,0,0,0,0,0,0,0,0,0,0,0,0,0,0,0,0,0,0,0,0,0,0,0,0,0,0,0,0,0,0,0,0,0,0,0,0,0,0,0,0,0,0,0,0,0,0,0,0,0,0,0,0,0,0,0,0,0,0,0,0,0,0,0,0,0,0,0,0
1815,0,0,0,0,0,0,0,0,0,0,0,0,0,0,0,0,0,0,0,0,0,0,0,0,0,0,0,0,0,0,0,0,0,0,0,0,0,0,0,0,0,0,0,0,0,0,0,0,0,0,0,0,0,0,0,0,0,0,0,0,0,0,0,0,0,0,0,0,0,0,0,0,0,0,0,0,0,0,0,0,0,0,0,0,0,0,0,0,0,0,0,0,0,0,0,0,0,0,0,0,0,0,0,0,0,0,0,0,0,0,0,0,0,0,0,0,0,0,0,0,0,0,0,0,0,0,0,0,0,0,0,0,0,0,0,0,0,0,0,0,0,0,0,0,0,0,0,0,0,0,0,0,0,0,0,0,0,0,0,0,0,0,0,0,0,0,0,0,0,0,0,0,0,0,0,0,0,0,0,0,0,0,0,0,0,0,0,0,0,0,0,0,0,0,0,0,0,0,0,0
1816,0,0,0,0,0,0,0,0,0,0,0,0,0,0,0,0,0,0,0,0,0,0,0,0,0,0,0,0,0,0,0,0,0,0,0,0,0,0,0,0,0,0,0,0,0,0,0,0,0,0,0,0,0,0,0,0,0,0,0,0,0,0,0,0,0,0,0,0,0,0,0,0,0,0,0,0,0,0,0,0,0,0,0,0,0,0,0,0,0,0,0,0,0,0,0,0,0,0,0,0,0,0,0,0,0,0,0,0,0,0,0,0,0,0,0,0,0,0,0,0,0,0,0,0,0,0,0,0,0,0,0,0,0,0,0,0,0,0,0,0,0,0,0,0,0,0,0,0,0,0,0,0,0,0,0,0,0,0,0,0,0,0,0,0,0,0,0,0,0,0,0,0,0,0,0,0,0,0,0,0,0,0,0,0,0,0,0,0,0,0,0,0,0,0,0,0,0,0,0,0
1817,0,0,0,0,0,0,0,0,0,0,0,0,0,0,0,0,0,0,0,0,0,0,0,0,0,0,0,0,0,0,0,0,0,0,0,0,0,0,0,0,0,0,0,0,0,0,0,0,0,0,0,0,0,0,0,0,0,0,0,0,0,0,0,0,0,0,0,0,0,0,0,0,0,0,0,0,0,0,0,0,0,0,0,0,0,0,0,0,0,0,0,0,0,0,0,0,0,0,0,0,0,0,0,0,0,0,0,0,0,0,0,0,0,0,0,0,0,0,0,0,0,0,0,0,0,0,0,0,0,0,0,0,0,0,0,0,0,0,0,0,0,0,0,0,0,0,0,0,0,0,0,0,0,0,0,0,0,0,0,0,0,0,0,0,0,0,0,0,0,0,0,0,0,0,0,0,0,0,0,0,0,0,0,0,0,0,0,0,0,0,0,0,0,0,0,0,0,0,0,0
1818,81418.9583133576,61968.9179454283,45707.7732935310,116259.2337622215,49500.3375052040,79218.0045825948,41013.4758916825,32704.8986920202,113255.8299438864,18299.0661152390,78327.6138526076,59860.8901145103,55167.8815708877,15456.1376108776,48156.4055529691,38370.8252608889,88003.8563321887,32759.7559281040,41168.7843821007,60412.6264515516,19310.5715861147,35676.6519718581,11469.0977748667,68364.6516137530,27991.5230033409,99619.1364986492,54759.9619144688,72183.0536227344,22829.0677993552,64315.1889939101,43796.9200444956,57246.8939337151,65604.3075204930,91536.9665841134,70016.0978078069,39370.3727332265,82562.3930763654,2498.2715664569,42204.1327431421,24447.6793347277,35712.5270382884,104011.6946135081,36721.6417862192,19512.2884142531,25011.5037273764,47027.2522284906,85556.0853390477,101331.2152381577,32049.4856392507,67956.5067292015,33407.9767329164,29568.5935847027,45605.8165874888,71722.1451152580,28233.6138196151,11671.9065576815,57015.1228271637,46241.8838312904,59155.5219626435,42010.7140299250,81337.5956216513,38336.1359453462,24322.5775601984,78009.9124130812,57259.1216717385,29665.7888382824,14001.0847743716,56982.8546118535,67832.5347797788,91107.9096823711,52315.0722920197,52765.3961262183,64957.6177493817,14067.3878162178,78686.2845691621,34495.5213465934,55390.8021437960,93280.9657149311,20253.4001197465,73276.9025560646,26828.0219478911,80148.1580880491,31742.0217091868,68303.5685476621,46390.6918508669,97466.3946991464,26634.5357121644,58643.2761506673,35457.2126930080,36261.1039377347,49523.0704496653,48853.6351149976,71280.0459441461,73727.9690456076,39667.4470889402,49327.9302742425,86590.0467858414,55356.6587272508,31585.3408524499,61304.9823682351,28873.7146689695,11759.4016062747,54204.4702515470,25464.8091352538,81411.1932666083,4781.5837385791,38770.5660115097,73280.6946791015,9772.6442100988,22063.4136398132,88665.6703190146,66124.3486820611,104732.9639143689,17521.9328206242,40703.4355139748,79227.2819633234,41910.8006469939,8176.0436303106,61432.9974595555,20771.6198233195,38584.0255276138,1395.3691470191,79595.3283347510,25058.3177008209,44560.8771093495,17400.7811329872,19682.3914153082,33773.0997804413,80887.9412197778,35010.5829160542,52423.5562468800,32422.3124950484,31095.9289044683,52874.0295885929,92898.2419946550,29716.6765029204,60755.0122447391,14950.5061055772,99795.7582484895,48253.3572583377,63383.9028578289,30680.2671367871,22380.1617290052,42991.5045085913,49978.5002388721,44739.2986753504,30527.1563669968,36994.1723641413,9336.4503608172,93988.5149043722,26969.4394625231,45164.1970841480,55178.4328127418,66778.3821095567,63910.5432993433,54610.2357678011,73873.0256790219,50484.2485860208,32474.4017617669,17389.2129252597,33435.2518996333,24358.4581980051,84518.9239577704,40616.4305776144,116584.2344750354,30571.8568072478,40531.9601815615,70723.9421942406,59850.0496272586,74334.3335031262,68076.5608714056,19285.3376251197,47959.0825842809,43201.6252304407,65270.1536480241,59533.3735923927,37663.6264763798,85909.9717184097,66929.9659345721,21860.7297615552,77392.9598123309,30210.0717006177,62876.2788755211,72368.3821714624,62400.4339881499,74915.5919556404,9051.5483073129,86158.5752488352,83518.7596626009,78465.6068913203,73298.9567204754,41715.1063251578,55975.5829563506,14526.6971560735,82407.1783069014,62199.8911645937,9633.5257782298,49831.2450691680,34737.0294525717,25350.1677883263
1819,87135.8498817084,52234.4619117901,54542.8968512319,115134.2063977879,45848.1471772411,88953.6368569607,38938.5233477153,40567.9271738327,116005.2865905728,8467.8644355041,78556.0076367912,50481.3500721893,58774.0151713672,23280.0256182731,58189.6904363914,30139.3093243585,91032.5225890960,34456.2956522583,31105.9214201586,69656.4471225691,17171.2499520172,28388.6164682201,17265.0151034983,66094.4368273534,38039.9098170087,104130.0251511614,54822.2613455770,76307.3323471789,20139.3480668444,74291.8116340467,53063.1218828313,47177.9802908062,71520.4550720538,92919.2533945275,72016.9715277304,49263.4070135681,80977.9637586792,8301.8266479797,47285.9151858034,16189.6808704764,30548.9123828827,105915.9566305471,34437.6315219392,28681.7768677789,30361.9206873598,37273.9641896220,89998.6260733977,104591.4008866964,22600.2736301530,67455.3917142164,23626.1772206864,28954.8109847460,47308.3112373542,80800.1179093050,37908.9354373088,8784.7698255779,54796.5664376774,45059.9299654675,60895.2033458776,36508.7031314525,83436.2003178514,48223.0183991453,17161.0142585773,84699.4501280569,62456.7599318381,39022.2606452928,7787.4538447762,67057.7560811856,77430.5070876704,96342.3084987545,61093.1642873868,42981.7313965916,68188.0722929213,24136.2282841388,81909.2533772679,38663.6885855693,45416.7684849803,97203.1866231836,21847.2648680475,78458.0338957194,16766.2542555327,89561.8228208631,27561.8588329673,69094.9018169240,49844.1632236258,99947.2765295965,21749.9128150991,68329.5478388284,41701.9629451514,46335.9550419512,59187.9826072112,58906.9361234072,81138.9937593851,72316.2557889578,39892.1100711250,39253.5148211410,85824.3576935838,65308.0356661341,24502.5797918006,60193.3401373428,27740.4456723152,16709.8736178959,44637.4572403033,32901.2681385753,82577.8870158620,10831.4913096336,47487.3562944640,79403.8380927688,1762.5799098514,32102.4335479267,90882.4958645353,70849.4006497889,107337.9389629473,24608.3570190010,30754.5875575444,78495.3195199002,38057.9801201806,17991.4354957919,61891.6702301489,11100.7973614425,41180.3129632153,14885.6972240857,83624.0723941462,15821.6464560116,34708.2372124657,10161.1044224218,13730.2953486760,23702.4218747127,85891.0484385114,44572.1736367086,53844.7536371635,23688.7789653657,22859.3882697749,51772.1516538116,97458.8366111246,23706.3055397032,64835.9468952908,15276.1287152902,103708.6028924454,48484.8204841459,60542.6352325951,40702.9556760913,32296.0897285874,53065.5921289139,54344.5595673765,42225.6434614295,27133.0537360144,27138.7531630128,12782.8868789763,97168.7708825522,17335.7502784186,55039.1758877985,51944.1326189437,76083.7753677332,73716.0912922599,63975.4964611813,73561.4716025193,48325.8785948059,42272.7173140634,22022.1347606684,33276.0760041471,23128.9199161748,88168.1916643822,44578.3974801105,115959.8162971590,36171.2466842502,39269.9928727189,73852.6234721414,62504.8322655016,83972.2815648752,66659.6777960050,14527.9361539937,56424.0794319862,53219.1476879486,66759.4584154396,69579.6431577896,33004.7097666588,91278.6515821375,70828.3668476893,20741.6200441429,80001.9516453945,38875.6431832541,72394.5234629161,73696.3667576364,60390.6877252856,84309.7724301105,11600.7187087515,87546.2326640047,86154.6586810882,84616.3283862073,73741.0982570428,51334.6878636790,60440.5546505413,23529.2981736534,91999.0687164530,67669.2155688861,6055.5875020158,59091.9413916137,44065.5462162395,34401.6161460352
1820,0,0,0,0,0,0,0,0,0,0,0,0,0,0,0,0,0,0,0,0,0,0,0,0,0,0,0,0,0,0,0,0,0,0,0,0,0,0,0,0,0,0,0,0,0,0,0,0,0,0,0,0,0,0,0,0,0,0,0,0,0,0,0,0,0,0,0,0,0,0,0,0,0,0,0,0,0,0,0,0,0,0,0,0,0,0,0,0,0,0,0,0,0,0,0,0,0,0,0,0,0,0,0,0,0,0,0,0,0,0,0,0,0,0,0,0,0,0,0,0,0,0,0,0,0,0,0,0,0,0,0,0,0,0,0,0,0,0,0,0,0,0,0,0,0,0,0,0,0,0,0,0,0,0,0,0,0,0,0,0,0,0,0,0,0,0,0,0,0,0,0,0,0,0,0,0,0,0,0,0,0,0,0,0,0,0,0,0,0,0,0,0,0,0,0,0,0,0,0,0
1821,69267.3458342185,95597.3368385928,24964.6278223758,125646.0059916532,71384.7473795670,47023.7522190433,61636.0156662607,24559.3597322795,109917.1961580539,52313.4326338105,86262.1127409524,92650.6604911150,55720.1090105514,24384.1715123866,14391.2781516867,70131.5282134087,85588.8086771471,46510.2728592553,75312.5473023019,32496.5249741632,46565.9202600834,65916.9598383975,32665.0828929944,84560.9159050844,11011.3959273401,90666.1509015609,66548.1408090557,67618.7250273813,49026.6085365700,30791.0263724267,19125.6197645134,91398.6494323844,54815.0939044124,94486.1830326126,73317.1398461313,9860.2007511904,95500.4419262502,36801.7304264889,41345.0463786598,57099.3320407412,63075.4733465857,104226.9430494002,58093.2733665096,19584.4064229283,33286.2431319751,80770.4839405970,78113.0744865380,96942.3161919811,65427.8070679717,79293.3780468776,67289.1797911308,50393.4525708668,54829.9091878876,43868.2440293562,12194.4703676791,42890.0930934404,74468.1088982909,62990.2873933683,65111.0611317584,68608.2998979223,82873.8781759853,16506.9954632227,55643.0102068123,61970.2514066381,51235.2714318953,14102.4006052355,47277.1835154365,22818.1101228318,36889.0958450680,79989.6844869115,29027.8050737989,86379.0757176707,64844.3035692964,20118.6131922536,76589.7582778604,40400.4706549437,89433.0578148288,87089.8843615729,40902.3077481520,64381.6711744501,60979.8175394114,49846.8122841169,57721.9089418074,75728.8809732269,49884.2683739149,96162.8576021125,55187.1978029730,27585.7998466271,33206.8057577716,118.8159355806,19611.4719450468,15109.5288940608,38463.2945281726,87001.1788298614,54611.4225898617,83502.9503513124,96772.2870901632,22220.0583695347,62277.4953775443,75256.0306673447,50334.6310843152,32120.1243995809,87603.2259430530,25837.3839917838,86040.9429393270,34378.5009305581,21022.3140824251,60380.7612810216,43895.1830288093,12535.4975116739,89045.6212212736,60201.2465106577,102453.1853342394,28123.1359669556,74741.5722418181,89976.3324055668,65376.4389271255,27214.4444037714,70907.7465972488,54714.9345557105,47509.8096437538,29720.8470170497,74407.6470483829,58414.8186766788,78345.3173646738,49821.1919476805,50873.0935873620,67934.9737145207,71740.8380071129,13059.5179028865,60757.8455228233,65118.6581694362,63007.7127995139,68139.0718991198,84297.2234589608,58835.2198723112,58335.9416076861,41072.5907700516,93108.5974276402,60931.1291811332,81607.8580629231,10031.4655818064,13003.4613939113,8816.2239392678,49138.1936039709,64884.4158274756,56007.4777166315,70833.9705666991,38363.5921452965,90476.7341202599,60778.9755969584,13609.5841667265,75348.0490209357,37856.4513960739,31663.7450848545,26535.6793583098,83938.2784845419,68791.4413666845,10802.7037095286,34307.6978225622,51288.1733950377,48254.7841507936,80195.1238248252,44440.8304043073,124382.3711914868,33906.2178531684,58771.8545343837,70040.5733140115,62680.5787899789,42871.9322589377,81988.5205660494,49136.2114378992,28015.7492133915,10396.9146483819,70957.7640338329,25530.3679950947,63355.3326698991,74734.5545467975,64045.1154293261,24113.3648091929,77633.4948594233,19377.9872623812,32783.4603384333,77545.4482227160,78601.0371336878,44946.6095575669,37498.9209727783,89582.1144113755,82958.7883181910,64785.3563061463,81148.6401046509,14197.8901048046,53162.1487204873,23501.7982366263,50994.0370167292,53972.7967457362,39685.3667552653,23474.0337685178,14478.6539068367,17506.9588850722
1822,0,0,0,0,0,0,0,0,0,0,0,0,0,0,0,0,0,0,0,0,0,0,0,0,0,0,0,0,0,0,0,0,0,0,0,0,0,0,0,0,0,0,0,0,0,0,0,0,0,0,0,0,0,0,0,0,0,0,0,0,0,0,0,0,0,0,0,0,0,0,0,0,0,0,0,0,0,0,0,0,0,0,0,0,0,0,0,0,0,0,0,0,0,0,0,0,0,0,0,0,0,0,0,0,0,0,0,0,0,0,0,0,0,0,0,0,0,0,0,0,0,0,0,0,0,0,0,0,0,0,0,0,0,0,0,0,0,0,0,0,0,0,0,0,0,0,0,0,0,0,0,0,0,0,0,0,0,0,0,0,0,0,0,0,0,0,0,0,0,0,0,0,0,0,0,0,0,0,0,0,0,0,0,0,0,0,0,0,0,0,0,0,0,0,0,0,0,0,0,0
1823,83881.4521219373,56500.3486121730,51307.0703854933,114523.3995874595,46216.3522066678,84682.4647077773,40456.7013668739,36606.2347024575,113835.1624719781,12304.0636867670,77330.0029446113,53970.4103875064,56193.8529005060,19924.8996902504,53968.1864139054,33994.5276787261,88730.7212824605,32444.0006210469,35224.0195925597,65435.0807163033,18353.1474189755,30535.0007261994,13572.4648649360,65904.5001046686,33836.0442787506,101304.1362418643,53596.4045851493,73583.3728993436,19758.0999489027,70042.9542667644,48833.0542253823,51309.2509044404,68181.1891574838,91253.1072145351,70071.6741859072,45359.9079539138,80520.1927688019,3660.0615562145,44155.2635273631,19974.4030021249,33251.6620169396,104060.9225246814,34094.9413155869,24444.3749939954,27035.0383846165,41539.8620962348,87182.1166527404,102219.1605446568,26117.1729421797,66505.8811948007,27891.7453261543,29760.4718251835,45390.8044481561,76609.8968305459,34162.1210628262,7826.9745972474,54547.7142352825,44310.1239810768,59020.5643303979,37735.0406655645,81475.7704535749,43959.2644547704,19127.8126670157,81133.1939196761,59335.1552492484,34773.7744556897,9694.5880294704,62906.5639386329,73166.4680958738,93258.5651181230,56953.5869735516,46779.1629030860,65770.4126833258,19971.7937677545,79521.6358978398,35791.1064874542,49677.7848657450,94580.6429662055,19661.6414900166,75371.3306734696,20890.3533271986,85318.9269554034,28044.0031946317,67618.9498286177,47285.3164993129,97863.4148917732,24235.0576487005,64059.5671056601,38183.0699008295,42191.4410727770,54918.4940402185,54827.2691166523,76870.2728778378,71766.1456950182,38514.7845896476,43432.7589057836,85025.0407744394,61053.3228729166,27910.2745136261,59480.7039068701,26802.3689461191,19983.9500403473,48880.0638219117,29014.5016233357,80980.8290647318,8051.7685771478,43348.8505484505,76009.1039972580,5607.6307884737,28050.4593972955,88888.1289984512,67905.3838647162,105214.7328617456,20744.0482282329,35021.9347238993,77668.4661558311,38476.4740433265,13723.3934582889,60529.4010884740,15332.3124107391,38885.8062895847,11070.9804169371,80945.9580214650,19160.0079938146,38566.5748325564,12023.3211266552,16493.4680900333,27847.5079058192,82874.8232699147,40904.5877365896,52068.2580725751,27688.1906387560,25545.4294334755,51022.6343988048,94609.0828880647,25095.9770686250,62103.4377667507,13336.4613849900,101096.1358538310,47159.9282028095,60593.0137438596,36670.9219237403,28041.2122741162,48904.6994396993,51481.8577958664,42047.5373073144,29077.0801277681,30999.0344191117,11822.4799481714,94818.1956442332,21572.6961854942,50773.2658210990,52144.3810403757,71854.3656234014,69444.9250455552,59735.1162601509,72547.8558043220,48022.0665731293,38002.5436277918,18786.9042700556,31995.4688245219,24089.9248113587,85633.5634299797,41813.6149873684,115138.1111172004,32816.7100484816,38515.4557522819,71485.0536294325,60285.7975414712,79705.6257461076,66097.7189621042,15035.2169689437,52348.1377999061,49192.2997214767,65000.0437799229,65366.5433219993,33779.7153752288,88144.4910404194,68174.3891794576,16880.4094864649,77840.6377625604,34735.1774728408,68137.3625702686,72017.6102585016,60068.9521265599,80068.9099847228,8495.8494064401,85869.9676137167,83993.4432186226,81218.6201303033,72417.5968082347,47066.8819236883,57562.3936012055,19299.8075492399,87736.3736463944,64468.6086544586,1134.2743599651,54864.9195680066,39823.0803304366,30188.3622203461
1824,90554.4904021488,48330.6642199093,57218.3422445244,116445.3568052279,46491.6044897064,92841.4328623938,37306.0647057829,44424.5994883865,118607.0106747409,6212.5010338582,80444.3835891334,47831.3205738060,61755.6290958634,26241.5651529788,61942.6107535134,26428.5069067501,93758.2382051090,37132.4287488585,27619.3638672621,73584.7628859496,16346.7904438098,27484.3758445540,21051.7319193070,67133.6534646870,41775.3827420169,107236.9768271213,56780.3531369037,79364.1770163138,21828.5632957155,78092.3028543084,56990.3011056178,43639.0053738792,75005.8147122117,95142.8333958842,74495.6809692784,52628.2398134210,82209.8615042384,11513.8828537182,50667.9386974772,12621.4833430674,27882.2582253660,108276.5228750103,35812.8524401458,32606.8705157295,33910.9426043571,33370.6423493567,93108.7847496190,107358.4322201402,20118.5881807840,69141.7051273063,19723.1065740704,28123.2954168872,49839.2435203839,84727.3028397360,41136.6796075578,11556.1128366603,55934.1282186759,46680.0105230924,63345.3749000419,36432.6285170872,85907.1665705879,52063.6511800072,16793.8560431956,88321.5956826953,65807.8089889567,42943.6090398246,3791.4902438199,70703.2031214670,81338.8563789277,99638.3284620631,65010.5413522786,39951.6422044889,71032.7530766165,27839.8706761826,84710.8318232645,41903.8335222488,41607.4000876201,100165.1735838871,24782.4178289002,81768.6896944867,13354.5376873992,93485.9550502920,28324.9615144249,71208.6831466226,52833.2905493837,102494.9445897220,19434.0727130316,72224.3194315172,45331.0435674505,49984.1896871093,63084.7781451882,62464.0052412330,84994.0146566272,73649.6795321302,42053.0010925540,35637.7148307827,87340.2131363885,69122.7337404150,21219.3907830987,61705.1625829878,29692.6823577109,19125.5868925434,40712.2831097641,36731.1740437272,84761.3530165465,14760.0084729035,51405.3751337362,82919.7856666611,5664.4904358205,35661.1304607224,93370.0043869852,74068.9236530091,109909.6520021978,28440.2904277902,26925.0478851411,80049.7847993469,38725.0778189969,21894.3594633479,63934.1710320826,7172.1446619013,44015.6862587372,18333.8778791685,86639.4354583833,13787.1484017779,31622.7210155869,10497.1806854711,11411.7618080914,20192.7723648000,89146.7408849807,47701.2187317441,56241.8248540774,19880.6134710106,21455.8308366533,53352.5365942606,100587.4638471222,23698.6586512258,67914.9445445772,18213.5990440345,106658.1603878307,50551.6837794615,61390.1006714720,44222.9890065380,36120.0001288557,56730.9261838317,57533.7047482276,43382.3461601671,25245.3030764583,24095.2702005714,14207.4016961572,99925.6234862061,13408.1061963492,58885.4924766512,52699.5878503430,80011.2082396287,77586.2855694726,67900.3444457038,75284.8073528220,49547.2150567787,46138.3616835394,25566.1573764560,35420.5880063168,22285.8284478943,91072.8605438606,47726.1704708874,117452.2072273788,39717.3514593510,40938.3276451720,76650.5228102538,65213.0674067629,87876.0728006073,68020.2474290571,15744.5793617040,60321.7426540307,56717.5576767466,69104.4938950933,73315.7344929252,33405.9035581984,94612.7474230565,73841.8364014050,24164.0513751397,82633.9334858199,42794.9942042307,76310.5363972583,75961.9873738187,61566.5622705816,88234.5815732593,15223.9745798014,89785.5146093611,88778.0821901560,88131.2989700224,75720.0732016548,55236.3693652595,63628.9812710938,27455.8824295696,95909.2515525536,71066.9451864659,9795.7268977217,63019.6251976134,47989.4800386501,38330.1758989170
1825,83971.9879033539,55617.1150770318,52641.9750397025,113703.5177615352,45158.1330736815,85613.7453450168,40967.3951995677,37118.1722872568,113481.8228029739,11095.8308988343,76668.4806210606,52660.5878704494,55981.3342333038,21259.3956988300,55053.3664755891,33542.6363266260,88421.1279707947,32001.7657578956,34082.8232123281,66223.0955407623,18908.6552247823,29224.2086025467,13873.6990563349,64973.4504041508,34946.8645459290,101202.3163998657,52925.2006506289,73434.4540232118,18814.5113637750,71084.3620574188,49637.7643068988,50170.1094894170,68311.8039651980,90727.6300156922,69632.0750180822,46616.4198791191,79656.4214138958,6232.9882261193,44175.7645498691,19555.3056953449,33350.6966791449,103598.6286053988,33176.3392155242,25268.9479298741,27140.8952167595,40659.1033797490,87074.3912095259,101937.7683892998,24819.0498477434,65763.6927406234,27017.0814486841,30457.1782554803,44929.6474158571,77350.3444840892,35455.5842344449,6905.0145803959,53625.0583313674,43502.5224170487,58553.0535759430,36527.1595733058,81044.4309970470,44967.4250724280,17819.8675888858,81387.7711068955,59357.1433747506,35619.6023612870,9508.2794474469,64053.9680177655,74053.9654074304,93269.2575543451,57632.1401101349,45519.2314133457,65498.3674130708,21127.6328718720,79241.9866280904,35688.0850790873,48683.0764832348,94394.5689880010,19252.1620089085,75380.7251888550,19766.4994077041,86146.8083812490,26944.8298612931,67028.1723978834,47059.8829668319,97477.6081555825,24398.6959571485,64979.7452835136,38401.6492844340,43347.7305426099,55835.8953080151,56017.6679299218,77851.9756616680,70922.4696809892,37875.7728630242,42330.1594579865,84248.4179555507,62083.4816052621,27700.6038826978,58673.1489149540,26019.8876629140,15495.6669808107,48062.1986141518,29466.6079338651,80431.3681523066,9628.2879954122,44026.6038017303,76169.6261211869,3463.0433647117,29262.8234542261,88469.9196172768,67848.8125134458,104843.7591452257,21175.7253061777,34054.0899764416,76897.1937929288,37402.4799282772,14652.0364313500,59901.6169858244,14546.5174541200,38552.5854352631,12372.6226791283,80779.8892001788,17848.9791300225,37323.9275407755,10706.4006095270,16524.9640476122,26728.3332604129,82853.3741587974,42208.4633921794,51564.8125396438,27133.4967162831,24209.5796909870,50219.9110410148,94516.5320905232,23853.5168977337,61954.8855887471,12803.0527277036,100906.9605460494,46513.2829886015,59607.0320011208,37887.4381386270,29080.6076545813,50047.6857891751,51384.3656087924,41100.1690093303,29437.4690319955,29760.8298109797,12851.5559666325,94527.6451612743,20772.9132226964,51771.7829879526,51123.1199740595,72656.1777567775,70406.8131730004,60559.0964088903,71825.2451445991,47108.0942852114,38980.3966529056,18831.6331672941,31319.1514706824,24730.6333412028,85411.3698143231,41668.9183471490,114372.5606111431,32942.3206609043,37703.4261246395,71195.8724533752,59938.2375824261,80604.2071977910,65254.9947474218,13890.4122545885,52960.9192011345,50407.2969971240,64497.2005520823,66459.7951179280,32637.4915292627,88177.9347026413,67995.5514803538,18162.8797566753,77478.0152001596,35415.6177569217,69001.8033250681,71491.3331877542,59165.8915786173,80892.6839764604,8419.2687073228,85346.5673070328,83632.2102782770,81381.3740408369,71782.9217716159,47974.8191496428,57473.9908380764,20111.5427689430,88617.8680047006,64529.5753060352,1156.7696403024,55663.5024736019,40653.9404040695,30966.9991557987
1826,91073.4779814015,47921.4684627276,57339.7146246097,116852.4281286457,46846.9767582417,93244.4230336045,36892.8452796044,44911.0499942016,119104.5839602071,6480.5994503062,80899.3864543002,47747.5772951541,62269.5961592698,26429.6883474631,62292.8421032941,25918.1648077195,94262.0960801315,37637.2603427010,27366.4236166555,74026.4360633476,16042.7769017576,27681.1840151260,21548.5176486141,67521.0016021786,42122.6243479301,107753.5473674049,57242.5680767635,79879.8179730540,22285.6907615209,78457.6992879375,57428.3651655837,43365.6426371637,75523.7108815550,95619.6080563540,74988.1658272873,52881.4182580346,82612.4160966859,11748.0924891907,51187.0911944522,12102.7943759379,27391.7975197467,108761.1876058960,36237.3680556631,33041.6722432721,34426.2986063401,32962.9242314313,93625.5183312842,107863.8217806703,20090.4717942973,69582.7839026125,19318.0920737087,27796.1613971326,50336.0889946952,85179.3374597053,41364.7007880653,12072.1725015228,56332.3204637607,47119.7821876319,63836.9847534776,36718.8179643656,86398.7545471698,52445.8808195137,17077.8350931072,88834.8435863622,66327.1583242080,43372.8905999586,3211.2841320470,71021.2489155281,81755.3044806029,100157.5832735241,65474.1023870554,39797.7666188649,71541.9811826683,28181.9330123517,85218.0592941087,42422.9629101799,41247.7837682639,100677.8939422485,25297.5255938660,82288.0243155680,13141.6981295775,93917.9419647739,28702.3627084343,71679.7748353010,53347.7342423730,102990.0911048380,18974.0982496049,72631.8307668716,45843.2717884121,50305.2847119296,63493.7999464728,62759.9168979163,85380.8672406869,74061.8712806293,42530.7018590049,35344.9569148734,87766.2104076803,69493.7674062070,20702.0440206708,62133.6087519155,30161.3730017064,19237.0069195279,40280.9361481058,37222.7915137624,85236.0643704336,15205.1301524912,51868.4088730995,83437.0086768043,6636.3466987437,35962.9392413668,93862.2302093407,74587.6064261550,110405.8701374586,28931.0362905959,26559.8016965387,80479.4932477787,39086.1789301897,22310.9991213896,64401.2257773314,6733.2799620813,44525.8228452929,18624.4148024704,87153.8985612886,13857.2371222860,31461.9000180922,10881.9590629790,10966.6010442421,19939.9638718259,89665.7333268295,47907.5911662470,56731.1362251676,19380.7783427368,21596.2016057025,53787.8075229240,101104.5314192557,24005.8843333132,68431.2674926652,18730.0173946160,107170.4134638152,51022.0079822631,61760.8111907089,44513.0403836397,36497.6010621941,57055.7680714423,58052.1436331356,43785.7133394656,24816.4478179428,23950.3919762104,14196.4278050761,100430.7042670048,12973.5603787771,59269.6131189197,53063.6860499453,80449.6677436146,77980.4074033236,68333.7100738567,75728.0764298292,49954.1876347477,46531.8838637001,26081.1478005016,35898.9225600485,21965.4229267388,91583.8047279018,48244.1658013634,117874.5483309172,40233.0419853681,41383.2850117897,77157.8057492092,65717.0489725831,88289.1107326893,68435.4318218387,16178.3080159273,60796.0136670749,57000.0711667357,69589.8941472790,73659.8883024470,33744.4502590045,95132.1187832446,74356.4337139604,24442.0945157848,83133.8062484418,43256.9291177403,76733.4537094270,76442.2784500995,61966.9837652342,88667.6600770054,15733.3829088058,90263.4909357709,89277.3619708305,88648.5765937855,76181.7966691520,55648.8006817834,64147.3476326407,27893.6723112510,96326.9158220028,71586.0675690109,10280.0897076531,63458.9865855944,48421.8815360668,38773.9772834000
1827,0,0,0,0,0,0,0,0,0,0,0,0,0,0,0,0,0,0,0,0,0,0,0,0,0,0,0,0,0,0,0,0,0,0,0,0,0,0,0,0,0,0,0,0,0,0,0,0,0,0,0,0,0,0,0,0,0,0,0,0,0,0,0,0,0,0,0,0,0,0,0,0,0,0,0,0,0,0,0,0,0,0,0,0,0,0,0,0,0,0,0,0,0,0,0,0,0,0,0,0,0,0,0,0,0,0,0,0,0,0,0,0,0,0,0,0,0,0,0,0,0,0,0,0,0,0,0,0,0,0,0,0,0,0,0,0,0,0,0,0,0,0,0,0,0,0,0,0,0,0,0,0,0,0,0,0,0,0,0,0,0,0,0,0,0,0,0,0,0,0,0,0,0,0,0,0,0,0,0,0,0,0,0,0,0,0,0,0,0,0,0,0,0,0,0,0,0,0,0,0
1828,0,0,0,0,0,0,0,0,0,0,0,0,0,0,0,0,0,0,0,0,0,0,0,0,0,0,0,0,0,0,0,0,0,0,0,0,0,0,0,0,0,0,0,0,0,0,0,0,0,0,0,0,0,0,0,0,0,0,0,0,0,0,0,0,0,0,0,0,0,0,0,0,0,0,0,0,0,0,0,0,0,0,0,0,0,0,0,0,0,0,0,0,0,0,0,0,0,0,0,0,0,0,0,0,0,0,0,0,0,0,0,0,0,0,0,0,0,0,0,0,0,0,0,0,0,0,0,0,0,0,0,0,0,0,0,0,0,0,0,0,0,0,0,0,0,0,0,0,0,0,0,0,0,0,0,0,0,0,0,0,0,0,0,0,0,0,0,0,0,0,0,0,0,0,0,0,0,0,0,0,0,0,0,0,0,0,0,0,0,0,0,0,0,0,0,0,0,0,0,0
1829,74174.9993874267,89125.4439583422,23138.2561482655,127008.8630061168,69445.9777224415,54153.1647345976,54498.7234082950,26556.4649224134,113647.1912495721,46715.1567512655,87566.8917321269,87816.5076292846,57890.9561928982,17420.6394641783,21369.6752194475,63309.5728629749,88925.7611726314,45522.7645206384,69535.7472068394,39414.1375078951,39558.0907076353,61831.0821237555,28866.1053654079,84095.0635656558,9069.9458488802,95245.0350828627,66698.7407480645,71097.9731029176,45561.5447857492,37724.4624099342,25056.5836492604,85588.9004023962,59220.9434185503,96890.6166584829,75356.0636809662,11366.7689617643,95871.3050736833,30601.0504203060,43188.6127861459,50509.5327402294,55953.6668298456,107251.7743238344,55970.3139736345,17401.8269382776,32364.6507602028,74384.5053346855,82291.8269790392,100762.3208074552,60244.2963618974,79789.1124344687,61021.1308766550,43218.0156858268,55169.3962017232,50866.9650427861,5578.7935203673,38111.4443926774,73571.4310473961,61999.6961738217,66437.3621589729,65513.1061628884,85414.7066432763,14918.1498299259,51119.2893515895,67451.6979988242,54604.2307736309,16113.4269764388,40939.3919316177,28980.5586554505,44065.4100986381,84842.5942078169,35115.7387867470,81101.9495131665,67393.5568094807,14736.9699664035,79744.9354020748,40695.6998804174,83224.3243739512,91143.5262627196,38128.5239432973,68623.4028358912,55202.1300416627,57019.3777413770,54565.7443552999,76975.1228124199,51228.2130236927,99403.0833997331,48165.4260625508,34752.1966998447,34750.1458781134,8712.6881553137,26613.7694917788,20518.4659895328,45537.0948299913,87199.5662786806,53741.7121706767,77593.9649741228,97738.1832929864,29310.0806505331,55372.6876826795,75129.6013549081,47923.3081452944,25279.7888318617,81062.3145395819,25674.9913664721,88011.9415251727,29217.3106737145,25265.6192310540,65288.6189984155,38191.2955113936,6338.1283529900,91889.4483184989,63791.4402572983,105931.9909701784,25759.2924785227,68561.1314100558,90746.2578557786,62964.6182487308,22473.8171839814,71638.5047777660,48549.6956216401,47593.4933518524,23625.6638996300,78118.1036573925,53214.3339843934,72946.0891399244,44889.5793037385,44127.6869918429,62119.4956450934,76145.0583322643,20105.4636458162,61476.7197136901,58481.1284022022,58384.1522537552,67589.9647358738,88754.1168516452,54950.9559024955,61186.4158069884,37233.7318831501,97309.5222440938,60746.8030108810,80653.7880032340,340.2409381328,17683.7390750212,15327.1573801191,51361.4976493507,63204.4006042401,48856.1303153412,65388.4115191534,31582.2854093395,94073.5885955627,54503.7112748246,20724.4194188708,73863.8810679673,44921.5216424709,38819.6166052407,33395.2782698645,84770.6444324192,67599.3856141860,12467.3626198235,31623.4363374634,49674.3840737979,41102.8572458535,83823.9968235559,45447.2825106359,126063.6148925726,34202.4556106196,57343.5380463576,72809.9450987298,64584.5151253811,50046.4286169104,81980.3603872020,44862.1538182716,33358.0741437830,14782.0492376514,72468.6764400200,32215.9530506702,60388.1958174578,79539.3591020624,67125.9216864173,17824.8399907673,80351.4747202122,21186.8092544788,39915.0445979683,79280.5396430362,78046.8135032237,52102.6524909055,32965.6928248025,91837.6556129220,85908.3949905144,69899.6905976507,82397.3385089141,20516.1458140554,55939.8221024775,20015.8184143709,58164.1676307305,57861.2655135245,34348.0280169122,29974.1880553707,18503.7718931499,17597.0410047081
1830,91887.4935184528,48120.2647062245,56228.1846071332,118372.9444891538,48429.3877094167,93063.5660879917,35385.5632731790,45265.2795036760,120320.9900800176,7712.4336006828,82311.2627398756,48975.2719043707,63325.1029733968,25511.3653370777,61885.7029264301,25377.5647903191,95430.3961583756,38805.5277474207,28189.6006800795,74056.3976950658,14432.4418331622,29273.8758579581,22029.6836203966,69070.4900235669,41715.1193088019,108754.3736080181,58632.2211657111,80903.0019588155,23697.4651204449,78108.6687948648,57443.2744718390,44107.7338813396,76288.5355057510,96951.2535936539,76240.1364725160,52131.1368739080,84140.3581635107,11031.0151422504,52022.1846773873,11406.4913616486,26149.5234730064,110055.1052142893,37727.4372937394,33057.6378908791,35138.3656295843,33183.5550533096,94623.5510345333,109017.5439984669,21439.9229949565,71033.8873570954,19584.4935190091,26194.5286345796,51562.8885897666,85269.5409515037,40544.0141376290,13135.2238129181,57867.0769668444,48575.1316843145,65095.1978756384,38330.9314757638,87655.3911864984,52180.5092451637,18689.8998303273,89484.9545471872,67184.4964522427,43347.0906872248,4497.1216569801,70486.1049311826,81644.4223176059,101052.1216202521,65644.8614966065,40874.8694596306,72659.2069583539,27771.6816334147,86355.3092406231,43341.5038201135,41677.0496717765,101748.2394307191,26349.7195067401,83172.3254628382,14123.4271589427,93888.0583392361,30263.8804294573,73036.0482786456,54397.2277988827,104223.6340485389,17594.1648001253,72477.9861980482,46487.3841893036,49790.1418083540,63350.5698798467,62147.6807272004,85125.1436521369,75573.9731055257,43862.3734012405,36029.9834680019,89251.6795805891,69171.5406564229,19768.5756961903,63614.3805191702,31531.8906708068,18137.2343295020,40368.6749005996,37629.0831567163,86576.9557175612,15334.3907089901,52041.4780188825,84178.4783697666,8106.7231049516,35388.9337327072,95114.6363648337,75524.8076443636,111631.9622360877,29339.6564225405,26985.3926023839,81957.1305634192,40663.7313142984,22251.6631854880,65773.2896965556,6962.2962480970,45637.7537633930,18048.9461372471,88197.9914726203,15352.1711637077,32528.9528890111,12435.7140283680,9546.4158244418,20780.2432895289,90583.6827374621,47019.4647751983,58003.4044919888,18996.6419495855,23152.6849358703,55253.6033767809,102093.6374917698,25613.6204410891,69441.7173384855,19766.1668676643,108246.9800218793,52382.8255115840,63329.3154240726,43889.8236302696,36224.4389290515,56551.2264713468,59003.3755577433,45312.8917676433,23343.2475793470,25064.5872704665,12855.7736565098,101587.6738455945,13122.2815505882,59009.4054168708,54638.5871463335,80459.2549541748,77760.2365353376,68317.6562189924,77173.3712050087,51475.4965803341,46322.3573261085,26795.2949760930,37229.1612187319,20360.5845315598,92678.7128389364,49214.6332243020,119367.2213798123,40948.1551247896,42825.8571765217,78295.2052995167,66886.7495570154,88159.3154012672,69942.2704020354,17652.5491520849,61044.8503366386,56343.9558668159,70881.9412789945,73224.4724959385,35338.5556831269,96002.6363606746,75399.6052747807,23804.4403328386,84335.1881709075,43428.2402460908,76657.7825888954,77758.9049102012,63498.3688287965,88644.8515235164,16381.2996347916,91590.0201344275,90482.7751323204,89390.9610391728,77572.1158150780,55526.2122895338,65100.1861299722,27935.1334707179,96219.4838223846,72413.2291629298,10717.4778915949,63478.8693104323,48409.6562260897,38835.1556335917
1831,97607.0676161774,39324.5691445350,64917.9989190161,118163.3692393210,47392.0892415746,101872.9907006871,36798.1320656680,52915.2161796728,123451.1614149320,7430.9868180114,83730.1773479341,41042.3386640228,67807.1248785221,34573.0989347760,70959.7237390163,19377.6957220095,98997.3367295154,42802.6843143668,19193.2075785778,82486.4199400430,19518.3839457029,25672.7132767029,29471.6198795374,68566.9850916506,50787.8827175827,113408.7884857925,60473.6170868161,85499.7977357418,26157.0072762833,87130.8795804752,65915.9365990503,34988.2824940202,82286.3796753313,99141.5870041807,79233.6149890816,61283.3432710222,83939.0224438229,20202.8482346578,57794.5681276964,8117.3969848219,24915.6922975114,112553.9720264059,38693.5722072086,41559.9676156944,41604.0440967144,24366.0458918248,99328.9926541640,112652.9478792856,14903.1742888459,72053.2101436087,10726.6493291538,30035.4850875424,54951.4900161393,93559.3440071439,49664.1876284429,18749.2868774076,57758.5159119079,49784.4453684210,68108.0849038103,36035.3800016329,90555.2037416334,61110.9942067058,17586.4022966794,95961.7535488952,72764.3899859190,51912.4469367613,10321.8552106715,79637.0580337474,90342.2555304626,106333.4016992605,73755.3043830674,32399.6408761931,76683.6291531240,36843.9946723450,90179.2489448958,48768.1751416094,32577.6456733828,105979.5860371208,31355.3958120362,88554.0424498239,9182.8405758002,102432.8269419429,30254.4394499215,75102.9928148234,58980.8426541313,107256.3037715445,18430.4295341361,81248.8475719519,53133.7337516141,58931.0351044664,72106.9711501688,71317.6316462289,94040.5863962180,75692.7253830775,46472.9240288390,26880.1185808607,89696.5717158149,78166.1392962751,16553.2398959015,64300.6808174794,34065.3682145950,26999.8577910437,31811.4821730169,45156.3034620687,88720.8695395655,23699.7338012373,60165.2419996854,90263.3455609696,13538.1775049027,44549.1405018670,98021.0009563864,80645.4016907315,114704.8293201056,36915.0957272158,17887.3700867662,82551.7346107558,39923.3994682410,30910.0826832683,67733.2790711557,863.0383820313,49913.5457284312,27203.3341108681,92638.4353485316,11182.5946185945,24087.5266330243,14339.7863765093,12329.2695305444,11877.2541610711,95762.0803907056,56080.9764535011,60958.1211588406,12535.3348712143,19012.2344023543,56234.4729509401,106833.7130412030,24315.3151363543,74165.9162129074,25099.3146358698,112421.2505629516,54591.2697801928,62459.9435237717,53060.2554597968,45166.4830556534,65687.8093891706,64127.7261679144,45528.5578454401,24790.9186206184,16928.4981584570,21228.9437662420,105219.1907544326,5034.6996086305,67932.7407683974,53711.1534878584,88928.8170096549,86628.7121209553,76845.0989758084,78223.6532625713,51686.8530947260,55181.9339010399,33366.7661859915,39983.3665333195,24650.2224261262,96772.8482479979,54305.4105447411,119596.2986453129,47345.2465722292,44294.8309110992,82152.0133240890,70574.4885092694,96887.8558580710,70186.7364152630,19887.9478314644,68956.7378843567,65515.6340785737,73565.0475156682,82320.5283936744,34239.2639884190,101423.4807807253,79895.0971692104,32974.4402878630,87693.6268230737,51573.5051488814,85294.7365170179,80178.2445091479,63389.6350242434,97177.1734702336,23429.3359615523,93850.1148030640,93785.2887838221,95459.6361899678,79257.2907407414,64252.1350110335,70180.6048839164,36401.3790394163,104908.2729603812,78123.7493746125,18526.2540275264,71936.7080568382,56944.0918011719,47236.3682262220
1832,0,0,0,0,0,0,0,0,0,0,0,0,0,0,0,0,0,0,0,0,0,0,0,0,0,0,0,0,0,0,0,0,0,0,0,0,0,0,0,0,0,0,0,0,0,0,0,0,0,0,0,0,0,0,0,0,0,0,0,0,0,0,0,0,0,0,0,0,0,0,0,0,0,0,0,0,0,0,0,0,0,0,0,0,0,0,0,0,0,0,0,0,0,0,0,0,0,0,0,0,0,0,0,0,0,0,0,0,0,0,0,0,0,0,0,0,0,0,0,0,0,0,0,0,0,0,0,0,0,0,0,0,0,0,0,0,0,0,0,0,0,0,0,0,0,0,0,0,0,0,0,0,0,0,0,0,0,0,0,0,0,0,0,0,0,0,0,0,0,0,0,0,0,0,0,0,0,0,0,0,0,0,0,0,0,0,0,0,0,0,0,0,0,0,0,0,0,0,0,0
1833,0,0,0,0,0,0,0,0,0,0,0,0,0,0,0,0,0,0,0,0,0,0,0,0,0,0,0,0,0,0,0,0,0,0,0,0,0,0,0,0,0,0,0,0,0,0,0,0,0,0,0,0,0,0,0,0,0,0,0,0,0,0,0,0,0,0,0,0,0,0,0,0,0,0,0,0,0,0,0,0,0,0,0,0,0,0,0,0,0,0,0,0,0,0,0,0,0,0,0,0,0,0,0,0,0,0,0,0,0,0,0,0,0,0,0,0,0,0,0,0,0,0,0,0,0,0,0,0,0,0,0,0,0,0,0,0,0,0,0,0,0,0,0,0,0,0,0,0,0,0,0,0,0,0,0,0,0,0,0,0,0,0,0,0,0,0,0,0,0,0,0,0,0,0,0,0,0,0,0,0,0,0,0,0,0,0,0,0,0,0,0,0,0,0,0,0,0,0,0,0
1834,88149.0883345623,53099.1669526696,52142.4099422300,117630.0323984564,48565.3372923302,88093.5762185340,36723.0524642751,40736.9894879286,117816.6818158275,10825.5669724023,80822.0527227676,52855.5079799240,60315.4409318762,21044.6180533650,56920.6208553075,29885.6567061093,92761.4954558813,36319.5672012068,32845.2584252879,69178.5886284742,14747.1644212973,31204.0111751449,17834.8799094884,68698.4604322816,36748.3239394653,105504.2548135507,57077.0050229932,77753.2752948582,22625.9569545890,73132.6105310214,52561.1563278707,48850.0125124399,72452.3076922872,94993.9898097836,73944.2875851079,47401.0437592581,83513.2699279502,4271.9064178629,48405.8466192462,15866.3450442679,29041.2806218862,107898.9442187395,36974.9357731210,28195.3501029487,31302.1469912385,38164.0128392070,91378.4720763509,106278.9095789456,25024.0949598099,69823.9104059715,24561.9045888860,26438.7839284809,49236.7016737805,80431.1778671219,35905.6021901992,10932.9197141491,57379.6050942733,47483.7068825723,62854.8507830135,39330.1082358391,85358.9314722335,47200.7763089074,19995.0039030036,85392.0720785309,63587.2669032085,38447.2814121226,6013.5347518347,65574.3169092355,76694.8567792055,97508.3907149731,60881.9062951802,45125.9238014339,69839.2174558893,22802.8655505369,83583.0901126592,39986.5994672161,46625.0180161076,98724.2451454825,23584.2634880182,79620.2507651312,18585.2253841257,88972.2990470677,30280.6234883142,71250.5414211605,51395.7521313992,101805.7134898388,20066.1389959086,67515.6911591649,42451.1916249736,44865.8501061658,58392.3132516714,57286.3519571542,80145.3960717200,74821.0060827426,42069.2484261956,40824.9080360031,88252.4550400395,64192.3905451417,23653.5681895039,62640.7349471552,30069.2790446131,20640.4650725828,45330.1700731683,33196.9070190081,84682.7876881106,10677.9336822250,47290.3794309393,80280.6318144085,5361.1467248016,30497.4139576823,92788.6845569845,72127.9578864221,109175.2407984138,24948.9561038984,31931.0116082961,80911.7423316911,40778.4200126132,17359.6159869246,64093.6890707600,11930.7312326766,42892.1802433118,13152.0684620607,85104.1161725914,18384.8725082674,36809.2071500720,12991.0463828236,12243.7557616134,25418.3864804522,87113.0498505194,42480.3852264809,55850.1026255456,23713.6139389853,25602.4188089485,54201.8126966457,98814.2509976563,26531.0950308009,66273.1022311574,17104.7400695862,105237.4529947836,50693.5353766688,63202.3480800714,39035.8009973793,31244.9282729105,51622.2890058337,55682.3363120292,44817.7138154461,25115.9836493119,29263.7629758860,9785.4506353008,98868.7335148133,18102.4898896443,54029.8069823896,54632.0052034776,75567.3627487487,72784.0484748891,63413.5435891916,75908.7831960598,50889.5512603528,41349.9712199257,23038.8925486130,35483.6714386848,20649.7861054227,89747.8124246557,45984.3224120011,118386.2761927886,37086.6067819580,41685.5572296169,75537.0097958033,64275.2327863144,83202.8967422145,69158.5109250342,17206.6617738015,56365.0565570434,51518.3128307915,68780.3118138460,68268.3968134693,35777.4720884652,92400.7980887455,72322.7997462516,18959.8099904592,81811.9023047639,38685.0744129554,71722.6289099013,75759.4923490177,62956.9576325341,83733.4082225748,12685.5224801946,89614.7887805452,87966.1843708056,85490.0696813557,75964.9580336172,50576.0721903696,61768.3210359064,23102.4143456058,91269.9890214650,68730.7283056007,6837.9331773889,58597.6742592902,43514.9497280916,33999.3120812082
1835,90764.8169437676,48909.3252635116,56067.2531587100,117417.9197030663,47577.2836592705,92255.4139681105,36366.7992380487,44238.0044262196,119209.1262125327,7353.9016004854,81270.5636566151,49018.5245503224,62194.2583605751,25175.2545898870,61197.8619905517,26442.0132683565,94310.3069576898,37687.1730958538,28589.5130381371,73150.2214174004,15208.2685997704,28733.3890315880,20961.4672288764,68155.0556850253,41025.1961236031,107621.8182469735,57580.8194674518,79770.8298024590,22665.4675637920,77388.6905197155,56542.2735147448,44569.3936189280,75171.5251627636,95872.5487298498,75137.0985940468,51666.7961361229,83195.2193691400,10528.4349570705,50896.6768735527,12497.5476413893,27262.2332655349,108963.1507009404,36747.8441786327,32152.0929377167,34026.8852972663,33958.5607762081,93490.9859989530,107895.2363388132,21345.7411964779,70018.7870164571,20329.1493564984,27010.4154073794,50454.8656503945,84339.0192188599,40131.5797962018,12008.6615348358,56932.3819529551,47565.1328271219,63994.1481417528,37614.3108810885,86553.2583890810,51413.0569633359,17983.9534962411,88386.6322677258,66057.3873816916,42462.0246960027,1831.7600217844,69876.4982898246,80801.8172566091,99922.6390833021,64681.9584762209,41066.6275900836,71532.9704444060,27079.8502484860,85231.1246372581,42210.1981020588,42340.1364273487,100617.9593739322,25219.7104783260,82043.3899720525,14393.5069710819,93008.7897829364,29374.8680605339,71968.0806816054,53266.1864147259,103115.6329529324,18667.4113123877,71655.5357681752,45388.4504818883,49166.3661846193,62522.3166080354,61587.6279174945,84354.9421110345,74611.4236545685,42786.4803230765,36530.3552138545,88262.7866010038,68436.2014427045,20897.3959997316,62622.9164677901,30474.9314011954,17964.2479782106,41210.1865290041,36585.3009503118,85502.1162611196,14371.9278700998,51076.5108221051,83064.8481184915,5906.3937387577,34800.6360253556,94011.2777135067,74393.1161729204,110522.2214531006,28293.3390105192,27646.7177609758,80961.8684913546,39802.1835239916,21374.6197334078,64712.7885808273,7695.9778248953,44511.6138147566,17454.8203618105,87066.4644807010,15052.2551884681,32729.4656626074,11553.8040432223,10610.1820092964,21164.9865924949,89452.8566916174,46660.8075156397,56906.5312261418,20013.6019828352,22722.3683789477,54250.7076468857,100961.0552321612,24859.8193579970,68309.3190704147,18635.8308314397,107117.0586917563,51318.1626293199,62446.0208181264,43335.4977820775,35458.4791457212,55921.4975533599,57871.1911349658,44370.5474410271,24358.6075461902,25221.2217172001,12955.9694704011,100465.8776393931,13918.0805980318,58239.9241953841,53768.8974496155,79562.1300967329,76971.2562952334,67430.9909749205,76153.8668895842,50525.2969319827,45525.1687583530,25682.3028188107,36153.6504200703,21165.7391278353,91550.2151276652,48082.1003062885,118383.8538828083,39836.7666848369,41807.6701269305,77171.1458244639,65767.3691972538,87326.0135197056,68974.6210142247,16669.7625752989,60053.4976226381,55813.1753008308,69790.3733252403,72553.9606178954,34521.4406229547,94874.7912049744,74268.1027670064,23255.3967933509,83220.8617656662,42462.7783113511,75798.4779760042,76675.2536576412,62558.8489415296,87762.2420124047,15275.2309990737,90509.5319193577,89369.1089050772,88277.2872424255,76519.9531085204,54687.3147720296,63967.9954361577,27017.0432861954,95375.8464070813,71288.9309655822,9649.0972815447,62576.2666196440,47519.3821536433,37912.0585027096
1836,0,0,0,0,0,0,0,0,0,0,0,0,0,0,0,0,0,0,0,0,0,0,0,0,0,0,0,0,0,0,0,0,0,0,0,0,0,0,0,0,0,0,0,0,0,0,0,0,0,0,0,0,0,0,0,0,0,0,0,0,0,0,0,0,0,0,0,0,0,0,0,0,0,0,0,0,0,0,0,0,0,0,0,0,0,0,0,0,0,0,0,0,0,0,0,0,0,0,0,0,0,0,0,0,0,0,0,0,0,0,0,0,0,0,0,0,0,0,0,0,0,0,0,0,0,0,0,0,0,0,0,0,0,0,0,0,0,0,0,0,0,0,0,0,0,0,0,0,0,0,0,0,0,0,0,0,0,0,0,0,0,0,0,0,0,0,0,0,0,0,0,0,0,0,0,0,0,0,0,0,0,0,0,0,0,0,0,0,0,0,0,0,0,0,0,0,0,0,0,0
1837,0,0,0,0,0,0,0,0,0,0,0,0,0,0,0,0,0,0,0,0,0,0,0,0,0,0,0,0,0,0,0,0,0,0,0,0,0,0,0,0,0,0,0,0,0,0,0,0,0,0,0,0,0,0,0,0,0,0,0,0,0,0,0,0,0,0,0,0,0,0,0,0,0,0,0,0,0,0,0,0,0,0,0,0,0,0,0,0,0,0,0,0,0,0,0,0,0,0,0,0,0,0,0,0,0,0,0,0,0,0,0,0,0,0,0,0,0,0,0,0,0,0,0,0,0,0,0,0,0,0,0,0,0,0,0,0,0,0,0,0,0,0,0,0,0,0,0,0,0,0,0,0,0,0,0,0,0,0,0,0,0,0,0,0,0,0,0,0,0,0,0,0,0,0,0,0,0,0,0,0,0,0,0,0,0,0,0,0,0,0,0,0,0,0,0,0,0,0,0,0
1838,87607.4577447546,49950.4390825472,57965.5751057394,113225.7009743349,43441.9475315818,91428.7832910241,40553.4643667600,42156.0392446135,115321.5932066984,5155.0213717292,77135.5747911067,47077.3993987336,58578.9567947059,26676.5349722783,61023.3031521411,29201.0624985572,90498.3786427912,33880.6829500121,28101.0790797724,71807.2232023312,19321.6571267573,25184.2256327539,18710.3279510167,63972.2723634911,40926.6174976788,104099.0696963868,53465.6005237636,76210.7899153751,18519.7360258951,77025.2345113906,55267.9634103705,44188.3357724099,72121.4502457691,91825.2724672438,71196.8647579949,52485.8073020826,79003.7041844025,11927.0221334582,47716.9138337891,15639.2020773522,31186.3062531900,104964.7240985028,32558.6832000776,30980.0377372103,31141.4043703779,35018.8359750798,89975.0924477343,104106.4779304858,19191.4564713961,65851.7629840420,21437.1946768457,31142.4104558016,46552.4144675052,82832.3031446717,41209.3008647507,8463.5466028047,52743.1350532202,43393.4320177701,60044.7406068011,33672.4908220352,82606.3541044276,50884.4404537429,14124.3585573003,85573.9381144339,62821.7103721306,41338.2715027928,7752.0329644942,70035.2383947000,79806.9956943275,96602.6243560147,63001.6718513016,39679.9962646540,67807.3738805558,27106.0055931306,81470.5397275567,38868.2836737481,42825.0984794176,96970.8718185558,21635.4443458222,78747.6758483144,13791.5796056662,91794.2909107362,25212.5089564649,67890.3839591693,49664.4411780533,99202.5027367708,22749.3944308969,70785.0514618976,42628.3922522577,49327.0728935820,61641.3814325550,61981.1571389740,83733.2916832220,70419.4443935153,38735.7430464745,36360.7705686660,84077.7448033017,68016.1872531751,24369.8911437608,58438.9332208690,26374.9854029516,20135.1196298394,42549.4716253402,34404.6475370489,81443.2231671154,13204.7033301919,49418.6750213028,80060.0278746205,2606.4988941344,35206.3255942028,90070.5183083888,70996.2233515848,106620.1636861802,26152.6043103706,28254.5033874840,76780.0375395780,35659.8857964003,20531.4977622838,60616.8279153554,9442.5666380208,40800.4394458351,18132.1337766383,83467.3997034974,12389.2336415322,31439.3046869199,7424.7673473301,14717.5504713140,20753.3088325493,86089.4068974025,47905.0929311013,52936.7973553463,22516.5065104989,19505.2121487709,50073.5219200144,97460.7039005979,20877.0669258773,64775.1755981205,15102.5800921391,103458.6123749600,47233.5000414024,58282.2059569204,43826.0639332815,35029.3119776169,56029.3291232126,54453.3134124005,40179.8483806336,28524.7224437261,23868.3142607644,15985.9544033407,96672.0799321263,15456.9341879240,57677.2298393031,49616.5387162621,78262.0509240872,76265.9205345359,66213.2573916680,71991.2288633813,46333.4083787606,44870.0106800651,22826.2936247748,32103.6042816041,25293.8669583653,87861.0752571840,44632.2975680573,114196.6297610127,36929.8114921650,37643.7164063427,73410.8777859869,61954.5995477454,86372.2892846303,64783.1854611544,12480.5263094505,58190.3017768462,56347.4945999621,65793.5876784566,72432.6373744018,30430.6527723695,91603.0420316623,70672.6297465906,23976.0152839055,79356.8399047908,40836.8330641285,74719.8888295165,72646.2307619794,58368.4037618341,86534.8628905572,12693.9449180330,86468.4453775262,85498.7080488739,85268.4747794065,72405.5140239946,53771.8255840667,60544.4047847406,25825.1504266210,94356.6573259462,68112.0185234291,7880.5204804899,61276.2496875540,46340.6642662688,36586.1739829276
1839,82915.1264899406,55247.1917244960,54680.1983152517,111446.1400679732,42747.7012763665,86219.2112247841,42962.4898441218,36884.8762416064,111749.9286358193,10006.4149995115,74570.9479289950,50894.4587220142,54472.9538672187,23314.5388814192,56079.9281291016,34137.8008820522,86755.2636839071,30207.5188099553,33042.6615909036,66510.2642507870,20995.0926259885,26941.6090119423,13445.7832791373,62632.9195399551,36077.7305872021,99833.0926315406,50825.9533145542,72006.6988888323,16486.5518320948,71978.3607936791,49983.1832304415,49106.1905760337,67332.5596855129,88781.9862817162,67800.6441642322,48199.0668481264,77365.2381132337,9455.6063415246,43045.4806942237,20298.2386791741,34843.5309790665,101727.6830129184,30853.7135836437,25738.3756304189,26210.0370380540,40322.4113693834,85701.6378946215,100306.7709346431,23163.9629211902,63585.4414939864,26746.6623510547,32648.4050665310,43088.7300678275,77524.0272103308,37209.2718264435,4988.4292166930,51292.3846875183,41269.7232392791,56692.0917152132,34105.9110102691,79218.9059665801,45803.6225857862,15533.6314432851,80612.3337648431,58207.2138235546,36089.9139029348,10824.7329727375,65252.5307285534,74561.7992073642,92078.2418738350,57693.0828978762,44017.4391405645,63896.2282223557,22439.5736761695,77621.4479925667,34380.1577226655,48040.3672671807,92902.0645803007,17558.5673929314,74197.0787066305,18854.5344722943,86508.9220922517,24522.1852440032,65012.8079593937,45543.1649453951,95706.3299261615,26011.2985142206,65572.7973541587,37620.9403400757,44594.5947149395,56432.1164826786,57357.3887194117,78586.8576833949,68649.2448013908,35824.5738280362,41392.2946795500,82033.1116249316,62954.8726227776,28745.0835552153,56434.4826442420,23828.7855720168,17838.6365044897,47858.8083208197,29149.0255552058,78459.8271944538,8130.2207429131,44109.2342900421,75234.8905864792,2458.9003977310,30715.3593800030,86658.8946214134,66566.1978944692,103090.2598563280,20878.8669900007,33516.8444853920,74688.1574965598,34986.7571345171,15463.2539186040,57847.0335078840,14620.0893761929,36894.6248899084,14240.7289422650,79322.5425611668,16140.2717898570,35907.7844096750,8470.0235375973,18014.5837715402,25786.0560130590,81616.2938705342,44007.6418121264,49663.5183082719,27561.1415856721,22110.0704527062,47988.5604431064,93163.8053707629,21452.7838991057,60536.0246957870,11000.0097529797,99407.7765933810,44445.3036770120,57231.4738869960,39335.4940982770,30038.7469714245,51245.7300253111,50054.7999744826,38752.9222485612,31279.9870894182,28380.5907545844,15268.2650163483,92886.0830674525,20727.1342641972,52572.9659964162,48729.0424657954,72968.4631832000,71097.1639140551,60932.6711960662,69665.0395265813,44783.4288073502,39752.8766398736,17863.6207383361,29234.2786328823,26880.4057443960,83869.8655521345,40282.3535162772,112164.2861464209,32018.4576887218,35470.0381824771,69566.0488548234,58234.8864669297,81133.8956681213,62983.6114868761,11460.2295421183,52892.7412385655,51834.3949498868,62588.3837330898,67498.8008224925,30206.5660796705,87025.7268760149,66526.7880107062,19911.4305082009,75744.2879034922,35527.8949554504,69459.7192436322,69550.6563974755,56846.7797497138,81248.5937304430,7521.4287678249,83404.8134145477,81897.8875290595,80447.0280946301,69716.1332805750,48559.9795945522,56151.2772384068,20593.9982657920,89102.6664147313,63437.9795410322,755.6793150546,55986.1719098769,41076.3223156722,31305.7376741735
1840,78019.8486088879,63022.4943509759,47976.8023185516,112257.7274970850,45910.4496421769,78238.7980911832,44853.9340248428,30060.9429208923,109329.4178982695,18118.5598355298,74282.7485957623,58601.9907158567,51301.2209407680,17148.2134282055,47949.9568266940,40558.5285130803,84096.8318846992,28713.8704596429,41167.8383451807,58825.0446511660,22966.4293386270,33329.0402731023,7150.6191257001,64500.0896807811,27969.9716675031,95948.7491391907,50726.1530019147,68418.7954372859,19339.6289369554,63862.5595142197,42233.9890532361,57235.3281355573,62243.6194140275,87506.7538939857,66008.7698211605,40447.1999271091,78609.8132849527,8608.4394428964,38571.9451094392,26535.5043770346,38963.2818097529,100011.3583827746,32961.2713269640,17861.3181864762,21348.7307795946,48065.4222953184,81862.3263417143,97459.3753611894,31087.2346243552,63938.5291569444,34424.5204204200,33514.1154791765,41568.8397658095,69977.5666719575,29812.5515022891,9117.7501216975,53164.8240002388,42301.0046274236,55128.5491417575,38933.0027954044,77342.2199127785,37699.1879067448,22187.9308092528,74921.2477507104,53692.0477188778,28212.7791708707,16132.2299895504,57154.5695286302,66655.1414428912,87590.9410371365,50312.5701819162,52016.2894652257,61055.8629303447,14487.4852623209,74796.0862701772,30657.5530541900,56024.5253058487,89500.7109953068,16221.1322631694,69729.9043938536,26941.8050276816,78739.8150366337,28420.9978787444,64256.4524743014,42488.0290047208,93508.1361495952,29872.3982143718,57598.9673580849,32119.8808320835,36528.4677802756,48454.6072738591,49337.6835201179,70529.1225057560,69767.2934569922,35641.5897669192,49501.1390813178,82576.9729568474,54843.6117245591,34226.3961034322,57332.0670944852,25011.2869629336,19297.1192116358,55464.9175469348,22556.1246088415,77371.8636072777,0.0000000000,36708.1419804227,69993.4963227601,10161.9172283494,22859.7491613201,84682.0037517813,62466.1959915285,100789.0380461007,14361.6969549238,41425.1710293222,75215.4990368276,38406.7981493652,3023.9395412070,57387.4340709827,21932.0740774149,34582.8111784970,8272.7408764348,75822.2267609545,24061.0401573642,43967.3300041503,15688.3117669602,22516.0999455967,33889.2676741453,77307.4974422879,36669.3213703599,48382.4721342708,34312.1747663409,29296.3129753719,48912.1655980825,89233.2613062816,26979.0868380012,56968.8647080184,11151.8223718177,96017.9263743181,44218.1879632304,59607.2046798617,31439.5926425878,21908.7151061356,43152.5639410994,46221.9826589915,40970.0660878992,34114.6846751584,36464.9960590453,14650.4787176997,90102.8832012620,28166.8974108685,44482.2384684472,51487.8903722218,65253.8585227604,63061.9594975490,53152.2511114617,69843.8122608022,46642.9949665212,31669.6095987156,13492.6926566804,29446.7829807004,28207.9793399938,80690.4389190727,36768.5428052743,112557.0366128708,27014.4539704336,36616.6868006171,66815.9042022728,55883.3012548607,73209.7293667968,64121.7204940866,16505.1796507328,45723.1338595814,43892.2154696008,61236.2828181559,59368.9972822881,34390.7440149374,82422.1350892761,63122.6288359944,25616.8770146115,73436.1841313643,28094.5860319400,61596.5748138474,68331.5588442841,58513.9370672422,73486.1019251090,5131.4530979321,82127.3433371332,79568.1464259428,75192.8790706099,69252.1998768557,40588.8898181174,52249.5688025308,12704.2210438757,81216.4429928015,58709.4671338435,6520.4896584092,48261.6010382793,33246.3447865213,23570.1713999608
1841,0,0,0,0,0,0,0,0,0,0,0,0,0,0,0,0,0,0,0,0,0,0,0,0,0,0,0,0,0,0,0,0,0,0,0,0,0,0,0,0,0,0,0,0,0,0,0,0,0,0,0,0,0,0,0,0,0,0,0,0,0,0,0,0,0,0,0,0,0,0,0,0,0,0,0,0,0,0,0,0,0,0,0,0,0,0,0,0,0,0,0,0,0,0,0,0,0,0,0,0,0,0,0,0,0,0,0,0,0,0,0,0,0,0,0,0,0,0,0,0,0,0,0,0,0,0,0,0,0,0,0,0,0,0,0,0,0,0,0,0,0,0,0,0,0,0,0,0,0,0,0,0,0,0,0,0,0,0,0,0,0,0,0,0,0,0,0,0,0,0,0,0,0,0,0,0,0,0,0,0,0,0,0,0,0,0,0,0,0,0,0,0,0,0,0,0,0,0,0,0
1842,68042.3098806980,85321.0603099253,32321.7346614564,118034.2427116174,60464.2593129441,55991.3403692069,56239.2891989574,18529.7085114437,106055.7644122578,41131.2096574338,78611.7103198005,80983.3304456071,49418.0934998742,17139.9046217570,24915.9139494598,60840.2367176693,81083.7897107374,36309.7416731343,64185.4217761255,38308.7263190098,38372.1802817791,54181.7536588435,20929.6017268564,74867.2625957579,3401.1614050210,88574.4598052095,57506.4251571409,63460.1932164832,37362.2189655527,40948.0293674117,22123.9186576063,80262.2543945574,52617.6387597309,88403.3340446284,66732.8132161674,19886.2967666527,86690.3595164965,26573.9755295180,34659.4256617894,47292.3647095030,55403.8206817615,99126.8602407480,47035.6061510762,16223.6319327467,23136.5988277364,70393.2830782170,75245.5433748557,93287.4938552712,53920.1842247820,70637.6337846880,56786.6153622539,44436.5429353577,46020.5121514369,49855.6236790007,13789.5156173072,31282.4667328726,64367.7140358914,52800.0113740645,57532.9432521502,57081.1956399536,77035.3500498517,14997.3542918600,43939.4185701419,62228.9677640278,47014.5566587620,17256.4347906721,37079.9598214199,34229.4798553688,44857.6192949695,78562.6167282697,31795.8760814727,74882.1186289907,59091.6327132300,16937.1134983495,71800.6730126588,31579.0667311020,78751.8507283032,83926.5235259340,29450.6127362956,61738.9368928372,49909.7904843514,57465.9008709568,46159.4508902421,68018.1150400194,42391.9041321819,91452.7967821226,46905.3503936390,35549.9024472534,26177.5528278570,13931.4564953905,26538.1526825370,26840.3872826799,47928.8513142950,78000.9796289154,44525.3882773049,72480.3155434627,88672.4826482953,31975.7965678585,53356.1696867104,65908.2996694850,39091.2199466944,23690.4673282475,77489.5403406032,16558.5407805598,79322.2596622994,23036.5669173417,19637.2768755990,59240.7370262224,32882.8231139472,11256.5955669678,83681.3435643983,56305.1394086754,98149.5745787417,16810.8086066462,64072.9624825284,81639.9833030174,54159.8295959642,15736.5535607271,62544.4395044680,44150.2068172154,38416.2105023650,19565.7982978133,70640.9495777501,46934.7066539471,66928.2912354541,38245.1552383854,41559.6138690687,56870.0052598117,69381.5896116884,19239.3788791301,52397.6788137344,55349.2022218023,51314.9091886368,58362.4095579475,81974.5576323842,47111.3967035785,53126.0471155072,29341.3592228291,90215.7355609994,51527.1516688414,71459.4305056414,10764.0545036825,926.6594502865,20293.4842271792,42968.8780978035,54137.4636914416,48786.0987878018,59462.3769195133,29454.2924533367,86425.5050363163,50331.3832152218,21823.3514610438,64758.1668790532,44433.8688454968,40618.5342431021,32296.6180146765,75684.3533215868,58431.3692182521,10679.6268380209,22868.8035124610,40570.8364841560,41195.9722514654,76245.2997505568,36514.8349978596,117200.2359347571,25123.4757674822,48209.4199951788,64623.7239282958,55934.5350248726,51264.1015541506,72764.7227190997,37407.1579543664,28740.0569861312,21946.7612475890,63617.8113228633,36333.7394687578,51870.9102530759,73232.1938787953,59193.7031410758,14724.1071379273,72099.3635935299,13369.8194113709,40091.9418836844,70504.8197067979,68820.8411827245,52303.8864946771,25837.5645077668,83281.0955022956,77791.0410281990,64090.1417052549,73431.6546761685,18973.3306166988,47870.4346005963,19562.1043193444,59389.9791567592,50716.9919003865,28402.6087332535,27931.0770208851,13543.3447604759,6904.0902642558
1843,0,0,0,0,0,0,0,0,0,0,0,0,0,0,0,0,0,0,0,0,0,0,0,0,0,0,0,0,0,0,0,0,0,0,0,0,0,0,0,0,0,0,0,0,0,0,0,0,0,0,0,0,0,0,0,0,0,0,0,0,0,0,0,0,0,0,0,0,0,0,0,0,0,0,0,0,0,0,0,0,0,0,0,0,0,0,0,0,0,0,0,0,0,0,0,0,0,0,0,0,0,0,0,0,0,0,0,0,0,0,0,0,0,0,0,0,0,0,0,0,0,0,0,0,0,0,0,0,0,0,0,0,0,0,0,0,0,0,0,0,0,0,0,0,0,0,0,0,0,0,0,0,0,0,0,0,0,0,0,0,0,0,0,0,0,0,0,0,0,0,0,0,0,0,0,0,0,0,0,0,0,0,0,0,0,0,0,0,0,0,0,0,0,0,0,0,0,0,0,0
1844,76991.8519560324,64075.1342442786,47627.9292607662,111776.3053776514,45804.1162978350,77216.8055109371,45735.2829337919,28956.8310389999,108495.2942195366,19074.6692615380,73690.2569838857,59302.4908902950,50426.0512626285,17043.6616967385,47041.1333856744,41664.2723498959,83248.4482217259,28069.4168547758,42109.1228599443,57750.7104225147,23911.4171131356,33767.2549779637,5178.9379257640,64184.7370501307,27115.8227025855,94989.9386794475,50182.9087939195,67493.7833052814,19342.2692930621,62909.7087343873,41165.1396166319,58165.8678684972,61207.4067544239,86796.1734179982,65257.1919616011,39792.6299346019,78200.2462761205,10407.2861940405,37596.1085476993,27641.2630044764,40001.6247617994,99249.4904792431,32751.4783534597,16804.5525222960,20376.5685131919,49120.2755555231,80910.9231905296,96588.7575120114,31878.5425949147,63431.6472506619,35483.3009301247,34330.4084545036,40879.3681622665,68891.7423005441,29300.1962649696,9642.4129279321,52866.2370246215,41916.1788742862,54412.0432682196,39093.4745373478,76574.1254221572,36734.3414531806,22722.2744685051,73848.3123082764,52699.9155180763,27160.8929261479,17236.3186583211,56303.4612151497,65614.5183633323,86588.6432647975,49215.6933773462,52825.9557163881,60203.3484327698,13785.1853344539,73936.3214265188,29763.8434603490,57038.0054040377,88583.4369048560,15709.4182226643,68734.0000133817,27914.6531141989,77676.7861078468,28486.3006699587,63619.1457099921,41635.3120432606,92700.3438207597,30909.4589224719,56574.0766927365,31074.4785392922,35712.0126720814,47430.0444114915,48549.2355163878,69535.0511970438,69349.2422914604,35125.4895902041,50461.2003378557,82077.3292248618,53885.5833017516,35320.4015664136,56900.7957183634,24726.9007895313,20150.8229037520,56535.1112831917,21460.6252819028,76687.2186270840,58.3475753291,35610.6492647601,68945.7460038523,11219.8862735119,22184.0519553858,83899.9038560866,61501.6492733840,99968.7515977754,13280.7126483825,42453.7131104453,74719.2083974990,38358.1554312393,1054.3877557390,56791.8774438670,23010.6082013620,33823.8174831360,9337.9183346480,74901.3432632896,24861.8904312435,44811.5808766380,16372.4112561587,23593.2178489560,34853.2568501462,76320.8777988468,36162.8599348058,47706.5972799915,35415.3369367012,29900.7897519654,48498.3493742088,88272.4292982107,27298.5593215242,56052.6629720226,10988.0699871433,95099.7832322480,43672.4962870154,59366.4822973481,30730.2261347470,20994.4419507770,42309.2761731250,45291.9330956110,40745.3919962720,35084.2464044058,37328.1185392084,15457.2062109514,89240.5392223810,29242.5008155361,43506.4028170233,51313.0271015553,64183.2655175805,62057.8363243661,52088.9514644692,69310.0057798983,46355.5796668335,30688.0786072934,12630.4971533563,29007.1780185593,29081.8804344883,79795.6498756918,35881.2828495106,112024.7347855547,26013.7322998944,36264.5311767225,65967.8783153444,55083.4863675496,72173.2669291338,63712.1627821941,16855.7087236078,44619.3835754641,43149.9204369068,60535.9152545129,58460.8448417927,34468.6021733501,81412.8124985444,62216.6612221454,24979.7448367100,72626.9570615252,26996.9281445564,60547.1330247203,67639.2045349406,58179.8769407480,72421.9192774731,5001.5232748431,81419.3388405606,78753.4472622198,74143.2679640728,68643.5723927551,39561.6203239962,51307.9915760825,21567.7769931161,80172.4212788347,57699.0108839417,8177.4609772446,47190.5822601455,32187.3968639551,22494.6252045228
1845,77491.5745538704,63087.9540442210,48550.1097975804,111496.2615722039,45178.9344937769,78238.9027571829,45517.1157546410,29738.8891911595,108647.7876397355,18022.1118130941,73532.0272696729,58241.2774372493,50642.9138663708,17814.0810352303,48111.5664879044,40860.9784662119,83422.6650780940,27974.2037532305,41048.9339653998,58710.5717026844,23592.0870538998,32794.3981158327,6127.1974849825,63740.7693569282,28191.5575127151,95346.4907586805,49969.7191131415,67791.2153195504,18629.7050420202,63968.9286750308,42135.7825558642,57102.1045849164,61727.6921497775,86780.2932684092,65295.2546825471,40839.7839491649,77846.9363996712,9842.1734337623,37988.7276690645,26837.6954248011,39487.0357586442,99300.5659870793,32211.8953024628,17798.1244652526,20767.4521409393,48136.7466342342,81254.3330341723,96796.6235567873,30803.9538649693,63178.7623032393,34506.4867502222,34210.4103932049,40838.3593236196,69826.1831275484,30297.3319945139,8624.5662677090,52406.6289437794,41538.3675819341,54404.6189613980,38274.9026104912,76634.0610263011,37790.0803321810,21707.6722467949,74470.4769728418,53123.0562017488,28157.1779995007,16478.7878919034,57379.1600133602,66620.1163454919,87030.9843797244,50115.7013483204,51750.5649820820,60384.6672449751,14841.2570021079,74128.0805503276,30013.1196771489,56013.2465526158,88866.9349069688,15463.7798724121,69163.7712193362,26867.8089599556,78654.5558120060,27730.5018392354,63513.4486189557,41818.3500661492,92815.0303942397,30400.0035540834,57594.4273967759,31622.0124134999,36787.1386683981,48451.0924219085,49622.4120072475,70576.0163003058,69004.3937844780,34883.0315399067,49407.3507167322,81816.6006037427,54943.2013292752,34626.1292779620,56569.2630543032,24253.3374813446,14813.9179146842,55574.2206759639,22182.4152698716,76638.8635625556,609.9310449813,36509.6362714035,69494.7936067113,10253.5937924236,23235.3621760008,83978.8133977729,61870.2454600371,100101.2097253437,13946.7163798727,41442.0934747807,74454.9573667312,37687.2395331932,2486.7203993880,56637.4616816025,22070.9023241101,33873.9213216885,9763.0059324362,75191.4043689422,23786.6212983669,43735.9768210251,15311.8312406020,22972.2321526775,33801.7830312750,76731.4487603421,37158.3188105444,47648.2518938670,34562.7161545543,28863.2748940456,48149.2653277592,88632.9173227684,26384.0595660176,56335.7829146345,10404.5744552451,95384.5788868738,43462.1681664269,58854.8315523878,31790.3422256154,22064.9459285487,43385.0966531813,45599.6709639011,40219.1635468449,34716.9562304292,36253.5763534633,15356.4681776004,89435.7989654965,28294.8549303095,44557.2758132924,50744.3939433871,65149.4897655836,63092.9942842527,53067.3704532564,69086.1820467408,45885.6129114094,31737.1800128201,12838.8549834266,28684.2931192391,28877.7790011938,80042.2769817766,36118.9604841245,111799.0157343997,26459.4597866467,35854.9777353447,66142.1496437556,55188.1118429485,73182.8039046791,63358.8356376247,15921.5591839826,45478.5845384887,44216.8453442999,60507.6825688794,59531.2304194002,33704.8227686473,81870.3328464023,62482.3177065205,26775.5210963123,72744.1935379269,27897.0463542039,61543.2863042628,67600.6765522375,57753.3777804516,73398.1257885801,3659.2761426500,81400.2727168988,78878.3283678061,74696.9667881292,68504.0330614562,40580.9551886731,51635.3902568758,12639.7287046438,81174.0506838927,58160.2685356657,6069.5167913246,48157.0512611334,33173.8580988617,23456.9510647376
1846,0,0,0,0,0,0,0,0,0,0,0,0,0,0,0,0,0,0,0,0,0,0,0,0,0,0,0,0,0,0,0,0,0,0,0,0,0,0,0,0,0,0,0,0,0,0,0,0,0,0,0,0,0,0,0,0,0,0,0,0,0,0,0,0,0,0,0,0,0,0,0,0,0,0,0,0,0,0,0,0,0,0,0,0,0,0,0,0,0,0,0,0,0,0,0,0,0,0,0,0,0,0,0,0,0,0,0,0,0,0,0,0,0,0,0,0,0,0,0,0,0,0,0,0,0,0,0,0,0,0,0,0,0,0,0,0,0,0,0,0,0,0,0,0,0,0,0,0,0,0,0,0,0,0,0,0,0,0,0,0,0,0,0,0,0,0,0,0,0,0,0,0,0,0,0,0,0,0,0,0,0,0,0,0,0,0,0,0,0,0,0,0,0,0,0,0,0,0,0,0
1847,81022.7206914711,57271.5244169369,53685.0839262423,110611.8067072921,42434.0752854694,84263.8752502615,44210.3884434905,34831.4196876198,110246.1813080932,11924.5999630667,73464.5416812956,52289.4120312689,52802.2390562191,22415.3838924833,54284.0565997183,36136.2318343897,85198.0409872713,28755.3158031855,34902.5733846851,64490.0451781856,22139.2929613987,27665.5115117176,11394.4446718414,62014.4907412660,34350.2106962428,98083.6352888587,49724.9923759673,70288.4023542187,15889.0245347563,70120.4999818244,47975.7261102280,50943.3341702602,65411.2802762084,87483.4652581952,66384.7538651815,46746.7194881423,76610.6912794027,10749.0286589574,41175.5480587403,22253.7225896937,36503.5537482201,100350.4560229794,30203.7187390462,23773.0332686628,24260.9324382564,42354.0452252284,83953.2926615250,98723.7187986747,24702.4782120708,62606.8215746153,28789.3928355653,33635.3904377775,41681.6518784231,75487.6775579569,35920.2259634999,3268.7117402634,50655.0352136478,40398.7659592702,55304.8836029201,34274.7494143681,77797.5513566866,43934.6328565557,16316.9255099915,78633.7203812223,56348.7245091430,34114.7399570290,12545.2916288289,63537.4099085354,72583.4887961873,90240.8663435454,55647.4228345029,45624.8665444631,62290.3558704590,20852.8270256349,76029.8032058800,32588.7510027480,50014.6274649083,91224.3913447316,16013.5499571406,72355.0415039839,20784.4421307652,84499.2351068446,24339.4262572291,63797.1905884137,43876.4260050167,94235.9343341634,27590.5265081029,63617.6124562156,35636.8133435427,42920.0901809580,54480.1945772458,55727.8342429726,76670.9277537175,67854.7901871415,34659.6956043131,43282.8419722574,81118.1534005929,61091.0461294710,30615.5023009617,55569.5468947232,22892.5711182483,17526.9740078108,49902.8027647410,27097.5854404397,77190.9236771395,7981.2506883657,42066.8496689914,73300.0648613860,6357.4793465848,29194.8195019273,85224.1031723753,64769.2980745453,101604.5967016854,18825.5058273323,35519.9354718723,73762.5022452429,34719.9061378191,13650.6767264153,56682.6924147212,16669.4378029762,35327.1306269159,13197.9558914005,77622.4112401217,17673.8739263566,37579.2618705617,9484.8043916737,19663.7655419287,27691.6490185071,79799.0341947468,42751.1481943103,48317.7842927475,29584.7679640731,23188.3177956958,47111.7292631157,91405.0986493476,21805.3332187310,58811.3326311968,9555.3431684770,97734.6098896463,43301.2197481802,56735.6799469064,37794.8359328694,28237.5806387759,49538.2790771855,48279.2055484144,38168.6078133522,32681.4534018390,30086.0736423828,15692.9022950858,91310.6334469463,22781.0761753537,50687.3176023939,48318.8521385675,70951.5260876097,69168.7625688920,58928.1481378374,68655.2711421025,44126.6176817463,37864.9826671966,15916.9343737766,28119.4071589528,27934.7684456590,82223.4070587344,38535.3148370983,111233.7824942533,30070.8120248832,34603.8036545363,67980.7740000153,56705.9289032052,79159.8769598269,62186.3480332124,11487.5351330836,50840.2594397315,50265.3091542118,61250.3312478569,65703.6689320477,30149.5522211760,85171.3188871801,64832.5412942122,18683.7410279392,74241.2368844057,33490.2848579664,67470.9085377485,68247.0180740614,56168.7754693005,79238.2597546259,6404.3158972134,82102.0702839156,80395.5266856247,78512.5414670109,68567.1390685047,46607.8486963511,54373.2113787887,18641.7369237662,87117.3334868856,61556.7225712091,386.7195284608,53973.3516419614,39087.3801996289,29304.9401832229
1848,83659.1215062897,53346.5961161286,57228.4388699256,110299.9708012732,41092.4933292651,88370.2402832485,43705.7006239455,38501.1006585589,111598.0320262572,7839.7096248820,73806.7847726105,48323.2572166368,54695.1403321329,25853.2390027102,58460.6958886696,33140.2697131608,86716.2658432757,30089.1969220636,30740.0179240417,68468.6897546086,22005.9400047607,24535.6124596821,15100.3839781479,61266.3742991777,38513.9826538402,100190.7004389293,50086.9011294738,72310.9614478744,15315.4928155278,74291.1060726721,51996.6199982431,46771.8336170649,68178.5576480279,88294.0504112890,67523.7536629146,50755.0336285462,76141.6375655109,11748.6749436252,43768.8126424403,19573.8050708286,34872.4787249123,101359.9307600909,29601.5449559781,27881.6546049769,27234.3629447939,38472.1620139945,86064.2807836601,100309.7531174608,20618.4457151969,62657.8125722889,25000.1180731835,33790.6502100668,42841.2188450041,79395.3950262904,39784.3323351723,4290.0404224268,49963.6431869704,40245.6413698192,56381.8983572670,32044.7526422039,78940.2729753595,48103.2205298941,13134.9774371393,81660.0841801005,58873.5764881220,38203.9721436186,11014.0192711867,67699.1702958724,76658.6794241170,92660.0606283931,59498.5087025219,41502.6017417366,63972.5258310020,24949.3130570926,77655.8535014959,34923.9473014897,45957.1958785263,93102.3838755296,17727.7306930080,74802.6834834239,16683.9416989664,88506.4568567755,22809.3894399628,64418.6045783913,45774.4054751181,95502.0381954305,26256.2100698191,67726.0891860642,38738.7540045495,47065.9078727406,58593.6695305971,59853.7515093924,80814.4720975598,67481.6015458729,35221.5700602283,39134.4495994597,81004.2795570413,65260.2914865432,28263.9784134004,55369.7541576298,22982.7343277943,20176.1773207335,46096.6678299751,30727.1781103534,77933.2478212081,10544.6150152397,45950.7244708216,76120.5196433026,2255.3129681536,33251.3167482562,86397.7748385773,67061.2431472672,102909.4296218963,22531.1244923931,31535.8804272622,73679.1524084358,33306.6301861940,17826.9381277516,57186.7172083468,13333.5834300911,36953.9744511848,16810.2887366451,79580.4401775044,13589.7729360841,33426.1173879139,8201.0771418782,18195.9645349257,23559.4815326437,82150.9391579017,46583.5954324039,49298.0997771282,26436.5745688146,19570.8234745640,46954.6610677866,93546.5388754527,19299.3191880035,60867.0169575194,11173.1782255642,99595.0458929459,43783.0506785102,55737.8365738470,41866.5218547258,32414.0996120166,53696.9661519790,50519.8903524160,37393.8530730565,31819.8082002729,25920.4651379484,17137.1954796209,92878.2772812116,19223.1971544178,54849.3859220813,47159.1623037595,74939.5160935228,73303.2736994210,62953.1990097729,68772.0891798130,43490.3962674285,42027.3673282953,18940.7796856263,28592.5973578673,27965.2035374862,84010.0204448994,40702.6090024109,111139.0672040953,33013.5392053337,34460.2864790909,69595.4701345322,58171.4711878531,83241.1741302875,61825.8065104468,9732.8976305677,54606.0467101453,54356.5817892877,62188.5436721287,69880.3431174115,28347.0893563042,87656.9193566449,66783.3935037274,22487.2900243209,75612.9411458206,37410.4549311068,71528.2589403854,69087.2080723019,55555.6761594171,83244.4062465501,9011.2055504927,82927.3791593943,81760.1906045597,81328.2726401722,69017.9564640602,50722.5136542150,56612.5447831593,22769.0084512765,91178.8225620377,64163.5848743735,4732.2284164092,57977.7955841904,43151.7830340597,33351.4812343187
1849,82034.8377760835,55514.4159262093,55486.6717329714,110172.6171001779,41497.4411590715,86145.1454627546,44195.8501463492,36414.1044619738,110605.5855470772,10052.1832122760,73323.4037733621,50334.3676832368,53416.5247925928,24160.3122436243,56252.9065453793,34886.9859731069,85635.2840919809,29056.8194672517,32967.5245353724,66275.8458645296,22251.5152772785,25977.1663391362,12978.8764147179,61359.2524790157,36331.4714546590,98822.1859500623,49579.2747347991,70977.0302829479,15211.3765943276,72067.9177714818,49790.6388865217,48995.3983835680,66489.8920847152,87572.4420668762,66627.1152462858,48706.7245047242,76090.0070615244,10584.9412711230,42149.5290585459,21141.4087032070,35936.3657234643,100539.4203529444,29578.5700621471,25655.2402527526,25426.1610414623,40621.9331301512,84691.1390126523,99197.9074655319,22721.6414195858,62322.4116415272,27108.0019088160,33917.5470825501,41916.5765356401,77226.2048863187,37834.7600733956,2834.9572211755,50017.9570868776,39999.3817249896,55510.6586514053,32948.3248303317,78046.1399434572,45879.0558063797,14584.6743811370,79856.0061664520,57294.5380649451,35981.1313999242,11918.2755006625,65518.9945675724,74439.6309910271,91140.0325652287,57347.9262378465,43641.1077893179,62802.2573874324,22831.5008472441,76518.5821802169,33416.0549556358,48168.7660258762,91844.5359384803,16462.5513811188,73265.3226917890,18904.5567178200,86305.5279223976,23285.9820427505,63785.6445145508,44486.9011159281,94549.8707940544,27149.3707073773,65500.5141338045,36886.8105969823,44904.0112839424,56367.2728139925,57711.3167532321,78585.7176023827,67374.7960084368,34591.5535715711,41363.2041030846,80764.1924265950,63036.3194381104,29684.7764535199,55163.0904164996,22566.4064731900,18916.7419418652,48217.5667005526,28651.9514154190,77243.5957181201,8376.1101506260,43787.1841466903,74409.2650851841,4168.1503996060,31165.7413287869,85490.1745628446,65595.6267167137,101939.2039080789,20421.2900630616,33722.5897581289,73420.1724732411,33741.4065732859,15622.6845420299,56610.4070804540,15212.0680465137,35789.1587800007,14999.8382492502,78280.1529675983,15692.2570147642,35596.7259855715,7623.4367027227,19128.2848625071,25786.9279729492,80660.9286280633,44656.1513276356,48470.6930919525,28250.0325522541,21326.8214897204,46718.1901579911,92160.1695380543,20341.7263801926,59512.5582915940,9883.6421650483,98347.0800490175,43206.6520797544,55964.2142988699,39769.7078554287,30207.5446803440,51520.6987429681,49070.9320029772,37479.8262223149,32479.1950250901,28107.2546076100,16512.5991076861,91774.0880790189,21222.4335494020,52622.6790703747,47468.5919423262,72744.0266814963,71074.7925209015,60746.5248891411,68405.0017252081,43508.4715309539,39800.8774122976,17091.8267127495,27994.1698191099,28144.9356175376,82795.0779503573,39280.7372252601,110896.0551964943,31226.4310536955,34199.8654697420,68461.0098902590,57105.7843559645,81020.8594901069,61709.3039125487,10247.3004585741,52486.1409102308,52244.2939737457,61391.4601998305,67672.2263547186,28995.0600775279,86104.4367141670,65482.3948811694,20569.7562632406,74602.0601146752,35233.4967540001,69313.3333368532,68343.7173283946,55571.6373422086,81043.6857474105,6925.6952701255,82196.6474596945,80754.8193498205,79620.2237635699,68475.8359580073,48495.8680576264,55167.6819257832,20540.5876723407,88963.1649024786,62548.1503463063,1076.8249885862,55776.7648868602,40934.3260501638,31137.5225511728
1850,0,0,0,0,0,0,0,0,0,0,0,0,0,0,0,0,0,0,0,0,0,0,0,0,0,0,0,0,0,0,0,0,0,0,0,0,0,0,0,0,0,0,0,0,0,0,0,0,0,0,0,0,0,0,0,0,0,0,0,0,0,0,0,0,0,0,0,0,0,0,0,0,0,0,0,0,0,0,0,0,0,0,0,0,0,0,0,0,0,0,0,0,0,0,0,0,0,0,0,0,0,0,0,0,0,0,0,0,0,0,0,0,0,0,0,0,0,0,0,0,0,0,0,0,0,0,0,0,0,0,0,0,0,0,0,0,0,0,0,0,0,0,0,0,0,0,0,0,0,0,0,0,0,0,0,0,0,0,0,0,0,0,0,0,0,0,0,0,0,0,0,0,0,0,0,0,0,0,0,0,0,0,0,0,0,0,0,0,0,0,0,0,0,0,0,0,0,0,0,0
1851,0,0,0,0,0,0,0,0,0,0,0,0,0,0,0,0,0,0,0,0,0,0,0,0,0,0,0,0,0,0,0,0,0,0,0,0,0,0,0,0,0,0,0,0,0,0,0,0,0,0,0,0,0,0,0,0,0,0,0,0,0,0,0,0,0,0,0,0,0,0,0,0,0,0,0,0,0,0,0,0,0,0,0,0,0,0,0,0,0,0,0,0,0,0,0,0,0,0,0,0,0,0,0,0,0,0,0,0,0,0,0,0,0,0,0,0,0,0,0,0,0,0,0,0,0,0,0,0,0,0,0,0,0,0,0,0,0,0,0,0,0,0,0,0,0,0,0,0,0,0,0,0,0,0,0,0,0,0,0,0,0,0,0,0,0,0,0,0,0,0,0,0,0,0,0,0,0,0,0,0,0,0,0,0,0,0,0,0,0,0,0,0,0,0,0,0,0,0,0,0
1852,79133.2061357164,61315.8493800012,49290.5031910215,112173.5369597586,45256.3775506282,79967.4550246661,44198.4636512585,31545.7892407666,109933.7493271330,16378.1381684973,74408.8030407086,56989.2145292974,52017.9651930007,18238.8486203474,49684.7022342656,39053.6213107747,84738.4347013072,28985.7880954650,39428.6551106039,60503.1117611089,22182.0709114663,31979.6113639596,8709.0465237503,64153.5762013066,29689.1649396200,96857.3562262777,50777.0390517534,69246.7888987973,18592.0537409387,65603.6361620939,43921.0702402564,55497.7898502112,63387.6768644342,87855.2392659146,66448.4086668513,42046.4115107735,78411.6894935153,7486.3992972014,39548.6947583350,25031.4393197304,37859.5250993835,100461.5593451961,32483.1707980206,19563.8413421465,22344.4119400285,46361.1814907322,82754.0415019756,98148.9720798757,29414.9574445720,63915.0270654272,32724.9683574720,33027.3421439154,41903.1620331746,71631.3208703970,31300.2296520385,7764.4189754875,52799.2402605894,42087.6785778553,55503.4130093344,37915.0867915104,77811.5068248790,39440.4505312721,20750.4107284468,76200.5212714384,54704.0571064883,29920.1729672303,14694.0519631953,58870.0070461654,68372.3087375875,88623.0201673003,51930.1696132882,50328.9274947725,61715.1726529305,16138.6466716345,75466.3266067217,31440.0232518716,54291.4247209293,90303.8062565087,16315.3154976736,70747.0661997186,25200.5244733979,80434.6685059631,27549.7981200640,64471.3580407552,43160.9980257397,94057.4794497257,28782.7304622584,59326.0587131475,33310.7867563800,38230.1075191243,50181.7970728145,51023.2657320728,72267.2624003941,69587.3281206907,35663.8474917842,47759.9935430616,82532.3252179916,56584.8868433501,32867.3070274399,57181.9472408454,24673.5289268519,20047.2310609948,53781.3450271054,23971.4984483111,77672.2323883999,359.7703707856,38324.0918915529,71175.4257086021,8462.5988055238,24483.4997154879,85178.4719349811,63398.4304292254,101364.1814750590,15718.2441342741,39699.2432557901,75167.7753886369,37677.8377700927,6074.3604114507,57528.3433208052,20265.9421642536,35066.2300612469,9022.8537077346,76637.6073847070,22385.4267224649,42261.8358357932,14116.3105748377,21268.3646180836,32148.0260519853,78296.1524542066,38146.3974674466,48682.8707518849,32746.1870750329,27778.1966940056,48739.7054836723,90148.4494428075,25778.3176959572,57779.8716211840,10743.9019245985,96821.9190450405,44280.3025189045,59145.4584879983,33080.8718509361,23645.8500060979,44865.5894778842,47073.8043363046,40501.1694943300,33236.9596335050,34751.1662579079,14265.6530368425,90774.8653990452,26493.9434367593,46222.9302651834,50931.0030819636,66938.0274696749,64797.4972780311,54846.8624612958,69865.0423651731,46265.8092685570,33409.5672157918,14275.3572053509,29350.5178830745,27595.6297862710,81440.8547233460,37526.7881158377,112562.7383342667,28074.5069556312,36358.2148831768,67462.4570067593,56429.7339898196,74929.9222217186,63930.4615108349,15301.6224803956,47296.0868847382,45551.3312909225,61575.1239797202,61103.3453117139,33490.0406450093,83476.1985596291,63905.8542633020,14157.9945892965,73994.4212516208,29711.0802580325,63306.3340241201,68650.8599109167,58201.4566390252,75179.4634426192,5130.6650858389,82472.3076864057,80136.2232730357,76380.4642549483,69410.5185808716,42314.5479011072,53126.5221893682,14404.5059839556,82930.9605698959,59773.0944664648,3313.0723078926,49945.2887760362,34946.3604646803,25247.2557544465
1853,86539.7002782408,51474.6031764744,56593.4598274891,113216.9602023652,43721.3080450739,89866.7090663325,40682.2218931125,40746.1109266836,114709.0389835493,6705.0643809635,76863.1123053477,48504.3155136745,57750.8884847611,25263.0550421096,59439.9424199906,30367.7896156749,89818.1276978335,33192.4902157970,29682.1047253807,70289.2813136019,19135.2058394105,26099.4318924139,17307.0989786652,64080.4899055572,39344.6055539785,103217.2705833323,53154.1758488096,75349.4823331442,18305.4584020862,75443.5942075874,53739.2133862080,45769.2347801242,71006.5751622785,91396.0451617139,70637.3134649407,50952.8150286774,79028.4343030231,10586.7311047652,46650.6011336686,16636.9173039177,31761.7025628703,104470.8084130018,32512.0053475583,29431.8201097640,29945.7866721287,36534.1119894783,89088.3371443481,103407.4495691411,20621.2016753907,65671.0429997274,22931.0271842313,30953.7391148072,45954.0637043264,81336.4452145119,39710.8225661219,7545.2358396336,52807.8931655218,43237.4298834226,59495.3245340696,34254.7079724785,82053.8131197791,49305.3385874526,14871.0733427585,84373.4545512993,61785.1920285996,39790.9075673349,7923.1666537559,68457.1631543101,78256.1029488748,95611.0073925572,61527.4577314964,41194.9245976748,67057.7313593444,25530.5005888074,80748.4220867986,37875.9468871785,44390.9934549035,96167.1553859674,20773.2397625961,77742.3012450355,15374.9234619786,90264.5912524482,25444.0184401302,67509.0565180773,48825.9926555338,98614.8287588514,23148.1164142508,69224.2102849372,41397.9726608697,47750.9160105363,60080.1589048808,60413.8807332034,82159.8186825697,70398.8671534199,38317.0971237334,37944.1477750993,83976.8229753697,66435.3876343713,25243.8432334616,58336.7301478800,26045.0006617591,18898.1638521458,44035.4163860794,33010.2575408901,81031.4951742843,11634.0667179999,47937.0083533848,78928.5850428043,584.9983248182,33646.7167353199,89511.3297234241,70041.0718267860,106021.5593490665,24740.1801442861,29806.1285591628,76661.0192344872,35930.7259385644,18955.0708042213,60267.5608775176,10762.1747225092,40036.7827759968,16621.4832877049,82631.2700003284,13743.5188539235,32970.7373806671,7899.3466078926,15087.6330178210,22336.6021317496,85118.6456929106,46424.6256430454,52410.5136434558,23746.0281114825,20616.1099828000,49938.0931629067,96565.4034275499,21448.6806611382,63896.7420968719,14197.2355776352,102662.8969453581,46866.8729607607,58473.0825398941,42268.6667288974,33446.6675738976,54450.6887268874,53506.4175208620,40234.9047632035,28751.5903555334,25401.8430229819,15074.7998061882,95976.9716477056,16868.7812151463,56099.7858386679,49847.3003425011,76740.1291535294,74695.9258771833,64680.8223227582,71794.5035648310,46360.3168244828,43294.4516595318,21608.6108657317,31686.0218615168,25111.1696546381,87086.0367185606,43700.3787318624,114108.0029836268,35747.0038446208,37462.3894039451,72688.1364359686,61274.0944669612,84818.7583242975,64750.0126655108,12491.0429089883,56745.1167261916,54789.8432969550,65298.8461127036,70849.3894382825,30817.7038842520,90587.6261116564,69833.0901778419,22455.2585412569,78722.0548758762,39346.6546209413,73175.4737729044,72192.6039648223,58416.6345640532,85006.0128510096,11352.2044819421,86030.6982721383,84869.8830100582,84139.3323668155,72089.5581756777,52211.6878115566,59601.8890109730,24274.7166861096,92808.9342209216,67049.9199248646,7028.3592659944,59751.6023792833,44799.9235044800,35056.1336890232
1854,0,0,0,0,0,0,0,0,0,0,0,0,0,0,0,0,0,0,0,0,0,0,0,0,0,0,0,0,0,0,0,0,0,0,0,0,0,0,0,0,0,0,0,0,0,0,0,0,0,0,0,0,0,0,0,0,0,0,0,0,0,0,0,0,0,0,0,0,0,0,0,0,0,0,0,0,0,0,0,0,0,0,0,0,0,0,0,0,0,0,0,0,0,0,0,0,0,0,0,0,0,0,0,0,0,0,0,0,0,0,0,0,0,0,0,0,0,0,0,0,0,0,0,0,0,0,0,0,0,0,0,0,0,0,0,0,0,0,0,0,0,0,0,0,0,0,0,0,0,0,0,0,0,0,0,0,0,0,0,0,0,0,0,0,0,0,0,0,0,0,0,0,0,0,0,0,0,0,0,0,0,0,0,0,0,0,0,0,0,0,0,0,0,0,0,0,0,0,0,0
1855,85192.8001733443,52094.1238719889,57334.2401568398,111532.5045189596,42100.5490151613,89454.5820635342,42373.6830994557,39857.5996663815,113094.8013359310,6753.4825910026,75176.1856676398,47947.9884122248,56231.8884087521,25956.2454573945,59322.7599085982,31619.1216515498,88229.0107859079,31602.0303315508,29791.6425639259,69677.5629810301,20805.2448683267,24865.4827855157,16423.2525710682,62414.0487417420,39301.4414457995,101731.7148202161,51470.2979000924,73850.6712863960,16613.9052093990,75231.1710472337,53171.9697498249,45858.6594367616,69703.4245518551,89731.2935432239,69004.4972836151,51261.6121253461,77348.3239574089,11508.3700440589,45301.7695163428,18031.6034083081,33378.7282584566,102820.8606735375,30826.7922993360,28966.7220297507,28730.1430904985,37190.9915065517,87605.5744752275,101826.5686478300,20123.9346523905,63979.6223550657,23665.0095409326,32618.3251070037,44331.8471564490,80650.9252849751,40155.9733243522,7177.0160659234,51134.7771181158,41545.9380319158,57858.8781136610,32769.9263333096,80419.3429557668,49057.0134707127,13539.0150507876,83161.2739307704,60410.9344729394,39312.0595760035,9604.9028622117,68466.7883160969,77781.9080257318,94201.3534542111,60783.5442296426,40892.5832826593,65498.5088561815,25608.9556565542,79177.0246262403,36464.7619790775,44816.1580417460,94636.3611254209,19267.8246797459,76343.0416631212,15605.5183481618,89693.8986148307,23816.6428585757,65835.0277106961,47312.2101331320,96991.8225068262,24808.7837850761,68808.0627078018,40223.4860336668,47793.7636880203,59668.9091858013,60530.5755263797,81836.2308643541,68713.9786628498,36647.6127937736,38138.9086264597,82286.3265729621,66208.0600176139,26723.8150103834,56646.4565362348,24360.8795688365,19916.0358284330,44775.9705615665,32093.5893019396,79363.1309853983,11376.9699554684,47216.9595601697,77641.8619148291,851.2027443201,33837.3515914265,87879.0907301551,68603.7779443953,104402.3577756277,23865.7449858896,30324.9263762059,74969.9786006171,34309.7989693803,18714.2146215966,58588.5247577650,11841.7786057845,38481.9825655099,17084.5924548795,81117.9853038722,13137.6048932063,32741.9065022832,9554.1872495434,16749.5375047897,22533.2353116783,83693.1121661916,46918.6421488392,50766.9957073100,24929.7446617824,19602.3885922680,48246.8686283916,95088.2291427993,19975.0840092326,62407.8926582663,12715.6828924063,101128.0164015200,45189.5987099099,56824.9620927741,42462.9240013411,33284.9871818948,54458.4048965924,52062.5158460131,38561.6129928088,30437.8472503757,25197.5592424919,16443.5114474974,94394.2350751804,17794.4536523531,55826.0324071932,48210.8088238273,76141.6960636005,74343.3111779157,64125.3039022336,70103.4414590597,44682.1489673190,43005.6717068128,20421.5765117690,30015.4089299033,26778.8127383693,85540.1068555699,42245.2722485121,112417.8448865300,34515.9759887456,35770.8410818305,71116.6859546195,59683.8106150847,84357.3880826354,63064.1180586842,10824.3245696342,55929.6541429255,54973.7005398318,63647.8946483197,70740.9450431279,29241.5843612414,89196.5768373517,68321.2732377673,22855.2959070914,77114.8381348963,38654.7112838697,72670.4029280677,70532.3746109730,56740.5836295719,84432.6367112734,10364.6658872873,84367.5427485342,83260.7066711333,82850.2981314274,70406.7497791361,51796.5173793445,58155.2070307070,23828.9454352964,92316.7016446018,65697.7824633003,6544.7204072380,59166.7560328453,44286.8455784571,34503.6312756482
1856,82859.9424818953,57257.7391869193,51278.3761650765,113710.2723854984,45593.6344305510,83956.6949577810,41415.9215934114,35661.0149621986,112845.3704598385,12741.7537773589,76438.3286978541,54167.5002249124,55182.4337021318,19905.2792629661,53382.2858454055,34948.8213783750,87733.0048699212,31481.1442157236,35747.3041003376,64614.0157032473,19307.5000779035,30341.3844072843,12568.7993374464,65168.6710793209,33279.8204931051,100282.2609919896,52711.4682169518,72564.9546836578,19054.0969500977,69411.8474172809,48021.0303361363,51834.4253020761,67162.2699697831,90309.2487820671,69103.4803830431,45029.5269034839,79736.1724615486,4475.6388834903,43131.0382761254,20934.5176227434,34275.1894034330,103097.6206054540,33358.5526904852,23641.8043557753,26013.2116097200,42298.2026802431,86160.6531895337,101216.4028403936,26360.2676310429,65653.2446322621,28652.7698627248,30655.9426295772,44430.7454399818,75763.0747901674,33927.3405403867,7160.0704186470,53807.6069644222,43497.1314697206,58060.8392015678,37301.9686036645,80504.8771921700,43296.7312692919,18936.4873986255,80129.0249283101,58311.0157636170,33986.2247300782,10696.0715850987,62394.8793154947,72408.6218876094,92234.3479805583,56075.5132011938,47113.0952418453,64767.0245371382,19475.0782673373,78519.0447042293,34770.3064834155,50350.3456394924,93565.4206565437,18695.5116460564,74347.0765695451,21435.4896425289,84522.1225719468,27473.8570666086,66699.3317448764,46275.9848386397,96880.9525815297,25256.1276414260,63325.1061763848,37172.3418725443,41692.4086479826,54181.7361106286,54376.7838930251,76184.9411829949,70970.2293391315,37618.9671059000,44000.8504579320,84188.9540547581,60411.3660272808,28915.8452957565,58664.6208684833,25982.8181898973,20496.2433083932,49678.6865193223,28049.9674349875,80045.4474533603,6385.7528066084,42469.5083543973,74992.9515607117,6467.8229897374,27638.5066597176,87913.6351019115,66881.8140138352,104228.8161578676,19771.8171560167,35716.1118381391,76830.0388105006,37872.6767524044,12990.8669724649,59624.9943033254,16142.8194431784,37895.4005944796,11109.4478581686,79928.9433476045,19364.9395432980,38936.2993216347,11886.6094322687,17517.3386762198,28397.4522621386,81850.5469254217,40701.8015876096,51120.0281567032,28607.9205166679,25516.9578166676,50205.2250684484,93586.7689371097,24732.7287929286,61085.1907253694,12418.7721126549,100081.1677647551,46265.3467850934,59901.2439899424,36264.5569731621,27407.9924408451,48387.6728644165,50460.2371300316,41329.3386930878,30073.7391506197,31378.3878165369,12537.0132046351,93817.0613490246,22378.1939195447,50102.1991358781,51485.0156556721,71041.5179114622,68743.0511987699,58935.2546361131,71684.8144202674,47277.1585430032,37313.2516451432,17762.6504282692,31118.4877499391,25011.1345900141,84622.6021623451,40795.6811524675,114294.5484283534,31796.4514198361,37706.9017101695,70484.2650532326,59296.4347061208,78955.7060844965,65301.8668218732,14541.5746622425,51441.1893422294,48782.0178176833,64050.4122897187,64789.4436022527,33256.0364537989,87120.6711102085,67158.8317622039,16623.7574671966,76853.6477996440,33856.1600333144,67363.6881079509,71074.9737477917,59313.8098451606,79269.4722536115,7480.1982003989,84925.6602975220,83005.9547748292,80202.7546117973,71514.9180014710,46322.8752568020,56540.1880591418,18487.8990496678,86974.6097934223,63445.5384570057,872.0817719200,54049.5815035649,39026.4317185804,29359.4212448232
1857,83210.4352285337,56634.7637875545,51877.6362234118,113591.9571981286,45306.9226837406,84592.5023383708,41340.6282024462,36175.9960147060,112988.6618458700,12074.8312433572,76412.8076784173,53525.4552151053,55392.5870464397,20498.6108053856,54044.0031448773,34454.2588531789,87897.4584516787,31568.9359958193,35082.2034261123,65215.2096356890,19243.5599349955,29812.7172199767,13000.7258118248,64974.9753897733,33944.3347206042,100547.3040172048,52677.3948513593,72806.9185916225,18831.2964799076,70067.7703600193,48627.0536567612,51169.2303197188,67529.4278278314,90361.0156945519,69199.8492146369,45688.3087616255,79588.0669639536,5219.8488576410,43448.7297046315,20450.7582048900,33998.7599161715,103183.9672338774,33165.0508539698,24254.4711368833,26365.9872496159,41676.2531868351,86422.5295434552,101395.4430351968,25709.3421563850,65579.0905283065,28033.0723737341,30678.9221884864,44512.2837407120,76350.8578505367,34572.5022536596,6902.6265999636,53617.7198345186,43378.8501159376,58141.2170968626,36890.7578150753,80606.4411993291,43947.9451917654,18404.4767585072,80547.5873611672,58630.5888506851,34603.4477705521,10291.6584000330,63061.2578719529,73034.8221302441,92550.1922873145,56645.1853810834,46452.1327209623,64948.8004065903,20141.9822851661,78697.9692416644,35029.8978218729,49704.2169455588,93790.6063167948,18791.9860629832,74661.8039595387,20772.4492283387,85133.5955261421,27148.2522473897,66713.1793508877,46478.7286126144,97007.0590365953,25005.7796543460,63958.7996541601,37574.7582653960,42359.1617896816,54815.0101229727,55043.4451794897,76830.8653701702,70834.0875292944,37599.7820680568,43338.9873639361,84095.7001163072,61065.7255039284,28509.9353558520,58549.5565124650,25871.8384311325,14983.9663762945,49071.9602962084,28543.3148053068,80083.4313848078,7607.2364548914,43039.1956546885,75372.9278804134,5237.6666528395,28303.4388186939,88022.5057044564,67166.4405815102,104362.8277177237,20257.2036280855,35075.6380658905,76739.4477482542,37571.7193585003,13630.4762041843,59617.0422371337,15547.2015786227,38042.4450720779,11515.7204221126,80163.1342652092,18719.1060259596,38272.3480765243,11329.5280740402,17204.9912886031,27734.4167633673,82151.7364977066,41341.6417713490,51180.0166204134,28078.9254671027,24928.2432711052,50091.6241585313,93855.9140706996,24281.8686158151,61326.5979919741,12434.5917719968,100305.0782659720,46244.2000274731,59669.3057475174,36929.3755420436,28064.7922020090,49053.9403059895,50724.7440256016,41119.7434576188,29918.1614552555,30713.6773659770,12746.1819649962,93991.2856677979,21777.7968650783,50751.5772663859,51226.6324292177,71646.3282038332,69385.2918204411,59546.0712204809,71623.0304996100,47091.6167267840,37959.3460117123,18084.8189111301,31074.8157644831,24998.8745064201,84830.0341266478,41036.6337186548,114209.6805522014,32158.9429874334,37583.9593333723,70657.9454507769,59439.6737446834,79584.3744908522,65165.6645190586,14162.6227882405,51990.1737683585,49447.2035579512,64112.4640787134,65451.8768097064,32899.7357919656,87446.4377934565,67386.2301582207,17270.4666350358,76990.6327073596,34426.9490773711,67984.4884898689,71124.9615971521,59137.8374145757,79879.9418088311,7726.0136306468,84978.2448041828,83144.0172725251,80583.7820415067,71504.3867862206,46954.2774831020,56809.4721672724,19097.9656610103,87599.2442169472,63782.5602317005,15.8348153314,54653.8184580395,39639.6031141889,29959.2200559109
1858,87735.0247732450,49630.0425865297,58394.2260497909,113045.2639122707,43198.2849811639,91781.1422653203,40717.0384066334,42420.5779858123,115303.4564940727,4440.4475743386,77024.3320926398,46647.7763043389,58629.4862395791,27106.1631938198,61411.9641658369,29051.4440000580,90501.2586314658,33893.3418952153,27704.4340653483,72127.0843422896,19569.7253662890,24814.9880587373,18977.2662139667,63766.0061254120,41321.5479996486,104163.8567457738,53367.1395632823,76270.3317334482,18410.0386418900,77403.7396863332,55595.2214020218,43791.3600062621,72266.4038024957,91755.7550516232,71165.5161779367,52907.0768590823,78816.5157921181,12355.4164923458,47847.0848285356,15561.5194520627,31231.8199009334,104912.7720441129,32396.2399820225,31322.2692224232,31320.9926601732,34705.2743897154,90042.0317591496,104114.4203422514,18761.8625034278,65717.3409960066,21139.3707464893,31384.3147939668,46535.3512041264,83138.7186996603,41635.6227843780,8579.7426452374,52548.5835094993,43255.7964316490,60011.5480522236,33364.9012938256,82572.1901675962,51257.7103993769,13793.1678713152,85749.5966508553,62939.9799881301,41679.2244775736,7944.7395735347,70436.4889412754,80149.8088121528,96703.7743735453,63296.6333152171,39255.0291817998,67832.7145701611,27509.8761398015,81486.5227004138,38974.9959224131,42470.9903460900,97011.1934741494,21707.6930493946,78854.2716317670,13404.0596268839,92121.4912266149,24985.6984758389,67809.2474027050,49719.3953047749,99177.6734706853,22849.7697519650,71136.4673906755,42818.6080905278,49730.3533878598,61993.2799333134,62390.8793949933,84097.9391647476,70244.0090458949,38669.4898457299,35974.6824240622,83921.5442080542,68392.6799312647,24326.3918216729,58285.1327584768,26289.5172475460,20556.2343936383,42253.3451319288,34663.1313322872,81369.4341339378,13569.1117636649,49718.2377769453,80210.4972335728,3300.6590594479,35619.6560069597,90037.8574040574,71086.5313442338,106598.2335646964,26420.8909941892,27914.6905026066,76628.8849111422,35419.8860806772,20901.6495937838,60527.6791322533,9247.0751599713,40833.8931202097,18556.6251370523,83518.5317259333,11963.3090682230,31017.0559145791,7172.3002656007,14835.3548126058,20364.7230469677,86184.0183970954,48332.9668273796,52897.9055891506,22344.9207477710,19105.9253068552,49929.3490171678,97530.0836477696,20576.6011162208,64841.0469661761,15195.7385062749,103496.1904668767,47151.0166835365,58056.9518098551,44240.3400626584,35411.4203763572,56429.9055251484,54542.4278411608,39989.9039354529,28667.3485721944,23446.3775342843,16370.3728210918,96679.1365458454,15207.5435803254,58047.6508717109,49383.0653704783,78584.3212649796,76626.4844684623,66542.7110448628,71860.4405764114,46149.0989367657,45237.8705248002,23017.2481902485,32039.2802893462,25536.9656705041,87892.9052174693,44717.9704911883,114036.0792207144,37103.2664331785,37514.0774194829,73427.5835727563,61959.5962958843,86717.1813907156,64611.3609097027,12323.2566864629,58470.5552179924,56761.7218608088,65744.2122000467,72822.5830252101,30165.9210047880,91712.4323067010,70725.6596468864,24399.2194923224,79346.8358111898,41141.6113139302,75057.7483275337,72584.7015477884,58177.1804815091,86861.5559568796,12940.5022548904,86401.5755892618,85486.5805910318,85417.8822492625,72306.2504705537,54122.8889333244,60631.4222030455,26169.5654767327,94696.8201546387,68238.6841728961,8229.3547040058,61600.6401419730,46676.5091230144,36915.1717256572
1859,85846.3481843949,52333.0094136829,55959.3636774607,113044.3919086629,43719.4528867130,89007.3743853348,40951.1828923645,39918.7967248674,114226.9761601079,7506.4166066595,76556.2882106557,49192.5905692782,57170.6995013666,24605.0517716697,58599.6204320892,31118.2082725069,89304.8463303403,32689.3160488916,30514.0014687011,69432.3053671350,19265.7356834587,26472.6431836663,16486.1327089860,63977.6886674129,38511.7924106831,102607.1772305053,52832.6935144355,74751.0804125430,18069.8009987751,74594.5840205210,52880.7073684468,46600.4299375570,70293.6767338649,91007.1436240757,70185.7490575348,50185.1620991413,78877.6617498245,10011.3403633089,45962.1539286880,17332.2422397291,32256.8622833637,104048.1935490462,32341.6608128314,28571.7776933277,29204.6945582694,37391.4518155341,88476.8346926109,102884.0078501396,21319.9388456884,65414.1061393365,23785.2372137430,31062.5856728976,45489.2607141423,80483.7005856251,38976.7874249584,6992.2901540462,52685.1093121878,43001.3054437249,59050.9788930164,34428.2754022621,81604.1352181073,48452.9204122911,15172.7746067785,83623.5285638520,61107.7719977579,38930.8752448771,8307.7221780105,67633.4648542212,77396.0225155090,94951.0613113322,60680.0924632696,41953.0777974731,66513.5440094625,24712.8300818710,80215.7575328536,37223.6212477860,45249.5022323536,95594.1197703186,20195.8811246735,77077.3275929572,16216.3580445743,89405.8797955589,25433.0866802975,67147.9568468419,48242.8425683098,98146.1123042750,23568.8462115583,68364.7024475332,40639.2721184641,46931.0787708726,59220.6897738946,59607.2234231491,81303.5865092521,70225.4907686041,37947.0560833423,38786.8755215808,83758.5179790955,65585.0024022577,25878.3639137352,58123.0136734730,25732.3139415481,18380.8464794302,44887.3398477216,32188.9777483995,80652.6967800182,10776.3807771647,47087.9675834088,78208.0068977588,660.9996946688,32851.0993246153,89057.5267515227,69399.6593076558,105546.9023033867,23913.8084267067,30666.1516460387,76434.3154458708,35929.3588164679,18100.3897438659,59924.5103940801,11577.5441930212,39492.7064690103,15883.2879802417,82043.9978166410,14400.6374521939,33744.3530788959,8109.5632236967,15514.2850111777,23177.1130653410,84468.7889851312,45705.5990445134,51979.6501807056,24522.1815814420,21112.4188264852,49709.7224917150,95949.4339962764,21633.3058411182,63291.7183459006,13611.9858097055,102093.2258441493,46519.2602642972,58416.7264862658,41475.1241427056,32600.1926798826,53626.0391804675,52871.1601950684,40113.0408999305,29080.2323025687,26178.6317862406,14790.7711973987,95455.9650472421,17705.2217631093,55245.9126968935,49815.8349481651,75882.5031506419,73838.3335338320,63821.8392992761,71527.9234283031,46219.9156980967,42439.2864463340,20861.9252878599,31321.4398264190,25230.9917514719,86527.3447998045,43074.3916862220,113893.0218023211,35009.6871600045,37216.4564873591,72156.1387541949,60764.4992169404,83958.7273804655,64571.1951471463,12402.7687762168,55905.9596386673,53995.4451372755,64880.6813878190,70010.4194231445,30885.2676864766,89917.2698570040,69245.5842042594,21703.9843373355,78232.1530930448,38495.7177336826,72315.5244145724,71793.9157299617,58283.0768180412,84147.4130862881,10561.2612843824,85638.0894300922,84382.2021902754,83419.4491450038,71761.1091713712,51352.0828748244,58967.6319353877,23414.6401593587,91948.8743499206,66360.5154353306,5359.8641057512,58893.6317145860,43940.2212686214,34197.5782306952
1860,87237.7988321611,49866.0130885190,58654.0984335245,112418.0763501505,42588.3007194862,91624.8414210072,41345.6155028001,42095.1211265212,114705.0728182386,4856.6603138662,76398.0200571634,46429.0629979858,58070.7064503359,27333.9088424087,61361.5178319666,29534.5294152242,89913.2950615461,33312.1292085413,27739.2229331424,71898.6777670570,20176.5758735281,24327.5248132108,18662.6796092143,63143.4930528922,41295.3702105989,103614.2715428348,52743.0703595296,75717.3851942074,17784.6043284951,77319.6368617396,55383.2888970688,43821.5841869498,71786.5136044341,91138.4167760451,70561.7065904736,53008.8022139750,78190.2466562763,12629.5974929433,47353.8113348464,16110.0137242540,31843.1984084015,104300.9297296942,31767.3701842150,31147.2139965946,30881.8298485506,34957.0964255824,89494.1809268586,103529.0334050642,18545.0227471603,65088.6823761030,21425.3940139022,31994.2125021081,45938.2515824935,82883.3050346946,41783.3951923135,8088.4686862760,51923.5105706378,42626.9990410547,59407.1182601682,32796.8077852915,81967.1263531856,51159.6847458725,13249.8866563855,85302.1168259615,62434.8241393938,41499.1344095496,8568.4779366338,70432.3594387114,79971.0147748939,96182.7899822187,63020.8816073673,39131.7773808010,67257.6238754100,27522.1070307781,80905.7828835614,38460.9394193588,42631.8700687360,96444.9821653878,21167.9716825899,78338.2767057288,13481.3661494573,91907.5924953348,24368.8564668101,67188.9082166090,49163.9864860882,98576.4055043979,23475.2962689155,70978.6648647868,42390.3117011387,49736.1103821612,61837.2089391680,62424.7299597390,83973.7115313625,69616.2010817862,38053.6347813023,36045.0072346068,83292.5036628078,68302.9163797347,24895.4385388398,57656.0353000827,25668.7429612360,20892.4003852550,42536.7158014745,34329.3969165935,80750.9439321635,13460.4970720835,49451.9866812472,79735.9944813430,3294.8565313190,35674.6181744914,89433.3513753925,70557.0562167844,105998.1932892393,26104.8824984310,28112.8414208929,75999.7641040974,34808.2525536577,20802.0717039382,59905.4922150602,9693.6419938546,40264.6655193806,18691.9685239348,82959.6329418496,11681.9583506542,30919.0580936330,10425.5413713699,15463.3304145160,20431.9772115577,85657.7406597652,48500.4564088309,52291.3057760311,22806.9760322753,18689.5494652676,49300.2985980114,96983.9275270168,20002.1303017965,64292.9080415718,14675.6336928624,102928.1663648934,46530.5206802161,57439.9184440855,44299.1283023754,35342.4921086116,56423.9080218998,54012.5387782601,39363.9539802548,29296.4537190647,23353.1013693981,16831.8183511825,96093.3303172771,15576.2482542153,57940.8348032049,48768.9433946615,78360.5732546880,76491.6648626436,66334.7071251827,71232.0150954818,45522.3178911201,45125.1269010912,22593.8389004051,31424.2191800955,26146.2336631390,87321.4495086475,44185.8281089316,113407.1993185732,36656.1419054585,36885.8296084850,72847.3639880654,61373.1281735192,86543.0098362807,63983.1960524792,11694.1409349894,58169.3572159847,56819.0868634177,65133.5164962572,72775.9108548713,29566.4091599298,91198.6214224695,70168.2836356659,24520.7037971976,78752.5069470581,40886.1921617322,74867.8223327972,71969.8694522597,57551.5279362568,86646.7511404738,12599.9963810122,85785.0321084713,84891.1765770899,84942.1613547186,71681.9331420707,53965.3759605722,60099.6055918599,26001.2653146865,94511.4109637535,67741.1117994684,8093.8840508429,61382.2065806097,46484.1713040877,36709.3205034835
1861,85957.2267270981,51710.9013449244,56955.1441536254,112457.9155564981,42982.7583166952,89715.2784718305,41440.4777506107,40373.7907474464,113996.1781495339,6635.7214594956,76109.2976891335,48212.1095233806,57085.2137094141,25597.4317718581,59419.6494220526,30898.0606464547,89118.0208931321,32490.8887992458,29681.1609501947,70046.2029125252,19889.9564743063,25513.3883903945,16928.0136288336,63326.3300825087,39354.5293109972,102568.4777597392,52402.5067616261,74693.9500674787,17546.9338490904,75381.6786372226,53514.9744049733,45763.3971761475,70444.4332455532,90656.0315563336,69914.6101012691,51122.2834192156,78270.3674180776,11009.7046157982,46065.8985698363,17234.1912277910,32474.7937305080,103739.0409324202,31752.7794497653,29248.8028539293,29421.2973298970,36785.2628352906,88440.7734376690,102711.5676644312,20345.7609126512,64912.9071158717,23213.3380994550,31706.8445929418,45236.6754595873,81060.3154383495,39939.1949295180,6886.7809393924,52051.6950569103,42478.4162633699,58770.6434105582,33568.0445413694,81330.2859015386,49224.7876090511,14240.7601991525,83854.3998351506,61189.1443167578,39604.6103478908,8672.9348277910,68494.6035860849,78075.9828857822,94998.7589484162,61223.5002546196,41013.3119521823,66372.4175953312,25590.1308855553,80057.1730402582,37261.1888986740,44537.1735537678,95496.1706304384,20111.7734682704,77134.7518131251,15417.9347636074,90041.1737720123,24702.6536102324,66763.6058993864,48162.6304968330,97897.3711458716,23885.1538129421,69069.8466182412,40894.2242628631,47801.0125612943,59927.2749243326,60498.6016053652,82048.1026024574,69639.7286214295,37574.2174288980,37984.2727700842,83217.2373942659,66366.1255606259,25885.8743713261,57577.1101849906,25293.1099487724,19373.7076669362,44326.6725832560,32623.5796487116,80289.3939609360,11526.5027638878,47642.5874303268,78374.3950390205,770.7800968373,33759.9217562978,88789.0049212897,69415.1681061601,105306.1029367932,24370.0426672485,29991.6720470311,75901.6002406618,35191.9753378077,18866.5130453928,59519.0400503816,11198.1749267963,39353.0859721392,16846.6174230602,81968.7630256613,13413.1820057853,32819.6034585986,7219.5610398092,15825.1385179588,22371.1749508849,84498.6459776724,46675.9084897517,51682.0302159058,24242.1142686594,20119.6265188402,49178.7825425543,95920.6264506738,20764.9353815021,63245.8569499003,13545.0195484897,101989.9397895977,46119.4166524231,57724.9512832059,42385.5987630820,33401.7494037442,54485.9432169936,52876.9030809608,39478.6173402911,29504.8297528908,25258.4395072568,15703.5222750402,95280.1198494077,17237.5048984066,56008.6225053943,49103.1717714426,76503.4712444863,74570.6705692814,64462.9119106776,71036.9589535172,45602.7100636172,43194.6842161661,21094.8802471745,30942.4408349321,25865.2276865043,86407.5096113341,43065.0918149170,113348.3661166344,35216.3495548888,36703.8733789409,71996.7921630303,60573.1765529576,84644.7819421263,63990.6929540691,11736.1852023729,56408.0695228867,54904.0069997994,64566.4326148766,70833.9824932943,30095.3848866324,89984.2077734839,69171.1383184227,22657.1607596397,78012.6728368443,39063.6636318152,72981.0517287125,71455.1046015113,57659.6182265194,84781.1573987693,10918.7996161888,85291.5825040781,84159.5280536230,83584.1729194151,71338.6214499660,52056.1874372740,58971.2310718469,24097.9989034929,92621.2832588459,66464.5202842013,6937.0166978831,59519.9603383137,44599.0530881440,34835.4032570420
1862,82110.0618897203,57618.6790331551,51602.8220864656,112891.3669673020,44862.4394323421,83647.3636957861,42260.7947313475,35080.1015317319,112008.0987781913,12832.1384268608,75597.9549857952,54004.8431196938,54361.8964654442,20257.8065997235,53223.1734572760,35560.6174250416,86900.0373010672,30636.3381201609,35878.8613208032,64197.0729788253,20152.6913494362,29887.8555330084,11887.0085261568,64380.9690236805,33158.0127307698,99483.6160613958,51872.6602685536,71756.2139621523,18287.9879888112,69204.1815069570,47617.7171016218,51961.5309080178,66424.3227892079,89463.3446114878,68259.6137159803,45110.3990041373,78928.2393205416,5942.0061362611,42359.5409337847,21560.3832624279,35066.6515884429,102253.0238378635,32572.9446505120,23261.0915341307,25264.0544362023,42663.6055829684,85360.4945186711,100387.0666054655,26250.9365136302,64822.3780223103,29027.2777226574,31498.1559471996,43585.6702461203,75313.2811844668,34095.1281651450,7642.2919916613,53018.5416900101,42679.5530946896,57215.7599772706,36683.2508896973,79661.5429466613,43062.2060355362,18497.0551676450,79434.2616437791,57540.8966968111,33616.6384001187,11401.8254610211,62306.0922769457,72064.7072585324,91462.2600208913,55587.5152164269,47068.5105424896,63938.1863642217,19426.3370158087,77689.5651104582,33968.3303722550,50622.7430236252,92750.4079013052,17851.0107310678,73574.2205525483,21600.8873223921,84132.2693062145,26775.9886114903,65854.7391172445,45452.9293847281,96040.7476638673,26058.9184688219,63008.4952688718,36462.7650638150,41621.4490973125,53864.1415689117,54347.1152073552,75919.9634684912,70157.9767109407,36778.1769274499,44171.3430047252,83362.7883214489,60193.9825654652,29621.4084049865,57845.4266565922,25164.3010770882,15117.9328127394,50087.1811420565,27439.1713520396,79199.6838103753,5760.8848515678,41982.2354015811,74264.9180025037,6839.7037829704,27657.4373255480,87071.1122969047,66092.3947634402,103389.8857466437,19151.1958407146,36015.8437768082,76003.2300238824,37152.9046518647,12713.0486354583,58782.4595177342,16585.4168513027,37058.2684929997,11137.5828882930,79117.2082066109,19234.3168996196,38926.4656025126,11508.6169738756,18288.5795719737,28559.3378465785,81070.0230297678,40892.3500006554,50274.1866323585,29171.8969189862,25190.3035158406,49385.8238928188,92789.9906264651,24165.7796540267,60276.1068890259,11575.3682849294,99265.7257268561,45424.6557832312,59133.9657405987,36282.0808718850,27212.9105423786,48297.1510489555,49660.8909350678,40551.0535424764,30907.0686756244,31381.7732273946,13330.6046037665,92986.4644225927,22806.7962631458,49856.6629081344,50734.2284125525,70633.7840337094,68461.2715263607,58544.4840718339,70851.0410967826,46486.3963612106,37052.6431052984,16992.5445667277,30282.0083605528,25856.4051776782,83801.4565888008,39986.0396489347,113465.9111015688,31054.5457327466,36891.2512759634,69653.3959451967,58458.8980100159,78620.0583242306,64489.7659241088,13902.1465813938,50914.4038298549,48790.6711956594,63204.6258717017,64636.7679858175,32583.1542520025,86354.5699220100,66344.4360662539,16796.2641425391,76015.1184774779,33371.8626883595,67002.3171612646,70229.0664318535,58518.0476971360,78876.9304217777,8852.4816650678,84079.7589716549,82167.6413608922,79475.5761705358,70672.6015891089,45999.0092882842,55743.1515366085,18101.8891838519,86624.9614798300,62686.4430650007,524.4393586985,53641.0888423837,38644.0265096183,28942.0004467226
1863,82515.2133830877,56976.4777341414,52169.4931894872,112832.6007605190,44625.9164238973,84302.6232380641,42124.7879305751,35640.1077767737,112212.1663564992,12163.0008812648,75633.2491859471,53376.4051844037,54632.6579591080,20809.0805507374,53892.3993362671,35031.4806894109,87125.1597267447,30786.1865891861,35209.5348739185,64827.0758243864,20028.0163643578,29386.7879521308,12383.7754808643,64243.4002574434,33827.0196187269,99806.6354054082,51898.8673842790,72057.4558119954,18111.7541165051,69871.4630844343,48252.3198150957,51292.2048596248,66845.8142374265,89576.5649613140,68417.4734434153,45756.0931086405,78838.3303508028,6417.6714736841,42735.5912726050,21045.3290844714,34739.0027032875,102400.7365152495,32432.6493188554,23903.7526731629,25676.7991488297,42023.0885586413,85680.7129555395,100626.3740646363,25607.7853592066,64807.9892886835,28390.2355960681,31457.6326637416,43728.9342939366,75932.1538358619,34718.7482722177,7437.4120867204,52884.2939671967,42618.8400452874,57357.7214833465,36312.4281210426,79824.4951956941,43727.6928541648,17985.9854833136,79903.3315953805,57917.6047158523,34260.8636118048,10968.6084468599,62974.0262689147,72713.4350308236,91834.2141030024,56192.3157977463,46413.6953420992,64180.7532121635,20090.4179620092,77929.0491251585,34289.0386926419,49963.4596952204,93034.8974414889,18010.5134930538,73945.5947192586,20932.5101768064,84769.7203179649,26494.1135482442,65929.7770927047,45716.8341622326,96227.9424965400,25757.3269538689,63662.7204156813,36920.0077410363,42288.1421187848,54518.3646610235,55010.3322667178,76581.8553845632,70080.1438748115,36819.1087524083,43502.8226597500,83329.2507032764,60860.6544777882,29174.3677103095,57788.8606337644,25109.0107739959,15511.1151740913,49458.4879774466,27981.7238865721,79299.0778807221,7072.2367021402,42588.1388597632,74698.1514353065,5557.8991404268,28313.5982528598,87241.2796831325,66435.1295549367,103584.8487804058,19690.0123836274,35361.4600692991,75972.2809387036,36900.1032481705,13376.1626739104,58835.3648425515,15973.5337514287,37267.4095387060,11728.2147818292,79410.7098718978,18595.2725013332,38266.2897352787,10960.3548013059,17932.1508415043,27890.6591696408,81428.2044505373,41509.4804997323,50395.7067706801,28613.3413821589,24620.1866427195,49330.3719902553,93117.0831458015,23747.5579229358,60577.1833134448,11650.4347666130,99548.8816109416,45463.8764858338,58956.2717469606,36938.8548830066,27881.2843675654,48965.0939545434,49984.9624975845,40395.0878555823,30694.3401285917,30719.7095596412,13465.8705930463,93221.1232779012,22187.6181717010,50521.0079267590,50528.1845202499,71266.4042450610,69121.0081990914,59182.1875477364,70849.4050396010,46356.1723615608,37715.6421400088,17379.3546651461,30297.3746053367,25781.3459226790,84068.7761599521,40287.8595187137,113441.2870523818,31475.0965134490,36825.2016801950,69887.8658568133,58663.5145124336,79270.4193625383,64411.6829668240,13552.6545926207,51502.0529942686,49449.0596595685,63328.1824779249,65306.0562071499,32270.3114896937,86736.1108992544,66631.6484045076,17416.3305253768,76213.2571970476,33979.8095498851,67647.2327401232,70340.5065994191,58398.5837508346,79513.7242600672,6991.5367876485,84193.7996144999,82366.7781978749,79909.6115740220,70723.0303025076,46652.2949041272,56071.5135069758,18744.2949308771,87272.2641326682,63079.5410181610,813.0388768558,54273.9512978133,39284.7512068748,29573.8645788663
1864,85154.4892873065,52709.7992874369,56214.0643432671,112272.2584705486,43001.5000570659,88712.8482685996,41740.2640986071,39408.7093072211,113444.9882735075,7608.0756399979,75765.2324335796,49032.5142975889,56415.7133009562,24839.0400898565,58439.2451580171,31757.4829420154,88529.3909361894,31910.7176262004,30660.8423851768,69047.1967846093,20034.4929558525,25981.0234850001,15964.0309744489,63223.9463818841,38384.5269664958,101865.2376152929,52040.8849341279,74003.7338430311,17289.1612385228,74390.7934554507,52513.8561455353,46740.4096111881,69617.7399392569,90214.8723267127,69398.7428966129,50227.1309282965,78110.8579483334,10375.8088796827,45266.3378069100,18020.9355435072,33034.6327538021,103258.1126104401,31572.1438732787,28245.7556836721,28555.8730208032,37781.8282873279,87735.4815201052,102111.1682478234,21189.1952314314,64627.9713539418,24203.3907097369,31824.0245686490,44703.8909542335,80066.6762550235,39085.3699904571,7783.4038090313,51926.1902703430,42218.5238195183,58262.9808535550,33796.6527535369,80816.9420404751,48230.7624851837,14638.3963563427,82984.1737040556,60404.1343656959,38601.5885231114,9098.0433273103,67532.9685811727,77072.9407912398,94236.0665207936,60235.9451749575,41912.7803497471,65746.3081234445,24641.6078206248,79445.2851817854,36503.3564292860,45539.7967217712,94836.7700819235,19438.3099856935,76365.4441467159,16410.3817368793,89040.1425148989,24714.8999961552,66355.0979517214,47488.8570879820,97361.7612961863,24357.8355905492,68067.3261325126,40010.3596899121,46845.3327991571,58924.8519487113,59557.1555391814,81049.0205609330,69453.6841785473,37154.2222524382,38973.4630445561,82977.8802338824,65373.8854975527,26606.0388063346,57343.5292746462,24941.4628786193,18785.6359563905,45315.5822704611,31664.4910345567,79860.0807714247,10531.6050815999,46652.4995284672,77538.9332218982,33.0593930313,32835.2458874986,88270.9157762686,68673.5299033048,104763.5674156478,23403.1933329636,30994.3493512675,75652.3800056516,35212.6142492906,17873.0384821044,59131.8626645195,12125.4459368754,38724.9605491554,16002.2479445935,81292.0570585399,14221.2409780344,33737.8059407717,7534.6674350512,16302.0170307126,23360.5536569105,83747.6173322579,45838.0922100970,51190.1161615154,25130.6212248106,20735.2845226516,48927.9679107438,95210.2408324049,21013.8014547921,62547.1835501284,12856.3856648813,101334.6818949804,45726.5469696372,57677.7752229732,41461.5145973803,32416.0786708712,53524.0451043010,52141.4536469918,39355.1251798649,29872.9235060663,26182.7215715968,15387.6784164177,94682.4619871464,18199.6317355409,55012.6597201338,49086.1195800697,75503.7285551271,73570.1706284053,63461.3427600585,70740.5654247634,45456.6696753539,42197.6662568527,20219.3689518219,30528.5813476078,25995.9920598084,85764.8997175862,42339.6157600025,113112.7293910711,34356.8618850057,36432.4175639391,71385.4172349461,59987.9434202085,83641.7458305172,63798.3366698226,11663.5637044618,55430.1334906147,53977.2831761753,64090.0968322641,69854.6828514639,30199.4431952813,89208.9779734957,68493.6316301214,21790.6534125405,77451.5078557205,38070.8736441050,71978.2585364400,71002.0605799769,57521.0722775980,83780.2399811356,9981.5221736682,84845.9675496669,83601.1585545712,82749.7489933017,70968.9023237223,51053.6769943036,58237.4661987504,23095.0261904675,91618.3381704594,65665.5810311664,5060.2798186604,58519.5830798612,43596.4071470498,33833.8046061190
1865,0,0,0,0,0,0,0,0,0,0,0,0,0,0,0,0,0,0,0,0,0,0,0,0,0,0,0,0,0,0,0,0,0,0,0,0,0,0,0,0,0,0,0,0,0,0,0,0,0,0,0,0,0,0,0,0,0,0,0,0,0,0,0,0,0,0,0,0,0,0,0,0,0,0,0,0,0,0,0,0,0,0,0,0,0,0,0,0,0,0,0,0,0,0,0,0,0,0,0,0,0,0,0,0,0,0,0,0,0,0,0,0,0,0,0,0,0,0,0,0,0,0,0,0,0,0,0,0,0,0,0,0,0,0,0,0,0,0,0,0,0,0,0,0,0,0,0,0,0,0,0,0,0,0,0,0,0,0,0,0,0,0,0,0,0,0,0,0,0,0,0,0,0,0,0,0,0,0,0,0,0,0,0,0,0,0,0,0,0,0,0,0,0,0,0,0,0,0,0,0
1866,82827.5440949583,55814.5368824674,53773.8761392032,111995.3097686648,43459.9325307757,85568.5855019895,42584.1796715908,36478.8457858717,111974.5804496605,10729.9983047639,75004.8194589372,51776.5347560165,54582.7390587354,22407.9185807618,55322.0164523515,34379.1963249559,86945.1914217440,30457.1583868462,33783.0961678842,65947.3196933522,20556.9206215908,27835.3093196857,13076.7588555713,63256.1438536170,35293.0101564086,99882.0119362459,51259.9222255628,72080.5833470365,17097.1817756201,71253.1052464228,49400.2156303214,49856.4258137215,67211.4513334311,89122.9145791610,68076.2916753380,47334.7802488871,77942.4425618898,9159.1526970265,42982.4706855692,20471.6633640922,34719.4097166596,102026.5734964147,31459.2098287217,25109.3142913020,26055.5351180669,40875.9228974642,85751.3464834530,100479.8433270223,24025.9489771443,64074.1543693962,27272.5843748945,32144.9594100475,43367.0215014215,76996.4356734990,36321.8214801074,5674.5808337080,51907.7516504878,41798.3641789013,56983.1484769606,34926.6919651498,79491.9958071206,45088.5410317437,16428.5142226869,80411.9290319199,58155.9196163381,35467.0472389212,10743.8947176380,64458.4922417351,73936.7501360858,92048.0168828841,57197.5492132056,44858.0403089625,64052.7076098542,21613.3056526573,77788.1567536796,34391.8763056665,48683.4597733475,93007.6960169683,17746.2512631348,74162.2595937066,19552.9015397499,85926.1787671154,25261.7010581039,65394.3475638744,45655.3670299783,95951.0634389129,25826.8377780306,64923.4960625625,37413.7833883576,43788.2159445699,55780.6051055876,56534.8308815727,77901.6954938546,69211.0887301146,36225.9825680334,42110.5366287604,82549.3563440873,62234.1222804100,28810.1676785813,56968.1975763611,24324.1209273150,16971.0604971372,48374.4248784178,28767.1127310855,78815.5834887546,9896.4443687376,43603.5321686451,75096.7015800282,3224.8978972202,29868.4517408877,86924.4782116665,66573.7612088171,103325.8999311143,20480.9860889883,34125.6606690731,75199.5982741401,35709.4508323515,14732.9846491463,58252.5889243818,15016.7535722110,37074.6010792867,13338.8671322986,79410.8023003559,17007.2224275573,36730.9899292257,9373.8665270479,17878.8296121837,26498.7133278859,81605.2836376641,43116.0107542779,49976.5870853945,27858.1876947809,23016.5707783671,48516.3319756708,93204.9039386017,22300.1202382117,60604.5444906798,11237.3647680979,99516.8855831075,44858.4378321483,57893.3217660090,38491.2962542114,29289.4863428553,50450.2348195673,50080.8338882239,39383.1385592628,30983.4089771366,29194.4760600620,14550.8278525517,93064.1036124948,21175.8916269154,51867.8877457221,49415.2287130867,72398.9404124957,70422.7920527200,60343.7317552045,70141.1444173730,45390.9759071830,39051.8490690872,17713.9986856303,29656.3983971464,26404.0643913308,83998.3541709918,40331.9983432355,112675.5910027760,31865.2067038962,35998.8453016252,69736.7798998481,58441.8153263311,80503.4394006210,63543.8539901760,12231.9346622535,52437.3768677214,50995.5029996644,62906.8687249860,66739.3851457114,30979.2137944778,86978.5438352559,66619.2856410723,19021.1929826466,75968.3761822166,35009.5451466706,68848.0074253190,69887.9078072537,57449.0939792182,80667.1992484861,7298.8279003400,83743.2979951304,82122.6375194336,80309.1978659506,70129.9875322596,47909.8456898012,56175.3140955378,19955.7764059611,88485.2649202951,63362.7826368487,840.2958896685,55411.1018195558,40468.8033341221,30717.5316528233
1867,82491.5521514822,54547.9600864511,56683.9824705296,109710.8124132502,40767.1812104950,87234.7924609437,44444.5686045498,37281.0734241433,110633.4749764920,9016.8199051623,73049.6930160157,49099.2846686094,53625.3609470919,25342.1203449814,57435.5677775952,34328.3197455275,85717.6434482758,29098.3720858320,31835.1628345748,67286.1268498438,22618.3348869487,24843.5976091255,13890.3364568711,60781.8976191598,37536.3516588769,99095.1813132225,49315.3309215068,71224.9908483413,14702.6107838829,73223.5177742535,50827.0971993093,47845.4382821167,66995.5718327506,87435.8891544026,66593.2037275828,49941.5316456002,75586.9019354669,11576.0047646113,42600.0520832667,20711.7849743015,35846.9746560261,100462.1112135159,29048.1194150081,26755.0346762903,26025.6607074435,39681.3523654006,84966.7742259011,99300.6498973267,21495.1624518917,61966.1741293364,26220.1968236621,34355.7098634178,41895.5493522926,78197.6713095084,39065.5753875888,2509.6840552049,49457.3740423354,39590.0298103129,55459.8273697809,32002.7853171122,78011.7791460008,47032.7782117583,13439.4014696662,80454.9840872036,57716.1071594067,37063.6065985548,11896.4436367268,66724.1009293396,75507.7007132143,91519.7942142211,58293.1380429313,42421.7009218135,62940.3494214084,24060.2791223189,76636.4211423945,33782.1099363057,47124.7996488970,92042.3146115579,16647.6511816335,73657.0276876181,17840.5617151018,87330.6235612138,22512.0970859503,63595.3689558818,44700.4042950812,94552.1173842084,27159.2321911890,66592.9083127177,37524.9359058687,46118.8040349377,57464.2696803493,58932.6385432467,79707.1630827114,66898.8419801394,34392.2995230192,40246.7402462928,80359.2540978914,64189.8879889660,29361.4398376239,54737.0234063625,22237.6525182283,19959.6511405025,47313.4106746497,29505.9360943884,77087.5852979687,9595.0219319017,44751.2121478916,74932.9617628776,3733.0729142634,32398.4900009528,85464.5634152322,65935.0909805233,101952.9587855662,21316.3692141042,32727.8835769237,73024.4898393296,32994.2653978259,16814.1155434947,56386.6469818824,14542.1710020008,35918.9038058165,16205.0272287898,78505.7207259498,14467.0835517036,34390.7591323122,8707.2404586309,19106.7957116246,24691.0809628279,81018.6427158191,45884.8733308718,48392.0828997088,27637.2454714284,20116.5845602957,46305.8393935649,92445.2593646659,19334.5996151894,59773.6852052146,10072.7720817289,98538.5522447730,42979.8620864807,55321.1524295940,41000.9298299618,31393.3352924523,52728.4078806731,49397.0715731145,36899.4221750224,32628.3413674018,26911.9670885070,17293.0248334767,91871.5834358729,20447.3612676111,53766.2720309876,46784.3140209425,73758.9820726769,72188.1752066406,61784.0449470764,68066.7754423829,42964.0970256682,40946.2879400897,17724.8603391435,27772.9761709895,28552.0097072979,82963.9737917227,39586.1908973727,110494.7160783236,31809.0026994659,33795.4688828590,68576.3965764350,57175.8823213526,82092.7095512487,61237.4997950198,9423.7364017714,53391.6546909748,53472.8510747370,61296.9129530850,68854.1532381669,28151.5483109993,86507.7328593761,65707.5638014283,21795.5538767111,74639.4357703827,36218.4537230964,70370.0411680545,68218.2943988877,55031.4214421185,82068.4572028686,7797.0505278999,82065.0387513117,80789.2182700631,80141.5388183594,68234.4632886821,49594.6644375521,55491.5597931627,21657.4763077031,90021.4000621489,62997.3672939819,3104.5735783609,56802.7937496522,41999.1301744817,32193.9031154331
1868,0,0,0,0,0,0,0,0,0,0,0,0,0,0,0,0,0,0,0,0,0,0,0,0,0,0,0,0,0,0,0,0,0,0,0,0,0,0,0,0,0,0,0,0,0,0,0,0,0,0,0,0,0,0,0,0,0,0,0,0,0,0,0,0,0,0,0,0,0,0,0,0,0,0,0,0,0,0,0,0,0,0,0,0,0,0,0,0,0,0,0,0,0,0,0,0,0,0,0,0,0,0,0,0,0,0,0,0,0,0,0,0,0,0,0,0,0,0,0,0,0,0,0,0,0,0,0,0,0,0,0,0,0,0,0,0,0,0,0,0,0,0,0,0,0,0,0,0,0,0,0,0,0,0,0,0,0,0,0,0,0,0,0,0,0,0,0,0,0,0,0,0,0,0,0,0,0,0,0,0,0,0,0,0,0,0,0,0,0,0,0,0,0,0,0,0,0,0,0,0
1869,0,0,0,0,0,0,0,0,0,0,0,0,0,0,0,0,0,0,0,0,0,0,0,0,0,0,0,0,0,0,0,0,0,0,0,0,0,0,0,0,0,0,0,0,0,0,0,0,0,0,0,0,0,0,0,0,0,0,0,0,0,0,0,0,0,0,0,0,0,0,0,0,0,0,0,0,0,0,0,0,0,0,0,0,0,0,0,0,0,0,0,0,0,0,0,0,0,0,0,0,0,0,0,0,0,0,0,0,0,0,0,0,0,0,0,0,0,0,0,0,0,0,0,0,0,0,0,0,0,0,0,0,0,0,0,0,0,0,0,0,0,0,0,0,0,0,0,0,0,0,0,0,0,0,0,0,0,0,0,0,0,0,0,0,0,0,0,0,0,0,0,0,0,0,0,0,0,0,0,0,0,0,0,0,0,0,0,0,0,0,0,0,0,0,0,0,0,0,0,0
1870,0,0,0,0,0,0,0,0,0,0,0,0,0,0,0,0,0,0,0,0,0,0,0,0,0,0,0,0,0,0,0,0,0,0,0,0,0,0,0,0,0,0,0,0,0,0,0,0,0,0,0,0,0,0,0,0,0,0,0,0,0,0,0,0,0,0,0,0,0,0,0,0,0,0,0,0,0,0,0,0,0,0,0,0,0,0,0,0,0,0,0,0,0,0,0,0,0,0,0,0,0,0,0,0,0,0,0,0,0,0,0,0,0,0,0,0,0,0,0,0,0,0,0,0,0,0,0,0,0,0,0,0,0,0,0,0,0,0,0,0,0,0,0,0,0,0,0,0,0,0,0,0,0,0,0,0,0,0,0,0,0,0,0,0,0,0,0,0,0,0,0,0,0,0,0,0,0,0,0,0,0,0,0,0,0,0,0,0,0,0,0,0,0,0,0,0,0,0,0,0
1871,0,0,0,0,0,0,0,0,0,0,0,0,0,0,0,0,0,0,0,0,0,0,0,0,0,0,0,0,0,0,0,0,0,0,0,0,0,0,0,0,0,0,0,0,0,0,0,0,0,0,0,0,0,0,0,0,0,0,0,0,0,0,0,0,0,0,0,0,0,0,0,0,0,0,0,0,0,0,0,0,0,0,0,0,0,0,0,0,0,0,0,0,0,0,0,0,0,0,0,0,0,0,0,0,0,0,0,0,0,0,0,0,0,0,0,0,0,0,0,0,0,0,0,0,0,0,0,0,0,0,0,0,0,0,0,0,0,0,0,0,0,0,0,0,0,0,0,0,0,0,0,0,0,0,0,0,0,0,0,0,0,0,0,0,0,0,0,0,0,0,0,0,0,0,0,0,0,0,0,0,0,0,0,0,0,0,0,0,0,0,0,0,0,0,0,0,0,0,0,0
1872,0,0,0,0,0,0,0,0,0,0,0,0,0,0,0,0,0,0,0,0,0,0,0,0,0,0,0,0,0,0,0,0,0,0,0,0,0,0,0,0,0,0,0,0,0,0,0,0,0,0,0,0,0,0,0,0,0,0,0,0,0,0,0,0,0,0,0,0,0,0,0,0,0,0,0,0,0,0,0,0,0,0,0,0,0,0,0,0,0,0,0,0,0,0,0,0,0,0,0,0,0,0,0,0,0,0,0,0,0,0,0,0,0,0,0,0,0,0,0,0,0,0,0,0,0,0,0,0,0,0,0,0,0,0,0,0,0,0,0,0,0,0,0,0,0,0,0,0,0,0,0,0,0,0,0,0,0,0,0,0,0,0,0,0,0,0,0,0,0,0,0,0,0,0,0,0,0,0,0,0,0,0,0,0,0,0,0,0,0,0,0,0,0,0,0,0,0,0,0,0
1873,0,0,0,0,0,0,0,0,0,0,0,0,0,0,0,0,0,0,0,0,0,0,0,0,0,0,0,0,0,0,0,0,0,0,0,0,0,0,0,0,0,0,0,0,0,0,0,0,0,0,0,0,0,0,0,0,0,0,0,0,0,0,0,0,0,0,0,0,0,0,0,0,0,0,0,0,0,0,0,0,0,0,0,0,0,0,0,0,0,0,0,0,0,0,0,0,0,0,0,0,0,0,0,0,0,0,0,0,0,0,0,0,0,0,0,0,0,0,0,0,0,0,0,0,0,0,0,0,0,0,0,0,0,0,0,0,0,0,0,0,0,0,0,0,0,0,0,0,0,0,0,0,0,0,0,0,0,0,0,0,0,0,0,0,0,0,0,0,0,0,0,0,0,0,0,0,0,0,0,0,0,0,0,0,0,0,0,0,0,0,0,0,0,0,0,0,0,0,0,0
1874,102095.2433464284,43808.9534352799,56232.6740272943,128787.2568253445,58396.7670448259,99198.1972422422,25090.0571063809,54191.3733762340,131212.6112169314,16710.2450756043,93106.6331130930,52473.9777762675,74058.4777220824,28470.7177146468,66991.6604125048,17543.3639347094,106288.8015870778,49677.5693729962,29268.1841642089,81380.4597155857,14786.7647153034,37652.9851248219,31725.3649303209,79320.3328118619,47194.9966485423,119373.3989169806,69465.7061207851,91574.5007671915,34504.1802143752,83389.8694354025,64833.9670995282,43729.4300061061,86386.9412034706,107843.2135448452,87146.6125247989,55169.8921813537,94524.8823118846,17374.3567435601,62350.5101762858,9409.9106466312,15271.8222653721,120962.2967281432,48331.1128550228,40860.3050217808,45249.0676361681,29634.0483998926,105243.3077684217,119860.6184239573,27257.5134799108,81741.1987005761,17832.8181793897,17681.8947896161,62463.3868785101,92815.8336712366,43395.4294196699,23976.4146088490,68232.0667147853,59278.5334853233,76002.9726465327,47607.6992030064,98562.5533881601,58230.8490053758,28268.1970288105,99222.8522152164,77532.4612240488,50741.9433751114,8762.2461176626,74696.4877101072,88217.1393013170,111450.9134581259,73667.5175713183,43271.1895188637,83469.5090934647,33757.8050758111,97184.5582990692,53869.4830030768,39131.1419660051,112487.2395610608,37129.0339044600,93562.3453470865,18249.2286175800,100810.5636059635,40511.6572106687,83908.4988180948,65128.8946316873,115123.8520704246,10498.6095112076,78891.1801773936,56343.9717790668,54441.7663687824,69902.2719414279,65959.7908204623,90891.3854842928,86050.8284124420,54753.0693442389,35572.6967300623,99841.1644593811,74689.3302392802,10109.8257849655,74230.9935696969,42390.1501502819,20548.7070110233,35591.6073548306,46823.5983164343,97462.4722916814,24307.9605515254,60189.6013868246,94198.8694165815,16341.8233636737,40092.0345142010,106020.8532394176,86038.2273068770,122528.7719511315,38668.9707758582,25323.7602789392,92578.0951193537,50716.4648169736,30149.3647682326,76629.1869647886,10441.7651175658,56455.4832141434,23923.1690343145,98900.5929544928,23035.4846432245,35210.8747411150,22881.5155508753,2004.5566025841,22766.1701483379,101043.0988580829,49155.6730626162,68912.2040145327,12951.6197639094,31071.8095936251,65923.7992587034,112693.1099002311,35263.6512049155,80098.9854124553,30550.7151929531,118993.6567840003,63250.8328346961,73419.5276947856,47998.9649442884,42586.1701247782,61143.4901535302,69563.8669796876,55740.1481076264,12920.0637961359,28630.2868702644,14246.9355161406,112434.8109648011,12411.7410702477,64989.7668752374,64678.1639232392,87645.7269183580,83775.6421466859,75461.5257084720,87894.9190372332,61925.3540163534,52769.2212247366,36986.3026538525,48120.2952194239,12444.6915601198,103455.1247165293,59825.5984465683,129920.0995332029,51028.4742063850,53564.1605979708,89126.3571474601,77750.7692771865,94594.4585524558,80448.0448163407,28343.0067226347,69429.1453542663,59955.2399277801,81789.1205557013,78031.8302009271,45197.2159434711,106348.3347745346,86106.8349520272,28775.8664800463,95219.8544000879,51673.5673293522,83444.1004363789,88658.6101122071,73877.8480438345,95627.6731765375,26605.0837833332,102484.9604694257,101369.4646107560,99406.1261118719,88403.7236346154,62272.4688034106,75656.0391213589,35995.4226991968,102731.8854489629,82680.1000321112,20755.1411888800,70835.1415049399,55785.6405362441,46698.4580417561
1875,0,0,0,0,0,0,0,0,0,0,0,0,0,0,0,0,0,0,0,0,0,0,0,0,0,0,0,0,0,0,0,0,0,0,0,0,0,0,0,0,0,0,0,0,0,0,0,0,0,0,0,0,0,0,0,0,0,0,0,0,0,0,0,0,0,0,0,0,0,0,0,0,0,0,0,0,0,0,0,0,0,0,0,0,0,0,0,0,0,0,0,0,0,0,0,0,0,0,0,0,0,0,0,0,0,0,0,0,0,0,0,0,0,0,0,0,0,0,0,0,0,0,0,0,0,0,0,0,0,0,0,0,0,0,0,0,0,0,0,0,0,0,0,0,0,0,0,0,0,0,0,0,0,0,0,0,0,0,0,0,0,0,0,0,0,0,0,0,0,0,0,0,0,0,0,0,0,0,0,0,0,0,0,0,0,0,0,0,0,0,0,0,0,0,0,0,0,0,0,0
1876,98396.8413154880,49931.8966017572,50292.4338849282,128677.2601449132,59006.7098154160,93386.9952616110,25398.2325215763,49610.1591504658,129037.5056744071,18069.2077395040,92112.9598266752,57079.0426319156,71340.8002521387,22414.2969761846,61041.5201292152,23501.8217788867,103928.6097870725,47605.6588551517,34443.5824421717,75927.3547074512,7042.0867440564,39700.5920123159,28060.2890708857,79519.2233543406,41378.3682173930,116280.8742149860,68371.4826790956,88649.6211037472,33715.2334254746,77440.9305705099,59457.9477751307,49384.2380710631,82600.8004832760,106322.6561797910,85237.8529624512,49051.1399439186,94490.5630124847,12694.6612880289,58952.5970605387,11633.8989073781,18675.3737353129,119208.1359963764,47971.3384361881,35833.6451158976,41732.9325895180,35687.6956284523,102176.4256940494,117405.5941980986,30653.8963294726,81041.1488602683,23461.9387314043,15577.9651711596,60538.3730685603,87415.8885867933,37280.4658131225,22234.4761640448,68262.1927835359,58643.4192694300,74162.5474126932,48955.0441289420,96648.2365355757,52487.9331956589,29315.9543011844,95044.7399064448,74088.0798322152,45447.2713687880,7946.6135971825,68629.3035184241,82525.1475764387,107991.1378683184,68508.4301613123,48197.4045223912,80955.6618521163,28193.0582903345,94708.9539221887,50835.8576573963,45118.7827329268,109687.1023256325,34839.3868847167,90127.8504345365,22089.1151785915,95194.7944010857,40785.6593028797,82576.5192280959,62446.8691760278,113059.4177600911,9618.3952971102,73176.4225192583,52455.1649398108,48455.6209000880,64245.7722755457,59870.1162461299,85015.9775127609,85858.5254193688,53388.3613590710,41192.8308843388,99404.0172895021,68792.6588003947,15672.1035151646,73769.0883744170,41314.7619288034,14536.2255689022,41717.8189988927,42489.7016892023,96012.8654303962,20400.3963087699,55148.2621862837,90305.7954747841,14593.4287084911,34174.7982058067,104069.1803405851,82819.6677740006,120414.7420202138,34549.6961816444,31079.1766066344,92078.0282379652,51228.5565040625,25384.8097534389,75408.9076075539,13720.3048638776,54088.3384745732,18580.6889473895,96031.8429535443,25376.4650814657,39973.7662090446,22980.6543631583,5714.4759475832,27540.6678981310,97696.9700003752,43031.0831423620,67171.0364175714,19069.2160064410,33384.3517374886,65353.8345404250,109571.9498477951,36247.6202264080,77176.3461735059,28412.0806789305,116204.7298616269,62005.2421362762,73854.3591367617,41965.3071435115,37020.1627637223,55134.2240449189,66490.5221682314,55690.3221073651,13879.0951901548,32991.2201979048,13139.7605528235,110009.2703095130,17511.2837290467,59207.8334801809,65189.2724649056,82132.8389773746,77960.1275413712,69964.1193641614,87144.9800165338,61821.4196615028,47153.4108815742,33693.1448928564,46792.6462637048,9734.1592413994,100780.1388971123,56901.4963473607,129538.7965955952,47414.8232137328,52855.1037038262,86677.2442703509,75488.1196933858,88857.9690478752,80207.5961276037,27944.4633676137,64455.8975982593,53858.5243097621,80102.6689784100,72023.6011810056,45951.5137997187,102821.6371389363,83281.5556102488,23040.5482528240,93041.7094573513,46737.6468227408,77818.9329185091,87087.6006290188,73875.2390232563,90037.3071297598,23651.1307292282,100943.0053961746,99194.8079051508,95494.9494630912,87273.8961167082,56696.8849727005,72548.0485106804,31168.3454560733,97003.8036146212,79108.3652304435,17942.3390357783,65423.9823595487,50449.9294428177,41630.2097167617
1877,0,0,0,0,0,0,0,0,0,0,0,0,0,0,0,0,0,0,0,0,0,0,0,0,0,0,0,0,0,0,0,0,0,0,0,0,0,0,0,0,0,0,0,0,0,0,0,0,0,0,0,0,0,0,0,0,0,0,0,0,0,0,0,0,0,0,0,0,0,0,0,0,0,0,0,0,0,0,0,0,0,0,0,0,0,0,0,0,0,0,0,0,0,0,0,0,0,0,0,0,0,0,0,0,0,0,0,0,0,0,0,0,0,0,0,0,0,0,0,0,0,0,0,0,0,0,0,0,0,0,0,0,0,0,0,0,0,0,0,0,0,0,0,0,0,0,0,0,0,0,0,0,0,0,0,0,0,0,0,0,0,0,0,0,0,0,0,0,0,0,0,0,0,0,0,0,0,0,0,0,0,0,0,0,0,0,0,0,0,0,0,0,0,0,0,0,0,0,0,0
1878,103616.6003654096,48624.4092004277,50943.5571085554,133831.9579919286,63885.4212668780,96822.3091752423,20039.3980745144,54504.4427730343,134480.5444106618,22447.1915952821,97456.0618378657,59196.5670824543,76762.2193448401,25471.4314122915,64187.7388973198,21273.1529665982,109367.8649509364,53044.6020156212,35857.1471887930,79991.5509815112,3528.5378895122,43865.5751773069,33385.2248717613,84561.4019849727,44961.5839746369,121641.7286086632,73721.8291244168,94043.2423190838,38964.3376749106,80547.3485685353,63657.1399061770,49911.7665692883,87801.6268275363,111737.5594064045,90676.0900083720,51327.7553706261,99612.7790648482,17839.0942702159,64278.8799928056,12471.8185579974,13838.6626616958,124641.5277546953,53145.5943298901,40478.6754393271,47055.6374402238,35083.3168546910,107544.9760159022,122839.5571543801,33900.0512145290,86324.5844960664,24204.6033096237,10762.5656843250,65973.9725103233,91528.7938153327,39692.0008265916,27615.0412549645,73349.1117361730,63898.0113757586,79596.2293263040,53503.9789715539,102087.5274440752,56163.4206866439,33937.3787727656,100082.8490425858,79391.8469803897,49789.8023375303,12858.0305352599,71276.2907299236,86213.5721135120,113274.9294276650,72918.2381187641,49924.7049816930,86389.7992283897,32331.4380026094,100143.6124169822,56232.3334308121,44742.1018698248,115092.0645571601,40281.3342336486,95425.1121127900,24951.2450508311,98993.0441373490,45752.6551280639,87966.3904760086,67873.7560473656,118502.6345236712,2995.0539362095,76841.9673453477,57655.0396261072,51534.9398595568,68036.1523723010,62399.1776015012,88313.1902022813,91021.4853244018,58769.4482644396,41823.4635528043,104635.6422422538,72069.3928257428,13013.2921281024,78994.7990306054,46637.6773601916,18021.4955584207,40347.8216295315,47535.4511765566,101419.2274848525,25706.9504481321,59698.7236544274,95464.1262253871,19927.2793320645,37569.4190047802,109510.0568695348,88167.3884268984,125858.2063594630,39714.2951319741,31478.5846305734,97321.8742430242,56132.4969619706,30295.7355276077,80781.5331443180,16917.3929094718,59531.0948637969,23134.9532539244,101430.9869586612,29310.3150290684,41918.3711408137,27926.3239727702,9400.8422074214,29493.2005478247,103011.9192185529,44946.1915575729,72597.0157955688,18308.4644654387,37375.3239662397,70599.2568241992,114929.1832724170,40926.9739923865,82573.7715377664,33844.0839155293,121610.0344248630,67375.2703525039,78812.2587193280,44895.6486488187,41074.8640317443,58096.8175031736,71871.2772441793,60788.2924435532,8923.4288557539,35387.8776646680,12460.0932837025,115445.2995617905,19117.9040028222,62780.6491127010,70111.8663016004,86104.9177504282,81412.2044586831,73981.3440826691,92441.2683835999,66942.2633412819,51072.7007449597,39073.3121127452,52163.1556891908,8766.2942358013,106199.5230434329,62307.5628488338,134764.8834054455,52704.3926200433,58120.1791396404,92114.0485204552,80931.1709787121,92453.5363911065,85380.5897390951,33074.5237768519,69040.3582994773,56356.2099145731,85527.3898771191,74936.7349523762,50752.5199219351,108089.6586366563,88688.9672357090,26982.6968663399,98485.1149377478,51402.2160819333,81629.5998525507,92504.1196877848,78976.4815361946,93882.7467017383,29085.3370643904,106359.1399962601,104638.1774396551,100643.3489658141,92637.2845649839,60638.9359216887,77920.2239029042,35991.8710622246,100603.8618607069,84376.2335684114,23385.7930793235,69564.4382204409,54726.1321884929,46208.5814435671
1879,0,0,0,0,0,0,0,0,0,0,0,0,0,0,0,0,0,0,0,0,0,0,0,0,0,0,0,0,0,0,0,0,0,0,0,0,0,0,0,0,0,0,0,0,0,0,0,0,0,0,0,0,0,0,0,0,0,0,0,0,0,0,0,0,0,0,0,0,0,0,0,0,0,0,0,0,0,0,0,0,0,0,0,0,0,0,0,0,0,0,0,0,0,0,0,0,0,0,0,0,0,0,0,0,0,0,0,0,0,0,0,0,0,0,0,0,0,0,0,0,0,0,0,0,0,0,0,0,0,0,0,0,0,0,0,0,0,0,0,0,0,0,0,0,0,0,0,0,0,0,0,0,0,0,0,0,0,0,0,0,0,0,0,0,0,0,0,0,0,0,0,0,0,0,0,0,0,0,0,0,0,0,0,0,0,0,0,0,0,0,0,0,0,0,0,0,0,0,0,0
1880,0,0,0,0,0,0,0,0,0,0,0,0,0,0,0,0,0,0,0,0,0,0,0,0,0,0,0,0,0,0,0,0,0,0,0,0,0,0,0,0,0.0000000000,0,0,0,0,0,0,0,0,0,0,0,0,0,0,0,0,0,0,0,0,0,0,0,0,0,0,0,0,0,0,0,0,0,0,0,0,0,0,0,0,0,0,0,0,0,0,0,0,0,0,0,0,0,0,0,0,0,0,0,0,0,0,0,0,0,0,0,0,0,0,0,0,0,0,0,0,0,0,0,0,0,0,0,0,0,0,0,0,0,0,0,0,0,0,0,0,0,0,0,0,0,0,0,0,0,0,0,0,0,0,0,0,0,0,0,0,0,0,0,0,0,0,0,0,0,0,0,0,0,0,0,0,0,0,0,0,0,0,0,0,0,0,0,0,0,0,0,0,0,0,0,0,0,0,0,0,0,0,0
1881,0,0,0,0,0,0,0,0,0,0,0,0,0,0,0,0,0,0,0,0,0,0,0,0,0,0,0,0,0,0,0,0,0,0,0,0,0,0,0,0,0,0,0,0,0,0,0,0,0,0,0,0,0,0,0,0,0,0,0,0,0,0,0,0,0,0,0,0,0,0,0,0,0,0,0,0,0,0,0,0,0,0,0,0,0,0,0,0,0,0,0,0,0,0,0,0,0,0,0,0,0,0,0,0,0,0,0,0,0,0,0,0,0,0,0,0,0,0,0,0,0,0,0,0,0,0,0,0,0,0,0,0,0,0,0,0,0,0,0,0,0,0,0,0,0,0,0,0,0,0,0,0,0,0,0,0,0,0,0,0,0,0,0,0,0,0,0,0,0,0,0,0,0,0,0,0,0,0,0,0,0,0,0,0,0,0,0,0,0,0,0,0,0,0,0,0,0,0,0,0
1882,0,0,0,0,0,0,0,0,0,0,0,0,0,0,0,0,0,0,0,0,0,0,0,0,0,0,0,0,0,0,0,0,0,0,0,0,0,0,0,0,0,0,0,0,0,0,0,0,0,0,0,0,0,0,0,0,0,0,0,0,0,0,0,0,0,0,0,0,0,0,0,0,0,0,0,0,0,0,0,0,0,0,0,0,0,0,0,0,0,0,0,0,0,0,0,0,0,0,0,0,0,0,0,0,0,0,0,0,0,0,0,0,0,0,0,0,0,0,0,0,0,0,0,0,0,0,0,0,0,0,0,0,0,0,0,0,0,0,0,0,0,0,0,0,0,0,0,0,0,0,0,0,0,0,0,0,0,0,0,0,0,0,0,0,0,0,0,0,0,0,0,0,0,0,0,0,0,0,0,0,0,0,0,0,0,0,0,0,0,0,0,0,0,0,0,0,0,0,0,0
1883,0,0,0,0,0,0,0,0,0,0,0,0,0,0,0,0,0,0,0,0,0,0,0,0,0,0,0,0,0,0,0,0,0,0,0,0,0,0,0,0,0,0,0,0,0,0,0,0,0,0,0,0,0,0,0,0,0,0,0,0,0,0,0,0,0,0,0,0,0,0,0,0,0,0,0,0,0,0,0,0,0,0,0,0,0,0,0,0,0,0,0,0,0,0,0,0,0,0,0,0,0,0,0,0,0,0,0,0,0,0,0,0,0,0,0,0,0,0,0,0,0,0,0,0,0,0,0,0,0,0,0,0,0,0,0,0,0,0,0,0,0,0,0,0,0,0,0,0,0,0,0,0,0,0,0,0,0,0,0,0,0,0,0,0,0,0,0,0,0,0,0,0,0,0,0,0,0,0,0,0,0,0,0,0,0,0,0,0,0,0,0,0,0,0,0,0,0,0,0,0
1884,0,0,0,0,0,0,0,0,0,0,0,0,0,0,0,0,0,0,0,0,0,0,0,0,0,0,0,0,0,0,0,0,0,0,0,0,0,0,0,0,0,0,0,0,0,0,0,0,0,0,0,0,0,0,0,0,0,0,0,0,0,0,0,0,0,0,0,0,0,0,0,0,0,0,0,0,0,0,0,0,0,0,0,0,0,0,0,0,0,0,0,0,0,0,0,0,0,0,0,0,0,0,0,0,0,0,0,0,0,0,0,0,0,0,0,0,0,0,0,0,0,0,0,0,0,0,0,0,0,0,0,0,0,0,0,0,0,0,0,0,0,0,0,0,0,0,0,0,0,0,0,0,0,0,0,0,0,0,0,0,0,0,0,0,0,0,0,0,0,0,0,0,0,0,0,0,0,0,0,0,0,0,0,0,0,0,0,0,0,0,0,0,0,0,0,0,0,0,0,0
1885,0,0,0,0,0,0,0,0,0,0,0,0,0,0,0,0,0,0,0,0,0,0,0,0,0,0,0,0,0,0,0,0,0,0,0,0,0,0,0,0,0,0,0,0,0,0,0,0,0,0,0,0,0,0,0,0,0,0,0,0,0,0,0,0,0,0,0,0,0,0,0,0,0,0,0,0,0,0,0,0,0,0,0,0,0,0,0,0,0,0,0,0,0,0,0,0,0,0,0,0,0,0,0,0,0,0,0,0,0,0,0,0,0,0,0,0,0,0,0,0,0,0,0,0,0,0,0,0,0,0,0,0,0,0,0,0,0,0,0,0,0,0,0,0,0,0,0,0,0,0,0,0,0,0,0,0,0,0,0,0,0,0,0,0,0,0,0,0,0,0,0,0,0,0,0,0,0,0,0,0,0,0,0,0,0,0,0,0,0,0,0,0,0,0,0,0,0,0,0,0
1886,0,0,0,0,0,0,0,0,0,0,0,0,0,0,0,0,0,0,0,0,0,0,0,0,0,0,0,0,0,0,0,0,0,0,0,0,0,0,0,0,0,0,0,0,0,0,0,0,0,0,0,0,0,0,0,0,0,0,0,0,0,0,0,0,0,0,0,0,0,0,0,0,0,0,0,0,0,0,0,0,0,0,0,0,0,0,0,0,0,0,0,0,0,0,0,0,0,0,0,0,0,0,0,0,0,0,0,0,0,0,0,0,0,0,0,0,0,0,0,0,0,0,0,0,0,0,0,0,0,0,0,0,0,0,0,0,0,0,0,0,0,0,0,0,0,0,0,0,0,0,0,0,0,0,0,0,0,0,0,0,0,0,0,0,0,0,0,0,0,0,0,0,0,0,0,0,0,0,0,0,0,0,0,0,0,0,0,0,0,0,0,0,0,0,0,0,0,0,0,0
1887,0,0,0,0,0,0,0,0,0,0,0,0,0,0,0,0,0,0,0,0,0,0,0,0,0,0,0,0,0,0,0,0,0,0,0,0,0,0,0,0,0,0,0,0,0,0,0,0,0,0,0,0,0,0,0,0,0,0,0,0,0,0,0,0,0,0,0,0,0,0,0,0,0,0,0,0,0,0,0,0,0,0,0,0,0,0,0,0,0,0,0,0,0,0,0,0,0,0,0,0,0,0,0,0,0,0,0,0,0,0,0,0,0,0,0,0,0,0,0,0,0,0,0,0,0,0,0,0,0,0,0,0,0,0,0,0,0,0,0,0,0,0,0,0,0,0,0,0,0,0,0,0,0,0,0,0,0,0,0,0,0,0,0,0,0,0,0,0,0,0,0,0,0,0,0,0,0,0,0,0,0,0,0,0,0,0,0,0,0,0,0,0,0,0,0,0,0,0,0,0
1888,0,0,0,0,0,0,0,0,0,0,0,0,0,0,0,0,0,0,0,0,0,0,0,0,0,0,0,0,0,0,0,0,0,0,0,0,0,0,0,0,0,0,0,0,0,0,0,0,0,0,0,0,0,0,0,0,0,0,0,0,0,0,0,0,0,0,0,0,0,0,0,0,0,0,0,0,0,0,0,0,0,0,0,0,0,0,0,0,0,0,0,0,0,0,0,0,0,0,0,0,0,0,0,0,0,0,0,0,0,0,0,0,0,0,0,0,0,0,0,0,0,0,0,0,0,0,0,0,0,0,0,0,0,0,0,0,0,0,0,0,0,0,0,0,0,0,0,0,0,0,0,0,0,0,0,0,0,0,0,0,0,0,0,0,0,0,0,0,0,0,0,0,0,0,0,0,0,0,0,0,0,0,0,0,0,0,0,0,0,0,0,0,0,0,0,0,0,0,0,0
1889,0,0,0,0,0,0,0,0,0,0,0,0,0,0,0,0,0,0,0,0,0,0,0,0,0,0,0,0,0,0,0,0,0,0,0,0,0,0,0,0,0,0,0,0,0,0,0,0,0,0,0,0,0,0,0,0,0,0,0,0,0,0,0,0,0,0,0,0,0,0,0,0,0,0,0,0,0,0,0,0,0,0,0,0,0,0,0,0,0,0,0,0,0,0,0,0,0,0,0,0,0,0,0,0,0,0,0,0,0,0,0,0,0,0,0,0,0,0,0,0,0,0,0,0,0,0,0,0,0,0,0,0,0,0,0,0,0,0,0,0,0,0,0,0,0,0,0,0,0,0,0,0,0,0,0,0,0,0,0,0,0,0,0,0,0,0,0,0,0,0,0,0,0,0,0,0,0,0,0,0,0,0,0,0,0,0,0,0,0,0,0,0,0,0,0,0,0,0,0,0
1890,0,0,0,0,0,0,0,0,0,0,0,0,0,0,0,0,0,0,0,0,0,0,0,0,0,0,0,0,0,0,0,0,0,0,0,0,0,0,0,0,0,0,0,0,0,0,0,0,0,0,0,0,0,0,0,0,0,0,0,0,0,0,0,0,0,0,0,0,0,0,0,0,0,0,0,0,0,0,0,0,0,0,0,0,0,0,0,0,0,0,0,0,0,0,0,0,0,0,0,0,0,0,0,0,0,0,0,0,0,0,0,0,0,0,0,0,0,0,0,0,0,0,0,0,0,0,0,0,0,0,0,0,0,0,0,0,0,0,0,0,0,0,0,0,0,0,0,0,0,0,0,0,0,0,0,0,0,0,0,0,0,0,0,0,0,0,0,0,0,0,0,0,0,0,0,0,0,0,0,0,0,0,0,0,0,0,0,0,0,0,0,0,0,0,0,0,0,0,0,0
1891,88217.9170709258,57239.2434988505,46335.4994809816,121430.0360100290,53275.5624553406,84431.9698378334,34448.4460380586,39351.5684939042,119695.0385903320,16709.0994726092,83983.6427166089,58692.9493616125,61717.0813010084,17037.9386287956,52652.0309889554,32440.3868985114,94484.0427358413,38715.6098825761,38196.9573522675,66274.8638118816,12553.9571942571,36903.2908363280,18095.6476504716,72933.4183594091,32583.8232198684,106346.5364323610,60289.5864588871,78844.1985020753,26807.5583462880,68992.6684496895,49709.0809777853,54070.9801203465,72404.1561030470,97597.4857114311,76221.5326752462,42232.4346211337,87486.2675236606,127.6062704911,48944.9206225219,18855.6388847541,28949.5162309153,110235.0316019153,41123.0660340471,25744.9677955724,31730.7946045431,42438.4845191042,92269.2595690122,107868.8898484004,30899.9476018560,73310.4809750764,29069.4925027044,23262.3880212796,51650.6269630412,77690.2208037705,30583.3055905640,14884.7818523623,61572.5040042725,51224.4231217644,65261.5463181710,44609.1524476729,87588.0060482233,43421.9296720310,25583.4237904474,84773.1664953617,64027.2439556667,35605.7767565188,8983.2889375196,60924.4606539854,73286.1503971286,97891.9405304034,58534.2390199925,50813.6079508808,71450.6167913759,18832.5186434437,85196.8185030101,41083.7272027823,51281.9776055765,99928.1040119441,25978.6029668767,80052.5063461433,24113.8355913942,85794.9386758885,35081.8346020292,74135.1508715886,52886.7665750382,103831.6881998618,19890.1270196506,63998.7577413354,42256.8649620864,40323.2174210940,54951.6831806273,52446.5258407959,76269.8474084118,78711.2972854557,45175.0949842620,45959.0129055069,91875.5579512255,60155.9344396462,25248.7308568443,66385.2094858730,33709.6558628824,9318.0843632058,49256.9835488373,32216.1884501353,87390.9211472334,10427.8071642087,45081.1416302895,80077.9381607786,9042.0361314573,25856.6816339351,94956.2789249412,72856.2930864533,111133.5473957694,24320.6858984335,36647.1644488739,84513.4060193127,45529.4924378850,15145.5680653144,67130.8468300024,16727.8942571081,44843.9949849987,6678.0203680524,86248.8783252382,24291.1444480595,42475.9382672833,18476.7478048588,13305.7020897921,30793.5460601283,87653.8426065646,37013.4309132213,58411.3416391628,26913.1773147097,31446.6373389629,57925.6845633298,99628.3059200123,31878.4948647505,67396.2588997578,19983.7128739561,106445.2066806035,53816.8047933732,67650.4137055106,34208.1243736847,27607.2584750907,47087.1696031022,56645.0215070596,49090.3309184962,23746.4585756116,34966.4413395513,35.9127451169,100505.0899193571,22555.1070825226,50227.8577077918,59208.3281057273,72565.7389854459,69037.2401115700,60379.1196234760,79316.3814531021,55042.0139671222,37807.8863405133,23912.5450013399,38738.0409795796,17824.0808832494,91115.2462914579,47192.1917263972,121963.9327097149,37336.3632986440,45440.5039406388,77204.7404249363,66203.1020162724,79714.3796914287,73043.4178457501,22030.6887519126,54349.1199215634,46574.9445360386,71317.6956314665,63888.8299346318,40776.1417620671,92699.4756382289,73550.2123471369,14245.3425587837,83766.5450029298,36601.0362332045,68447.4799096453,78382.1898073175,67077.3058736388,80594.2727744697,14497.3838593003,92213.6573563812,89906.5693448255,85261.3899468376,79021.3595484838,47254.8391351770,62665.5685434656,20962.6631740408,87834.0112205920,68987.4962156734,9554.4941223604,55718.2861688072,40654.8032067601,31575.8524376946
1892,0,0,0,0,0,0,0,0,0,0,0,0,0,0,0,0,0,0,0,0,0,0,0,0,0,0,0,0,0,0,0,0,0,0,0,0,0,0,0,0,0,0,0,0,0,0,0,0,0,0,0,0,0,0,0,0,0,0,0,0,0,0,0,0,0,0,0,0,0,0,0,0,0,0,0,0,0,0,0,0,0,0,0,0,0,0,0,0,0,0,0,0,0,0,0,0,0,0,0,0,0,0,0,0,0,0,0,0,0,0,0,0,0,0,0,0,0,0,0,0,0,0,0,0,0,0,0,0,0,0,0,0,0,0,0,0,0,0,0,0,0,0,0,0,0,0,0,0,0,0,0,0,0,0,0,0,0,0,0,0,0,0,0,0,0,0,0,0,0,0,0,0,0,0,0,0,0,0,0,0,0,0,0,0,0,0,0,0,0,0,0,0,0,0,0,0,0,0,0,0
1893,88486.7831055763,56316.6561591441,47357.2652938924,121020.7635236671,52657.3436173402,85267.5162910819,34477.3288271529,39826.2927650652,119655.3440236629,15711.0406155463,83694.9241304301,57678.4227906312,61743.9696082799,16524.0646082466,53557.7381649381,31685.7622527288,94467.2519065143,38540.4066625857,37174.3437416802,67001.4787398768,12457.4651731017,36029.9515103577,18222.5617350021,72424.6869326799,33466.1884718093,106488.2772917674,59981.5157461054,78934.5030287322,26272.8445677392,69886.4501664694,50420.2946334805,53055.9714692037,72686.5877049682,97419.1138094853,76097.5395061574,43232.8739473798,87035.9167536326,406.2600760011,49111.5746100799,18013.4243136579,28573.8577557535,110109.4056865253,40615.9276591799,26363.4153523718,31888.7242408393,41497.1444516396,92399.0378481671,107879.1080243017,29896.1627409790,72954.6227535886,28099.1372753482,23447.9200814082,51487.0646243589,78396.9184209980,31594.1859686887,14339.9104628325,61068.7703172396,50807.2765773154,65108.5543514897,43854.7067837146,87476.8370898224,44260.3334695245,24738.4809989335,85154.5921575177,64222.7851207475,36302.7823255555,8016.4645952744,61876.4364726935,74085.6072678582,98110.4174864546,59175.6470719837,49787.0344851589,71445.5494424010,19666.3671092016,85196.8089698468,41144.0012348812,50308.1007214429,100005.1615442241,25774.0097544792,80257.0861756458,23086.1322770875,86565.3159483215,34432.1252562160,73896.4406822658,52891.1597027701,103762.0272856959,19490.7555823711,64810.3989529659,42539.8634749560,41257.6497395033,55749.6011263985,53417.3006363747,77131.7357773960,78275.8579380308,44876.0594191854,44948.2777905403,91497.5702273872,61034.7848714363,24605.3568841236,65975.2769870601,33293.4600266041,11343.5196232133,48354.3486553865,32612.4923696004,87190.1479967214,10540.9922735568,45692.1435734089,80389.3088158806,8179.0161289459,26794.0859932373,94858.5012469039,73007.0478054869,111077.7520172730,24634.7793945182,35664.0239759182,84137.9919969205,44898.4434212712,15675.5734545584,66860.0078633137,15723.4416129525,44757.7150345504,8315.5927408271,86332.4258057124,23311.3869712140,41448.9756218407,17650.0093388333,12659.9530530068,29769.3218742085,87842.5602726314,38034.7917086438,58225.5751167853,26070.6836877996,30517.7081241682,57515.9516807999,99773.3714965190,31100.5658356431,67475.5920908391,19665.4203234978,106523.0825107325,53521.8254929848,67094.6246081857,35172.6067443277,28410.7212235532,48023.1070320851,56745.4043639116,48563.7070511518,23574.2190743909,33940.8449376528,1764.5043479519,100505.3410410705,21582.5502809513,51072.8088061497,58621.8862042918,73308.3439118585,69880.9323270656,61122.2078314257,78978.1045720473,54543.6980328889,38609.5310888684,23967.6027092889,38403.2137155182,17909.0505782211,91161.0136942302,47240.9223473399,121600.0118131436,37536.6651550036,45016.0679128730,77192.1028416284,66138.3625780318,80526.0615119592,72607.4079336736,21356.0689909043,54937.5707662504,47555.1340222123,71143.3300424562,64810.5511094529,40086.7137935865,92930.9442898072,73614.2920375830,15173.7723239858,83704.4671236039,37182.8995079704,69227.2729316351,78194.6470691372,66590.7692166381,81358.2555382650,14319.1007362788,92034.8345681746,89849.0190307595,85578.8932287884,78751.4734111499,48032.1390394026,62781.5435856831,21514.6788626388,88640.1058686602,69216.9499121420,9129.0789622044,56436.9092951027,41360.1220438558,32202.7563468673
1894,0,0,0,0,0,0,0,0,0,0,0,0,0,0,0,0,0,0,0,0,0,0,0,0,0,0,0,0,0,0,0,0,0,0,0,0,0,0,0,0,0,0,0,0,0,0,0,0,0,0,0,0,0,0,0,0,0,0,0,0,0,0,0,0,0,0,0,0,0,0,0,0,0,0,0,0,0,0,0,0,0,0,0,0,0,0,0,0,0,0,0,0,0,0,0,0,0,0,0,0,0,0,0,0,0,0,0,0,0,0,0,0,0,0,0,0,0,0,0,0,0,0,0,0,0,0,0,0,0,0,0,0,0,0,0,0,0,0,0,0,0,0,0,0,0,0,0,0,0,0,0,0,0,0,0,0,0,0,0,0,0,0,0,0,0,0,0,0,0,0,0,0,0,0,0,0,0,0,0,0,0,0,0,0,0,0,0,0,0,0,0,0,0,0,0,0,0,0,0,0
1895,100362.2365889605,45338.3841627433,54962.7498803141,127752.2622849921,57514.2308559201,97418.7549197827,26006.9002886375,52368.6070819892,129725.1561548283,15886.0154213299,91853.1207569660,52959.3419964082,72461.4405975660,26809.7853344269,65257.7010612565,19311.4799860234,104762.8110729662,48177.0896381149,30014.8585813924,79553.4504300245,13710.2681976237,37156.0716696058,29967.5022153939,78346.2263469622,45423.5358961987,117727.0546668533,68178.4300659419,89949.3821376423,33237.1545408201,81653.5066749220,63003.1777607526,44773.7573636458,84641.0137451452,106480.8007802676,85699.9195922926,53578.0316404526,93498.8735972110,15536.9422274646,60647.0510191782,6965.1240645068,16840.5938344022,119555.0239518584,47190.4849424784,39022.6281262591,43521.2190001280,31025.2715447522,103598.7921498526,118320.1783556866,27198.6945654272,80549.3800374511,18842.8027684912,17855.8670322585,61001.2996308729,90985.1252441833,41796.9460325585,22478.0803204137,67207.8362966850,58086.2806973836,74564.9959526696,46917.3473587808,97118.3829907013,56441.1724197730,27440.3353298427,97436.6640782927,75827.7330004417,48908.4691233912,12035.1895059883,73029.2564372239,86415.5949696408,109750.2163514604,71830.0667791859,43902.3553964058,81910.2740296776,31948.2950514374,95635.9169482322,52212.8760128684,40443.4070082353,110886.4252250468,35572.8596388480,91862.4139889692,18323.4135065849,98997.8455947571,39513.7964400253,82577.7583488659,63533.7151151189,113654.6126200809,8060.4896053305,77094.0233685675,54579.1333692081,52726.0218753567,68096.9059313535,64316.5054703821,89129.2322478407,84982.0031453308,53396.2588886326,36590.8856803452,98718.5590784440,72935.1781426740,11947.2941629697,73090.7245378893,41077.9947167516,18869.8649457179,37148.0942874751,45015.1837749630,96111.9323226043,22516.0999455967,58352.0663813914,92441.7977521782,14788.6823801405,38352.5208701686,104571.3438753146,84367.1707661544,121051.4615682017,36873.9123977646,26432.6506706042,91437.8425648203,49798.4983450731,28314.2009867517,75318.8222969248,10180.1883543462,54908.2506383344,22099.2395864160,97286.0714135131,22577.7772117889,35753.8551111340,21772.3955463431,0.0000000000,23290.2905466243,99356.7039418265,47635.6412503133,67489.9786416559,14478.8834853437,30641.6080614501,64752.3646312402,111041.4737501558,34443.0107469801,78471.1006437696,29006.0275569189,117395.7150945900,61926.5443406946,72503.1089672195,46311.5050205270,40773.7636045851,59438.3235180808,67909.2300309913,54684.3955714421,13876.3456835512,28974.6920369557,12547.5826733553,110898.3230307312,13065.8899289023,63206.8834014525,63775.2687790759,85823.0466239395,81998.2788662401,73638.1939945492,86694.4535560581,60862.4847374903,50960.6341104672,35278.7858772903,46763.5765209528,12336.9773549280,101873.5291143044,58189.0752108263,128818.8444964281,49292.3986599962,52348.9667990531,87580.1951085936,76233.9710987216,92799.9994598471,79364.6246582953,27143.5552118185,67592.6196534711,58321.7726896979,80384.2636541493,76323.7196292023,44335.6297595584,104637.9573360244,84496.2418233829,26995.6268003485,93724.5041779746,49837.0928454461,81633.4521764999,87279.9137786143,72849.3572528726,93812.2329287608,24923.6792645675,101116.6901366545,99876.3835140380,97647.6667959186,87118.3690729459,60457.7615599476,73998.3828722027,34159.8509366619,100935.4997689861,80959.8685644377,19072.1104105839,69005.9708571646,53953.4969451996,44860.7913555041
1896,0,0,0,0,0,0,0,0,0,0,0,0,0,0,0,0,0,0,0,0,0,0,0,0,0,0,0,0,0,0,0,0,0,0,0,0,0,0,0,0,0,0,0,0,0,0,0,0,0,0,0,0,0,0,0,0,0,0,0,0,0,0,0,0,0,0,0,0,0,0,0,0,0,0,0,0,0,0,0,0,0,0,0,0,0,0,0,0,0,0,0,0,0,0,0,0,0,0,0,0,0,0,0,0,0,0,0,0,0,0,0,0,0,0,0,0,0,0,0,0,0,0,0,0,0,0,0,0,0,0,0,0,0,0,0,0,0,0,0,0,0,0,0,0,0,0,0,0,0,0,0,0,0,0,0,0,0,0,0,0,0,0,0,0,0,0,0,0,0,0,0,0,0,0,0,0,0,0,0,0,0,0,0,0,0,0,0,0,0,0,0,0,0,0,0,0,0,0,0,0
1897,0,0,0,0,0,0,0,0,0,0,0,0,0,0,0,0,0,0,0,0,0,0,0,0,0,0,0,0,0,0,0,0,0,0,0,0,0,0,0,0,0,0,0,0,0,0,0,0,0,0,0,0,0,0,0,0,0,0,0,0,0,0,0,0,0,0,0,0,0,0,0,0,0,0,0,0,0,0,0,0,0,0,0,0,0,0,0,0,0,0,0,0,0,0,0,0,0,0,0,0,0,0,0,0,0,0,0,0,0,0,0,0,0,0,0,0,0,0,0,0,0,0,0,0,0,0,0,0,0,0,0,0,0,0,0,0,0,0,0,0,0,0,0,0,0,0,0,0,0,0,0,0,0,0,0,0,0,0,0,0,0,0,0,0,0,0,0,0,0,0,0,0,0,0,0,0,0,0,0,0,0,0,0,0,0,0,0,0,0,0,0,0,0,0,0,0,0,0,0,0
1898,0,0,0,0,0,0,0,0,0,0,0,0,0,0,0,0,0,0,0,0,0,0,0,0,0,0,0,0,0,0,0,0,0,0,0,0,0,0,0,0,0,0,0,0,0,0,0,0,0,0,0,0,0,0,0,0,0,0,0,0,0,0,0,0,0,0,0,0,0,0,0,0,0,0,0,0,0,0,0,0,0,0,0,0,0,0,0,0,0,0,0,0,0,0,0,0,0,0,0,0,0,0,0,0,0,0,0,0,0,0,0,0,0,0,0,0,0,0,0,0,0,0,0,0,0,0,0,0,0,0,0,0,0,0,0,0,0,0,0,0,0,0,0,0,0,0,0,0,0,0,0,0,0,0,0,0,0,0,0,0,0,0,0,0,0,0,0,0,0,0,0,0,0,0,0,0,0,0,0,0,0,0,0,0,0,0,0,0,0,0,0,0,0,0,0,0,0,0,0,0
1899,0,0,0,0,0,0,0,0,0,0,0,0,0,0,0,0,0,0,0,0,0,0,0,0,0,0,0,0,0,0,0,0,0,0,0,0,0,0,0,0,0,0,0,0,0,0,0,0,0,0,0,0,0,0,0,0,0,0,0,0,0,0,0,0,0,0,0,0,0,0,0,0,0,0,0,0,0,0,0,0,0,0,0,0,0,0,0,0,0,0,0,0,0,0,0,0,0,0,0,0,0,0,0,0,0,0,0,0,0,0,0,0,0,0,0,0,0,0,0,0,0,0,0,0,0,0,0,0,0,0,0,0,0,0,0,0,0,0,0,0,0,0,0,0,0,0,0,0,0,0,0,0,0,0,0,0,0,0,0,0,0,0,0,0,0,0,0,0,0,0,0,0,0,0,0,0,0,0,0,0,0,0,0,0,0,0,0,0,0,0,0,0,0,0,0,0,0,0,0,0
1900,95537.0447597378,48934.8677020410,52577.6844028289,124324.9281114367,54549.1911193159,93064.2982720493,29559.4782241376,47505.7961722417,125311.4133192239,13666.9122318381,87949.9495498386,53586.0370825365,67854.9469546865,23142.2074293913,61134.5196996815,23773.5755030885,100279.7582865402,43782.1878685717,31558.0774971227,74923.9438826795,8273.9408561491,35305.3745710024,25122.5214386501,75108.9594449261,41148.2970159792,113025.6246132394,64223.2810863685,85287.6763426998,29434.6831748235,77506.2875957024,58344.9992741323,46976.5345560070,79801.8352043168,102330.9018062270,81383.0553794870,50058.4539702058,90118.3450889936,10778.2648277073,55865.5141646550,10313.9568214177,21526.5769808769,115305.9518741313,43627.8343218896,34255.8249266919,38709.6842293360,34293.6023242951,98902.0130416251,113806.4561915346,26666.6875328803,76796.6117718409,21311.4432901284,20045.4243026610,56671.1270921339,86321.7838421391,38292.2584895349,18185.2902931022,63870.3133034597,54368.2018782886,70273.4822795857,44485.5093336433,92801.2262613069,52056.0959711770,24845.1464970440,92564.1543520606,71041.6748861716,44227.4022127056,3511.4643115338,69179.5412205570,81949.0805589171,104966.5948668926,67075.9740456520,44982.9344856572,77370.8140322397,27481.4691846627,91112.0273190018,47509.4219050418,43423.6103879495,106263.3802041198,31084.0514912650,87081.3190615960,18435.7931262656,94462.8795884735,36344.7314410315,78510.7111425883,58934.8187910138,109280.8394252089,12527.1136688533,72655.2596315254,49722.7501029987,48701.0482582752,63615.7917229583,60573.8968289097,84860.9006603243,81510.1195554244,49307.7656175655,38783.0095962260,95107.6588621016,68713.3373665101,16743.9683034810,69467.1653301166,37126.4050616744,15235.5541680328,40857.7318023692,40139.7462395390,91992.6590160934,17642.9066289670,53569.3333702838,87590.8668358647,10459.0959320613,34252.6300294480,100240.3530226175,79630.4261162417,116659.6633518541,31998.7086778103,28989.2858659633,87792.5993932697,46774.7728776138,23501.0390275442,71303.4631109864,10119.4537565017,50408.5664049369,17553.4959905810,92641.3086793917,21097.7192316544,36676.9628731709,18526.4250655866,7488.8533198053,24390.1894574666,94594.5766715596,44407.4795841684,63237.9880409093,18339.4106358475,29053.8322764866,61069.6487860448,106332.1604545351,31772.8891440727,73807.3648200741,24563.0145321204,112776.7624084735,57896.7813732689,69415.9343643662,42424.0320754743,36271.1773572457,55448.4863526772,63202.8453146428,51302.4211152337,17718.3520844791,29473.6212696089,11849.2726936545,106393.6474779174,14950.7924332111,58852.0260503191,60741.2620690626,81225.0677603995,77660.0660033036,69038.5257729221,82915.5446351318,57446.2451377639,46471.4571087411,30501.3533092905,42690.1212028697,14205.8661968614,97286.6835331480,53517.6532355840,125238.0032214870,44468.5124047428,48590.8642132643,83063.6176706143,71779.7578302667,88370.1533305910,75865.5841621145,23567.5037771835,62787.4178451888,54628.6746537279,76158.5915308829,72302.4348856273,41481.9295623839,99841.3565633351,79861.2973810341,22728.7534356263,89305.0635252767,45033.0522143883,77115.4538880107,83105.4506162776,69490.8346737223,89261.3365761581,20205.3652786880,96956.7874858991,95459.2545193004,92795.2711728035,83147.8939730250,55922.9619356714,69285.3207644392,29348.6088645391,96493.1513828250,76151.9988019800,14369.3020270962,64360.8684689477,49284.9947344053,40098.4217653261
1901,81653.6917391247,55734.3287048714,55656.1404757849,109747.6403971814,41113.8377498954,85995.5731877833,44633.5644204605,36146.4572755292,110173.0118094946,10230.5565712327,72886.9648050672,50273.6709992529,52998.2477963626,24352.1125764770,56187.9085056546,35242.4941281316,85206.0902207642,28623.9885589526,33083.0416830570,66076.4309330508,22685.9360137448,25754.0433819313,12725.8338944236,60948.2083473061,36297.9869904841,98412.1530542179,49142.6821653279,70563.5637486500,14795.9534124353,71973.1705851492,49606.0127142782,49095.4458244455,66118.1601198588,87134.4006682535,66191.4154632498,48761.7274489129,75669.5002926970,10908.3333490825,41766.0687561660,21521.5640631038,36362.9054693456,100102.4469718704,29162.9689273139,25512.2621696067,25073.0381390185,40853.5534168322,84281.3095323088,98770.3249904067,22713.6215574456,61889.8185112795,27361.3475263721,34346.8520868713,41481.1247793220,77006.4929323256,37935.9076564476,2052.6318339799,49604.9805758677,39570.8998506775,55074.2877645010,32626.4586197721,77610.4842738950,45782.4467347067,14375.7229912944,79505.6027131001,56906.4437154366,35825.9206493581,12346.9589658763,65485.4253338763,74275.1868743132,90745.4666073981,57115.1182308268,43649.6282210156,62377.2627590394,22852.7914844445,76092.0406733925,33017.5531563389,48346.7193007387,91425.6306067073,16039.0642564606,72872.4716748494,19068.5972193123,86114.6943446347,22914.7844744320,63347.5668655151,44068.8620465933,94115.8823869702,27582.2074034602,65352.7919416699,36544.7774811423,44888.1097489754,56222.8310515678,57709.3884181078,78460.3632899007,66951.5829309725,34153.6762110750,41491.7256121895,80334.6613596520,62939.5704167094,30084.0129520986,54735.5493496280,22133.4536483766,19210.2445249973,48465.5681910864,28378.4834920562,76805.4315169442,8374.1285696803,43563.0553334770,74041.4965232294,5055.5653522018,31203.8613317229,85054.8967904143,65194.3851751343,101505.8281363474,20163.3908690302,33927.4459851472,72990.0336130357,33362.1943343038,15570.1662493116,56172.7823040307,15535.3802467262,35362.7512293318,15164.6427208137,77864.1627387329,15689.1208513181,35630.4846045136,7478.2839583285,19558.5500863862,25930.3498057303,80262.7225764048,44764.7639131228,48033.4882524509,28591.7904083196,21185.6109999945,46289.7352702003,91751.6556344448,20048.1151835813,59100.4900315594,9458.0625027262,97927.5633590737,42769.1652969437,55563.3805493963,39799.4764219038,30146.7708406914,51491.6347168672,48667.2843773475,37070.2148293045,32917.0177269318,28157.0485451888,16895.8441085269,91346.0565598885,21516.0631573762,52516.4450906806,47075.4383602883,72547.2995798567,70942.9356970497,60562.7270724835,67971.3415282053,43093.6589809528,39696.2887280985,16745.1541212894,27556.7654436523,28576.7161389978,82373.1633715829,38873.7477141986,110466.0794211937,30869.9954416887,33771.2415906478,68034.1819748227,56675.4511589101,80858.9727288969,61285.7771488455,9897.4054447682,52235.2752040501,52263.1048218329,60953.9765416777,67606.2768633207,28640.7759548519,85713.7347310989,65066.1745618212,20690.5754604635,74169.8525837702,35019.6078835095,69141.4829269685,67905.7652500288,55155.8618658556,80852.6222086171,8277.8039166467,81758.6481718439,80322.4810898544,79252.0379501584,68038.5246356465,48352.6717439957,54763.9044960757,20410.7999799372,88792.4354458462,62165.2158059760,1217.1285957281,55586.1101945496,40767.2607572507,30964.6481102788
1902,0,0,0,0,0,0,0,0,0,0,0,0,0,0,0,0,0,0,0,0,0,0,0,0,0,0,0,0,0,0,0,0,0,0,0,0,0,0,0,0,0,0,0,0,0,0,0,0,0,0,0,0,0,0,0,0,0,0,0,0,0,0,0,0,0,0,0,0,0,0,0,0,0,0,0,0,0,0,0,0,0,0,0,0,0,0,0,0,0,0,0,0,0,0,0,0,0,0,0,0,0,0,0,0,0,0,0,0,0,0,0,0,0,0,0,0,0,0,0,0,0,0,0,0,0,0,0,0,0,0,0,0,0,0,0,0,0,0,0,0,0,0,0,0,0,0,0,0,0,0,0,0,0,0,0,0,0,0,0,0,0,0,0,0,0,0,0,0,0,0,0,0,0,0,0,0,0,0,0,0,0,0,0,0,0,0,0,0,0,0,0,0,0,0,0,0,0,0,0,0
1903,67406.4574149085,66977.4699152247,59943.6892558930,96752.0183735499,31762.7714286678,78760.5144332048,59146.7353005964,26279.9453156343,95264.1603644239,22800.5465295225,58911.7025828227,53893.4140281415,38085.8345886964,31288.0980886413,52483.8226698572,49431.0282488816,70256.9872852580,13762.5513598991,42442.7444017730,57505.2305108842,37041.4638410915,25817.7699226139,10130.0659302077,49244.7298007101,34826.9026263055,83589.1974577573,35273.0436334329,55702.4357685354,10871.8638064668,66812.8095837702,42019.2529510615,57456.5375283582,52148.7540741680,72576.9141328471,51394.9433350412,49462.2424830035,63149.2983945044,22998.8143338536,27643.7924300318,36138.7418660475,51321.8360933248,85374.2832340415,18322.8401297227,21645.8946466609,12731.9374099340,52612.7322296368,69465.8300468345,83813.3503229180,29888.7645935400,48441.7153183856,39908.4002682316,48316.5885146432,26702.4710670615,67582.2359624430,40804.0791563881,12121.9524273039,37976.8822885169,26887.0167474912,40331.5189535882,27391.2848359854,62805.2265187008,41456.2558553042,18035.6283226566,66048.3152615629,42562.8358420391,30135.8889785990,27302.7202308310,62564.0807085563,66721.2216079855,76194.7422062446,47620.3449538516,49661.9984399629,47419.0562143561,24991.8630615312,61133.0831510930,18568.7018686411,58711.0420824724,76500.4130318199,2.0820125370,58379.3989392335,30397.6846796199,77520.0510207598,16498.9997393769,49033.8965947931,29163.6761603771,79241.9889237037,42509.0679736451,58544.0721927398,23897.8273210704,43392.1826192746,49784.5477098530,56108.7174220395,72144.7992478112,54296.6783157016,20163.5930449623,50823.3583556335,67075.2402698691,57930.7750642892,44872.3363168520,41847.7293208416,20190.8329269691,29516.8030614848,60452.0888728856,19014.8788121497,62327.1418806357,15505.7112458763,34854.2783591200,60143.7145215011,19720.1697701132,32630.4446478564,70228.9564321819,50541.5147146717,86614.8296997862,13200.0424282902,45287.4535768216,59712.8190146762,24832.2721960724,17594.6801274983,42040.6298547079,29567.1692409003,20403.6686471740,22957.5132105277,62969.8170919914,24147.8442290488,42762.4751675072,16226.4353807819,34507.7692924611,36333.7505841717,65650.5375034723,47459.6298525602,33385.0488407320,42627.9945559324,24918.6195895108,33447.7330939377,76952.9915970278,18538.9728106773,44265.4387248741,4697.2254626653,82996.8421860933,28775.3250638974,44630.7401690866,40177.5797150878,28417.3808995359,49209.3140417949,33998.9842987256,26149.9553743083,47677.5229432336,36222.4010277728,29727.3814835674,76390.6514946845,34940.8027600832,47534.9805828232,36866.2733018391,63946.7611323621,64547.7453673728,52646.7434167145,54369.7029047668,31510.3150306037,35484.6461040095,13887.9249539261,13954.1432647411,42728.1278190685,67426.6701467597,24168.1125078120,97075.7614756751,17940.0680111594,21290.7725380826,53075.5810219169,41738.2062998061,73286.0064833696,48661.8222705025,11692.8204384183,42256.0564292676,51580.0295904073,46314.6342711366,63525.2593620490,22175.7816091839,71247.6887039210,50172.5760886528,26163.8586929680,59257.8087391150,27252.9162294850,61434.5486024612,53344.6392957863,43209.7194047824,72315.7091562585,10632.4379459114,67192.9872788090,65412.0056871028,65326.5261989683,53928.3199954310,42269.9092106159,40078.9342217305,18252.0890689009,80825.1586906718,47927.6637887114,15938.8583030263,47576.7653339420,34265.6852996499,25148.7477452865
1904,0,0,0,0,0,0,0,0,0,0,0,0,0,0,0,0,0,0,0,0,0,0,0,0,0,0,0,0,0,0,0,0,0,0,0,0,0,0,0,0,0,0,0,0,0,0,0,0,0,0,0,0,0,0,0,0,0,0,0,0,0,0,0,0,0,0,0,0,0,0,0,0,0,0,0,0,0,0,0,0,0,0,0,0,0,0,0,0,0,0,0,0,0,0,0,0,0,0,0,0,0,0,0,0,0,0,0,0,0,0,0,0,0,0,0,0,0,0,0,0,0,0,0,0,0,0,0,0,0,0,0,0,0,0,0,0,0,0,0,0,0,0,0,0,0,0,0,0,0,0,0,0,0,0,0,0,0,0,0,0,0,0,0,0,0,0,0,0,0,0,0,0,0,0,0,0,0,0,0,0,0,0,0,0,0,0,0,0,0,0,0,0,0,0,0,0,0,0,0,0
1905,0,0,0,0,0,0,0,0,0,0,0,0,0,0,0,0,0,0,0,0,0,0,0,0,0,0,0,0,0,0,0,0,0,0,0,0,0,0,0,0,0,0,0,0,0,0,0,0,0,0,0,0,0,0,0,0,0,0,0,0,0,0,0,0,0,0,0,0,0,0,0,0,0,0,0,0,0,0,0,0,0,0,0,0,0,0,0,0,0,0,0,0,0,0,0,0,0,0,0,0,0,0,0,0,0,0,0,0,0,0,0,0,0,0,0,0,0,0,0,0,0,0,0,0,0,0,0,0,0,0,0,0,0,0,0,0,0,0,0,0,0,0,0,0,0,0,0,0,0,0,0,0,0,0,0,0,0,0,0,0,0,0,0,0,0,0,0,0,0,0,0,0,0,0,0,0,0,0,0,0,0,0,0,0,0,0,0,0,0,0,0,0,0,0,0,0,0,0,0,0
1906,0,0,0,0,0,0,0,0,0,0,0,0,0,0,0,0,0,0,0,0,0,0,0,0,0,0,0,0,0,0,0,0,0,0,0,0,0,0,0,0,0,0,0,0,0,0,0,0,0,0,0,0,0,0,0,0,0,0,0,0,0,0,0,0,0,0,0,0,0,0,0,0,0,0,0,0,0,0,0,0,0,0,0,0,0,0,0,0,0,0,0,0,0,0,0,0,0,0,0,0,0,0,0,0,0,0,0,0,0,0,0,0,0,0,0,0,0,0,0,0,0,0,0,0,0,0,0,0,0,0,0,0,0,0,0,0,0,0,0,0,0,0,0,0,0,0,0,0,0,0,0,0,0,0,0,0,0,0,0,0,0,0,0,0,0,0,0,0,0,0,0,0,0,0,0,0,0,0,0,0,0,0,0,0,0,0,0,0,0,0,0,0,0,0,0,0,0,0,0,0
1907,69940.5533665681,64441.9667235393,60214.3408115395,98047.4035341000,31879.4748451112,80816.3288812228,57225.5869287973,28495.5356765183,97411.1826748048,20264.7892985680,60529.1605086115,51944.5502853434,40455.8895277782,30850.4967093313,53996.2613153701,46936.4599602040,72470.8723943410,15862.6230820164,39964.2666802828,59684.4692506657,35152.0995931174,24053.3921414832,10258.3924339933,50089.9845849452,35863.2168379764,86001.5221109081,36815.0083130867,58101.6999373898,7401.7697628397,68579.0844879545,44028.1361132513,55072.0715789436,54704.1335719730,74469.6104826366,53435.9342891292,50275.3973860945,64266.0581303152,21493.5980554082,30199.9176831241,33725.9251167236,49090.2490884345,87370.0765676072,18658.6427519722,22841.0615800831,15140.7890390072,50056.5779845091,71884.3358775905,86052.6646703581,27481.4654954751,49843.8362792974,37346.0968804287,46572.2481682282,28724.0242540284,69871.8447389634,41189.9844753192,9843.4732045253,38757.1371648010,27942.1607933122,42330.0479905059,26530.8209240711,64854.2345025269,42999.5488295496,15690.2604217381,68612.1419147763,45094.5581550413,31784.2569511927,25098.6944711061,64000.1625441076,68796.9785850037,78686.7000244700,49883.1323844803,47450.2234818572,49702.6509863555,25239.9300279271,63390.6637979129,21108.6127530033,56206.9827762173,78844.7123712225,287.6784205603,60885.5996460976,27835.4525711319,79731.9639251169,15584.7594495017,50792.7714149825,31547.5706924559,81351.2937360099,40345.9353952551,60508.5225226048,26407.7477686412,44514.2183134338,51672.3441919178,57321.0401707875,74075.3775768929,55440.4943070475,21709.1660402990,48363.6310933638,68434.8839179028,59651.1557290316,42495.6799020140,43038.8869973779,21212.8954218941,28452.8965764275,57894.0671166740,21075.3487852662,64174.8873742793,14410.1335980597,36974.3451363723,62700.6915277305,17538.5701640486,33157.9058944183,72295.0997835484,53019.0381621869,88741.6462838271,14641.7955817472,42736.0408706394,61070.3854836861,24653.0869731837,17555.4273087700,43708.3827655671,27087.1825621730,22684.2147500492,22175.8947103461,65344.9370034711,21632.8851959540,40429.5299548496,13663.1954536396,32314.4807026167,33798.1845108841,68132.4661548015,47930.4264231238,35316.1298005321,40124.5819820365,22720.6800886212,34593.8198144432,79377.0791570547,16794.3393081072,46683.6075367757,833.4167888477,85333.7220426090,30355.4346336173,45244.4776635623,40970.8093308018,29401.6190180952,50491.6971306659,36482.3368256164,26633.3284251204,45635.0046809270,33796.6723585516,28182.0922387973,78623.5450841247,32406.5758339018,49209.7657378155,37245.6232722823,66141.1259310168,66473.1955465983,54735.6389785059,55836.9872654875,32239.2600259737,36961.9613411339,17131.1708904832,15262.1062489455,40917.0362858621,69742.3232927804,26652.2107505130,98500.3031663598,20453.6693585627,22224.8766962347,55330.4147018363,43930.9830727323,75374.7752266455,49783.8861462842,9211.1924701895,44558.7830922174,52626.9799048366,48246.5628288047,65132.3530543541,21460.5179923317,73754.8909282182,52552.4112728728,25871.3122053292,61410.0466557645,29182.6324226846,63518.7252292824,55233.4782490403,44106.4821692701,74515.0038164333,9260.0624178304,69088.8270843018,67561.9188354802,67881.7529205043,55598.5235420954,44073.9537844967,42553.6238051806,19019.0271490353,82970.0378937645,50467.4695719915,14095.1471642417,49661.9891777763,36075.9480298130,26747.4304663209
1908,77388.7659686445,55961.4220923842,66009.1610183161,98810.8925412734,29384.7968788031,89878.2280653483,54961.5299643766,37623.8258248250,102073.3395340884,14208.7064975398,62943.9188585307,43081.3719812847,46788.0421239824,35217.1484734456,62451.9580114050,40683.6818924117,77615.7045919315,21791.8610699573,31164.1711942891,68806.4791906032,33600.0503328703,15773.9993279782,17498.6266736003,49615.5719621019,43624.1496636830,92319.5400835734,39398.9196172025,64455.0083270023,9259.9116051873,77361.8937755981,53073.0704002140,46020.8796366546,62527.4444124405,77978.1717742593,57853.7761901407,57453.1496477688,64595.4351171740,22701.1653779420,38173.5316228853,28628.1775247118,45084.2125177279,91295.5655450138,18154.5413683861,31055.1289072673,24172.4011057652,41906.1421328390,78298.3139060518,91273.0199933571,18480.0847759281,51532.9221646855,29883.0852312506,45418.5831259282,33590.2543640566,78991.9056139969,47497.3375431349,9418.3096997680,38351.7102579421,29071.0090052920,46721.0720305944,20964.8979785963,69193.0089008004,51538.1039324777,10871.9959509337,76740.8126151402,52616.6274551885,40510.2620028987,22167.1860811364,72307.5630769090,77874.1412658225,85665.7589485437,59008.7517803615,38331.0549332609,55420.1306926875,31617.6620298668,68840.0134011792,28980.9536365348,47508.3277596669,84728.7630888579,12458.1351111772,68060.6512508889,20107.0809355081,88858.8715440949,11118.6759168463,53957.8223214654,38106.0601579746,85884.3705836142,36993.6459399417,69507.7368273100,35214.7827570857,52354.0177851380,60608.7990159066,65257.1690666958,83036.3818949661,56003.6018223073,25100.6600143712,39482.3187439071,69683.1783858107,68387.3329155497,37502.8655227058,44051.3899037939,12674.3764106655,30873.3255825317,49763.7349630641,30173.8941967442,67564.2978074885,18109.9079464512,46082.6799644214,70535.1246477956,15619.0837336456,39935.6825661521,76661.9750483984,59980.1901421891,93330.7008540791,23331.6219869011,34521.5847918424,62398.0737650692,21605.4209636510,23708.9869306231,46620.3488736814,21508.7270578311,28952.7018434260,25973.4903851348,71493.9062594064,13176.9986442928,31324.5884980288,7376.0172254486,29040.0018497351,25414.4059941942,75057.1100361864,54351.4890702401,39570.7691753865,33858.6295597420,13625.2003484910,35718.6782478742,85802.6252215587,11487.8429573560,53253.7547754712,9149.5416403591,91144.9042876472,33342.4218068060,44030.3750281843,48196.5175581361,37157.5379466983,58584.1735572255,43628.8930278069,25780.9244069192,42899.4823525684,24831.1554878783,28676.4482675518,83841.2884969328,25820.3951417911,57907.2028971187,35440.9919260699,75265.8451353572,75433.5378524227,63823.8824052594,57687.7454428167,31923.4038026157,45435.8779399881,17537.2286900006,18592.0059070010,39576.3296070018,75492.0358430618,33948.8129060763,99793.4645498505,29263.7142918316,23373.7241090929,60830.3906196175,49235.2616203561,84458.1478927690,50368.1694486049,3556.9125785245,53672.9111851750,60270.3991538902,52225.6206403360,73704.1917728502,16816.1713221175,80893.9908832951,58818.9323710223,30872.5253013865,66303.2145665284,38191.1888126164,72602.0056075443,58913.4470376150,43968.3515409985,83640.2616055299,13335.5068917391,72654.9115188179,72393.9411616279,75664.9225419781,58305.6325000597,52935.9776674461,49570.4038970089,26664.0841825912,92079.5017001022,58059.6782299634,14879.8900170184,58750.0266495589,44962.8573982306,35446.6782739871
1909,81961.0559993480,50950.6542159309,70968.1197857837,98734.7166799738,28168.5064573006,95997.4926051451,55316.7991100707,43674.4423381424,104621.5269048866,13519.4172169867,64236.2458427189,36982.6521407490,50804.7513513358,39805.4053077216,68486.4630641074,38112.8515378640,80602.6061387927,26189.1016300227,25878.6898372784,74881.5806186570,34957.7505917991,7829.0313239708,23423.7611008279,49176.1402637872,49474.1754868963,96046.1231317396,41212.7848447767,68332.6753352481,11019.8223623492,83470.0615685271,59195.3646905594,40239.5210419247,67418.8101388749,79865.7563754784,60517.1475969509,63048.0855386990,64479.0073775111,26241.6262199648,43308.3136845602,27497.2753467337,44325.6638896913,93387.0935947455,19296.4521652558,37072.8136958633,30099.0317465637,37371.3716402567,82144.1330176289,94245.0997362404,12979.7501199496,52504.2384109183,26350.9877600396,46704.5091468873,36965.0631807681,84992.1757411173,52783.0602451854,13923.9067692270,38236.1587011013,30353.5748443248,49518.3921773766,17841.3016022876,71698.2924496543,57601.3042613871,476.2228872200,81813.9122511878,57350.2311312494,46618.1309358551,23212.9695878815,78291.6188257309,83987.8867550429,89878.4330287094,65032.0431313013,32257.4168267738,58951.6630933363,37075.9964301498,72085.6580060374,34161.7303607262,42262.6135040296,88182.9629774999,18367.7409218360,72476.2131107990,16684.9999145317,94917.7022133234,21381.4976346155,55856.4659157756,42380.6797645157,88413.7662767989,36949.0902080363,75636.2045332288,40923.9080329552,58207.5199935402,66737.2978705867,71122.5604563920,89165.4340541527,56155.2203745799,27976.1801455610,34012.6133338695,70129.5220743102,74487.9729934759,36128.8827215022,44727.4075675959,16220.6942699809,34649.0358658114,45185.6481075913,36274.5841991517,69454.6741079651,23030.0672666079,52176.7195839969,75406.5964530054,18096.3811572416,45459.2748221200,79132.4996133431,64292.6492420432,95863.2392359695,29448.6165456643,30000.7090073435,62975.0059782096,20519.3969844877,29225.9324727228,48477.5979866243,20394.6180099081,33256.1168741143,30556.1502140995,75192.4315378373,9219.8965546093,25439.8498328731,8609.4569377973,29376.5967627555,20849.4415194909,79269.3347342874,59646.2362971069,42423.4034712217,31446.9535848539,8838.2358157343,36710.7989866743,89626.5959577912,593.2635878209,57357.5254782002,15196.1579625020,94523.5289512434,35598.7293484394,43204.4991794740,53842.4269791402,43029.5148630500,64511.6073901379,48192.1177709828,25951.2541337321,43147.0141592300,19316.4618626297,31509.3596938269,86844.7830857753,23405.5162907469,64002.7654928805,34456.7554933691,81333.8387070685,81562.6226549955,69932.1615931572,58671.9082992003,32113.6712004162,51488.6947577968,23662.4755822484,21927.5286534400,40880.3410108831,78898.8419363465,38724.7426623549,100068.6920128111,35003.1494490316,25036.1790626544,64170.6761082910,52572.5824821533,90569.2804187774,50627.3488111128,8244.1469226706,59664.4445423234,66037.5209066491,54675.6279858157,79764.9305469771,14968.6516663458,85235.2022332508,62678.7658899989,35819.0986433732,69198.5838365156,44317.7440647039,78712.9583959860,61083.8193009643,43877.8280550412,89706.1976668952,18734.1712348942,74619.6710172543,75203.7145607495,80484.0428522462,59846.0856870578,59059.0820173429,53994.9944477185,32565.2578642392,98172.4868421886,62810.0634270680,18923.1980017480,64858.2680985380,51089.1937135891,41553.4409490241
1910,0,0,0,0,0,0,0,0,0,0,0,0,0,0,0,0,0,0,0,0,0,0,0,0,0,0,0,0,0,0,0,0,0,0,0,0,0,0,0,0,0,0,0,0,0,0,0,0,0,0,0,0,0,0,0,0,0,0,0,0,0,0,0,0,0,0,0,0,0,0,0,0,0,0,0,0,0,0,0,0,0,0,0,0,0,0,0,0,0,0,0,0,0,0,0,0,0,0,0,0,0,0,0,0,0,0,0,0,0,0,0,0,0,0,0,0,0,0,0,0,0,0,0,0,0,0,0,0,0,0,0,0,0,0,0,0,0,0,0,0,0,0,0,0,0,0,0,0,0,0,0,0,0,0,0,0,0,0,0,0,0,0,0,0,0,0,0,0,0,0,0,0,0,0,0,0,0,0,0,0,0,0,0,0,0,0,0,0,0,0,0,0,0,0,0,0,0,0,0,0
1911,0,0,0,0,0,0,0,0,0,0,0,0,0,0,0,0,0,0,0,0,0,0,0,0,0,0,0,0,0,0,0,0,0,0,0,0,0,0,0,0,0,0,0,0,0,0,0,0,0,0,0,0,0,0,0,0,0,0,0,0,0,0,0,0,0,0,0,0,0,0,0,0,0,0,0,0,0,0,0,0,0,0,0,0,0,0,0,0,0,0,0,0,0,0,0,0,0,0,0,0,0,0,0,0,0,0,0,0,0,0,0,0,0,0,0,0,0,0,0,0,0,0,0,0,0,0,0,0,0,0,0,0,0,0,0,0,0,0,0,0,0,0,0,0,0,0,0,0,0,0,0,0,0,0,0,0,0,0,0,0,0,0,0,0,0,0,0,0,0,0,0,0,0,0,0,0,0,0,0,0,0,0,0,0,0,0,0,0,0,0,0,0,0,0,0,0,0,0,0,0
1912,0,0,0,0,0,0,0,0,0,0,0,0,0,0,0,0,0,0,0,0,0,0,0,0,0,0,0,0,0,0,0,0,0,0,0,0,0,0,0,0,0,0,0,0,0,0,0,0,0,0,0,0,0,0,0,0,0,0,0,0,0,0,0,0,0,0,0,0,0,0,0,0,0,0,0,0,0,0,0,0,0,0,0,0,0,0,0,0,0,0,0,0,0,0,0,0,0,0,0,0,0,0,0,0,0,0,0,0,0,0,0,0,0,0,0,0,0,0,0,0,0,0,0,0,0,0,0,0,0,0,0,0,0,0,0,0,0,0,0,0,0,0,0,0,0,0,0,0,0,0,0,0,0,0,0,0,0,0,0,0,0,0,0,0,0,0,0,0,0,0,0,0,0,0,0,0,0,0,0,0,0,0,0,0,0,0,0,0,0,0,0,0,0,0,0,0,0,0,0,0
1913,0,0,0,0,0,0,0,0,0,0,0,0,0,0,0,0,0,0,0,0,0,0,0,0,0,0,0,0,0,0,0,0,0,0,0,0,0,0,0,0,0,0,0,0,0,0,0,0,0,0,0,0,0,0,0,0,0,0,0,0,0,0,0,0,0,0,0,0,0,0,0,0,0,0,0,0,0,0,0,0,0,0,0,0,0,0,0,0,0,0,0,0,0,0,0,0,0,0,0,0,0,0,0,0,0,0,0,0,0,0,0,0,0,0,0,0,0,0,0,0,0,0,0,0,0,0,0,0,0,0,0,0,0,0,0,0,0,0,0,0,0,0,0,0,0,0,0,0,0,0,0,0,0,0,0,0,0,0,0,0,0,0,0,0,0,0,0,0,0,0,0,0,0,0,0,0,0,0,0,0,0,0,0,0,0,0,0,0,0,0,0,0,0,0,0,0,0,0,0,0
1914,0,0,0,0,0,0,0,0,0,0,0,0,0,0,0,0,0,0,0,0,0,0,0,0,0,0,0,0,0,0,0,0,0,0,0,0,0,0,0,0,0,0,0,0,0,0,0,0,0,0,0,0,0,0,0,0,0,0,0,0,0,0,0,0,0,0,0,0,0,0,0,0,0,0,0,0,0,0,0,0,0,0,0,0,0,0,0,0,0,0,0,0,0,0,0,0,0,0,0,0,0,0,0,0,0,0,0,0,0,0,0,0,0,0,0,0,0,0,0,0,0,0,0,0,0,0,0,0,0,0,0,0,0,0,0,0,0,0,0,0,0,0,0,0,0,0,0,0,0,0,0,0,0,0,0,0,0,0,0,0,0,0,0,0,0,0,0,0,0,0,0,0,0,0,0,0,0,0,0,0,0,0,0,0,0,0,0,0,0,0,0,0,0,0,0,0,0,0,0,0
1915,0,0,0,0,0,0,0,0,0,0,0,0,0,0,0,0,0,0,0,0,0,0,0,0,0,0,0,0,0,0,0,0,0,0,0,0,0,0,0,0,0,0,0,0,0,0,0,0,0,0,0,0,0,0,0,0,0,0,0,0,0,0,0,0,0,0,0,0,0,0,0,0,0,0,0,0,0,0,0,0,0,0,0,0,0,0,0,0,0,0,0,0,0,0,0,0,0,0,0,0,0,0,0,0,0,0,0,0,0,0,0,0,0,0,0,0,0,0,0,0,0,0,0,0,0,0,0,0,0,0,0,0,0,0,0,0,0,0,0,0,0,0,0,0,0,0,0,0,0,0,0,0,0,0,0,0,0,0,0,0,0,0,0,0,0,0,0,0,0,0,0,0,0,0,0,0,0,0,0,0,0,0,0,0,0,0,0,0,0,0,0,0,0,0,0,0,0,0,0,0
1916,0,0,0,0,0,0,0,0,0,0,0,0,0,0,0,0,0,0,0,0,0,0,0,0,0,0,0,0,0,0,0,0,0,0,0,0,0,0,0,0,0,0,0,0,0,0,0,0,0,0,0,0,0,0,0,0,0,0,0,0,0,0,0,0,0,0,0,0,0,0,0,0,0,0,0,0,0,0,0,0,0,0,0,0,0,0,0,0,0,0,0,0,0,0,0,0,0,0,0,0,0,0,0,0,0,0,0,0,0,0,0,0,0,0,0,0,0,0,0,0,0,0,0,0,0,0,0,0,0,0,0,0,0,0,0,0,0,0,0,0,0,0,0,0,0,0,0,0,0,0,0,0,0,0,0,0,0,0,0,0,0,0,0,0,0,0,0,0,0,0,0,0,0,0,0,0,0,0,0,0,0,0,0,0,0,0,0,0,0,0,0,0,0,0,0,0,0,0,0,0
1917,0,0,0,0,0,0,0,0,0,0,0,0,0,0,0,0,0,0,0,0,0,0,0,0,0,0,0,0,0,0,0,0,0,0,0,0,0,0,0,0,0,0,0,0,0,0,0,0,0,0,0,0,0,0,0,0,0,0,0,0,0,0,0,0,0,0,0,0,0,0,0,0,0,0,0,0,0,0,0,0,0,0,0,0,0,0,0,0,0,0,0,0,0,0,0,0,0,0,0,0,0,0,0,0,0,0,0,0,0,0,0,0,0,0,0,0,0,0,0,0,0,0,0,0,0,0,0,0,0,0,0,0,0,0,0,0,0,0,0,0,0,0,0,0,0,0,0,0,0,0,0,0,0,0,0,0,0,0,0,0,0,0,0,0,0,0,0,0,0,0,0,0,0,0,0,0,0,0,0,0,0,0,0,0,0,0,0,0,0,0,0,0,0,0,0,0,0,0,0,0
1918,0,0,0,0,0,0,0,0,0,0,0,0,0,0,0,0,0,0,0,0,0,0,0,0,0,0,0,0,0,0,0,0,0,0,0,0,0,0,0,0,0,0,0,0,0,0,0,0,0,0,0,0,0,0,0,0,0,0,0,0,0,0,0,0,0,0,0,0,0,0,0,0,0,0,0,0,0,0,0,0,0,0,0,0,0,0,0,0,0,0,0,0,0,0,0,0,0,0,0,0,0,0,0,0,0,0,0,0,0,0,0,0,0,0,0,0,0,0,0,0,0,0,0,0,0,0,0,0,0,0,0,0,0,0,0,0,0,0,0,0,0,0,0,0,0,0,0,0,0,0,0,0,0,0,0,0,0,0,0,0,0,0,0,0,0,0,0,0,0,0,0,0,0,0,0,0,0,0,0,0,0,0,0,0,0,0,0,0,0,0,0,0,0,0,0,0,0,0,0,0
1919,0,0,0,0,0,0,0,0,0,0,0,0,0,0,0,0,0,0,0,0,0,0,0,0,0,0,0,0,0,0,0,0,0,0,0,0,0,0,0,0,0,0,0,0,0,0,0,0,0,0,0,0,0,0,0,0,0,0,0,0,0,0,0,0,0,0,0,0,0,0,0,0,0,0,0,0,0,0,0,0,0,0,0,0,0,0,0,0,0,0,0,0,0,0,0,0,0,0,0,0,0,0,0,0,0,0,0,0,0,0,0,0,0,0,0,0,0,0,0,0,0,0,0,0,0,0,0,0,0,0,0,0,0,0,0,0,0,0,0,0,0,0,0,0,0,0,0,0,0,0,0,0,0,0,0,0,0,0,0,0,0,0,0,0,0,0,0,0,0,0,0,0,0,0,0,0,0,0,0,0,0,0,0,0,0,0,0,0,0,0,0,0,0,0,0,0,0,0,0,0
1920,81651.6311937341,54036.6414001324,59364.8991235344,107128.4464099616,37917.4166839163,88408.7762317014,46809.2341777808,37688.0576060139,108839.1956813015,8717.1834300218,70746.0360426912,46858.3021150171,52246.5145097528,28084.9186401985,59132.3761845710,35141.9310926728,84041.4959137576,27445.2184867281,30633.8511596627,68140.2320715949,25183.1727268016,22011.3914831133,14681.1149765284,58073.2716925493,39421.9968698826,97813.0294130273,47046.8051774158,69907.9665246081,12179.3243941265,74741.4590209028,51809.1877395663,46496.2919399506,66294.8528667411,85351.0676746322,64706.8602170090,52215.3430600683,72960.3140061243,14523.8099761248,41810.0075934065,21937.7813769099,37677.5292814966,98476.2295933415,26424.5767496924,28085.0463546003,25710.8096245954,39305.2430799343,83699.2716169228,97658.0473463790,19580.2554494554,59543.9989357303,26106.7465346038,36976.8583958617,40070.7785605451,78892.8271376910,41524.3493779970,1406.0107715865,46773.3194074155,37112.9522567226,53554.1788647107,29047.3019655920,76115.6479049789,48568.0712717220,10640.8656964347,79984.4724936017,56819.5047618948,38273.1638158135,14032.8506144001,68578.6088107023,76592.9496281635,90486.9559004051,58915.2155053310,40538.2243464299,61397.4615098482,26226.0730427016,75038.2781093421,32821.4965471722,46311.4422173275,90600.3917667652,15439.0411573616,72667.2774325655,17113.3344776514,88226.9441482060,19640.6153265149,61433.6781027346,43350.9443589282,92715.4608742990,29196.8772568882,67795.1425389458,37245.5184334443,48077.8192209955,58698.0967204714,60947.8377064214,81038.4453564561,64309.4175700266,32261.1386390612,39103.0705788283,77859.1106463593,65703.4253114872,30753.5488125052,52220.6069362861,19938.8952734251,22889.6767394268,47046.9204033788,29910.0267269843,74974.6748521715,11771.5328567761,45468.4034469993,74269.2695532385,7097.0546407111,34617.5684149466,83580.1874937013,64831.1186773912,100134.9326792791,21924.4008106392,32170.7826525203,70539.9918351879,30134.8341578985,18693.6044262888,54175.7287676422,15274.8872472966,34417.1534199414,18877.6003369537,77133.0126689665,12644.2562470924,32666.0099179163,3570.9057617762,21144.6722077022,23728.3610259133,79941.7409134007,48367.8206456332,46445.5227670482,28347.9712678125,17554.1205426729,43815.9797153396,91193.8949609823,16383.8255014972,58499.8981098762,9104.3220372138,97079.6742756197,40781.8957609601,52545.1590049656,43174.2907529500,33156.5922249564,54616.1462112862,48290.0278245750,34202.5617422420,34868.6211409228,25310.2930758299,20213.6970004198,90222.1698268910,20764.8664846906,55236.3167445995,43972.1363497608,74625.0734878141,73484.9354856220,62753.8535522982,65667.4753100412,40304.0484764339,42447.9245572549,17609.1137114247,25627.9590099055,31147.5068597694,81466.8062243858,38458.9210613143,107992.0215840900,31406.8500627746,31335.9653402711,66980.4672520930,55501.7872114928,83189.7066774951,58656.0466704638,8546.4657275682,53883.1384434868,55587.7031620227,59304.3052413949,70536.5708998705,25229.4894308664,85534.4661073166,64346.6702049580,24333.9835193734,72882.3398411876,37039.3842989335,71410.7225856422,66164.4921254346,52368.1649939541,82967.0630972015,8741.6842580239,79991.4626234864,79021.8840088899,79466.6788307222,65985.1002286092,50848.6280036146,54367.0929110602,23099.7263483148,91054.1451784008,62160.3178635438,7160.3888695466,57732.8362906957,43118.2705399536,33310.3342192025
1921,83533.7733753349,51491.0941924566,61771.3586243488,106972.6111485845,37169.5395000456,91198.0713963796,46778.4653591485,40297.6804120999,109828.8939432831,6690.6795212776,71102.8042450131,44132.5456351291,53722.4077429612,30419.5772908523,61953.2700399280,33466.3781196878,85178.3197241893,28756.8795302696,27877.1072597613,70866.4050689597,25600.2340240340,19891.2789196453,17451.0520250476,57687.4676473130,42221.1631977608,99323.9323650365,47502.6215945608,71411.6889397028,12570.7538348486,77564.5400140249,54570.0290694661,43700.5956440095,68290.3175091297,86002.8981840797,65631.0299345260,54909.5322196452,72739.7957787500,16388.7116626686,43785.3502268784,20738.9527955027,36973.4135177062,99244.8399402010,26351.7333792899,30902.9971543670,28037.4514974557,36841.7451438992,85233.4021232743,98819.7343283954,16763.1620547892,59726.9954409722,23832.0280584689,37424.3194948011,41126.9671243039,81571.6450608241,44119.1632543331,6483.3867486189,46469.3550934379,37263.3097522077,54476.2447411448,27647.9147556233,77013.1567285905,51391.9865234101,8496.6238564592,82119.6421540796,58686.8539832026,41076.2856571444,14024.3029989247,71385.7954060744,79368.2783760833,92214.0943342291,61578.6776863696,37723.7606389489,62699.1149997373,28952.0904848938,76265.6638295789,34705.5372042592,43654.4204292155,91968.3136466583,17299.0005187882,74443.3289523910,14577.2226598115,90959.4828111187,18925.6710030612,62011.2711956198,44876.4604967445,93667.2264956924,28798.6088467797,70590.9434745934,39548.9046438256,50865.9651888341,61499.4997797355,63726.0440797781,83848.9234490911,64176.5853662301,32975.2916753790,36352.7780898416,77880.6937760403,68526.5580062391,29623.4506074200,52251.0280247262,20529.5329341574,24818.2184943593,44624.6711078042,32532.6790039052,75599.7041001279,14469.5026135839,48168.2794695121,76282.4475662516,8154.4547676943,37329.1605636711,84483.9603521466,66524.5962026896,101102.8648584913,24629.1475431230,29638.4560912611,70598.0709862866,29383.6114066326,21482.9722097406,54697.9889797758,13771.0918440383,35835.7314323938,21295.3554143140,78577.8510787765,9820.2933109642,29841.9482742610,293.7754435452,20839.7731362502,21056.5294539361,81641.2404073131,50947.7703238760,47336.6809517726,26631.0503508272,15026.2705233896,43917.8263054367,92736.5273833568,14848.7533339659,60058.4362444646,11308.6225314991,98426.7459140269,41361.7218134981,51993.8173301294,45904.9842695055,35969.6639026301,57417.4620397516,50009.8669346545,33912.4934953630,34702.6027223583,22491.7701764449,21568.5613523718,91382.0887204314,18823.2098499840,58058.2955658075,43332.6933649331,77352.6440328500,76292.2430816092,65508.6972144319,65878.9017119203,40074.8176115338,45271.4585161706,20085.5463060723,26373.5432101278,31575.4870704374,82788.8388732883,40190.7403666191,107986.8156620587,33660.6425288613,31548.3321112225,68220.1709278357,56679.5433356126,85966.3368751389,58548.1947222485,7124.9140367715,56506.1439198120,58339.3675416241,60108.4464743727,73358.5421471861,24208.2506864010,87312.3257306859,65817.7903997260,26869.0129259349,73942.9945951163,39772.8481614122,74178.3467932060,66879.2386852578,52098.8849429936,85701.0535340920,11556.6266565890,80663.2715927987,80064.3136976833,81468.0478391471,66430.0431647268,53653.8385457441,56060.0788780792,25923.4442525194,93817.3170002495,64063.9741384477,9580.8467894488,60480.3834016810,45907.1286822507,36103.3271006934
1922,83819.9366737436,51054.0482073053,62297.6962378298,106837.7473716108,36937.4964293084,91719.3772098506,46905.5196842924,40763.3867535521,109921.6926364501,6464.0905374557,71072.2798244871,43577.0864483246,53924.8490752478,30940.1375219315,62503.0828048298,33255.3554045152,85303.9171899098,28937.8233320530,27373.1394426735,71364.7289969899,25826.2889655630,19422.4871098275,17968.2992032476,57515.8263455393,42776.2980394271,99527.3489663883,47498.2932202179,71616.5444786739,12608.7696280058,78106.5761968200,55080.7191402516,43178.3200031627,68603.5868724975,86029.0517625172,65715.7843735131,55463.9784903683,72596.5130384461,16857.8750642994,44098.8197474821,20650.7084283048,36972.0330517499,99293.2126703719,26259.2021835560,31440.2254021657,28436.4899649881,36430.4404717204,85443.0733966148,98949.1421336983,16211.2028616114,59664.7311967005,23478.5207070211,37645.4613406336,41246.7353509236,82054.7866336368,44666.2533100762,6547.9036666267,46317.0629687148,37204.0871400710,54563.3476836978,27301.3690225739,77090.4458265727,51935.9842053701,8045.1570353514,82463.6743144410,58972.8868361838,41604.6562132876,14200.3600520062,71939.9016967325,79883.9418258056,92465.1261732438,62057.9069112814,37171.0440326523,62862.6880807924,29508.2627783057,76411.3299354805,35002.5509190258,43184.2112590979,92141.7844114217,17608.9088510906,74706.8735884887,14156.5297738771,91459.5499158048,18721.3269523733,62026.6634837779,45092.2021434461,93753.5929399173,28866.1666044674,71115.3369051143,39938.3283737990,51422.0307097421,62026.6469830267,64282.5690714856,84380.6951561896,64051.8204847393,33031.1855471191,35850.5422784543,77783.2855852053,69068.7024502302,29538.0715833904,52161.1754210529,20577.8236657897,25288.2883540506,44223.2461510426,33003.1639404826,75621.9367682081,15025.1404471549,48659.1546840061,76598.8692816321,8545.9581834035,37884.6722098715,84561.5059499413,66771.1458540737,101191.8656174459,25124.3176693247,29209.1971022180,70508.9880356621,29156.7478611803,22038.7851992671,54704.3169312560,13632.2073306163,36033.3145564828,21827.4395581042,78769.1478020296,9277.1733447188,29296.6770580077,132.6743727696,20937.9591762425,20585.7620709564,81887.1735414659,51493.2923541547,47419.9589913002,26415.6683579334,14494.8515937929,43845.2965720769,92947.3214457056,14495.5094189897,60277.0128942974,11704.0854488780,98595.2200729722,41385.0356316329,51792.4433289246,46461.1855589114,36522.4486201351,57972.3946593651,50265.5609554953,33770.0268309634,34810.3637727166,21955.9522213735,21957.3874819349,91511.8250480864,18562.8322970586,58598.8740173497,43117.9362438400,77851.2838301065,76822.2789580859,66016.9438526366,65820.7568010617,39939.9919418085,45814.4469218805,20524.2871882005,26442.6911918865,31797.2762411637,82953.5602023658,40452.3472797166,107880.9056444736,34040.4171537565,31505.8567661930,68369.7004470851,56818.6586538004,86482.4405090154,58429.6205796591,6846.8996117141,56974.0442559360,58896.0466913106,60169.9975769089,73907.5814307095,23935.8457957976,87574.9553149571,66016.5934081208,27411.7072829469,74054.3187894612,40274.8821731214,74691.1145285385,66921.1485490988,51951.1591525893,86201.6897247481,12093.3878902475,80694.1638256852,80170.9712019353,81781.3076564226,66417.9466169129,54183.0012428814,56308.4703537175,26467.0272553361,94328.1677780667,64357.1877419476,10120.6338119703,60986.1933833022,46428.9273610032,36627.2419499688
1923,75566.3060746114,62336.2450557212,52705.8203599867,107273.7653638767,40661.5664048570,79688.8895679969,48749.7247237649,29496.8181391198,105425.3912495471,16785.3311787121,69544.0495847090,55153.5892611629,47704.2396513747,22256.0714065735,50492.6114363040,41651.4550447549,80286.5535466768,24225.4507642717,39329.7802665458,59554.8475854884,26653.6994818488,28931.0381987888,6451.2176352019,59317.3557564254,30975.0111141437,92821.4512824266,45893.6400464473,65088.6692793766,14135.2194545232,66020.9734255650,43149.6627096268,55230.5281210532,59927.8367621811,83107.6350295403,61783.8932189504,44314.9404465724,73524.9510936461,12366.4631773604,35756.8838678330,27768.6753557923,41724.7726685257,95794.0034467445,27722.7191283762,19346.8419387086,18762.6152270168,47477.6970818959,78697.0165464511,93754.7305647218,28246.9229834368,59017.7658982980,34008.1282462374,37748.8113524223,37169.1356837343,70421.3150830950,34170.3459636925,5577.4357083892,47971.3353428679,37201.4757711813,50789.5112728882,33904.9958311466,73169.1821162264,39861.7353865975,18186.6581622598,73116.5038011264,50938.0442717205,29537.9385124923,17922.2556598502,60044.7019952208,67897.5588920139,84850.1944044560,50502.3804822472,49173.4952795097,57304.8272598023,18352.7752086834,71058.4278693646,27304.3176393750,54837.2612000204,86085.3122615045,11483.0124194632,66961.6234273816,25549.9120467906,79619.7812097593,23273.9919117621,59646.8646673835,38801.0450636722,89491.1388881714,32725.6932261172,59067.0244317764,30119.1657933120,39685.0410280977,49963.5476242281,52594.1149398109,72297.0248436125,64696.6140472497,30777.4025150896,47786.0820891984,77633.0845918280,56983.7599499234,36079.4694894867,52286.1220395090,19824.1957998999,19221.3050747191,55107.7489407827,21729.4018046025,72893.9617487513,5351.2257370689,36973.0297997238,67804.7401037258,10624.8252258358,26726.3999661520,80559.8214780020,59443.7225750195,96824.2930658102,13519.9540509780,40502.5944025446,70268.4762956772,33175.6169444269,10492.8319319925,52672.1268762638,22106.8515623284,30485.1114892037,13218.3452668205,72450.1621939812,21367.4636438050,41376.0332804219,12517.1125993770,24923.6792645662,32319.2366337545,74438.2696916305,41028.2635007652,43917.4257765540,35082.1901420233,25520.5456836665,43846.4390371345,86129.9026194875,22273.5459524968,53608.5600195146,6757.1818478915,92601.0032212173,39401.2442591562,54376.8977743358,35123.0417428260,24615.6424178038,46131.0440023372,42998.8062234257,35735.5102644636,37529.6194763871,34048.3527363744,19096.0160254773,86360.0102746914,28147.0307114935,46509.2127543963,46238.0476447681,66033.5960163342,64744.9619641204,54103.4765492802,64973.4755421260,41443.0877644486,33734.9536651096,10429.2647564502,24450.6583519886,32225.0971609495,77144.7341762357,33318.5017209650,107667.4682051693,24571.3557639275,31482.9807561026,63029.1619946363,51883.3990764529,74491.2284837925,59041.5955834552,11940.9636255639,45595.0701868645,47386.3417009532,56829.5035685611,61881.5466389025,29256.8899361099,79759.2058723142,59678.8348771637,17642.9274762822,69447.4073882648,28463.8569216749,62731.0238244067,63888.1593223342,53349.3608174996,74357.8972288393,0.0000000000,77723.5062429875,75596.9929140815,73017.1933500515,64558.7642867489,42110.5898141654,49083.5006976621,14398.1649925421,82380.4810835123,56115.9503742239,6647.1173789754,49101.2094278310,34403.9174180791,24591.4989420342
1924,78296.7714444416,58111.7546603571,56562.8723119793,106497.5130920137,38406.2872221711,84273.8112296469,48126.2658631227,33603.0697695559,106600.2166055494,12631.5131594194,69444.3438155578,50544.4382590663,49456.7186725212,25591.0073429790,55167.7808325522,38497.5603033830,81634.3879184542,25051.4227669263,34781.1223497638,63993.0215836845,26116.3517906877,24750.9490478538,10533.9909087476,57893.6502667659,35598.3938756337,94902.9249485458,45699.4197130009,67040.4673021174,11792.8538871781,70691.6782861064,47661.2318867608,50625.3299645442,62820.2536612997,83603.0234370211,62627.0361958490,48732.6403753722,72486.5764819340,13419.7289597318,38406.3360676790,24918.4192247178,39931.2649070504,96548.0413408498,26083.3105914054,24006.9116674110,21935.4034567432,43334.8735642819,80773.4871074738,95201.0107789967,23570.5233102930,58527.6910806170,30023.7721748437,37693.9545037645,37915.6615332034,74760.4990989186,38328.7244372742,820.5811651147,46533.0537390096,36287.0834788316,51514.5246867135,30610.6360294293,74045.8044589691,44537.3899014952,13719.4576756486,76337.9840282359,53514.0688619049,34154.1996130364,15918.9252824851,64699.5051017669,72449.4964307431,87312.8301113992,54791.4301170682,44496.0605545812,58813.8019070516,22714.8860767444,72524.8382562443,29575.1375951590,50443.3692605437,87880.6604301585,12483.6742171058,69450.7785147565,21209.8645796522,84078.6405783431,20419.7996311254,59847.3505166170,40528.8435814426,90545.1467061689,31154.7649851134,63666.2445210687,33460.0994984515,44293.6543426723,54576.1633039117,57193.0661087696,76932.3173874538,63733.8193617761,30670.0807495833,43251.4600096217,77020.4231696783,61655.0474009236,33560.3930394157,51458.4949322124,18790.4509696375,21344.2949088313,51042.8882383536,25820.0452538292,73284.2600473716,8587.5227705176,41329.3814322994,70765.9154910435,8346.7646335549,31119.1996773228,81488.3428529352,61729.2577170184,97933.9445323847,17787.6617548513,36247.6201708043,69667.3142291155,30723.6138845084,14976.9533471855,52696.2036905032,18665.5023768681,31796.3880971356,16333.9423586272,74330.4633559631,16709.2868909384,36706.3420321271,7842.0953847617,23131.4831706584,27868.8585975593,76811.7682271817,45191.3148609925,44482.8270599223,31779.4719412539,20975.8219773058,43002.1878304197,88249.4999958788,18430.2031849892,55584.1107690525,7492.4422376965,94380.3490439936,39299.9487474984,52637.1939081766,39596.8546466276,29265.6280217952,50770.7852395328,45192.3083989455,34055.6282614655,36460.8517429556,29401.0607369682,19811.8652968855,87775.9944887420,24449.2749762905,51177.1511760846,44248.3529690198,70477.5569843089,69372.4157372151,58605.1539775322,64588.5054894626,40003.4691211820,38409.4202801476,13697.9629932915,24096.2018803469,31962.3184390425,78818.2296913751,35384.0991421680,107141.5459167770,27695.7331129484,30490.1562442409,64466.4320611339,53102.6957737764,79046.8687211577,58065.4520181431,12725.0981047487,49783.8419456503,51928.1373246775,57407.4234302957,66558.4447648261,26301.1101568113,82302.3945117649,61532.0291605258,21395.1219051278,70596.8238517175,32891.5442183772,67264.4799117598,64370.9594012912,52043.7895137393,78818.6169376389,3649.0426526540,78225.4074125159,76749.5233834417,75972.8057659910,64571.7772610047,46732.7547171224,51287.2637837936,19075.7470434221,86906.8683756440,58801.3788741411,4901.0817456770,53583.7406460831,38982.7808004296,29178.5596696792
1925,0,0,0,0,0,0,0,0,0,0,0,0,0,0,0,0,0,0,0,0,0,0,0,0,0,0,0,0,0,0,0,0,0,0,0,0,0,0,0,0,0,0,0,0,0,0,0,0,0,0,0,0,0,0,0,0,0,0,0,0,0,0,0,0,0,0,0,0,0,0,0,0,0,0,0,0,0,0,0,0,0,0,0,0,0,0,0,0,0,0,0,0,0,0,0,0,0,0,0,0,0,0,0,0,0,0,0,0,0,0,0,0,0,0,0,0,0,0,0,0,0,0,0,0,0,0,0,0,0,0,0,0,0,0,0,0,0,0,0,0,0,0,0,0,0,0,0,0,0,0,0,0,0,0,0,0,0,0,0,0,0,0,0,0,0,0,0,0,0,0,0,0,0,0,0,0,0,0,0,0,0,0,0,0,0,0,0,0,0,0,0,0,0,0,0,0,0,0,0,0
1926,80208.8963871553,55271.8887025626,59379.6554599516,105955.6212163179,36992.2822882758,87447.7506681022,48078.4991323809,36491.9345708152,107414.9160570190,10098.3650164684,69440.0039523235,47322.1383949745,50787.8877665771,28210.1530751019,58425.0867669000,36594.2807757897,82602.2647018213,25997.9662121470,31671.2510972376,67065.5797759620,26353.0463938473,21895.0461257224,13694.6322896675,56990.3185746236,38839.2669320066,96353.4277334315,45725.7207978228,68448.5630475381,10953.3655460663,73936.3885809159,50790.0676165967,47452.8802988535,64866.2003345226,83980.5374510973,63294.4490370056,51869.4941861629,71815.2260169233,15093.4953740367,40376.2257462138,23394.3679651353,39083.7173199278,97084.1584580622,25272.9438052562,27245.2583349009,24356.9577219310,40583.7388531450,82239.5657303019,96215.9675916763,20320.7450775585,58284.7698412913,27454.9631626496,38116.8777122059,38645.7357813194,77761.1283582763,41336.7300737536,1447.2513597514,45669.6179681033,35876.5947723290,52143.9045683474,28450.3832117663,74705.6979828071,47788.2577418984,10665.1236329448,78582.8424982793,55374.1612994892,37359.1326114395,15353.6671994653,67951.5895985162,75600.3777343910,89032.0335166419,57767.8411236902,41239.8226370727,59946.2168437578,25850.4218407148,73591.6096290468,31375.3556870379,47463.9770783110,89144.6405339312,13985.3806759034,71214.9698267136,18345.9597158617,87160.7402276438,18757.9346904486,60081.4922343463,41891.5781735801,91296.7774138586,30559.4727915042,66853.0120637208,35886.7791234135,47527.0604546210,57774.0837701260,60420.6733532701,80145.7634843620,63139.5330315687,30894.8838427796,40149.1492213901,76638.8528209680,64900.5273398595,32204.6816723622,51007.1398024765,18617.7169042839,23359.9388957816,48345.6253003094,28724.3527599791,73610.5478203133,11524.2660259656,44360.8173336582,72843.8336557327,8208.0967245851,34255.8272577696,82168.6720780372,63374.1234987679,98713.7564085597,20825.0248871040,33411.4445561453,69311.3087241830,29226.4256705842,18179.2005373144,52837.1228295860,16730.7023385073,32961.6142225375,18956.2057383634,75674.7191388594,13491.8152157237,33466.6381438159,4887.9034489838,22501.4093869950,24866.6236272877,78485.2951101978,48193.4996283674,45041.5554267468,29796.2689667234,17817.1399479624,42587.3962924181,89734.1698667705,15933.0077864157,57040.1732697505,7693.6197220336,95624.7822321265,39436.9913733709,51526.2669192616,42766.8040808032,32517.2045992229,54017.2373003472,46833.6314020650,33108.5850881769,36178.6628245938,26190.4679908544,21031.9879710904,88780.5185523621,22184.3460547466,54419.5513623801,42995.0909143194,73552.1777380560,72580.1064568093,61723.3317557536,64398.7378975247,39181.1886326675,41658.9514120679,16318.7952095950,24262.3660018295,32301.9931916888,80013.5537125106,37002.5176759847,106774.1710439354,30030.6911166812,30089.3222858947,65533.2696136569,54060.7545511301,82199.5680706281,57480.8316347997,7462.3731185677,52698.7149392463,55128.2480162131,57911.0684140141,69815.2433811026,24456.5318251821,84082.5986422369,62887.9114527853,24255.2478744402,71451.7561444987,35977.0243302205,70402.9295413533,64785.2553997772,51248.5554954931,81903.0544925968,7933.7649742360,78617.8994195030,77592.9207560624,78039.5816127590,64659.9847313754,49938.9329599081,52909.7992573111,22330.3782813970,90037.1902972321,60719.1597192079,7407.4283125289,56690.4715443841,42160.5835733670,32366.4985953022
1927,0,0,0,0,0,0,0,0,0,0,0,0,0,0,0,0,0,0,0,0,0,0,0,0,0,0,0,0,0,0,0,0,0,0,0,0,0,0,0,0,0,0,0,0,0,0,0,0,0,0,0,0,0,0,0,0,0,0,0,0,0,0,0,0,0,0,0,0,0,0,0,0,0,0,0,0,0,0,0,0,0,0,0,0,0,0,0,0,0,0,0,0,0,0,0,0,0,0,0,0,0,0,0,0,0,0,0,0,0,0,0,0,0,0,0,0,0,0,0,0,0,0,0,0,0,0,0,0,0,0,0,0,0,0,0,0,0,0,0,0,0,0,0,0,0,0,0,0,0,0,0,0,0,0,0,0,0,0,0,0,0,0,0,0,0,0,0,0,0,0,0,0,0,0,0,0,0,0,0,0,0,0,0,0,0,0,0,0,0,0,0,0,0,0,0,0,0,0,0,0
1928,0,0,0,0,0,0,0,0,0,0,0,0,0,0,0,0,0,0,0,0,0,0,0,0,0,0,0,0,0,0,0,0,0,0,0,0,0,0,0,0,0,0,0,0,0,0,0,0,0,0,0,0,0,0,0,0,0,0,0,0,0,0,0,0,0,0,0,0,0,0,0,0,0,0,0,0,0,0,0,0,0,0,0,0,0,0,0,0,0,0,0,0,0,0,0,0,0,0,0,0,0,0,0,0,0,0,0,0,0,0,0,0,0,0,0,0,0,0,0,0,0,0,0,0,0,0,0,0,0,0,0,0,0,0,0,0,0,0,0,0,0,0,0,0,0,0,0,0,0,0,0,0,0,0,0,0,0,0,0,0,0,0,0,0,0,0,0,0,0,0,0,0,0,0,0,0,0,0,0,0,0,0,0,0,0,0,0,0,0,0,0,0,0,0,0,0,0,0,0,0
1929,79572.4910098302,56066.6726876864,58773.3754656686,105890.8754438574,37146.2287562639,86618.4048304572,48262.1236419125,35683.9508569754,107018.6250758191,10817.4957553683,69234.5032860057,48091.5797341759,50267.5744059702,27660.6629085416,57617.6296188215,37206.3295961319,82168.5110793221,25546.2242684008,32497.8721740746,66240.0657519183,26448.3142998963,22497.6385763403,12865.4152124003,57012.6110698345,38055.6688067729,95814.3881218382,45505.2970733143,67915.5275557714,10889.5277398798,73116.1417052647,49961.2989987433,48282.2788934647,64201.8254855297,83684.5843752952,62926.4052275283,51142.4871493751,71779.7176921934,14789.4312693814,39721.5634084913,23912.0859392998,39456.8936369805,96752.0032305434,25249.5741231326,26423.3682523707,23613.8835830914,41363.2502230848,81695.8879659939,95773.0222172471,21139.8912775409,58136.0912152819,28199.1650578216,38176.7006463834,38254.0140955485,76942.0903623989,40660.8781725385,18.7873136380,45677.1513181183,35759.9071983610,51781.6042228932,28820.0538550012,74341.6201001989,46971.4728957105,11341.8013094718,77881.9467961305,54744.9122625646,36531.3806787803,15622.5830223765,67157.1296194071,74771.0952917958,88435.6643231020,56950.9593026193,42051.8822169905,59471.7465217530,25121.9556438561,73134.3225903482,30749.6245506911,48277.8114200527,88645.5249865721,13391.1197066176,70607.5616668898,19139.1027339856,86334.6812315385,18962.7878618914,59815.4709406091,41361.2986810120,90913.5910025662,30865.7607421289,66024.0040705106,35147.5735162501,46749.1423402702,56945.6586489939,59646.8259470379,79318.5964089179,63082.0822101323,30615.8232966483,40975.4153929667,76529.4036044695,64080.6615860227,32692.0863236581,50909.0752443611,18415.2575346187,22981.8495689506,49116.8982093910,27913.6175602356,73325.2698571640,10857.7727000409,43538.2130332991,72174.1363881133,8313.8796332900,33527.9002761823,81800.9447161490,62790.1959651192,98324.7881058337,20000.4904454458,34203.8091118836,69193.9815084643,29398.1122351612,17418.6174123356,52591.5147814725,17331.8422878945,32468.7724974369,18398.0114592421,75156.5262696240,14319.8298016480,34289.7276117881,6270.9716742456,22805.3603348683,25681.7202094109,77897.4234723802,47520.5059512322,44692.9423742175,30422.1385141413,18548.4187939383,42476.1365037503,89187.2458127972,16399.6882645905,56494.7260590601,10268.0041812329,95130.5662284094,39186.0306288952,51602.8304550579,42024.2177350383,31723.4540037850,53228.8421419262,46246.7055568717,33130.7467267329,36413.4348767956,27018.6881092658,20864.3820881871,88339.1919998834,22864.7476825552,53598.5204431836,43107.3132174875,72726.5677075064,71752.3778752958,60895.0496334235,64238.3022932005,39174.3181114535,40841.3922431872,15539.2964485681,23988.8211450625,32378.2344475652,79528.5549089629,36416.4617976209,106664.7506899072,29305.0818961060,29964.8859829221,65074.5716198856,53623.7248411846,81370.2625307140,57419.3468007542,8430.8754005412,51888.6474247526,54370.6838189548,57580.0359646427,69005.3548660007,24725.3133422585,83473.2499553440,62365.1573219381,23626.8829012924,71042.0737532032,35150.1659803915,69573.9243988202,64477.1473486586,51240.2375453882,81076.8075024828,7125.0999524188,78317.5865910597,77186.8583950794,77372.5047543024,64430.6569128080,49111.1738575893,52328.4090439590,21517.5093891040,89208.4962667092,60079.3476891199,6988.3091673541,55862.7133485471,41331.3734125982,31537.7067159535
1930,75640.0929904096,63044.2680550965,51264.1881516820,108340.4464170295,42005.6953717493,78739.6905194236,48128.7426961895,28973.2686477974,106005.1936338852,17548.2925583267,70476.0648560877,56438.9579825382,48151.5375210620,20847.5696913779,49313.9199520685,41880.0615089994,80826.5210428917,25017.5012099888,40283.9584528301,58756.2800851390,26075.9661937781,30341.9650373966,4582.9211879794,60525.6528973177,29701.1260185383,93120.5209048198,46870.1537926375,65449.2394933843,15534.3146274439,64921.8806645542,42293.3635633191,56235.5473438575,59950.5861753208,83884.6860836826,62482.8476637807,42934.5475326742,74655.3223341980,11507.7362985445,35916.4768459737,27926.3274761590,41470.6576596478,96496.2962052162,29001.2557942024,18304.8208298757,18793.1605052974,48149.3689687133,79005.3338563851,94257.9833107191,29397.5839267303,60045.0372538104,34616.4774148453,36995.2675732105,37932.5482319933,69696.3724179889,32742.0418501056,6700.7354686780,49190.2335167599,38340.3667509185,51533.1364874238,35339.9872888979,73849.6522921152,38743.4696777236,19533.0367455787,72991.4592485691,51094.5729299298,28568.0138133319,17871.0630742574,58810.6469606575,66988.4961566188,85018.9762255144,49824.5433708800,50346.2900064450,57815.0637277796,16951.1016582193,71568.7168642513,27636.1776836881,55658.8062748658,86482.5739771847,12377.0341427262,67132.7030526729,26372.5124077362,78796.9065471577,24690.7712523398,60514.7620607328,39274.5999841870,90112.3264545665,32428.2843061385,58104.4285033144,30005.9364899315,38397.2250966127,48985.6284955252,51298.6189569816,71278.3924166992,65816.8602550321,31766.5147613435,48722.0114746982,78675.0960993912,55883.7381607367,36085.5869887011,53389.0223293015,21036.7490059725,18020.4925098101,55729.9970011178,21244.6178699520,73704.0257802648,2553.8971164629,36258.5584792599,67792.6942118713,10827.3415960600,25335.9060963845,81221.1858083743,59695.4852289694,97426.2633850093,12967.6715317902,41246.5168238513,71311.8154634034,34548.1588024001,4708.3787236480,53589.6928693385,22522.5348874926,31112.3012513550,11862.0848561632,72828.2773168676,22470.6763852888,42493.1475577804,13678.9544822532,24737.1721086805,33201.2926232112,74645.6474046297,39601.3496560997,44713.8596570020,35385.9653206107,26841.3327801160,44961.9202009313,86419.2337747378,23709.0549151250,53973.9603744995,9465.7434387475,93000.2349253912,40367.6891729569,55640.0622787276,33759.8000323438,23376.3198897405,44875.5365654687,43307.5328239193,37006.2104871011,37062.1898473922,35120.7422600590,18231.6163988047,86876.0276220136,28639.0352013949,45423.6019797716,47543.4128974980,65227.5062299665,63740.4966897444,53250.3323624273,65973.3649619288,42668.7547945129,32626.4361796340,10551.8298532206,25515.9943478392,31544.8427420364,77586.2653012819,33696.9472652052,108680.5134479642,24581.0985404742,32647.7682225011,63555.2311143746,52487.3395269477,73576.5687442841,60168.0894233657,13356.0800607273,44990.5148469107,46054.3179358349,57604.6251639288,60714.2475006011,30675.6902017967,79901.2172598070,60077.3091987684,16205.5958030263,70053.3058006848,27704.0414642940,61842.9442351785,64681.1942213071,54540.9873751431,73534.7639367479,17.7102044665,78501.8038237623,76197.5547225658,73003.6184287126,65467.7533431561,41121.9383440305,49377.6248189372,13278.5667008160,81494.6022219995,56224.1421022714,6418.6417418706,48268.8179750768,33480.5236902484,23670.5300646155
1931,81902.8835361548,52908.1417180884,61767.7207027067,105602.7044194680,36014.9977469623,90125.6707510255,48181.7778110292,38976.0968566031,108196.7374154106,8343.5551104675,69581.5109779922,44622.2891980177,52062.0121982605,30492.4216188459,61162.7951990662,35125.2873677942,83530.8127819256,27096.8579457383,29073.3780083012,69669.3401499618,26831.2504737701,19607.4610102074,16385.1198537233,56392.2229908840,41562.5847164346,97663.6725060783,45953.8204562419,69751.5012308911,10996.8439516442,76666.4542836017,53438.4972496359,44789.3308928525,66680.4841437688,84420.5434821919,64004.4846225765,54510.0222880982,71388.0207060160,16842.6924867024,42175.6219499814,22375.6698837749,38543.4530442711,97643.0845682072,24929.9851357969,29972.5852629786,26546.6496250533,38317.1103133730,83573.6991661156,97170.6670242909,17589.3929517850,58248.0671272175,25399.5624983058,38655.1081814681,39482.9658135547,80308.4758037785,43882.8764938386,5045.1545279763,45140.1009763678,35785.2903461851,52848.7252269046,26829.1910863613,75390.9944258519,50522.6282902482,8233.5002267908,80541.9403629422,57055.7490591053,40063.5540411809,15377.2570634104,70683.7005899158,78261.7541814139,90564.7616931172,60302.0907887383,38502.5205518632,61041.0357457316,28500.5474759407,74611.5498097463,33081.9904553837,44977.8704460915,90308.6824824280,15685.7334400744,72799.4218104934,16039.6023473541,89769.0050728111,17733.1418196036,60440.3995090008,43217.3797832844,92039.0262555865,30294.7820760897,69541.6290769624,38038.9061990331,50243.9408214945,60471.4435640473,63132.2415637455,82853.3318792246,62793.5330367474,31371.9939916112,37552.9874905058,76451.2167601398,67631.2069331275,31257.0195585090,50813.6150911945,18937.0255609870,25236.4630608297,46118.3115571273,31229.9032927695,74021.4248304757,14093.5183273745,46941.0349826321,74675.5036617414,9023.0853107910,36901.6846127455,82861.4440818838,64873.4496176274,99472.9933128059,23431.5727779036,31076.7933008597,69156.5909851155,28224.1744829013,20879.7702587750,53136.9150886416,15427.3301054350,34175.0888459481,21282.8315236370,76917.1756876836,10800.3759121677,30743.5467046540,2.4188910068,22301.3431085581,22386.2817363116,79989.9520018468,50731.3269791912,45711.9676600902,28289.1255335753,15203.1698164421,42456.6033548688,91076.9669436712,14097.8648015506,58399.8949183179,9818.4704201451,96767.7353546184,39785.5477523779,50761.8947740389,45434.8681648865,35249.3770183207,56744.6069458390,48362.1772789670,32571.0642678665,36140.2707605353,23496.7228328973,22352.0835396049,89732.9615817275,20466.6052831106,57148.3091894452,42134.0823907849,76156.4352054629,75283.7254723540,64361.9705123114,64393.5567635973,38716.0478397066,44392.5708221072,18689.9105772501,24761.5744831766,32809.2241316599,81130.4529864181,38545.5622624675,106568.5373129439,32134.5129209365,30049.9708424832,66565.0980402460,55027.6471923733,84861.8170207431,57155.6539098649,4596.2650196092,55189.3684734403,57818.0089478143,58497.9166774305,72552.8957804156,23172.8265412365,85668.0361324680,64157.2355999416,26718.3625223568,72301.7831012689,38599.7936563374,73055.5027507594,65283.8952596942,50759.3151565255,84513.6678301411,10671.3572097317,79076.8398770986,78425.2425795568,79858.2288496128,64887.6712377800,52642.7919862991,54409.5283198911,25067.1700557704,92681.9704034126,62437.8836828850,9567.8238654726,59321.5709991255,44845.5575272237,35060.5308977843
1932,78439.4403194848,58816.8031706007,54800.7804793761,107854.6525988013,40049.1999072901,83194.2328509204,47098.1210618779,32969.1099141521,107372.8286333439,13262.2157737195,70609.8736520018,52081.2709001442,49992.1024376378,23811.1982730699,53801.2045912535,38501.7609770508,82338.6947951757,25869.6533759943,35821.1274829017,63089.5475867231,25020.8330057476,26494.1309054071,9622.3689661364,59387.4763775741,34117.9188217333,95330.2176151876,46875.2192673974,67510.2398210689,13386.3521778593,69424.5701853361,46679.2961048020,51749.1789965255,62881.8398186927,84595.5249307664,63497.3712458634,47096.8513219137,73898.9656680484,11844.8774076813,38560.1322683401,24743.6709128189,39311.3555010652,97461.1705026085,27590.4089050944,22795.5674960588,21811.4724142178,43971.5383912684,81198.8125754156,95873.6322255466,24910.5374434876,59795.2568127044,30535.0910200664,36481.2673095864,38793.0409534551,73950.3952642477,36616.3115809753,2633.9590682251,48023.1172253020,37643.2268762806,52415.6374658369,32377.2251809080,74910.8281547462,43245.7904227471,15393.1770153925,76242.2843826144,53714.8627614688,33031.0534164742,15308.2177682086,63260.7218703776,71416.5274562839,87577.7342217972,54023.2711443582,45866.4220451750,59448.1723899401,21076.9502530497,73182.4024578540,29874.1851062974,51302.5474879656,88419.7245238849,13141.4685746313,69698.2232380435,22015.3742907127,83153.7385843334,22133.1685542549,60919.5853200952,41063.3178035172,91355.8125453135,30432.5338204957,62565.9869510450,33277.8824190589,42790.1321403168,53454.7897885943,55674.4920360648,75765.8619627116,65124.5567836572,31797.0284901326,44270.9742474042,78328.7575026920,60386.4262384749,33242.5574333119,52808.7029788100,20127.8320156493,19641.3521242241,51620.7318244094,25191.2233277180,74305.6436018865,8627.4146850423,40502.2997156255,70797.8276178765,7757.7674866572,29482.6868890275,82338.8590139594,62060.1099913961,98727.3471039878,17022.8742312441,36976.4714870047,70969.8499360679,32391.8493477077,13420.1350847477,53815.6321389586,18800.8102935571,32468.0081601526,14554.2555084165,74831.7196448325,17970.5015168772,37993.5218957447,9214.3688477842,22472.4981192320,28788.9298691296,77111.9768380506,43477.2429768648,45428.2532361537,31858.3425047017,22589.9195152148,44349.0860983168,88659.5114856253,20208.6700414901,56037.5942754733,8461.2017933465,94927.3815342604,40441.2392827175,54194.1512765626,37992.5997232511,27832.7681420763,49307.0512716329,45548.6586077649,35585.0198967605,35565.7208015249,30618.2823701925,18351.6293102720,88457.6108100480,24757.6286332037,49925.4787042374,45848.4024264802,69568.1880159397,68222.3631183243,57633.9890085727,65831.1592760851,41488.0570021578,37129.1380020130,13479.4425105895,25274.2302185584,30799.2108351240,79401.0499252700,35778.6824928213,108434.8059472922,27611.4365293830,31855.8567576237,65130.6211278813,53837.2340486215,78008.7112540311,59456.5228927941,9730.0569752375,49094.6241844585,50361.2813757230,58360.8589453471,65205.3796633553,28034.2108916836,82530.5635912787,62037.5806476855,19635.7082307731,71366.9979201428,31998.1293462234,66255.2883083111,65359.0219178736,53508.2233700795,77891.8024808919,1827.2881957036,79213.9241166378,77521.3060715538,76009.0490328090,65702.3431279912,45595.7582982980,51645.0873388668,17781.1958937024,85905.6800595426,58956.5836663068,2221.8969099438,52634.0373306963,37916.4644365523,28103.2184612865
1933,0,0,0,0,0,0,0,0,0,0,0,0,0,0,0,0,0,0,0,0,0,0,0,0,0,0,0,0,0,0,0,0,0,0,0,0,0,0,0,0,0,0,0,0,0,0,0,0,0,0,0,0,0,0,0,0,0,0,0,0,0,0,0,0,0,0,0,0,0,0,0,0,0,0,0,0,0,0,0,0,0,0,0,0,0,0,0,0,0,0,0,0,0,0,0,0,0,0,0,0,0,0,0,0,0,0,0,0,0,0,0,0,0,0,0,0,0,0,0,0,0,0,0,0,0,0,0,0,0,0,0,0,0,0,0,0,0,0,0,0,0,0,0,0,0,0,0,0,0,0,0,0,0,0,0,0,0,0,0,0,0,0,0,0,0,0,0,0,0,0,0,0,0,0,0,0,0,0,0,0,0,0,0,0,0,0,0,0,0,0,0,0,0,0,0,0,0,0,0,0
1934,78167.9889673588,61016.9910649057,51094.5663019118,110237.0153598391,43210.6982898660,80491.0621408077,45738.4858282066,31266.3565548738,108414.7456704041,15696.0179614940,72572.1833231545,55602.4518903205,50622.0899390402,20173.4585656044,50610.1550501865,39456.1656754166,83257.2053333540,27265.4601517831,38646.5945714322,60740.1235890631,23655.1691996741,30204.2285976797,8615.6571762296,62141.5608216411,30758.0240587044,95635.9471263735,48909.5597308821,67949.5724477350,16547.8635846572,66393.5649069211,44213.7367546452,54671.5208370304,62473.5610620078,86148.0064625427,64811.3032871701,43487.2290814125,76438.1014374613,10950.1933057786,38446.1740718319,25476.4626962767,38944.1572605054,98822.9680644141,30451.4999979274,19999.7327310081,21321.1629170578,46089.1330376476,81518.6188288525,96707.0640089118,28212.9770922668,62009.1170697569,32501.3648476667,34708.1901650735,40207.0123281553,71765.0584601516,32924.4457100256,6907.7913492107,50784.3690121169,40116.1488407676,53825.2213487177,35931.3384195434,76192.3825785958,40203.5309061522,19074.7550641305,75480.9683189022,53624.6588695674,30341.1320673550,15358.7467695057,59940.3263425057,68810.3654824667,87548.9245650498,51955.8390149534,49169.1300482968,60259.3436359064,17484.7629717508,74013.7314430066,30140.0063631570,53787.6752737695,88972.8118733878,14524.5052074259,69662.4528044066,24555.7841246272,80739.0759860856,25523.0389441230,62686.7739984680,41733.4406133645,92496.3293194761,29906.6237145098,59844.9414566635,32506.2293022965,39379.7332119272,50708.1710694445,52230.5741861535,72909.9321456060,67620.6351600155,33791.5899277565,47039.6240795950,80614.2379458386,57360.8604568296,33578.2479340980,55227.6292845874,22674.5612988487,16473.8422435318,53608.6725421421,23580.2258437993,75936.0233123520,1798.6252933646,38363.5386716718,70309.9687285757,8456.1856101636,25881.4986153498,83577.9067430622,62217.8912592121,99822.4685199180,15287.3445993945,39283.5861304746,73249.4668399808,35634.3679246217,6559.1152038801,55704.5172615238,20249.2592960208,33488.3101286551,10945.2526284198,75323.9402462599,21206.9546444967,41188.4338859987,12672.4735670891,22206.7899537810,31456.0476758432,77173.2779251000,39783.3692180725,46958.6835669171,33009.7287154120,26216.3002601522,46779.7067260152,88936.3485553971,23883.2515448695,56472.3202055916,8752.2492817897,95490.0125986361,42421.6235834709,57112.9582590529,34430.5735174938,24573.6017712870,45955.6511176462,45819.0128314294,38469.4266283592,34588.9683196081,33730.4385437363,16064.4665342514,89318.8661626210,26418.0775669223,46944.0022222629,48888.7157682125,67197.9227468071,65402.9959687564,55164.2364541541,67977.8014860850,44249.4741473430,34122.4268140847,13079.9685641893,27430.5052913785,29195.2539620535,80060.7907396545,36189.2544859028,110663.1494860353,27105.8926097415,34374.8512450835,65992.1930025602,54880.5334513015,75386.3483248465,61960.8955763273,13403.9544399316,47198.0019389398,46846.6939080777,59869.3678769308,62027.7843562219,31470.7097109239,82431.6357156596,62566.0895248244,15927.5690190296,72446.2799282811,29773.1263743634,63699.9324813544,66929.4983038452,56198.0594414917,75478.6011899661,1642.7625071270,80763.9356858133,78594.0299128473,75520.3936662658,67592.3980623883,42835.9235672675,51892.5242190388,14871.6674470837,83345.5246978874,58754.1606322111,1878.6302949356,50215.7429829006,35316.1615125826,25538.3968519703
1935,76072.6238762658,64368.7785881311,48372.2368166933,110641.7387350231,44791.9131313120,77036.8525809958,46801.9810592199,28312.6943319584,107401.8585970104,19163.9421630834,72548.2024954861,58955.9458404400,49353.4073165475,17983.8606873157,47115.1177231111,42286.8583770455,82161.6679914389,26928.6362038165,42141.1675329132,57403.0364744666,24931.5472563187,33147.1631294451,3326.4440438877,63087.6411764334,27299.6844647408,93981.8917690608,49042.6861972737,66455.6968393752,18404.9145755124,62893.3435841488,40844.9843314046,58170.7836629770,60302.9700808579,85664.3443144039,64134.1538893855,40239.0753446497,77078.4211179632,9998.6216031482,36606.0966934339,28264.7841396265,40906.6825706000,98129.5715433715,31696.2209309361,16557.1394793405,19382.8407825101,49424.8647257697,79895.7403429613,95513.9896712679,31670.2114477678,62294.4610486519,35807.0156054191,35428.9769654786,39743.5051971346,68488.8332158558,29908.8486330526,9186.9431259317,51775.1365470966,40801.6186216534,53280.9509359150,38242.0144787882,75455.8083007961,36703.7531795045,22212.8124378213,73028.5200290744,51729.0427284807,26911.9041840026,17917.8949789030,56472.6404316461,65383.4997106866,85630.6580196850,48748.8173662540,52631.1732066547,59118.3814841147,14220.6716928434,72855.3520119726,28702.1675250642,57222.5826609552,87539.4465408225,14574.7828436128,67767.7426786956,28022.4103523975,77369.9032744268,27577.6281272078,62478.3844684420,40549.9987048597,91595.6826122441,31817.5354948057,56390.3670260669,30189.9237843606,35945.7920193078,47250.2001179867,48816.6478166365,69426.6890899505,68225.8752125902,33988.0303629750,50526.9464362314,80940.7360561454,53861.0831868729,36069.8203071635,55775.2001520410,23646.0928718233,15599.4965343752,56891.9139040647,20743.4859283178,75551.1921510692,8.6916697040,35143.8298132814,68063.6125735487,11587.1885021629,22625.2001427151,82786.0083486120,60499.3817727014,98869.1892288857,12503.3352533972,42682.8952581593,73583.0817374655,37377.4741917182,534.1353557066,55649.8227462364,23419.4089273164,32701.8611183586,11590.5532644006,73860.0533170852,24676.9262468510,44673.2656536558,16053.2096703362,24412.0528754957,34935.6494184527,75343.0535981654,36771.3191148583,46569.1186471587,35969.4503053160,29456.8980054483,47376.6752526839,87266.3861464020,26578.7549204805,55007.6331878078,9978.1567708891,94056.4798704798,42532.2062146541,58294.8332381862,31116.9697869267,21084.6745725223,42497.0081376977,44257.7423048791,39682.2045388929,36081.5364684729,37224.7227694443,16557.0578477018,88161.1019206934,29632.6535011780,43447.8320918440,50268.5365222877,63849.6262907626,61926.7518777249,51785.9782244310,68170.2676453644,45268.7888520996,30625.7430038102,11547.1037228277,27881.9693223162,30152.2164501897,78735.6643368560,34815.6616061882,110884.9026090546,25055.0083687798,35159.2026558847,64880.7233129009,53975.3169490828,71953.4683512083,62590.7307097913,16183.5388212723,44084.2835327524,43484.0596770270,59402.0735154441,58531.8807887570,33564.0554737477,80464.6030531774,61164.1907406541,26605.9531327142,71522.6552134842,26534.3647711515,60289.6489671429,66504.1993712916,57077.6054700393,72111.5245815060,3465.0861066597,80287.0073803069,77651.3982384371,73264.9051395017,67501.6689779424,39377.9184080326,50283.7405677932,20821.4468761709,79928.7259182705,56752.7478671108,6564.0328043875,46859.4439237244,31909.4551464679,22161.8347744924
1936,80522.8015774342,57149.7541705434,54676.4274311312,109533.7259488291,41285.5201903188,84571.5918570665,45152.7616155131,34765.7479526477,109417.1584660865,11656.1605093165,72458.9215965768,51503.6002465686,52082.6590683814,23451.7247229186,54810.1349765298,36468.6475394888,84400.6864490678,27891.0944127844,34497.8209339496,64653.2171715385,23112.3853380914,26630.7835538888,11330.8255995095,60895.6696514601,34953.1046952465,97430.0653431730,48715.4722902658,69607.5750633537,14757.5227556682,70572.5764091287,48180.1770708068,50502.1164094212,64952.1477911486,86551.2132426230,65506.4998032883,47539.3710033505,75515.1982171116,10542.1014058826,40648.2888389708,22672.0082601712,37224.6684790405,99454.4773967543,29085.5158770995,24090.6200468201,23852.0826782481,42262.7779684100,83298.6365106203,97943.2754606419,24027.3262018652,61561.9780418563,28755.1893112927,34662.9144386897,40796.5007355644,75590.4237244039,36803.5252003342,1257.5023700856,49538.1096915748,39324.1813096080,54411.4555527509,33138.4113414582,76922.6899853204,44381.4229126911,15316.4946206394,78272.0909292151,55806.9696986164,34401.1880326393,13214.1636638852,64137.7636619289,72849.1392380894,89674.4654657127,55705.8962178851,44977.8431185103,61524.1252578637,21585.1323744542,75254.4752755377,31974.3755958039,49772.8605781569,90511.1529430432,15198.3601504305,71793.9917621491,20494.9276372455,84689.7616312561,23187.2469620702,62829.8387363595,43153.3141633659,93387.7239884203,28364.0217489476,63929.2841030893,35291.4359921702,43562.4400333007,54800.1637467911,56400.0155969780,77043.7555138172,66766.6416380640,33669.2782243225,42911.1094967210,80057.8679848810,61537.8988921963,31147.1092849333,54495.6131501584,21827.9644550831,18667.7042550694,49863.8274579985,27004.2424586055,76245.6929795810,9335.0679542789,42148.9324781014,72861.2678813010,7041.5038521925,29958.2279903707,84356.5016170272,64160.4089425767,100765.0746466120,18772.9628558679,35348.4569099825,72704.5093015889,33569.2038154736,14212.5276205388,55695.6758944961,16839.1570245600,34533.0563196100,14210.5748989346,76926.7294344236,17013.6412767689,36987.0529471635,8607.3685887969,20388.6228894656,27354.1298622098,79210.9907004144,43645.5978412876,47403.8492168362,29854.1065665729,22276.1375621094,46039.5578617045,90759.8345199255,20697.2234583734,58135.7023368130,8670.2728516415,97017.9905095502,42305.2936914948,55601.4923619973,38537.8959452172,28775.2162298254,50149.8524724562,47649.4002281804,37042.9339127888,33553.9757102992,29529.7868746930,16818.8014179076,90525.0774599714,22866.4605777607,51109.4215702208,47176.5021910045,71123.4760714480,69523.9436252746,59136.8353370856,67619.5978027601,43011.9157778885,38290.7003741453,15509.3553873362,27109.5231939753,28940.4000643254,81486.5238348830,37878.7610989655,110178.4547586867,29657.4670202968,33526.9097503144,67200.9295925052,55889.8719910018,79433.1415277462,61098.3849374996,10350.4760826873,50838.8703176698,50982.9289653199,60334.1451545374,66227.2397221621,28999.3325456338,84624.2975455206,64131.8579293207,19614.4782177849,73410.7782108082,33600.7903858923,67715.1055282679,67315.9985683458,55058.6047978978,79427.7194872727,5768.5480765463,81171.4145586069,79564.9101102224,78073.0253312061,67575.6770002088,46930.4079311830,53745.8233358170,18994.2054084197,87366.0720110585,61042.8260677515,1901.6541697337,54161.0811240932,39341.0969595182,29538.2771008258
1937,0,0,0,0,0,0,0,0,0,0,0,0,0,0,0,0,0,0,0,0,0,0,0,0,0,0,0,0,0,0,0,0,0,0,0,0,0,0,0,0,0,0,0,0,0,0,0,0,0,0,0,0,0,0,0,0,0,0,0,0,0,0,0,0,0,0,0,0,0,0,0,0,0,0,0,0,0,0,0,0,0,0,0,0,0,0,0,0,0,0,0,0,0,0,0,0,0,0,0,0,0,0,0,0,0,0,0,0,0,0,0,0,0,0,0,0,0,0,0,0,0,0,0,0,0,0,0,0,0,0,0,0,0,0,0,0,0,0,0,0,0,0,0,0,0,0,0,0,0,0,0,0,0,0,0,0,0,0,0,0,0,0,0,0,0,0,0,0,0,0,0,0,0,0,0,0,0,0,0,0,0,0,0,0,0,0,0,0,0,0,0,0,0,0,0,0,0,0,0,0
1938,0,0,0,0,0,0,0,0,0,0,0,0,0,0,0,0,0,0,0,0,0,0,0,0,0,0,0,0,0,0,0,0,0,0,0,0,0,0,0,0,0,0,0,0,0,0,0,0,0,0,0,0,0,0,0,0,0,0,0,0,0,0,0,0,0,0,0,0,0,0,0,0,0,0,0,0,0,0,0,0,0,0,0,0,0,0,0,0,0,0,0,0,0,0,0,0,0,0,0,0,0,0,0,0,0,0,0,0,0,0,0,0,0,0,0,0,0,0,0,0,0,0,0,0,0,0,0,0,0,0,0,0,0,0,0,0,0,0,0,0,0,0,0,0,0,0,0,0,0,0,0,0,0,0,0,0,0,0,0,0,0,0,0,0,0,0,0,0,0,0,0,0,0,0,0,0,0,0,0,0,0,0,0,0,0,0,0,0,0,0,0,0,0,0,0,0,0,0,0,0
1939,0,0,0,0,0,0,0,0,0,0,0,0,0,0,0,0,0,0,0,0,0,0,0,0,0,0,0,0,0,0,0,0,0,0,0,0,0,0,0,0,0,0,0,0,0,0,0,0,0,0,0,0,0,0,0,0,0,0,0,0,0,0,0,0,0,0,0,0,0,0,0,0,0,0,0,0,0,0,0,0,0,0,0,0,0,0,0,0,0,0,0,0,0,0,0,0,0,0,0,0,0,0,0,0,0,0,0,0,0,0,0,0,0,0,0,0,0,0,0,0,0,0,0,0,0,0,0,0,0,0,0,0,0,0,0,0,0,0,0,0,0,0,0,0,0,0,0,0,0,0,0,0,0,0,0,0,0,0,0,0,0,0,0,0,0,0,0,0,0,0,0,0,0,0,0,0,0,0,0,0,0,0,0,0,0,0,0,0,0,0,0,0,0,0,0,0,0,0,0,0
1940,75976.5355177839,63369.6950177346,50179.6319962389,109327.1414611758,43117.5452605056,78233.9438100660,47441.9224995705,28870.1981913232,106693.5070795229,17969.2979565911,71389.1990212986,57299.5563844956,48762.4607712240,19727.0917383330,48589.5466096237,41826.8068187655,81491.1355998386,25864.9560961835,40832.6250603813,58392.4772294296,25437.2348574747,31359.7185235926,3962.6277563999,61585.6478825001,28880.2324878167,93617.0797814143,47812.5374280675,65994.4069205210,16654.9077699558,64274.8739206499,41885.2648683150,56823.0279896416,60253.7491726668,84702.6058641651,63254.7570831931,41974.3102165431,75676.9542568436,10711.0175128893,36334.7125370032,27834.6723094425,41050.1211166765,97265.6011883601,30093.0172283433,17751.0049154238,19150.8172653335,48450.3615321121,79510.7510137041,94896.0508882667,30133.2555193711,61013.3501175850,34875.3459691616,36223.6292175560,38752.9246379347,69394.2091292370,31702.7962380061,7515.2613643279,50255.7305880074,39370.0469614880,52335.9538135744,36449.6436602991,74607.6408669315,38085.8914456126,20473.9628687113,73178.5257639634,51499.9882736132,28065.9069443105,17646.7216613972,58024.8952352911,66522.2511413284,85423.2186510727,49570.6025405460,51093.1866785514,58464.7620224707,15967.3579111700,72215.0282579329,28185.6388519128,56083.9139401692,87048.9890572713,13306.0878604873,67542.6521562196,26821.2778604597,78406.2629666864,25809.6856440713,61391.4528758541,39908.2040032232,90829.5929897045,31984.3709372930,57590.8430296682,30229.3777832569,37555.9144850438,48460.8580559138,50444.9771557214,70708.5245733639,66833.9124081712,32720.8078481117,49250.1201466150,79649.7752548100,55237.9207360407,35865.4961012602,54398.3692963025,22104.7210963329,16981.0535898497,55986.0878461049,21191.2778029503,74543.6279002119,551.3150253627,35982.2752551745,68067.1576831728,10851.7470676361,24365.2422956794,81965.7677766773,60165.7719500230,98130.0839399813,12898.3383709007,41612.6477113970,72287.7785569525,35666.2881096222,2910.1231343001,54496.9734908519,22646.4379645394,31852.5762078333,14038.8657916813,73383.8686383113,23170.4128074222,43189.3378759303,14451.8499693776,24388.4654269790,33692.3063923800,75079.9323750265,38564.4070182266,45551.4310800491,35398.1994795539,27748.9792119102,45978.8359022483,86909.8913820224,24772.6979670143,54526.2316810162,8306.4151502316,93567.0984012948,41306.1795768322,56723.8452341742,32825.4464461778,22600.8402887895,44069.2279603261,43825.6866668154,38094.1470803401,36489.9569624928,35779.3528754972,17406.3802033367,87523.6619507711,28811.0988696666,44795.7110427123,48643.2923910296,64854.9759486674,63185.7616627447,52839.5032662074,66925.8117870970,43737.7843564497,31982.8727137444,11027.2802038416,26513.5401042888,30827.4458949163,78184.6939692030,34270.8594531341,109637.5304868971,24906.8914051020,33691.0164671043,64213.9382522124,53200.7233669713,73103.7203806963,61188.7660719843,14386.9113262384,44802.3194384665,45157.5963446622,58425.4408616944,59998.9611740352,31794.1760597117,80286.9164925404,60650.3047139507,15099.4515560270,70763.4983096199,27398.2048732424,61397.3206708064,65511.6722521105,55593.7320815661,73144.9558094863,1272.4117461479,79321.1182977076,76903.1541558208,73275.4887054030,66368.0351864821,40590.8907188958,49882.1544688574,12661.8076251815,81046.6444980803,56591.9906622019,6382.8293299293,47879.0370211197,33017.2344783798,23223.1009242249
1941,76657.0043308435,62264.6094486491,51109.1104168823,109150.3399755222,42541.2812866543,79389.4571428028,47139.0084376574,29863.5181932019,106998.8828782724,16827.9365475090,71358.9202533125,56156.8501732624,49163.4318262439,20471.7247563521,49763.7779351921,40920.9136995452,81826.7309323538,25951.6843517268,39666.4646821261,59507.1626643305,25075.8679164784,30332.6911213970,5992.8444553136,61225.7096372156,30041.0505308090,94143.3622691834,47730.2009275427,66469.0778946050,15968.8993088101,65449.4460251186,43013.8013280534,55652.1531188987,60963.1566850573,84828.4408458745,63448.8669484446,43070.3971917136,75420.7053291154,10577.7782381193,36939.1057201855,26953.8009666363,40447.1388096518,97462.3103736689,29628.1450789760,18912.7246953765,19810.2026587106,47354.0385713714,80027.8245346691,95263.9158149795,28961.9542544929,60878.0411850485,33795.2831573282,36037.9496067626,38878.2801899658,70486.1006470579,32720.6046517234,7365.9297686305,49880.1760691825,39098.3704572650,52486.0484446321,35628.0918811192,74820.8293216308,39260.7544766550,19380.0126322215,73982.8800722948,52116.7922919767,29218.6702580914,16865.1628362571,59191.7317474013,67668.2669230075,86041.3391078976,50641.3640961256,49922.5894531037,58819.2528429461,17053.1083872099,72573.2759300693,28656.5705149699,54945.5769065935,87500.0275002002,13265.9443253596,68155.2588968224,25674.4927979293,79530.5491269558,25067.2000550887,61424.9609418418,40282.8973638024,91097.5867395833,31404.6762134889,58747.6371446845,31003.2782065844,38710.4994233402,49619.6657129319,51594.9276914881,71875.5258857226,66589.5871940212,32618.5726706023,48087.6316463066,79499.8906269795,56412.3803921881,35083.0466697342,54173.7889185246,21732.1909182835,17312.3409263618,54908.8143274242,22154.2135697836,74636.4015905055,2093.4864504833,37061.5967861813,68801.1078776982,9885.4958813855,25457.0377077718,82197.2318308607,60719.0815445677,98415.5854801516,13866.0041755221,40491.9428756759,72135.6526711893,35033.5917626955,5021.1561592039,54478.4620302149,21629.5678043923,32093.2183496885,11367.3780022524,73847.0361064178,21996.2402869732,42014.5237357461,13289.2240273615,23716.5552778627,32536.3340414916,75669.0503982352,39583.8044483217,45649.4864402788,34448.9823564085,26631.3203978442,45737.4922201216,87442.3116644760,23818.7806632818,54993.2945837142,7823.6182714897,94017.5871823321,41232.3416933199,56283.9418598211,33940.0473149016,23770.8559659062,45232.4107796776,44329.6384197077,37641.8684794378,36048.1746259097,34603.9157792461,17308.7921853334,87880.0320201940,27770.6012557927,45968.8819784683,48135.8121150566,65972.8942755443,64350.3250341992,53969.4591584755,66821.9292110237,43352.0913682840,33156.9057695553,11575.2423971928,26323.3672534072,30566.8356441422,78599.5040642495,34714.6072671501,109522.5974568691,25595.1017891063,33385.1502995902,64557.2300624014,53475.0463714817,74251.5302807730,60936.1105430314,13389.5104259463,45842.0968168643,46290.7674638372,58548.1148190437,61173.6204726053,31042.4601258522,80922.4890717589,61094.2944304978,15974.7662969158,71041.2836018664,28488.5071850239,62537.7344797762,65619.1024486977,55256.1697934219,74268.8593361512,0.8790663865,79445.0219689249,77186.7629492768,74011.6961091357,66360.8675932030,41750.6209733133,50400.3386725458,13831.7426858337,82188.1095047449,57243.8685994140,4530.3436519959,49002.0611319929,34160.9766730907,24361.2114592646
1942,77317.0825566261,61267.3502566505,51905.7389762233,109062.3219375747,42103.8537730203,80424.1367513880,46836.3708322174,30784.2308374430,107335.9787146217,15805.6895389625,71407.0609505969,55159.9500891721,49593.8477391199,21120.8768438717,50801.4381098783,40091.5138365245,82192.9442958359,26130.8272321218,38626.2529909112,60514.7309418328,24740.9670103034,29462.1978743680,7906.7132746142,60980.4446789526,31061.5560746183,94671.4851756339,47740.1142358058,66957.2523813646,15461.1999509969,66492.2202923539,44031.4571413177,54609.7925459281,61649.6257558812,85011.6695703306,63696.1877789235,44024.3087360402,75265.9677399263,10509.3598346485,37546.4315232853,26152.1385156247,39882.8066472728,97705.8505472338,29304.7740595545,19951.4937061038,20479.4772068978,46364.2366987394,80549.7621197179,95656.2165071124,27929.9491561668,60835.4845593220,32819.7800026649,35846.4060603114,39076.7303447890,71476.8930680099,33602.6846721630,5537.4254625612,49624.6800405582,38943.5243709552,52698.6382447845,34960.6559844374,75082.1407397679,40303.3764119084,18442.6786441008,74745.8682263549,52728.2935706213,30252.2424604035,16165.9116992337,60218.7550964015,68697.0884145294,86648.0546331455,51617.2836607038,48891.3760863885,59206.5926690020,18003.7773516010,72960.5961027237,29159.6507204029,53923.4604249952,87964.6774866724,13375.7977401082,68759.7250955730,24647.2069171381,80544.5588631422,24485.3350688767,61532.1132496737,40695.3197018546,91403.9730396785,30867.0073835865,59783.1695021038,31752.2073795604,39723.7585954050,50656.4120618101,52602.7633531413,72916.4433520505,66447.5780596339,32621.9576325375,47049.4132878559,79439.8770850855,57455.1942425378,34363.3934006998,54053.4653763400,21507.6083215474,17611.3432955721,53933.7961193661,23055.5012581676,74792.4313254900,3153.1897178610,38044.8754098455,69506.6669604912,9032.8025292852,26409.7225485856,82473.1452033770,61275.1203913729,98736.3019334751,14778.7928618709,39483.4409712318,72075.1100174941,34547.6771034247,10345.3660094583,54542.0361892224,20711.3779820307,32397.4893026751,11936.7078395872,74324.0231184219,20959.2799689156,40975.9294060695,12271.2965623356,23104.8509715756,31502.3778206863,76252.5896748633,40465.6842910897,45819.7810682154,33584.0818527895,25664.9313076492,45605.9084696672,87976.3626814166,23027.2469422632,55477.8886358970,7581.8585962697,94481.0211297917,41253.6284137377,55967.1117377228,34912.9430660317,24802.5225960160,46255.1826445321,44849.3627777038,37322.7568823196,35629.2431557284,33562.2917568805,17229.9740479184,88263.3108248625,26829.4270144782,47011.8043244499,47759.7478788052,66982.6145013799,65390.0892364048,54987.7855448098,66805.7389454333,43090.5642861759,34199.8105458088,12183.7404783103,26256.3369222552,30314.1937165620,79034.3606906627,35189.3260639494,109489.8239692077,26279.5713551403,33204.1129047799,64933.4137059774,53795.1099749874,75281.4554886593,60788.1603843072,12566.3252494473,46795.1480470706,47281.2289087481,58734.5270837678,62212.1184442260,30445.7353604372,81544.4539344234,61557.5737814728,16744.5796573748,71359.4516279959,29480.7037679622,63562.9511220943,65790.0825830580,55033.1858288702,75282.6644885123,5.5731392458,79627.4566161773,77508.7900394486,74718.4661303119,66430.6948298748,42787.9440441473,50929.6629738378,14874.0359869564,83213.8509329892,57883.3081953249,3106.7891491291,50015.7535668227,35188.9004258785,25386.0935581822
1943,77606.1834043529,60750.6206219850,52410.0704028706,108918.5616488673,41781.2440060883,80979.6519320923,46775.6585210416,31247.3394467692,107430.5343593887,15267.4570535873,71340.1718147801,54583.8179695160,49747.5409598633,21566.0343928316,51380.8366692123,39702.6848077129,82305.6761809386,26148.5545405039,38063.0898141184,61042.8230405787,24670.0136033829,28932.7304400282,8924.5393105215,60755.5001989110,31642.2168511685,94879.2284330408,47655.3348518780,67142.8664981110,15115.7053984481,67066.2209063844,44569.1193107344,54041.3198428708,61956.1984471893,85019.3098772189,63742.0447039253,44589.0227488532,75088.0267949990,10615.5480270758,37807.9294254961,25785.7066403652,39666.7253397381,97747.0276234903,29045.6180169752,20513.4577628507,20785.8623848686,45854.4196414420,80754.5197454147,95783.4189181302,27349.1979525947,60719.7962307640,32322.8987234833,35852.5552181880,39099.4301079797,71990.4907421849,34142.5340855886,4482.0960175245,49395.8619845637,38770.9727703487,52726.2635657383,34524.0349033547,75134.8902960428,40878.0004437844,17887.3234481671,75100.0162157418,52989.6092485324,30806.9187575495,15875.9420300358,60799.6964581674,69245.7391848243,86903.8086353691,52119.4192162156,48310.5673156934,59333.6983800138,18568.7384072871,73086.3035514064,29361.8556989781,53383.3075710737,88134.8681252091,13371.8453078086,69015.1786559761,24102.3057568035,81078.2653402362,24094.3031367618,61499.1112684358,40840.3679904155,91481.5113751543,30670.2944657691,60339.9012204890,32102.3651741057,40303.5607797368,51214.8551852915,53181.6445016902,73481.5824971720,66277.2624485206,32538.0967125246,46489.6379430496,79312.8936367247,58028.9977241556,34049.6249057609,53896.3944301910,21306.4267004747,17893.1888934572,53436.1131918658,23506.9351073809,74785.4848842262,4023.9553004113,38553.4409707166,69824.6189605992,8646.4628282122,26974.6273214827,82533.7074996559,61501.8765511877,98821.7428154401,15241.7243679946,38957.1079893829,71948.4249977082,34201.9132030107,10923.9525344617,54485.7352856193,20262.5115836879,32482.8319139196,12355.1278980695,74502.3898877394,20379.5304860051,40396.8949473561,11691.2972039506,22865.7402251466,30948.9862109107,76494.7839276464,41005.0387712488,45824.8281623963,33171.3233455347,25098.3355405860,45444.2714702040,88187.9831543184,22534.2792830659,55662.6315833823,9571.4947453218,94650.1663008902,41176.6632769693,55705.0110126030,35483.5731627617,25383.2273085966,46835.9872950655,45056.6828744761,37062.9650887196,35502.9642769988,32985.7412235813,17313.3842065042,88385.6223137407,26361.0630773517,47583.6712416938,47467.8845287527,67512.5345799688,65953.0844054096,55525.8656129176,66703.8223805648,42859.8049461056,34772.9717382358,12465.3161548430,26137.1808403006,30287.7484978072,79187.4856074394,35372.4702093179,109376.1311985571,26591.7683649956,33019.3706654862,65053.3701474094,53883.9839562599,75831.2959259572,60615.2621855431,12063.6256650703,47280.0737894051,47856.3785918243,58746.4250808457,62791.1544246308,30045.0356633525,81809.8095675494,61728.9705569776,17243.5941319780,71445.1719343239,29997.0311841242,64107.7870188209,65792.4152889810,54820.8296658529,75816.2277677465,336.1495383332,79635.0198650576,77596.2369137730,75036.8738520478,66376.3303700444,43347.2756402866,51141.6675097782,15443.0625658518,83759.0903276514,58161.1264776914,2677.9542296196,50549.5772065375,35737.0606804596,25931.5177142751
1944,82202.2303115044,53935.0220127471,58513.0025547125,108186.2274619639,39012.6240128689,88225.8589712579,45791.2646915580,37783.6323314883,109693.7524331457,8440.6941439701,71738.7068430241,47476.6931940475,52967.4970592025,27195.4343232450,58732.6851064406,34563.5012812761,84859.3605512831,28241.0636472710,30789.5092107861,68078.9437007784,24120.4453881902,22947.5318033054,14591.2417222945,59153.0177870808,38937.0271184778,98509.8753685578,48028.1674668795,70612.8419838768,13210.9856796172,74418.3512007841,51694.0997817891,46721.9271224143,66795.9315425387,86286.8900743578,65584.8841167411,51563.2590940190,74026.0612796418,13487.0609432067,42333.4193748930,21214.5766816676,36792.5344136268,99385.3140930887,27486.4244278776,27818.9153919540,26055.2558865499,39146.0814402283,84390.1311528160,98466.8250455990,20030.9009201537,60564.9983089243,25838.1170388853,35906.4441537525,40925.6464879614,78894.2032332754,40783.4449361389,1692.5948054478,47848.5804945644,38144.5006450195,54436.1548053373,30115.6881735056,76997.7010920736,48232.1400661213,11550.0994892858,80408.9980745622,57384.3709567427,38062.9460117849,13048.5279079853,68114.0603966275,76443.4310445016,91102.5339898198,58940.0010781377,40990.3183156643,62171.8534072646,25612.8191096169,75831.5908392407,33396.7583936566,46322.4734968353,91347.0054747424,16070.3190544249,73266.3928740050,17056.0328441434,88152.5812869417,20736.2531864031,62388.5148006310,44059.7052290853,93581.5171702089,28252.9736999421,67597.9738550851,37589.2373379136,47564.4558174029,58486.3785538426,60412.7948352022,80791.8922253029,65367.6241586808,33201.8444645082,39241.3869999868,78898.9016945677,65380.6539564973,29990.5710899420,53262.7181087242,20919.1047491343,21873.4611482001,46851.3554122775,29999.6829718838,75917.4837216089,11127.0414406616,45452.2626385066,74759.2396046960,6247.1108993107,33985.5746861795,84459.4557192177,65466.3773923486,100995.9927548802,21925.8035024561,32074.1402009691,71576.0125860317,31230.3139754495,18191.9836183626,55142.9070262604,14688.3780131309,35170.1604687829,18022.2977039572,77856.5275513635,13035.9945743615,33044.2162286320,5050.5091652914,20194.5650487971,23779.2755836728,80570.5380741874,47616.3863478474,47337.9266424534,27796.9987505870,18324.8665715432,44851.3662009805,91880.3479585621,17428.7473050740,59188.8509690401,9616.2468315238,97832.0845783170,41743.4085470889,53634.2757421014,42565.6700294373,32719.6178586656,54134.9469821560,48922.0034399456,35279.2411473440,33877.0709869230,25628.7913895769,19124.6075054138,91032.4775139728,20333.8877624765,54928.9296993833,45064.9046266314,74560.3969262329,73251.1361610714,62646.6945836135,66683.4154018805,41374.6440818891,42123.2918491692,17864.6798528061,26569.4116039909,30080.6994936441,82229.7401563293,39093.2792502851,109033.1152821704,31788.9368177936,32362.2567425842,67772.0726234693,56315.2964371389,83036.5196832941,59712.3959390101,10682.2536271049,53955.3291602954,55007.8907813443,60212.1240384412,70144.8893522548,26320.9689683908,86129.8962274813,65064.5701959960,23548.8122251735,73723.3372539022,36978.8839264454,71277.7801596093,67090.2863259090,53440.0092967233,82891.1345054083,8546.7771561494,80923.8627808255,79866.5322373994,79961.2630368965,66963.5294727373,50626.6029152107,55006.6462764267,22782.5095218294,90927.0970827753,62706.5544751666,6379.0642467127,57639.7607988329,42946.1969818627,33133.0412454952
1945,0,0,0,0,0,0,0,0,0,0,0,0,0,0,0,0,0,0,0,0,0,0,0,0,0,0,0,0,0,0,0,0,0,0,0,0,0,0,0,0,0,0,0,0,0,0,0,0,0,0,0,0,0,0,0,0,0,0,0,0,0,0,0,0,0,0,0,0,0,0,0,0,0,0,0,0,0,0,0,0,0,0,0,0,0,0,0,0,0,0,0,0,0,0,0,0,0,0,0,0,0,0,0,0,0,0,0,0,0,0,0,0,0,0,0,0,0,0,0,0,0,0,0,0,0,0,0,0,0,0,0,0,0,0,0,0,0,0,0,0,0,0,0,0,0,0,0,0,0,0,0,0,0,0,0,0,0,0,0,0,0,0,0,0,0,0,0,0,0,0,0,0,0,0,0,0,0,0,0,0,0,0,0,0,0,0,0,0,0,0,0,0,0,0,0,0,0,0,0,0
1946,74417.5605017024,65582.4558912232,48695.1345058644,109327.7442169055,43955.3421850572,75987.2066933291,48439.6482723351,26822.9074592106,105789.2394908946,20211.9676391252,71127.6178063619,59375.3472873717,47719.6137102059,18760.1622666267,46395.4206588885,43795.8677216320,80541.3001623199,25474.6851988281,43077.9070020437,56175.0859392663,26589.4495935988,33156.9218689157,6269.0928287338,61970.1421504308,26762.2603652633,92320.3973519231,47676.7529880317,64801.9505293319,17815.3576559565,62046.4372198614,39655.4746690155,59063.4958488604,58652.2750242649,84138.3594492924,62577.6684968942,40064.6797242259,75847.2100633340,11644.0980559957,34942.7366768932,29780.9769106299,42560.9940524668,96564.0550604633,30743.8763482290,15503.9124336363,17719.4842151628,50655.4220024098,78235.4643039723,93882.0672211214,32315.9572574498,60961.7779253605,37065.6018398571,37035.7044933352,38241.1495348769,67201.0612512087,30018.0731321004,9634.9726306513,50684.3069785941,39616.2921954316,51752.9858416797,37798.1456459500,73886.5993643204,35860.0540769432,22441.3466424048,71411.9196610065,50065.9285140647,25820.1885564588,19480.7496374670,55874.4210220320,64279.2507292991,83968.4854915829,47404.8015639372,53270.0115638610,57496.0917091165,14132.2754897913,71229.0221970120,27060.0462147807,58323.6429811611,85888.2342419023,13298.4397158250,66104.8758022508,29065.8478637623,76179.2192219992,27024.9167061761,61017.5290770892,38928.1112982841,89999.1907456704,33473.0517384485,55343.8907847492,28547.9350490616,35459.9385156933,46213.6991726239,48363.0656526841,68463.7191309158,66987.6018584374,32660.2181016964,51496.8977019877,79611.5288050078,53008.8713590673,37660.9258040368,54526.7416350725,22618.6047951745,16935.8906110436,58170.7390156667,19203.8504398869,74047.2356754672,1898.2739875710,33807.9821882532,66420.1070510202,12945.2279660218,22486.2136610720,81206.7121501661,58837.0219566729,97264.8323096230,10713.4308352159,43840.1827897431,72258.7542576784,36632.1090929707,3014.4674877219,54229.5709890039,24772.1602393648,31144.0064358717,14313.0135367149,72207.6281333793,25371.6898605469,45394.2890991670,16607.1876687560,26039.7817260614,35939.3122706169,73679.6297729643,36866.5974980005,45076.8388715737,37430.0777127823,29765.5163093536,46152.4837361196,85604.5843101334,26422.9626881600,53356.7108139018,9267.0012185286,92404.9870829982,41166.7912649070,57271.2239707120,30866.6382704279,20440.6457562287,41936.8672116924,42602.3693880031,38696.2231334409,37743.7796340496,37999.6706510624,18162.7716949402,86533.3249856658,30960.0072791651,42561.0696557927,49335.0751136174,62634.1670917282,60939.5443324410,50608.0695126007,66808.3548085131,44197.0190911015,29751.9441821597,16636.7399386991,26649.1140494213,31787.0777654212,77092.8981683180,33176.3655324264,109518.9287408795,23393.4677264295,34019.5651374481,63260.7871785769,52385.2427945766,70859.7667738633,61363.8872580312,16168.1036736561,42678.8153448028,43133.8881642883,57886.5955863273,57800.0262047839,33009.2787396484,78803.6949771275,59516.9863524651,13859.1844893682,69925.7083921259,25212.4478902774,59157.7539793984,64994.6081728462,55940.7567610276,70918.3465642389,4065.5680327821,78763.4132135172,76050.8399461756,71622.6397203539,66066.5700617749,38343.7104452050,48625.3958296832,18499.3821700547,78806.2272142009,55092.3244442180,7861.3895479686,45653.9843458150,30776.0630903671,20986.6053353090
1947,76988.9037967697,61029.8971858248,52864.6660134759,108157.5061270235,41098.5630388795,80841.6650381261,47527.4666065034,30864.7749190149,106691.7007056234,15499.0399058912,70571.8852037572,54406.2421566360,49036.0595707168,22123.5060752487,51415.8834456789,40220.4006291177,81574.2062366089,25389.4253219745,38177.3096809275,60807.5600896323,25420.1050937627,28546.0711095024,8547.8599535198,60018.0593428208,31759.6366809455,94198.1457740428,46887.3942991730,66448.5501000955,14450.4087267068,67037.2695015138,44366.4225505486,54121.9026953039,61356.1172698408,84257.2881742901,62988.3759688761,44855.4217859375,74334.7478370524,11380.2448347257,37169.5748901828,26335.0675918418,40348.0096661745,96991.8900628729,28323.2146756704,20418.8656765251,20193.2977726611,46153.6807073183,80071.7805544634,95058.0129583882,27294.8720285396,59954.3282279323,32656.6108348793,36617.6635201170,38340.8001664620,71713.5562256570,34507.9939624256,3892.8062339117,48659.8835648996,38015.8826022828,51968.4017720021,33957.6194929758,74382.9223506426,40857.6314273233,17592.8492906021,74549.9899233584,52349.5592987605,30672.3271283674,16508.3555465418,60889.6918555637,69079.9290169531,86257.7827990448,51815.4956200514,48248.2337527147,58608.9222683987,18840.3599452027,72360.5669224300,28680.9364492589,53592.0992105559,87431.1387161868,12609.9745719718,68369.4986216440,24302.0105645342,80858.9925948784,23472.7358954548,60732.1565169954,40125.0040247458,90736.8626596067,31364.7912889975,60208.8562612277,31552.5267899959,40442.7685553256,51092.7668647620,53335.4124768114,73391.8866502006,65521.9119666039,31770.0633654585,46619.5597650086,78548.9725520256,57999.1405611695,34653.2071977406,53137.8083570952,20559.1573435351,18600.2805104719,53763.7952854402,23106.4601192239,74021.2781984276,4997.2058484113,38267.8044258682,69235.4266747924,9191.2919851886,27243.0766391054,81783.8721485319,60834.7968016696,98079.7095308970,14870.5241976912,39212.4817656096,71184.4351707088,33537.3638604069,11100.8880839221,53717.5874920327,20697.4172962605,31742.4024157264,12947.4769528861,73803.5897663741,20358.9234482593,40381.9038585877,11586.8479900491,23534.3421736789,31111.7785101445,75838.4996281621,41371.2828236662,45062.7036128205,33657.4082384263,24855.6909461838,44686.6193275214,87509.5993122853,22062.3594064794,54968.2408713621,8062.3346019387,93945.7523539093,40408.4673395005,54984.6774653853,35716.5536329867,25458.0022003508,46943.4486530730,44377.2092318819,36341.1368959125,36232.6304748849,33005.0183372513,18080.7497785899,87658.1434201281,26756.9579299539,47539.7551485685,46764.4112856943,67282.2721568627,65852.1987231362,55322.9912477303,65937.0007153330,42124.5349710813,34741.6451248978,11856.5875014943,25371.7556993031,31047.9961736359,78474.7875820160,34678.6310008257,108610.5544747562,26002.4501864686,32267.4934824046,64325.2763426908,53143.8361984079,75669.7479038431,59860.5361562633,11616.3062681704,46937.7303205051,48053.0490546027,57985.3339332062,62818.9008416344,29434.0185296290,81171.7466555513,61026.5716866779,17712.8293899345,70703.5381707299,29734.3391959004,63927.8812607796,65029.6332485196,54078.4529185239,75596.8022022379,374.1723961627,78873.0116949837,76855.1243024742,74447.9028644636,65608.2196904531,43230.6584701913,50464.8962739870,15394.2647944644,83579.3800328861,57534.7216783362,4003.1695595189,50333.3419661575,35574.1462095194,25761.9917883903
1948,77305.9369979754,59116.1524760564,56240.5080481278,105992.1022483336,38201.3876469484,83361.3755859326,48831.2106072786,32598.8025531162,105774.0110827058,13651.2915243588,68806.5959118416,51231.4865699109,48548.5308864402,25411.9667552532,54385.2543686612,39500.8743468810,80782.2670472498,24234.0851130802,35722.1292950544,63032.7136513884,26781.6373032734,25167.7438505493,9608.1450986337,57508.0809083456,34897.1180089729,93968.8214205819,45066.3707127438,66115.9141236924,11526.6293326418,69854.8320593953,46723.0106686699,51536.6899639210,61817.8224734162,82871.5246165633,61838.3670775739,48172.1814539123,72025.9503356931,13722.4946286154,37414.5205414581,25892.6339362449,40800.3255735833,95779.7305625317,25711.4960859093,23160.0681791913,20913.4867544651,44347.7765672226,79838.3920070013,94338.4668957295,24401.4165181737,57955.3995106078,31046.3558784823,38294.1899890504,37127.0107918173,73779.7589394560,37885.5501830442,643.4423651574,46143.7293700310,35778.9159757148,50738.2670495076,30692.9977941740,73255.5898392543,43717.1474085771,14288.6930686192,75320.6697829172,52531.1984603858,33265.1852850506,16779.1449888636,63960.3815660097,71523.1533470154,86343.0611429020,53804.4407995775,45299.9440915298,57936.6330913403,22173.3414335186,71656.2447656279,28606.6172092417,51424.0345912329,86976.0998873144,11595.6360665349,68477.0501659664,22206.3380174800,83122.1422001529,20346.7387060763,59155.7243038425,39619.1076050733,89733.2858834573,31986.8952291196,62762.5399846812,32436.7403397181,43606.4406449843,53681.1526694075,56514.6077606105,76051.6227017694,63254.8091060522,30005.4522501818,44196.1086133421,76477.7128823919,60820.0693083964,34508.9659251739,50946.5464476049,18264.7284991607,21464.1164810454,52060.3427468273,24816.9386178295,72566.7492475550,8296.6724096059,40355.1861324073,69760.2885911653,9195.4853519786,30567.5999040937,80692.3804751499,60771.5724777147,97115.5177720327,16811.0655629578,37250.9309547826,69120.1929727473,30560.1251405076,14366.3457989436,52030.3071794241,19678.2542064673,30927.2218020895,16185.0742973778,73414.7245847877,17585.7317547527,37555.5977599241,8696.0751247371,23982.0823759033,28841.7485986276,75848.5447168164,44748.6521947327,43725.8858717497,32789.9273713961,21605.2669789359,42487.2290726422,87310.9744309977,18691.1338700018,54654.4981459992,5637.8969994320,93478.3167120454,38645.3245820878,52319.2042550565,39003.7760325119,28534.6133455417,50051.7262805513,44238.5952809940,33707.3270088868,37226.0658156504,30284.0750304161,20226.8036880429,86916.2487041615,25473.2782423298,50336.0826702161,43983.2526244948,69518.1394020155,68486.1177492380,57662.4333934698,63999.5540354512,39608.7070355806,37585.6462762584,12672.6836097853,23460.5659400302,32591.4233912031,77926.1966814819,34437.3881097794,106588.5049848051,26676.8673668115,29989.1052624685,63599.5338237507,52259.4324386190,78121.6182686107,57586.5871949280,13612.9922386060,48784.9010128899,51293.3805686103,56655.6419665585,65766.3592586251,26271.9590750645,81325.6963255938,60616.6601287699,21080.7043311625,69768.2506561492,31934.0635305123,66331.5304827929,63636.3197326301,51629.6762797536,77862.8653621842,2101.0895134054,77491.7329772273,75921.9040923623,74967.8274345060,63913.0941884560,45844.9779650382,50334.5542553159,18275.0787191817,85970.2704601771,57811.5851732363,5635.4934765878,52635.9457036271,38072.1956481061,28275.0313634835
1949,0,0,0,0,0,0,0,0,0,0,0,0,0,0,0,0,0,0,0,0,0,0,0,0,0,0,0,0,0,0,0,0,0,0,0,0,0,0,0,0,0,0,0,0,0,0,0,0,0,0,0,0,0,0,0,0,0,0,0,0,0,0,0,0,0,0,0,0,0,0,0,0,0,0,0,0,0,0,0,0,0,0,0,0,0,0,0,0,0,0,0,0,0,0,0,0,0,0,0,0,0,0,0,0,0,0,0,0,0,0,0,0,0,0,0,0,0,0,0,0,0,0,0,0,0,0.0000000000,0,0,0,0,0,0,0,0,0,0,0,0,0,0,0,0,0,0,0,0,0,0,0,0,0,0,0,0,0,0,0,0,0,0,0,0,0,0,0,0,0,0,0,0,0,0,0,0,0,0,0,0,0,0,0,0,0,0,0,0,0,0,0,0,0,0,0,0,0,0,0,0,0,0
1950,71467.8495850671,63804.5349074816,57767.5144421034,100869.0559394350,34601.5752822034,80209.2406190022,54652.6123940619,28338.1357602478,99774.6256553036,18916.0317493199,63256.8055110620,52921.3623905911,42504.2420369525,28112.9606654801,52634.3860435243,45296.8937316184,74755.4787384986,18272.7861618060,39689.6430079289,59341.2161710248,32552.7585472629,25424.8306993287,13473.1362272182,52937.5249099488,34045.3458392837,87946.7519578098,39565.4277258017,60082.8761344361,10585.3451901585,67525.1316921925,43402.0178770444,55105.3687478360,56072.5810231981,77053.5336759419,55904.0907360752,48221.3294641714,67108.9709250197,18697.6678918107,31600.3005502697,31837.5995149639,46843.4352895297,89877.8216233179,21459.3145522742,21270.9124490694,15627.9458530384,49235.7713974393,73817.7676786799,88302.9482413501,27538.0741751716,52638.8796710318,36238.5755755491,43885.5281297511,31206.0492957267,69760.4328223850,38839.2634082888,7744.8097144904,41602.2293072188,30785.8356303263,44833.0803663852,28775.6466583856,67315.6561535994,41703.5022066821,16082.9547797610,69763.8180807792,46653.8505276758,30673.0289878582,22821.7716158809,62531.5430514591,68239.2880842830,80403.8790184006,49741.3366857680,47944.4791803821,51893.6578381548,22853.4860761229,65617.3458051455,22676.1196472541,55773.7759552419,80930.7858567949,4217.3223065728,62554.4885150249,26958.2992477911,79432.6164469324,17878.3493219607,53453.8713520675,33575.3521699610,83755.0440879400,38008.5205421255,59769.3311078832,27127.9375670710,42750.3882330373,50827.8598725856,55620.5771739529,73262.4197079429,58280.4204216751,24448.8322225982,48146.7657861876,71242.1604056646,58546.4150242254,40511.5874555305,45872.0446990284,13449.1639669740,25603.5536076071,57034.1154322487,20694.7825569874,66787.0760490885,11562.9322126923,36576.0678153825,64042.9861500845,15238.0123773472,30926.7009807208,74740.9604197569,54796.7404873689,91127.1168791913,13508.2624441895,41989.0843784784,63877.3893150905,27282.8138420111,15050.3838986269,46411.7945728763,25422.8718223441,24890.9147043757,19360.0224175765,67374.5852227384,21273.3809827183,40648.1271701748,12762.7062728536,30018.5894876170,33222.8444664316,69888.4912373293,45623.9277832300,37868.7342923190,38530.9297559307,23372.8931344174,37430.7568015763,81295.3428979010,18281.1739157148,48626.9634759609,86.6163131194,87432.3634545826,33089.3371880161,48071.5545193325,38920.8062148367,27566.8168284808,48876.8399414986,38255.1452832007,29449.2682290561,43164.6956290172,33754.0531845126,25403.5245797366,80882.9296908128,30994.9286230045,48064.8702479195,40033.4643067145,65819.6299531789,65661.4782215350,54224.9579983819,58615.5112404478,35081.9816711934,35608.5680519413,15695.3679914805,18058.6429523670,38267.1363575159,71879.3790896345,28439.0040187018,101294.0553850157,21240.5132291409,25073.4211385413,57561.9548777985,46243.9136829755,74833.4433768268,52625.3835381643,9332.3193237135,44525.9759540348,50773.5870865857,50800.8958005260,63869.1882741173,23830.2046841081,75413.9237723181,54576.2130863743,23197.6995352862,63768.4352777294,28497.9286945849,62983.9023783274,57818.3836062633,46955.7690761992,74193.8437462453,7112.4426637572,71670.2751263497,69922.7034935622,69242.0471065897,58303.2189836921,43124.1445299223,44347.9320934067,17083.8186955358,82529.1691248939,51971.9624922185,11450.9556727066,49155.9078898269,35166.6851786878,25608.5269670130
1951,0,0,0,0,0,0,0,0,0,0,0,0,0,0,0,0,0,0,0,0,0,0,0,0,0,0,0,0,0,0,0,0,0,0,0,0,0,0,0,0,0,0,0,0,0,0,0,0,0,0,0,0,0,0,0,0,0,0,0,0,0,0,0,0,0,0,0,0,0,0,0,0,0,0,0,0,0,0,0,0,0,0,0,0,0,0,0,0,0,0,0,0,0,0,0,0,0,0,0,0,0,0,0,0,0,0,0,0,0,0,0,0,0,0,0,0,0,0,0,0,0,0,0,0,0,0,0,0,0,0,0,0,0,0,0,0,0,0,0,0,0,0,0,0,0,0,0,0,0,0,0,0,0,0,0,0,0,0,0,0,0,0,0,0,0,0,0,0,0,0,0,0,0,0,0,0,0,0,0,0,0,0,0,0,0,0,0,0,0,0,0,0,0,0,0,0,0,0,0,0
1952,81697.1377850475,53076.0748074064,61805.0435452906,105405.2185052312,35842.2425040658,90013.8530090883,48383.8893175131,38827.2253774900,107977.7816930417,8556.2238073981,69369.8025030953,44657.4868355585,51846.4006003074,30542.9605872365,61093.0026783143,35339.8515674402,83311.8713064487,26879.6534460532,29209.2404872670,69539.0040980715,27017.4824252139,19546.2913118940,16281.1514212997,56203.0211879320,41512.9200829519,97448.2063754222,45739.9541471379,69536.1160479188,10781.8077957566,76580.5970643273,53318.7524129928,44908.0674766836,66479.5926323814,84204.0654037845,63785.6855895726,54495.1460026680,71192.6267850343,16945.5140583181,41974.9404831761,22594.7133274176,38759.4840270571,97425.3936669972,24728.5339344855,29885.2010667386,26369.7201498943,38494.9493822440,83358.7229866998,96951.7864466097,17676.6424986704,58040.2121474184,25593.6759583688,38840.4908971085,39263.9390500960,80167.6411119820,43890.9038723679,5004.6814317452,44947.5203896778,35577.8271339149,52629.9016653797,26697.7161673027,75172.3419230821,50442.0379246062,8188.8353049357,80347.5968444190,56850.0277817185,39962.6222953498,15576.7816244614,70626.0833773026,78145.0369286197,90354.0397288259,60159.5641312881,38577.9772126694,60823.1208806915,28481.8665678238,74393.0153702019,32878.2880974693,45131.4454037436,90091.2783425736,15485.0873599979,72590.3222237193,16217.5203711707,89639.3085068080,17558.4053942528,60224.7710759609,43002.8501681341,91820.1699076926,30505.4424443940,69433.7153124639,37857.8873305200,50198.6449416746,60367.0064757962,63090.1243687062,82753.0577420963,62595.0155791734,31154.3349898338,37688.5319442596,76247.9432586430,67546.0266853816,31476.0315120366,50609.8086454535,18720.1929731540,25331.4851002358,46298.9361302893,31084.6964183923,73805.2398094290,14092.3465198582,46806.7894056925,74475.1998396707,9179.8539993010,36884.7307260339,82642.7756219973,64662.1773154917,99254.0911440868,23304.4490554504,31249.0354346404,68952.2018063112,28051.5298300207,20842.3794930916,52922.0440915258,15645.5194271255,33959.0329765966,21325.2209133724,76700.8115542113,10913.9855945422,30837.1928807604,77.7343831461,22509.4767541023,22542.8447748008,79778.6132547889,50741.3744605125,45493.2418043253,28503.2801957605,15205.4030531613,42250.6141964675,90862.0920744839,13979.8495161172,58185.6634219043,9645.1894529932,96550.0894925686,39569.6266043646,50579.7456056880,45411.0595393977,35191.7346299576,56691.7462656524,48152.0369056837,32377.6571188568,36345.7853639374,23606.3602950696,22490.9059951039,89514.0829667237,20676.1827837000,57061.4303806387,41955.9693256443,76026.0892142687,75181.7197188530,64239.5054792413,64185.0647377649,38520.5347397474,44311.0392606010,18530.9392162217,24543.4727792992,32995.2419712537,80912.6192643724,38336.2150373964,106366.2159424843,31950.7458174802,29840.7362777698,66346.6695544381,54808.9187184291,84745.2713141107,56956.2422968374,4253.0428489453,55040.5742628726,57786.2195913942,58279.7915804185,72480.4903433029,23015.6280153140,85458.8090559098,63941.3781579048,26740.7472704410,72082.7375686259,38474.5440683481,72936.4362770159,65066.6109002787,50565.5033663516,84384.5275177639,10600.4350986450,78860.0987897238,78206.1986095457,79657.2873907893,64674.2249243371,52541.2437112196,54198.4718571462,24991.8020077668,92560.6395700672,62233.3441490982,9621.6611026032,59197.4199949487,44736.9062915474,34955.5854218746
1953,73713.1057749028,62448.1853977854,55953.0795201481,103679.6696922405,36991.8064516574,80583.7735713851,51831.4779171216,29324.6568723454,102523.8897559601,17124.5747919048,66108.1968828223,53179.5623208533,45108.3959932378,25820.7289496254,52246.8027519542,43100.9880261818,77470.1131053646,21071.6551683010,38743.3139138563,60013.0969890745,29726.2444202765,26250.7113610197,10491.6403434226,55627.2117121235,33179.6547694752,90465.3530409523,42413.3927364592,62634.9418243091,10584.7312660433,67448.8172071692,43840.1789205798,54403.1845006733,58218.0318747870,79887.2906003546,58702.7174534503,46989.8804493032,69879.6832046362,15863.2661687247,33821.6036728360,29473.2024625697,44195.7297831023,92687.4134150236,24020.2797532545,20843.2129517779,17342.6979115003,47742.0968536410,76333.9319496157,90997.7159420572,27003.1247422507,55471.3419550348,34528.8641516623,41035.6265840687,34016.3997206256,70636.3486502972,37210.6102685055,6171.3349622060,44277.7758235308,33556.6440006541,47645.9603769476,30536.2622448198,70110.0833321730,41428.9198805717,16094.2649388958,71730.7839329019,48947.4028429934,30672.3988017960,20189.2778458765,61998.1070510849,68681.0861721784,82776.1536974891,50631.4716729149,47721.9848307458,54567.9703058129,21253.9991022951,68304.8123254985,25047.1825861455,54622.8685724041,83536.4951242708,9778.9561772243,64904.8813777617,25521.0380797295,80114.5537669258,19782.3004000608,56303.3858354078,36179.3719439734,86523.9892848222,35311.1272678984,60041.9527904098,28874.5743251460,41912.8838501547,51013.7553427744,54824.4897832158,73433.8867558597,61060.2051168128,27297.9323791238,47222.5318524635,74066.5884774303,58432.4043205031,38053.8937435692,48666.6181250450,16138.7598306358,22918.1389041419,55487.4440962272,21566.1260785998,69627.9688698753,8946.0751600925,37274.3611904236,66160.1336300678,12624.7461642180,29511.1172087609,77528.4317281653,57225.7889457672,93887.2478588510,13798.5779563743,40586.1230339268,66701.9938562903,29544.7688171202,13345.2564735837,49264.0033311265,23275.0613374726,27599.2277743699,16875.9702319156,69951.8655287152,20411.0596757311,40179.7780938429,11588.7735098318,27356.8752931838,32024.5010080441,72292.3421509135,44043.3613758123,40697.8208781054,36388.4549146999,23487.5108942398,40218.4820175408,83799.1248692187,19331.1753628830,51164.7154985232,526.4074744607,90043.7458615438,35939.6524642919,50674.2380041079,37724.3770858428,26725.6705420298,48202.2782353466,40702.2293791974,32032.7998137225,40390.4805349890,33067.8250136696,22560.5050014705,83583.6618902372,29037.7988363969,47935.5650897161,42542.2719333824,66500.0037764488,65846.7287953024,54743.6212330248,61455.9234927112,37747.6480749749,35299.2904596482,17554.5375400816,20888.7469823333,35424.4335333631,74516.7193186255,30917.5701297226,104127.6147958064,23091.8260512412,27821.1555009223,60254.6214938958,48980.6470264971,75281.5921074840,55401.0885598241,9439.4306774872,45535.3573723927,49798.1903656796,53628.4636215948,63568.3510994877,25769.4521512028,77748.9894854668,57156.7782909891,21067.0605552257,66520.3427713748,28969.8697032505,63458.3230901704,60653.4237633452,49667.1790664313,74861.3417733017,2106.9944144497,74503.6272225756,72674.4957574242,71367.6699067669,61155.4265790081,43225.8213946251,46799.0395324950,16255.8212251221,83068.0947626497,54219.9974067509,8623.5829698949,49693.9610165389,35352.7274400945,25626.9655454551
1954,0,0,0,0,0,0,0,0,0,0,0,0,0,0,0,0,0,0,0,0,0,0,0,0,0,0,0,0,0,0,0,0,0,0,0,0,0,0,0,0,0,0,0,0,0,0,0,0,0,0,0,0,0,0,0,0,0,0,0,0,0,0,0,0,0,0,0,0,0,0,0,0,0,0,0,0,0,0,0,0,0,0,0,0,0,0,0,0,0,0,0,0,0,0,0,0,0,0,0,0,0,0,0,0,0,0,0,0,0,0,0,0,0,0,0,0,0,0,0,0,0,0,0,0,0,0,0,0,0,0,0,0,0,0,0,0,0,0,0,0,0,0,0,0,0,0,0,0,0,0,0,0,0,0,0,0,0,0,0,0,0,0,0,0,0,0,0,0,0,0,0,0,0,0,0,0,0,0,0,0,0,0,0,0,0,0,0,0,0,0,0,0,0,0,0,0,0,0,0,0
1955,0,0,0,0,0,0,0,0,0,0,0,0,0,0,0,0,0,0,0,0,0,0,0,0,0,0,0,0,0,0,0,0,0,0,0,0,0,0,0,0,0,0,0,0,0,0,0,0,0,0,0,0,0,0,0,0,0,0,0,0,0,0,0,0,0,0,0,0,0,0,0,0,0,0,0,0,0,0,0,0,0,0,0,0,0,0,0,0,0,0,0,0,0,0,0,0,0,0,0,0,0,0,0,0,0,0,0,0,0,0,0,0,0,0,0,0,0,0,0,0,0,0,0,0,0,0,0,0,0,0,0,0,0,0,0,0,0,0,0,0,0,0,0,0,0,0,0,0,0,0,0,0,0,0,0,0,0,0,0,0,0,0,0,0,0,0,0,0,0,0,0,0,0,0,0,0,0,0,0,0,0,0,0,0,0,0,0,0,0,0,0,0,0,0,0,0,0,0,0,0
1956,72238.8618190615,63203.1910881841,57445.3762180662,101605.5747636266,35121.0613199732,80547.6085692436,53835.4244528707,28819.4193415643,100601.9986664560,18206.3270091682,64041.2641042421,52731.9529452304,43324.9746123174,27611.9327772287,52755.5487272104,44526.0214511903,75583.1026402394,19096.9985516171,39177.9640112050,59754.5618882088,31737.8622906909,25387.1061134857,12895.3410612116,53598.6016494828,34017.1531849432,88759.1323284151,40341.4756792043,60898.6823376066,10897.2683654045,67738.2269229210,43749.1913528985,54658.7617901986,56824.7493607819,77867.0593221994,56727.4592174568,48087.4413252074,67817.3008049741,17939.9698227531,32363.1694112930,31039.6754506844,46017.6146491549,90698.9830998461,22051.6708932600,21357.2346709177,16272.5531097334,48601.5399708551,74629.6534354009,89130.1153127510,27120.2549201801,53394.6524784026,35555.5491828906,43086.9045523503,32027.6594316827,70227.7849769684,38574.3708325750,6945.0185222305,42255.2329562365,31493.3668165290,45653.8468073895,29050.1636795434,68139.5708286814,41852.9703935497,15789.0643460909,70482.4406356168,47431.6226484533,30892.6876988712,21996.0334169967,62612.8093141082,68593.8850125160,81195.9589707303,50208.3352899945,47620.5005621589,52719.8050724065,22586.4969589662,66444.1858220462,23462.9904007096,55218.2878147549,81752.2578446633,5785.6560889822,63342.5789124165,26327.3587218114,79851.6721740213,18194.5174867496,54254.6633982274,34395.7296579286,84581.4760321238,37180.9120837357,60076.9371989729,27791.2356464071,42735.4442952502,51109.5315114747,55622.3987069707,73544.9829631469,58994.5780202239,25227.5023992831,47643.4333894453,71990.2261669152,58747.0692687848,39702.7340464710,46596.2476985533,14104.6925277189,24937.8688736887,56389.8429940302,21137.6934180993,67596.6005060261,10920.4085284401,36988.6589447886,64790.4453910042,14412.4744645568,30726.3257251519,75565.7336287185,55596.4478856218,91954.0558461541,13775.3122901802,41372.8291679986,64625.6047446833,27746.5965019533,14734.7663429605,47202.6985759559,24655.4966978036,25718.1671480416,18779.7761244528,68193.2062677736,20766.8013646957,40256.3782251423,12164.1372775201,29191.8392669478,32648.8698577380,70685.0492589665,45377.2750086568,38684.7452684124,37767.9164578852,23123.4311966645,38149.9505280358,82105.8272365465,18302.4527120404,49440.8125845503,52.2202148813,88254.3758880678,33870.7122241611,48688.3508859391,38794.2207226806,27540.4614936947,48912.9009132360,39056.4480835240,30054.6611101370,42339.3954657670,33303.0523591996,24636.1316173467,81710.2647659108,30262.4586813972,48258.1553024397,40605.7562013155,66236.3850473318,65946.5367347361,54597.0207337653,59380.1884680459,35729.2785955565,35744.7160205818,16538.9534353340,18812.0493469384,37460.5042459381,72703.3480035439,29243.7426634312,102050.9451818939,21923.1104706072,25765.9073046492,58388.9624443710,47071.6058990409,75190.7193875566,53336.7586455507,9028.3482097112,45021.4189101955,50719.7655614619,51617.2612058560,64018.0332075805,24166.2625875401,76200.0411855746,55394.9417668763,22752.4503084230,64595.7741884729,28844.8962130982,63346.2153311696,58631.4327175873,47628.4517380866,74608.5181668218,5780.8788815285,72484.0269745805,70750.0331708347,69991.4085467671,59094.1488331353,43379.8590566009,45150.2560663081,17043.3176386725,82911.3462094808,52742.3356264501,10638.9181553030,49531.6516363364,35441.3701098954,25828.2278024091
1957,75991.9954486940,58477.1848355571,61053.2893159116,101508.2136126101,33188.1741675016,85672.0412132158,52716.3458769944,33853.0983241034,102701.1409402503,14239.8250238981,64779.6215696243,47725.6682805275,46237.2091000475,30422.5070995283,57706.6325133416,40990.5301021624,77917.0074412368,21349.4845356565,34208.9245259119,64854.8893208006,30875.7946336646,20759.5471151016,12622.6338269141,52752.2149050394,38696.3136540362,91830.1410248440,41050.5387036632,63918.0453363794,5290.0671096745,72800.6618048258,48873.2055096474,49586.3403224780,60785.5432989916,79257.7327766643,58569.8236648325,52444.5598864680,67432.7932924948,18636.3242513393,36282.6556182984,28012.1057207231,43810.6265124658,92354.6406347627,20947.8994768634,26291.4907963483,20950.0265602944,44018.7184590100,77729.5318751984,91538.9051041589,22020.3793541491,53695.6431001550,31260.1755132057,42575.5933754925,33933.2959940426,75277.5044088964,42488.6789572710,5398.5395041887,41399.3360099559,31342.2179724875,47418.0002429843,25658.6035905239,69979.7259871510,46850.1954225374,10694.7335912285,74693.5453215078,51144.8853559623,35970.1852876907,20058.6133744073,67492.0779683460,73717.3335897098,84665.6155047720,55258.8363227244,42499.2981294886,55312.0252018633,26599.3433920814,68932.4084868384,27175.6085941544,50349.4802955268,84544.0852584608,11698.1406426618,66892.3287933197,21771.6629478552,84948.2779558668,15262.6995749349,55371.9824928002,37368.6594717558,86576.9933569959,35282.6731579101,65197.4871931597,32358.7944951432,47429.5998002724,56221.5971015743,60341.2543723609,78656.2781493608,58711.5799356415,26177.3433669140,42655.9301086665,72110.6629516390,63798.5967881281,36855.0470633885,46502.1291116659,13962.2733855597,26524.3538136973,51847.2639783839,26213.6066285859,68891.6671159812,13274.6467320135,42088.8752661617,68783.6115185347,12761.0622469538,34918.3560493393,77443.5709898628,58978.7581030442,93996.4273623086,18890.4257572735,36719.3924959002,64770.3631912322,25513.5314743524,18690.2516262005,48140.8858999437,21206.2620566111,28370.7326416057,21228.5846224848,71111.3683181405,15798.4646969429,35141.2098456588,7578.5061849138,27223.1448046645,27849.2880078196,74095.4412847120,49340.5055523344,40313.0826935119,34161.8162332011,18062.0549207621,38060.5743933411,85230.1923750761,13947.0598215587,52542.8769031486,6167.7990051143,91015.3439945070,34736.4836295198,47444.7050643122,43195.1746741552,32242.1350245628,53712.7753169230,42460.2448206454,28890.0196214737,40864.0119441024,28236.1942149351,24975.2806573648,84102.2488017028,26373.9434760893,53304.5672841295,39035.1486722152,71334.4875193144,71059.2377255698,59716.6732856487,59792.6771631815,34879.1803279589,40728.3569029054,13497.0357189167,19546.8526828486,36791.5030649864,75391.4412312734,32639.9536956302,102244.5451292802,26422.0884791341,25543.8056299488,60876.8936143966,49381.8123794018,80313.8356129846,53045.7017144879,6115.8173818146,50033.5158440243,55305.5094278012,53181.5229269382,69005.6704794736,21188.8247266556,79761.3336641785,58337.2239840984,25956.3267326516,66747.5239385015,33968.6454122734,68468.3531944031,60058.7835221061,46935.3915954439,79708.1452610624,8349.4665687436,73893.6562023091,72885.9026859141,73962.8204079480,59976.9607701079,48479.2414048088,48513.4945320834,21767.6640949801,88028.0599917997,56528.9644881615,10727.3801598007,54650.0829536681,40552.0351287656,30908.6008487747
1958,74389.9916030831,61635.9868222821,56417.0611202911,103797.8086890315,36798.9439969341,81397.2522615868,51470.7812629449,30145.1805333674,102973.7918684728,16341.2474028670,66344.6735029509,52430.4836118535,45653.1457180192,26123.0235172128,53000.7662063126,42400.5136293432,77948.1644127065,21470.8228458206,37919.5134248797,60835.9854597253,29377.8707076424,25602.2111207456,11715.3703243343,55615.2173470467,33873.3881403924,91052.2010391332,42629.3739707150,63206.0240910969,10260.2356815162,68232.7634970391,44657.9647020893,53582.4069563536,58918.0275301004,80227.0122530187,59100.6607037052,47608.1022148026,69945.3102664078,15730.7966025436,34499.5817299189,28817.6929875115,43668.6620559939,93069.9879401680,23935.3380431749,21606.8957726052,18103.1254167598,46937.9987071325,76921.3473774476,91490.2657170135,26191.7878379532,55635.9741144908,33743.1061900666,40760.3289703713,34399.3885152231,71459.9474794380,37737.5701184312,4702.0228610483,44257.5415035501,33632.0302270716,48024.5495898471,30107.0327265985,70513.1389633502,42197.7945479242,15339.2826851315,72467.3811883371,49609.0923100386,31468.7535810531,19649.4693220841,62732.1484017157,69497.7572616466,83416.6616187759,51454.7669599867,46926.4009178544,55073.3269416437,21806.8638824966,68801.9811104041,25680.0059710361,53801.9359901360,84082.2386990254,10535.6620666844,65551.3312701837,24709.7697589897,80937.3512802180,19418.4443798207,56591.9004682721,36723.2003162465,86955.2128351996,34817.0963862789,60851.2588842369,29638.1406285059,42606.8998007080,51818.8173430051,55521.3312659989,74236.4161093369,61138.1660537685,27524.7222892530,46398.7419352630,74211.7235431216,59213.8773062481,37433.6793512031,48766.5282389570,16159.8206072230,22978.5318015008,54688.2127640797,22388.2345087971,69949.7713044525,9113.5717171825,38097.9400205004,66867.0456905646,12069.4941699304,30098.6591686422,77939.7219608756,57845.6932222738,94327.1052591663,14618.2603314750,39775.1988764016,66848.2154676954,29298.9119433542,13893.0367646879,49520.6974658275,22557.4478166633,28079.9341774944,17094.6620752957,70511.4634393218,19589.1993467312,39369.3390144329,10764.9783845834,26837.1326833934,31203.7392911159,72921.9470607220,44579.4985398760,41049.1817727509,35674.1013093418,22734.2071990985,40311.6724246718,84391.9611043160,18739.8491248333,51741.4166656148,923.2404619593,90586.6515588019,36170.9748265498,50597.7019364219,38354.2447069694,27428.2650431850,48919.4236996752,41313.7965952729,31953.1324117483,39965.2999356291,32248.8713593943,22392.4131871825,84071.9353136169,28285.0057570864,48717.1530657905,42409.8755302150,67322.9211853955,66650.5723304106,55563.3720394727,61640.7523969845,37722.5496343960,36066.4722654611,19174.3066510634,21062.1353442326,35116.8130793316,75044.9883805395,31515.4073691721,104290.9884567955,23837.7866509742,27875.4717083564,60748.0687762509,49440.8792623212,76098.3034675412,55475.0259211272,8724.6271987585,46356.4101702008,50465.7805560371,53981.9937421944,64330.4447385634,25404.6243847615,78400.8556980608,57714.1655392577,21447.3560592496,66967.7293741596,29790.1731233064,64276.3538023636,60990.8176984797,49675.7580384258,75683.9724156998,2633.7026147046,74844.4032986745,73122.0194370172,72073.0872025041,61411.3955139424,44026.4642261317,47409.9797308583,16975.6186752435,83887.6965409875,54894.6455615272,8290.0855524154,50514.4507019174,36160.0010237795,26426.6475774863
1959,76603.7211600870,58489.1236340176,59341.4402091862,103225.3125066280,35050.8517059241,84951.4522941696,51159.5952700912,33476.0238452163,103946.0090864002,13641.3323804864,66343.4345358661,48850.8533877064,47187.7228323744,28614.2728265662,56590.1200195900,40212.9948209938,79083.5049434021,22459.1649359937,34518.3079996272,64307.7827286785,29241.0675428448,22252.5212436905,11482.1180107475,54548.4360900838,37383.2756730858,92743.7035017650,42601.5765481842,64841.5133257398,8566.7768077064,71834.5415763173,48190.4426957647,50089.1169235642,61285.9902330354,80684.6386187913,59870.3364307560,50955.9134107996,69181.2396927435,16784.2805870651,36788.3774658776,26989.8624854476,42525.2118962244,93719.4211530699,22738.0147469359,25204.7394812018,20965.5422735814,43898.8551972799,78627.7401747093,92686.0805261015,22635.0651952144,55334.3609613935,30913.2601533387,40895.3928838542,35186.8168670122,74857.2242872610,40862.7287423490,2423.2725798031,43190.4966613761,33030.8178493198,48730.2436727704,27475.2722890066,71287.3584824916,45797.3697523825,11759.5930192671,75055.3623319223,51765.4606644870,35063.1646914898,18636.8647853843,66299.1940352240,73035.8522273024,85411.9263255538,54841.0340743812,43331.2554942572,56382.7006716139,25033.0574847695,70045.6933107167,27766.4915437115,50517.0041696480,85559.6953964843,12882.3038344806,67597.0435363995,21622.0321626219,84409.5570588158,17127.7319602403,56850.1293295099,38285.4838008105,87847.6383976176,33895.5122893978,64421.0683310359,32467.3932888747,46114.3823594485,55399.6279337225,59031.1661924036,77822.0290859749,60443.3163259803,27647.4864189575,42991.2819478024,73788.0465647803,62815.9557091995,35778.7384011023,48199.6088367946,15577.7428116143,24654.8859097507,51694.8303935576,25759.0323516375,70337.0065751261,11474.8953406925,41551.7121270585,69269.2685342660,11206.3635667908,33389.4674159264,78744.0646222674,59753.3854883139,95255.7405325311,18145.8922692064,36661.3579453129,66441.0605303491,27381.5053250885,17146.3903791037,49652.2119305333,20351.3823565613,29381.1291533926,19401.4674668476,72076.1975771722,16128.4453067775,35807.2780525147,7450.8894092990,25837.7417663638,27939.9501397679,74864.5859793005,47721.2900316877,41652.3468646833,33411.4579950426,19153.2143523656,39749.2704281909,86121.0972647975,15595.8335858978,53427.3776774412,5452.2059303315,92043.7766382254,36245.7232548035,49274.3264751954,41734.2867955539,30955.7083066011,52463.7763763058,43212.9404156160,30700.3005525704,39376.2316351164,28739.5975376749,23161.1877377612,85252.5770398757,25763.2303098074,52319.2157635129,40883.4201355378,70793.3541593719,70233.7469551918,59079.3951250359,61415.4030152648,36664.3375334057,39665.3965304003,13140.7573661318,21034.2697393787,35131.4784609044,76440.3393558098,33381.8321308871,103917.4287715557,26575.0153528319,27231.0211146552,61985.8658744283,50538.4209246520,79635.9251881473,54775.7452677817,8264.3401283226,49686.4548382716,53920.8696688363,54551.3004393749,67925.9001493457,23045.8053489364,80465.0745255717,59286.4592853602,24209.4415570661,67964.6426552011,33304.9176670758,67805.7364020477,61467.6165852537,48712.2686560385,79160.1718677682,7494.7088064949,75313.9083974212,74110.6837540743,74461.6526056586,61508.7850436085,47615.3760438128,49289.1037353259,20534.1322115551,87403.5126979256,57116.9318105918,8881.6314443558,54023.6754084952,39736.0706315521,30017.1172901001
1960,0,0,0,0,0,0,0,0,0,0,0,0,0,0,0,0,0,0,0,0,0,0,0,0,0,0,0,0,0,0,0,0,0,0,0,0,0,0,0,0,0,0,0,0,0,0,0,0,0,0,0,0,0,0,0,0,0,0,0,0,0,0,0,0,0,0,0,0,0,0,0,0,0,0,0,0,0,0,0,0,0,0,0,0,0,0,0,0,0,0,0,0,0,0,0,0,0,0,0,0,0,0,0,0,0,0,0,0,0,0,0,0,0,0,0,0,0,0,0,0,0,0,0,0,0,0,0,0,0,0,0,0,0,0,0,0,0,0,0,0,0,0,0,0,0,0,0,0,0,0,0,0,0,0,0,0,0,0,0,0,0,0,0,0,0,0,0,0,0,0,0,0,0,0,0,0,0,0,0,0,0,0,0,0,0,0,0,0,0,0,0,0,0,0,0,0,0,0,0,0
1961,0,0,0,0,0,0,0,0,0,0,0,0,0,0,0,0,0,0,0,0,0,0,0,0,0,0,0,0,0,0,0,0,0,0,0,0,0,0,0,0,0,0,0,0,0,0,0,0,0,0,0,0,0,0,0,0,0,0,0,0,0,0,0,0,0,0,0,0,0,0,0,0,0,0,0,0,0,0,0,0,0,0,0,0,0,0,0,0,0,0,0,0,0,0,0,0,0,0,0,0,0,0,0,0,0,0,0,0,0,0,0,0,0,0,0,0,0,0,0,0,0,0,0,0,0,0,0,0,0,0,0,0,0,0,0,0,0,0,0,0,0,0,0,0,0,0,0,0,0,0,0,0,0,0,0,0,0,0,0,0,0,0,0,0,0,0,0,0,0,0,0,0,0,0,0,0,0,0,0,0,0,0,0,0,0,0,0,0,0,0,0,0,0,0,0,0,0,0,0,0
1962,79629.0042336723,55645.4260968470,59725.5715610433,105247.2900950969,36338.9511878904,87281.3805376292,48796.4914711685,36169.4421143018,106719.4136331566,10621.1361950066,68721.6120549098,47229.6344875787,50137.3969222383,28613.9427373707,58414.9456556352,37199.9001091998,81917.3915964921,25321.8750044448,31912.7287400409,66825.7431117251,27063.6353647047,21546.2988913922,13549.7914265039,56298.0276524486,38904.1203566433,95710.7305250979,45007.6090147995,67803.4874516055,10241.8790025874,73867.1942152903,50590.7643298707,47636.8202746403,64310.8475093235,83267.3652516457,62592.9969203525,52051.2750925315,71111.3643517665,15671.3436903976,39814.1988772894,24054.6165713314,39786.9101652246,96375.7902551102,24569.9509316334,27171.0824264030,23899.4198297054,40994.4125497235,81599.5352980198,95533.8089700516,20396.8674404726,57567.7550982848,27930.1864954114,38822.8827363541,37950.4750913046,77479.8273155400,41597.4300880308,674.0546113039,44973.7458886782,35161.6005314261,51441.5032557549,27903.8736931436,74003.2620948372,47739.0486041153,10413.5288818160,78063.8468837368,54789.7886526946,37232.3962516127,16071.0172312344,67984.3667538031,75414.7150870609,88422.8309195444,57477.3931046116,41276.4393849575,59275.8244671057,26031.6457723339,72914.5998168720,30791.0875800721,47777.5622960452,88483.4589361165,13386.3666679748,70613.7800367566,18732.9749735234,86924.7813564743,18122.8498300443,59365.6386522756,41246.5438716898,90598.2861015051,31273.1255275058,66700.9129330090,35420.1466459212,47605.5561268318,57634.9429774945,60508.3318904476,80022.9959711325,62432.0075973381,30180.6525549268,40392.4164534815,75924.9436407966,64833.9145171055,32875.8559956977,50294.1983592784,17899.4432456016,23896.1381809093,48771.7139078689,28413.5764323443,72896.3060258867,11800.8393837228,44102.0185268064,72293.0562056895,8916.8371176903,34437.0233892830,81466.9004459325,62757.7381894409,98016.5473091020,20586.0737510291,33794.1895976287,68596.6217741690,28579.2836859774,18301.6624925707,52119.9787826974,17349.1685321208,32300.3487308894,19351.5836935904,75022.2938158295,13645.4637301643,33563.2190245120,4595.6844554140,23215.6914327147,25179.8763928644,77870.8566180777,48457.9102413445,44336.6967879848,30393.1802650408,17650.9923934508,41873.0088968077,89095.6834711719,15454.7722766715,56401.9192453179,10890.1904812435,94961.4446952670,38720.2857141440,50848.0104452968,42920.9921055732,32554.8238169111,54068.0742768646,46220.1459693968,32415.4896925442,36896.8189251576,26339.0836294061,21674.3048521480,88097.9321182261,22737.5139613646,54346.7533849394,42327.5169098633,73312.8150125725,72450.6717722865,61514.3202203519,63681.1718652423,38482.0977822256,41606.4987637619,15930.8728402107,23547.8876940545,33010.2820958663,79346.7355419277,36389.5118404904,106060.3754734093,29546.6873155477,29373.5658309413,64856.9426775407,53377.5575716491,82014.8442178464,56772.6371123023,6590.8108174485,52381.2603833565,55252.2183261391,57202.8938493424,69795.1460564874,23852.1664469484,83482.3564641064,62238.0222538188,24576.7160791130,70760.1193633169,35753.0196893253,70207.8610424408,64073.6896268838,50549.5056748311,81669.0187726264,7939.6951337115,77905.2596144608,76900.2195491681,77486.1520218686,63942.0760334364,49810.5359935918,52292.3873222936,22303.9275640192,89834.2033344645,60142.8317989309,7911.0550395952,56474.3135507274,42004.0746701449,32223.4502891254
1963,83382.6021130263,50760.3082368938,64396.3487455383,104931.1458963424,34840.2042555608,92767.7732043092,48828.3348019257,41380.8043271198,108687.3495759923,7594.3298810904,69449.8604810371,41821.7925621410,53137.0183359757,33069.3131682354,63940.9311744126,34144.2342063140,84194.8767452803,28107.8129358613,26611.0151480277,72206.8993979073,27953.1391958345,17171.4467484959,19074.0209635292,55533.7779999595,44362.6965243336,98719.0360899669,45968.2176427755,70825.4901270715,11354.4874807514,79408.0262327828,56042.3233502370,42198.5547960123,68305.0106272194,84576.0262536142,64467.8481642574,57292.3175881436,70675.1409282698,19110.8343405599,43826.4831460552,22028.6040862745,38573.9891473534,97909.2424753130,24500.2440844872,32711.9642880428,28659.4645288822,36324.4469027461,84665.5911048671,97850.0995156810,14861.6444860692,57955.9249580965,23747.5792920086,39757.4501200838,40148.5575433438,82768.8568798660,46617.8583064740,7977.3585940593,44383.3803748733,35520.6799040610,53331.2462872592,25043.8948027326,75811.0765853577,53278.5876102352,8873.3294178644,82313.3139470327,58550.4313788278,42756.7502603399,16262.9895781821,73478.1309515431,80879.5329312899,91863.5779475279,62752.2255231795,35737.5217143501,61910.0065115762,31289.2002517303,75381.5083850851,34668.4819328368,42666.7756084347,91214.2605710837,17426.3767630932,74169.3814970185,14123.3612384180,92308.9363946544,16701.8758202336,60548.6081750092,44371.0243316209,92500.3964681088,30664.3340617450,72203.0820370798,40075.2444309859,53045.6254302274,63148.6164929405,65934.3610726626,85546.3486115257,62177.1175209627,31718.6460187321,35081.5667084008,75973.9911208561,70374.8483410712,30894.9112118901,50380.7836789677,19282.8219979905,27539.7688769920,44162.2011247120,33670.4506345653,74159.6897718220,16858.2941377704,49456.2419477427,76311.1403662718,10834.4121747648,39687.6093934732,83280.3254818772,66162.2084341498,99946.0355097804,26003.8916450325,29010.5325915181,68723.3483356346,27074.4634996816,23681.6123488314,53202.0084164959,14895.0759922084,35252.1269164707,23906.0568305062,77918.5564687818,8217.6613056364,28034.4398730316,40.6549279047,22824.6739853404,20137.2485761252,81267.2005331313,53459.9418155313,46181.0458301659,27307.8272014982,12462.0958393179,42117.6233035500,92171.8061193922,12237.1539671230,59551.4038554820,12056.3028278521,97645.9726902811,39949.3919186054,49749.1669455771,48228.4012236231,38043.7697069232,59542.9112015223,49712.3711508843,31869.1827711011,36697.5035988407,20863.6390911848,24244.4979348361,90416.1330813251,19310.2023219345,59887.4486418995,41051.0003100103,78693.2187040412,77970.1321907524,66949.0172220769,64120.9311500744,38052.2704460024,47146.4293663602,21027.6570125154,25194.7924650687,33913.1785129838,81994.7988972463,39940.6992105159,106044.9992787894,34136.2382268018,29880.0005517559,67358.8422454338,55775.8798536651,87480.1150581906,56572.1777640929,4086.8385289907,57588.1443762853,60617.4920034741,58845.0166293980,75326.2162910372,21776.1851112515,87027.3359678708,65203.8435218996,29414.1569535569,72897.3108054321,41175.3443822350,75660.9574154208,65526.4980496352,50025.5543202414,87057.6514637328,13449.4028327758,79258.0127536813,78994.4309630509,81475.3834648154,64852.3875211223,55332.3113840508,55716.1091990146,27835.7475025321,95273.3980362839,63964.3863063382,12171.7034681809,61899.3264234639,47505.9573886946,37738.5179830312
1964,81209.8064802027,52713.7404216974,64452.6564499338,103053.7261586123,33215.8947038082,91391.9992873488,50689.3107532599,39714.5907079257,106478.3283445230,9778.3631649653,67367.3963753239,42541.9597835888,50909.9763018876,33252.4900653663,62967.8925361615,36378.3556420917,81968.2520145414,25880.6580415121,28342.4931854726,70672.8577176155,29558.5606029391,16830.9471757339,17903.4934088130,53738.5482988380,43593.8060992961,96488.8071084324,43840.3418122323,68597.2139185216,8473.2541078091,78277.0784222626,54616.6365842523,43738.9526436436,66171.5538169684,82422.3404585223,62259.5774755850,56841.7998543243,68812.4285357138,19771.8365556448,41709.7374115667,24185.6365006308,40653.1733029674,95734.3719922163,22494.5424718493,31619.0989835604,26778.2347950712,38370.2853896266,82437.9515013169,95622.8213886801,16211.2821732469,55921.8362727417,25920.8324432478,41383.0280727954,37918.9721567746,81135.2701363491,46391.0667728197,7472.1249872451,42533.7953613320,33468.0597880566,51119.3324275597,23884.4205202357,73609.5694907422,52213.7702616425,9474.2786155393,80225.3720274337,56385.1205241161,41519.3112927047,17972.4479784135,72614.2776875881,79463.9887298704,89657.3380898379,61115.8057369941,36875.2050499387,59675.5183762764,30824.3402700637,73149.0484665247,32538.5966036064,44512.7589470028,88979.8034563209,15389.6444888109,71975.9544176655,16244.0199532141,90771.0936426069,14966.6008872534,58402.1830651973,42152.0785006400,90294.3909491819,32626.5447607488,70872.4776100148,38128.8756678110,52309.4768693016,61855.9272805766,65220.5038191607,84279.3249840209,60269.3206647016,29518.8993452630,36786.3794321392,74011.2695795758,69254.7545597841,33062.7197762917,48394.8998679879,17073.7711489995,28150.5156539654,46218.4015193828,32055.3274708773,72008.6373175490,16584.4989851758,47907.6534963573,74179.3959710367,11933.0652780414,39228.6086993437,81079.5380162657,63956.7112352157,97738.8751537213,24580.5662166708,31029.6707087472,66742.3686073008,25428.4089458902,23066.0738800336,51063.9559330323,17074.3261827970,33027.9960000843,24009.8023464357,75686.2947817538,9941.0204071938,29370.1601967728,382.1420867075,24716.3275470719,22069.9422574311,79058.6508940084,53250.4069416906,43969.5519716457,29541.4997745031,12893.4707340207,40094.0343032713,89944.1314089334,11151.7090340111,57330.1321713943,10382.3770798716,95411.5211797696,37785.3518223432,48035.0458905567,47698.0250723201,37209.9195521442,58731.2130079745,47519.6825248413,29985.8687294842,38590.6126824388,22383.8977915459,25291.9181573220,88188.4184203242,21544.2098204404,58758.7228051101,39374.0846447871,77155.4586037816,76690.5827109247,65489.4414644426,62081.7129104852,36156.1686366121,46079.7866019900,19351.0485661498,22980.3017057769,35534.2016142793,79760.3896257790,37759.9522624326,104104.1943573630,32178.0736080125,27793.3723743821,65125.4671135268,53543.6094708129,86063.2202368424,54648.7856448283,460.9005890326,55900.6558292440,60004.2151643470,56652.4932530797,74322.5915906195,20291.6496942592,84830.8540735735,62974.1683224191,29331.0242744867,70675.5852004704,39720.9136353898,74226.7383149742,63353.0360507567,48167.3398580801,85526.8769324863,12627.8237717752,77098.3724558105,76775.4788735234,79337.4504087704,62742.0915271475,54072.8984123650,53514.8469221248,26866.3955320866,93810.0918897807,61805.4926977266,12364.2256496050,60428.3977380558,46191.0714433575,36474.4340801664
1965,0,0,0,0,0,0,0,0,0,0,0,0,0,0,0,0,0,0,0,0,0,0,0,0,0,0,0,0,0,0,0,0,0,0,0,0,0,0,0,0,0,0,0,0,0,0,0,0,0,0,0,0,0,0,0,0,0,0,0,0,0,0,0,0,0,0,0,0,0,0,0,0,0,0,0,0,0,0,0,0,0,0,0,0,0,0,0,0,0,0,0,0,0,0,0,0,0,0,0,0,0,0,0,0,0,0,0,0,0,0,0,0,0,0,0,0,0,0,0,0,0,0,0,0,0,0,0,0,0,0,0,0,0,0,0,0,0,0,0,0,0,0,0,0,0,0,0,0,0,0,0,0,0,0,0,0,0,0,0,0,0,0,0,0,0,0,0,0,0,0,0,0,0,0,0,0,0,0,0,0,0,0,0,0,0,0,0,0,0,0,0,0,0,0,0,0,0,0,0,0
1966,73448.3709475109,63790.6361773111,53545.1850705728,105256.2127118914,39158.2237041525,78700.4949192720,50989.5235963034,27930.3105677511,103179.5262577335,18269.0466136869,67413.3313943667,55420.4272177775,45464.1264350438,23572.0819599033,50032.0673903857,43616.3879598021,78039.6279045580,22018.3936922551,40424.4063784496,58322.2554097575,28896.8935216933,28648.1615263783,5958.0395509942,57490.0188094492,30833.5989995142,90610.0100344507,43794.1266788166,62862.9445376801,12933.2703513185,65349.7376705577,42030.3326584359,56207.6276384834,57841.5565239892,80899.9927303075,59553.3911183272,44570.9783400461,71581.2975744951,14523.3253680240,33607.3809260662,29797.8497096326,43936.1025738416,93565.0378548906,26046.3997078945,18674.5888817547,16710.4939235622,48992.3601801065,76483.6557300479,91508.6916822339,28958.5184046950,56961.6603030539,35619.8658731912,39957.8966765809,34954.4642960330,69070.2813994304,34779.9821901891,6644.1857433674,46164.0595513863,35271.2539880008,48569.9034597750,32935.4473559227,70935.1870283087,39268.5717384176,18330.6796576377,71124.5153730696,48784.1637534071,28658.2648052083,20078.9705914999,59727.8139238181,66843.1159687176,82685.7776991015,49099.9705513327,49781.4793161600,55058.7620203096,18820.4370553495,68812.2165688087,25092.8768517538,56133.1932029780,83851.3462882670,12603.3689815082,64798.1961365595,26899.2619701265,78413.2756734679,22143.7998730922,57477.8649829456,36558.4075322274,87248.4984474334,34949.6943150789,58117.7886221467,28144.9125042442,39566.7763236093,49053.6799056138,52482.2689916441,71447.8342632682,62740.3852787136,28687.0961060990,48900.3590714136,75590.9417618058,56322.6845192153,38189.4966885809,50309.2034578653,18018.0993043405,21080.6627774126,56677.7641001036,20146.1606896784,70698.5764578471,8269.5425071309,35643.0474648053,65737.5478556832,12684.7982911284,27080.5125715246,78322.5502777073,57249.8259084456,94579.8824393115,12099.2062270335,41929.2189102751,68227.5877184594,31783.7620969550,10912.8225121352,50531.4188284189,23948.5278500087,28241.4238173893,14772.8188352983,70220.2965933881,22225.6640263619,42132.9722612328,13334.3814208277,27121.4665127671,33553.6520899150,72259.0471509704,41610.9904135556,41715.1021000195,36994.4403331068,25723.3597010598,41885.1877992497,83921.6186673965,21757.9933542097,51382.6258287540,4397.1696983688,90366.5324182691,37293.6336718185,52654.8899312002,35311.9333005028,24394.7020520797,45895.9857646353,40789.1994236590,34035.7745641650,39775.6709617240,34921.5985708871,21255.1432734856,84113.4948204087,29898.6730829194,45828.6817344263,44617.9868474907,64807.9962262089,63872.4481155879,52964.3849146679,62893.4098840530,39649.5173015309,33134.4055510885,15341.1757009888,22432.5886227625,34453.1866380513,74904.2777634054,31092.6496234138,105599.0252476294,22518.5616411263,29590.7508654213,60782.4713743877,49638.5884843122,73442.6718694496,57093.4491945199,11763.5514315233,44100.0245624138,47417.8519261236,54620.2668158442,61379.1112983385,28127.3233559900,77607.1145846211,57445.6931155318,18734.5177342756,67203.0593911833,27225.7568002211,61643.5507466163,61685.7368197554,51495.0507639328,73154.4419344192,775.9681898873,75516.1636881246,73352.2874448600,70949.8500737714,62413.2303398666,41233.9133581511,46877.2035205310,13962.6282824006,81277.4725497161,53983.9646792077,8057.4465265316,47933.5534640238,33421.0078197084,23642.3207874988
1967,75349.6316892220,60989.4520037300,55911.9587246959,104828.0064201065,37636.8667499167,81742.6961556552,50384.0379344091,30739.1035128771,104054.9184581810,15581.9308268201,67415.0371738387,52395.8045120623,46706.1246837408,25431.4510962975,53080.4628391556,41469.8840197752,79023.5426368758,22556.8362645088,37439.9563228386,61294.9746671487,28292.1251867400,25839.8123148297,11474.9313173996,56580.8412779673,33794.8965348125,92084.4156052509,43695.4069899685,64246.7599943193,11013.4236908321,68418.9474934903,45047.2616293252,53180.3329279053,59850.7310800858,81313.1279159679,60187.1906491504,47359.7792269642,70952.4274037592,14709.9323175355,35458.1859121055,27836.3687136820,42606.4708802181,94157.1112689954,24862.6562202740,21739.7208894825,18940.8458108118,46248.5803237832,77953.1470475833,92562.0286866213,25893.6380070718,56685.5751061442,32984.7676496802,39684.6119704571,35486.3925630475,71984.9518628403,37334.1552381621,3129.1225765157,45219.7005143668,34647.5382488761,49111.6946281138,30698.0167850660,71599.4156995138,42332.0397389942,15320.7855348017,73345.9464143558,50584.2270496879,31722.9510331509,18591.0069536250,62748.7038067740,69871.7037387085,84410.9653242243,51994.0323252387,46711.9094640108,56141.0225525271,21462.2831075546,69872.2884455681,26679.9752784025,53233.3206810549,85135.2609297613,12693.7414263914,66540.4922698750,24065.2874246700,81392.0582879482,20101.3198799634,57672.6403304805,37776.3214849840,88038.9655427812,33744.0329882893,61169.0476556799,30466.3902480120,42524.0562950942,52111.7263708041,55440.8479822807,74510.9741872424,62151.7665154483,28594.7496377485,45918.9565993352,75253.4956694012,59391.4095793700,36422.3449979389,49791.0996170134,17156.7100667639,22068.5929721728,53976.3011797745,22964.1993454022,71034.4978502017,8330.2505690192,38584.5031618539,67790.6598859706,11016.4643261405,29803.5182965795,79025.4432751788,58856.0183543277,95409.7442303004,15052.9292686933,39123.5775279634,67890.6549097045,30093.0426618615,13562.6690532646,50595.9563573509,21652.3876493158,29153.7215928073,16329.1247664573,71558.0391195756,19187.3668622915,39069.7486083521,10306.9885580697,25771.6391799966,30638.2547411650,73925.0462460551,44187.4007802619,42136.0520658861,34763.0956142121,22705.0381149573,41334.1912786638,85420.5635289718,19100.1976544987,52779.0029622705,1900.3148123491,91640.9327834361,37241.2735382697,51522.2488643532,38133.1356160407,27377.2930620382,48892.7836107998,42329.8108623952,32880.0186985838,38880.0255234954,31877.2446569845,21351.9788981308,85144.8044373437,27442.4584930580,48897.7507695091,43295.2363960072,67781.8466324866,66933.6033390263,55971.9086152788,62696.8264589955,38683.0449091264,36197.6493498092,10716.2286620920,22118.8077348948,34035.5486066010,76105.0326507199,32540.1517210872,105338.8421749099,24702.3136472653,28882.3786416866,61819.3418957366,50519.7886224442,76471.9110607301,56487.1025707668,8865.6774100753,46939.2008173913,50318.6151993706,55068.8809308785,64434.7253059390,26078.4210283858,79385.2304147136,58761.6515284363,20853.6280518691,68049.0949056375,30214.0291532871,64664.3078570150,62076.8590577251,50654.1086944147,76135.2615846643,1421.2502606640,75930.6022624127,74203.4037585131,72998.6495476996,62486.2091121893,44296.6984513528,48426.5281031426,16987.3114425210,84291.1009314811,55856.7080530920,7209.5085960401,50933.3977748246,36471.6268776134,26701.6878266877
1968,0,0,0,0,0,0,0,0,0,0,0,0,0,0,0,0,0,0,0,0,0,0,0,0,0,0,0,0,0,0,0,0,0,0,0,0,0,0,0,0,0,0,0,0,0,0,0,0,0,0,0,0,0,0,0,0,0,0,0,0,0,0,0,0,0,0,0,0,0,0,0,0,0,0,0,0,0,0,0,0,0,0,0,0,0,0,0,0,0,0,0,0,0,0,0,0,0,0,0,0,0,0,0,0,0,0,0,0,0,0,0,0,0,0,0,0,0,0,0,0,0,0,0,0,0,0,0,0,0,0,0,0,0,0,0,0,0,0,0,0,0,0,0,0,0,0,0,0,0,0,0,0,0,0,0,0,0,0,0,0,0,0,0,0,0,0,0,0,0,0,0,0,0,0,0,0,0,0,0,0,0,0,0,0,0,0,0,0,0,0,0,0,0,0,0,0,0,0,0,0
1969,0,0,0,0,0,0,0,0,0,0,0,0,0,0,0,0,0,0,0,0,0,0,0,0,0,0,0,0,0,0,0,0,0,0,0,0,0,0,0,0,0,0,0,0,0,0,0,0,0,0,0,0,0,0,0,0,0,0,0,0,0,0,0,0,0,0,0,0,0,0,0,0,0,0,0,0,0,0,0,0,0,0,0,0,0,0,0,0,0,0,0,0,0,0,0,0,0,0,0,0,0,0,0,0,0,0,0,0,0,0,0,0,0,0,0,0,0,0,0,0,0,0,0,0,0,0,0,0,0,0,0,0,0,0,0,0,0,0,0,0,0,0,0,0,0,0,0,0,0,0,0,0,0,0,0,0,0,0,0,0,0,0,0,0,0,0,0,0,0,0,0,0,0,0,0,0,0,0,0,0,0,0,0,0,0,0,0,0,0,0,0,0,0,0,0,0,0,0,0,0
1970,0,0,0,0,0,0,0,0,0,0,0,0,0,0,0,0,0,0,0,0,0,0,0,0,0,0,0,0,0,0,0,0,0,0,0,0,0,0,0,0,0,0,0,0,0,0,0,0,0,0,0,0,0,0,0,0,0,0,0,0,0,0,0,0,0,0,0,0,0,0,0,0,0,0,0,0,0,0,0,0,0,0,0,0,0,0,0,0,0,0,0,0,0,0,0,0,0,0,0,0,0,0,0,0,0,0,0,0,0,0,0,0,0,0,0,0,0,0,0,0,0,0,0,0,0,0,0,0,0,0,0,0,0,0,0,0,0,0,0,0,0,0,0,0,0,0,0,0,0,0,0,0,0,0,0,0,0,0,0,0,0,0,0,0,0,0,0,0,0,0,0,0,0,0,0,0,0,0,0,0,0,0,0,0,0,0,0,0,0,0,0,0,0,0,0,0,0,0,0,0
1971,80985.4369824016,53060.2858109108,63922.4043915905,103262.2426256615,33522.5726259541,90905.2856235810,50486.9364754264,39277.0111338065,106460.0880835351,9794.3452374955,67471.4789741401,43079.5880847303,50766.2065754811,32733.0569323431,62439.5431656654,36475.1013889878,81913.6561217109,25738.9828915708,28753.2794435242,70210.7933502490,29275.6668221450,17355.7847196593,17385.4275452252,53983.2971992372,43054.2143528827,96354.8037570286,43913.8152364309,68456.7671620821,8438.6094999968,77761.7429661659,54135.8465546916,44192.5898545917,65914.1824249624,82470.1694690358,62244.1570724293,56296.9251637453,69029.1076178445,19307.5307512282,41440.1294779961,24157.4566808860,40561.2656260309,95760.6727526907,22655.9376149740,31097.6371490830,26397.5337368357,38676.4164421919,82295.2803742367,95565.9275254936,16687.4052972508,56057.1311408751,26144.3648210661,41101.4656553401,37857.3131881530,80693.0020600846,45849.5783448477,6930.4435075811,42759.6454835733,33596.7394259017,51098.5914085641,24305.4995809443,73603.8878908501,51691.7587535634,10535.6282331717,79938.2686432112,56153.6803819915,41012.9682187977,17732.3737833479,72079.7001428953,78982.7372248379,89472.0224243891,60673.3738709936,37383.3935397823,59576.4531941113,30279.5171442989,73072.0583003718,32277.9491128495,44894.9494789782,88876.2286001583,15069.8861525540,71773.7610117868,16505.9771532171,90310.3161941579,15253.2553504908,58458.1283705338,41989.1462772704,90281.3577214670,32473.1252781299,70379.0686582355,37773.3023189836,51769.0216553969,61357.3619900910,64679.5898766032,83778.4273244441,60467.6822500090,29520.8575474503,37205.1309341174,74182.8077614273,68738.1686363769,33041.1434152396,48557.6454452462,17067.1269540857,27674.6328622644,46519.8527697964,31605.6648746454,72059.4194223739,16044.5575644658,47446.9640979004,73920.8406601753,11554.5816455230,38683.7529916524,81074.5753409711,63770.4971324583,97723.8289073491,24095.3488642378,31347.5112791464,66905.3749006197,25732.4908664275,22521.7342846353,51127.9494005597,17072.5992608055,32877.2404604265,23486.8915853577,75561.7803361830,10340.2181124318,29853.8231687080,109.0457649180,24535.8564770835,22420.1048918418,78876.8658437506,52709.2058202067,43950.2874786970,29634.6540731722,13436.1704845212,40238.0311223115,89801.4731714362,11602.4170731202,57171.6552676311,9934.0301079273,95313.9887514404,37827.5311242817,48309.2797487831,47153.3630402620,36672.6371781487,58193.8334806947,47316.7554097915,30201.8614083386,38404.2306632411,22836.6590182252,24883.4308408148,88130.3400725438,21663.5134654775,58242.5326156620,39662.4577948191,76694.2937113634,76190.9704436382,65014.5028312739,62213.3424121349,36364.2795779229,45557.5654727118,18911.0242864282,22960.3341881058,35253.1776353876,79664.5877185245,37543.6403990282,104284.6284154859,31826.4995781512,27902.0544553157,65042.7102199747,53468.5474407238,85582.3514363047,54840.8583492185,462.1676250946,55469.2703556178,59460.7359169676,56660.0960222900,73796.6809556580,20645.1707554631,84632.3662824331,62838.6440306932,28796.0875177866,70634.0613576168,39243.3058353095,73748.1548241953,63382.3726485260,48388.5196652930,85064.6950734274,12086.1808920200,77140.8514104258,76739.8159157176,79083.5112937578,62826.9245067887,53569.9751514781,53322.8016385466,26335.2620192259,93336.6250981999,61568.3656817696,11856.9372785379,59955.0529607819,45694.3071570949,35970.5445208610
1972,0,0,0,0,0,0,0,0,0,0,0,0,0,0,0,0,0,0,0,0,0,0,0,0,0,0,0,0,0,0,0,0,0,0,0,0,0,0,0,0,0,0,0,0,0,0,0,0,0,0,0,0,0,0,0,0,0,0,0,0,0,0,0,0,0,0,0,0,0,0,0,0,0,0,0,0,0,0,0,0,0,0,0,0,0,0,0,0,0,0,0,0,0,0,0,0,0,0,0,0,0,0,0,0,0,0,0,0,0,0,0,0,0,0,0,0,0,0,0,0,0,0,0,0,0,0,0,0,0,0,0,0,0,0,0,0,0,0,0,0,0,0,0,0,0,0,0,0,0,0,0,0,0,0,0,0,0,0,0,0,0,0,0,0,0,0,0,0,0,0,0,0,0,0,0,0,0,0,0,0,0,0,0,0,0,0,0,0,0,0,0,0,0,0,0,0,0,0,0,0
1973,0,0,0,0,0,0,0,0,0,0,0,0,0,0,0,0,0,0,0,0,0,0,0,0,0,0,0,0,0,0,0,0,0,0,0,0,0,0,0,0,0,0,0,0,0,0,0,0,0,0,0,0,0,0,0,0,0,0,0,0,0,0,0,0,0,0,0,0,0,0,0,0,0,0,0,0,0,0,0,0,0,0,0,0,0,0,0,0,0,0,0,0,0,0,0,0,0,0,0,0,0,0,0,0,0,0,0,0,0,0,0,0,0,0,0,0,0,0,0,0,0,0,0,0,0,0,0,0,0,0,0,0,0,0,0,0,0,0,0,0,0,0,0,0,0,0,0,0,0,0,0,0,0,0,0,0,0,0,0,0,0,0,0,0,0,0,0,0,0,0,0,0,0,0,0,0,0,0,0,0,0,0,0,0,0,0,0,0,0,0,0,0,0,0,0,0,0,0,0,0
1974,0,0,0,0,0,0,0,0,0,0,0,0,0,0,0,0,0,0,0,0,0,0,0,0,0,0,0,0,0,0,0,0,0,0,0,0,0,0,0,0,0,0,0,0,0,0,0,0,0,0,0,0,0,0,0,0,0,0,0,0,0,0,0,0,0,0,0,0,0,0,0,0,0,0,0,0,0,0,0,0,0,0,0,0,0,0,0,0,0,0,0,0,0,0,0,0,0,0,0,0,0,0,0,0,0,0,0,0,0,0,0,0,0,0,0,0,0,0,0,0,0,0,0,0,0,0,0,0,0,0,0,0,0,0,0,0,0,0,0,0,0,0,0,0,0,0,0,0,0,0,0,0,0,0,0,0,0,0,0,0,0,0,0,0,0,0,0,0,0,0,0,0,0,0,0,0,0,0,0,0,0,0,0,0,0,0,0,0,0,0,0,0,0,0,0,0,0,0,0,0
1975,0,0,0,0,0,0,0,0,0,0,0,0,0,0,0,0,0,0,0,0,0,0,0,0,0,0,0,0,0,0,0,0,0,0,0,0,0,0,0,0,0,0,0,0,0,0,0,0,0,0,0,0,0,0,0,0,0,0,0,0,0,0,0,0,0,0,0,0,0,0,0,0,0,0,0,0,0,0,0,0,0,0,0,0,0,0,0,0,0,0,0,0,0,0,0,0,0,0,0,0,0,0,0,0,0,0,0,0,0,0,0,0,0,0,0,0,0,0,0,0,0,0,0,0,0,0,0,0,0,0,0,0,0,0,0,0,0,0,0,0,0,0,0,0,0,0,0,0,0,0,0,0,0,0,0,0,0,0,0,0,0,0,0,0,0,0,0,0,0,0,0,0,0,0,0,0,0,0,0,0,0,0,0,0,0,0,0,0,0,0,0,0,0,0,0,0,0,0,0,0
1976,70005.4976808116,64525.2739165581,59734.5971398746,98456.8780649571,32359.5383437558,80525.5721088246,56908.3703225410,28257.8706726022,97665.5087491408,20203.5278568202,60893.6820005761,52271.6330197537,40628.8371109768,30373.2895922874,53607.6655889050,46832.9808018391,72704.1387557790,16118.0377500403,40102.5999847613,59428.9019662112,34825.4404691036,24423.6122126313,9782.0363260910,50538.7953959063,35425.2962385127,86155.6238388130,37188.0447455465,58261.8354594128,8122.2954876955,68228.5881861235,43729.9847674140,55263.0506497897,54735.7767084472,74785.3098238196,53716.7273370468,49818.8922076062,64693.0113040241,21096.4959630528,30230.8218875295,33568.2977451805,48856.7169877676,87663.4823207171,19130.1379385394,22422.8328893822,14987.9851764621,50105.8342958195,72034.9818458771,86277.9657306952,27666.3525376250,50237.8584894969,37340.7202008112,46219.0824354908,29005.7076992277,69651.8010970668,40713.9006303647,9615.0113199125,39209.3614637869,28370.1373177499,42619.8854003224,26995.1087744913,65133.7941519768,42616.8952817378,15912.8468411967,68604.2555421732,45162.4268906051,31420.3197125237,24852.4820555653,63600.5498113331,68512.0574420385,78791.2642493543,49655.5442292768,47709.0851294784,49910.9884129692,24761.4267920350,63608.9849641009,21167.0698453447,56323.3178470234,79030.4060180695,523.2350385471,60978.5226382357,27866.1460128148,79484.8929601348,16050.3259722304,51132.7159715808,31713.3888328397,81615.7847206565,40089.4443179323,60197.9158480148,26309.7797267544,44082.4882029722,51346.6058166727,56896.6364186402,73756.2894971513,55864.2106535473,22076.4388436220,48513.6842524349,68835.6320677396,59293.5417507282,42320.1388426220,43456.5068821703,11062.7775839268,28010.0313674851,57937.9429652905,20799.3096276069,64499.1507500954,13963.1915245817,36705.8056876451,62728.3719013303,17281.9729409067,32687.8568357811,72570.6743281489,53133.8752756264,89001.5135326067,14261.6227348749,42796.2373337347,61470.9311672502,25135.7112417057,17073.1929254750,44063.1297093071,26971.7841777848,22889.5844496639,21711.5701403354,65516.7507351421,21745.5800177440,40645.5286962577,13669.1529451192,32066.3301963150,33884.2297844318,68244.3923416649,47456.8487786093,35619.9310085105,40028.5405173372,22991.6133732897,35014.6631271607,79524.8577403885,17173.5525784457,46833.7219834148,4441.5876562928,85522.6531146974,30721.2288067210,45707.5086834052,40513.9576462843,28960.9199583004,50075.3527150618,36592.6843840035,27100.5888810828,45345.4269838181,33969.6319010384,27793.3361962034,78850.7979664312,32342.8030921049,48845.9380247430,37718.6804515183,65889.5309495413,66153.6034597452,54455.5055520467,56223.0127186905,32693.8971095816,36571.5593557130,16444.2082962804,15655.3866960421,40575.5389316873,69939.4464952352,26761.5705411515,98894.0383896988,20361.5686506335,22661.3845779405,55549.2852946203,44169.1504214769,75092.7351830413,50209.2504598501,9367.3832447186,44346.4145095281,52187.6527728519,48552.0981336540,64756.2154469948,21932.9925839332,73847.0008704888,52721.6110300457,25390.3944153010,61661.6191090601,28871.3422260169,63236.4199711504,55548.7896766147,44550.8850854962,74264.3085236279,8832.4298388435,69403.6073767810,67814.4713733347,67913.5116732005,55954.1857497272,43733.3059279023,42670.1690332139,18566.5243114225,82702.7668458708,50525.3199129071,13749.1165382450,49381.6076247425,35738.3667774911,26378.0117716580
1977,84860.7868906873,56938.6450785753,49585.2080748172,116472.9727782529,48291.3883610368,84235.3434606492,38824.4730410709,36998.2769779170,115356.5930820142,13616.2183202252,79159.9723061154,55535.8540728923,57574.1557086697,18235.1648974412,53184.4458023878,33696.3372859635,90208.4523815954,34096.2753671243,36263.7287076444,65290.9518196104,16722.4609608009,32507.3440065713,14436.2235527710,67926.0470198251,33014.9247496158,102531.1482266757,55440.4857065269,74877.9364746712,21797.5728929744,69354.8328134116,48673.3404325343,52323.7546935823,69113.0375815789,92956.5487671384,71694.6016104998,44076.4354346227,82501.2314098205,113.5152842507,45258.6818481991,19694.7294464885,32134.7248704750,105699.3864298636,36115.3403035559,24311.8682951362,28064.6867358802,41992.8925403858,88420.5640673276,103661.8549457051,27651.4719630256,68403.2038218981,28368.9319302980,27951.1948252777,47047.9532835603,76549.3715121947,32737.5056914335,9878.5355379957,56566.0022319039,46260.3966121619,60676.0409255079,39812.0457143057,83086.8295574102,43373.4686650290,21109.0922653275,81879.5919506914,60420.8523766245,34558.7074667324,9234.4610119107,61952.5211515603,72817.4800923875,94342.3668559020,57022.8265328539,48147.0625642013,67213.8069649257,19077.0243406474,80968.1909922695,37064.1755770258,50355.9390455099,95913.1240237739,21313.3604021147,76463.8461354731,21930.8857211934,85084.8101330584,30128.4835695307,69388.8673731330,48687.9745568716,99422.8154430467,23062.3691732451,63647.8933410496,39024.8549203878,41231.1720873375,54520.7993915654,53755.0828542713,76316.3025023437,73735.0888841124,40339.7612154066,44364.8770470563,86945.6729169835,60397.7560955016,27253.0275495857,61427.1184091346,28745.5480158271,16141.6215917761,49198.4202603566,29527.9113492586,82709.2249923872,8974.0642734311,43438.0837105971,76894.3728081249,8417.7467616680,26946.8980263767,90483.7466491880,69087.4738185822,106756.7972648921,21334.2676967400,35666.5022909045,79585.9948707754,40555.8098924949,13472.5834045419,62334.3021035472,15733.3857844345,40417.5477303005,8535.5634697311,82258.4449489309,20766.6860355662,39884.7721246623,13986.5558070704,15561.5078498927,28849.9153035224,84004.5685643173,39421.9448673933,53762.4254477717,27584.8086939467,27392.4233859756,52967.5913420043,95826.1792356084,27155.6939661121,63403.5555419325,15129.1613574725,102430.7642433253,48986.1886044860,62641.5204968605,35536.1742690977,27418.3197426803,47973.7667532400,52727.3537234473,44080.4068817411,27636.2378470579,32313.8602522291,7908.3638758553,96272.9328424373,21939.6057787156,50200.8264409470,54207.4497501659,71678.8476985495,68939.1337689327,59525.0584245071,74428.8285350606,50036.6616024438,37496.8054069073,19939.4579442254,33856.1490337146,22346.3617413010,87011.5984954600,43127.5129708614,117048.0174031568,33801.3240349567,40470.8921152333,72945.3474381723,61815.8040562264,79330.0177530651,68066.7439232577,17122.2637277340,52540.2089925274,48048.1878947334,66687.9814574891,64553.8885035546,35867.0645869525,89199.6821798800,69507.6958092928,15554.7535199395,79379.9129395741,34838.7103343437,67839.0655080274,73726.0453498514,62075.7089686388,79845.4463411228,9932.5058024414,87572.3929829671,85529.4428054843,82098.1765088134,74225.4034709244,46698.7945575178,58791.4576580626,19228.7543066184,87392.6471570990,65498.5024295823,4845.5993110116,54709.8558597073,39626.4701575993,30121.3076452772
1978,84505.8044586190,57246.5519279527,49482.4745663275,116245.7721143663,48143.2235324607,83923.1955874878,39130.4309519856,36639.4628714304,115040.5700500968,13795.7879378838,78897.6265971541,55673.9974563844,57244.3253856402,18118.0368969437,52906.0349055607,34049.4422622460,89887.6897278443,33801.6210379150,36498.2620451079,64955.1880668708,17033.2228166014,32510.2522265355,14080.9914514254,67732.5891390904,32738.8211272289,102188.3419925783,55182.5051397475,74540.3605971696,21619.1753323215,69066.2513128231,48337.8964318488,52563.8013678338,68756.6750820841,92667.6020000874,71393.0245940486,43871.7153918561,82287.2112656750,54.7362075885,44909.7980433332,20045.4842145127,32487.1158758089,105399.4882136027,35922.8876183118,23972.1824803444,27713.3927527080,42298.3360769957,88078.6874447320,103337.1353278341,27793.5475199722,68159.4181918508,28670.0177244692,28225.7503599479,46752.8108023861,76208.8337610234,32559.0101261539,9715.5391183223,56371.0675822499,46035.3604093008,60379.8884175493,39733.6948720770,82783.2133523861,43072.5041218123,21106.3694936260,81519.4195438756,60070.6177188620,34225.7969749853,9587.8013447837,61696.5870620186,72496.7045139623,93991.5626284655,56675.0991248567,48327.1395979042,66889.8558206327,18805.9659466229,80644.2325098675,36726.5154556195,50639.0166599756,95578.2475704098,21021.4596082599,76113.6575259732,22161.4067259238,84755.6036054952,29999.6001508968,69113.2748231097,48360.6718492885,99111.7727309410,23413.0141433207,63332.0124719037,38666.6800465546,40974.4663102749,54203.3058463510,53515.8179424712,76013.9534247345,73516.1616277971,40078.1329643807,44615.8451101812,86708.7646313056,60105.2241496592,27613.5621720512,61199.8726259447,28519.8919255292,16098.0099763647,49516.2778431484,29167.3995361945,82425.0498342589,8259.1727134670,43088.9444656736,76536.6640148772,8654.8855916649,26708.7593664194,90177.7706729783,68742.2884914063,106443.4258138198,20973.5347737065,35951.7017540641,79348.2296546135,40414.7902380604,13136.0995987179,62066.5829704489,16036.5226490019,40105.1080974328,8145.4520488347,81922.1404699970,20889.5444954139,40073.4526881924,13991.1941792524,15921.0509878744,29088.4042120568,83656.1721685088,39256.9677335588,53473.0708984256,27928.7558152757,27447.3181583375,52740.1967203904,95482.7916122258,27099.2131804771,63066.6884156925,14867.0125158852,102095.9883374578,48724.1710736175,62466.0979418533,35304.7884585700,27118.7211740404,47713.7209931698,52386.7798540765,43894.8185208807,27966.8212470367,32501.9563363982,8199.5106237602,95949.5753239318,22249.0681214443,49899.0879141216,54045.0082085760,71345.3027073126,68631.9059824841,59193.4600014092,74180.0615389357,49839.9872815631,37187.4836464110,19596.0784933731,33604.3138368306,22636.0819477421,86680.8212681414,42792.6221394214,116807.2003348843,33447.7054569664,40248.2529543401,72623.0318493353,61501.9005312122,79011.5972143827,67848.0107012297,17017.6480719499,52187.2987202895,47819.7937627212,66396.9844030226,64279.6349272700,35755.5854095921,88847.6290970432,69173.3580195853,15349.9878803819,79066.6525994133,34488.4549384575,67514.1602469557,73438.4280531719,61874.3856305719,79515.3754351312,9620.7403005581,87283.3684966628,85215.6415409516,81740.2914916380,73957.9429316188,46378.3644071434,58449.5401426903,18884.4163267171,87071.8056292454,65145.6738266180,4625.3861823147,54374.4074811337,39292.8192935355,29778.8221152215
1979,83887.9696725165,58164.8789331526,48739.9335032345,116225.6013615767,48366.1162159411,83007.2384033152,39465.7281196999,35855.1452240671,114673.4576740713,14656.1465672830,78757.2134456790,56477.0994958772,56808.8406729729,17361.0454367258,51983.0895947395,34883.8481060767,89497.9897620494,33541.6828505178,37402.9752833884,64067.7443419200,17404.6413816698,33090.1816247590,13476.2498219856,67822.3078363140,31816.3460184943,101670.3618772464,55061.0106548649,74057.6862380544,21771.1137911284,68142.6945098322,47449.9150642690,53471.7405577718,68123.8648465598,92422.4766448367,71095.4232922849,42994.9620902627,82311.7215529230,200.8629670867,44350.8899929152,20892.1264705190,33090.9296853436,105107.1551382798,36022.9697473337,23093.7965530184,27138.1869533611,43217.8227833557,87567.5324073257,102926.3222987337,28604.9956026204,68086.5066198502,29591.1455994401,28436.9534391306,46486.7909188438,75331.8055351763,31711.7707827587,9942.0524998096,56457.9877902902,46029.6091138250,60107.1953801138,40135.5812579007,82475.6157887314,42151.0830176443,21681.5327596197,80822.3301657077,59498.8500110845,33333.2822593815,10425.4028733260,60780.8965375228,71587.8545522226,93413.1754623994,55819.7381982436,49182.3928644007,66485.2574464181,17884.9416346470,80238.5442884896,36248.3475503537,51562.5440498313,95110.9221838447,20782.1543980772,75541.2371851387,23064.1769764704,83857.0166285367,30280.6128729578,68923.5625992573,47940.4556651757,98769.1532569579,24005.1625451688,62418.7610836745,38012.1710209220,40058.5926142670,53291.3894311404,52609.8451429180,75093.0497144162,73525.7614841395,39946.8974618819,45530.0320350690,86657.7343166794,59181.9790662181,28371.0716179618,61183.8525492369,28519.5226252369,14984.4586469314,50427.8132773235,28418.7919142711,82200.0976261081,7036.0809641052,42239.2793336068,75886.0307394727,10213.8689854590,25804.3562929164,89859.0531273216,68209.1692873686,106089.4421241526,20256.5970491238,36875.2952470206,79294.8750576829,40659.1405380827,12251.2216207863,61907.9142209506,16956.7893076304,39762.5019119422,6503.3495765213,81446.8535661213,21677.1799958539,40938.3847782774,14589.6247218951,16617.3342457323,29995.9428532733,83097.9903361956,38425.6563389265,53230.1646478256,28798.2085851554,28125.6449199236,52725.1412567802,94961.0448491276,27556.8053062101,62589.2913514231,14756.4641351596,101629.0129562407,48589.1394903819,62609.8408867858,34404.9182696495,26196.8274705643,46796.2600535834,51886.9584840400,44012.5785590657,28426.8892403843,33366.8667876424,7986.6254157735,95546.2151490373,23166.4347344180,48977.9386388393,54227.1623763250,70453.7102234049,67713.0905317833,58298.5997443507,74089.0780593094,49922.9264972329,36269.7328089410,19088.2291667650,33511.2650021226,22911.1090984363,86237.6845219808,42330.0446719546,116741.1909011284,32848.8113989747,40252.0858016557,72226.4722939862,61148.3919725141,78100.5073016278,67858.8710777397,17373.1250169419,51354.9667256822,46921.8468655637,66145.4342364000,63357.4446606377,36078.3167569397,88258.3970468362,68710.7299412148,14477.0078124415,78714.6388651163,33643.7997097243,66609.8705558317,73200.1832410551,61940.8965658902,78618.0785592853,9317.8041382229,87038.2503930503,84860.6279496106,81086.9544993195,73798.8898729286,45469.1693319914,57940.0833436069,18019.0881950648,86163.0217876993,64550.4111898140,5454.3124750044,53486.3981536231,38401.5643387200,28907.4259858257
1980,89051.6662890013,48886.8255048892,58014.5841975466,114506.5815642216,44585.3161978156,92385.6006129140,39245.8251293758,43405.6189260830,116785.1079468984,4052.7060425202,78522.4705059022,46981.6132527994,60054.7840523377,26838.0806695613,61783.0950617203,27782.7525789442,91969.5435249792,35353.9684121885,27450.6357988559,72895.0595025825,18212.2903025132,25852.5280858229,19966.9049121348,65202.3996910804,41648.4852073004,105572.6803370422,54867.2798025571,77685.4433202321,19909.2141505296,77847.3090552758,56332.1871371318,43527.5711531065,73551.7384428891,93255.2005592565,72653.6379059199,52922.6016599900,80272.2356275667,12034.2347695287,49160.2226344112,14172.1922008988,29737.2263335841,106408.5141532361,33873.4869984792,31996.0469317822,32538.5611678210,33936.8808255523,91448.2729257670,105579.0057282988,19138.2106461405,67208.4066217988,20315.0899475436,30009.6607651204,48016.1154297875,83963.3007198667,41547.0509431021,9923.5760436819,53998.0642757257,44745.9019309215,61500.4221720555,34619.7039689900,84061.5831217275,51742.6284914176,14998.7204175343,86971.6990657001,64272.8336133548,42353.8680141472,7570.5396713384,70696.6101908045,80806.6452288532,98063.2410186883,64169.1875310676,39362.0785999120,69282.9100542571,27765.9961794709,82944.7386226684,40327.0528771683,41903.6029659542,98447.1689721448,23108.2960685471,80205.5606383344,13109.7260293232,92853.9795547168,26401.2922894262,69309.7634291361,51139.8433852515,100662.8042964761,21350.6850625779,71748.5619178147,44010.2640703831,49976.4646990510,62604.2938261627,62564.3364053069,84631.4494599752,71710.1600090837,40168.2403111816,35624.2331253610,85401.1959363693,68851.6926798745,22893.9565327960,59766.6428763733,27790.1230922391,20022.2692270296,41407.7914117874,35670.0250071121,82869.3958410281,14152.8440610350,50575.1668940973,81485.0226750460,4031.1095994867,35761.9701140926,91526.6256412151,72462.0685406344,108081.9026801045,27399.7742829405,27278.2681581809,78111.6267910443,36813.9329497925,21430.1910696818,62028.3185353919,8106.0978057814,42276.5670701228,18545.9076382512,84943.1255464136,12536.4950411807,31073.9000281459,8572.7721803874,13341.6033328037,20054.4317889819,87553.2522952611,48190.5663742559,54389.0708796415,21125.8475469382,19971.3722672608,51416.2641853019,98933.2889678066,21857.7980251081,66248.6920577895,16569.8100606170,104934.9110428562,48651.5684797962,59469.8459395570,44364.8912869950,35842.7765011293,56699.8647829314,55919.8583816181,41444.7013734538,27183.2487251994,23508.4045389303,15498.5447528031,98144.3757126749,14212.7881200203,58549.2575699777,50784.9910416385,79340.7332993930,77185.5620474960,67267.4050971768,73352.8825332025,47608.6110360490,45759.8210265289,24211.7382461915,33537.6039064106,24166.6179839736,89337.1763414699,46100.3435247677,115512.6641586345,38333.1829045334,39007.4740895151,74885.1881193828,63426.2561989389,87362.4777147180,66080.4951152258,13807.2655671163,59398.5786373863,56881.7734981573,67239.0901526414,73181.1323955459,31519.1767714661,93059.2047778337,72148.1828879165,24401.8850256821,80823.6586617470,41980.0295040658,75740.3981856447,74082.7179946789,59629.6784612673,87596.8511808477,14001.6245940107,87900.6107369126,86964.7107872709,86694.3612924815,73806.2654074066,54740.2719585231,62011.6804320999,26836.6466855382,95365.8750383042,69557.2381340628,8930.6592368323,62349.6817818547,47374.8051209423,37650.0457452567
1981,0,0,0,0,0,0,0,0,0,0,0,0,0,0,0,0,0,0,0,0,0,0,0,0,0,0,0,0,0,0,0,0,0,0,0,0,0,0,0,0,0,0,0,0,0,0,0,0,0,0,0,0,0,0,0,0,0,0,0,0,0,0,0,0,0,0,0,0,0,0,0,0,0,0,0,0,0,0,0,0,0,0,0,0,0,0,0,0,0,0,0,0,0,0,0,0,0,0,0,0,0,0,0,0,0,0,0,0,0,0,0,0,0,0,0,0,0,0,0,0,0,0,0,0,0,0,0,0,0,0,0,0,0,0,0,0,0,0,0,0,0,0,0,0,0,0,0,0,0,0,0,0,0,0,0,0,0,0,0,0,0,0,0,0,0,0,0,0,0,0,0,0,0,0,0,0,0,0,0,0,0,0,0,0,0,0,0,0,0,0,0,0,0,0,0,0,0,0,0,0
1982,0,0,0,0,0,0,0,0,0,0,0,0,0,0,0,0,0,0,0,0,0,0,0,0,0,0,0,0,0,0,0,0,0,0,0,0,0,0,0,0,0,0,0,0,0,0,0,0,0,0,0,0,0,0,0,0,0,0,0,0,0,0,0,0,0,0,0,0,0,0,0,0,0,0,0,0,0,0,0,0,0,0,0,0,0,0,0,0,0,0,0,0,0,0,0,0,0,0,0,0,0,0,0,0,0,0,0,0,0,0,0,0,0,0,0,0,0,0,0,0,0,0,0,0,0,0,0,0,0,0,0,0,0,0,0,0,0,0,0,0,0,0,0,0,0,0,0,0,0,0,0,0,0,0,0,0,0,0,0,0,0,0,0,0,0,0,0,0,0,0,0,0,0,0,0,0,0,0,0,0,0,0,0,0,0,0,0,0,0,0,0,0,0,0,0,0,0,0,0,0
1983,0,0,0,0,0,0,0,0,0,0,0,0,0,0,0,0,0,0,0,0,0,0,0,0,0,0,0,0,0,0,0,0,0,0,0,0,0,0,0,0,0,0,0,0,0,0,0,0,0,0,0,0,0,0,0,0,0,0,0,0,0,0,0,0,0,0,0,0,0,0,0,0,0,0,0,0,0,0,0,0,0,0,0,0,0,0,0,0,0,0,0,0,0,0,0,0,0,0,0,0,0,0,0,0,0,0,0,0,0,0,0,0,0,0,0,0,0,0,0,0,0,0,0,0,0,0,0,0,0,0,0,0,0,0,0,0,0,0,0,0,0,0,0,0,0,0,0,0,0,0,0,0,0,0,0,0,0,0,0,0,0,0,0,0,0,0,0,0,0,0,0,0,0,0,0,0,0,0,0,0,0,0,0,0,0,0,0,0,0,0,0,0,0,0,0,0,0,0,0,0
1984,0,0,0,0,0,0,0,0,0,0,0,0,0,0,0,0,0,0,0,0,0,0,0,0,0,0,0,0,0,0,0,0,0,0,0,0,0,0,0,0,0,0,0,0,0,0,0,0,0,0,0,0,0,0,0,0,0,0,0,0,0,0,0,0,0,0,0,0,0,0,0,0,0,0,0,0,0,0,0,0,0,0,0,0,0,0,0,0,0,0,0,0,0,0,0,0,0,0,0,0,0,0,0,0,0,0,0,0,0,0,0,0,0,0,0,0,0,0,0,0,0,0,0,0,0,0,0,0,0,0,0,0,0,0,0,0,0,0,0,0,0,0,0,0,0,0,0,0,0,0,0,0,0,0,0,0,0,0,0,0,0,0,0,0,0,0,0,0,0,0,0,0,0,0,0,0,0,0,0,0,0,0,0,0,0,0,0,0,0,0,0,0,0,0,0,0,0,0,0,0
1985,88372.2163212216,54236.8424781950,50291.2144263790,119037.8424259936,50222.7839324635,87063.1164004777,35668.2821102484,40431.2540706047,118632.0071931958,12720.7899255878,82026.8879639633,54719.4082986294,60950.9067426971,19294.6988717574,55662.8622736300,30393.9381244437,93519.7086897682,37239.8180009619,34464.8283597715,68400.5499136374,13576.2048688112,33120.4058814169,17949.2919358722,70224.4515300684,35506.0146514366,105985.3051316500,58284.6561208823,78302.0048419634,24086.7752245491,71928.4824928203,51786.3012010688,50419.6992950940,72627.7902356444,96030.6461895394,74869.3878534384,45812.7502584365,84965.8281147320,1965.5094593791,48746.8339654807,16454.9157285621,28635.1672006293,108855.7863670699,38453.5618672908,27499.0798804723,31564.3571544524,39340.1659981597,91869.7405238754,106999.6615944167,26913.4886053493,71124.0568153429,25808.4092728037,25095.5291846417,50184.4076633387,79714.9188245633,34252.9855016423,12236.9097765740,58888.2108755301,48847.4605916346,63813.5624340499,41144.4164370877,86274.4889494584,46104.7741169304,21881.3620755285,85388.3217640219,63914.6012388264,37653.6610082891,7127.3720369293,64184.7018121643,75747.8095815622,97838.1206328928,60285.4762590113,46907.4935661744,70549.8774967079,21585.4392015172,84302.5922423489,40493.3822359774,47960.7659568965,99319.1338018596,24459.7325079235,79957.0638216140,20276.1509866153,88110.1942808187,31950.9358326008,72364.9720698863,52049.9686967587,102663.2569216309,19573.1528684174,66526.4332153314,42541.2001806910,43502.3843375376,57423.0057474693,55824.1761799774,79037.1978753919,76246.0384597425,43227.5384788453,42353.9173890675,89600.9969322206,63020.5212593567,23788.6948839182,64016.2457636524,31375.9341719962,17008.7824589227,46379.6798509057,33003.0825399741,85748.3791064492,10470.6866587161,46723.9576373658,80410.7170348864,9035.1827897262,29080.9809492000,93687.8276095821,72555.8995477351,110013.5930790567,24832.0429198913,33277.1371616782,82251.4988104501,42443.2390452629,16659.1513392751,65251.5226173999,13249.7902399245,43682.1073595183,11762.0532781226,85674.1890256885,20310.4593469701,38578.7890344375,14840.0992670687,12049.0046154527,27042.9803455750,87489.1661579709,40775.5103948823,56851.8100932846,24437.9337170904,27542.0111201637,55565.8067253384,99283.8215722629,28357.2024523310,66824.1493319763,18099.1357357791,105835.8459420830,51867.6452792763,64789.3195738808,37565.8980440181,30168.1857771084,50266.7492323492,56171.0596717457,46342.3172527138,24287.3340037983,31049.8630144473,5960.9915282139,99601.8087076074,19304.2170803607,52932.5675674501,56253.1595201117,74759.6695146210,71717.8218495274,62586.9661859597,77187.3723631170,52382.1631739706,40326.6925535682,23405.2116078060,36678.2829475405,19370.5917118900,90391.4782835583,46538.8355573701,119727.5243635158,37309.0862075586,43047.6988412239,76269.3793383168,65082.8532235408,82230.9817481994,70579.7548065834,18858.1137621147,55875.1614783299,50015.4982471664,69784.4051304468,66977.0892755478,37511.1384413441,92700.7937601566,72911.9731480328,17482.7607701280,82639.0092268238,38143.5787485360,70819.0749008959,76794.3345733527,64446.4578959074,82882.4114164737,13249.0720767954,90648.1437233027,88791.5854866638,85614.5637905602,77135.1911242032,49640.0780522516,62242.3438277053,22479.3070148185,90319.1916589942,69002.8795196514,7548.7184155427,57819.7597835441,42724.8119840652,33332.9805850785
1986,0,0,0,0,0,0,0,0,0,0,0,0,0,0,0,0,0,0,0,0,0,0,0,0,0,0,0,0,0,0,0,0,0,0,0,0,0,0,0,0,0,0,0,0,0,0,0,0,0,0,0,0,0,0,0,0,0,0,0,0,0,0,0,0,0,0,0,0,0,0,0,0,0,0,0,0,0,0,0,0,0,0,0,0,0,0,0,0,0,0,0,0,0,0,0,0,0,0,0,0,0,0,0,0,0,0,0,0,0,0,0,0,0,0,0,0,0,0,0,0,0,0,0,0,0,0,0,0,0,0,0,0,0,0,0,0,0,0,0,0,0,0,0,0,0,0,0,0,0,0,0,0,0,0,0,0,0,0,0,0,0,0,0,0,0,0,0,0,0,0,0,0,0,0,0,0,0,0,0,0,0,0,0,0,0,0,0,0,0,0,0,0,0,0,0,0,0,0,0,0
1987,73287.0935580094,90432.2603941441,23201.6217240134,126842.7922076764,69897.0848594122,52753.0298777725,55869.1798590325,26149.5056552321,113008.5366699640,47854.7507800155,87398.1136547889,88829.6405582396,57529.9888447213,18795.8047174648,19976.7456621226,64670.7466079525,88357.5445482718,45759.4411793086,70717.7535954855,38096.7155779925,40944.5148341330,62691.6478567063,29621.6895897814,84269.7986337040,8857.9461440482,94430.7657030090,66740.9069266668,70492.2888111979,46285.6449072177,36338.7953143178,23919.5738852033,86780.1894860277,58424.1428540602,96510.0684963191,75036.2147725385,10600.3029885351,95889.0216249680,31843.2849221867,42868.3963463845,51831.3640293813,57352.8816466373,106752.0471561283,56444.7848198157,17748.7192810413,32553.3404792524,75675.3468842300,81553.3618053367,100102.1603217831,61313.0272810845,79773.9471952357,62289.2599367660,44606.9707072721,55161.9950327226,49532.1546839857,7940.9743934217,39083.8955306082,73823.1831590497,62259.7919741026,66249.8882889436,66185.2833227646,85002.1513328095,13643.9543037338,52056.1377882830,66445.1008467265,54006.0415772450,15605.0425822037,42213.8333432234,27683.3097583750,42675.5784369091,83969.7545805826,33966.1912161236,82195.4009865510,66967.8194162696,15765.0610826874,79208.2962844341,40670.6783082034,84485.7335528966,90433.4857156138,38702.6157582962,67865.4998422735,56379.6534959237,55632.0708719500,55240.2429603568,76811.5250627962,51019.4240547018,98858.0463756520,49554.1868541647,33367.7715536176,34465.5866517493,7935.2782530769,25272.9734673890,19300.4871533242,44139.6644297913,87246.7050784374,53968.4932910801,78801.6050713151,97640.4858692074,27911.1204220061,56745.7238892440,75232.5712240695,48443.7337920007,26637.3045325256,82379.9195821484,25681.0831601075,87712.7540411161,30251.3018153044,24434.3288126948,64396.3284993508,39344.6841417407,8867.7160992237,91420.1021552455,63158.6770083688,105341.5168679189,26208.5236670350,69815.3311811419,90683.6909299281,63502.3095119600,23401.7504091957,71571.6960412476,49795.8067272101,47624.2889279995,24838.5367465561,77470.7966003901,54282.4876752834,74059.8276368851,45899.7728042871,45474.4240929768,63306.4449654153,75358.8513643025,20383.2613642708,61402.8777937701,59812.2945271433,59345.5369020597,67769.3039466880,87962.4029303439,55767.3531046227,60696.2689183961,38018.1373448523,96571.9742919352,60848.3402273539,80921.3734441580,736.3103235541,10688.9644913448,13966.6471684255,50981.9364987625,63599.9832976493,50256.4335736802,66508.2714306224,32931.9727362973,93455.7447722712,55771.5460009746,19354.9001484590,74229.9712133761,43569.1097183801,37419.6538607653,32088.7519502884,84692.7410147318,67903.9106745949,11560.8942263021,32161.9114030127,50040.9513417881,42503.1605106880,83195.6331023711,45294.1396312641,125834.7078927070,34158.1781319645,57683.9711322111,72345.0620030245,64282.5297138292,48648.8006893303,82064.7868451637,45744.1242738015,32348.4818224739,13656.4123951231,72250.1143309600,30856.0466085285,61031.4775284713,78674.3247616118,66595.7751067507,19066.2398430386,79901.3484727772,20777.1243471686,38543.3294861667,79022.7695867752,78235.0541434293,50722.8639973386,33880.6217721870,91484.3211237606,85415.4698975216,68968.3282941079,82236.6769671072,19297.7969529561,55458.3601361328,20663.9567749188,56765.4754658934,57164.9233997727,35425.6609119104,28738.6842320065,17665.8996668945,17479.4952889081
1988,76443.2008940875,64918.7721866336,47014.5844939336,111819.7036170079,46151.6274722994,76363.0304811717,46104.9119622245,28228.2209056139,108197.2140983245,19932.4890522986,73638.3237619295,60098.6074571172,50087.2721574783,16607.4100247013,46189.4464026751,42420.0501062722,82936.0404564202,27985.2392606973,42965.9196967682,56920.1486259573,24366.6277733327,34451.3976656922,4431.1937410625,64370.5816063358,26276.9782324527,94541.6119142545,50180.6216243147,67091.4705909070,19785.3241177435,62052.5788008714,40330.2949844713,59021.5971450361,60646.2013078362,86629.5852161355,65051.6013803263,39024.0340729269,78307.5080399701,11354.9641276083,37131.7646494536,28399.9190070188,40579.9494122221,99029.6561834592,33030.1511452034,15961.9173672870,19927.7277264986,49962.8131183482,80473.3138628015,96249.8274532174,32706.6011747695,63458.3042978312,36323.7595998611,34632.8423436965,40743.0455418142,68072.8526836263,28602.6490811590,10390.7433638002,53067.9210950716,42052.6625175217,54244.3747748589,39620.2251474988,76349.8027697768,35876.6488985385,23457.0244449209,73216.3458619517,52208.8386063012,26316.1695674978,17975.0828114256,55463.8928989486,64765.6758067709,86079.5107385287,48415.0726418662,53657.8198420619,59888.9993475235,13006.6552351523,73611.8102265349,29410.6105926185,57892.9011738014,88188.9787550094,15769.2846442766,68235.5513410591,28772.5977979240,76838.2274480184,28959.1908021811,63526.9331220379,41325.1837122347,92432.2028465468,31488.0534808222,55720.8470715558,30502.3258997490,34883.0759687842,46576.6935707215,47728.2639075569,68677.6488974497,69450.7442968855,35154.0169696553,51318.9805145675,82107.4884637775,53028.1577836170,36014.0116305794,56993.7421942618,24956.4888811530,20127.7937234794,57368.6577978641,20774.8590285824,76547.3752523621,1097.4893474963,34811.6690835342,68363.7342122137,12059.9277414261,21410.9950667571,83660.0594792519,61048.2521282201,99686.4687328252,12644.4733874555,43305.4605338028,74753.2350742784,38749.0872562892,1822.5141605539,56740.2034467647,23837.2973802137,33620.2222097981,9389.7973821200,74503.4621091909,25693.5225542121,45652.5454333001,17170.8562189257,24247.3030067090,35711.1676229078,75835.2783247808,35465.9507471537,47581.1057877481,36198.5951509972,30662.7776359031,48608.3150148245,87821.7663203850,27923.5280266285,55662.9997395857,11344.9262749965,94703.8380811727,43670.3273591970,59611.2636135044,29940.2358860893,20142.8261953721,41472.2325547068,44886.9514034432,41008.3022244623,35564.5553148516,38173.5438795709,15771.7709456301,88911.6878379946,30071.7625887408,42648.4415873862,51609.1879049504,63349.7599811559,61201.2825140192,51250.4885642357,69311.8498510506,46568.0854535307,29830.1297263398,12342.5055107549,29106.5022290457,29450.0865053383,79429.3587171078,35532.6671687616,112023.6112512440,25517.9235366270,36430.5001972308,65657.7761485543,54828.7420341706,71323.1108532580,63821.7502355989,17507.5969864241,43841.6236777532,42345.4475711137,60383.0658094422,57609.1119465917,34945.6340166974,80893.3719575921,61838.7223845841,23852.5666662102,72359.1628480894,26198.6098031494,59701.6229362517,67493.0415869332,58352.1277616098,71584.0578969228,6118.4617648415,81255.8616831323,78478.9940625964,73557.5677059966,68577.4551886342,38708.8214954144,50886.7771160198,19953.3654275380,79324.8234784561,57179.7917672929,7203.3488174822,46357.3581697474,31346.2813097396,21665.0024099187
1989,0,0,0,0,0,0,0,0,0,0,0,0,0,0,0,0,0,0,0,0,0,0,0,0,0,0,0,0,0,0,0,0,0,0,0,0,0,0,0,0,0,0,0,0,0,0,0,0,0,0,0,0,0,0,0,0,0,0,0,0,0,0,0,0,0,0,0,0,0,0,0,0,0,0,0,0,0,0,0,0,0,0,0,0,0,0,0,0,0,0,0,0,0,0,0,0,0,0,0,0,0,0,0,0,0,0,0,0,0,0,0,0,0,0,0,0,0,0,0,0,0,0,0,0,0,0,0,0,0,0,0,0,0,0,0,0,0,0,0,0,0,0,0,0,0,0,0,0,0,0,0,0,0,0,0,0,0,0,0,0,0,0,0,0,0,0,0,0,0,0,0,0,0,0,0,0,0,0,0,0,0,0,0,0,0,0,0,0,0,0,0,0,0,0,0,0,0,0,0,0
1990,0,0,0,0,0,0,0,0,0,0,0,0,0,0,0,0,0,0,0,0,0,0,0,0,0,0,0,0,0,0,0,0,0,0,0,0,0,0,0,0,0,0,0,0,0,0,0,0,0,0,0,0,0,0,0,0,0,0,0,0,0,0,0,0,0,0,0,0,0,0,0,0,0,0,0,0,0,0,0,0,0,0,0,0,0,0,0,0,0,0,0,0,0,0,0,0,0,0,0,0,0,0,0,0,0,0,0,0,0,0,0,0,0,0,0,0,0,0,0,0,0,0,0,0,0,0,0,0,0,0,0,0,0,0,0,0,0,0,0,0,0,0,0,0,0,0,0,0,0,0,0,0,0,0,0,0,0,0,0,0,0,0,0,0,0,0,0,0,0,0,0,0,0,0,0,0,0,0,0,0,0,0,0,0,0,0,0,0,0,0,0,0,0,0,0,0,0,0,0,0
1991,79308.3976241949,59211.3854394188,52655.9201262916,110003.2208687824,42389.2782165832,82370.5318272318,45319.1752408744,32896.5594235365,108955.4082797593,13818.8980212489,72597.3497600988,53760.2890093513,51349.0060369682,21557.5247281890,52523.0638841148,37994.6025310589,83855.8500755330,27577.9240002755,36742.0363749874,62553.8251961086,23210.3936977197,28614.1552245449,9470.3868103813,61644.6170478023,32659.3845159914,96529.8903829604,48883.2963691789,68774.8644592926,15715.6307099058,68304.5952982115,46047.5406895750,52762.0176564965,63664.5751835326,86412.6245664301,65200.1625015495,45298.0805556772,76095.2700500019,9578.5470414696,39498.4446630647,24072.1796986686,38017.2783493371,99194.2165643620,29865.5628849086,21879.3429422971,22495.5037246018,44297.0634276465,82403.0722843125,97350.8097558092,26318.6427419815,61877.0206790383,30735.5386886561,34517.5929153192,40527.8883352025,73543.6858407246,34637.8235123125,3680.0442712740,50279.8951934529,39807.7801878337,54157.9692276546,34705.7219792661,76602.0001502743,42114.1411383014,17387.9926784360,76814.1689277567,54679.1676231036,32210.4814011160,14179.7559726384,61844.0010207713,70674.0181265206,88589.2890733860,53701.0693097614,47270.7979082576,60903.7183538426,19320.6109438463,74653.2823336241,31013.2302747241,51927.2210105732,89750.6801170715,14792.0981656643,70700.8648973490,22676.1161365201,82568.8611533234,24487.4958752141,62823.8013314628,42434.0115826889,92983.6271303508,29041.1935789752,61725.3374186218,33816.6103958089,41271.0158747767,52591.0547078947,54112.5877602651,74807.8612197084,67305.7028615028,33777.9018898341,45141.1066868284,80440.4024992617,59271.3930476774,32341.2139991403,54961.2930876668,22299.7040911682,17288.6034100509,51849.0637498815,25170.1590201394,76154.8140714272,5014.3373148789,40121.0814402589,71535.7551337880,6935.7772430662,27704.7280834489,84011.8118343847,63168.7657697009,100334.5258000375,16891.8748911642,37450.0437275961,73078.1355289798,34740.3029696164,11918.9963807598,55768.0640637919,18597.2694308231,34006.4927451112,12292.8144943262,76127.0123709698,19306.8133878211,39279.7282717072,10837.7431467901,21200.8857152961,29564.6941857022,78171.9561933549,41489.2066500522,47221.5046729356,31474.6076273732,24450.8695858591,46502.6102607192,89842.0604093547,22462.2879836292,57294.6620782795,8566.9783930735,96264.6570767909,42423.8996647152,56491.5346982076,36272.9858593342,26485.2289816385,47856.2255314735,46709.6203164903,37869.9341867292,33954.6390466039,31818.1169417529,16172.5253880102,89947.4115075650,24721.5598651075,48851.3926226758,48169.6815082112,69017.0649083555,67296.5037820193,57001.4544356565,67889.3442250142,43742.9951655271,36030.4101324460,14169.1821429844,27311.1938974945,28897.6537055656,80785.6782673644,37005.8317353758,110529.3516277322,28302.3947227419,34032.0282556279,66614.0619919965,55406.0224076081,77253.2199917828,61639.1952996077,12001.5037562492,48895.8839470723,48707.2602716554,60150.9606949042,63940.8582608560,30385.8973739145,83500.8143697193,63347.5305509245,17524.1221159958,72960.4616458300,31546.1044633774,65554.3402038325,67179.3395062362,55746.3087786185,77307.5625603036,3248.2984657275,81028.8217450779,79113.3051591546,76748.0759948296,67659.2776361566,44719.3706330608,52797.8375847121,16762.3223592836,85202.6284398420,59858.8421514324,1061.0838950707,52041.6314955199,37172.3309823287,27382.6479343465
1992,0,0,0,0,0,0,0,0,0,0,0,0,0,0,0,0,0,0,0,0,0,0,0,0,0,0,0,0,0,0,0,0,0,0,0,0,0,0,0,0,0,0,0,0,0,0,0,0,0,0,0,0,0,0,0,0,0,0,0,0,0,0,0,0,0,0,0,0,0,0,0,0,0,0,0,0,0,0,0,0,0,0,0,0,0,0,0,0,0,0,0,0,0,0,0,0,0,0,0,0,0,0,0,0,0,0,0,0,0,0,0,0,0,0,0,0,0,0,0,0,0,0,0,0,0,0,0,0,0,0,0,0,0,0,0,0,0,0,0,0,0,0,0,0,0,0,0,0,0,0,0,0,0,0,0,0,0,0,0,0,0,0,0,0,0,0,0,0,0,0,0,0,0,0,0,0,0,0,0,0,0,0,0,0,0,0,0,0,0,0,0,0,0,0,0,0,0,0,0,0
1993,80306.5489121958,60835.7584185936,48610.8217636627,113503.4591992361,46430.1824925712,80364.1349363726,42866.9027273360,32441.8805391672,111268.0166772323,16251.0647778446,75763.2718389901,57306.0093919906,53328.9019929584,17408.0319176311,49816.2858978205,38184.7276229429,86065.9439398032,30344.8218262133,39291.6253588810,61088.5668361350,20872.8646530695,32690.6495169350,9896.2720952778,65429.4185989181,29739.0879555880,98116.9420112150,52126.3850381971,70530.5981715334,19749.6437298996,65823.7155973873,44485.2403254324,55376.1486487477,64544.3720656333,89213.2706869880,67801.0958866615,41757.7550744369,79721.8999905529,4959.1420254805,40779.6774020098,24163.0601404343,36672.5874016997,101813.9395249719,33728.2130893519,20096.1278451357,23562.9467345646,45875.3467239331,84018.8348015032,99467.6347785926,29611.0725776261,65255.3967744643,32227.7852044324,31673.7617116191,43261.0740924448,72273.0397360117,30843.5492017026,8584.6087204848,54071.5271535749,43398.8313971953,56859.9694988535,38898.2090185013,79161.9284481893,39701.2858036206,21381.7106791861,77275.3061198664,55922.6065575693,30426.3637383790,13751.3256390861,58883.8651839854,68828.9946735494,89834.7664972058,52643.8340744306,50462.6520279067,63038.5566887995,16009.8890082000,76788.2122086090,32732.1328621154,53948.1928924574,91595.3728990113,17672.2064643114,71964.4855101291,24999.5792813373,80970.8327721994,28631.2829174767,65829.9353688097,44480.2988922411,95399.3793100065,27586.8898178932,59735.0360651965,34438.4512538408,38199.5214903695,50592.3238917810,50931.7693907314,72587.0436795763,70901.8128001987,37011.7807343435,47569.7275202379,83869.0378334817,56820.1311445446,31849.1675302082,58503.1644166585,25963.4135743917,17683.2676092409,53227.7479910826,24935.9161127815,79031.3078102598,2000.0528694846,39042.5341532278,72311.5117846123,8018.0181083435,24266.5120808769,86526.3824028755,64648.4148923887,102702.6933801011,16729.7473705312,39312.9595458691,76504.3437467896,38822.1186180928,7621.1720022096,58884.0855259059,19680.3821929133,36413.2886273500,6863.1674408856,77925.3233072317,22584.8246032443,42336.0732012696,14578.1669009070,20162.7580011729,31960.5397073375,79525.5926268698,37666.9598255464,50041.7816659423,31961.1310751108,28283.5552941431,50057.7716707590,91405.5895650722,26638.9162896596,59067.7773251889,12039.0216466085,98113.4196753943,45631.0764926768,60387.5189301148,32887.6578933459,23822.6678997985,44874.9301099206,48348.9103909111,41745.5779975267,31957.3870340857,34796.1795791753,12906.4317677333,92096.8679028666,25920.6206256430,46505.3326110543,52141.5960735839,67506.4822239241,65145.8824756761,55386.7893885780,71210.4718399621,47536.2235226550,33715.3538307319,15557.9949651895,30685.2742948675,26254.9320245969,82745.5794485772,38826.2975353435,113905.3127760124,29267.8898084368,37661.1746634434,68788.4850876085,57770.9059567511,75372.1279465836,65243.1428324122,16190.1644753083,48081.1848821223,45389.8369114222,62933.2453734389,61227.6508331666,34548.9818430475,84678.0434886644,65201.6102085969,13589.5982519760,75334.6871065837,30430.6467407790,63793.7297018751,70009.5706682417,59487.0620780974,75720.6367305521,7805.8301863763,83830.4198638028,81475.3018943095,77513.4778735088,70766.9295611272,42736.1166516752,54394.4126894972,14953.2046500468,83397.3051777891,60969.4388543738,4232.6316751550,50517.4827188847,35474.8215392247,25845.5035038827
1994,0,0,0,0,0,0,0,0,0,0,0,0,0,0,0,0,0,0,0,0,0,0,0,0,0,0,0,0,0,0,0,0,0,0,0,0,0,0,0,0,0,0,0,0,0,0,0,0,0,0,0,0,0,0,0,0,0,0,0,0,0,0,0,0,0,0,0,0,0,0,0,0,0,0,0,0,0,0,0,0,0,0,0,0,0,0,0,0,0,0,0,0,0,0,0,0,0,0,0,0,0,0,0,0,0,0,0,0,0,0,0,0,0,0,0,0,0,0,0,0,0,0,0,0,0,0,0,0,0,0,0,0,0,0,0,0,0,0,0,0,0,0,0,0,0,0,0,0,0,0,0,0,0,0,0,0,0,0,0,0,0,0,0,0,0,0,0,0,0,0,0,0,0,0,0,0,0,0,0,0,0,0,0,0,0,0,0,0,0,0,0,0,0,0,0,0,0,0,0,0
1995,0,0,0,0,0,0,0,0,0,0,0,0,0,0,0,0,0,0,0,0,0,0,0,0,0,0,0,0,0,0,0,0,0,0,0,0,0,0,0,0,0,0,0,0,0,0,0,0,0,0,0,0,0,0,0,0,0,0,0,0,0,0,0,0,0,0,0,0,0,0,0,0,0,0,0,0,0,0,0,0,0,0,0,0,0,0,0,0,0,0,0,0,0,0,0,0,0,0,0,0,0,0,0,0,0,0,0,0,0,0,0,0,0,0,0,0,0,0,0,0,0,0,0,0,0,0,0,0,0,0,0,0,0,0,0,0,0,0,0,0,0,0,0,0,0,0,0,0,0,0,0,0,0,0,0,0,0,0,0,0,0,0,0,0,0,0,0,0,0,0,0,0,0,0,0,0,0,0,0,0,0,0,0,0,0,0,0,0,0,0,0,0,0,0,0,0,0,0,0,0
1996,0,0,0,0,0,0,0,0,0,0,0,0,0,0,0,0,0,0,0,0,0,0,0,0,0,0,0,0,0,0,0,0,0,0,0,0,0,0,0,0,0,0,0,0,0,0,0,0,0,0,0,0,0,0,0,0,0,0,0,0,0,0,0,0,0,0,0,0,0,0,0,0,0,0,0,0,0,0,0,0,0,0,0,0,0,0,0,0,0,0,0,0,0,0,0,0,0,0,0,0,0,0,0,0,0,0,0,0,0,0,0,0,0,0,0,0,0,0,0,0,0,0,0,0,0,0,0,0,0,0,0,0,0,0,0,0,0,0,0,0,0,0,0,0,0,0,0,0,0,0,0,0,0,0,0,0,0,0,0,0,0,0,0,0,0,0,0,0,0,0,0,0,0,0,0,0,0,0,0,0,0,0,0,0,0,0,0,0,0,0,0,0,0,0,0,0,0,0,0,0
1997,0,0,0,0,0,0,0,0,0,0,0,0,0,0,0,0,0,0,0,0,0,0,0,0,0,0,0,0,0,0,0,0,0,0,0,0,0,0,0,0,0,0,0,0,0,0,0,0,0,0,0,0,0,0,0,0,0,0,0,0,0,0,0,0,0,0,0,0,0,0,0,0,0,0,0,0,0,0,0,0,0,0,0,0,0,0,0,0,0,0,0,0,0,0,0,0,0,0,0,0,0,0,0,0,0,0,0,0,0,0,0,0,0,0,0,0,0,0,0,0,0,0,0,0,0,0,0,0,0,0,0,0,0,0,0,0,0,0,0,0,0,0,0,0,0,0,0,0,0,0,0,0,0,0,0,0,0,0,0,0,0,0,0,0,0,0,0,0,0,0,0,0,0,0,0,0,0,0,0,0,0,0,0,0,0,0,0,0,0,0,0,0,0,0,0,0,0,0,0,0
1998,0,0,0,0,0,0,0,0,0,0,0,0,0,0,0,0,0,0,0,0,0,0,0,0,0,0,0,0,0,0,0,0,0,0,0,0,0,0,0,0,0,0,0,0,0,0,0,0,0,0,0,0,0,0,0,0,0,0,0,0,0,0,0,0,0,0,0,0,0,0,0,0,0,0,0,0,0,0,0,0,0,0,0,0,0,0,0,0,0,0,0,0,0,0,0,0,0,0,0,0,0,0,0,0,0,0,0,0,0,0,0,0,0,0,0,0,0,0,0,0,0,0,0,0,0,0,0,0,0,0,0,0,0,0,0,0,0,0,0,0,0,0,0,0,0,0,0,0,0,0,0,0,0,0,0,0,0,0,0,0,0,0,0,0,0,0,0,0,0,0,0,0,0,0,0,0,0,0,0,0,0,0,0,0,0,0,0,0,0,0,0,0,0,0,0,0,0,0,0,0
1999,0,0,0,0,0,0,0,0,0,0,0,0,0,0,0,0,0,0,0,0,0,0,0,0,0,0,0,0,0,0,0,0,0,0,0,0,0,0,0,0,0,0,0,0,0,0,0,0,0,0,0,0,0,0,0,0,0,0,0,0,0,0,0,0,0,0,0,0,0,0,0,0,0,0,0,0,0,0,0,0,0,0,0,0,0,0,0,0,0,0,0,0,0,0,0,0,0,0,0,0,0,0,0,0,0,0,0,0,0,0,0,0,0,0,0,0,0,0,0,0,0,0,0,0,0,0,0,0,0,0,0,0,0,0,0,0,0,0,0,0,0,0,0,0,0,0,0,0,0,0,0,0,0,0,0,0,0,0,0,0,0,0,0,0,0,0,0,0,0,0,0,0,0,0,0,0,0,0,0,0,0,0,0,0,0,0,0,0,0,0,0,0,0,0,0,0,0,0,0,0
2000,102080.2863888913,47531.6156860587,52180.3106060008,131375.5860213950,61346.8068565964,96707.5487211181,22407.4776278009,53325.2710223564,132438.3347179685,19861.8986805370,95137.0482526597,56907.6348010693,74854.8290079146,25498.9869085938,64229.9832061515,20554.6103656316,107370.8780317531,50936.2254448994,33725.5075151483,79469.0434702211,6121.9147144472,41269.3486650759,31708.6866670059,82064.3481588049,44731.0926532406,119881.3207709165,71415.4799154632,92213.2940159298,36585.2409673840,80620.3251676875,63036.0757895642,48085.4131970876,86290.9878793165,109528.8583876619,88552.6350725334,51822.9314409188,97144.5462861013,16410.7739913105,62588.2768861513,10343.9085841697,14959.3226351933,122489.4261579385,50712.4204649747,39512.8285705893,45375.7132246882,33656.7569912062,105769.9611607169,120874.0204016873,31370.3686388101,83951.8591647790,22235.2338608827,13695.7426050546,63841.6319833827,90974.8619343297,40100.8622197451,25381.9978453503,70870.3391026893,61509.1517733321,77451.4593665509,50919.7428069578,99969.3064228947,55885.4907919640,31366.3810769672,98760.6047373315,77735.9458345626,49060.2746889660,10409.6875438230,71597.1592328362,85939.8578097236,111647.3285676249,72145.5521706822,47728.2003526050,84427.4357448711,31730.2110418267,98176.5878864733,54402.7429789375,43244.5495851546,113230.6304461738,38206.5828089581,93777.9072455030,22462.7187502448,98651.8299989334,43242.3346253334,85711.4694118809,65947.9095171994,116427.2775050925,5973.5587377432,76579.8790586657,56148.5694452794,51605.0755023373,67691.5985889593,62776.0845338105,88278.4533630053,88573.1220645462,56508.4631782939,39948.9068436091,102223.8287171730,72040.5735622110,12463.9552321829,76583.1225866127,44313.0624681588,17767.2927698823,39269.5976335311,46206.6195987704,99192.6932808461,24066.5823765220,58814.5019398188,94006.0540792912,17659.2564247952,37441.0322187565,107403.3262399626,86435.0599668026,123797.6924780696,38254.4873533648,29657.0816428333,94918.8479972759,53601.6027894715,29097.9419885692,78501.8569503159,14359.2447716004,57506.4979508690,22223.4283629298,99586.3155876254,26717.3667218422,39655.0752674498,25425.2690356707,4538.4890797491,27202.2919239309,101335.6182174955,45609.4811542927,70425.3797842346,16856.7986204355,34782.3459246178,68202.1938917992,113176.3511901136,38360.0993641023,80735.8528576845,31716.2855148026,119747.1603596183,65095.4092072927,76290.4020834080,45040.3950465212,40540.3737558295,58237.8085996226,70074.6104697162,58317.0909205162,10520.2417434026,33008.9090610086,11767.0933507691,113469.0266539069,16863.5601344959,62570.0874171035,67582.3092965612,85646.3678713283,81282.9975939849,73489.3189296600,90078.0295423824,64478.9648287737,50635.8128619928,37289.5753454629,49890.0329070808,13835.6057528935,104295.0818626023,60450.9741022644,132347.0354462266,51075.2662430609,55740.8709830137,90135.7837806387,78894.8757184337,92239.5841571729,82938.1147809785,30634.3916224622,68130.7064770304,56744.1748550719,83348.9766785578,75115.5664444766,48201.5378998568,106485.8665485185,86823.4606546446,26498.9918720598,96433.9978494492,50423.8936520662,81276.4572200806,90301.8986176178,76502.3573026109,93509.8122607438,27150.9673838896,104154.0591538876,102588.2534986231,99197.0175545531,90343.1142974632,60192.3907416130,76141.0123656462,34874.1339639820,100388.9011903741,82774.4040135869,21375.1144068712,68986.4472076681,54046.8634335327,45298.3713515790
2001,106716.6366455064,39216.6323495488,60438.0762868988,131166.0427961708,60462.7611805715,104354.3741599738,23837.7313743687,59202.3981666216,134986.6048909602,19201.4549097598,96181.0435457897,50702.5992476720,78228.2761779697,33479.1197173031,72090.2602115014,15218.7065458609,110201.0437830166,53587.1439926473,26995.9650436697,86560.1114356738,12145.8786854139,38778.8493168586,36496.2482797040,81586.7820274704,52345.3042554969,123679.9671981507,72681.7220311078,95822.4671426853,37809.9842560593,88490.0029374622,70008.6705365970,40447.6358204904,91062.3293544248,111236.4125953120,90822.8259892820,60032.3041962143,96915.8767536489,22505.7838958857,66888.2105966059,7363.0576503603,13852.4928517246,124486.2810141972,51187.1206828254,45993.9284672800,49891.6725813065,25480.2034279228,109549.4166142649,123812.2119883465,27338.8931484450,84646.9752201110,15098.8768759333,18925.5668320790,66224.5412313900,97990.5967652493,48280.6337511548,28022.6041144442,70673.5559935520,62239.8706176560,79666.2754641337,49185.6959093241,102219.5327944602,63398.7901743123,30443.7711149732,104053.6508589540,82062.6353452637,55910.6486208981,13250.5828460589,79685.7345694787,93393.9486130729,115951.2149202164,78810.1940260618,41155.2669750184,87507.1562364714,38939.6389393942,101176.4944933942,58260.1877496499,35133.2740134419,116642.1204882731,41250.7347802160,98066.8426507598,18286.2818902210,105993.0108904090,43011.3449268306,87230.5076059580,69303.4791414112,118848.0516363957,10938.4555854986,84064.8743002087,61107.2899966588,59515.9066863373,75081.6553738712,70909.6798953457,96026.9165792696,88582.7677273444,58215.4238099201,32428.6092044279,102512.3406010027,79815.3706470123,2565.2175579628,76998.3248486709,45772.0048209464,25597.6944062630,30953.0064128232,51768.9119802355,100828.6603301248,29215.4863422183,65313.7470625690,98913.9672999031,20635.6831869702,45204.5977834844,109688.5889119388,90445.7424510462,126274.4951073481,43565.0175808144,22056.3515024456,95312.0751447798,52921.4938023503,35247.9530963492,79900.7867298445,12047.0872768773,60492.5638706407,29104.8296214935,103108.5251360191,24333.0053247817,33432.6185548515,25911.4748971575,7006.6718501803,21310.7343769100,105496.3823279093,53888.4183981582,72538.5184866054,8700.7216536798,32107.2714353585,68803.8963759667,117020.4655905913,37319.1232968796,84364.6624161497,34672.9027388198,123135.9729837614,66592.3364185843,75532.1195880471,53031.5453206932,47768.7575660582,66199.4290670555,73928.4607194409,58316.8828021806,12199.1874818726,27535.5973729919,19338.4085229878,116377.4295126725,11226.0301617923,70150.8446992761,66778.4569785382,92828.1515883986,88929.9726660489,80643.6652543358,90816.4831979792,64499.4112931711,57950.3886195656,41576.8315619207,51605.7052886321,14734.6508755916,107550.8851788661,64141.7051945417,132496.9497500204,55692.0879634938,56613.1356376897,93116.6467194119,81658.6987423379,99765.6861627165,83033.8576918453,31525.5061293112,74534.3303460859,64890.3070195752,85341.7541353197,83088.9766213689,47276.6820047397,110885.2635355674,90310.2512184036,33938.2899493323,99041.8983782440,56780.0536458229,88625.8914662379,92121.6381992604,76316.6204674086,100810.7472717566,31150.3527319741,105901.0962345472,105179.3099525223,104125.0658139499,91581.1208468981,67455.4673540140,80025.2733581297,41095.4992171323,107904.6342536970,87262.6055332969,25340.9478969522,76012.3450190691,60957.6919219690,51835.1458295959
2002,0,0,0,0,0,0,0,0,0,0,0,0,0,0,0,0,0,0,0,0,0,0,0,0,0,0,0,0,0,0,0,0,0,0,0,0,0,0,0,0,0,0,0,0,0,0,0,0,0,0,0,0,0,0,0,0,0,0,0,0,0,0,0,0,0,0,0,0,0,0,0,0,0,0,0,0,0,0,0,0,0,0,0,0,0,0,0,0,0,0,0,0,0,0,0,0,0,0,0,0,0,0,0,0,0,0,0,0,0,0,0,0,0,0,0,0,0,0,0,0,0,0,0,0,0,0,0,0,0,0,0,0,0,0,0,0,0,0,0,0,0,0,0,0,0,0,0,0,0,0,0,0,0,0,0,0,0,0,0,0,0,0,0,0,0,0,0,0,0,0,0,0,0,0,0,0,0,0,0,0,0,0,0,0,0,0,0,0,0,0,0,0,0,0,0,0,0,0,0,0
2003,0,0,0,0,0,0,0,0,0,0,0,0,0,0,0,0,0,0,0,0,0,0,0,0,0,0,0,0,0,0,0,0,0,0,0,0,0,0,0,0,0,0,0,0,0,0,0,0,0,0,0,0,0,0,0,0,0,0,0,0,0,0,0,0,0,0,0,0,0,0,0,0,0,0,0,0,0,0,0,0,0,0,0,0,0,0,0,0,0,0,0,0,0,0,0,0,0,0,0,0,0,0,0,0,0,0,0,0,0,0,0,0,0,0,0,0,0,0,0,0,0,0,0,0,0,0,0,0,0,0,0,0,0,0,0,0,0,0,0,0,0,0,0,0,0,0,0,0,0,0,0,0,0,0,0,0,0,0,0,0,0,0,0,0,0,0,0,0,0,0,0,0,0,0,0,0,0,0,0,0,0,0,0,0,0,0,0,0,0,0,0,0,0,0,0,0,0,0,0,0
2004,0,0,0,0,0,0,0,0,0,0,0,0,0,0,0,0,0,0,0,0,0,0,0,0,0,0,0,0,0,0,0,0,0,0,0,0,0,0,0,0,0,0,0,0,0,0,0,0,0,0,0,0,0,0,0,0,0,0,0,0,0,0,0,0,0,0,0,0,0,0,0,0,0,0,0,0,0,0,0,0,0,0,0,0,0,0,0,0,0,0,0,0,0,0,0,0,0,0,0,0,0,0,0,0,0,0,0,0,0,0,0,0,0,0,0,0,0,0,0,0,0,0,0,0,0,0,0,0,0,0,0,0,0,0,0,0,0,0,0,0,0,0,0,0,0,0,0,0,0,0,0,0,0,0,0,0,0,0,0,0,0,0,0,0,0,0,0,0,0,0,0,0,0,0,0,0,0,0,0,0,0,0,0,0,0,0,0,0,0,0,0,0,0,0,0,0,0,0,0,0
2005,108157.3249416801,48454.9441681174,51513.1433363735,138601.7692850016,68510.6726236311,99664.5790857395,12038.4374874210,58757.0794002249,139329.2083161602,26913.4542937706,102320.1957558650,61871.1569542370,81559.5033166355,28455.3356746601,66858.8610694014,20839.1402998253,114201.1099233839,57915.4110520079,38193.6478361161,83436.4058140600,10460.7844703136,48082.1850629479,38081.0664797177,89273.7859274179,48113.5910252436,126346.6598640038,78589.3153735977,98795.7998354461,43798.8957288959,83128.2342774186,67260.4790695379,51360.9186126358,92326.9208610389,116617.7761510399,95547.6897568287,53316.0533171075,104368.0060540430,22440.7407682275,68952.7878651367,15346.3333094025,13575.0556332581,129517.2066914857,57940.3010192858,44551.3469326898,51735.1674005722,35753.8003783168,112261.5599211331,127658.7956571910,37581.6406204013,91164.7899068692,26293.5252651794,3661.6755118292,70848.0501992080,94999.5238132456,41910.2884550475,32493.0582383029,78090.4943661270,68727.8580387932,84471.6678504710,57938.7200148808,106957.7838622204,59331.8860864004,38463.7981487261,104432.5869955935,84034.2830600983,53564.1154208925,17636.7773615241,73478.6823273752,89305.1033975259,117886.1346207428,76691.7419141275,52352.1494073628,91210.8111260579,36043.6993884188,104965.1896532282,60995.6466971949,45465.1309306504,119859.6377054321,45147.0758269725,100055.6627683846,28511.8224596067,102163.5260727421,50444.7917974863,92844.2081236722,72681.6364170419,123362.0596997325,4855.2013978804,79933.3410024911,62197.1715654043,54213.4208611725,71262.7708579560,64537.1414727638,91046.6908946212,95800.6953448282,63645.9538707917,43447.1865002009,109449.4384220436,74827.0773059604,12805.4570739518,83808.4716666410,51498.1490015244,21534.9472787118,40223.5273602407,51941.3160827678,106299.2409946239,30399.2719614597,63627.1877215194,99941.0195041711,24798.4633559515,40628.1541382512,114377.6716807864,92860.1355543250,130713.0404478457,44245.5409896249,33087.6743912937,102142.4292628774,60778.9068961121,34638.7200428275,85655.4694160884,20883.0345430396,64379.4382536549,27266.1736223383,106190.8241303739,33468.7271923298,44586.0752951210,32638.9612985385,11027.7205246674,32344.1178401928,107661.8442102060,46681.3957983067,77475.6577539392,19456.7741372861,41511.3847716102,75423.7322669882,119630.0703911157,45465.7742869015,87333.2029315362,38720.1743027285,126377.7372434443,72248.8654047502,83476.6922671317,47496.8844796182,44648.7749318375,60635.9701344110,76609.6524380454,65540.4965781578,5075.0053086919,38465.1835047449,16599.0722721164,120269.6574349577,22038.1660759887,65832.2854578204,74759.3552006955,89454.7760002135,84300.7522526406,77395.9398313476,97286.7444169618,71704.3544130449,54475.6608492990,43823.5154632224,57037.4765719595,4745.5161472792,110991.0590745342,67082.8743921466,139573.8051431435,57343.9169247466,62955.7766728372,96941.1196279295,85780.7350086869,95449.1612107978,90166.1233829072,37862.3912184201,72981.1709172309,58500.9905859590,90406.3859779137,77362.0807193664,55344.6833602440,112683.6010839910,93462.4636701623,30607.9059676834,103338.1886297817,55453.9942173486,84841.0616593700,97384.2526697135,83724.1927438391,97104.0863090204,33914.6615540924,111239.3050448387,109490.5569863650,105107.7739531142,97508.3277654632,64023.2868793064,82646.0872201401,40235.1549838020,103590.3352819751,88976.2662973885,28243.6402788860,73100.2638808767,58424.6439603324,50201.0963616543
2006,0,0,0,0,0,0,0,0,0,0,0,0,0,0,0,0,0,0,0,0,0,0,0,0,0,0,0,0,0,0,0,0,0,0,0,0,0,0,0,0,0,0,0,0,0,0,0,0,0,0,0,0,0,0,0,0,0,0,0,0,0,0,0,0,0,0,0,0,0,0,0,0,0,0,0,0,0,0,0,0,0,0,0,0,0,0,0,0,0,0,0,0,0,0,0,0,0,0,0,0,0,0,0,0,0,0,0,0,0,0,0,0,0,0,0,0,0,0,0,0,0,0,0,0,0,0,0,0,0,0,0,0,0,0,0,0,0,0,0,0,0,0,0,0,0,0,0,0,0,0,0,0,0,0,0,0,0,0,0,0,0,0,0,0,0,0,0,0,0,0,0,0,0,0,0,0,0,0,0,0,0,0,0,0,0,0,0,0,0,0,0,0,0,0,0,0,0,0,0,0
2007,0,0,0,0,0,0,0,0,0,0,0,0,0,0,0,0,0,0,0,0,0,0,0,0,0,0,0,0,0,0,0,0,0,0,0,0,0,0,0,0,0,0,0,0,0,0,0,0,0,0,0,0,0,0,0,0,0,0,0,0,0,0,0,0,0,0,0,0,0,0,0,0,0,0,0,0,0,0,0,0,0,0,0,0,0,0,0,0,0,0,0,0,0,0,0,0,0,0,0,0,0,0,0,0,0,0,0,0,0,0,0,0,0,0,0,0,0,0,0,0,0,0,0,0,0,0,0,0,0,0,0,0,0,0,0,0,0,0,0,0,0,0,0,0,0,0,0,0,0,0,0,0,0,0,0,0,0,0,0,0,0,0.0000000000,0,0,0,0,0,0,0,0,0,0,0,0,0,0,0,0,0,0,0,0,0,0,0,0,0,0,0,0,0,0,0,0,0,0,0,0,0,0
2008,0,0,0,0,0,0,0,0,0,0,0,0,0,0,0,0,0,0,0,0,0,0,0,0,0,0,0,0,0,0,0,0,0,0,0,0,0,0,0,0,0,0,0,0,0,0,0,0,0,0,0,0,0,0,0,0,0,0,0,0,0,0,0,0,0,0,0,0,0,0,0,0,0,0,0,0,0,0,0,0,0,0,0,0,0,0,0,0,0,0,0,0,0,0,0,0,0,0,0,0,0,0,0,0,0,0,0,0,0,0,0,0,0,0,0,0,0,0,0,0,0,0,0,0,0,0,0,0,0,0,0,0,0,0,0,0,0,0,0,0,0,0,0,0,0,0,0,0,0,0,0,0,0,0,0,0,0,0,0,0,0,0,0,0,0,0,0,0,0,0,0,0,0,0,0,0,0,0,0,0,0,0,0,0,0,0,0,0,0,0,0,0,0,0,0,0,0,0,0,0
2009,99370.3320199137,48505.1798840311,51637.6583615590,128838.2015567225,58967.4720999842,94794.7948452455,25033.0862809960,50762.2236679239,129675.1051345668,17723.6035184809,92469.5622938262,56079.8184125971,72084.9940730832,23854.1122816229,62469.8602222374,22065.9068124146,104603.0536281492,48181.8261661257,33286.7199660159,77268.8762066539,7925.7735258175,39295.1943967038,28976.2589790178,79591.5265063096,42783.8643691073,117123.1030207768,68739.3539746678,89447.7198932495,33962.8766137183,78869.5130895721,60782.0228112307,48111.3814065720,83589.9188907707,106805.6193172331,85803.0900661477,50490.8942441316,94624.3231134949,13799.8103147090,59844.6934055269,10299.9906014424,17622.8077390439,119747.8266679269,48146.9886137661,37075.3157333661,42637.3304329791,34293.2499076770,103010.0978133528,118104.5661263938,29911.2832196218,81324.6337361542,22180.8140295374,15728.5727723945,61093.3490560070,88748.0795537449,38721.1704408673,22662.4320355956,68367.1268204816,58896.2341289192,74706.8887954708,48730.1755813238,97218.8142766413,53881.6321709724,29115.5189044990,96122.7198503198,74998.1121134905,46751.2280566483,7881.7519459128,70070.6736386603,83911.9621125180,108913.6651728602,69789.9827362596,47113.0814513722,81657.7050559857,29545.7152063462,95407.0916054207,51638.5111730454,43747.8479801477,110462.4534602651,35445.1482813052,91040.8177773914,21213.4111883319,96568.4191410623,40799.8164484003,83007.5494244580,63177.7848214722,113668.6916075010,8531.1544833874,74566.7763951589,53454.2411136438,49888.4467035931,65624.8549977129,61312.2626885472,86433.8614136111,86025.7130377891,53806.3200203791,39926.7467075558,99633.7347914463,70213.3466735436,14271.5080190717,73992.9639550245,41647.6250917376,15969.2265332822,40286.7765731640,43581.8576452766,96476.3608865891,21350.5108984023,56402.1416136185,91320.4696218561,14953.5430749612,35596.4422550754,104650.4747295229,83682.0834823510,121036.8690455386,35584.3445148194,29772.1583925073,92319.7661190921,51203.6471229547,26555.2176499243,75810.4194468464,12891.9388697303,54740.1328132168,19874.1020667463,96819.4123560947,24857.8894591638,38923.5359660801,22971.2575759769,2966.4560503986,26469.8340990676,98592.0925872638,44459.7260249667,67688.2664408155,17646.1674542964,32901.8854515907,65597.1876899289,110419.3408960696,36084.2908500820,77969.8261361412,28963.9267459134,116978.8512371829,62403.5861682399,73867.9002684931,43403.5920973376,38376.9318882943,56570.1154883939,67313.2157163801,55802.8723447223,13257.4480798037,32028.2549929295,15602.4927343311,110700.0077118573,16336.1476925315,60609.0791577495,65178.7596894434,83486.4213217022,79368.1289255597,71313.6195694563,87442.9200569353,61952.6740857543,48522.5409771462,34533.3641692443,47193.7008853969,9951.4702024643,101525.1757801283,57684.0255606715,129763.2824011813,48347.4823120325,53119.0937796545,87366.7153333164,76130.2672521228,90252.9312764884,80383.3022240516,28079.3233642061,65697.9101965991,55300.6340536936,80614.4766264576,73459.6561826435,45861.9633427023,103758.0205922064,84055.3133258500,24425.4287511035,93671.5189451005,47965.8123782243,79193.3046202018,87575.8164806177,73991.6109725332,91405.9860752994,24381.3881377447,101429.3538027783,99825.7053416846,96514.7075731612,87660.1502606753,58059.8232689239,73381.5557989551,32361.1996666872,98397.6010837355,80048.7200942935,18605.5134523611,66756.0229273150,51763.8634544607,42884.4803577775
2010,0,0,0,0,0,0,0,0,0,0,0,0,0,0,0,0,0,0,0,0,0,0,0,0,0,0,0,0,0,0,0,0,0,0,0,0,0,0,0,0,0,0,0,0,0,0,0,0,0,0,0,0,0,0,0,0,0,0,0,0,0,0,0,0,0,0,0,0,0,0,0,0,0,0,0,0,0,0,0,0,0,0,0,0,0,0,0,0,0,0,0,0,0,0,0,0,0,0,0,0,0,0,0,0,0,0,0,0,0,0,0,0,0,0,0,0,0,0,0,0,0,0,0,0,0,0,0,0,0,0,0,0,0,0,0,0,0,0,0,0,0,0,0,0,0,0,0,0,0,0,0,0,0,0,0,0,0,0,0,0,0,0,0,0,0,0,0,0,0,0,0,0,0,0,0,0,0,0,0,0,0,0,0,0,0,0,0,0,0,0,0,0,0,0,0,0,0,0,0,0
2011,88830.4552529649,57208.8976547109,45957.2580608103,122207.1284156904,54029.4930779489,84603.8644507866,33731.9877074150,39854.0930398676,120421.6632821992,17184.5085144338,84755.5894203022,59113.1287081754,62426.0852267224,16711.1116918784,52727.8443557920,32197.7748352487,95204.7910145967,39474.0019399548,38439.5546021584,66570.2596677289,11894.7183112614,37540.0764813686,18780.5371885785,73705.2321824232,32701.2414509446,107013.7832068774,61063.3146307724,79531.4323111994,27575.3659678777,69084.9635650832,50022.1139336863,54268.7488314085,73010.9785564640,98354.8355272773,76968.9168161585,42105.8609467195,88262.3230759651,1263.2239007909,49605.4415453626,18725.9750206089,28412.0227340506,110982.2253121199,41894.6522067289,26149.3499530649,32397.9041269803,42444.3593858298,92941.5191582868,108581.5140544160,31357.4166398179,74086.7657862010,29139.2717683972,22509.6018062380,52406.3580982247,78003.8602088937,30421.5957677840,15649.7136459664,62344.7190636082,52001.3714755556,66014.9102144207,45318.0603475045,88332.4383816614,43595.8801031328,26240.9619324846,85326.7700741673,64674.3923933084,35936.3568817654,9078.8185645646,60916.2481845104,73502.7717640457,98527.4165882735,58908.8257475324,51159.1236578082,72168.6869206482,19027.4540812479,85912.9757568117,41783.9376388892,51353.4123300892,100619.3034866881,26742.6008892910,80694.8055796223,24424.8694563473,86043.1542183241,35827.3521945803,74901.7704096385,53603.0666685209,104566.2298891791,19373.8922393300,64202.0545489156,42866.8835268939,40352.6038548063,55172.4375185887,52398.8582932060,76407.6087826688,79487.8841264453,45948.3599785573,46139.6132438654,92652.4341919294,60271.5237459204,24905.0983194329,67162.2751309054,34486.5407969647,8835.3846983124,49195.5094868267,32769.0496339415,88152.0385611621,11126.8805699264,45483.4291372215,80669.7612083903,9684.2445990968,25886.9886342855,95697.6125215887,73521.2233103707,111864.4996566485,24921.5253751284,36744.3786389032,85290.2381003576,46280.2125229279,15628.8859838793,67901.2291741533,16899.2915739978,45584.4371098389,7037.9219437880,86938.2135464658,24802.8839622288,42816.3472521747,19145.5595914724,12983.3456600256,31050.4454408501,88302.5909970991,36796.1999391302,59170.6115953965,26775.5302490825,32030.3175160622,58702.7431093771,100294.4301104999,32575.7476964264,68087.8489311837,20759.1411126586,107135.9733486896,54589.5959944503,68416.2852128270,34179.1473362227,27830.7873581024,47112.1284390628,57329.9271382459,49859.9052103385,23107.5710767770,35325.4014872236,156.7362679916,101220.8132142839,22634.1333698684,50391.7421306117,59968.9237068204,72844.3399218359,69200.0078233835,60658.6647120573,80091.8675762320,55814.6706695815,38028.5523729149,24618.2920346777,39513.6833901693,17096.8426445907,91817.1422363797,47895.4223684786,122740.4065816267,37984.9046791403,46217.2819257263,77924.7689141645,66937.3157880482,79916.0399492680,73819.9742399584,22767.9259026401,54767.4260633667,46505.4952311064,72074.7478313042,63936.4668730414,41510.0392969961,93329.3047176836,74246.6841515128,14306.7732516630,84499.5797766181,37028.7411176843,68686.8976925379,79141.3258178919,67851.0691143136,80849.7741097005,15260.2019924410,92971.1456710268,90638.3273468226,85849.7658508211,79791.5180473897,47500.3997281397,63344.3771059343,21422.1791851123,88041.7027138000,69619.4525056284,10329.8556494690,56023.0216662886,40975.7666341811,31969.8191549933
2012,0,0,0,0,0,0,0,0,0,0,0,0,0,0,0,0,0,0,0,0,0,0,0,0,0,0,0,0,0,0,0,0,0,0,0,0,0,0,0,0,0,0,0,0,0,0,0,0,0,0,0,0,0,0,0,0,0,0,0,0,0,0,0,0,0,0,0,0,0,0,0,0,0,0,0,0,0,0,0,0,0,0,0,0,0,0,0,0,0,0,0,0,0,0,0,0,0,0,0,0,0,0,0,0,0,0,0,0,0,0,0,0,0,0,0,0,0,0,0,0,0,0,0,0,0,0,0,0,0,0,0,0,0,0,0,0,0,0,0,0,0,0,0,0,0,0,0,0,0,0,0,0,0,0,0,0,0,0,0,0,0,0,0,0,0,0,0,0,0,0,0,0,0,0,0,0,0,0,0,0,0,0,0,0,0,0,0,0,0,0,0,0,0,0,0,0,0,0,0,0
2013,0,0,0,0,0,0,0,0,0,0,0,0,0,0,0,0,0,0,0,0,0,0,0,0,0,0,0,0,0,0,0,0,0,0,0,0,0,0,0,0,0,0,0,0,0,0,0,0,0,0,0,0,0,0,0,0,0,0,0,0,0,0,0,0,0,0,0,0,0,0,0,0,0,0,0,0,0,0,0,0,0,0,0,0,0,0,0,0,0,0,0,0,0,0,0,0,0,0,0,0,0,0,0,0,0,0,0,0,0,0,0,0,0,0,0,0,0,0,0,0,0,0,0,0,0,0,0,0,0,0,0,0,0,0,0,0,0,0,0,0,0,0,0,0,0,0,0,0,0,0,0,0,0,0,0,0,0,0,0,0,0,0,0,0,0,0,0,0,0,0,0,0,0,0,0,0,0,0,0,0,0,0,0,0,0,0,0,0,0,0,0,0,0,0,0,0,0,0,0,0
2014,0,0,0,0,0,0,0,0,0,0,0,0,0,0,0,0,0,0,0,0,0,0,0,0,0,0,0,0,0,0,0,0,0,0,0,0,0,0,0,0,0,0,0,0,0,0,0,0,0,0,0,0,0,0,0,0,0,0,0,0,0,0,0,0,0,0,0,0,0,0,0,0,0,0,0,0,0,0,0,0,0,0,0,0,0,0,0,0,0,0,0,0,0,0,0,0,0,0,0,0,0,0,0,0,0,0,0,0,0,0,0,0,0,0,0,0,0,0,0,0,0,0,0,0,0,0,0,0,0,0,0,0,0,0,0,0,0,0,0,0,0,0,0,0,0,0,0,0,0,0,0,0,0,0,0,0,0,0,0,0,0,0,0,0,0,0,0,0,0,0,0,0,0,0,0,0,0,0,0,0,0,0,0,0,0,0,0,0,0,0,0,0,0,0,0,0,0,0,0,0
2015,0,0,0,0,0,0,0,0,0,0,0,0,0,0,0,0,0,0,0,0,0,0,0,0,0,0,0,0,0,0,0,0,0,0,0,0,0,0,0,0,0,0,0,0,0,0,0,0,0,0,0,0,0,0,0,0,0,0,0,0,0,0,0,0,0,0,0,0,0,0,0,0,0,0,0,0,0,0,0,0,0,0,0,0,0,0,0,0,0,0,0,0,0,0,0,0,0,0,0,0,0,0,0,0,0,0,0,0,0,0,0,0,0,0,0,0,0,0,0,0,0,0,0,0,0,0,0,0,0,0,0,0,0,0,0,0,0,0,0,0,0,0,0,0,0,0,0,0,0,0,0,0,0,0,0,0,0,0,0,0,0,0,0,0,0,0,0,0,0,0,0,0,0,0,0,0,0,0,0,0,0,0,0,0,0,0,0,0,0,0,0,0,0,0,0,0,0,0,0,0
2016,101527.5268339794,34670.2724886565,68865.1617482409,119590.2692268738,48793.8378502561,106531.8612323984,37104.2329861710,57432.2681488357,126361.4457127144,11457.5490357972,86006.3423404040,38151.3509830978,71365.5234609634,38890.8315238036,75575.8243922427,16276.7820261403,102126.5645881308,46337.3484152454,15310.3261854344,87120.7312026924,22215.8619200346,26241.3533888399,34005.3985578597,70034.6882344367,55403.0643613965,116931.7086270093,63048.1411838403,89049.1522373857,29444.6886221542,91765.2958065185,70557.7790043015,30743.9615771607,86319.2849833347,101704.3379595680,82188.0097405438,65698.3348242787,85472.3932384056,24719.1762640210,61814.1906177885,8766.6395271122,24279.1672833804,115218.6348649610,41134.9421326090,46210.3637852863,45879.5984455978,19714.2755595458,102891.3042038147,115784.3551435691,14149.8690903092,74204.5400742069,8106.5896956722,31723.4857141121,58174.9506100039,98172.3448004718,54030.2051149816,23076.9437462273,59492.6392829756,52181.8810644973,71114.9596892040,36998.0546085847,93436.7285490791,65760.9898241109,19921.5440870815,100126.2462286946,76681.7030552664,56564.7231187855,14538.9052866327,84196.4257675414,94999.2848374375,110092.4171217388,78343.9745083513,29059.3877002188,80045.7083120472,41457.2935498260,93428.4414671397,52720.1850424392,27967.5473110189,109353.8916361663,35325.1585865930,92373.8158796985,8410.3867526372,107078.0322573502,32465.0547815475,77692.9066280199,62610.2614543269,110153.7026111614,19315.0702990423,85907.8169678726,57415.4577170392,63502.9629221771,76765.8848692265,75832.1836575190,98693.7277343195,77414.9928797897,49471.2298745572,22573.3409353496,91511.2965872051,82806.7222669567,15423.1525608631,66348.8829609100,37200.8462416676,31189.8123481971,27206.1263462185,49661.0925266678,91293.0791845302,28352.2236941439,64762.2794543730,94312.3546281488,18190.3836597601,49095.2854529591,100886.2772339209,84390.9879043064,117605.2498450789,41447.1517251859,13273.9906907225,84462.7531706173,41582.1876305031,35568.9869375631,70313.8345717635,6766.8315806660,53487.2198064538,31760.6900120295,96115.3121722550,12728.6523495312,20911.3050256664,18018.5072541401,14848.9997802568,8449.3783446943,99499.7019077170,60367.2514207423,63979.1988596778,9651.2126053332,19639.1214167053,58473.3482775659,110397.2449937918,26157.0633890817,77789.5799825313,29243.3766112412,115763.8202265063,57359.2728734033,63792.8631142301,57574.4535964741,49813.2405482140,70264.0981329699,67919.6727479039,47541.5721596076,25535.9028597186,14370.2641151173,25216.9357709171,108361.8011774214,4.4388845991,72584.0265979911,55093.2249121247,93567.0114304731,91285.3587691797,81490.7872839895,80359.1365831084,53625.6323644014,59837.9259171072,37711.0564151812,43109.7205242600,26743.8870403335,100111.3086923226,58125.2716447854,121229.4226797684,51579.6565307711,46863.5925831274,85434.6332227109,73831.3611457948,101545.8973933410,71997.1223528532,23329.6663468474,73511.3612628516,70002.1361401675,76416.0684542948,86926.4179507970,35845.3805589293,105237.4360065628,83421.3191540067,37496.4672103141,90767.2988583726,56178.9823846123,89948.6383425274,82895.0886795530,65079.4590796078,101821.4767855876,27935.6523440397,96456.4994906401,96821.1147416736,99497.0712567166,81666.9600119895,68910.7192928391,73938.8781098617,41051.2389846703,109564.5214591775,82072.0013395702,23155.0629399518,76575.9118008943,61593.2203001860,51876.0878049525
2017,0,0,0,0,0,0,0,0,0,0,0,0,0,0,0,0,0,0,0,0,0,0,0,0,0,0,0,0,0,0,0,0,0,0,0,0,0,0,0,0,0,0,0,0,0,0,0,0,0,0,0,0,0,0,0,0,0,0,0,0,0,0,0,0,0,0,0,0,0,0,0,0,0,0,0,0,0,0,0,0,0,0,0,0,0,0,0,0,0,0,0,0,0,0,0,0,0,0,0,0,0,0,0,0,0,0,0,0,0,0,0,0,0,0,0,0,0,0,0,0,0,0,0,0,0,0,0,0,0,0,0,0,0,0,0,0,0,0,0,0,0,0,0,0,0,0,0,0,0,0,0,0,0,0,0,0,0,0,0,0,0,0,0,0,0,0,0,0,0,0,0,0,0,0,0,0,0,0,0,0,0,0,0,0,0,0,0,0,0,0,0,0,0,0,0,0,0,0,0,0
2018,0,0,0,0,0,0,0,0,0,0,0,0,0,0,0,0,0,0,0,0,0,0,0,0,0,0,0,0,0,0,0,0,0,0,0,0,0,0,0,0,0,0,0,0,0,0,0,0,0,0,0,0,0,0,0,0,0,0,0,0,0,0,0,0,0,0,0,0,0,0,0,0,0,0,0,0,0,0,0,0,0,0,0,0,0,0,0,0,0,0,0,0,0,0,0,0,0,0,0,0,0,0,0,0,0,0,0,0,0,0,0,0,0,0,0,0,0,0,0,0,0,0,0,0,0,0,0,0,0,0,0,0,0,0,0,0,0,0,0,0,0,0,0,0,0,0,0,0,0,0,0,0,0,0,0,0,0,0,0,0,0,0,0,0,0,0,0,0,0,0,0,0,0,0,0,0,0,0,0,0,0,0,0,0,0,0,0,0,0,0,0,0,0,0,0,0,0,0,0,0
2019,0,0,0,0,0,0,0,0,0,0,0,0,0,0,0,0,0,0,0,0,0,0,0,0,0,0,0,0,0,0,0,0,0,0,0,0.0000000000,0,0,0,0,0,0,0,0,0,0,0,0,0,0,0,0,0,0,0,0,0,0,0,0,0,0,0,0,0,0,0,0,0,0,0,0,0,0,0,0,0,0,0,0,0,0,0,0,0,0,0,0,0,0,0,0,0,0,0,0,0,0,0,0,0,0,0,0,0,0,0,0,0,0,0,0,0,0,0,0,0,0,0,0,0,0,0,0,0,0,0,0,0,0,0,0,0,0,0,0,0,0,0,0,0,0,0,0,0,0,0,0,0,0,0,0,0,0,0,0,0,0,0,0,0,0,0,0,0,0,0,0,0,0,0,0,0,0,0,0,0,0,0,0,0,0,0,0,0,0,0,0,0,0,0,0,0,0,0,0,0,0,0,0
2020,0,0,0,0,0,0,0,0,0,0,0,0,0,0,0,0,0,0,0,0,0,0,0,0,0,0,0,0,0,0,0,0,0,0,0,0,0,0,0,0,0,0,0,0,0,0,0,0,0,0,0,0,0,0,0,0,0,0,0,0,0,0,0,0,0,0,0,0,0,0,0,0,0,0,0,0,0,0,0,0,0,0,0,0,0,0,0,0,0,0,0,0,0,0,0,0,0,0,0,0,0,0,0,0,0,0,0,0,0,0,0,0,0,0,0,0,0,0,0,0,0,0,0,0,0,0,0,0,0,0,0,0,0,0,0,0,0,0,0,0,0,0,0,0,0,0,0,0,0,0,0,0,0,0,0,0,0,0,0,0,0,0,0,0,0,0,0,0,0,0,0,0,0,0,0,0,0,0,0,0,0,0,0,0,0,0,0,0,0,0,0,0,0,0,0,0,0,0,0,0
2021,0,0,0,0,0,0,0,0,0,0,0,0,0,0,0,0,0,0,0,0,0,0,0,0,0,0,0,0,0,0,0,0,0,0,0,0,0,0,0,0,0,0,0,0,0,0,0,0,0,0,0,0,0,0,0,0,0,0,0,0,0,0,0,0,0,0,0,0,0,0,0,0,0,0,0,0,0,0,0,0,0,0,0,0,0,0,0,0,0,0,0,0,0,0,0,0,0,0,0,0,0,0,0,0,0,0,0,0,0,0,0,0,0,0,0,0,0,0,0,0,0,0,0,0,0,0,0,0,0,0,0,0,0,0,0,0,0,0,0,0,0,0,0,0,0,0,0,0,0,0,0,0,0,0,0,0,0,0,0,0,0,0,0,0,0,0,0,0,0,0,0,0,0,0,0,0,0,0,0,0,0,0,0,0,0,0,0,0,0,0,0,0,0,0,0,0,0,0,0,0
2022,54369.6552115779,137826.8786429081,58022.9839969437,128326.6736330444,96757.3821948043,3058.6022354044,105812.5480660297,48665.5432800830,98059.0235798945,92684.6864782771,93213.0849387883,128661.6156991184,64025.7778361154,68643.3004215041,30688.9666302043,113718.3520147849,79620.6231318230,72180.2336980529,115423.4295190004,17722.5992800100,90754.6785730199,100437.4148199840,70117.7723897703,101398.8520477872,49126.0270469145,74479.9540366216,82925.6346208121,64297.3513563958,83057.3284225203,16376.4324306794,33036.6592249348,131249.0982707087,48774.9782098705,93547.8013427080,78049.6344144941,46415.3622954557,106648.2802862001,79408.4908932273,56658.4893943891,100156.4810074327,107468.0942813062,97979.6999714199,85991.4497770182,57012.4484041910,62549.4276721872,122866.3663716675,67242.4680967478,85843.4450940552,103859.2387380153,91786.4222319629,109218.2573737713,94784.7042675799,72793.2293036989,14541.0750708341,56005.1982965120,81577.6896477434,94695.6440730796,85359.5818592978,75657.7272609024,99106.1664818021,82736.8386759297,37990.7318562134,92474.0272884218,43826.7549980161,53932.4192787725,46660.1627929633,89862.8737086222,28051.1054283288,13853.4675016295,63227.9191220317,28155.5541155018,124339.5307380160,68348.9345355591,62511.8301462727,73496.7046816525,62829.1332087856,130787.9979161951,75606.0705117841,73997.6408964620,56331.7893510230,101537.4275716168,4396.9498985113,89605.0688983630,84649.0542574582,64415.6858389064,89360.6567300762,99374.8183649449,17339.1521634783,53728.0538095914,43051.8871503816,26434.7150967164,35833.5991602423,16667.7599143180,100063.3669189527,78000.6054120852,123883.7414813118,104396.2802929344,22639.1702919161,106143.1082766052,91590.9901941727,80540.6757443607,76106.4851304169,130150.5882043106,55865.5950757399,89016.9311994634,74828.6658834698,39989.7897748412,48128.4771125395,84983.0398263435,56497.8700818812,85945.8024980210,58213.4136579908,93200.5156096035,63081.7279109595,116242.4497525389,99517.6810181293,93463.6709411777,67603.2657640158,83507.6536975162,96631.0217076350,68561.6702812837,72446.6338286445,67839.5958189949,97256.5774338397,117021.1196835389,88373.6534712646,94421.2419452390,108387.7841334013,60461.8060974563,53428.2905399812,75471.3968542327,108208.0726728404,99651.4877159540,87638.6826019041,70086.6912296137,93219.6940828434,61795.7332994468,77325.2551896179,79605.3078433230,79996.1958092482,101228.0223829861,49794.3918977728,53739.5507384524,37157.6743811665,59380.7383131713,89973.8952158077,100452.7296421061,109937.9644844789,82153.2403448538,81896.1061617444,102865.0073073173,31288.7206807462,98214.2633275926,18365.7013186962,12896.1749146682,22205.4897011605,93917.7026995542,91174.9679554517,43544.9882673300,68511.5430646061,78345.6252787606,92702.5348346205,73066.4359400218,62413.0270160789,125170.3636324306,58831.3361803566,83736.7492045166,70905.6437340229,70570.5340431985,146.4878653620,96780.7695390815,85743.1813099019,33716.7833754250,40999.1565181858,79253.6311370201,22708.7578636999,93886.8099332150,59441.7633421188,64369.1539458712,67453.7463106236,77264.8204955268,47932.6886974563,13430.5149910286,83316.2000960926,96618.4470870343,5524.0873883980,76097.8334906510,90260.1130336961,80101.1822961613,49272.2311215755,89172.9678362077,34262.0319036737,58785.9742037917,62164.5119172884,3097.6872936488,52091.7522535652,80108.9369092317,27279.3788095898,41706.0866461062,51516.8594371598
2023,0,0,0,0,0,0,0,0,0,0,0,0,0,0,0,0,0,0,0,0,0,0,0,0,0,0,0,0,0,0,0,0,0,0,0,0,0,0,0,0,0,0,0,0,0,0,0,0,0,0,0,0,0,0,0,0,0,0,0,0,0,0,0,0,0,0,0,0,0,0,0,0,0,0,0,0,0,0,0,0,0,0,0,0,0,0,0,0,0,0,0,0,0,0,0,0,0,0,0,0,0,0,0,0,0,0,0,0,0,0,0,0,0,0,0,0,0,0,0,0,0,0,0,0,0,0,0,0,0,0,0,0,0,0,0,0,0,0,0,0,0,0,0,0,0,0,0,0,0,0,0,0,0,0,0,0,0,0,0,0,0,0,0,0,0,0,0,0,0,0,0,0,0,0,0,0,0,0,0,0,0,0,0,0,0,0,0,0,0,0,0,0,0,0,0,0,0,0,0,0
2024,0,0,0,0,0,0,0,0,0,0,0,0,0,0,0,0,0,0,0,0,0,0,0,0,0,0,0,0,0,0,0,0,0,0,0,0,0,0,0,0,0,0,0,0,0,0,0,0,0,0,0,0,0,0,0,0,0,0,0,0,0,0,0,0,0,0,0,0,0,0,0,0,0,0,0,0,0,0,0,0,0,0,0,0,0,0,0,0,0,0,0,0,0,0,0,0,0,0,0,0,0,0,0,0,0,0,0,0,0,0,0,0,0,0,0,0,0,0,0,0,0,0,0,0,0,0,0,0,0,0,0,0,0,0,0,0,0,0,0,0,0,0,0,0,0,0,0,0,0,0,0,0,0,0,0,0,0,0,0,0,0,0,0,0,0,0,0,0,0,0,0,0,0,0,0,0,0,0,0,0,0,0,0,0,0,0,0,0,0,0,0,0,0,0,0,0,0,0,0,0
2025,0,0,0,0,0,0,0,0,0,0,0,0,0,0,0,0,0,0,0,0,0,0,0,0,0,0,0,0,0,0,0,0,0,0,0,0,0,0,0,0,0,0,0,0,0,0,0,0,0,0,0,0,0,0,0,0,0,0,0,0,0,0,0,0,0,0,0,0,0,0,0,0,0,0,0,0,0,0,0,0,0,0,0,0,0,0,0,0,0,0,0,0,0,0,0,0,0,0,0,0,0,0,0,0,0,0,0,0,0,0,0,0,0,0,0,0,0,0,0,0,0,0,0,0,0,0,0,0,0,0,0,0,0,0,0,0,0,0,0,0,0,0,0,0,0,0,0,0,0,0,0,0,0,0,0,0,0,0,0,0,0,0,0,0,0,0,0,0,0,0,0,0,0,0,0,0,0,0,0,0,0,0,0,0,0,0,0,0,0,0,0,0,0,0,0,0,0,0,0,0
2026,0,0,0,0,0,0,0,0,0,0,0,0,0,0,0,0,0,0,0,0,0,0,0,0,0,0,0,0,0,0,0,0,0,0,0,0,0,0,0,0,0,0,0,0,0,0,0,0,0,0,0,0,0,0,0,0,0,0,0,0,0,0,0,0,0,0,0,0,0,0,0,0,0,0,0,0,0,0,0,0,0,0,0,0,0,0,0,0,0,0,0,0,0,0,0,0,0,0,0,0,0,0,0,0,0,0,0,0,0,0,0,0,0,0,0,0,0,0,0,0,0,0,0,0,0,0,0,0,0,0,0,0,0,0,0,0,0,0,0,0,0,0,0,0,0,0,0,0,0,0,0,0,0,0,0,0,0,0,0,0,0,0,0,0,0,0,0,0,0,0,0,0,0,0,0,0,0,0,0,0,0,0,0,0,0,0,0,0,0,0,0,0,0,0,0,0,0,0,0,0
2027,0,0,0,0,0,0,0,0,0,0,0,0,0,0,0,0,0,0,0,0,0,0,0,0,0,0,0,0,0,0,0,0,0,0,0,0,0,0,0,0,0,0,0,0,0,0,0,0,0,0,0,0,0,0,0,0,0,0,0,0,0,0,0,0,0,0,0,0,0,0,0,0,0,0,0,0,0,0,0,0,0,0,0,0,0,0,0,0,0,0,0,0,0,0,0,0,0,0,0,0,0,0,0,0,0,0,0,0,0,0,0,0,0,0,0,0,0,0,0,0,0,0,0,0,0,0,0,0,0,0,0,0,0,0,0,0,0,0,0,0,0,0,0,0,0,0,0,0,0,0,0,0,0,0,0,0,0,0,0,0,0,0,0,0,0,0,0,0,0,0,0,0,0,0,0,0,0,0,0,0,0,0,0,0,0,0,0,0,0,0,0,0,0,0,0,0,0,0,0,0
2028,0,0,0,0,0,0,0,0,0,0,0,0,0,0,0,0,0,0,0,0,0,0,0,0,0,0,0,0,0,0,0,0,0,0,0,0,0,0,0,0,0,0,0,0,0,0,0,0,0,0,0,0,0,0,0,0,0,0,0,0,0,0,0,0,0,0,0,0,0,0,0,0,0,0,0,0,0,0,0,0,0,0,0,0,0,0,0,0,0,0,0,0,0,0,0,0,0,0,0,0,0,0,0,0,0,0,0,0,0,0,0,0,0,0,0,0,0,0,0,0,0,0,0,0,0,0,0,0,0,0,0,0,0,0,0,0,0,0,0,0,0,0,0,0,0,0,0,0,0,0,0,0,0,0,0,0,0,0,0,0,0,0,0,0,0,0,0,0,0,0,0,0,0,0,0,0,0,0,0,0,0,0,0,0,0,0,0,0,0,0,0,0,0,0,0,0,0,0,0,0
2029,50745.6041660605,141559.5371286203,64097.1831663644,125689.0249182370,97719.4298287755,9765.1849794721,111044.5334556164,51187.2502801393,93903.1019852783,96188.7986014207,91608.7786882774,131029.5697942787,63446.7960789019,73380.9186732784,36120.9311731279,117981.9208919635,76522.7638644002,73739.4795462062,118707.3718843155,20002.2271113884,95371.0100143996,102783.3003170720,73425.8312183655,101040.1647618873,53743.6266706490,70127.0431628584,82870.1501822088,62012.8346056151,85575.8190187601,22555.7123993491,36357.5596884463,134392.9764805570,46847.8724376260,90860.9246205151,76478.2438731467,52080.3826680364,105405.5586159051,83533.1642522352,57450.9341708904,104278.9322997669,112220.4118591649,94527.4449284717,87525.0087809277,60690.0418328340,64941.3266016092,126608.9921094408,63773.7555918704,81948.8370466055,106875.3190078677,90983.9999641796,112974.0598437746,99864.0751628267,73251.3850085401,15529.9020628357,61259.2852062791,84886.1041780192,94939.4366985497,86101.3943148867,74977.0422561612,100815.0726576013,80369.6125205723,42528.3357203680,95312.4528123201,40195.3472387307,53045.5243387507,50348.9129925204,93903.7921952943,34193.8134994187,12582.5064714638,59044.5069827963,29973.5959067839,127114.9545540554,66906.1511765971,66788.3572346990,70948.4783985427,64288.0406125196,134299.9005388054,71849.2345956728,76564.1929454480,53670.2577728700,105010.2958667508,191.9538878623,91675.2671880203,83499.2533304261,64707.9661474291,85966.0569515547,103968.6449354741,21918.6158385772,55416.2177792052,48201.1077762346,30671.2394308004,41740.9257212864,14620.8831555271,99190.6467761336,79069.2826237164,127184.7421902090,102698.6588948420,28169.5645916306,110548.0790782845,91336.3166192929,82530.4713890363,80676.8255116858,134002.7333891960,58661.2737146083,86945.4720180537,78551.1682995445,42768.3737007133,45227.3820917848,88710.2659165033,61207.8587050431,83106.1983879774,56384.7547333835,89430.9050379128,66219.4552934759,119853.1371319595,98161.4000507642,94887.7865396077,71432.7553708067,82903.3088486733,100454.7906650788,69599.5521599181,76665.8322908518,64964.3986878132,100411.7954313679,119988.1782376875,91569.2176884758,98735.4171706232,111791.0141543412,57148.5998781329,59035.8450771176,75385.9818917940,112307.9059502977,102374.8221999900,87918.2634588794,66084.3820448288,95634.5347002850,60610.5677468146,80298.9299749321,75506.0853717683,80397.2632201907,101272.6212618087,54904.5671101962,57962.0342443651,42589.9642182777,59301.4229174469,91014.8007634499,105300.0667701982,113041.2863794516,86614.0614099476,78399.8807550955,106695.2833528898,36022.5791292070,98781.4361346819,13527.6749934020,18465.3263735804,25407.6717167269,92721.3541859801,91797.5021337652,47778.4180931412,71380.7232460034,79929.2722090714,97565.0207114611,69964.4747013643,63277.3674534815,122315.7324228905,60814.4980894954,84889.7085392967,68997.0014102013,69677.5696443214,10550.5627690139,96208.9401817448,88633.9049195153,35499.4713041507,46715.8125220269,78151.8836453723,28821.5791557205,95678.0265149921,55576.4855184827,62615.3306564454,71876.8325014588,74997.6791607953,51059.6386438177,17102.0527238576,81756.7184519247,96509.3865095729,3747.8344033536,79475.2515173888,87850.1895281587,77418.7520150381,45779.9669380667,87797.7574326552,38289.5872616915,58064.3652339654,65847.2473242393,2511.8569982787,50612.9997488921,83755.9921657080,30375.1242434533,45304.9086129859,55035.0428767768
2030,0,0,0,0,0,0,0,0,0,0,0,0,0,0,0,0,0,0,0,0,0,0,0,0,0,0,0,0,0,0,0,0,0,0,0,0,0,0,0,0,0,0,0,0,0,0,0,0,0,0,0,0,0,0,0,0,0,0,0,0,0,0,0,0,0,0,0,0,0,0,0,0,0,0,0,0,0,0,0,0,0,0,0,0,0,0,0,0,0,0,0,0,0,0,0,0,0,0,0,0,0,0,0,0,0,0,0,0,0,0,0,0,0,0,0,0,0,0,0,0,0,0,0,0,0,0,0,0,0,0,0,0,0,0,0,0,0,0,0,0,0,0,0,0,0,0,0,0,0,0,0,0,0,0.0000000000,0,0,0,0,0,0,0,0,0,0,0,0,0,0,0,0,0,0,0,0,0,0,0,0,0,0,0,0,0,0,0,0,0,0,0,0,0,0,0,0,0,0,0,0,0,0
2031,0,0,0,0,0,0,0,0,0,0,0,0,0,0,0,0,0,0,0,0,0,0,0,0,0,0,0,0,0,0,0,0,0,0,0,0,0,0,0,0,0,0,0,0,0,0,0,0,0,0,0,0,0,0,0,0,0,0,0,0,0,0,0,0,0,0,0,0,0,0,0,0,0,0,0,0,0,0,0,0,0,0,0,0,0,0,0,0,0,0,0,0,0,0,0,0,0,0,0,0,0,0,0,0,0,0,0,0,0,0,0,0,0,0,0,0,0,0,0,0,0,0,0,0,0,0,0,0,0,0,0,0,0,0,0,0,0,0,0,0,0,0,0,0,0,0,0,0,0,0,0,0,0,0,0,0,0,0,0,0,0,0,0,0,0,0,0,0,0,0,0,0,0,0,0,0,0,0,0,0,0,0,0,0,0,0,0,0,0,0,0,0,0,0,0,0,0,0,0,0
2032,0,0,0,0,0,0,0,0,0,0,0,0,0,0,0,0,0,0,0,0,0,0,0,0,0,0,0,0,0,0,0,0,0,0,0,0,0,0,0,0,0,0,0,0,0,0,0,0,0,0,0,0,0,0,0,0,0,0,0,0,0,0,0,0,0,0,0,0,0,0,0,0,0,0,0,0,0,0,0,0,0,0,0,0,0,0,0,0,0,0,0,0,0,0,0,0,0,0,0,0,0,0,0,0,0,0,0,0,0,0,0,0,0,0,0,0,0,0,0,0,0,0,0,0,0,0,0,0,0,0,0,0,0,0,0,0,0,0,0,0,0,0,0,0,0,0,0,0,0,0,0,0,0,0,0,0,0,0,0,0,0,0,0,0,0,0,0,0,0,0,0,0,0,0,0,0,0,0,0,0,0,0,0,0,0,0,0,0,0,0,0,0,0,0,0,0,0,0,0,0
2033,60147.5151301688,106992.7281434807,33508.4638430597,122593.7285110861,75100.2253466090,34446.8446537908,74768.7865663425,24612.7048333549,102600.2027319359,62531.0679521956,83790.8888611125,101094.8032799504,52433.7231569769,37057.0454616830,4504.2803073066,82285.3209849554,79284.0469238706,49480.2188122350,85554.0028482544,19699.8834721537,59165.0372771688,73419.4827633692,40917.7018801489,85376.0888336680,17568.8981064681,81918.9602820374,66667.3208009646,61378.0259740461,55965.3925524997,19493.5135464738,10798.0124415634,101587.5331703147,47053.7601770832,89825.1290335731,69729.6438566594,18348.4951107813,94607.6757381643,48219.6036664459,39518.4638106702,68888.6700134170,75893.7072247135,98283.7822981390,62497.0594356695,27215.8877642863,37147.6350214308,92061.7350862938,70293.5591261550,89574.8920692210,74768.2727407921,78457.2239131610,78447.3327486521,63483.8920880688,55030.9661849509,30866.7047227883,25203.0197785003,52074.8354194760,76268.3746140389,65269.3262492737,63097.2909312799,74382.9071191152,78134.5014892076,10888.4502967806,64080.5832262364,51808.2962605822,45758.3107934443,17589.0963270786,58737.7236381520,15794.0236770118,23839.4159079428,70829.9578813035,18583.3896986498,95655.7321145949,60500.9558906887,31228.5038122080,70788.0312167304,41534.6283105904,100358.1747471563,79388.7515384881,47122.3057009716,56696.0567067262,71364.9532037367,36764.0073272035,63872.6277636907,73579.6829534095,48462.0230955707,89902.3746924847,67786.7644958641,14489.3438766621,32745.8888031114,12139.7934924997,4122.7382104304,13467.2456228006,26258.7650062639,86561.6754417690,56983.8562527695,93917.5944191607,94764.1970404567,19042.2382472936,74619.3689113398,75648.6447597457,55511.9799741610,44530.9927790687,99157.0281987736,29443.5123369724,82325.2275474772,44423.3232833028,17091.4278675012,51427.8071393582,54436.2920859118,24906.2793468251,83630.6086077973,53941.4152398828,95674.3719651020,34745.8866879333,85695.0819348462,88434.2954782837,70059.1862155517,37082.8663787059,69837.2744609824,65810.9940111294,48543.2177940994,41170.4011590127,67567.0938324994,67890.6259774297,87905.2096543440,59043.3456023336,62973.9180033878,78308.9593020184,63581.9873201217,24391.1640683034,60024.4661378383,76946.2298827639,71458.1953242578,69477.9119630764,75853.5088283532,66157.2039543801,53614.8623475124,48918.6791685688,85057.3494375911,61840.8226856380,83359.7057779562,18652.8947084266,22661.3487091315,8603.0224670780,46062.4578389904,68315.6259861879,68919.5980113683,80548.8561015437,50621.0159421692,83607.8438353326,72000.1802145985,432.4497392173,78174.2284416199,24773.3461165130,19024.3680075801,13983.7218663505,82387.2952780752,71258.2785295358,12803.1943259090,40826.5781253373,55088.4966153303,61177.3138400238,73411.9901501183,43980.0305626065,120753.0954470368,35642.0051865141,61958.5810432139,65129.6756897068,59649.5912397226,29983.0517029160,82020.5795118051,57349.7045030557,19752.9507779794,14298.1072282711,68429.0790193765,15825.0928205297,69035.7731599899,65736.7188287314,58685.1166274250,35978.2977834413,72653.7467684860,21125.6746123321,19648.5192276204,74437.7104556897,79693.9829530892,31823.5653600571,46529.2976391841,85272.5757794291,77437.6335224585,55324.0466276724,78878.2517629506,6835.7209787600,48792.3318228967,32149.9841777952,38132.3239981640,47315.3975853643,49793.2775410069,18911.7006481805,13850.7040089919,22619.7212418058
2034,0,0,0,0,0,0,0,0,0,0,0,0,0,0,0,0,0,0,0,0,0,0,0,0,0,0,0,0,0,0,0,0,0,0,0,0,0,0,0,0,0,0,0,0,0,0,0,0,0,0,0,0,0,0,0,0,0,0,0,0,0,0,0,0,0,0,0,0,0,0,0,0,0,0,0,0,0,0,0,0,0,0,0,0,0,0,0,0,0,0,0,0,0,0,0,0,0,0,0,0,0,0,0,0,0,0,0,0,0,0,0,0,0,0,0,0,0,0,0,0,0,0,0,0,0,0,0,0,0,0,0,0,0,0,0,0,0,0,0,0,0,0,0,0,0,0,0,0,0,0,0,0,0,0,0,0,0,0,0,0,0,0,0,0,0,0,0,0,0,0,0,0,0,0,0,0,0,0,0,0,0,0,0,0,0,0,0,0,0,0,0,0,0,0,0,0,0,0,0,0
2035,80639.2676797781,56229.3218883209,56340.8086362856,108460.5506216086,39905.7202553910,85749.5265958730,45920.6620316258,35538.5396458004,108940.8947191633,10674.7028136338,71595.6123971224,49929.3585888650,51837.0881782532,25113.8492596217,56205.5927475075,36184.1749746225,83992.3935656489,27392.8053581627,33270.3350682427,65678.1124703581,23979.3006983065,24967.0276970893,12213.4142377558,59683.0883119888,36419.9731289377,97284.2117193556,47851.6597489731,69422.2236134650,13525.5844225788,71897.1367759571,49259.5457601801,49225.3690405267,65139.9636783070,85860.2965813710,64940.1737674850,49131.8641278192,74388.5686445128,12011.4106738685,40747.7073595670,22555.4415906280,37568.7171261938,98840.9246738108,27890.7003763173,25316.4282559927,24176.2153724894,41391.2258599005,83154.6401747371,97564.5122393474,22549.0694039252,60596.3840507571,27977.5520049761,35638.6432755445,40232.2239145926,76541.4555676474,38441.3029172383,1510.0003656800,48336.6200164513,38280.1509620220,53818.2004495137,31569.6713682515,76359.4169827138,45709.6126143538,13652.6795083272,78603.1946084548,55867.8006752004,35579.8239117331,13568.5057344803,65593.5446558375,73984.9623709628,89679.4966146176,56612.2835190044,43510.2144514245,61184.8283007998,23151.2574758952,74891.7381798582,31942.5226971018,48714.0807169229,90260.1118549455,14861.8735438838,71814.0831483994,19425.6469999242,85739.9303032650,21738.9978622292,62064.4187721896,42909.5440629442,92875.5668132066,28819.6856653970,65116.4028190516,35680.7924522107,45055.8580248292,55999.2557302919,57912.4703349408,78289.9954259501,65666.8610717832,32868.2283532476,41711.6990007716,79042.9126059907,62859.6988310898,31181.5612966612,53445.6726450086,20839.9585717185,20231.5558435275,49051.4265651521,27757.5701657049,75527.7464172434,8685.6039116165,43093.4205379762,73077.0782466841,7193.2469955609,31537.9938639640,83806.3747532879,64103.5617696860,100269.1347690347,19607.5436435248,34386.4780405335,71697.8311660244,32164.9378185062,15676.5663742640,54885.4169812336,16391.3008305874,34165.3108813235,15875.1120895703,76711.7331186315,15560.9206068945,35571.2596930575,9602.6166370764,20784.3803348986,26210.8049444685,79183.0206297327,45287.0228256879,46770.3066855613,29490.7359880257,20637.3214972576,44998.9837744048,90630.1556978308,19074.6723934301,57965.7222777235,8277.9829223762,96759.2057332463,41481.0963906288,54317.8791239162,40102.4885642822,30194.2016214820,51617.6260356833,47568.3406853767,35808.3707973999,34188.8021477508,28153.6817320701,18115.3183392818,90138.1273379848,22266.6355704519,52411.3125244474,45846.1260853090,72156.1328637973,70754.1145580690,60215.1143987591,66677.7976317991,41822.2467875575,39602.9686591224,15884.1168723211,26268.3779896528,29869.9499194900,81194.4069572489,37762.5577568458,109173.9745034758,29956.7859208120,32480.3913748117,66832.7030834208,55456.5055937308,80575.5464652320,60000.6627952827,8792.5854576152,51675.2424744439,52528.2303529152,59687.7561894770,67617.7638882460,27503.9152247358,84662.8886183626,63913.2951640847,21270.0480500675,72940.2230079453,34588.4280411227,68829.2065911878,66633.3960606086,53882.5890018944,80477.9004228822,6913.7790542517,80485.3810030299,79092.0146877633,78285.6716912239,66749.6292182962,48136.0714092599,53663.7576586197,20266.5747481272,88480.3155543213,61145.6379186058,2684.4413592818,55218.3947670264,40480.5325349518,30667.8734263535
2036,0,0,0,0,0,0,0,0,0,0,0,0,0,0,0,0,0,0,0,0,0,0,0,0,0,0,0,0,0,0,0,0,0,0,0,0,0,0,0,0,0,0,0,0,0,0,0,0,0,0,0,0,0,0,0,0,0,0,0,0,0,0,0,0,0,0,0,0,0,0,0,0,0,0,0,0,0,0,0,0,0,0,0,0,0,0,0,0,0,0,0,0,0,0,0,0,0,0,0,0,0,0,0,0,0,0,0,0,0,0,0,0,0,0,0,0,0,0,0,0,0,0,0,0,0,0,0,0,0,0,0,0,0,0,0,0,0,0,0,0,0,0,0,0,0,0,0,0,0,0,0,0,0,0,0,0,0,0,0,0,0,0,0,0,0,0,0,0,0,0,0,0,0,0,0,0,0,0,0,0,0,0,0,0,0,0,0,0,0,0,0,0,0,0,0,0,0,0,0,0
2037,0,0,0,0,0,0,0,0,0,0,0,0,0,0,0,0,0,0,0,0,0,0,0,0,0,0,0,0,0,0,0,0,0,0,0,0,0,0,0,0,0,0,0,0,0,0,0,0,0,0,0,0,0,0,0,0,0,0,0,0,0,0,0,0,0,0,0,0,0,0,0,0,0,0,0,0,0,0,0,0,0,0,0,0,0,0,0,0,0,0,0,0,0,0,0,0,0,0,0,0,0,0,0,0,0,0,0,0,0,0,0,0,0,0,0,0,0,0,0,0,0,0,0,0,0,0,0,0,0,0,0,0,0,0,0,0,0,0,0,0,0,0,0,0,0,0,0,0,0,0,0,0,0,0,0,0,0,0,0,0,0,0,0,0,0,0,0,0,0,0,0,0,0,0,0,0,0,0,0,0,0,0,0,0,0,0,0,0,0,0,0,0,0,0,0,0,0,0,0,0
2038,0,0,0,0,0,0,0,0,0,0,0,0,0,0,0,0,0,0,0,0,0,0,0,0,0,0,0,0,0,0,0,0,0,0,0,0,0,0,0,0,0,0,0,0,0,0,0,0,0,0,0,0,0,0,0,0,0,0,0,0,0,0,0,0,0,0,0,0,0,0,0,0,0,0,0,0,0,0,0,0,0,0,0,0,0,0,0,0,0,0,0,0,0,0,0,0,0,0,0,0,0,0,0,0,0,0,0,0,0,0,0,0,0,0,0,0,0,0,0,0,0,0,0,0,0,0,0,0,0,0,0,0,0,0,0,0,0,0,0,0,0,0,0,0,0,0,0,0,0,0,0,0,0,0,0,0,0,0,0,0,0,0,0,0,0,0,0,0,0,0,0,0,0,0,0,0,0,0,0,0,0,0,0,0,0,0,0,0,0,0,0,0,0,0,0,0,0,0,0,0
2039,74834.2142665731,64589.4616100619,49762.9762809062,108852.7286295535,43100.7984812200,77071.8967768066,48364.3992120570,27624.5361406533,105794.8189476690,19156.5471683977,70780.3245672565,58186.4097045894,47801.4818977888,19628.1450075942,47565.3395438032,43062.6383825367,80571.9869502423,25178.8467794515,41969.3709012811,57178.8499506799,26414.6361930181,31996.9064604833,1694.2463038235,61311.3090812420,27949.9594474130,92563.7698594400,47261.5137905663,64977.8195920011,16824.9705455811,63192.1287153305,40683.9886509526,57939.5895386181,59097.7223716409,83951.8635676070,62450.7581225166,41238.2647100365,75288.5551208732,11571.0171286345,35241.6532154575,29065.9258890553,42166.0866513750,96453.8954901126,29959.9832462719,16607.4313977396,18036.0105727233,49675.0578571426,78464.4665482280,93951.5262135551,31145.3482421099,60507.6853424041,36107.2499960682,37063.3161254903,38017.9299857004,68166.4318199384,31140.8315012370,8453.7117671765,50003.6408877672,39014.7097503621,51572.3573313004,36757.6999406443,73785.5600858287,37009.5690323748,21255.6339886285,71978.7168840046,50395.6777819058,26899.4110807031,18851.7131165160,57057.1604184214,65343.0586293305,84314.6376382383,48334.1086436536,52096.3289894228,57535.4188710548,15286.0983603977,71280.2388806561,27185.2852057194,57274.4318225036,86046.0852821989,12785.7041602942,66438.6730673676,28000.7380388754,77200.8216766531,26024.1916380590,60726.9432220648,38970.1877448984,89961.3453865409,33090.7413697135,56431.8411067497,29047.0492282903,36648.7444658746,47306.7631774191,49552.1684304169,69578.4815559678,66435.6477418179,32201.6038200419,50397.6009214752,79153.3209549359,54154.1352091432,37065.2493852498,53984.6048321154,21885.8789260935,17389.5091279080,57219.3369664354,19948.9344195553,73823.2176540624,1257.2656982343,34748.6321049286,66898.4954370577,12097.4733181818,23652.4025855023,81127.7016033079,59098.6616048015,97247.4245056568,11656.4209272877,42821.0121577938,71795.2258925776,35725.5422948070,1749.9942936549,53882.5453735718,23891.4992182478,31025.7486317938,15083.8741462657,72374.0986776421,24210.4361178946,44233.4936717698,15430.2407882715,25545.1882471571,34855.5845595391,73989.1291203599,37994.0373987606,44836.0031043371,36641.3501166437,28577.0925195987,45586.9158025627,85853.1413351896,25293.5938942107,53516.9385812927,8320.9110954559,92564.0286671129,40751.2737250555,56539.9784932082,32046.9601197181,21622.8426049155,43122.7025013325,42794.2606478767,37936.6987419006,37512.1995323864,36850.2415340250,18205.4066501473,86588.3125598803,30053.4813758648,43699.5874377994,48541.1422203851,63643.9411007162,62047.3685155491,51639.7012508959,66387.7470291216,43501.0693221346,30896.3692165759,17253.3261777302,26091.4844304076,31728.3909638124,77208.0104990585,33285.4219534689,109102.5606281632,23770.4685745782,33377.7821550497,63291.7419827735,52334.6426315286,71927.3660681869,60800.9975683023,15006.2295147243,43558.6932041934,44321.2713149006,57683.1948924099,58967.3780202419,32011.4023577130,79168.7426270418,59655.7211421312,14825.3790814482,69890.4129671423,26169.1334730248,60210.0099065366,64780.5723342254,55297.7203383736,71939.1553173402,1878.8825061352,78572.8978217940,76024.4904292117,72105.4481937055,65739.1045022442,39439.3739612818,48839.5904578149,20607.2273296210,79860.6923087770,55466.8781212623,7006.8990301706,46672.3954511675,31834.9862551327,22033.1996335084
2040,79771.6030885209,56765.8562974007,56750.1490256568,107491.7950816386,39042.7518984473,85422.1506449782,46920.5943090630,34959.6962027320,107951.8011410857,11240.8333167597,70598.7920818436,49836.9483666535,50883.4289758039,25605.6815405943,56085.1725544209,37021.3344523782,83011.3851999533,26405.3435590107,33597.9934511517,65241.2908039754,24971.6174423125,24521.4789157167,11753.6742411192,58749.3519613040,36391.2576020844,96347.6757620944,46854.4388850738,68478.8302603078,12590.6146052555,71700.5662491292,48866.1254849916,49500.2259837973,64296.4784374238,84859.0345310245,63944.2415422836,49289.7629534303,73431.1003871914,12808.3760455117,39881.5153684175,23451.5091433754,38548.8377308729,97841.9213616844,26948.7481429330,25056.8611370491,23399.0402591950,41962.7885412323,82219.1355006881,96587.0420459413,22626.6372976295,59609.2569903761,28611.3895247988,36619.5620000482,39237.3128573677,76053.6927270534,38713.1418637054,409.9242320072,47398.8156880048,37303.7912442061,52820.8171162755,30866.4292159104,75363.4888693658,45524.4116822417,13294.9300065801,77808.3239123776,54986.6161547571,35269.7890246487,14557.3652002111,65540.0641355432,73626.5393604370,88779.5670414996,56101.1033012033,43583.0738595410,60214.3813792580,23278.0740731348,73917.1450929330,31042.1871686137,49162.6657117977,89303.0284949962,13905.3318830872,70919.5105904934,19896.0761687871,85317.0076778876,20918.2230274037,61063.3003100943,41957.4472275813,91883.3459745467,29812.4355401627,64800.1583038266,34919.6233749268,45056.7045255176,55695.2960593028,57935.2698705638,78020.6501469973,64702.9317931201,31867.5995574173,42056.9757927162,78063.2521137703,62662.4394763131,32109.3271585356,52471.2670249627,19852.6049850534,20944.7837563346,49653.1199758520,27175.5678201542,74526.2810192658,8901.8014972017,42611.5771947097,72241.8795942545,7021.1623342593,31679.9949676327,82811.2616461483,63189.7366769230,99278.2651161999,19086.4869749293,34907.6803691183,70716.7269131374,31315.7452015887,15677.4984655537,53885.5211341063,17191.5546471556,33193.5068445643,16345.5297940161,75761.9840681675,15689.1885699537,35711.8436470861,9432.6478944834,21773.5906889439,26614.2981499252,78275.1707468908,45568.3431645530,45771.0300144831,30304.5478011170,20407.7837474266,44022.4813267269,89697.4218896273,18465.1823987716,57026.5112110710,10395.1772064851,95800.5262351080,40481.5365454009,53409.7048768055,40212.4235864622,30114.2405474852,51582.7484427981,46650.8553802118,34880.4566425473,35189.9538116459,28345.1417167799,19008.1377301847,89159.7266715048,22993.9104788301,52198.3473882027,44958.0412617611,71723.2609309871,70472.3295059890,59817.1495886605,65687.9725893612,40880.3818598513,39405.8960274477,15144.1369872159,25268.9730314538,30856.4179673105,80230.5258500066,36838.8725090340,108193.0744251236,29164.3468421700,31503.9178393701,65857.6713549958,54473.5006714113,80221.0494080843,59036.0913682334,12464.8771283714,51123.9399194687,52601.7027566119,58687.7452865086,67489.1606752991,26721.7018458936,83772.3676466302,62963.6758499727,21622.1462353378,71952.3512774194,34140.3921261216,68455.4025014287,65632.3340137155,52937.4649034270,80055.7536960031,6080.0108653945,79484.2053705451,78103.7473922475,77448.8546342954,65750.5689567447,47840.4844726634,52745.0322075081,20057.4166985343,88103.3487555692,60276.0001607997,4143.8650004204,54807.0082887819,40136.2975732493,30324.2907035054
2041,0,0,0,0,0,0,0,0,0,0,0,0,0,0,0,0,0,0,0,0,0,0,0,0,0,0,0,0,0,0,0,0,0,0,0,0,0,0,0,0,0,0,0,0,0,0,0,0,0,0,0,0,0,0,0,0,0,0,0,0,0,0,0,0,0,0,0,0,0,0,0,0,0,0,0,0,0,0,0,0,0,0,0,0,0,0,0,0,0,0,0,0,0,0,0,0,0,0,0,0,0,0,0,0,0,0,0,0,0,0,0,0,0,0,0,0,0,0,0,0,0,0,0,0,0,0,0,0,0,0,0,0,0,0,0,0,0,0,0,0,0,0,0,0,0,0,0,0,0,0,0,0,0,0,0,0,0,0,0,0,0,0,0,0,0,0,0,0,0,0,0,0,0,0,0,0,0,0,0,0,0,0,0,0,0,0,0,0,0,0,0,0,0,0,0,0,0,0,0,0
2042,54942.1722994233,104815.7896211424,38376.3001636917,116255.2020765570,69535.4516764831,36435.9849982627,75631.4407351461,18876.5106348328,96851.3017245168,59750.7809711448,77435.3781104548,97070.7853789694,46079.9063280896,36947.7521635950,12104.3825163826,80972.4021242898,73273.7199927609,43912.3743596765,82606.2115834706,18161.3723074596,58604.8843589717,69117.4629728048,37428.1873806501,79234.8260795660,17416.0775709384,76604.7700450825,60479.7981342362,55320.9801976527,51598.3928714466,23568.7449279418,2773.5638215042,98529.6098273848,41308.9548661434,83584.6332683569,63394.0738730162,22794.0262835738,88295.3138919894,46527.3342589507,33232.2083460884,67278.0418846216,75595.2689634315,92229.8090557297,57191.3451003294,24056.1638459934,32039.3885638097,89855.2858003052,64638.9530070563,83824.1531009313,71348.7083379236,72161.1272533844,76207.1723898918,64040.8510266275,48892.2130207714,29732.2700445426,27234.1356673329,48823.7835986645,70296.9922396341,59429.7044035288,56754.4067989969,69420.4503562331,71891.0834507442,10967.0313029831,60285.5596743191,47108.8014676885,39537.5030298833,13761.4930488091,56925.9932391805,21870.4721802438,24859.3740507780,65666.0629363292,20952.7655868025,92080.1449472387,54200.5318213444,29805.3006947730,64674.5262393992,35649.7400495658,97822.1994459192,73716.2334673405,42608.3279386747,50965.9348604934,68610.1278498032,37262.5958231661,59118.8128433321,67228.3460980654,42175.1425618612,83897.8933758293,67155.5135710774,15790.0133167786,26690.3280674973,15113.3256956807,5407.3746036049,19686.5277369625,29063.0848449909,80287.1184737164,51211.9477094641,91042.1952050467,88411.0181084346,14911.1554711656,73580.7208626332,69473.0721338189,50508.4445099194,43905.6655451260,97150.5238763492,24519.5506684509,76003.8082079933,41827.1255800492,14953.2790027466,46124.3119909838,51976.5585419972,24909.7854596317,77476.8215945523,47867.5696210396,89785.6266690855,30724.9897772843,83249.9476124816,82094.2904527932,64781.7041667373,34592.1681369824,63534.9160097104,63622.4358414731,42571.7647433126,39657.8060943080,61647.9556101406,64604.9164360107,84526.4411421898,55711.7683926509,61739.3112589698,75494.1690589010,58019.3418441535,27919.2231001719,53765.1261782582,75314.3546239066,67602.0768820619,63451.2310095279,70416.0025122758,61837.9362200116,47333.9409334761,45052.9577457962,79501.5846372325,55774.9842172787,77360.9900308716,20580.6380820429,20971.8323194851,13990.9310424805,39707.4665383311,62715.0820140814,68865.4108450883,77303.8266781863,49710.1327543141,77724.1540143814,69857.9395262576,8238.3403133718,72393.2127423315,24184.3624677954,21477.1496532609,19302.2528928093,76049.6248719534,65429.5804100092,10848.1407223740,36568.0050335053,49678.6104791780,61200.5712233442,67491.7465900455,37812.6482468508,114443.0779654084,29982.5159496486,56337.3103869700,58887.4996575928,53294.9136925510,31390.2323340866,75794.3249555442,53524.7945542732,9684.1168225742,19632.2505285874,62074.0048407096,21104.5358933369,64077.0871864891,60493.1206331692,52484.0826525368,34980.1480063480,66430.0873891462,16122.6741605477,19919.4979211039,68088.4442453137,73601.8278995353,32073.3767880662,43299.4094272204,78995.0269193063,71291.2948564416,50261.1762120541,72524.0216221606,441.9801266659,42475.6170210834,29191.1917952808,39434.2274938735,41295.2552328336,47124.7483798131,9282.1741959440,13323.8021498900,18755.9491732424
2043,0,0,0,0,0,0,0,0,0,0,0,0,0,0,0,0,0,0,0,0,0,0,0,0,0,0,0,0,0,0,0,0,0,0,0,0,0,0,0,0,0,0,0,0,0,0,0,0,0,0,0,0,0,0,0,0,0,0,0,0,0,0,0,0,0,0,0,0,0,0,0,0,0,0,0,0,0,0,0,0,0,0,0,0,0,0,0,0,0,0,0,0,0,0,0,0,0,0,0,0,0,0,0,0,0,0,0,0,0,0,0,0,0,0,0,0,0,0,0,0,0,0,0,0,0,0,0,0,0,0,0,0,0,0,0,0,0,0,0,0,0,0,0,0,0,0,0,0,0,0,0,0,0,0,0,0,0,0,0,0,0,0,0,0,0,0,0,0,0,0,0,0,0,0,0,0,0,0,0,0,0,0,0,0,0,0,0,0,0,0,0,0,0,0,0,0,0,0,0,0
2044,74026.6336431459,63616.3391590374,52852.7502316203,106133.3198420947,39984.9194613244,78645.4621570702,50193.7296090248,28145.2467704556,103959.3465107521,18065.3966827866,68277.1197571855,55745.4635629517,46196.0845608461,22763.9629634675,49757.3769646295,43151.7508429071,78806.1403021653,22855.5528040494,40414.3506759749,58375.9454983896,28110.9084626398,29151.8977305163,5155.7188372523,58361.8721352355,30434.6199684895,91288.4257664252,44664.1954497289,63563.8357594645,13682.0935370606,65160.3134416022,42028.5137550329,56252.2280535375,58392.5045996094,81733.7864606762,60367.3351708492,44044.8676788000,72459.2968172329,13674.0036501080,34214.9953098211,29287.3067457635,43259.3471241224,94380.2202111113,26899.0289493215,18464.8499616090,17231.2588312710,48786.0517553493,77164.9102016553,92263.2960579429,29104.1724493111,57836.5329297009,35360.8441428115,39128.7965642646,35784.7519252811,69181.9545019389,34144.9897266628,6567.0918696201,47033.8925053873,36148.6977298147,49395.4066336341,33641.7734484391,71744.2375496774,39042.3862637519,18678.6481950039,71603.4096481219,49396.1428632549,28545.0241260101,19463.8967809817,59401.0631298551,66816.1523818468,83308.4468745343,49234.8109702366,49976.3586247917,55814.1771565267,18213.8812857421,69568.4307326775,25772.6052185741,56034.6413051965,84567.7177814417,14332.9099936708,65419.8627454872,26767.2675241795,78456.6513174536,22885.2752668786,58330.9188234522,37298.6230035914,88040.7255103158,34254.2978975683,58043.4656154772,28608.8071216823,39163.7589527896,48960.7660301330,52080.5596451715,71332.3989554789,63618.5396512159,29559.0545564399,48883.6706512529,76466.7478479377,56127.8303647226,37616.7396529628,51187.4097252260,18885.2986487943,20203.8081550853,56443.9652510167,20366.1066034954,71539.8146715046,6545.4390977091,35739.0405782828,66273.0590416658,12147.5465960816,26516.1946569669,79126.3464750243,57905.5540310655,95366.4208038846,12221.2531182561,41765.4974197037,69103.5252341067,32587.8844091059,10300.1738022328,51393.1780671295,23558.0614782390,29032.7993342078,13921.1939751954,70928.5991556000,22305.9381161262,42266.3300982097,13414.7494766668,26462.6484116556,33478.3497474320,72897.6187455436,40985.8857151327,42553.3173143461,36563.5698021257,26059.4447232418,42763.3463404415,84595.6814505892,22328.9324968998,52084.0917528482,5876.9193470385,91083.9277248347,38162.6372901036,53515.8462059369,34804.0174546043,24019.1361626130,45536.4952813335,41465.6366300988,34892.7383855174,39024.1594823021,35004.4577575569,20404.3778620613,84872.2127238191,29562.1047239898,45639.4498234384,45464.5618977287,64859.1375776323,63766.0124654331,52973.8547690172,63765.7612572051,40517.7815926883,32908.5426175386,16138.6886464320,23310.3134315449,33641.0980603244,75636.5614355171,31794.7191896698,106472.3948336038,23040.7916865011,30466.3255197552,61543.6450870192,50424.4854565423,73413.7311973268,57971.4879398004,12205.2354273935,44281.2922460217,46965.7788647998,55453.5419943286,61122.5968994302,28871.8363341496,78217.3259714364,58160.7004031785,17968.4383392778,67990.2406807079,27273.7330241405,61630.7957016933,62523.1869360360,52368.8355464582,73195.9919673033,173.1906146697,76350.2389909416,74137.9898044154,71485.5494184657,63273.4689815173,41124.8240069730,47548.9568842695,13649.3501479213,81273.5654729429,54574.8910273624,7391.6883492095,47955.2835473513,33355.1010411385,23555.5200937401
2045,0,0,0,0,0,0,0,0,0,0,0,0,0,0,0,0,0,0,0,0,0,0,0,0,0,0,0,0,0,0,0,0,0,0,0,0,0,0,0,0,0,0,0,0,0,0,0,0,0,0,0,0,0,0,0,0,0,0,0,0,0,0,0,0,0,0,0,0,0,0,0,0,0,0,0,0,0,0,0,0,0,0,0,0,0,0,0,0,0,0,0,0,0,0,0,0,0,0,0,0,0,0,0,0,0,0,0,0,0,0,0,0,0,0,0,0,0,0,0,0,0,0,0,0,0,0,0,0,0,0,0,0,0,0,0,0,0,0,0,0,0,0,0,0,0,0,0,0,0,0,0,0,0,0,0,0,0,0,0,0,0,0,0,0,0,0,0,0,0,0,0,0,0,0,0,0,0,0,0,0,0,0,0,0,0,0,0,0,0,0,0,0,0,0,0,0,0,0,0,0
2046,77180.6586499085,58737.6996030223,57372.4212150859,105085.2612023770,37118.8576476508,84034.4253253335,49543.1493603850,33010.7308132538,105237.1287751795,13419.7282289353,68020.8310957895,50286.6246049077,48175.1861855912,26559.3371713088,55255.0436888621,39586.0415798208,80291.5393952773,23688.9926285578,35138.5726652304,63596.3981780599,27539.2171981721,24071.3051867275,10309.6219202364,56516.4494839944,35851.4529402873,93655.6732504945,44275.8006831795,65779.9554589497,10462.7226833558,70654.3774860025,47346.6556521294,50882.1846223368,61750.0331832268,82195.3140069054,61242.8934605698,49220.0015951469,71084.8257907125,14749.5189762480,37300.5278220167,26106.5968021000,41268.7479880680,95153.4708468945,24709.2005278731,23961.8748763652,21015.6729687672,44023.8714628144,79528.5759186398,93866.7472639424,23626.9387659616,57105.2842010044,30820.5816626155,39117.3073397716,36533.3063684103,74278.5615424843,38986.4698614885,1463.2626864604,45153.9671484319,34873.1152240827,50124.8534196247,29546.9239662969,72662.0420111884,44543.7778074177,13278.0304061516,75351.5297706348,52375.9752785529,33993.1009836418,17272.3204176187,64874.3304479477,72168.6473664978,86136.4119902941,54284.0882905904,44477.9858681241,57495.3662760018,23237.8383502034,71197.0569471654,28406.2950593906,50947.9348382386,86591.4555852029,11198.5788639971,68285.5709198337,21810.0567320656,83693.7051246519,19221.4222903918,58430.3213727925,39250.9312102117,89173.1340125594,32522.2406762408,63455.0444995632,32551.5908573159,44570.0396500977,54391.4148356656,57483.0705779464,76783.4486745318,62327.1057686128,29249.6139815257,43617.6977779123,75601.4811546403,61623.4194645078,34798.1643952107,50044.3054015947,17372.0238723766,22567.3386039513,51769.1213469931,25241.3112141706,71872.7883396530,9440.5534317306,40883.4043433812,69709.2944160316,9718.7301188440,31623.6331217203,80107.4079232823,60527.8415458547,96565.8823830253,17354.3641495566,36873.8840072623,68247.7109983722,29461.9107816407,15400.6831141767,51275.2900942925,19720.2789361240,30474.2132872972,17332.0131083075,73056.7180926702,16892.3663480248,36798.7044039525,8007.2051505527,24488.1988131167,28350.7120445489,75620.8903765075,45848.9463546719,43085.2459680704,32836.0431045388,20626.4770253658,41587.2031177653,87009.9210671965,17555.4993144456,54332.5428848770,5245.0697073437,93087.7431383461,37878.0209299594,51288.8956992506,40034.5406333699,29465.3405440256,50986.5967461354,43985.3455793480,32692.3334229897,37861.5315805520,29585.8609026368,21193.0132530276,86439.4703796310,25389.0412552049,51132.9109976904,42926.5181578312,70083.3037152232,69209.2735325580,58272.7165367151,63165.0166723027,38621.9742196474,38409.7380366900,12886.6609910117,22673.1364915474,33386.4459022081,77514.4761817567,34166.1760833883,105721.3974924132,26736.8360762657,29077.2600972551,63137.5286384003,51754.2889425753,78768.6976532697,56658.6564322069,11515.0991017258,49216.1046027482,52295.0882752621,56007.1830813836,66623.4829003581,25138.6838236681,81143.8535939606,60258.7696787022,22216.9113111801,69236.4052266059,32515.8003303304,66963.1422661883,62964.5921673225,50655.9788568768,78436.9857074889,3927.6925279115,76818.4471889243,75388.1918948928,74912.5749910939,63149.9117084310,46570.0158988757,50077.1451393021,19142.5277299992,86591.2682391004,57683.9844615950,6875.3328787277,53234.8228133984,38757.9707599672,28979.9730565094
2047,0,0,0,0,0,0,0,0,0,0,0,0,0,0,0,0,0,0,0,0,0,0,0,0,0,0,0,0,0,0,0,0,0,0,0,0,0,0,0,0,0,0,0,0,0,0,0,0,0,0,0,0,0,0,0,0,0,0,0,0,0,0,0,0,0,0,0,0,0,0,0,0,0,0,0,0,0,0,0,0,0,0,0,0,0,0,0,0,0,0,0,0,0,0,0,0,0,0,0,0,0,0,0,0,0,0,0,0,0,0,0,0,0,0,0,0,0,0,0,0,0,0,0,0,0,0,0,0,0,0,0,0,0,0,0,0,0,0,0,0,0,0,0,0,0,0,0,0,0,0,0,0,0,0,0,0,0,0,0,0,0,0,0,0,0,0,0,0,0,0,0,0,0,0,0,0,0,0,0,0,0,0,0,0,0,0,0,0,0,0,0,0,0,0,0,0,0,0,0,0
2048,0,0,0,0,0,0,0,0,0,0,0,0,0,0,0,0,0,0,0,0,0,0,0,0,0,0,0,0,0,0,0,0,0,0,0,0,0,0,0,0,0,0,0,0,0,0,0,0,0,0,0,0,0,0,0,0,0,0,0,0,0,0,0,0,0,0,0,0,0,0,0,0,0,0,0,0,0,0,0,0,0,0,0,0,0,0,0,0,0,0,0,0,0,0,0,0,0,0,0,0,0,0,0,0,0,0,0,0,0,0,0,0,0,0,0,0,0,0,0,0,0,0,0,0,0,0,0,0,0,0,0,0,0,0,0,0,0,0,0,0,0,0,0,0,0,0,0,0,0,0,0,0,0,0,0,0,0,0,0,0,0,0,0,0,0,0,0,0,0,0,0,0,0,0,0,0,0,0,0,0,0,0,0,0,0,0,0,0,0,0,0,0,0,0,0,0,0,0,0,0
2049,0,0,0,0,0,0,0,0,0,0,0,0,0,0,0,0,0,0,0,0,0,0,0,0,0,0,0,0,0,0,0,0,0,0,0,0,0,0,0,0,0,0,0,0,0,0,0,0,0,0,0,0,0,0,0,0,0,0,0,0,0,0,0,0,0,0,0,0,0,0,0,0,0,0,0,0,0,0,0,0,0,0,0,0,0,0,0,0,0,0,0,0,0,0,0,0,0,0,0,0,0,0,0,0,0,0,0,0,0,0,0,0,0,0,0,0,0,0,0,0,0,0,0,0,0,0,0,0,0,0,0,0,0,0,0,0,0,0,0,0,0,0,0,0,0,0,0,0,0,0,0,0,0,0,0,0,0,0,0,0,0,0,0,0,0,0,0,0,0,0,0,0,0,0,0,0,0,0,0,0,0,0,0,0,0,0,0,0,0,0,0,0,0,0,0,0,0,0,0,0
2050,0,0,0,0,0,0,0,0,0,0,0,0,0,0,0,0,0,0,0,0,0,0,0,0,0,0,0,0,0,0,0,0,0,0,0,0,0,0,0,0,0,0,0,0,0,0,0,0,0,0,0,0,0,0,0,0,0,0,0,0,0,0,0,0,0,0,0,0,0,0,0,0,0,0,0,0,0,0,0,0,0,0,0,0,0,0,0,0,0,0,0,0,0,0,0,0,0,0,0,0,0,0,0,0,0,0,0,0,0,0,0,0,0,0,0,0,0,0,0,0,0,0,0,0,0,0,0,0,0,0,0,0,0,0,0,0,0,0,0,0,0,0,0,0,0,0,0,0,0,0,0,0,0,0,0,0,0,0,0,0,0,0,0,0,0,0,0,0,0,0,0,0,0,0,0,0,0,0,0,0,0,0,0,0,0,0,0,0,0,0,0,0,0,0,0,0,0,0,0,0
2051,0,0,0,0,0,0,0,0,0,0,0,0,0,0,0,0,0,0,0,0,0,0,0,0,0,0,0,0,0,0,0,0,0,0,0,0,0,0,0,0,0,0,0,0,0,0,0,0,0,0,0,0,0,0,0,0,0,0,0,0,0,0,0,0,0,0,0,0,0,0,0,0,0,0,0,0,0,0,0,0,0,0,0,0,0,0,0,0,0,0,0,0,0,0,0,0,0,0,0,0,0,0,0,0,0,0,0,0,0,0,0,0,0,0,0,0,0,0,0,0,0,0,0,0,0,0,0,0,0,0,0,0,0,0,0,0,0,0,0,0,0,0,0,0,0,0,0,0,0,0,0,0,0,0,0,0,0,0,0,0,0,0,0,0,0,0,0,0,0,0,0,0,0,0,0,0,0,0,0,0,0,0,0,0,0,0,0,0,0,0,0,0,0,0,0,0,0,0,0,0
2052,0,0,0,0,0,0,0,0,0,0,0,0,0,0,0,0,0,0,0,0,0,0,0,0,0,0,0,0,0,0,0,0,0,0,0,0,0,0,0,0,0,0,0,0,0,0,0,0,0,0,0,0,0,0,0,0,0,0,0,0,0,0,0,0,0,0,0,0,0,0,0,0,0,0,0,0,0,0,0,0,0,0,0,0,0,0,0,0,0,0,0,0,0,0,0,0,0,0,0,0,0,0,0,0,0,0,0,0,0,0,0,0,0,0,0,0,0,0,0,0,0,0,0,0,0,0,0,0,0,0,0,0,0,0,0,0,0,0,0,0,0,0,0,0,0,0,0,0,0,0,0,0,0,0,0,0,0,0,0,0,0,0,0,0,0,0,0,0,0,0,0,0,0,0,0,0,0,0,0,0,0,0,0,0,0,0,0,0,0,0,0,0,0,0,0,0,0,0,0,0
2053,0,0,0,0,0,0,0,0,0,0,0,0,0,0,0,0,0,0,0,0,0,0,0,0,0,0,0,0,0,0,0,0,0,0,0,0,0,0,0,0,0,0,0,0,0,0,0,0,0,0,0,0,0,0,0,0,0,0,0,0,0,0,0,0,0,0,0,0,0,0,0,0,0,0,0,0,0,0,0,0,0,0,0,0,0,0,0,0,0,0,0,0,0,0,0,0,0,0,0,0,0,0,0,0,0,0,0,0,0,0,0,0,0,0,0,0,0,0,0,0,0,0,0,0,0,0,0,0,0,0,0,0,0,0,0,0,0,0,0,0,0,0,0,0,0,0,0,0,0,0,0,0,0,0,0,0,0,0,0,0,0,0,0,0,0,0,0,0,0,0,0,0,0,0,0,0,0,0,0,0,0,0,0,0,0,0,0,0,0,0,0,0,0,0,0,0,0,0,0,0
2054,0,0,0,0,0,0,0,0,0,0,0,0,0,0,0,0,0,0,0,0,0,0,0,0,0,0,0,0,0,0,0,0,0,0,0,0,0,0,0,0,0,0,0,0,0,0,0,0,0,0,0,0,0,0,0,0,0,0,0,0,0,0,0,0,0,0,0,0,0,0,0,0,0,0,0,0,0,0,0,0,0,0,0,0,0,0,0,0,0,0,0,0,0,0,0,0,0,0,0,0,0,0,0,0,0,0,0,0,0,0,0,0,0,0,0,0,0,0,0,0,0,0,0,0,0,0,0,0,0,0,0,0,0,0,0,0,0,0,0,0,0,0,0,0,0,0,0,0,0,0,0,0,0,0,0,0,0,0,0,0,0,0,0,0,0,0,0,0,0,0,0,0,0,0,0,0,0,0,0,0,0,0,0,0,0,0,0,0,0,0,0,0,0,0,0,0,0,0,0,0
2055,0,0,0,0,0,0,0,0,0,0,0,0,0,0,0,0,0,0,0,0,0,0,0,0,0,0,0,0,0,0,0,0,0,0,0,0,0,0,0,0,0,0,0,0,0,0,0,0,0,0,0,0,0,0,0,0,0,0,0,0,0,0,0,0,0,0,0,0,0,0,0,0,0,0,0,0,0,0,0,0,0,0,0,0,0,0,0,0,0,0,0,0,0,0,0,0,0,0,0,0,0,0,0,0,0,0,0,0,0,0,0,0,0,0,0,0,0,0,0,0,0,0,0,0,0,0,0,0,0,0,0,0,0,0,0,0,0,0,0,0,0,0,0,0,0,0,0,0,0,0,0,0,0,0,0,0,0,0,0,0,0,0,0,0,0,0,0,0,0,0,0,0,0,0,0,0,0,0,0,0,0,0,0,0,0,0,0,0,0,0,0,0,0,0,0,0,0,0,0,0
2056,0,0,0,0,0,0,0,0,0,0,0,0,0,0,0,0,0,0,0,0,0,0,0,0,0,0,0,0,0,0,0,0,0,0,0,0,0,0,0,0,0,0,0,0,0,0,0,0,0,0,0,0,0,0,0,0,0,0,0,0,0,0,0,0,0,0,0,0,0,0,0,0,0,0,0,0,0,0,0,0,0,0,0,0,0,0,0,0,0,0,0,0,0,0,0,0,0,0,0,0,0,0,0,0,0,0,0,0,0,0,0,0,0,0,0,0,0,0,0,0,0,0,0,0,0,0,0,0,0,0,0,0,0,0,0,0,0,0,0,0,0,0,0,0,0,0,0,0,0,0,0,0,0,0,0,0,0,0,0,0,0,0,0,0,0,0,0,0,0,0,0,0,0,0,0,0,0,0,0,0,0,0,0,0,0,0,0,0,0,0,0,0,0,0,0,0,0,0,0,0
2057,0,0,0,0,0,0,0,0,0,0,0,0,0,0,0,0,0,0,0,0,0,0,0,0,0,0,0,0,0,0,0,0,0,0,0,0,0,0,0,0,0,0,0,0,0,0,0,0,0,0,0,0,0,0,0,0,0,0,0,0,0,0,0,0,0,0,0,0,0,0,0,0,0,0,0,0,0,0,0,0,0,0,0,0,0,0,0,0,0,0,0,0,0,0,0,0,0,0,0,0,0,0,0,0,0,0,0,0,0,0,0,0,0,0,0,0,0,0,0,0,0,0,0,0,0,0,0,0,0,0,0,0,0,0,0,0,0,0,0,0,0,0,0,0,0,0,0,0,0,0,0,0,0,0,0,0,0,0,0,0,0,0,0,0,0,0,0,0,0,0,0,0,0,0,0,0,0,0,0,0,0,0,0,0,0,0,0,0,0,0,0,0,0,0,0,0,0,0,0,0
2058,94811.9547644976,38949.6790041361,70793.8022266111,111064.7671979246,40262.0335310057,103777.2961032309,44772.9194684505,52997.6763791010,118277.3989798871,8096.2143968151,77593.4059609858,34270.4247433652,64083.6597864968,39716.8242698073,73993.3293409013,24633.6058946499,94252.7795303936,39165.4136317112,15239.5091004900,83570.4445012424,27298.3159045002,17873.4149275423,30105.2435290112,61502.5685306545,53993.0836246846,109504.0906230213,54802.3184101418,81704.2915355678,22161.0084580431,89834.6311601560,67231.0240709811,31230.0348216410,79899.6933922620,93410.3637426246,74181.5262946290,65738.1748896472,76938.7549747725,24915.7088245402,55475.7884905672,15984.6763035754,32468.1779480046,106974.2326093131,32874.8730663193,43340.1013495569,40463.3384338697,24566.8528748339,95539.6327219579,107899.1095648956,7926.1803469398,65756.7483387991,12698.3490924244,38091.6821105462,50500.5235001672,94291.9133670708,54423.6854094216,18640.0565523325,50967.9482569219,43861.4180706066,63175.6069388718,28523.1784989979,85356.5620548614,63645.1300670397,11862.5613416598,94015.8766860255,70030.7805936254,53610.0755543974,16793.8552294886,83157.9325353002,91994.5828916588,103047.4643556968,74297.3931362402,26470.4724883105,72467.0033663688,40275.4849849746,85691.0754024992,46290.8198576787,30950.4702981554,101740.4254599731,29197.0563085112,85475.9923469890,1339.4204813895,103658.0627033217,24127.0603947374,69434.3807182741,55478.4836341148,102070.5253840219,26480.6132273366,83146.4879132670,51886.9831605023,62477.9145033501,74030.0855607997,75187.0968495958,96309.2515158037,68885.7883683832,41599.4416556085,23688.9063912904,82988.5676876310,80802.4680814245,23752.7762046260,57877.0284558830,29577.5616628767,32703.4281676540,32419.8046251820,45241.6698158205,83011.4721426566,26046.0180439164,60885.4934856718,87908.8407867525,16643.3335658720,48439.6845087844,92786.3595892023,77376.6349687636,109519.0639467651,37343.0805505108,17219.7462904373,75954.3926242547,33057.7482671001,33362.1290223879,62059.5301936505,10120.0078649255,46319.0118968850,31373.4108449538,88653.8620268844,7698.2119483546,18195.3153751695,12134.0448489855,20295.9812930715,8358.3641400631,92435.7332367073,61081.0402430127,56071.5915349877,18155.3431109960,11212.9760950592,50070.7487128161,103036.1972369058,17707.5007498291,70588.2115517437,23796.1229686475,108104.9244742774,49257.1878410705,55270.0682489206,57063.5348227965,47947.7910936520,69149.2666852344,61051.2666690940,39078.9577438515,32837.6840389696,10624.3990356293,27570.0720779369,100494.4436813449,10411.1697736563,70382.1467350560,46564.0123360484,90055.6075961532,88780.0205336120,78179.2504628782,71903.0798851621,45137.1725600871,57561.9202627158,32715.0621432065,35415.7745783902,32631.7141096012,92466.6560559574,51367.0977158579,112695.0519702205,45946.6381269924,38657.8502073468,77748.8416115263,66142.0970839750,98588.4076990963,63477.4874630781,16522.7313034068,69209.8910920166,69584.0056852367,68335.1362582521,85412.8755576222,27319.8684095419,98301.4126596237,76055.7112538755,37223.2155043078,82854.6308939993,52470.3241203797,86824.0004413941,74708.9913393332,56549.7465255461,98398.2092053436,24097.1792579303,88190.0250033446,88865.9016186510,93051.9732279792,73311.7067034634,66166.4211026541,66981.7927798472,38264.0747259403,106471.3241432032,75469.2049426760,20688.1212986595,73161.9372548142,58499.1372604905,48685.9918221384
2059,96997.7421596526,36244.2407930266,74147.6542138056,110870.0221427780,40232.7041469019,107080.0611492318,46340.6509197869,56059.9267721197,119391.5214426678,11562.6670911023,78198.6975936940,31022.5511528762,65985.2445041822,43132.4794892193,77421.2002965496,24388.6284746242,95620.8588459329,41236.3774970995,11970.3898969058,86764.7637085770,29937.4719309306,17293.2648759579,33354.1054082716,61430.2462573504,57439.6926678714,111236.2078280876,55780.4276592909,83528.0742045920,24332.5397730913,93230.9704384743,70478.3845621447,27855.5099266438,82251.3091757931,94241.4032696863,75436.2246737383,69202.1485927686,76883.5752653379,28338.6038902527,57917.7314251665,17691.7022130698,33560.3618057005,107874.8604830820,33934.2109351592,46685.7316395720,43307.6364371268,22237.5138749349,97340.2317927026,109242.2233565611,4735.5531811930,66285.6049378150,11767.0933249952,40348.8761005661,52144.6349816056,97416.1699368445,57874.6555682409,21892.3418148733,51179.4790932348,44748.4640140109,64527.1556120447,28182.6592825418,86506.8027006130,67039.8652425901,13632.7515545838,96484.8349369566,72287.7433710058,56927.7006097437,19906.4712761572,86610.0737035500,95269.2074522601,105039.5576853301,77406.9648196877,23038.4599683058,74131.2905630455,43737.2759814004,87198.9587853324,48725.0463152566,27983.7373293067,103335.7650091888,31868.2616050618,87574.6848662267,2035.0415249799,106861.1368300272,25130.5418567072,70357.8776381806,57502.1523633138,103198.6639111354,28318.5171914723,86459.3582189163,54651.3134716484,65935.4635439515,77352.6636564143,78651.2928255423,99659.4469268701,69016.5052823527,43099.5285022351,20449.1069668637,83166.5712620539,84196.4399424854,24678.5944529816,58343.5611490335,31396.5095553208,36044.7967176492,30081.9570034092,48328.8175362600,83875.6394837100,29482.0908174367,64047.3774656033,90256.5144826259,20108.1037843731,51906.7242054535,93902.9372709857,79420.4691060305,110637.0641737011,40522.7629326661,14848.4863914991,76233.9763084441,33341.5962005576,36787.2535197231,63005.0825407814,12734.5266970124,48354.6196710132,34833.9395744051,90383.3254693614,6617.7100372214,14742.8093417278,15192.9508041584,22749.6563657372,10064.8440095508,94427.9635375296,64521.0278476482,57475.9807791494,18357.2093147565,10935.3232428497,50758.6849112384,104822.2199751483,18536.4914249570,72528.6057696736,26754.8498778005,109656.4074837516,50459.9616791550,55099.9731004904,60530.7203857142,51374.5091698137,72601.8936488290,63213.8280653061,39639.7809382827,34625.2489621319,8549.1650804339,30783.9998940466,101862.3223319859,11394.6653326538,73764.5113826539,46477.0782330755,93251.5872278662,92120.3281741661,81417.8651695418,72396.5842782826,45575.5958989174,60947.8297067412,35721.0185270840,37123.0428115757,35049.7337649700,94046.2625088984,53619.5473417553,112672.4464679619,48696.7691662220,39765.3429261385,79314.2433061242,67727.1667689394,101866.0798015258,63704.3431910080,19090.5497439414,72271.6027954569,73051.1001858830,69512.1050606954,88840.9127260370,27634.6868536147,100362.5225559255,77874.2285510048,40685.1884264259,84197.6065306066,55677.9113782680,90084.4741539680,75733.9700213656,56694.4587601039,101603.7498772106,27392.4491201168,89073.1822975674,90155.8082376400,95373.9179139000,74052.9195504453,69494.8212190880,69079.5973059397,41629.7976318387,109725.3235446339,77740.0614582423,24132.4271340203,76388.9464437887,61791.4623408275,51981.0963627965
2060,92732.9540041452,41285.1908928899,68855.6718652652,110376.3757870081,39569.5504660987,101358.6577764492,44682.1495335649,50597.5487716701,116762.3394344514,7342.4559179495,76410.3038629708,36142.1827791372,62160.9560569930,37673.6793175678,71628.9095682503,25905.7488379019,92602.0334102635,37184.5101082501,17656.7944066052,81149.6331619985,26325.0686958532,17781.7406305658,27682.7650308668,60780.9236855425,51654.1302972196,107648.3156366153,53418.7337774278,79811.1608307989,20183.0946917275,87445.4307511677,64808.5105423547,33626.7635756486,77748.6004748831,92075.5048853190,72608.9325989078,63529.4111028017,76183.7382458544,22873.7607969577,53295.0251759033,16041.6919290984,32799.2478926612,105589.9998481510,31506.3969370179,40928.9818621515,38129.0064670935,26805.8455110213,93652.5874693564,106256.5091049211,10295.7959531792,64635.6971075508,14499.7430923314,37436.9215112724,48732.8126928520,91878.6010746708,52276.0919364394,16217.8263249347,50079.9596038788,42559.0333771942,61557.7596477467,28115.0094240887,83836.4259436663,61254.7255898066,10294.6652098889,91810.0574592717,67927.1385596198,51193.1046190469,15344.3665629717,80828.9660351759,89573.1216378635,101060.2272217127,71886.9047698562,28616.1200802745,70664.8255453352,37976.7346359531,83966.5096278038,44120.3610299412,33349.7598219690,99960.4326136530,26941.4856015053,83441.8202890550,3608.6206124916,101236.5719496945,22855.5868346058,68063.4348804726,53499.9217888751,100553.8960113063,26267.7055014570,80729.1778052230,49576.0263250622,60162.8170648568,71614.3726064502,72896.9484646808,93900.4375621026,68017.6945739496,39931.8895004437,26110.2275949186,82073.4989640946,78411.8174599184,24279.8855406586,56808.3856656714,27764.1901608036,30816.9557108637,34645.6706060331,42837.3775607378,81663.8171919640,23692.1209225656,58468.1378426837,85757.1729696414,14456.9144777890,46177.4245240596,91281.3327235802,75372.9539992383,108005.0723333863,34924.9022204512,19497.1869490221,74980.4657459224,32191.4113786469,30994.9404676930,60684.3693804396,9497.7683463270,44344.9213865381,29195.9508162615,86807.2117459598,4184.2772113935,20400.4463264253,9762.1576544725,19581.1152134196,10751.3767678021,90451.7174573590,58966.0211979120,54432.2412761066,19244.0652555743,11149.6110416711,48877.3289107302,101154.1487057835,16642.3081458947,68640.7413920110,21435.5918029612,106346.5128900314,47748.2130454172,54626.7882845599,54803.5010702441,45582.2111214287,66821.6519600141,58998.2175890555,38000.7500944554,32620.4536192074,12839.4444181204,25900.3859299260,98840.8955334746,11235.0642924223,67985.2889822464,45887.5559417335,87634.6281968418,86368.4115448460,75756.7320757082,70796.5987657162,44117.0071662734,55166.6018670514,30333.4853700635,33645.4564287796,31849.9848610327,90699.1095557466,49277.8669996788,111890.9820003912,43643.5831752993,37235.1682166890,75997.2757171081,64388.7051254879,96167.1846892222,62554.3979065344,14361.5505510080,66808.4747106495,67320.5629972331,66813.5966653032,83048.6179452877,26474.7206864613,96281.4378851955,74168.4521223903,35034.2545945997,81224.6721706378,50049.0570824968,84401.8115960617,73271.4628228586,55693.1561681181,95976.6111311025,21676.0618685307,86827.0163324410,87262.5892780842,90910.5490673004,72048.3337582419,63751.7534407755,64956.8599671676,35859.2338305064,104048.9807998176,73356.6881742822,18347.8689401837,70739.6116256597,56078.8533429421,46265.8178807528
2061,95865.4143138839,37496.1132886679,72974.3041599932,110548.7429425738,39825.8333293943,105713.0911486843,46062.8893985384,54717.8046275395,118597.0688391524,10265.6744360066,77575.4264838983,32113.1628022232,64931.6417145942,41905.3118655666,76066.8182727398,24806.1018349524,94739.3976893292,40125.5655970928,13331.3543206722,85405.5728599957,29164.5905621104,17055.5087422670,31988.9568171751,61051.8357954848,56094.4858226724,110240.0890715424,55020.3139652742,82500.8809050475,23180.4631969311,91868.6982501935,69114.1213775816,29221.8330336404,81071.8267554810,93541.4077878230,74588.8537521315,67908.6420807667,76503.2772481838,27104.1934401630,56711.1683493486,17312.2703338952,33470.4942298659,107152.4076877712,33132.1156596100,45319.0194062360,42004.1231139756,23373.7540630215,96321.7310140201,108370.4354842688,4954.4833374068,65686.5638920349,12382.9842042993,39763.0134591617,51165.6103691371,96065.9692185796,56606.1880815704,20526.3461527645,50689.9285228370,44013.8693801671,63645.3536752224,27880.5903215989,85696.3028901200,65677.5361275478,12560.6944315262,95275.3783082931,71132.9293227908,55560.4404568567,18881.3387492717,85268.3352778497,93903.3578112374,103964.0028874184,76058.4837428298,24284.1296016623,73151.8044250049,42406.9974258018,86271.0881576776,47518.4864781141,29295.9475825153,102381.9044653155,30598.6073734006,86466.3909005308,1327.3579854334,105501.1996812909,24334.0430922169,69621.2046716824,56410.6429878756,102397.8746361578,27908.4851586070,85092.1622487155,53366.5666538799,64599.0451942138,75985.4002777496,77324.6104265015,98292.7124329147,68564.0911835449,42161.3750594709,21808.6783950569,82700.0035204079,82833.8416552664,24641.4096302443,57764.1440615389,30351.8342854313,34879.9007508375,31228.1865253624,46982.3827999167,83162.4200145661,28132.5702391364,62691.5174484697,89078.8065589914,18814.6247938212,50590.7007598980,93104.8828535067,78327.1229357835,109840.4923262311,39163.8980118319,15983.9334415650,75728.2902446973,32810.7651978481,35432.9252195212,62258.7150168207,11939.2909015654,47256.8829079446,33549.6055314518,89385.9909060935,10105.9407278139,16017.4526451923,13842.4823280238,22056.4661638490,11938.4893355026,93351.4521702224,63267.2517132753,56574.8681655708,18585.1087611928,10529.9601292329,50096.8487751733,103808.8964587374,17780.1840348938,71464.6689388244,25425.4765378077,108717.0967518726,49621.9845207386,54756.2935428807,59215.8366111250,50020.1761442758,71260.7259779354,62083.8671299317,39015.4936963608,34244.3432539275,11183.5143406878,29704.2961615771,100981.6532611469,11266.8221012754,72400.3892051328,46096.8191167935,91892.2889677244,90753.2737052363,80054.3851684457,71811.9977612624,44999.7215252483,59584.2756411683,34385.9492061370,36116.6848862680,34385.9769456666,93096.3954012848,52462.5164224446,112285.6340083097,47414.2573722927,38952.5413346902,78366.8042336838,66771.2271773313,100500.0918019504,63214.5077574568,17833.4311274319,70930.3125839551,71735.0959791654,68689.2398124468,87486.4767265029,27083.8649361194,99266.3097022532,76847.8185954962,39397.4341347648,83322.7515096838,54316.8028203548,88719.4480477849,74963.8232457337,56232.3924707139,100243.5135099538,26025.2937274912,88354.2724925793,89299.3240568370,94203.5959427240,73380.5777653552,68127.5901556897,67969.1049222418,40264.3943075095,108360.8362253185,76582.1056888488,22787.8065226409,75026.3988083973,60424.6851292002,50614.1782613865
2062,94922.8671245436,38510.1156026794,72172.6514980059,110163.0130230794,39394.7776991642,104674.7537712070,46033.2986958411,53671.6322548101,117873.6688041595,9356.2481406606,76975.1718335087,32862.3670844153,64039.7001890887,41053.9534244496,75063.6470015998,25313.1722570022,93958.3001729771,39200.6279976942,14376.8437032345,84359.2520576421,28742.7277491288,16790.2866064400,30946.4938204239,60632.2487873894,55105.6865988404,109382.4232544730,54327.8546157698,81624.5292751231,22234.6697101812,90850.9853485489,68070.6230675148,30251.4738212228,80101.8865770808,92885.1499688850,73832.6672865730,66983.3159932302,76078.6929525384,26250.0217354298,55726.7647208537,17246.5443174950,33596.4283171516,106479.3900283595,32418.9892323405,44288.9882807246,40970.8054631617,24332.4896891203,95450.2190699111,107595.0345312290,5304.4761657553,65105.7002864051,13057.2780201690,39489.5769100602,50324.1735078013,95018.8049573780,55709.1746500055,19485.3289792030,50192.5227616789,43342.9111309212,62867.1819718369,27539.7224226228,84964.1763119372,64659.8969382469,11682.0679081754,94288.0966522064,70177.8769844311,54524.9367169935,18246.4287281881,84283.7616160064,92861.9436558327,103056.0302978251,75011.4313612156,25175.5823009005,72307.1735373731,41439.2268360485,85459.5193429527,46534.6995988413,30334.9232200490,101552.1567866256,29581.9292948184,85538.7976611065,1451.8239764012,104455.1230096204,23632.9282624415,68942.2172020553,55495.5038381580,101671.0760850566,27791.2444498620,84055.3928344542,52341.3141921148,63622.1054827565,74950.2330768830,76359.8495646306,97262.3141055310,68088.4463415937,41349.5923713658,22854.7477762428,82211.4996017597,81815.4748253916,24820.5034264198,57199.2950154908,29472.8124215087,34093.7189070796,32189.6461833404,45935.5632071470,82497.9869045629,27139.0233736892,61644.5206838005,88109.6528388443,17898.4881139224,49640.1769393591,92380.6490110582,77409.1577658775,109116.1169885198,38117.4542094143,16947.0424226057,75212.6055207537,32293.9735803904,34430.9731666899,61574.2632734423,11547.5358897199,46338.9772461883,32638.3241200286,88528.5174551335,8085.0917278570,16941.5810057208,12795.3878230127,21714.9405680743,7871.9435160163,92443.2726401245,62385.3363612561,55784.7702939669,18973.8512418415,10178.0291247599,49475.3433080020,102940.3856005023,17120.2441372066,70565.6085543978,24382.8631913552,107896.6389143688,48876.7237020446,54364.3846489904,58266.1674552323,49017.5944203078,70277.1957768669,61144.3624983267,38425.9752604660,34142.3658340192,9377.1806488041,29003.8621345991,100200.6908450213,11436.5343435141,71378.5299516518,45681.6943268310,90846.0020162846,89720.9922523541,79010.1942392515,71240.2757971910,44442.0591923512,58563.9219014183,33341.4836273642,35260.9259080457,34051.9052927915,92269.7873185678,51507.3895115036,111851.7658144642,46390.2305973118,38228.6344283741,77542.8664562360,65942.8117456012,99458.9326111999,62712.9276871730,16826.0455007034,69884.2633512367,70783.5541456704,67950.6111056774,86483.0912697099,26558.7310860329,98345.6740151883,75972.3502831843,38481.1519693538,82546.9997525672,53271.1730656618,87676.8008104369,74260.7409491693,55753.0339865097,99197.5433479402,24988.3906390533,87685.2976743759,88535.5080486106,93238.5903176128,72746.2001689352,67093.5291903190,67041.1435999447,39239.3654590046,107317.5662778933,75624.9389418460,21802.6337850038,73981.5483485701,59385.5918302018,49575.6740198211
2063,0,0,0,0,0,0,0,0,0,0,0,0,0,0,0,0,0,0,0,0,0,0,0,0,0,0,0,0,0,0,0,0,0,0,0,0,0,0,0,0,0,0,0,0,0,0,0,0,0,0,0,0,0,0,0,0,0,0,0,0,0,0,0,0,0,0,0,0,0,0,0,0,0,0,0,0,0,0,0,0,0,0,0,0,0,0,0,0,0,0,0,0,0,0,0,0,0,0,0,0,0,0,0,0,0,0,0,0,0,0,0,0,0,0,0,0,0,0,0,0,0,0,0,0,0,0,0,0,0,0,0,0,0,0,0,0,0,0,0,0,0,0,0,0,0,0,0,0,0,0,0,0,0,0,0,0,0,0,0,0,0,0,0,0,0,0,0,0,0,0,0,0,0,0,0,0,0,0,0,0,0,0,0,0,0,0,0,0,0,0,0,0,0,0,0,0,0,0,0,0
2064,0,0,0,0,0,0,0,0,0,0,0,0,0,0,0,0,0,0,0,0,0,0,0,0,0,0,0,0,0,0,0,0,0,0,0,0,0,0,0,0,0,0,0,0,0,0,0,0,0,0,0,0,0,0,0,0,0,0,0,0,0,0,0,0,0,0,0,0,0,0,0,0,0,0,0,0,0,0,0,0,0,0,0,0,0,0,0,0,0,0,0,0,0,0,0,0,0,0,0,0,0,0,0,0,0,0,0,0,0,0,0,0,0,0,0,0,0,0,0,0,0,0,0,0,0,0,0,0,0,0,0,0,0,0,0,0,0,0,0,0,0,0,0,0,0,0,0,0,0,0,0,0,0,0,0,0,0,0,0,0,0,0,0,0,0,0,0,0,0,0,0,0,0,0,0,0,0,0,0,0,0,0,0,0,0,0,0,0,0,0,0,0,0,0,0,0,0,0,0,0
2065,0,0,0,0,0,0,0,0,0,0,0,0,0,0,0,0,0,0,0,0,0,0,0,0,0,0,0,0,0,0,0,0,0,0,0,0,0,0,0,0,0,0,0,0,0,0,0,0,0,0,0,0,0,0,0,0,0,0,0,0,0,0,0,0,0,0,0,0,0,0,0,0,0,0,0,0,0,0,0,0,0,0,0,0,0,0,0,0,0,0,0,0,0,0,0,0,0,0,0,0,0,0,0,0,0,0,0,0,0,0,0,0,0,0,0,0,0,0,0,0,0,0,0,0,0,0,0,0,0,0,0,0,0,0,0,0,0,0,0,0,0,0,0,0,0,0,0,0,0,0,0,0,0,0,0,0,0,0,0,0,0,0,0,0,0,0,0,0,0,0,0,0,0,0,0,0,0,0,0,0,0,0,0,0,0,0,0,0,0,0,0,0,0,0,0,0,0,0,0,0
2066,0,0,0,0,0,0,0,0,0,0,0,0,0,0,0,0,0,0,0,0,0,0,0,0,0,0,0,0,0,0,0,0,0,0,0,0,0,0,0,0,0,0,0,0,0,0,0,0,0,0,0,0,0,0,0,0,0,0,0,0,0,0,0,0,0,0,0,0,0,0,0,0,0,0,0,0,0,0,0,0,0,0,0,0,0,0,0,0,0,0,0,0,0,0,0,0,0,0,0,0,0,0,0,0,0,0,0,0,0,0,0,0,0,0,0,0,0,0,0,0,0,0,0,0,0,0,0,0,0,0,0,0,0,0,0,0,0,0,0,0,0,0,0,0,0,0,0,0,0,0,0,0,0,0,0,0,0,0,0,0,0,0,0,0,0,0,0,0,0,0,0,0,0,0,0,0,0,0,0,0,0,0,0,0,0,0,0,0,0,0,0,0,0,0,0,0,0,0,0,0
2067,93834.2481622576,40624.7850394687,68076.6599755253,112046.9517670016,41243.3571241456,101547.1669408857,43026.1307037974,51120.9637194214,118236.0359714189,6728.7763155004,78000.5145507649,36984.8385769162,63408.9663643272,37015.3523516677,71544.9278433785,24388.4747618672,94014.4202237583,38401.2060584003,17568.2477341752,81499.8104337046,24891.3600631303,19435.3467653475,28013.1922879009,62450.4896642338,51499.9329966325,108935.6399077335,54953.2446696175,81076.3309456824,21433.4386830035,87449.9863475663,65094.2666663820,33634.0051195064,78773.0739932305,93619.4678496916,74062.8154513864,63102.3434542718,77849.2826601302,22218.0897686834,54291.8454137338,14363.5860326175,31117.6363386940,107115.7919676056,33057.1630120760,41066.6952396035,38875.8093977015,25987.8817687368,94919.5754556849,107671.4033070088,9500.7659798069,66242.6682361789,13299.7606202683,35896.7168062154,50092.1929535057,92308.7703634212,51755.2223386671,16598.7008741318,51731.9647819106,44123.8014247977,62993.0401136777,29795.8137984241,85311.5617555539,61269.7757625059,11827.8611434641,92760.4581297451,69008.6799394688,51375.0845897644,14149.1948013837,80642.4324759467,89808.8834808399,102246.5074711822,72342.0832833296,29159.4823203480,71994.5687412051,37729.4224268257,85340.1969763667,45136.5443198844,32900.2776228175,101298.6026803088,27858.7282988250,84589.0197160000,2605.0301796393,101569.3194285542,24444.0036215353,69598.6784090255,54706.7207979813,102028.4077855779,24623.0347540473,80905.7140989481,50364.9372848818,59945.6514179683,71776.9639236727,72621.2687264708,94005.5650641609,69670.3684339739,41352.4269073642,25943.5545297237,83718.2427844994,78424.0487318883,22608.4485976639,58428.1136827586,29114.9872376902,29985.4892222699,33792.4830975903,43344.4551023601,83204.7602211396,23602.2207285280,58871.2673779242,86779.0204410521,14021.4588704162,45850.3554480778,92761.8445365957,76549.9451603559,109479.9746602303,35335.5728052600,18768.4213884771,76616.0044334890,33850.2811072034,30938.2020133018,62219.7727016482,7906.5367780492,45561.0858258908,28727.4207829055,88103.9615218174,6880.9351209487,20864.5073089881,10517.3839243645,18045.7061778994,10381.0579377926,91642.5248408983,58398.2304574923,55859.3643387788,17681.1877328808,12788.0228076644,50470.0862029022,102423.6416362275,18283.9848676039,69867.0943970087,22145.5238292974,107697.0893253027,49237.4278655022,56302.5026428036,54469.8341406705,45509.8501070319,66633.8865125859,60135.0063462726,39623.4699499086,30979.2388756807,13300.8109971074,24874.1875253453,100251.0092467073,9635.0405213194,68028.2115840713,47561.7839474219,87980.3616945782,86494.1528004923,76049.7684206208,72406.0321904841,45748.9722499202,55205.9567709919,30954.7304293946,35014.7851461409,30347.7331006139,92046.2919163095,50383.3716906943,113549.7568630258,44452.9658113915,38763.2361926267,77356.8482274188,65750.2507496828,96396.6303193005,64199.5876696222,15458.5000117804,67318.1199670526,66991.2628417518,68291.3608285383,82962.2396616150,28138.1382506130,97439.3496706410,75439.2744585553,34581.3168039376,82649.4093228370,50401.0559549834,84660.2927878553,74781.6817972594,57348.6069217701,96307.5304743776,21950.0011548409,88362.1086262236,88699.3998301509,91943.5536216381,73617.0483685493,63907.0385304883,66117.8662355350,35959.9201529672,104311.8253604285,74426.8307792373,18229.1065063178,71050.9966391702,56300.7346096721,46490.8317598273
2068,0,0,0,0,0,0,0,0,0,0,0,0,0,0,0,0,0,0,0,0,0,0,0,0,0,0,0,0,0,0,0,0,0,0,0,0,0,0,0,0,0,0,0,0,0,0,0,0,0,0,0,0,0,0,0,0,0,0,0,0,0,0,0,0,0,0,0,0,0,0,0,0,0,0,0,0,0,0,0,0,0,0,0,0,0,0,0,0,0,0,0,0,0,0,0,0,0,0,0,0,0,0,0,0,0,0,0,0,0,0,0,0,0,0,0,0,0,0,0,0,0,0,0,0,0,0,0,0,0,0,0,0,0,0,0,0,0,0,0,0,0,0,0,0,0,0,0,0,0,0,0,0,0,0,0,0,0,0,0,0,0,0,0,0,0,0,0,0,0,0,0,0,0,0,0,0,0,0,0,0,0,0,0,0,0,0,0,0,0,0,0,0,0,0,0,0,0,0,0,0
2069,0,0,0,0,0,0,0,0,0,0,0,0,0,0,0,0,0,0,0,0,0,0,0,0,0,0,0,0,0,0,0,0,0,0,0,0,0,0,0,0,0,0,0,0,0,0,0,0,0,0,0,0,0,0,0,0,0,0,0,0,0,0,0,0,0,0,0,0,0,0,0,0,0,0,0,0,0,0,0,0,0,0,0,0,0,0,0,0,0,0,0,0,0,0,0,0,0,0,0,0,0,0,0,0,0,0,0,0,0,0,0,0,0,0,0,0,0,0,0,0,0,0,0,0,0,0,0,0,0,0,0,0,0,0,0,0,0,0,0,0,0,0,0,0,0,0,0,0,0,0,0,0,0,0,0,0,0,0,0,0,0,0,0,0,0,0,0,0,0,0,0,0,0,0,0,0,0,0,0,0,0,0,0,0,0,0,0,0,0,0,0,0,0,0,0,0,0,0,0,0
2070,0,0,0,0,0,0,0,0,0,0,0,0,0,0,0,0,0,0,0,0,0,0,0,0,0,0,0,0,0,0,0,0,0,0,0,0,0,0,0,0,0,0,0,0,0,0,0,0,0,0,0,0,0,0,0,0,0,0,0,0,0,0,0,0,0,0,0,0,0,0,0,0,0,0,0,0,0,0,0,0,0,0,0,0,0,0,0,0,0,0,0,0,0,0,0,0,0,0,0,0,0,0,0,0,0,0,0,0,0,0,0,0,0,0,0,0,0,0,0,0,0,0,0,0,0,0,0,0,0,0,0,0,0,0,0,0,0,0,0,0,0,0,0,0,0,0,0,0,0,0,0,0,0,0,0,0,0,0,0,0,0,0,0,0,0,0,0,0,0,0,0,0,0,0,0,0,0,0,0,0,0,0,0,0,0,0,0,0,0,0,0,0,0,0,0,0,0,0,0,0
2071,100318.7717011144,51782.4187266172,47912.9505282588,132165.1979034394,62690.6681065323,93059.3281695987,22365.8780131661,50972.3815739311,131790.3394958546,21897.2521793700,95363.4680629589,60554.7788691109,73897.4624740198,21717.4524884157,60449.1509961516,24681.4771895198,106614.5640403376,50540.6317793248,37633.6573115879,76225.5969441085,756.6460843588,43530.9016254384,30317.3670064873,83106.0374679225,41185.6183084188,118565.4254201830,71618.5785746043,91062.6510095745,37158.9431892450,76817.5308024945,59907.9925669338,52223.4795887187,84487.7009469350,109371.0143698214,88150.9704829008,47744.5070296847,98013.6634654685,14640.3113438185,61157.7848514560,14384.5559651765,17544.0930285368,122152.7523362582,51473.1977893404,36849.9999969683,43949.2122075121,37920.5552576457,104490.7329764985,120032.6090531540,34391.6721245066,84395.5232157863,26320.1627806729,13300.3051925020,63491.8194482879,87766.0516961204,36064.3700915834,25494.3729644307,71822.3072595739,62049.1293019722,77121.6578687723,52743.5670375308,99544.9791956316,52386.4660796485,33102.5354810055,96618.8921035588,76220.6973324942,46069.3439499257,11731.0712305031,67621.6999976721,82437.2775178357,110059.3710074378,69202.6647503679,51531.5626443781,83597.0214221551,28590.2232900689,97349.0292340539,53287.7491033354,47497.6835022924,112142.3076570715,37754.2067166932,92236.0252481199,25719.1222018686,95215.7709536622,44440.3753016735,85720.0991151277,65044.6385178663,115874.6293232524,9090.7249600856,73065.9288378455,54359.8470035101,47800.2858404968,64259.0376922586,58765.3194573978,84561.9076131815,89348.6871961944,56576.2643060537,44065.1154517607,102818.8431497369,68317.9031373592,16490.2454548883,77200.0182287595,44639.9716651435,24005.7813852016,43516.3391468116,44109.9875871666,99097.7666721939,22643.9021018828,56023.0749895889,92102.8593900159,18001.6185121040,33799.4262206025,106942.2309385529,85073.3567695660,123201.7186605825,36408.4282546786,33814.6641430822,95480.4738750649,54905.5554905871,26816.6030779312,78601.9932721942,17390.1414742371,56866.7859440200,19519.1946081621,98465.3400185705,29200.0862447966,43372.0389412420,26675.8572643337,7629.9949933347,30910.4079889304,99849.6130550201,41452.1647204905,70183.9385487325,21123.4120135166,37213.5546470606,68766.2543394715,111846.3683601445,40014.4364532983,79610.7671731837,31448.8337015074,118659.8200064915,65213.1947423289,77493.4982780572,41177.6847407337,37316.5084919981,54381.1842611412,68865.3874589678,59249.5449847722,11606.8601479237,36521.4529352959,15874.4259981090,112657.3918058221,20691.0804167325,59006.7670845338,68849.9738094568,82332.4688642214,77646.7282390898,70212.4628236857,90477.9801296463,65358.8147589600,47300.7746859604,36111.2732249204,50014.6872736512,10981.3174071213,103311.4558308830,59389.3716015434,132953.6386446571,49533.3925628455,56252.2989938121,89341.3843088619,78259.8106322041,88680.5023638548,83690.3978843775,31515.9839310527,65370.6680678832,52725.6047504651,83114.7298284010,71234.4941744031,49673.9472285610,104852.6233175541,85757.7512013265,23223.9656102507,95825.6332326905,47769.0746863042,77852.4899030187,90135.7364822028,77422.0205610441,90105.9030199403,26385.3083566949,103987.7353970165,101973.1762804671,97270.8109815512,90483.3236307548,56866.9004613308,74887.8258582734,32448.2303887066,96830.9502081243,81147.7671588154,20866.5438931331,65807.0238261110,50991.2533363936,42550.6847168740
2072,0,0,0,0,0,0,0,0,0,0,0,0,0,0,0,0,0,0,0,0,0,0,0,0,0,0,0,0,0,0,0,0,0,0,0,0,0,0,0,0,0,0,0,0,0,0,0,0,0,0,0,0,0,0,0,0,0,0,0,0,0,0,0,0,0,0,0,0,0,0,0,0,0,0,0,0,0,0,0,0,0,0,0,0,0,0,0,0,0,0,0,0,0,0,0,0,0,0,0,0,0,0,0,0,0,0,0,0,0,0,0,0,0,0,0,0,0,0,0,0,0,0,0,0,0,0,0,0,0,0,0,0,0,0,0,0,0,0,0,0,0,0,0,0,0,0,0,0,0,0,0,0,0,0,0,0,0,0,0,0,0,0,0,0,0,0,0,0,0,0,0,0,0,0,0,0,0,0,0,0,0,0,0,0,0,0,0,0,0,0,0,0,0,0,0,0,0,0,0,0
2073,0,0,0,0,0,0,0,0,0,0,0,0,0,0,0,0,0,0,0,0,0,0,0,0,0,0,0,0,0,0,0,0,0,0,0,0,0,0,0,0,0,0,0,0,0,0,0,0,0,0,0,0,0,0,0,0,0,0,0,0,0,0,0,0,0,0,0,0,0,0,0,0,0,0,0,0,0,0,0,0,0,0,0,0,0,0,0,0,0,0,0,0,0,0,0,0,0,0,0,0,0,0,0,0,0,0,0,0,0,0,0,0,0,0,0,0,0,0,0,0,0,0,0,0,0,0,0,0,0,0,0,0,0,0,0,0,0,0,0,0,0,0,0,0,0,0,0,0,0,0,0,0,0,0,0,0,0,0,0,0,0,0,0,0,0,0,0,0,0,0,0,0,0,0,0,0,0,0,0,0,0,0,0,0,0,0,0,0,0,0,0,0,0,0,0,0,0,0,0,0
2074,0,0,0,0,0,0,0,0,0,0,0,0,0,0,0,0,0,0,0,0,0,0,0,0,0,0,0,0,0,0,0,0,0,0,0,0,0,0,0,0,0,0,0,0,0,0,0,0,0,0,0,0,0,0,0,0,0,0,0,0,0,0,0,0,0,0,0,0,0,0,0,0,0,0,0,0,0,0,0,0,0,0,0,0,0,0,0,0,0,0,0,0,0,0,0,0,0,0,0,0,0,0,0,0,0,0,0,0,0,0,0,0,0,0,0,0,0,0,0,0,0,0,0,0,0,0,0,0,0,0,0,0,0,0,0,0,0,0,0,0,0,0,0,0,0,0,0,0,0,0,0,0,0,0,0,0,0,0,0,0,0,0,0,0,0,0,0,0,0,0,0,0,0,0,0,0,0,0,0,0,0,0,0,0,0,0,0,0,0,0,0,0,0,0,0,0,0,0,0,0
2075,0,0,0,0,0,0,0,0,0,0,0,0,0,0,0,0,0,0,0,0,0,0,0,0,0,0,0,0,0,0,0,0,0,0,0,0,0,0,0,0,0,0,0,0,0,0,0,0,0,0,0,0,0,0,0,0,0,0,0,0,0,0,0,0,0,0,0,0,0,0,0,0,0,0,0,0,0,0,0,0,0,0,0,0,0,0,0,0,0,0,0,0,0,0,0,0,0,0,0,0,0,0,0,0,0,0,0,0,0,0,0,0,0,0,0,0,0,0,0,0,0,0,0,0,0,0,0,0,0,0,0,0,0,0,0,0,0,0,0,0,0,0,0,0,0,0,0,0,0,0,0,0,0,0,0,0,0,0,0,0,0,0,0,0,0,0,0,0,0,0,0,0,0,0,0,0,0,0,0,0,0,0,0,0,0,0,0,0,0,0,0,0,0,0,0,0,0,0,0,0
2076,0,0,0,0,0,0,0,0,0,0,0,0,0,0,0,0,0,0,0,0,0,0,0,0,0,0,0,0,0,0,0,0,0,0,0,0,0,0,0,0,0,0,0,0,0,0,0,0,0,0,0,0,0,0,0,0,0,0,0,0,0,0,0,0,0,0,0,0,0,0,0,0,0,0,0,0,0,0,0,0,0,0,0,0,0,0,0,0,0,0,0,0,0,0,0,0,0,0,0,0,0,0,0,0,0,0,0,0,0,0,0,0,0,0,0,0,0,0,0,0,0,0,0,0,0,0,0,0,0,0,0,0,0,0,0,0,0,0,0,0,0,0,0,0,0,0,0,0,0,0,0,0,0,0,0,0,0,0,0,0,0,0,0,0,0,0,0,0,0,0,0,0,0,0,0,0,0,0,0,0,0,0,0,0,0,0,0,0,0,0,0,0,0,0,0,0,0,0,0,0
2077,0,0,0,0,0,0,0,0,0,0,0,0,0,0,0,0,0,0,0,0,0,0,0,0,0,0,0,0,0,0,0,0,0,0,0,0,0,0,0,0,0,0,0,0,0,0,0,0,0,0,0,0,0,0,0,0,0,0,0,0,0,0,0,0,0,0,0,0,0,0,0,0,0,0,0,0,0,0,0,0,0,0,0,0,0,0,0,0,0,0,0,0,0,0,0,0,0,0,0,0,0,0,0,0,0,0,0,0,0,0,0,0,0,0,0,0,0,0,0,0,0,0,0,0,0,0,0,0,0,0,0,0,0,0,0,0,0,0,0,0,0,0,0,0,0,0,0,0,0,0,0,0,0,0,0,0,0,0,0,0,0,0,0,0,0,0,0,0,0,0,0,0,0,0,0,0,0,0,0,0,0,0,0,0,0,0,0,0,0,0,0,0,0,0,0,0,0,0,0,0
2078,0,0,0,0,0,0,0,0,0,0,0,0,0,0,0,0,0,0,0,0,0,0,0,0,0,0,0,0,0,0,0,0,0,0,0,0,0,0,0,0,0,0,0,0,0,0,0,0,0,0,0,0,0,0,0,0,0,0,0,0,0,0,0,0,0,0,0,0,0,0,0,0,0,0,0,0,0,0,0,0,0,0,0,0,0,0,0,0,0,0,0,0,0,0,0,0,0,0,0,0,0,0,0,0,0,0,0,0,0,0,0,0,0,0,0,0,0,0,0,0,0,0,0,0,0,0,0,0,0,0,0,0,0,0,0,0,0,0,0,0,0,0,0,0,0,0,0,0,0,0,0,0,0,0,0,0,0,0,0,0,0,0,0,0,0,0,0,0,0,0,0,0,0,0,0,0,0,0,0,0,0,0,0,0,0,0,0,0,0,0,0,0,0,0,0,0,0,0,0,0
2079,0,0,0,0,0,0,0,0,0,0,0,0,0,0,0,0,0,0,0,0,0,0,0,0,0,0,0,0,0,0,0,0,0,0,0,0,0,0,0,0,0,0,0,0,0,0,0,0,0,0,0,0,0,0,0,0,0,0,0,0,0,0,0,0,0,0,0,0,0,0,0,0,0,0,0,0,0,0,0,0,0,0,0,0,0,0,0,0,0,0,0,0,0,0,0,0,0,0,0,0,0,0,0,0,0,0,0,0,0,0,0,0,0,0,0,0,0,0,0,0,0,0,0,0,0,0,0,0,0,0,0,0,0,0,0,0,0,0,0,0,0,0,0,0,0,0,0,0,0,0,0,0,0,0,0,0,0,0,0,0,0,0,0,0,0,0,0,0,0,0,0,0,0,0,0,0,0,0,0,0,0,0,0,0,0,0,0,0,0,0,0,0,0,0,0,0,0,0,0,0
2080,0,0,0,0,0,0,0,0,0,0,0,0,0,0,0,0,0,0,0,0,0,0,0,0,0,0,0,0,0,0,0,0,0,0,0,0,0,0,0,0,0,0,0,0,0,0,0,0,0,0,0,0,0,0,0,0,0,0,0,0,0,0,0,0,0,0,0,0,0,0,0,0,0,0,0,0,0,0,0,0,0,0,0,0,0,0,0,0,0,0,0,0,0,0,0,0,0,0,0,0,0,0,0,0,0,0,0,0,0,0,0,0,0,0,0,0,0,0,0,0,0,0,0,0,0,0,0,0,0,0,0,0,0,0,0,0,0,0,0,0,0,0,0,0,0,0,0,0,0,0,0,0,0,0,0,0,0,0,0,0,0,0,0,0,0,0,0,0,0,0,0,0,0,0,0,0,0,0,0,0,0,0,0,0,0,0,0,0,0,0,0,0,0,0,0,0,0,0,0,0
2081,0,0,0,0,0,0,0,0,0,0,0,0,0,0,0,0,0,0,0,0,0,0,0,0,0,0,0,0,0,0,0,0,0,0,0,0,0,0,0,0,0,0,0,0,0,0,0,0,0,0,0,0,0,0,0,0,0,0,0,0,0,0,0,0,0,0,0,0,0,0,0,0,0,0,0,0,0,0,0,0,0,0,0,0,0,0,0,0,0,0,0,0,0,0,0,0,0,0,0,0,0,0,0,0,0,0,0,0,0,0,0,0,0,0,0,0,0,0,0,0,0,0,0,0,0,0,0,0,0,0,0,0,0,0,0,0,0,0,0,0,0,0,0,0,0,0,0,0,0,0,0,0,0,0,0,0,0,0,0,0,0,0,0,0,0,0,0,0,0,0,0,0,0,0,0,0,0,0,0,0,0,0,0,0,0,0,0,0,0,0,0,0,0,0,0,0,0,0,0,0
2082,0,0,0,0,0,0,0,0,0,0,0,0,0,0,0,0,0,0,0,0,0,0,0,0,0,0,0,0,0,0,0,0,0,0,0,0,0,0,0,0,0,0,0,0,0,0,0,0,0,0,0,0,0,0,0,0,0,0,0,0,0,0,0,0,0,0,0,0,0,0,0,0,0,0,0,0,0,0,0,0,0,0,0,0,0,0,0,0,0,0,0,0,0,0,0,0,0,0,0,0,0,0,0,0,0,0,0,0,0,0,0,0,0,0,0,0,0,0,0,0,0,0,0,0,0,0,0,0,0,0,0,0,0,0,0,0,0,0,0,0,0,0,0,0,0,0,0,0,0,0,0,0,0,0,0,0,0,0,0,0,0,0,0,0,0,0,0,0,0,0,0,0,0,0,0,0,0,0,0,0,0,0,0,0,0,0,0,0,0,0,0,0,0,0,0,0,0,0,0,0
2083,0,0,0,0,0,0,0,0,0,0,0,0,0,0.0000000000,0,0,0,0,0,0,0,0,0,0,0,0,0,0,0,0,0,0,0,0,0,0,0,0,0,0,0,0,0,0,0,0,0,0,0,0,0,0,0,0,0,0,0,0,0,0,0,0,0,0,0,0,0,0,0,0,0,0,0,0,0,0,0,0,0,0,0,0,0,0,0,0,0,0,0,0,0,0,0,0,0,0,0,0,0,0,0,0,0,0,0,0,0,0,0,0,0,0,0,0,0,0,0,0,0,0,0,0,0,0,0,0,0,0,0,0,0,0,0,0,0,0,0,0,0,0,0,0,0,0,0,0,0,0,0,0,0,0,0,0,0,0,0,0,0,0,0,0,0,0,0,0,0,0,0,0,0,0,0,0,0,0,0,0,0,0,0,0,0,0,0,0,0,0,0,0,0,0,0,0,0,0,0,0,0,0
2084,0,0,0,0,0,0,0,0,0,0,0,0,0,0,0,0,0,0,0,0,0,0,0,0,0,0,0,0,0,0,0,0,0,0,0,0,0,0,0,0,0,0,0,0,0,0,0,0,0,0,0,0,0,0,0,0,0,0,0,0,0,0,0,0,0,0,0,0,0,0,0,0,0,0,0,0,0,0,0,0,0,0,0,0,0,0,0,0,0,0,0,0,0,0,0,0,0,0,0,0,0,0,0,0,0,0,0,0,0,0,0,0,0,0,0,0,0,0,0,0,0,0,0,0,0,0,0,0,0,0,0,0,0,0,0,0,0,0,0,0,0,0,0,0,0,0,0,0,0,0,0,0,0,0,0,0,0,0,0,0,0,0,0,0,0,0,0,0,0,0,0,0,0,0,0,0,0,0,0,0,0,0,0,0,0,0,0,0,0,0,0,0,0,0,0,0,0,0,0,0
2085,0,0,0,0,0,0,0,0,0,0,0,0,0,0,0,0,0,0,0,0,0,0,0,0,0,0,0,0,0,0,0,0,0,0,0,0,0,0,0,0,0,0,0,0,0,0,0,0,0,0,0,0,0,0,0,0,0,0,0,0,0,0,0,0,0,0,0,0,0,0,0,0,0,0,0,0,0,0,0,0,0,0,0,0,0,0,0,0,0,0,0,0,0,0,0,0,0,0,0,0,0,0,0,0,0,0,0,0,0,0,0,0,0,0,0,0,0,0,0,0,0,0,0,0,0,0,0,0,0,0,0,0,0,0,0,0,0,0,0,0,0,0,0,0,0,0,0,0,0,0,0,0,0,0,0,0,0,0,0,0,0,0,0,0,0,0,0,0,0,0,0,0,0,0,0,0,0,0,0,0,0,0,0,0,0,0,0,0,0,0,0,0,0,0,0,0,0,0,0,0
2086,0,0,0,0,0,0,0,0,0,0,0,0,0,0,0,0,0,0,0,0,0,0,0,0,0,0,0,0,0,0,0,0,0,0,0,0,0,0,0,0,0,0,0,0,0,0,0,0,0,0,0,0,0,0,0,0,0,0,0,0,0,0,0,0,0,0,0,0,0,0,0,0,0,0,0,0,0,0,0,0,0,0,0,0,0,0,0,0,0,0,0,0,0,0,0,0,0,0,0,0,0,0,0,0,0,0,0,0,0,0,0,0,0,0,0,0,0,0,0,0,0,0,0,0,0,0,0,0,0,0,0,0,0,0,0,0,0,0,0,0,0,0,0,0,0,0,0,0,0,0,0,0,0,0,0,0,0,0,0,0,0,0,0,0,0,0,0,0,0,0,0,0,0,0,0,0,0,0,0,0,0,0,0,0,0,0,0,0,0,0,0,0,0,0,0,0,0,0,0,0
2087,0,0,0,0,0,0,0,0,0,0,0,0,0,0,0,0,0,0,0,0,0,0,0,0,0,0,0,0,0,0,0,0,0,0,0,0,0,0,0,0,0,0,0,0,0,0,0,0,0,0,0,0,0,0,0,0,0,0,0,0,0,0,0,0,0,0,0,0,0,0,0,0,0,0,0,0,0,0,0,0,0,0,0,0,0,0,0,0,0,0,0,0,0,0,0,0,0,0,0,0,0,0,0,0,0,0,0,0,0,0,0,0,0,0,0,0,0,0,0,0,0,0,0,0,0,0,0,0,0,0,0,0,0,0,0,0,0,0,0,0,0,0,0,0,0,0,0,0,0,0,0,0,0,0,0,0,0,0,0,0,0,0,0,0,0,0,0,0,0,0,0,0,0,0,0,0,0,0,0,0,0,0,0,0,0,0,0,0,0,0,0,0,0,0,0,0,0,0,0,0
2088,0,0,0,0,0,0,0,0,0,0,0,0,0,0,0,0,0,0,0,0,0,0,0,0,0,0,0,0,0,0,0,0,0,0,0,0,0,0,0,0,0,0,0,0,0,0,0,0,0,0,0,0,0,0,0,0,0,0,0,0,0,0,0,0,0,0,0,0,0,0,0,0,0,0,0,0,0,0,0,0,0,0,0,0,0,0,0,0,0,0,0,0,0,0,0,0,0,0,0,0,0,0,0,0,0,0,0,0,0,0,0,0,0,0,0,0,0,0,0,0,0,0,0,0,0,0,0,0,0,0,0,0,0,0,0,0,0,0,0,0,0,0,0,0,0,0,0,0,0,0,0,0,0,0,0,0,0,0,0,0,0,0,0,0,0,0,0,0,0,0,0,0,0,0,0,0,0,0,0,0,0,0,0,0,0,0,0,0,0,0,0,0,0,0,0,0,0,0,0,0
2089,0,0,0,0,0,0,0,0,0,0,0,0,0,0,0,0,0,0,0,0,0,0,0,0,0,0,0,0,0,0,0,0,0,0,0,0,0,0,0,0,0,0,0,0,0,0,0,0,0,0,0,0,0,0,0,0,0,0,0,0,0,0,0,0,0,0,0,0,0,0,0,0,0,0,0,0,0,0,0,0,0,0,0,0,0,0,0,0,0,0,0,0,0.0000000000,0,0,0,0,0,0,0,0,0,0,0,0,0,0,0,0,0,0,0,0,0,0,0,0,0,0,0,0,0,0,0,0,0,0,0,0,0,0,0,0,0,0,0,0,0,0,0,0,0,0,0,0,0,0,0,0,0,0,0,0,0,0,0,0,0,0,0,0,0,0,0,0,0,0,0,0,0,0,0,0,0,0,0,0,0,0,0,0,0,0,0,0,0,0,0,0,0,0,0,0,0,0,0,0,0,0,0
2090,86946.7731190364,46210.6475980447,78142.4860752648,97624.4050319935,26950.3419665835,103491.3309811689,58177.4203407069,51002.6513879791,106825.4230521022,17518.3149910009,65140.6112643843,29297.0356199193,55296.3139054337,46825.1341638785,76211.1428503249,37667.5026544175,83504.9878217253,31644.1691611107,21161.6860774748,82233.4525222181,39322.1568794233,124.7755306799,31151.0508853288,48151.7634785671,57180.1407820623,99834.1984950767,43202.3958691386,72474.9995944077,16608.7957937855,91146.2352605529,66716.7936440480,33963.0082678016,72908.2969526138,81366.5510349975,63191.5164094657,70641.0799381355,63605.1353902206,32713.6109502746,49294.7118626345,29473.5268565250,46088.0359413390,95057.6659245383,21797.9087588628,44799.0928317464,37258.2534697825,33777.5633437829,86156.1020736456,97048.8322475246,9050.6115290007,53188.0848297082,25016.7628432688,50723.7129425711,40937.9008601669,92160.9225531004,60211.6977399713,21297.3624431017,37935.2155966502,32127.6322928790,52521.7785735310,14955.8949864447,74054.2366268793,65316.5076104749,8214.2196932256,87497.2207363777,62692.2513984540,54295.9708683035,27788.1680458681,86020.0042067298,91459.6323919895,94343.2191901580,72269.1258836481,25132.7226362910,62737.2419280888,44633.6068060841,75383.7266432168,40315.3552294841,37177.8831604523,91647.7886509653,25615.7005092962,77297.2426380084,16600.2145160865,102216.1415460595,13288.7184338520,57639.5684501814,47310.5753974366,90676.4549086897,39766.1607363153,83200.7576362780,47698.8940184368,65912.3787832187,74345.0417509971,78828.8164014377,96759.8515970497,55743.0273476051,31706.4853784684,28592.3341408302,69898.3662525412,82174.9616492603,37378.1261138381,45217.1413270415,21452.3125117786,41132.2101467305,41332.4856577319,43737.0362757012,71053.2292832677,30399.5961134867,59599.2356129539,80831.0061234940,24160.6823245970,53033.4383438771,81382.4121742993,69030.8437885460,98088.3440782119,37112.5650763072,26701.0206760132,62995.2874215601,20178.9219495019,36831.1753646837,50343.2905742625,22967.2248172858,38400.7587196818,37651.2228580658,79053.1592230860,10349.8279683485,19106.8121288311,15066.6907719411,32911.8764654933,18091.1846871963,83782.3416746840,67068.9027820859,45638.1700164987,31511.7323018890,457.7616384041,37846.7559503790,93572.2289928837,5453.0467663275,61885.7397653059,22910.5724517116,97857.9812065251,38298.4124000581,41836.7808921044,61467.2460942956,50742.9865657084,72233.7341142546,53400.3048964186,26665.0628884348,46117.7049582193,14423.1153123097,37306.7043657510,89729.3859374612,24012.0694605953,71695.5817390466,33197.2215965718,88662.9935791812,89156.9884361294,77388.0994304209,59266.3851491780,32463.4599029476,59207.7811960184,31233.7843513912,26493.8056875194,45036.3468678718,82355.8416733946,44320.3288388165,99393.0147097251,41860.5168481774,27583.3809670455,67659.6850574436,56194.6993659170,98028.3665413913,50455.1969908378,14593.6946375423,66843.0223455545,73709.7064642765,57163.9917942173,87481.7514956619,14547.5739245863,89893.1213653622,66844.9014258957,43097.4779863534,72073.6926415866,51874.2803501765,86175.2313867448,63132.1107966301,43427.7568224607,97025.5204097370,26345.1602206142,76262.6494381020,77918.1503332336,85815.2118040467,61121.1426942101,66701.0704173785,58965.9205536625,40287.4442005035,105565.6574350630,68136.1005105220,25918.0584665415,72316.7167020019,58717.6855475380,49233.1484752162
2091,0,0,0,0,0,0,0,0,0,0,0,0,0,0,0,0,0,0,0,0,0,0,0,0,0,0,0,0,0,0,0,0,0,0,0,0,0,0,0,0,0,0,0,0,0,0,0,0,0,0,0,0,0,0,0,0,0,0,0,0,0,0,0,0,0,0,0,0,0,0,0,0,0,0,0,0,0,0,0,0,0,0,0,0,0,0,0,0,0,0,0,0,0,0,0,0,0,0,0,0,0,0,0,0,0,0,0,0,0,0,0,0,0,0,0,0,0,0,0,0,0,0,0,0,0,0,0,0,0,0,0,0,0,0,0,0,0,0,0,0,0,0,0,0,0,0,0,0,0,0,0,0,0,0,0,0,0,0,0,0,0,0,0,0,0,0,0,0,0,0,0,0,0,0,0,0,0,0,0,0,0,0,0,0,0,0,0,0,0,0,0,0,0,0,0,0,0,0,0,0
2092,92371.8815845502,40629.8755451456,78757.1115697311,102523.6929248310,32139.3134884457,107112.4131423370,54727.3070746194,54954.8040447750,112456.3402298642,16236.1539015913,70631.2246823418,20479.6720866663,60808.7688231470,47386.5167710443,78914.2578407797,32746.9582164087,89168.8440562169,36849.0219654719,15524.7913010644,86128.6890319314,37197.9581386095,9358.6361758279,33853.0420599009,53219.2635493211,59431.4759241213,105464.9635809617,48847.4200881592,78057.4061776634,20991.2096239843,94213.9316841386,70303.3908509077,28965.5482203440,78170.5785069639,86932.4574229371,68854.0462713708,72293.0773385581,68659.1762092668,32778.6224353246,54327.5214123596,25955.5145130476,42110.6606752554,100637.9021707907,27451.3662442120,47571.8502664991,41437.8245995481,28122.1564807636,91760.6522640323,102710.9533296048,4092.5542023582,58661.2333625961,19956.5475034731,48148.0264403708,46514.0524151900,96312.1604713718,61444.4619836555,23052.2834875100,43260.5558139064,37774.4951143547,58182.9673892226,19921.4887002605,79703.3935239965,68166.7349552121,10827.5854598298,92694.0267433906,67996.6598344984,57419.2869088900,26192.8248048659,88520.0990523415,95133.4722914773,99884.3281899147,76336.7397478179,21040.8617780234,68356.3573008675,46324.6445074289,81040.3525552622,45250.2215749696,31656.5822603052,97299.4391054488,29704.2381787353,82757.8505203206,12606.7732019519,106187.6272722693,18872.4272494304,63255.6642492890,52714.7811902905,96315.4633432404,36517.5038876534,86665.6517012586,52243.0472828101,68120.7881379203,77695.6654401694,81011.6926867366,100130.1788805451,60960.2850880896,37293.5505188759,23146.9356150040,75127.6399997859,85196.3510423241,33248.4504447002,50676.3656173586,26664.5013312796,41028.1349945397,35668.7036396609,47479.0428239149,76638.7936052057,31850.2580960436,63390.7781501929,86121.0713458121,24106.1359018126,54709.3455220850,87023.1065276897,74504.9067917402,103722.8466976874,40363.6714633086,21089.7380776055,68304.9011987961,25660.9376410837,38758.5994369572,55973.1127579129,20144.4334319220,43727.0676915428,38464.9572456807,84671.8333155838,8550.6876234423,14117.8208213932,16173.2753618577,30321.5994926253,12708.8651892409,89310.6013953405,68251.2048721362,51288.8944783004,26904.2165617791,4589.6755059574,43426.1351708040,99186.3369476486,12444.8562935665,67397.5508901640,26034.7097636628,103516.0229169955,43961.5602289799,46830.2729383496,63275.0086736428,53091.5555685826,74603.0899777438,58736.2416228889,32238.8666129487,42866.6619035572,15149.4072420933,36513.4282550905,95392.9668182833,19910.2719298827,74699.5803521840,38299.9875332742,92591.5901688287,92533.3261339688,81102.3237801274,64710.0477417462,37952.1159526279,62032.9327144195,34791.6610208396,31918.9611883790,42643.7320617078,88006.3801732649,49510.3924377069,104440.1516122325,46333.3346243514,33244.1716816318,73304.7483333144,61824.8990386081,101724.5394770962,55753.4933935488,17573.6012330263,70987.7313651390,75685.4585894527,62823.3385791846,90274.4981190060,20110.3440869145,95395.6664703305,72420.8158854021,44154.3789398374,77737.6357964420,55401.0047986124,89871.2445619413,68766.2565244694,48685.7033691968,100966.6218942708,28476.2186334311,81849.7544657598,83579.8723221831,91139.0956175172,66674.9126627309,69947.0479162643,64375.1118414225,42803.8776194709,109382.4275485160,73450.4765568956,26881.9470990849,76029.8934536419,62026.0124565067,52363.2498416750
2093,0,0,0,0,0,0,0,0,0,0,0,0,0,0,0,0,0,0,0,0,0,0,0,0,0,0,0,0,0,0,0,0,0,0,0,0,0,0,0,0,0,0,0,0,0,0,0,0,0,0,0,0,0,0,0,0,0,0,0,0,0,0,0,0,0,0,0,0,0,0,0,0,0,0,0,0,0,0,0,0,0,0,0,0,0,0,0,0,0,0,0,0,0,0,0,0,0,0,0,0,0,0,0,0,0,0,0,0,0,0,0,0,0,0,0,0,0,0,0,0,0,0,0,0,0,0,0,0,0,0,0,0,0,0,0,0,0,0,0,0,0,0,0,0,0,0,0,0,0,0,0,0,0,0,0,0,0,0,0,0,0,0,0,0,0,0,0,0,0,0,0,0,0,0,0,0,0,0,0,0,0,0,0,0,0,0,0,0,0,0,0,0,0,0,0,0,0,0,0,0
2094,87127.1023454205,45735.5490618257,74154.3778800466,100940.0638343521,30127.4702739546,101179.8945481844,54172.6375797263,48994.0956257157,108696.2692916061,13201.2143979975,67597.6554096532,32257.8678285679,55784.6337402540,42792.4740300310,73203.0506562310,34701.2066057617,84983.9129391171,31412.9067028621,20594.3345936968,80170.1706258579,35034.2188907448,3495.3990527862,28092.5827420946,51365.3867368771,53883.9820525690,100809.7852058088,45083.3568524701,73209.6615347383,15145.3729308210,88394.0182104475,64369.8381001651,34798.2019875641,72709.6777301980,83567.4027506385,64769.1218522054,67047.7344245314,66796.7478017959,28527.0359785596,48684.9590897338,25600.7050173371,42350.5413133095,97188.9295715502,23247.8158907302,41813.1543089008,35493.5195704005,32473.2508264487,86984.4239315426,98593.2245481344,9157.4124691888,55718.5026835408,22363.5013124763,46490.7955805624,41718.4758076064,90355.1520418386,56428.7429479582,17639.2561846691,40828.3047398201,34055.8056237338,53897.9605915354,18554.3623552852,75816.9495318154,62400.8761146812,3072.0807318549,87152.9652998932,62597.9917824957,51569.3465531628,23467.8107128575,82888.4161237371,89193.0997801620,94884.9463819429,70377.1499287221,26982.6025180298,63680.5834209224,41029.3171483776,76630.8346006159,39557.3201095961,36953.2652980507,92812.1989885769,23759.8889457832,77587.3590039495,13236.5449682711,100227.4013725702,14446.8312383487,59665.7462833978,47491.0658097719,92505.1285333647,35732.6922076680,80754.3087622937,46363.4939556330,62599.4977452902,71803.5676154251,75509.8864052920,94239.1269996727,58740.8568411070,32587.7113902736,28628.6938293566,72849.6810371232,79386.6889376852,33768.4845161250,47808.4101515526,21312.3861144722,36927.5879129663,40224.0911870464,41524.1298519905,73193.7383453412,26649.1643843583,57435.7433925157,80685.9858638061,19923.6592701356,49434.5418483751,83208.8835813394,69371.2363195591,99942.3634149894,34469.9622106419,25168.5388546022,65832.4105313566,22920.7309554508,33327.4007924427,52310.1686236757,18895.9542054309,38411.8124728652,33680.1684955149,79969.4794966108,8702.9093643774,20009.9256450460,11061.7281360149,28717.4646780623,16125.1661292529,84285.8144389365,63272.1155282000,46877.2808706477,28296.2163994454,2185.9344280974,40114.7226484787,94446.9099678313,4082.6838740629,62359.2815377028,20139.7666245072,99102.8943273576,39790.9002774132,45155.2443629855,57940.7214054752,47496.1151905321,69017.2294822335,53394.3892658527,29041.3210530930,42066.7045954682,13951.8476999333,32999.7675503291,91223.6194983586,20519.7899543074,68890.8442490299,36435.7332931730,86632.1400880011,86639.6576600491,75155.9622798488,61850.6437110793,35050.8692458095,56271.0879399976,28845.8556026584,26831.6097780447,40778.6987070072,83517.4262305014,44014.8366135544,102548.6963073636,40439.5869879069,29082.5664347399,68786.4627420841,57224.7827133967,95782.2980462171,53342.9360765066,11667.9818501972,65032.1800849007,70277.1407322023,58829.1986781012,84537.1934378650,17182.7846806041,90302.8120832595,67558.3840581385,39223.3589534060,73555.1253560978,49470.9552826647,83927.8154635849,65036.6453883689,46404.5612992544,95007.0245766666,22915.9274868984,78388.5540019275,79494.4130800096,85742.8058273877,63399.4149535841,64074.5833555635,59135.2937261718,37127.4611957930,103429.5757576112,68057.8714936849,21956.8787078169,70082.9410163209,56136.6943271627,46507.9479453303
2095,69791.2494638471,64626.2257812481,60078.1799270456,98060.1646179723,31981.0412157254,80611.7859260875,57272.5789377978,28291.9015057472,97332.1642602733,20413.6610400776,60509.7127273057,52147.6911916679,40342.5006849564,30758.0644470798,53801.9440095762,47073.0509788031,72382.3203261299,15783.0168816242,40157.5396468127,59480.1996334556,35193.6903584233,24251.8372464688,10115.8301367252,50139.4400938261,35685.7206232313,85881.4543896138,36801.0474587523,57983.7028489037,7761.3886101533,68378.3399712202,43823.7644658574,55271.8892050866,54545.3868685452,74421.2812803133,53369.3814707704,50109.1669266126,64293.6425283731,21489.9943967816,30040.6356388818,33843.7107556522,49177.9344084309,87310.0032348576,18739.7501156282,22655.4954651935,14944.4191134089,50233.9549734809,71762.9639965921,85960.7092074565,27680.4894694739,49844.6720666808,37510.6636051363,46598.3877593771,28657.6055584035,69669.3409253752,41045.7070662083,9931.5334128789,38810.5325261649,27970.6343258748,42267.9329903633,26691.3437673163,64787.1361400007,42804.0121068728,15892.4745703810,68443.4216262978,44945.9275470272,31585.4750543629,25180.3424590623,63808.4929540149,68592.3720712601,78549.6332216707,49680.1119155710,47654.5000059226,49603.3686183917,25100.9009094680,63295.6448487235,20956.6465820327,56396.9751155896,78736.5155779216,42.9894626483,60744.7355327001,28008.4428357728,79528.0004187402,15744.4423303759,50758.1108102510,31431.3325204372,81276.9813167167,40423.2235359832,60304.5823958725,26219.9680314333,44333.7168287629,51469.2922475233,57137.4022177896,73871.8675838298,55465.1823940348,21691.1819045722,48558.6040539324,68440.8002154947,59451.3360607241,42606.9317442570,43058.2926223275,21330.2068448685,28409.9280620262,58070.3446029995,20870.7229278201,64131.2626923766,14362.8955566629,36769.7828165830,62540.9389813753,17615.1331465862,33004.7814834279,72226.0794679724,52885.1807561263,88665.1796745167,14446.2447651924,42915.6328337446,61076.1359257376,24772.6254680759,17430.7035034831,43682.6586066514,27219.4954113729,22583.1639759807,22107.1109882128,65231.3429912287,21821.8502786469,40631.4987411017,13829.5686462393,32395.4466975904,33982.7137463678,67997.7502576622,47781.9470356195,35261.1590311500,40263.4621805486,22925.1949409705,34615.9644225763,79254.7102773060,16991.3897164158,46561.8629918863,774.6375587153,85226.8172826643,30336.6276927616,45311.7825992452,40804.9182583892,29225.6474964618,50305.1344071107,36346.7942492001,26707.0887736363,45696.4031724598,33994.4318471514,28184.6228096584,78532.4047626977,32555.1523281675,49010.8681507191,37329.4767835426,65936.9872419055,66269.7218893813,54531.0132531174,55832.0617934795,32295.5663690397,36768.1518966091,16729.3425715873,15262.0577078020,40950.1565284751,69638.6129086775,26516.1003880599,98501.0022511805,20266.7335810547,22261.4391568634,55235.5761246430,43844.3945167517,75170.1529528202,49810.0321484828,9405.9289296294,44356.7804654871,52450.0574629574,48192.6413856109,64935.4686291869,21611.7081886964,73613.8408790177,52437.7426239332,25767.2138219621,61329.6370352657,28978.7838864719,63314.1045950978,55184.8603467983,44151.1216039846,74310.9013731082,9231.5715239442,69039.9794804584,67481.9897613637,67723.1180979927,55573.4312122728,43872.1884791397,42420.2202476988,18850.4523062971,82765.5108393656,50315.9757100088,14124.9302675506,49457.3640507858,35873.9176693158,26549.5811878030
2096,0,0,0,0,0,0,0,0,0,0,0,0,0,0,0,0,0,0,0,0,0,0,0,0,0,0,0,0,0,0,0,0,0,0,0,0,0,0,0,0,0,0,0,0,0,0,0,0,0,0,0,0,0,0,0,0,0,0,0,0,0,0,0,0,0,0,0,0,0,0,0,0,0,0,0,0,0,0,0,0,0,0,0,0,0,0,0,0,0,0,0,0,0,0,0,0,0,0,0,0,0,0,0,0,0,0,0,0,0,0,0,0,0,0,0,0,0,0,0,0,0,0,0,0,0,0,0,0,0,0,0,0,0,0,0,0,0,0,0,0,0,0,0,0,0,0,0,0,0,0,0,0,0,0,0,0,0,0,0,0,0,0,0,0,0,0,0,0,0,0,0,0,0,0,0,0,0,0,0,0,0,0,0,0,0,0,0,0,0,0,0,0,0,0,0,0,0,0,0,0
2097,0,0,0,0,0,0,0,0,0,0,0,0,0,0,0,0,0,0,0,0,0,0,0,0,0,0,0,0,0,0,0,0,0,0,0,0,0,0,0,0,0,0,0,0,0,0,0,0,0,0,0,0,0,0,0,0,0,0,0,0,0,0,0,0,0,0,0,0,0,0,0,0,0,0,0,0,0,0,0,0,0,0,0,0,0,0,0,0,0,0,0,0,0,0,0,0,0,0,0,0,0,0,0,0,0,0,0,0,0,0,0,0,0,0,0,0,0,0,0,0,0,0,0,0,0,0,0,0,0,0,0,0,0,0,0,0,0,0,0,0,0,0,0,0,0,0,0,0,0,0,0,0,0,0,0,0,0,0,0,0,0,0,0,0,0,0,0,0,0,0,0,0,0,0,0,0,0,0,0,0,0,0,0,0,0,0,0,0,0,0,0,0,0,0,0,0,0,0,0,0
2098,0,0,0,0,0,0,0,0,0,0,0,0,0,0,0,0,0,0,0,0,0,0,0,0,0,0,0,0,0,0,0,0,0,0,0,0,0,0,0,0,0,0,0,0,0,0,0,0,0,0,0,0,0,0,0,0,0,0,0,0,0,0,0,0,0,0,0,0,0,0,0,0,0,0,0,0,0,0,0,0,0,0,0,0,0,0,0,0,0,0,0,0,0,0,0,0,0,0,0,0,0,0,0,0,0,0,0,0,0,0,0,0,0,0,0,0,0,0,0,0,0,0,0,0,0,0,0,0,0,0,0,0,0,0,0,0,0,0,0,0,0,0,0,0,0,0,0,0,0,0,0,0,0,0,0,0,0,0,0,0,0,0,0,0,0,0,0,0,0,0,0,0,0,0,0,0,0,0,0,0,0,0,0,0,0,0,0,0,0,0,0,0,0,0,0,0,0,0,0,0
2099,0,0,0,0,0,0,0,0,0,0,0,0,0,0,0,0,0,0,0,0,0,0,0,0,0,0,0,0,0,0,0,0,0,0,0,0,0,0,0,0,0,0,0,0,0,0,0,0,0,0,0,0,0,0,0,0,0,0,0,0,0,0,0,0,0,0,0,0,0,0,0,0,0,0,0,0,0,0,0,0,0,0,0,0,0,0,0,0,0,0,0,0,0,0,0,0,0,0,0,0,0,0,0,0,0,0,0,0,0,0,0,0,0,0,0,0,0,0,0,0,0,0,0,0,0,0,0,0,0,0,0,0,0,0,0,0,0,0,0,0,0,0,0,0,0,0,0,0,0,0,0,0,0,0,0,0,0,0,0,0,0,0,0,0,0,0,0,0,0,0,0,0,0,0,0,0,0,0,0,0,0,0,0,0,0,0,0,0,0,0,0,0,0,0,0,0,0,0,0,0
2100,0,0,0,0,0,0,0,0,0,0,0,0,0,0,0,0,0,0,0,0,0,0,0,0,0,0,0,0,0,0,0,0,0,0,0,0,0,0,0,0,0,0,0,0,0,0,0,0,0,0,0,0,0,0,0,0,0,0,0,0,0,0,0,0,0,0,0,0,0,0,0,0,0,0,0,0,0,0,0,0,0,0,0,0,0,0,0,0,0,0,0,0,0,0,0,0,0,0,0,0,0,0,0,0,0,0,0,0,0,0,0,0,0,0,0,0,0,0,0,0,0,0,0,0,0,0,0,0,0,0,0,0,0,0,0,0,0,0,0,0,0,0,0,0,0,0,0,0,0,0,0,0,0,0,0,0,0,0,0,0,0,0,0,0,0,0,0,0,0,0,0,0,0,0,0,0,0,0,0,0,0,0,0,0,0,0,0,0,0,0,0,0,0,0,0,0,0,0,0,0
2101,0,0,0,0,0,0,0,0,0,0,0,0,0,0,0,0,0,0,0,0,0,0,0,0,0,0,0,0,0,0,0,0,0,0,0,0,0,0,0,0,0,0,0,0,0,0,0,0,0,0,0,0,0,0,0,0,0,0,0,0,0,0,0,0,0,0,0,0,0,0,0,0,0,0,0,0,0,0,0,0,0,0,0,0,0,0,0,0,0,0,0,0,0,0,0,0,0,0,0,0,0,0,0,0,0,0,0,0,0,0,0,0,0,0,0,0,0,0,0,0,0,0,0,0,0,0,0,0,0,0,0,0,0,0,0,0,0,0,0,0,0,0,0,0,0,0,0,0,0,0,0,0,0,0,0,0,0,0,0,0,0,0,0,0,0,0,0,0,0,0,0,0,0,0,0,0,0,0,0,0,0,0,0,0,0,0,0,0,0,0,0,0,0,0,0,0,0,0,0,0
2102,87006.6627938260,46006.9012547537,71366.3639815734,102970.3560499258,32181.5074032026,99398.8631288026,51681.6787985299,47491.0450768937,109702.0965540156,10378.4836686496,69054.2631530775,34632.0936568016,55939.3118193023,39990.7961528943,70999.6551733453,33181.5447763758,85745.0863249403,31230.0119895845,21076.6264586560,78568.7891867804,32241.5060452597,8533.7359815353,25964.8282764724,53372.6422029253,51518.9019372671,101210.0813676681,46212.0662302225,73485.5721727035,14445.4086179506,86340.5493175350,62604.9602974188,35980.5247957629,72358.7549213567,84825.0718074793,65632.4530021120,64486.5096775866,68764.6598509412,25652.8289453580,48127.9874293580,23302.4759044841,40127.5147788092,98384.3822611650,24284.7210451484,39675.2951647034,34221.9309364301,32259.5534041831,87301.1634853296,99383.4681123281,10162.8543654171,57248.9557711731,21231.0643938533,43764.6323000063,42131.9091746943,88910.9707427437,53761.3319016269,15153.3006553836,42647.3130993782,35277.9959573903,54655.4088019893,20952.8178072524,76785.0136282806,60268.4197536476,1183.8380543757,86680.7363410926,62340.4568065050,49579.0613614013,20624.3418422324,80600.1746988264,87450.2885481582,94998.0230345576,68901.9734055092,28816.2293325821,64118.3100510475,38487.0242468614,77247.0370479234,38948.3857063039,37445.7180103506,93349.4762076411,22545.9968697605,77555.6521268090,11661.3150552730,98655.3187161244,15543.2007090965,60844.7020111169,47471.8881006702,93496.5516130054,33235.8223512423,78903.2316074272,45325.8289463818,60213.9640316202,69900.9842270039,73110.4025934718,92328.8752412387,60585.2455749424,33136.5884228257,29370.7246006024,74641.4516611695,77317.4588759681,31688.9764075905,49401.5945675287,21350.4515661038,34042.5688374536,40089.4361420832,39911.0796939240,74424.1483757634,24044.5288256294,55805.7245069795,80356.7725139550,17030.4452208919,46884.2574800076,84209.7942775942,69389.4629585436,100943.8993762121,32595.9306735649,24878.1602826107,67553.9794156524,24762.6000230760,30867.7991620865,53469.5214820294,16416.5818993473,38331.2632842760,30920.6337494506,80356.1544439506,3231.4137496451,21417.9192657017,8366.5531638503,26053.8653465594,15719.1016489234,84387.0095853399,60593.0119619330,47570.1337426010,26605.3303486062,3792.6793749087,41522.9467702373,94785.6452627504,5822.7319877897,62484.1673343961,18306.2826488905,99688.1043681507,40688.8900085707,47248.0658785117,55426.7240532118,45172.7323184072,66686.2310937109,53225.2680698140,30592.6349164358,39542.0994211420,14724.9311707327,30087.2787175721,91987.4590842716,18649.4711712809,66821.7002037120,38500.7510541331,85044.7847833585,84737.4866177011,73450.4680841522,63404.7800144841,36695.4175944040,54134.0465872876,27189.7511479777,27088.4124161271,38024.6629322656,84064.8513200814,43685.9069604390,104462.1007619751,39373.2324969444,30071.4577832021,69336.1244771064,57738.9452644478,94047.2299279635,55122.3033099014,9948.5514097021,63620.2992218265,67811.3404339459,59766.3448031587,82364.9040119541,19052.7523368312,90332.4760604203,67831.8999764968,36515.7326832586,74335.6515290926,47701.1738573945,82202.3867000225,66120.9909874311,48261.7857439867,93419.8712588993,20557.1015278683,79601.2889454805,80329.6993765724,85454.6189074735,64741.4064581436,62127.2311172794,59064.8439392893,34887.2004796284,101759.8477946988,67797.6259621999,19225.1373022164,68383.3410263430,54232.9194650491,44531.1433921478
2103,96675.0940110386,36217.4052707191,76889.8786229909,108464.9424223413,38041.9776812592,108528.7963905348,49462.0177619133,57046.6193324712,117962.7600824554,14008.4165885755,76385.2170908627,28137.9622490807,65389.0334656100,45741.7074284098,79309.6402481957,26818.0651453072,94442.1331354699,40915.8032401117,11206.6787841506,87968.6964910298,33125.4899913533,14946.9050501437,34789.8287407071,59150.7479383185,59447.3599059191,110401.5394779312,54319.4268252798,82817.8435223331,24290.4421181479,94977.0061406668,71817.6471745541,26427.7630909247,82146.9062888244,92591.2406503079,74178.4920966982,71548.1001465942,74593.7098893042,30939.4863126346,57974.7417298926,20877.6125477855,36560.2489737404,106270.8958945542,32652.7364424921,48317.1461693606,43973.9826825136,22886.7253496854,96589.1661131618,108027.9517242090,378.3297901395,64431.3034594243,14017.7626396924,43567.3094059220,51318.8370013643,98467.1252982866,60334.6046753268,23424.1354667325,49121.6283736528,43249.2967936639,63380.4668239927,25851.3167229517,85138.9268750256,68798.8877635045,13487.2959574221,96513.3628728454,72083.2987179709,58461.2607550378,22909.1254512876,88635.1306594841,96652.2005412498,104487.9392358749,78447.5613567991,20589.8120968604,73270.6120730474,45885.3195836374,86163.4646899371,48802.2933830538,27581.6453266920,102369.2236845248,32354.7327700219,87161.4699702955,7648.2145998029,108070.2372506614,23898.9741204923,68816.6145354680,57061.7373252545,101794.1320287467,31506.4036879520,87947.5903099800,55158.3969533906,68016.8420944702,78874.8878071046,80801.0158817777,101246.7486467289,66863.6443880081,42169.9064770728,19534.6564938201,81029.2032264442,85938.8765523484,27649.8010799291,56457.8079141480,30876.8584874507,38816.4059426042,30618.0060058041,49381.2245896957,82264.2938917008,31489.8842419910,65209.9592894679,90137.1297578332,22514.7430346380,54140.9667732319,92496.8825213590,78956.2382279629,109217.6893788181,41780.2141642458,15632.1792459806,74177.1987793119,31420.0617981960,38719.0792284267,61497.4524332031,15906.5213477054,47959.5477916311,37246.6920534661,89565.8633820966,7610.3757042321,15089.6866693208,16503.2712640613,25958.5859304151,12955.6110183999,93886.7879576870,67033.5323089030,56397.5023677016,21084.4452560390,9094.6448139991,49069.6928730927,104048.8133865908,17288.9348094806,71961.2672021014,27709.5209087805,108641.2052861148,49216.3991142797,52768.0577204715,62765.9174298966,53283.4831876450,74638.2683868511,62916.5987702364,37895.6540126466,37800.2089947339,5964.8911521399,33711.4938862121,100677.4044900053,14485.1114395725,75473.2679574923,44223.2066355706,94453.9545738692,93682.2141358823,82725.3035795449,70504.7227299946,43707.2823126826,62682.1127920854,36683.0687167090,36438.1872601287,38264.8646152919,93073.2350148571,53455.4324251587,110376.8827950510,49201.9132813277,38485.9261481829,78346.0729469247,66799.2644945428,103252.7241295126,61628.7227958673,19625.2895861701,73228.5988652260,75273.3326746843,68194.2289373161,90723.4942979946,25788.7011251665,99892.5444989350,77166.8473419361,43076.0197671659,83008.6747438903,56951.2678838304,91436.3656200276,74270.8140250968,54574.3177438243,102821.3764337507,28970.3383603905,87471.6302441921,88910.2654031456,95217.0799767894,72354.0179655506,71041.0596473582,68694.7416193005,43333.7165785386,111049.7471356034,77543.1930006620,26208.5962087188,77674.8579978462,63251.4396980297,53465.1194521547
2104,96124.4351196060,36793.0247192292,76234.6717375055,108377.0444635848,37876.2942817869,107816.7855764060,49205.4081163200,56355.2317893295,117612.4054749925,13331.1805626265,76122.5446444643,28778.3386367813,64876.8684202357,45069.0917081896,78591.8568145004,26873.8453274885,94037.9571967593,40356.0161215024,11839.0255921889,87266.4931046414,32644.2856485456,14810.8094182182,34075.8195599897,59017.8291429001,58731.7557982047,109933.8010618354,53969.2543820834,82326.5913316598,23684.1008229113,94259.0286862193,71108.8788593192,27131.2758503530,81565.0079802046,92289.8582899142,73788.2939189183,70847.6264479660,74465.9629160401,30268.7547403040,57369.5906257098,20556.4068012583,36384.9321501730,105959.5541056962,32255.4761634799,47599.8973883057,43304.2226386697,23349.0782496095,96106.0161952104,107631.8712422506,232.3277327239,64177.5464280750,14107.5115236530,43168.2183259083,50842.3220810249,97773.7694783805,59644.0267193188,22707.0173378763,48920.1850991762,42904.4305198761,62966.2589202423,25723.9201375456,84773.0830980539,68080.7771051669,12875.3841915187,95915.5332959761,71513.8061443138,57746.0206446592,22327.5164539905,87919.5030448294,95942.3254094111,103972.4818745656,77754.1410837432,21293.5426480931,72804.2846054283,45174.9402174985,85730.6758006525,48192.9449233383,28198.8658267212,101924.8120020741,31697.2861779937,86623.4236402413,7245.2690605454,107368.2300284482,23483.7128348190,68487.2318575553,56523.8690006944,101437.5469879984,31181.7172334886,87234.1059962979,54504.5322581552,67303.1026333878,78160.3463127250,80089.4836416169,100530.9615985111,66693.0036212867,41708.9934479696,20197.8314108658,80855.5118434686,85220.8959981701,27488.6318604938,56210.8662122313,30341.4444702072,38170.3918046278,31107.1011337695,48685.1192264092,81952.7987405355,30775.6370889728,64508.9931735794,89557.8472114175,21825.9790689824,53434.2990553116,92139.9342654143,78425.1366020252,108864.8052317814,41073.0378613841,16055.9654128241,73979.5921094269,31173.7831533328,38002.5305328676,61159.2227223869,15418.7260669172,47412.7953666861,36554.2134018619,89093.6366604742,6895.2354011866,16449.0519642103,15788.8870242737,25510.7678560939,7132.9175631579,93368.9594038826,66347.7641281057,55968.6179358279,21030.0600546893,11156.2228751851,48771.1970494683,103570.0097399864,16866.1040142500,71445.4216127759,27014.9359492830,108206.2762824343,48818.4857555000,52650.9236539658,62058.8973104157,52566.1723918585,73923.0974247382,62358.8098580824,37606.7676240760,37491.6520643526,7191.2316400057,33101.9697317265,100274.9325307745,14247.7377102273,74755.4913158903,44079.1160228390,93751.9992915425,92966.9116787820,82018.1538484746,70261.6485165718,43452.4559405610,61964.0868821262,35990.4787231566,35932.3194083968,37830.7830190558,92629.3379545486,52877.5704159758,110253.2858603541,48547.2817428196,38091.4559832539,77899.8569202194,66344.1117646553,102542.8144900935,61434.8283341810,18955.4655060972,72540.2631774792,74565.2273599047,67815.7139996125,90005.6150232134,25517.9409787227,99364.0596978331,76674.5126486251,42380.8709499669,82605.5099975663,56244.5829841362,90727.5913407072,73924.5557376582,54392.0735179201,102118.8390319030,28253.0633383545,87158.3346076378,88519.1428479409,94643.1574774841,72062.3299219799,70325.8067341696,68150.4944780379,42615.7080929619,110342.4251402616,76973.2575114790,25497.4608705146,76968.4936044275,62538.2516975982,52750.9350739270
2105,0,0,0,0,0,0,0,0,0,0,0,0,0,0,0,0,0,0,0,0,0,0,0,0,0,0,0,0,0,0,0,0,0,0,0,0,0,0,0,0,0,0,0,0,0,0,0,0,0,0,0,0,0,0,0,0,0,0,0,0,0,0,0,0,0,0,0,0,0,0,0,0,0,0,0,0,0,0,0,0,0,0,0,0,0,0,0,0,0,0,0,0,0,0,0,0,0,0,0,0,0,0,0,0,0,0,0,0,0,0,0,0,0,0,0,0,0,0,0,0,0,0,0,0,0,0,0,0,0,0,0,0,0,0,0,0,0,0,0,0,0,0,0,0,0,0,0,0,0,0,0,0,0,0,0,0,0,0,0,0,0,0,0,0,0,0,0,0,0,0,0,0,0,0,0,0,0,0,0,0,0,0,0,0,0,0,0,0,0,0,0,0,0,0,0,0,0,0,0,0
2106,96358.1156687587,36523.7856994388,76965.7988816540,108069.7871573699,37644.6858457429,108389.1483791404,49789.9103477120,56856.3373131723,117581.1923329130,14053.8031037621,75992.2988608863,28044.1288407066,65054.3711411261,45792.9830586099,79232.6327651110,27210.0142576420,94071.9085532449,40604.9021499039,11478.0768025003,87799.9715473041,33350.8704679256,14549.6371103314,34660.5496671579,58753.7185482051,59390.7963149967,110049.5547467178,53938.2372967039,82474.5185305694,24010.4524167789,94878.1954689825,71667.0144877253,26597.7537145598,81847.8111612277,92202.3871605691,73805.1458666120,71545.6788973501,74196.8248239951,30993.9337875276,57691.6330737238,21180.6718556166,36911.9618700201,105883.2947848964,32281.9189126358,48208.6542872458,43752.0125222724,23243.8855158901,96242.6912650227,107655.7353721346,2.0395279755,64037.6825189212,14411.8065640327,43837.5079470718,50970.6137027720,98279.7390524604,60354.2758717445,23316.1022874850,48725.0564753853,42867.3660374034,63013.0365167854,25454.2914283191,84760.3792941664,68704.3187043239,13214.6484990917,96224.4812699185,71776.9321424665,58337.4806984872,23062.1708578280,88578.0526967514,96504.8668371468,104154.2425641394,78260.5404072718,20603.9286204668,72918.4612293642,45853.7187264884,85800.8127600439,48522.5495127790,27860.6734014833,102009.8485291240,32119.0640260511,86838.2563526115,7911.6253603363,107900.8520465026,23533.3134628972,68431.8050016005,56738.9352300590,101413.7444267035,31808.8898302948,87814.3654898185,54917.6099424908,67970.5576851462,78746.9069586594,80764.3954633761,101125.7068777353,66466.3690846692,41816.6301257849,19771.6938741753,80631.9508305503,85840.2231075707,28004.7519153122,56063.6990752781,30554.1008893746,38904.2063559458,30965.2968026904,49200.0906107026,81876.8022432627,31442.0956911693,65038.7150547139,89836.3283780867,22539.0398022951,54121.6973214579,92116.6039577745,78629.8125906694,108836.6004641925,41625.6595585062,16001.4694352563,73780.4439450809,31026.1670460543,38656.3487712131,61114.1238912134,16126.7614566477,47641.4460517686,37262.9109912432,89215.5575600339,7495.7734212222,15417.8619107869,16378.5700730145,26202.9589945407,7241.4605223325,93554.2035433444,67062.3826470594,56034.1197549769,21461.5873014380,11272.4572588743,48680.7667627363,103700.7144192853,16926.2953223829,71628.0742857706,27526.9203311428,108279.0177202178,48845.1890950707,52371.4505543755,62745.4182693860,53213.1613360863,74584.1686622062,62603.8701044477,37505.7462332563,38109.2496202977,6468.3578343220,33839.0908874115,100306.7332010898,14816.7849871615,75370.8695091613,43825.9691959698,94284.5693989150,93558.2598405603,82569.6034699878,70110.2697194603,43313.8967438439,62584.9152681169,36495.8897812060,36101.8226826164,38517.1712571753,92713.7663651207,53154.4469819554,109980.1455512722,48962.1563975724,38114.2040954147,77987.4305131617,66443.5427283145,103105.4487766985,61231.8786204674,19406.1821816015,73032.6585777932,75249.2061098695,67818.3911038621,90644.6848753334,25397.1488404107,99564.6897726996,76824.0008811102,43086.4185699324,82638.2829059835,56794.7255233897,91285.4856011302,73888.7325203754,54177.2122584622,102653.3005469129,28863.2321419214,87084.3610047563,88537.0150691996,94913.0049313466,71964.0819385972,70917.1003605249,68374.8436998539,43236.6203486023,110894.2729011056,77236.9965504452,26175.0627712750,77516.9880447835,63117.2681958648,53335.8397337177
2107,90529.1621513770,42858.3887509344,70335.6632695122,107111.3173512305,36301.1713951228,100926.0465516960,47884.7518880167,49585.5307447612,113840.6876189587,7700.6742484359,73279.7807826206,34811.6088174134,59692.4955845581,39001.8486677312,71759.9558352140,28963.4425530277,89799.9835752229,34820.5216427073,18416.2691650538,80421.1779466088,29122.6893726432,14618.8854225424,27181.2351056757,57517.6053892583,51964.9077725977,105080.3741709890,50397.6748865604,77296.6296419017,17841.9476100665,87383.7418418449,64230.3882781050,33997.2784944241,75704.4290639246,89027.2156410265,69734.1460418385,64339.3315837880,72925.7452287224,24308.0927008624,51336.2317835733,19299.9447032326,36071.4446058019,102573.4076053185,28469.7531611542,40713.0053971056,36717.3631450172,28730.8091096777,91128.2200629263,103446.6124238774,7409.3065671092,61476.5755364117,17151.1672987073,40411.7294634875,46058.4974063186,90982.9590417361,53291.5587452121,15820.3289604229,46843.9858345227,39485.3180861305,58723.7899844702,24852.8100592732,80917.9073975015,61212.2796900502,8617.6087530072,89900.0101253655,65780.2367929725,50850.9092938628,17810.1855235656,81146.5285204359,89058.7951951410,98688.3653045744,70965.2653974502,27964.3255949510,68030.2453876352,38522.2669614035,81240.9378608888,42143.6572771257,34577.7600458929,97297.5856978726,25251.3147381630,81154.1968572220,7470.1534259587,100523.1033579295,19754.1673466240,65035.8973518562,51122.8525904341,97633.1061202056,29452.2111940298,80340.1120417380,48039.8492972107,60573.7088046500,71265.1866536429,73398.2720317242,93636.5337448156,64779.5566452772,37146.9077435527,26876.9030532089,78847.6526994461,78345.8751200359,27548.0000999928,53627.5679771377,25153.9849888645,32504.2795030159,36587.8768263222,41884.5623553534,78622.6971607803,24061.0401573642,57672.9802114254,83712.0380716698,15663.3315778892,46839.8430409996,88351.0369056084,73032.6753772465,105082.3714362330,34204.3993125322,21344.8600385907,71770.3186609180,28946.0537586592,31220.7045869848,57658.7651213199,12627.9952400233,41964.4979346951,30220.9396861643,84228.3294225022,0.0000000000,20023.0655346884,8894.0917080772,22577.7772117889,12248.2155667702,88075.7066044879,60056.0110865275,51618.7945678557,22377.7122813473,8213.9184874059,45747.6552628061,98622.2963990624,13437.9126103364,66209.1372255592,20243.2264388925,103658.3699460738,44818.2365077519,51356.0605163845,55452.3342209125,45755.1221692934,67162.3529616336,56752.6337921761,34818.8046415011,35794.9966421692,12699.0541839355,27973.6416835353,96041.6113409357,14433.1283940710,67875.4478400257,42618.5586301542,86907.7619804278,86071.8490370834,75146.7610979113,67632.2792147397,40916.5412594848,55091.4429201001,29223.4089863741,30977.3628620255,34760.2912432370,88021.9154914465,47109.8454888146,108642.4096664307,42084.1825976709,34237.6628520384,73302.1472541697,61696.2263330419,95659.0795616703,59328.8116947642,12472.9286748985,65787.9517566999,67934.6747775082,63895.4035263159,83168.7973026368,23222.7067330940,93966.3106426137,71646.2176492052,35988.6300139931,78402.4852884348,49376.8236975145,83848.6093530493,70289.5713888950,52451.1732695724,95270.9186102225,21367.4636438051,83795.8470443663,84415.6467269112,88840.3791119115,68957.6733305082,63430.7056345347,62656.7568002882,35743.6548585546,103469.5699669963,71226.9396211881,18868.0987086714,70101.1472493960,55644.8878328180,45856.0625611754
2108,61106.2868759215,107620.1929428425,32731.4556639212,123830.9349922960,76290.3550773473,34011.9795934351,74833.1137585411,25839.6753111263,103670.9615336635,63289.7416730256,85043.2034870562,102045.3041042026,53682.4240352818,37377.3794976823,2089.6312521037,82765.6283659399,80421.8011878250,50675.9352447902,86327.0208823425,20072.0175161204,59525.0087249501,74423.4823344830,41820.1392547185,86632.1389860307,18033.2656566774,82893.3965796412,67927.2224288097,62530.2231345615,56988.3769807411,18690.8333090420,12011.9116776428,102373.6142067805,48136.7981390173,91025.8272204801,70965.9320467175,17753.4701003897,95871.4541278933,48805.4367813396,40782.6005130379,69433.9703976399,76186.2930448101,99431.1418017386,63654.5523040501,28103.1240365618,38291.0440537692,92700.4291499354,71347.7082229839,90647.7239816574,75627.3426732803,79721.3432705404,79099.3485280890,63620.8359874524,56287.6473856412,31074.8733279936,25144.6680339108,52923.3522340755,77508.1446197644,66495.0817431149,64357.7732809361,75488.0559998739,79336.6486001926,12565.0464880099,65007.9573774163,52667.0278940867,46956.7665933472,18622.5380109506,59329.8306241464,23164.9340175265,23661.8314807705,71774.9698509151,19525.0105578524,96532.6720862886,61723.0468377170,31813.1924763107,71953.6134036860,42769.0178356179,101052.5864585865,80444.9490638721,48173.9669231021,57771.6141326818,72112.3689236328,36622.6346904587,64950.1131643821,74837.3663633950,49726.1605186801,91037.5283074982,68150.4278193992,14378.7571773026,33997.9691222641,12041.4330890201,5346.6516718580,12306.4012835102,25690.8279734493,87825.6285146975,58202.7398664958,94674.4550464132,96020.7360218924,17154.0486641099,75053.9060589525,76907.5505008700,56629.5263241660,44928.5800929990,99756.4198243086,30572.3735160850,83554.7940911484,45173.3427137221,18355.1833826441,52412.6739189497,55148.0568471509,25265.6420009968,84806.0624769215,55099.3074746983,96779.8673658818,35740.6816326232,86379.5947841828,89695.4415619057,71210.9101790946,37830.9754510759,71101.3037603796,66463.2228489348,49785.2596781285,41738.7771044446,68683.9884301829,68731.2401278782,88751.4175643262,59898.3242305351,63455.8721968076,79062.5062973321,64617.3633124346,23990.7407538778,61288.1136262411,77489.0629924781,72391.3532903464,70723.8097116184,76857.0681494596,67167.0867145756,54830.6591896955,49869.7274927032,86085.5069834491,63090.9134487372,84602.0805198712,18679.8360129828,23340.6392815128,8458.7626005072,47317.0423155928,69511.4270651130,69171.0646377919,81375.4348178046,51059.9128478381,84713.5169661436,72639.0906407279,578.7103054149,79391.7351521832,24912.5691237932,18589.1183451118,14512.2015786324,83648.8348311952,72482.1608994737,13650.0155457566,41846.9942715588,56262.1826123148,61422.3230491350,74528.1122442299,45239.2837937237,121977.3481820388,36853.9240679668,63158.1040807057,66332.2461559373,60899.4580117264,29686.2523380933,83282.6611624158,58286.6415645998,20889.1798726633,13470.3064184492,69683.4713608298,14767.7127423941,70141.8622453246,66701.0920393661,59876.1407840451,36468.7384424736,73850.1576543621,22281.5998152545,19666.9998621634,75681.9754480605,80945.8264951663,31752.3684918774,47381.3373288266,86485.5735430566,78611.4889385866,56255.4391991457,80133.8343653810,9226.3035943936,50021.2136939038,32988.4744898256,37824.6567460882,48461.7653613803,50547.0344450354,13153.6845861243,15016.5907785043,23628.3722364656
2109,77217.0168955653,59935.6429968470,54645.9991655071,107064.2772058793,39596.4516048066,82220.2580238051,48119.4961912959,31817.1792136633,106269.5996267206,14385.7414383125,69690.0942177367,52695.3566095941,48827.5731902362,23842.3386099322,53019.1689642445,39728.1515374018,81215.2597744701,24801.3662580130,36805.1235719694,62031.6906376931,26022.8077698957,26753.4785534979,11323.2194632113,58731.7073857883,33443.8063899454,94140.4967381644,45968.1588141593,66329.8004675352,12914.8250885252,68565.8801360057,45654.2288738515,52691.3550352536,61656.0019215959,83581.7236887487,62433.8084361411,46625.3752433783,73160.1362597448,12504.6251576241,37339.9347958570,25968.7804034933,40474.6269441707,96411.1969408225,26969.8521110440,21893.4468997925,20585.2906988496,45108.4298190889,80009.3101160960,94739.9943869971,25707.6040840086,58944.3778461859,31700.0918012753,37407.8230156145,37739.1940277981,72857.3853611592,36300.3510641002,942.3168628784,47367.5764332785,36869.4796098114,51366.8349253883,32247.5572871323,73843.5798193408,42403.6722365161,15822.9903212570,75016.7501969355,52497.4470195277,32076.9464247914,16487.6575950741,62544.0874710493,70417.9889252701,86365.3700469225,52914.3914695291,46641.6403658262,58307.0182637310,20616.0447991604,72046.1149318784,28670.7659889618,52367.8676689747,87252.5225803423,12040.6056410093,68484.5496730535,23092.8047895458,82105.9161664952,21839.0364936910,59949.0936806660,39900.3796043713,90266.7356748888,31572.9528934423,61602.2783091568,32055.1835815245,42140.9804095876,52502.2940440379,55042.0978171850,74841.1451844856,64368.4742563083,30869.9126013772,45266.3904600102,77503.7052183126,59528.4786006956,34456.7325057138,52022.3616857465,19363.1257614701,20054.2510272214,52773.7503119086,24035.5272913601,73306.9206753893,8333.3202021113,39412.2530885617,69571.2212860384,8958.0523324877,29015.7151436151,81265.2344761494,60856.8633596607,97631.6945251714,15901.7146162706,38085.0425463630,70141.7526681631,31989.1678309708,12842.1964873566,52872.7965443369,20018.1560130905,31344.7320138958,14630.3747114620,73657.1300897897,18821.1016277459,38831.4637038763,9977.6852347060,23634.0497553250,29825.4403136329,75904.0038612549,43163.6215336175,44400.6431635222,33081.7049517150,23108.6808664826,43563.7276410807,87467.0727746664,20284.4585956463,54855.0434290912,6280.2546842565,93761.6657096594,39516.4576302264,53612.5458701718,37473.0161366252,27110.0811197785,48615.2110470956,44350.6292298970,34980.7456471289,36647.5235745434,31501.9363033763,19111.4863628468,87327.0074701578,25957.5123974969,49055.0009242415,45327.2827340802,68513.1831107371,67287.4723321641,56605.0654533743,64961.6075250374,40830.2571298358,36278.0953169038,12255.2084604398,24385.6256264326,31759.2780765938,78244.6316360733,34588.6611623434,107595.1788265886,26384.7454089922,31095.0138490218,63997.0556548567,52726.7943131051,77013.0766443227,58702.2219849272,9828.8576648812,47960.6192758744,49788.4679414979,57333.1895309966,64412.3606809723,27782.1583867195,81314.6198922243,60864.9282807368,19487.2904248491,70265.6931481143,30931.8505473413,65244.8020591738,64345.7919597255,52824.0994158599,76844.5669662293,297.6976402351,78198.8712703405,76419.8909748398,74782.4917583630,64762.9387875367,44651.5643493185,50446.5843146557,16937.0234084494,84892.2787928380,57735.4132622411,4015.3766327458,51595.0291041510,36931.9158513318,27121.2372080045
2110,90160.9126951864,43566.9492332078,68683.8076001728,107976.2575198467,37203.8097878873,99691.6794073597,46686.9017864935,48563.6574158233,114083.4319148405,7314.4297291946,73805.0756318974,36431.8093459087,59514.6866306438,37358.4012330671,70346.6559680470,28566.0734017971,89916.4358338748,34557.4061363773,19450.8402824643,79292.4672935255,27626.2956449189,15958.5784871484,25939.2329353871,58379.1355536322,50499.6889647441,104985.2558153731,50764.0416865253,77156.8295080975,17549.6995717639,86028.0215105287,63041.1965886791,35205.9817424378,75229.8750004386,89427.3564451359,69925.9710002238,62771.5772908068,73757.5610018248,22651.8999930021,50803.5265060457,18268.8061375919,35098.7701816218,102930.8111893710,28862.3399227282,39389.6898856440,35873.4457984302,29237.4350771459,90997.0018084570,103570.9017099580,8592.3781269958,62053.6612867570,17156.8311285705,38996.5219992082,46052.9534348631,89922.8481965127,51688.3909512304,14511.5492238027,47601.1217760618,39926.9598195497,58872.7517964419,25960.1340520886,81157.6667566410,59845.4101955603,9677.0263042939,89344.4632338350,65371.0449170592,49574.2437583594,16228.2741051134,79686.4959882732,87851.6711101730,98439.7303162887,69912.2439167709,29458.1697125206,67990.5460815718,36997.2891222711,81283.6706920701,41618.7624595943,35446.2883062852,97283.5892216544,24543.2399620232,80843.4337752038,7362.6464707882,99391.5785880131,20249.5372391000,65409.4133898143,50873.6947808390,97875.1026265117,28240.9391862771,79087.7515081340,47266.2858369340,59087.1935095309,69997.4693245995,71893.8655556607,92344.5989125016,65539.0645466505,37246.2815132133,27930.1070865905,79569.2993928604,76989.9435546650,26702.9983541504,54248.2097366495,25088.0828098142,30840.1176234830,37091.3146880137,40833.0931402998,79013.5667649401,22560.4491666706,56564.6107005760,83239.0293910424,14015.8859867189,45295.0810744775,88604.0129569289,72759.0930101377,105326.4142659547,33052.5701960321,21883.4186797270,72452.6807043214,29743.7479323156,29763.8193900892,58030.3497317387,11406.0023756333,41715.9517322463,28607.8866675364,84141.6738048965,57.0591836983,21435.9731567685,7705.5229384111,21198.1122431917,12927.8851858809,87829.5630111294,58443.6490198183,51746.7859469649,21875.7330128125,9521.9022451788,46275.6422814332,98497.4064025272,14145.8003354428,66003.3147330407,19269.1944670782,103667.0975060901,45072.7996393575,52272.4315163785,53912.9947955567,44322.3083619741,65694.1138171902,56409.2767082727,35447.8412803051,34562.8868043068,14014.0380531941,26321.1649686220,96155.3211995608,13831.7969467407,66530.4969879013,43522.6853712203,85779.5480535766,84789.4869319575,73972.0280400024,68218.2709990817,41583.1210431699,53732.2262854274,28228.5533056681,30964.7172920382,33311.7903549172,88020.5274431252,46710.9508957720,109432.4037827187,41319.8628316390,34576.2055623521,73316.6463991186,61707.9668083665,94450.6555035190,60052.6923418856,11850.5446247138,64775.5450114621,66405.1637843629,64135.3113017563,81760.4910920092,24051.8345874062,93676.0868039720,71512.3008767302,34388.7959699810,78539.2133377366,48217.1696023464,82654.6768563662,70604.3893664606,53225.7654185456,94135.7393619758,20048.2315584732,84173.0755144936,84577.8138090192,88383.8243770113,69420.0289402694,62151.5740683446,62352.9311877240,34385.5214814565,102287.9212485253,70807.1559956083,17324.8176970832,68935.9017087000,54401.4286782845,44599.7291563271
2111,89492.5042260119,44359.6714429110,67911.7414007604,107901.8165960380,37170.9298014331,98807.7978924726,46562.5417975414,47711.1330469298,113670.1312914776,6236.9482412292,73539.6430131329,37246.8451468972,58923.3006790622,36571.3616469108,69460.9874648226,28946.1546748347,89446.4597100421,33941.1732228447,20317.7317656202,78420.6937447825,27241.0142458197,16264.8044212693,25056.3029085191,58310.6629270162,49619.9418773724,104421.9178554939,50422.2673690582,76577.8591117147,16942.7291299354,85139.7495932933,62162.0708484633,36089.9519090411,74525.3716046673,89094.1159182244,69493.8173863948,61921.6381135930,73667.1737462281,21892.3720315141,50082.9887563713,18297.7215947075,35142.0203497023,102574.5199317888,28549.1608179215,38501.5614825107,35063.4802505346,29978.0351482964,90419.9775388973,103103.1525429142,9439.1815033242,61818.9339180212,17737.4358934777,38689.1205175345,45538.0288112917,89061.6321753697,50859.0267992394,13624.8706304041,47473.7316941879,39629.2368722229,58423.1201234403,26073.4663108473,80746.3579564116,58957.3129917831,9519.4472798460,88611.8899382175,64690.5905178880,48687.8699967430,15745.7898177992,78806.2348772929,86970.3188454325,97815.4394762819,69052.7950939440,30329.9928104801,67454.8359021250,36130.6533356365,80781.7108406204,40903.2505106622,36278.7924024134,96755.1436025095,23776.8777333658,80197.0751081736,7957.0054026616,98519.1107439901,20005.6409573091,65066.8044781033,50256.1170830251,97462.8390056849,28118.5117303598,78202.6369229898,46472.8079179744,58211.4235922308,69111.4153503073,71022.2292520381,91457.2138897843,65407.0714446593,36782.9719203764,28797.4155178459,79412.3359344504,76101.6656166794,26837.1855269283,54039.9490491910,24562.5492859723,30116.7768524688,37827.2454771770,39975.6964640420,78677.0964075523,21686.5367832071,55696.4930849475,82534.3118101389,13237.6477349371,44435.2878240510,88198.0434444992,72127.7847965503,104914.4344786995,32179.5727926495,22639.0716069366,72274.3817227516,29653.6292903360,28882.2719428617,57688.7229910963,11320.7428698970,41101.7943392914,27786.0684275427,83583.7754360307,105.3682639835,22319.7127663851,8743.3162616783,20940.5603889789,13733.3514093438,87207.1228675495,57621.4456516246,51289.6479727366,22212.9988281145,9954.8815275821,46020.0190476942,97922.3067102793,14042.5462567601,65399.4621039064,18433.9131515609,103147.9287356738,44678.1993080449,52240.3010200093,53051.4083422701,43438.1896222632,64815.0490116654,55754.3919041757,35254.5359325344,34418.2551338858,14902.2903770993,25688.7753283969,95683.4401439622,14142.1101225789,65642.1143414979,43486.7495816976,84907.7310074210,83902.5533300681,73094.3616086190,67986.9078445161,41406.5772988880,52843.9599431157,27384.6669303165,30455.9415627465,32974.1646428735,87498.4500444855,46038.0767764114,109312.1747763900,40530.1131559764,34229.7429268649,72803.4529163439,61195.8029808614,93569.1206627415,59901.2907016269,11134.6306251922,63923.8385053018,65540.4714691966,63727.2289949305,80874.4910468791,23988.9330147282,93036.2853886338,70936.5461135756,33556.8564709402,78079.9854810413,47342.0814585281,81774.7308349398,70231.3526323928,53106.3804667932,93262.8327824161,19160.5919334625,83828.9163349122,84129.4812833456,87684.3383343275,69122.1721770793,61264.9320637949,61711.7213517372,33497.1821834607,101409.1298533853,70122.2059512776,16462.9598014695,68059.4772804656,53517.2575294807,43714.7703349545
2112,0,0,0,0,0,0,0,0,0,0,0,0,0,0,0,0,0,0,0,0,0,0,0,0,0,0,0,0,0,0,0,0,0,0,0,0,0,0,0,0,0,0,0,0,0,0,0,0,0,0,0,0,0,0,0,0,0,0,0,0,0,0,0,0,0,0,0,0,0,0,0,0,0,0,0,0,0,0,0,0,0,0,0,0,0,0,0,0,0,0,0,0,0,0,0,0,0,0,0,0,0,0,0,0,0,0,0,0,0,0,0,0,0,0,0,0,0,0,0,0,0,0,0,0,0,0,0,0,0,0,0,0,0,0,0,0,0,0,0,0,0,0,0,0,0,0,0,0,0,0,0,0,0,0,0,0,0,0,0,0,0,0,0,0,0,0,0,0,0,0,0,0,0,0,0,0,0,0,0,0,0,0,0,0,0,0,0,0,0,0,0,0,0,0,0,0,0,0,0,0
2113,90148.1626185140,43866.0859943507,67632.0034974961,108735.4286817044,37999.1506813293,99038.8251402430,45764.6282914666,48090.1804338286,114468.7858606806,5202.7706364521,74370.6647061903,37446.7605765020,59639.3702236701,36321.7411472139,69545.8289270379,28142.8158935031,90224.8947612511,34643.2878463536,20014.4943532748,78726.6088646278,26558.1555006193,16983.4635878543,25306.1551620796,59143.4593273581,49654.9866343232,105153.7532306941,51241.0511368169,77300.9634420912,17658.2059381841,85275.5498090612,62430.3699780220,35873.4271719699,75147.0225826852,89913.9542507582,70286.9643590124,61824.4106279629,74501.9516263250,21594.6040582610,50689.4497925535,17466.4468460358,34310.1665045732,103389.1138198318,29374.5434407384,38675.5407638247,35544.8669791564,29412.9536694947,91143.8386177307,103882.2536857235,9574.2196858333,62653.1827406673,17032.4906414018,37963.4231117308,46298.3382446594,89408.9444834433,50703.0828514404,13846.4328305121,48310.4027979610,40456.4749858701,59210.4036865758,26869.7990951605,81546.1046165687,59087.0085748854,8170.7036290635,89201.7808143063,65336.5079691691,48895.4584743834,15129.1790345352,78842.6030420681,87222.0939445118,98506.8266160887,69407.4008715180,30355.1994710928,68203.2490903240,36098.3498897757,81546.4035908733,41516.6194575807,35865.3079459997,97506.4570780045,24333.4072359738,80871.8558108580,7281.7963867800,98820.8544347302,20840.2200658705,65885.0210302732,50954.8980379786,98262.0124579826,27318.9219190012,78422.5601078102,46980.9653243333,58220.9984620142,69321.0669320377,71009.2084279837,91645.2123352741,66243.9692199197,37566.5823797654,28490.2570862586,80249.6509323479,76238.2866177779,25999.8855061349,54876.0468580899,25321.1557120938,29759.3281728033,37253.9773808820,40341.0058796817,79496.3893216928,21694.2001249497,56020.1639487064,83155.3409233293,12978.4460437812,44374.0106728610,88999.3162524815,72814.8135208642,105713.6040706500,32486.4798790235,22097.5109597656,73111.5020363411,30487.8281671501,28934.7035725386,58507.3222994742,10507.4955981353,41804.1231705690,27614.3226395359,84319.3150225267,1059.0608484629,22273.4839607097,7212.6683277868,20189.1890483340,13281.4930637618,87900.2079077924,57446.9163919573,52074.4627497701,21399.3253518864,10597.3437125344,46852.5112061950,98647.1683760407,14876.7258107278,66106.7709359162,18870.9609141677,103903.8289741233,45484.1502129326,53068.7796942496,52996.0580041198,43509.1040759458,64844.1227005151,56423.6259496845,36091.4127779234,33625.8531420522,14794.2115344240,25213.9147944208,96460.9745834000,13324.7341773649,65789.7567772158,44315.5628240472,85213.0876685396,84098.8401155037,73370.5258040531,68821.3837308906,42243.7982288611,52981.8420203520,27793.7440781422,31221.1413021818,32264.0498519215,88253.2283893166,46692.7415631549,110148.7401440835,41045.5177682501,35048.3342357672,73563.0635388917,61956.3987752786,93819.2818525787,60738.5637798131,11766.7253341709,64303.3622432352,65496.6248173962,64528.3948910551,80962.8117766843,24820.2497586408,93715.8688025070,71661.8867302603,33409.8724117792,78862.9665071145,47635.0003940965,82036.3951814838,71042.2515417838,53942.7577280884,93562.7195918794,19357.5218741480,84646.4893731078,84916.4694764410,88310.5226013149,69948.7104321616,61467.2421084360,62391.6465584776,33643.8008499929,101677.2232617631,70763.5359752744,16419.6187908773,68342.9697547556,53748.6858234240,43939.9187340878
2114,0,0,0,0,0,0,0,0,0,0,0,0,0,0,0,0,0,0,0,0,0,0,0,0,0,0,0,0,0,0,0,0,0,0,0,0,0,0,0,0,0,0,0,0,0,0,0,0,0,0,0,0,0,0,0,0,0,0,0,0,0,0,0,0,0,0,0,0,0,0,0,0,0,0,0,0,0,0,0,0,0,0,0,0,0,0,0,0,0,0,0,0,0,0,0,0,0,0,0,0,0,0,0,0,0,0,0,0,0,0,0,0,0,0,0,0,0,0,0,0,0,0,0,0,0,0,0,0,0,0,0,0,0,0,0,0,0,0,0,0,0,0,0,0,0,0,0,0,0,0,0,0,0,0,0,0,0,0,0,0,0,0,0,0,0,0,0,0,0,0,0,0,0,0,0,0,0,0,0,0,0,0,0,0,0,0,0,0,0,0,0,0,0,0,0,0,0,0,0,0
2115,0,0,0,0,0,0,0,0,0,0,0,0,0,0,0,0,0,0,0,0,0,0,0,0,0,0,0,0,0,0,0,0,0,0,0,0,0,0,0,0,0,0,0,0,0,0,0,0,0,0,0,0,0,0,0,0,0,0,0,0,0,0,0,0,0,0,0,0,0,0,0,0,0,0,0,0,0,0,0,0,0,0,0,0,0,0,0,0,0,0,0,0,0,0,0,0,0,0,0,0,0,0,0,0,0,0,0,0,0,0,0,0,0,0,0,0,0,0,0,0,0,0,0,0,0,0,0,0,0,0,0,0,0,0,0,0,0,0,0,0,0,0,0,0,0,0,0,0,0,0,0,0,0,0,0,0,0,0,0,0,0,0,0,0,0,0,0,0,0,0,0,0,0,0,0,0,0,0,0,0,0,0,0,0,0,0,0,0,0,0,0,0,0,0,0,0,0,0,0,0
2116,0,0,0,0,0,0,0,0,0,0,0,0,0,0,0,0,0,0,0,0,0,0,0,0,0,0,0,0,0,0,0,0,0,0,0,0,0,0,0,0,0,0,0,0,0,0,0,0,0,0,0,0,0,0,0,0,0,0,0,0,0,0,0,0,0,0,0,0,0,0,0,0,0,0,0,0,0,0,0,0,0,0,0,0,0,0,0,0,0,0,0,0,0,0,0,0,0,0,0,0,0,0,0,0,0,0,0,0,0,0,0,0,0,0,0,0,0,0,0,0,0,0,0,0,0,0,0,0,0,0,0,0,0,0,0,0,0,0,0,0,0,0,0,0,0,0,0,0,0,0,0,0,0,0,0,0,0,0,0,0,0,0,0,0,0,0,0,0,0,0,0,0,0,0,0,0,0,0,0,0,0,0,0,0,0,0,0,0,0,0,0,0,0,0,0,0,0,0,0,0
2117,92388.7385345368,40610.9846634708,73645.3681477221,106474.7880353815,35719.0538550868,104054.8307976430,49538.3752511386,52478.0247784753,114546.1497118759,10810.9294335053,73440.5436772429,31447.8753175693,61255.7659212937,42334.2509084033,75066.2937894694,28938.6351414342,90773.3489954773,36610.4111316738,15742.6335582367,83429.9207728538,31625.2417887627,13115.6342606541,30354.7562298005,56953.0814579610,55309.5253967654,106442.2391031456,50943.0792768197,78764.9396584715,19839.1625900778,90639.2247316421,67316.9538797806,30971.8147068513,77756.2009630941,89431.8339106885,70585.5710682022,67720.6994458592,72401.7364417077,27606.9447638125,53516.6071759364,20756.0522348436,37236.2903413195,103054.0484467972,29085.6119126042,43950.2944741154,39394.5341643216,26917.5174841796,92566.9596414914,104393.1654197566,1549.9234213549,61547.4428543096,16506.6921533932,42649.4663076807,47343.7473095772,93901.5412276889,56666.0474226015,19078.2962663677,46555.0220118293,39920.0215146609,59680.3058363960,23845.5499998111,81658.3644553652,64481.6826674386,9035.9642918163,92073.3064598020,67734.4796885076,54038.0229696848,20626.9501260971,84485.6387325542,92158.6846063804,100332.9548000796,73882.3983740550,24618.1316041543,69327.3595563716,41896.1918810232,82365.0834507174,44333.6439909877,32083.5799415664,98513.7092081282,27785.8634433503,82922.4113476147,7698.8729675215,103530.1264775561,20281.9394417336,65529.8947116557,52830.5738917259,98351.9311315907,31213.4998542655,83492.4398337662,50593.9459951200,63929.6636483356,74436.0680704530,76762.5338832510,96828.6245788581,64436.7829866151,38274.5620606661,24109.2344133299,78568.4177115241,81602.6551199056,28489.9105014158,53623.0101274836,26675.2309912401,35742.7262112234,34731.3427672239,44823.4842180862,79058.8818920761,27428.2131967155,60667.1396591148,85754.0952724801,18990.3907329804,50218.6242680966,89056.6221541608,74744.8420444861,105791.1943699015,37272.4135093227,19552.1196101604,71589.7123722164,28670.9826519789,34564.3751206670,58172.9416160096,14644.6287584896,43698.6590453832,33589.5986470204,85591.7025041069,5832.6467781426,16761.9381366911,12105.8370269842,24802.4776014785,10414.8093254673,89724.0515193668,63425.4539098219,52634.1365957258,22655.7579495660,5536.7037745672,45971.0356374739,100043.4876782448,13695.1642888988,67811.1028203214,23150.2744482538,104826.7915504107,45609.2461108536,50676.7972403620,58829.7012640769,49079.6973768686,70507.4524245584,58610.1456973766,34879.3371526939,37573.5496377144,9615.9755129953,31049.0471099093,97014.6082993997,15114.2204797573,71123.8042228487,42000.4145952078,89913.9541698023,89255.0929639565,78212.5636205115,67671.4324333545,40858.2029041488,58355.5269684005,32117.8610505291,32351.7972388154,37106.6699906845,89222.4403211407,49082.1604611311,108179.0186317132,44636.4783256701,34915.7503600964,74489.9202302800,62908.4807254532,98759.1888839095,59078.8319562921,15045.5707180773,68655.0127016856,71308.9736687789,64662.1426895796,86470.1124526891,22942.7644775748,95687.7591892905,73111.0409168888,39364.3093694843,79349.1913155822,52437.6498225350,86934.4215241268,70894.1468924519,52103.3757927932,98283.6057807892,24620.5771744415,84253.7327486310,85305.4745860071,90851.0266690748,69259.3272575272,66615.6488733840,64436.1293032498,39014.3040791933,106536.9571487430,73192.1283013233,22247.9443845205,73157.5230228437,58795.2764902745,49025.0620764207
2118,91801.2894795947,41072.8884930145,75220.0823370083,104684.6586948977,33988.7921930636,104652.7658603682,51563.4162721320,52807.9160890564,113280.8197208528,12584.0794716349,71947.8603747865,30049.8479472377,60499.7255155483,43867.9292028253,76002.4692500701,30623.6484513022,89653.1401550670,36054.6646368770,15978.1545180942,83871.4869819511,33628.7777279339,10540.8334962504,31091.3434196034,55203.5764972573,56364.9551184588,105531.4781434112,49644.0161903521,77933.1357157195,19541.1358807698,91457.2732195541,67871.1477415426,30664.2573739044,77314.8795521258,88035.7368224482,69415.3121659049,69001.9258764898,70656.4738810420,29207.1582909520,53199.2542188785,22776.5172300444,39204.4774653398,101686.7525006017,27881.4790608846,44764.4092895512,39529.2259197215,27751.2151304386,91708.4740105303,103252.7776826380,4355.1565622730,60026.4774231738,18037.8932530791,44684.3142577321,46441.9358162898,94229.1711584959,58051.3263411075,20005.7581130900,44910.6754162349,38590.0314137347,58575.8848830125,22011.1980648495,80424.3016995322,65339.5279265581,8807.0383424660,91713.8129383537,67231.8158730970,54753.8901722451,22548.4546734620,85510.5475488556,92718.4552642436,99598.6798920515,74219.2306578383,23676.2799581352,68401.6180306565,43093.1732828960,81331.1176265304,44041.9485535742,32362.3418810725,97522.2686939783,27837.3540503607,82278.9056448205,9624.3571777519,103961.2717693580,19097.7294974724,64189.7053284882,52179.6868025560,97098.8472599458,33249.4883507287,84133.5535214838,50590.6694065354,65022.0767185346,75110.7728099726,77886.8674473774,97528.9475070244,62756.7692985775,37305.6092087516,24155.9094438701,76903.2985811349,82426.4698269726,30427.9116663011,52079.3395768989,25994.9758204567,37420.4989626292,35500.2448218141,45218.2598365964,77682.3730082532,28605.7901694230,61106.4904229402,85299.9972410109,20547.5915743957,51452.1376929081,87801.3183125962,74070.4751769498,104530.3724064998,37841.3406542022,20457.2981222256,69963.8462654288,27071.2233154518,35637.6122920556,56849.5873591769,16682.3910905388,43084.2134132145,35017.3339232469,84692.2596682874,8500.6241898067,16121.1929322761,13036.4710491024,26834.5587716259,11465.1542715769,88997.7076268599,64837.8683516943,51571.0366130006,24454.3817322728,2557.5341040520,44533.2786801280,99170.7365961129,12478.0962748196,67072.0610497970,23587.8656394628,103805.8838489617,44440.8417982075,48896.0047836534,60044.1962610055,50079.0246399978,71556.9358480830,58050.9121387256,33395.9236544575,39609.1541736262,9465.5887237638,32860.1221898215,95891.1819683849,17042.0775579681,71935.7433125962,40248.2123183243,90349.2340918193,89943.2402189818,78731.4569575135,66132.8559520631,39311.6624027191,59206.5625062058,32496.0733761043,31549.1580423584,39131.9399682508,88226.9123822868,48619.1380297149,106442.4762081945,44643.2231492666,33718.5367081142,73497.1190987657,61940.6579140364,99316.9083666917,57435.8904430592,15265.8630937369,68939.4148009215,72493.5421469575,63454.3555309272,87389.8988462152,21368.1118619142,95005.6837327756,72281.6706442405,40748.6185077379,78221.7252779726,52971.0708700656,87476.5000119898,69601.4957204066,50431.4501128816,98723.7801104641,25509.8897980825,82884.1609156108,84144.6857084693,90370.9892056720,67829.5585200497,67317.7699555390,63816.4986569403,39899.9049874558,107046.5532392934,72692.0167664603,23528.4862825903,73666.7477311897,59448.8380663799,49717.5849909077
2119,87136.3568514646,46067.2129884089,69972.2829759447,104146.9016724829,33398.2795170144,98621.2178185419,50325.3399634197,46900.5523238694,110392.8608224154,8890.2381750364,69975.1065473850,35810.7382571726,56231.7541610264,38591.0578001047,69982.3061495318,32332.0864831761,86322.5972533484,31395.5287967306,21331.3996211665,77900.1471087131,30755.9654371249,11464.2304263861,25038.8345733265,54552.1034629705,50410.2252123731,101601.4233424610,46995.5296556243,73825.8270762598,14457.9072203426,85408.0464036941,61850.6273605942,36533.7199464605,72375.7835571735,85645.0533331555,66270.6231665746,63247.8254484215,69920.4095855963,24195.6050580622,48059.0263044524,22064.8423440745,38906.6110623710,99170.2864695050,25075.8785684019,38717.8174697654,33786.7420426857,32098.1124466032,87655.2007884023,99970.6665125422,8976.5287832929,58210.7926872957,20632.7960646411,42304.4923439304,42573.6294737686,88327.0004178648,52454.6809914184,14024.9417820695,43751.3917035244,36122.1509087806,55250.5895242137,22321.5304214097,77468.1126157888,59298.3323486342,2278.9213966647,86626.1647688213,62413.8858042219,48701.4146940963,19121.5707765612,79528.6660209282,86697.7894573290,95245.0748547961,68309.5214642230,29722.4527742528,64546.6179539776,37271.5847398362,77756.3913387825,38867.7740500609,37637.6401127924,93812.4784373560,22189.0912141510,77735.9793089961,10916.1913236446,97996.5264082721,16418.7921955541,61638.7132384361,47685.7565022336,94184.6196036250,31884.7274983814,78091.2709925459,45000.0180335498,59088.5355409112,69062.6828996815,71972.3087438835,91478.5286843010,61688.7267598560,33665.0975882272,29715.6431721326,75715.5746737709,76378.2666944877,30550.2697563103,50398.0973731507,21677.7661517955,32573.0839469196,39949.0299395554,39267.7055897710,75235.1778681324,22801.4797376810,55134.0761081977,80380.6167709170,15556.0383254728,45658.6340013093,84905.7470635565,69600.5812384615,101634.7402751218,31811.3254006472,24707.1612492492,68598.5374095520,25904.7976305935,29715.1756193081,54259.9847109616,15099.5731606310,38530.1138911912,29556.6074232182,80748.7738539248,1005.7857841465,22137.7979124849,7119.3846110519,24627.3933857661,15564.6201830782,84632.3231792859,59276.8427699411,48141.6837044066,25682.2089339898,6335.5017420578,42442.9174929094,95147.9361347991,7917.5074446876,62755.2710034495,17603.2734763004,100173.0388027442,41370.2113295604,48468.0542358918,54221.3265102575,44094.3161868857,65592.4257546628,53353.9834923648,31595.7496709543,38174.2013162980,15191.3254736621,28576.8980245353,92563.9543991012,17661.7307274245,65886.4883834479,39715.2789530373,84381.5858937245,83893.9428082391,72724.6516851543,64373.9945135044,37729.0836330763,53164.6394728672,26551.4016931951,27493.6658661858,36553.8268830901,84536.6125595084,43744.7522052759,105585.3004133912,39041.8572286613,30819.5550641265,69816.8177496943,58210.8834734476,93297.2274035173,56199.3322720347,9437.7778482647,63066.8562158365,66632.9929498941,60444.7059881896,81362.8950101813,20225.4953217785,90538.4214125768,68174.6020914119,35187.1003967668,74927.9890398036,46955.9330915525,81461.6039548593,66866.1886012195,49378.1522266827,92754.0524705496,19495.4711759163,80401.6348884481,80946.0976704413,85497.5032770395,65610.4562144907,61266.5145478471,59238.5542232977,33871.7604911877,101045.0578904906,67865.3247009074,17894.3078170551,67663.3938104652,53403.0065964327,43666.3767850463
2120,87553.0433601392,45589.8399313740,70534.0760965926,104113.0710322766,33336.1832566950,99224.5595100573,50490.4423090053,47479.5028282325,110608.8108351891,9214.8697273982,70084.0505203506,35203.3220696500,56595.5209456471,39151.6262715506,70598.4087988818,32179.5935836915,86584.4323234325,31796.4177987641,20802.9244139755,78490.9838488752,31070.7649359758,10808.5984500487,25651.7419779906,54515.4755727592,51024.7337471996,101933.2839998904,47168.2116893127,74174.5248181963,14894.9582762975,86022.1531603879,62451.1665199476,35954.2249390461,72824.4136203700,85803.0390251753,66507.1835772432,63850.2709233103,69899.1614980828,24724.7485940032,48529.2553104619,22134.9928704034,38966.5408947662,99344.2312828635,25241.1286519259,39332.5281659472,34338.0574996011,31680.7761672836,87999.6922128926,100229.0298500863,10013.4908126491,58298.4265032535,20365.3323863157,42580.0005057010,42884.0805616724,88906.2080198256,53044.6238876995,14639.7483208067,43760.2103139044,36265.6020587155,55503.8587133148,22143.9932548255,77686.4476941284,59913.6266309480,2462.3871620840,87094.6746344339,62846.0328554008,49312.2449699551,19473.2802716357,80144.2755268773,87298.5088375416,95625.5000846665,68889.5872354246,29108.1164016654,64863.8946035512,37877.8212708183,78044.3248910823,39339.9549794957,37127.0886623061,94118.2828985973,22722.2225739031,78136.9173966163,10702.6790525164,98586.3625755000,16540.7147293090,61807.6868654173,48074.2184351324,94401.3654807247,32044.9360579321,78697.5497798421,45530.7161932016,59702.1439347604,69671.0111721330,72585.0653833597,92087.9517074512,61698.7876961962,33941.6522150963,29171.1310922670,75743.0305508200,76992.6071634916,30555.5054994454,50467.1689700530,22022.7768628541,33090.8645797501,39526.8187223166,39853.8222521645,75396.9708385057,23405.0139130211,55724.7550019460,80827.6690819251,16073.0296068133,46263.2907404886,85118.8767380844,69991.5286588149,101850.4825080429,32413.7842187687,24290.5022784168,68642.4145108069,25888.9319739010,30327.6406853729,54430.1054600128,15229.6207658190,38922.0875882095,30131.7675016792,81079.5573473949,956.3632374387,21535.7885619482,7727.2791789816,24861.9354636753,15137.3047678314,85012.9859485410,59864.3170506152,48403.6873564365,25564.8708674947,5305.2578170743,42550.5813242880,95489.7949587345,7866.8091203477,63126.5353712429,18194.1289286318,100470.8651636456,41586.7423618341,48404.6781741677,54828.3025321273,44709.8994797414,66207.4208271008,53769.2182380880,31659.3545935133,38349.5731808821,14619.9835030896,29035.2642855295,92826.3762446181,17575.6501404705,66500.6102924007,39655.1268455364,84971.8225470954,84502.8123973880,73322.2943423476,64458.0997370816,37777.1064718287,53779.8792627620,27135.4465010529,27814.0368511862,36844.6822878316,84838.8931460395,44179.4822651985,105584.5294464435,39573.1136647334,31005.5435067584,70115.1707930209,58511.7926250797,93897.7519925728,56224.4762673810,9991.5980776761,63640.7696213746,67242.6237728487,60664.2175000974,81978.8785193227,20189.6270306208,90931.8103315312,68522.1847244375,35772.3749530213,75183.5150397686,47555.0811267731,82061.0217151014,67057.2755718659,49380.0801154811,93344.7383887893,20111.5616102789,80568.5100986937,81192.1773292019,85939.3867884587,65744.5738051563,61876.3996511331,59640.5605016099,34487.7745131236,101641.7905658380,68299.4259610931,18481.3150892028,68260.2788942799,54010.4223537963,44276.2174468529
2121,0,0,0,0,0,0,0,0,0,0,0,0,0,0,0,0,0,0,0,0,0,0,0,0,0,0,0,0,0,0,0,0,0,0,0,0,0,0,0,0,0,0,0,0,0,0,0,0,0,0,0,0,0,0,0,0,0,0,0,0,0,0,0,0,0,0,0,0,0,0,0,0,0,0,0,0,0,0,0,0,0,0,0,0,0,0,0,0,0,0,0,0,0,0,0,0,0,0,0,0,0,0,0,0,0,0,0,0,0,0,0,0,0,0,0,0,0,0,0,0,0,0,0,0,0,0,0,0,0,0,0,0,0,0,0,0,0,0,0,0,0,0,0,0,0,0,0,0,0,0,0,0,0,0,0,0,0,0,0,0,0,0,0,0,0,0,0,0,0,0,0,0,0,0,0,0,0,0,0,0,0,0,0,0,0,0,0,0,0,0,0,0,0,0,0,0,0,0,0,0
2122,75262.9704686998,61566.7407661091,54808.1120599044,105564.3326537948,38617.5910743453,80921.0615929996,49933.1615464811,30148.7621757054,104382.1057029835,16067.1958313224,68023.3888021662,53407.7079306338,46885.9946298858,24367.2614844552,52103.0687585474,41649.5719939916,79308.4985096777,22964.6307108023,38184.4618065894,60565.1403252475,27825.5029427089,26933.3401566728,9498.2385544017,57433.6120015425,32754.8953791039,92182.3992134307,44325.7094754594,64376.8378991653,12040.1868692952,67495.8103432941,44265.3161755121,53980.8940368731,59712.0781291709,81795.3400962145,60591.4974226940,46271.3036967866,71737.9866513909,13967.1521053379,35382.6910149681,27917.0517717512,42419.4570227378,94581.6885079226,25763.5304764843,20802.5570177021,18673.4465479414,46782.4365172567,78051.3706884435,92823.2848489210,26778.1448782477,57372.1911424040,33441.8559302949,39119.6527546750,35913.1208590467,71311.5917030534,36227.8265078790,3767.2941896810,46077.5185149711,35419.0352715539,49543.1816604020,31785.8654640491,71996.0447260415,41384.6017472760,16353.2765781650,73106.6007431699,50537.5948257654,30850.9725213999,18443.5634700580,61741.4729323870,69072.4855292897,84403.1772044769,51338.3841609187,47637.2927505172,56384.6668225976,20361.3331344438,70127.6050469329,26708.3997307533,53891.9453524268,85308.1102448545,13568.0324941939,66522.7495007166,24665.7742968486,80655.5544989679,21161.3310534432,58219.3749032756,37960.5161324006,88394.4764811436,33502.3126203993,60330.4725476723,30165.4487580171,41480.8393821689,51257.8563177985,54396.9547743312,73641.3631414472,62925.0947875132,29211.3301788198,46659.6918996284,75961.4166668939,58464.4827164262,36418.1802270836,50542.1952993801,17965.7644844609,21150.1915071776,54480.9509249257,22365.2897917799,71539.8623517588,9557.6058633885,37886.0606045719,67632.7098080429,10920.6908888043,28708.2456380437,79410.1220567162,58894.4235803890,95752.2509587745,14341.9838063761,39703.1145469531,68597.0912192132,31102.1328051739,12465.7730754368,51180.4135703161,21900.0865431464,29442.7578201914,15297.1083401417,71707.7702814260,20009.6852702356,39946.0038262842,11115.6593412831,25579.2584944163,31310.7837490431,73941.2114832390,43081.4647285846,42603.9987824318,34984.2863873713,23727.2590339970,42090.4539979000,85507.8071936739,20206.5129776450,52900.9914363069,2921.7982718662,91818.2612211606,37853.9297278334,52425.7956075477,37051.0435384460,26349.5770780608,47869.4164498823,42389.5123094183,33781.1936596050,38525.2087257200,32708.2534406341,20654.5755508918,85413.2757023271,27785.9210560816,47974.4433852570,44237.7557447667,67050.7661154316,66070.4912624273,55201.9172708645,63362.3609791545,39543.3297837015,35250.4929931585,10365.0086919169,22790.1657510138,33512.6110053749,76308.5938799761,32630.9862455365,106028.6617169617,24465.1831803772,29671.1459960048,62081.3920432539,50834.6530064506,75671.5857379476,57263.6781033014,9951.2074552966,46327.7575575223,49254.1901457967,55533.4912003282,63468.0061476719,27142.6106984333,79353.8505156720,58917.0762916942,19760.8185788763,68381.6192450448,29467.7069421364,63876.5444665272,62562.3336120645,51488.6265613657,75396.5385393406,187.8897531826,76411.4988478863,74535.3537640796,72843.4456885731,63071.8526139810,43429.7860983143,48485.2833373981,15994.2154785897,83512.7551751326,55779.4043211424,6729.7815263180,50173.0091854656,35635.9208667411,25847.2263471821
2123,0,0,0,0,0,0,0,0,0,0,0,0,0,0,0,0,0,0,0,0,0,0,0,0,0,0,0,0,0,0,0,0,0,0,0,0,0,0,0,0,0,0,0,0,0,0,0,0,0,0,0,0,0,0,0,0,0,0,0,0,0,0,0,0,0,0,0,0,0,0,0,0,0,0,0,0,0,0,0,0,0,0,0,0,0,0,0,0,0,0,0,0,0,0,0,0,0,0,0,0,0,0,0,0,0,0,0,0,0,0,0,0,0,0,0,0,0,0,0,0,0,0,0,0,0,0,0,0,0,0,0,0,0,0,0,0,0,0,0,0,0,0,0,0,0,0,0,0,0,0,0,0,0,0,0,0,0,0,0,0,0,0,0,0,0,0,0,0,0,0,0,0,0,0,0,0,0,0,0,0,0,0,0,0,0,0,0,0,0,0,0,0,0,0,0,0,0,0,0,0
2124,0,0,0,0,0,0,0,0,0,0,0,0,0,0,0,0,0,0,0,0,0,0,0,0,0,0,0,0,0,0,0,0,0,0,0,0,0,0,0,0,0,0,0,0,0,0,0,0,0,0,0,0,0,0,0,0,0,0,0,0,0,0,0,0,0,0,0,0,0,0,0,0,0,0,0,0,0,0,0,0,0,0,0,0,0,0,0,0,0,0,0,0,0,0,0,0,0,0,0,0,0,0,0,0,0,0,0,0,0,0,0,0,0,0,0,0,0,0,0,0,0,0,0,0,0,0,0,0,0,0,0,0,0,0,0,0,0,0,0,0,0,0,0,0,0,0,0,0,0,0,0,0,0,0,0,0,0,0,0,0,0,0,0,0,0,0,0,0,0,0,0,0,0,0,0,0,0,0,0,0,0,0,0,0,0,0,0,0,0,0,0,0,0,0,0,0,0,0,0,0
2125,0,0,0,0,0,0,0,0,0,0,0,0,0,0,0,0,0,0,0,0,0,0,0,0,0,0,0,0,0,0,0,0,0,0,0,0,0,0,0,0,0,0,0,0,0,0,0,0,0,0,0,0,0,0,0,0,0,0,0,0,0,0,0,0,0,0,0,0,0,0,0,0,0,0,0,0,0,0,0,0,0,0,0,0,0,0,0,0,0,0,0,0,0,0,0,0,0,0,0,0,0,0,0,0,0,0,0,0,0,0,0,0,0,0,0,0,0,0,0,0,0,0,0,0,0,0,0,0,0,0,0,0,0,0,0,0,0,0,0,0,0,0,0,0,0,0,0,0,0,0,0,0,0,0,0,0,0,0,0,0,0,0,0,0,0,0,0,0,0,0,0,0,0,0,0,0,0,0,0,0,0,0,0,0,0,0,0,0,0,0,0,0,0,0,0,0,0,0,0,0
2126,88251.8425650909,44959.5821354876,70357.3899911598,104905.1740571388,34120.2293399343,99546.5733239215,49765.0302046259,47908.0722968118,111415.3246712161,8653.8119500539,70901.2132148353,35189.9908216759,57336.6108486033,38975.9058496113,70770.8759298566,31363.1097851859,87377.6320215029,32508.9523109705,20257.5880176535,78874.7076024330,30473.6698710643,12030.4649511556,25904.1212817527,55307.3810083473,51133.5800886260,102694.6053183987,47982.0319832404,74925.6423163391,15573.8698138624,86250.4149129480,62790.3935847066,35535.8398403173,73490.7422837789,86618.5896969870,67308.2551614130,63845.3831421750,70695.5429979656,24469.2760361903,49170.1474926247,21362.2965538123,38187.2992999638,100158.1072330371,26055.4949354462,39554.5098030261,34842.9080737165,30982.3408421859,88753.4902719931,101023.4860347478,9298.6909410735,59114.6889993567,19571.9973956697,41941.3633574265,43656.3306507356,89332.2883996911,52974.8472150473,14770.8456739758,44565.0204263935,37082.0368074493,56299.7355764681,22873.1972455252,78492.2963745848,60120.6778860876,3946.7039763064,87737.4907485517,63529.8472184436,49581.6996494539,18924.1350384786,80275.9895871993,87635.7435399786,96354.7557841105,69313.3717060374,28897.0099601868,65632.9586710676,37902.7879804858,78827.3423639556,39978.5065542818,36547.2857355871,94893.2606535372,23266.8105148675,78849.6806760854,9892.7953754060,98973.6450488034,17357.8249398737,62622.0466955953,48797.0540329811,95207.6513130203,31318.5146896435,79001.3905511501,46078.0585893536,59795.5413267403,69960.3088475551,72665.9413647321,92367.4996236930,62503.5272708848,34728.7277626529,28658.0865180947,76551.3196718845,77217.4897865014,29757.8103048615,51281.9005880591,22775.1926397627,32804.1813672870,38833.1079949619,40258.2399487366,76212.1436604020,23417.5424495027,56110.1409507758,81495.7302901712,15798.2786092756,46275.2147269614,85925.9451180586,70712.5100417508,102657.0208416892,32745.7536367642,23591.3780224080,69453.6728742877,26688.5155161305,30411.7892056723,55244.2913706561,14490.8496632757,39642.0392945556,30008.1261202790,81841.4058901368,344.2554251496,21219.2507623580,7803.3823214450,24191.7080666625,14448.7221981156,85742.0335002130,59782.6648473335,49196.5035541439,24747.7450714062,5904.8660535991,43367.7532872672,96245.2256928080,11117.3956452401,63862.4139715400,18585.8991509410,101249.6146278959,42392.6785765163,49187.3340079045,54855.7448859861,44844.1039594966,66324.2645296768,54469.3029580629,32473.7634581560,37632.0507087812,14182.1172796928,28632.9648154832,93619.3972269497,16760.7923858834,66729.6150725808,40439.4383331493,85357.8038760980,84787.1788384275,73675.8098840756,65274.0927062643,38589.3917257981,53988.8107386631,27549.4384384359,28580.7638823414,36221.7087346498,85615.5089687184,44860.6834633315,106386.2487572913,40119.6732172471,31817.2317945749,70893.5229819049,59288.8599345094,94235.8556926550,57032.5155971794,10498.6846868326,64084.3343182510,67290.9113113742,61469.6794034941,82160.6305325868,20984.2185398301,91650.8771374950,69273.9678833208,35685.9168737737,75978.8110418696,47902.6852175960,82405.3004170789,67868.5399204411,50183.1161902813,93728.6832784243,20279.1879887137,81383.1714716617,81990.5335566745,86613.0579794409,66561.5574609237,62153.3629969733,60352.3599346876,34672.8435040832,101998.8868760801,68981.2525470506,18412.9331277269,68617.6707410959,54307.6405754916,44555.2371106493
2127,0,0,0,0,0,0,0,0,0,0,0,0,0,0,0,0,0,0,0,0,0,0,0,0,0,0,0,0,0,0,0,0,0,0,0,0,0,0,0,0,0,0,0,0,0,0,0,0,0,0,0,0,0,0,0,0,0,0,0,0,0,0,0,0,0,0,0,0,0,0,0,0,0,0,0,0,0,0,0,0,0,0,0,0,0,0,0,0,0,0,0,0,0,0,0,0,0,0,0,0,0,0,0,0,0,0,0,0,0,0,0,0,0,0,0,0,0,0,0,0,0,0,0,0,0,0,0,0,0,0,0,0,0,0,0,0,0,0,0,0,0,0,0,0,0,0,0,0,0,0,0,0,0,0,0,0,0,0,0,0,0,0,0,0,0,0,0,0,0,0,0,0,0,0,0,0,0,0,0,0,0,0,0,0,0,0,0,0,0,0,0,0,0,0,0,0,0,0,0,0
2128,89640.4597297656,43626.8153137398,70592.5021355784,106057.0781933047,35250.2253751908,100541.4501606440,48849.0337008057,49044.4133573282,112794.5229257128,8273.1458141974,72209.0038079988,34699.0017678794,58743.2190972039,39229.9746019560,71562.5164645862,30031.3631193468,88775.5743661510,33905.8106559906,19022.3243897644,79951.0086769652,29900.4785868049,13712.7877340785,26832.5903231726,56461.9585187199,51837.9667186187,104103.8700745052,49338.3380753605,76334.1569909320,16955.8847856857,87118.9409544840,63812.7048709208,34445.2531500010,74858.9400992908,87963.5891635087,68697.1909104236,64368.9484477034,71866.7867559534,24605.0895960351,50520.5040316004,20312.3512831016,37101.5584125523,101513.5010763440,27409.9740637409,40428.4553976938,36068.8281165330,29597.6707225385,90162.3250564503,102420.2621622827,7569.2920897044,60404.7047742886,18174.1011872098,41258.1272997324,45064.5233221684,90459.4994997319,53397.8519551979,15563.5616801074,45777.2443997373,38419.9454366226,57695.0858214142,23846.6109897080,79872.9760696155,60964.6230435250,6564.6100470850,89087.7380725806,64909.9526970985,50515.5709703768,18487.0832209471,81005.8372078356,88651.7355723973,97757.5676880682,70439.9191666364,28104.3883524018,67041.7223472690,38487.9333921606,80232.0703628374,41327.8907147952,35265.1457179501,96300.9073092426,24538.5618557763,80245.6471135891,8526.7315713632,100052.5057838724,18687.3640682484,63975.2052341320,50197.8066507680,96587.3728126149,30408.9499024335,79974.4672160125,47344.7531262217,60473.1852164665,70915.4126415170,73320.8110402250,93306.1764161626,63713.4375833008,36131.1522455466,27453.7776676127,77779.1610563127,78082.6840155368,28599.3641918915,52555.5913222935,24184.0760839551,32867.1229877165,37450.8669559664,41368.4369310946,77560.0475959900,24004.9772296763,57192.2581955393,82864.9646804284,15932.9528892174,46833.5432661970,87303.9756723675,72112.2350190242,104036.1830099425,33770.7057582414,22207.2047661435,70699.8547228636,27881.5642260999,31095.6561219678,56598.5389852185,13572.7466939369,41041.8282899174,30362.5640727126,83250.6695314569,303.0806186128,20284.8389265616,8586.1528228781,23446.6517049993,13074.9824450563,87144.8136040545,60182.9478051197,50594.7650297298,23449.6038110051,6592.3856483931,44677.1513019293,97654.2167562231,12366.2694857656,65267.5642107672,19700.4184779874,102656.1216146577,43773.3946909085,50308.3633474576,55433.8745548182,45589.3795141754,67035.1230141998,55859.1715758096,33746.8078418640,36743.9594417325,13096.8946951605,28481.3425373389,95017.5000945207,15502.9971706387,67602.7092389571,41568.3606689447,86436.2181786728,85733.3055732171,74714.5850725734,66560.3075595834,39845.1973508735,54837.4305178530,28678.4414165324,29989.7192349673,35580.7838130292,87022.6944425573,46239.8344428213,107579.4510025172,41386.7840960439,33182.9497032163,72300.1377719144,60695.8729826453,95252.3132585291,58260.1954541979,11754.5318019812,65235.0483645329,67897.0457858162,62851.2050276288,82963.4951519619,22160.5046493846,93049.6333475491,70682.5819804510,36094.6116017207,77374.7559458121,48939.7322122109,83431.0297473529,69235.0416219518,51385.9752345230,94803.7812401631,21102.8887310474,82734.3333184078,83383.0688626408,87986.0658014518,67889.8923729406,63093.5179845361,61748.0888824383,35498.8769112920,103039.2536472578,70359.9697054595,18888.3823996516,69662.1890281296,55277.0844387092,45504.1095373757
2129,0,0,0,0,0,0,0,0,0,0,0,0,0,0,0,0,0,0,0,0,0,0,0,0,0,0,0,0,0,0,0,0,0,0,0,0,0,0,0,0,0,0,0,0,0,0,0,0,0,0,0,0,0,0,0,0,0,0,0,0,0,0,0,0,0,0,0,0,0,0,0,0,0,0,0,0,0,0,0,0,0,0,0,0,0,0,0,0,0,0,0,0,0,0,0,0,0,0,0,0,0,0,0,0,0,0,0,0,0,0,0,0,0,0,0,0,0,0,0,0,0,0,0,0,0,0,0,0,0,0,0,0,0,0,0,0,0,0,0,0,0,0,0,0,0,0,0,0,0,0,0,0,0,0,0,0,0,0,0,0,0,0,0,0,0,0,0,0,0,0,0,0,0,0,0,0,0,0,0,0,0,0,0,0,0,0,0,0,0,0,0,0,0,0,0,0,0,0,0,0
2130,0,0,0,0,0,0,0,0,0,0,0,0,0,0,0,0,0,0,0,0,0,0,0,0,0,0,0,0,0,0,0,0,0,0,0,0,0,0,0,0,0,0,0,0,0,0,0,0,0.0000000000,0,0,0,0,0,0,0,0,0,0,0,0,0,0,0,0,0,0,0,0,0,0,0,0,0,0,0,0,0,0,0,0,0,0,0,0,0,0,0,0,0,0,0,0,0,0,0,0,0,0,0,0,0,0,0,0,0,0,0,0,0,0,0,0,0,0,0,0,0,0,0,0,0,0,0,0,0,0,0,0,0,0,0,0,0,0,0,0,0,0,0,0,0,0,0,0,0,0,0,0,0,0,0,0,0,0,0,0,0,0,0,0,0,0,0,0,0,0,0,0,0,0,0,0,0,0,0,0,0,0,0,0,0,0,0,0,0,0,0,0,0,0,0,0,0,0,0,0,0,0,0
2131,89294.6649113248,44026.8388964965,70148.5014423083,106056.0596889485,35260.4498043217,100058.5122644155,48725.4339031192,48581.0524978611,112600.4610654394,7941.7956027435,72095.7500683920,35170.8832626791,58437.9568260669,38781.8113612990,71072.1405743341,30167.6052225698,88546.4184102166,33575.4470656967,19467.8356133112,79477.2271360359,29643.3784450235,13909.6040838676,26346.0687834909,56458.6720496705,51349.1223063312,103821.6282462546,49175.3980909481,76039.6185734537,16606.5054600453,86629.3119460239,63332.6298505900,34919.6987576752,74489.8395248284,87813.4815690545,68486.9991835083,63890.8575649809,71853.6185741086,24173.3618550258,50137.0910737933,20250.4415469342,37061.2868827991,101351.4685577396,27249.4532670149,39939.2086764585,35627.9348413037,29953.4230455896,89870.7086121456,102193.7786527533,8508.2086657120,60306.8440600164,18406.8009830845,41040.5536061153,44799.2618511133,89993.7017241009,52929.1209948186,15073.2718293305,45737.1291231792,38277.5466992646,57472.2077318381,23935.5248650303,79676.7320007094,60474.5590107008,6231.3714320738,88703.3073040481,64553.5902982302,50028.7540547320,18183.8863526394,80516.4055668230,88170.7940417232,97438.7884344182,69974.2449771856,28594.4446175823,66770.9021047600,38004.6600876873,79983.1811995547,40944.2366007531,35691.5398451930,96038.4348527055,24115.0587666348,79911.8964296135,8705.5946871574,99578.9142840432,18553.4373052717,63815.9039563892,49874.7263700696,96392.5523034024,30280.7441332049,79489.9105985034,46917.1692321297,59985.3869478538,70429.6736978417,72834.1221878733,92819.3266034763,63675.2352128874,35890.9191791111,27906.6760016903,77728.8354897823,77592.9949442767,28601.0009586900,52470.9613723904,23895.6110139821,32449.6409215659,37809.0011357291,40900.6781692360,77406.7247850637,23520.7877450653,56719.6341641944,82496.7178407187,15498.3884809057,46352.3713115420,87111.7952530332,71786.2120225831,103842.2037545272,33291.6873670355,22564.7147632158,70636.3386546907,27853.1181534704,30607.1802863751,56437.9941192768,13442.8608683983,40716.9783805404,29900.3097690057,82969.4689169424,276.7971443067,20773.5232975524,8096.2639714698,23248.9417529237,13447.6942563082,86826.0654250798,59716.9096065799,50365.3059538037,23553.4591953245,7120.1482489944,44562.3420201025,97364.4882325933,12297.7405195381,64956.4666022927,19235.5178567693,102399.6622761710,43577.4755302651,50324.4688201340,54951.4826122798,45099.4615592134,66546.1752930512,55515.9029467978,33662.3545815754,36607.0693873690,13574.7552572573,28107.3145396533,94787.9140441542,15572.4690549719,67113.2543566942,41579.5864986074,85962.6687422533,85246.9187634114,74236.1545930444,66465.6493911098,39774.1055004414,54347.4674278916,28214.8744048006,29718.0177909404,35347.5510465499,86762.9420694237,45883.0258200223,107552.6665891007,40959.6799186606,33008.5274739741,72043.4485913700,60437.3841581932,94771.3768056082,58209.7617219658,11329.8934922191,64774.1169791519,67412.9943286060,62653.7441241313,82473.0957904461,22141.8993535672,92721.2092494618,70389.0057346347,35626.6347950011,77150.3307866889,48461.5163073332,82951.1082313026,69059.2088376666,51352.2306081011,94329.7046473686,20612.8347097325,82577.2941369009,83165.8285466579,87621.4991793669,67757.2166817856,62606.9246823600,61414.2756041753,35008.6715883425,102560.7911248909,70001.8766586951,18411.8185773738,69184.4736778428,54792.4940823056,45018.2659738140
2132,0,0,0,0,0,0,0,0,0,0,0,0,0,0,0,0,0,0,0,0,0,0,0,0,0,0,0,0,0,0,0,0,0,0,0,0,0,0,0,0,0,0,0,0,0,0,0,0,0,0,0,0,0,0,0,0,0,0,0,0,0,0,0,0,0,0,0,0,0,0,0,0,0,0,0,0,0,0,0,0,0,0,0,0,0,0,0,0,0,0,0,0,0,0,0,0,0,0,0,0,0,0,0,0,0,0,0,0,0,0,0,0,0,0,0,0,0,0,0,0,0,0,0,0,0,0,0,0,0,0,0,0,0,0,0,0,0,0,0,0,0,0,0,0,0,0,0,0,0,0,0,0,0,0,0,0,0,0,0,0,0,0,0,0,0,0,0,0,0,0,0,0,0,0,0,0,0,0,0,0,0,0,0,0,0,0,0,0,0,0,0,0,0,0,0,0,0,0,0,0
2133,0,0,0,0,0,0,0,0,0,0,0,0,0,0,0,0,0,0,0,0,0,0,0,0,0,0,0,0,0,0,0,0,0,0,0,0,0,0,0,0,0,0,0,0,0,0,0,0,0,0,0,0,0,0,0,0,0,0,0,0,0,0,0,0,0,0,0,0,0,0,0,0,0,0,0,0,0,0,0,0,0,0,0,0,0,0,0,0,0,0,0,0,0,0,0,0,0,0,0,0,0,0,0,0,0,0,0,0,0,0,0,0,0,0,0,0,0,0,0,0,0,0,0,0,0,0,0,0,0,0,0,0,0,0,0,0,0,0,0,0,0,0,0,0,0,0,0,0,0,0,0,0,0,0,0,0,0,0,0,0,0,0,0,0,0,0,0,0,0,0,0,0,0,0,0,0,0,0,0,0,0,0,0,0,0,0,0,0,0,0,0,0,0,0,0,0,0,0,0,0
2134,0,0,0,0,0,0,0,0,0,0,0,0,0,0,0,0,0,0,0,0,0,0,0,0,0,0,0,0,0,0,0,0,0,0,0,0,0,0,0,0,0,0,0,0,0,0,0,0,0,0,0,0,0,0,0,0,0,0,0,0,0,0,0,0,0,0,0,0,0,0,0,0,0,0,0,0,0,0,0,0,0,0,0,0,0,0,0,0,0,0,0,0,0,0,0,0,0,0,0,0,0,0,0,0,0,0,0,0,0,0,0,0,0,0,0,0,0,0,0,0,0,0,0,0,0,0,0,0,0,0,0,0,0,0,0,0,0,0,0,0,0,0,0,0,0,0,0,0,0,0,0,0,0,0,0,0,0,0,0,0,0,0,0,0,0,0,0,0,0,0,0,0,0,0,0,0,0,0,0,0,0,0,0,0,0,0,0,0,0,0,0,0,0,0,0,0,0,0,0,0
2135,0,0,0,0,0,0,0,0,0,0,0,0,0,0,0,0,0,0,0,0,0,0,0,0,0,0,0,0,0,0,0,0,0,0,0,0,0,0,0,0,0,0,0,0,0,0,0,0,0,0,0,0,0,0,0,0,0,0,0,0,0,0,0,0,0,0,0,0,0,0,0,0,0,0,0,0,0,0,0,0,0,0,0,0,0,0,0,0,0,0,0,0,0,0,0,0,0,0,0,0,0,0,0,0,0,0,0,0,0,0,0,0,0,0,0,0,0,0,0,0,0,0,0,0,0,0,0,0,0,0,0,0,0,0,0,0,0,0,0,0,0,0,0,0,0,0,0,0,0,0,0,0,0,0,0,0,0,0,0,0,0,0,0,0,0,0,0,0,0,0,0,0,0,0,0,0,0,0,0,0,0,0,0,0,0,0,0,0,0,0,0,0,0,0,0,0,0,0,0,0
2136,0,0,0,0,0,0,0,0,0,0,0,0,0,0,0,0,0,0,0,0,0,0,0,0,0,0,0,0,0,0,0,0,0,0,0,0,0,0,0,0,0,0,0,0,0,0,0,0,0,0,0,0,0,0,0,0,0,0,0,0,0,0,0,0,0,0,0,0,0,0,0,0,0,0,0,0,0,0,0,0,0,0,0,0,0,0,0,0,0,0,0,0,0,0,0,0,0,0,0,0,0,0,0,0,0,0,0,0,0,0,0,0,0,0,0,0,0,0,0,0,0,0,0,0,0,0,0,0,0,0,0,0,0,0,0,0,0,0,0,0,0,0,0,0,0,0,0,0,0,0,0,0,0,0,0,0,0,0,0,0,0,0,0,0,0,0,0,0,0,0,0,0,0,0,0,0,0,0,0,0,0,0,0,0,0,0,0,0,0,0,0,0,0,0,0,0,0,0,0,0
2137,0,0,0,0,0,0,0,0,0,0,0,0,0,0,0,0,0,0,0,0,0,0,0,0,0,0,0,0,0,0,0,0,0,0,0,0,0,0,0,0,0,0,0,0,0,0,0,0,0,0,0,0,0,0,0,0,0,0,0,0,0,0,0,0,0,0,0,0,0,0,0,0,0,0,0,0,0,0,0,0,0,0,0,0,0,0,0,0,0,0,0,0,0,0,0,0,0,0,0,0,0,0,0,0,0,0,0,0,0,0,0,0,0,0,0,0,0,0,0,0,0,0,0,0,0,0,0,0,0,0,0,0,0,0,0,0,0,0,0,0,0,0,0,0,0,0,0,0,0,0,0,0,0,0,0,0,0,0,0,0,0,0,0,0,0,0,0,0,0,0,0,0,0,0,0,0,0,0,0,0,0,0,0,0,0,0,0,0,0,0,0,0,0,0,0,0,0,0,0,0
2138,93997.1263928942,43145.4842568170,62272.0373614998,116317.2068150504,45740.8102175084,98099.5937784605,37817.7745355067,49042.8868318661,120493.2681966078,3428.1982947902,81273.0726742264,43023.0753971894,64442.8448476903,31519.5674789094,67344.3629473288,22805.3529490992,95900.5702354496,39498.6317252475,22225.1885556201,78636.5474795787,18724.0270291161,24993.3262231516,25598.2224640569,66771.7795721203,47183.1218626130,110039.3234414078,57836.4787900431,82126.8652875630,23139.0900559425,83465.8849725469,62074.8548601335,38218.8929097918,78616.9669108982,96451.4477656124,76279.4093321572,58026.3081874787,82055.8080716525,16889.5695830005,54144.9272421046,10155.4618203182,26825.5642004527,109778.3213468627,36257.0020420559,37735.1356676886,37823.8397432312,28194.3535160340,95939.9153564579,109546.3515545542,15772.1256342487,69712.9594089643,14575.1062756704,29971.9993668101,51842.4793653058,89694.9004248882,46496.0359352212,14975.2650463171,55787.5732373142,47320.9275672187,65131.6934725026,34845.5632528610,87641.0934231041,57399.6292722642,15612.6734962718,92218.9590667075,69166.2993064319,48091.8877600612,7922.5957116303,76133.9787423675,86538.4582832632,102817.3737031233,69882.8146948844,34831.3208685295,73444.0500907496,33255.8004296236,87005.7369219404,45168.3247080911,36239.4321548622,102711.2007495343,27777.7499767487,85007.4193657262,8075.2088512148,98596.4719266357,28091.7585922621,72423.2371917350,55579.0412072742,104317.1156792870,19393.1741628052,77467.0786768874,49344.5062019007,55413.9702502090,68323.3765713462,67896.1169966004,90311.0465422490,73678.2057159977,43556.4913291056,30205.6618413904,87584.0148850680,74484.5873189670,19020.4303390196,62059.8699814882,31104.0180849906,24185.5718827088,35676.5755328905,41286.5182230908,86034.9349396577,19883.6727702272,56294.5981778437,86582.6162302339,9728.1486935956,41094.1716048042,95111.7903637373,77148.7973070929,111758.7307599082,33041.4014234309,21581.0054933415,80376.4686921636,38116.5656681725,27133.3489338922,65074.4061064693,2268.6703772826,46564.6776903709,23763.3738062624,89308.9665659359,10444.9607232429,26484.4874002010,11185.1285807257,12163.8295129405,14800.2837710433,92263.0938701390,53015.8461019887,57984.5013803346,16001.6760319924,18506.9325906940,53870.1751833478,103440.5676972532,22574.8724021276,70752.3375371821,21423.4080708545,109171.0541118461,51823.2168924674,60792.3036851373,49652.9944428375,41473.0442109582,62158.6056325990,60613.4955959007,43392.9912171943,25657.9531248763,19040.0397408797,18787.2162161906,102109.0773276455,8593.4510338911,64214.6017001170,52040.7236083004,85083.0512820059,82880.1242931613,73009.7370259414,75883.1969610528,49578.4932464458,51441.7652772876,29558.5784294206,36995.9131407569,24316.5822092630,93533.7066271895,50783.3287639220,117588.9036980392,43582.4821081873,41722.0991946518,78962.1253066037,67415.1142164179,93090.8821271511,68116.2555944012,16824.5579195742,65081.1277234369,62143.8257050413,70694.0243309366,78725.1815087613,32533.6169499254,97875.5915932596,76541.4679582099,29586.8861476871,84644.9818159035,47705.4403556860,81477.9131475183,77396.3701456815,61433.8794376594,93339.4376216233,19562.7700787523,91133.1655419060,90758.0657071631,91783.9519436470,76706.2075636578,60462.5881493495,66682.9174194844,32575.6812998092,101100.0891851085,74504.6019065928,14670.9219741388,68092.1802354795,53115.6102987439,43392.6702484710
2139,105137.3477739408,28438.2541158205,77327.4008099509,117526.2556837966,47338.8345270695,113617.0501244169,43271.3754645352,63363.7832856013,127310.7185447141,17442.8286503450,85779.7430631825,30282.5641127686,74159.6806617581,47156.7147941042,83194.2210396715,18235.1131899139,103676.9215199549,49391.9442662867,6664.2921333052,93712.3111276849,30497.2062457922,24239.0107094970,40237.5998272626,68364.0513129337,63050.1741522577,119395.4759547818,63668.8706664268,91699.5798632778,32452.2446051550,99251.8515729866,77270.6595885298,22403.8624004973,90329.4218840235,101984.6380234720,83451.5081451559,73849.2969146578,83786.2197401970,32730.0700524815,65944.8595755224,16600.8200375269,29712.4062728190,115659.3082875602,41918.9882823592,53128.4138818937,50975.1471494681,14104.8141818134,105509.1096589555,117283.4894301073,11590.0306173465,73822.5217949342,8938.5700511212,39307.8376334386,60298.5426604528,104550.2677247690,62245.7327288058,28844.4398980596,58467.7364474403,52606.1543898794,72591.3060174560,35091.9825532040,94462.1106122548,73123.3198325621,21800.9839072686,104500.9117198164,80402.7344847077,63469.0928924927,22858.0483811749,92039.0886012116,101933.5417110132,113211.5013429612,84588.3752282337,20854.5839866326,82283.0532950833,49141.1829014316,95308.4507151737,56754.0159570475,20682.2199109288,111467.0969624511,39721.1606332220,95732.7985940177,8609.0502539958,113768.8866131129,33128.5498597578,78190.5192071237,65668.3441708992,111132.6916313588,26568.4668515000,92970.5210913087,62411.8751505298,71317.8603737483,83830.9489266662,83798.9938253646,105968.4545393611,76155.2999295812,51227.9423248568,14314.2859810704,90323.1447377823,90249.0690149792,20914.3140225010,65845.8290788906,39570.9740370063,39547.5958800879,21961.6678015852,55589.3537003152,91652.4754271472,35440.6835690932,71108.5495460400,98337.3341596825,25438.4181836586,57000.4935569196,101835.0464392920,87586.2859793109,118561.9444340859,47578.7331365672,13439.7184352836,83512.5639773021,40810.3318641617,42771.8314233123,70861.9588321493,14979.7833823629,56517.7397995223,39663.3526704763,98543.8842443657,14626.2090795693,12603.4035259830,22605.5962266969,23159.7950981597,8.7784010102,102599.6113125133,68662.8618446427,65564.5340220509,13593.3198930706,18475.6094137848,58463.7081305406,112989.1905388348,26510.0761807019,80702.3449734994,34279.9902491744,117774.5802911523,58475.0114734643,61945.9657440680,65550.8472267738,57247.9857684091,78058.8061139705,71355.4633582028,47292.0593313662,32445.1002456745,10351.1532108179,33653.6179260821,109916.3508814531,10094.7434469138,79917.6260607257,53472.7764596631,100189.4566854441,98490.9053885538,88227.6247978577,79889.4873191762,53100.0266124978,67109.4766847323,43156.0856924018,45291.0658652055,34673.0807053670,102174.9878648199,61732.1723870143,119547.3758645504,56473.4664960060,47756.0752820603,87442.4247501613,75863.6086690594,108512.9267100418,70961.0072982153,27012.6308677304,79563.8956236417,78031.3866306779,77493.8297698154,94588.5499187041,35186.0870009634,108527.2715686164,86045.6549909489,45473.5027477568,92247.5217477419,62621.7836466618,96807.6769375934,83625.1221181534,63890.4097987282,108506.7009498406,34158.6755881880,96858.7115719757,98179.6746377574,103466.5777023819,81750.2915830006,75958.6157693436,77236.1044763010,47991.1939990931,116457.9248988638,85850.8892602264,30088.8918331551,83243.0002877502,68429.2936980251,58631.0378629823
2140,0,0,0,0,0,0,0,0,0,0,0,0,0,0,0,0,0,0,0,0,0,0,0,0,0,0,0,0,0,0,0,0,0,0,0,0,0,0,0,0,0,0,0,0,0,0,0,0,0,0,0,0,0,0,0,0,0,0,0,0,0,0,0,0,0,0,0,0,0,0,0,0,0,0,0,0,0,0,0,0,0,0,0,0,0,0,0,0,0,0,0,0,0,0,0,0,0,0,0,0,0,0,0,0,0,0,0,0,0,0,0,0,0,0,0,0,0,0,0,0,0,0,0,0,0,0,0,0,0,0,0,0,0,0,0,0,0,0,0,0,0,0,0,0,0,0,0,0,0,0,0,0,0,0,0,0,0,0,0,0,0,0,0,0,0,0,0,0,0,0,0,0,0,0,0,0,0,0,0,0,0,0,0,0,0,0,0,0,0,0,0,0,0,0,0,0,0,0,0,0
2141,92986.3492042391,44276.6978553033,61449.9980609355,115886.7741796161,45403.2938892798,96977.7800808258,38090.0441768573,47918.7026678632,119706.6857225080,2125.5632151285,80656.8507947120,43730.8750082969,63524.8109652921,30598.4490710624,66258.6271874756,23789.4697681746,95070.2115128738,38611.2648705349,23211.8991545105,77502.9566244127,18538.6781116987,25005.2086248279,24473.2786349552,66372.2725498434,46101.8394648504,109114.0176930638,57170.1360443415,81202.9288365379,22378.4096227800,82367.6674143018,60942.1652056612,39234.1344837534,77584.5041916897,95756.0399795806,75500.5849208561,57035.0308817502,81622.1333269213,15911.9011857178,53122.5773279239,10869.1173028358,27378.8242602349,109052.9320843355,35676.4699940705,36604.9585854515,36749.5806155893,29326.6795364572,95008.8351787307,108711.1360009152,16283.5394023433,69138.4555559220,15709.1203279340,29948.2828157012,51018.4653891794,88560.8555390557,45532.6248178784,13913.4194614503,55339.2699764551,46719.1464495902,64348.3981808552,34670.1100216022,86873.3531870492,56291.8161282452,15269.3009411076,91156.8420017121,68161.8938267244,46962.2000561226,9925.8807833102,75075.5509623828,85411.1619326985,101840.5511306930,68749.9720167923,35661.6793246292,72568.2192469529,32181.5723496075,86150.4757825715,44167.2024906910,37345.1609504886,101821.5298007889,26792.9992976983,84020.6976177914,8970.9031848350,97464.2333248830,27619.7536187872,71736.9157334980,54649.5324332648,103538.4920558722,19716.4198270048,76343.8804038104,48264.8959085999,54353.9853877729,67199.9621482602,66859.4078678242,89198.2798232289,73206.2795186141,42804.3033179625,31245.8395896082,87076.3135581690,73382.8568108514,19756.0918066077,61521.0506022707,30348.9303969485,23347.6977305576,36810.4956456898,40164.7226734127,85342.9684329181,18756.0227765012,55161.2292781911,85545.3088369216,8604.8002792903,40053.4136310251,94344.4205495279,76181.1138131394,110976.9389682785,31915.9282490452,22695.4957134571,79851.0214437759,37740.1171984448,26013.2019632199,64397.5923621088,4161.8190137241,45657.3866888516,22735.8964286156,88399.4625330273,10592.2632316902,27319.9767642885,10428.9269991503,12248.7065933085,15785.2090174628,91293.1434873907,52078.9028774204,57204.6975011475,17008.5362210192,18610.1366869955,53296.1530955170,102507.4445044385,22263.5908426077,69815.5078745381,20402.0571563487,108287.0675230426,51116.2986486375,60436.3522627998,48622.9320399977,40370.5842706532,61094.7359614303,59641.6431428562,42902.9196318431,25920.1227661625,19832.2609999034,18084.6936939694,101273.4559547655,9703.7340137431,63104.9752181564,51690.6703893788,83949.8104132804,81763.4747200085,71877.6944402014,75306.3254371965,49091.0385477520,50327.8143140573,28472.5729899789,36224.5032651999,24235.2072743654,92655.0580719686,49810.5789781187,117107.9519226020,42515.1507917206,41088.9843094011,78102.5115050200,66568.4277818109,91964.7311488231,67628.9986019680,16067.9610680786,63951.5653992590,61120.9498129445,69944.6127115703,77643.6837485613,32200.5567225183,96887.4983643035,75625.1129645587,28570.0072459933,83832.5940687612,46571.6443901320,80348.4971470777,76674.8430241744,60986.6767602594,92207.0444436381,18444.5927559515,90429.9658308014,89951.9012929008,90748.3454047770,76060.7801743078,59338.1777736358,65716.1889436794,31445.5020454288,99971.9680150092,73491.7100285150,13537.2592292705,66959.0969628395,51984.6366536043,42259.7883530365
2142,0,0,0,0,0,0,0,0,0,0,0,0,0,0,0,0,0,0,0,0,0,0,0,0,0,0,0,0,0,0,0,0,0,0,0,0,0,0,0,0,0,0,0,0,0,0,0,0,0,0,0,0,0,0,0,0,0,0,0,0,0,0,0,0,0,0,0,0,0,0,0,0,0,0,0,0,0,0,0,0,0,0,0,0,0,0,0,0,0,0,0,0,0,0,0,0,0,0,0,0,0,0,0,0,0,0,0,0,0,0,0,0,0,0,0,0,0,0,0,0,0,0,0,0,0,0,0,0,0,0,0,0,0,0,0,0,0,0,0,0,0,0,0,0,0,0,0,0,0,0,0,0,0,0,0,0,0,0,0,0,0,0,0,0,0,0,0,0,0,0,0,0,0,0,0,0,0,0,0,0,0,0,0,0,0,0,0,0,0,0,0,0,0,0,0,0,0,0,0,0
2143,0,0,0,0,0,0,0,0,0,0,0,0,0,0,0,0,0,0,0,0,0,0,0,0,0,0,0,0,0,0,0,0,0,0,0,0,0,0,0,0,0,0,0,0,0,0,0,0,0,0,0,0,0,0,0,0,0,0,0,0,0,0,0,0,0,0,0,0,0,0,0,0,0,0,0,0,0,0,0,0,0,0,0,0,0,0,0,0,0,0,0,0,0,0,0,0,0,0,0,0,0,0,0,0,0,0,0,0,0,0,0,0,0,0,0,0,0,0,0,0,0,0,0,0,0,0,0,0,0,0,0,0,0,0,0,0,0,0,0,0,0,0,0,0,0,0,0,0,0,0,0,0,0,0,0,0,0,0,0,0,0,0,0,0,0,0,0,0,0,0,0,0,0,0,0,0,0,0,0,0,0,0,0,0,0,0,0,0,0,0,0,0,0,0,0,0,0,0,0,0
2144,91889.4279860388,45368.4203849632,60823.5790093389,115251.7747718435,44866.9642395519,95915.9191804381,38617.1988780512,46786.4682966390,118767.8979710563,958.2015906836,79861.2405605076,44258.4631889574,62489.5128956227,29857.6789449481,65268.6487629696,24878.2260767814,94098.2844223937,37601.4666462392,24080.4177659933,76400.9884758820,18662.1240789167,24827.7034525393,23341.4956858368,65771.5541246124,45121.2145952180,108071.8984332263,56335.1876066226,80162.5635194213,21479.2757289011,81354.8193899204,59846.1380109967,40131.9880655836,76475.7233803008,94892.2309764693,74570.2823508518,56189.6578935857,80987.6140693031,15110.3952455791,52019.9283668640,11801.9235942115,28157.4693230231,108163.6950287626,34923.8192649998,35520.4581408239,35621.9970846168,30423.5805344713,93963.0480493814,107734.9656211096,16640.3316415624,68380.5304352426,16818.2248368703,30206.1172225186,50055.1974418125,87448.3888792884,44728.1255487675,12793.4595598321,54696.9428449133,45942.6629824702,63415.6236400456,34295.3560401107,85951.0738453478,55261.6394634580,14774.0357114739,90033.5612229062,67069.2145690102,45878.9999435347,9309.1180618324,74129.7595164781,84334.8205983447,100764.1843530328,67629.8114216292,36333.2512362791,71563.0917189052,31215.5864586580,85160.0035768788,43077.5876999884,38378.9663898082,100804.9548851641,25716.1559781335,82938.4345611094,9771.0626395410,96370.1322408624,26972.6020542110,70882.8316980945,53606.7578844238,102606.6195229930,20313.5743497362,75278.8745471455,47135.1489897339,53407.4053154596,66134.5975992969,65947.3691703697,88156.8767919920,72538.5754891024,41900.8157496660,32180.1483142852,86374.7679789266,72363.7566894752,20684.4719146113,60795.9390477379,29448.1790945997,22723.2965724146,37925.5213972901,39031.2146990483,84482.7960819110,17682.4188804612,54043.3266592200,84433.8832479022,7552.0238053862,39139.1122805161,93421.9832559349,75111.2308003442,110042.2451573283,30784.5451899153,23748.2405853599,79134.6419069286,37172.1167590218,24958.9099743584,63552.5058701247,6298.5310898836,44631.5553407030,21849.7811659244,87369.0393197321,10620.1790873647,28003.9686341571,9563.2889721945,12666.3091918618,16660.8045731128,90221.3855858856,51308.3975593008,56275.6642201983,18111.2004415373,18541.4109021306,52541.9993219798,101460.0620961910,21776.7057497002,68766.6531571853,19303.3144260681,107274.4524841090,50248.3732637455,59877.1981679171,47723.0428238334,39352.2689730838,60141.3224322765,58569.7057862250,42227.5035330931,26451.1049980110,20478.1274716865,17640.2693980585,100297.2412019830,10839.3677901126,62070.8028340053,51139.8705605091,82850.3258351278,80713.8560330251,70784.7188776095,74545.4180720285,48415.3683888580,49285.2119728896,27341.0597820414,35307.3546032961,24446.4125026912,91646.8604999508,48738.6546840975,116427.6110842673,41390.2249435152,40287.2932010583,77109.1887613004,65585.7407672894,90891.6134840729,66948.5501358265,15182.1527613713,62824.3599980802,60229.9089314311,69038.5793501819,76660.3733460214,31677.9609871992,95804.1370383956,74590.3358771025,27695.9978738844,82875.1698394850,45456.4962951792,79265.5484479685,75790.9614279747,60343.7881849199,91112.2308991809,17309.7186285858,89560.0664746548,88998.9871132066,89637.7474660786,75240.7240284659,58270.4153862015,64647.3249122288,30361.3297259608,98892.9882190752,72393.9017112362,12437.4358540692,65860.7515116594,50896.5250527997,41163.0807236836
2145,0,0,0,0,0,0,0,0,0,0,0,0,0,0,0,0,0,0,0,0,0,0,0,0,0,0,0,0,0,0,0,0,0,0,0,0,0,0,0,0,0,0,0,0,0,0,0,0,0,0,0,0,0,0,0,0,0,0,0,0,0,0,0,0,0,0,0,0,0,0,0,0,0,0,0,0,0,0,0,0,0,0,0,0,0,0,0,0,0,0,0,0,0,0,0,0,0,0,0,0,0,0,0,0,0,0,0,0,0,0,0,0,0,0,0,0,0,0,0,0,0,0,0,0,0,0,0,0,0,0,0,0,0,0,0,0,0,0,0,0,0,0,0,0,0,0,0,0,0,0,0,0,0,0,0,0,0,0,0,0,0,0,0,0,0,0,0,0,0,0,0,0,0,0,0,0,0,0,0,0,0,0,0,0,0,0,0,0,0,0,0,0,0,0,0,0,0,0,0,0
2146,0,0,0,0,0,0,0,0,0,0,0,0,0,0,0,0,0,0,0,0,0,0,0,0,0,0,0,0,0,0,0,0,0,0,0,0,0,0,0,0,0,0,0,0,0,0,0,0,0,0,0,0,0,0,0,0,0,0,0,0,0,0,0,0,0,0,0,0,0,0,0,0,0,0,0,0,0,0,0,0,0,0,0,0,0,0,0,0,0,0,0,0,0,0,0,0,0,0,0,0,0,0,0,0,0,0,0,0,0,0,0,0,0,0,0,0,0,0,0,0,0,0,0,0,0,0,0,0,0,0,0,0,0,0,0,0,0,0,0,0,0,0,0,0,0,0,0,0,0,0,0,0,0,0,0,0,0,0,0,0,0,0,0,0,0,0,0,0,0,0,0,0,0,0,0,0,0,0,0,0,0,0,0,0,0,0,0,0,0,0,0,0,0,0,0,0,0,0,0,0
2147,0,0,0,0,0,0,0,0,0,0,0,0,0,0,0,0,0,0,0,0,0,0,0,0,0,0,0,0,0,0,0,0,0,0,0,0,0,0,0,0,0,0,0,0,0,0,0,0,0,0,0,0,0,0,0,0,0,0,0,0,0,0,0,0,0,0,0,0,0,0,0,0,0,0,0,0,0,0,0,0,0,0,0,0,0,0,0,0,0,0,0,0,0,0,0,0,0,0,0,0,0,0,0,0,0,0,0,0,0,0,0,0,0,0,0,0,0,0,0,0,0,0,0,0,0,0,0,0,0,0,0,0,0,0,0,0,0,0,0,0,0,0,0,0,0,0,0,0,0,0,0,0,0,0,0,0,0,0,0,0,0,0,0,0,0,0,0,0,0,0,0,0,0,0,0,0,0,0,0,0,0,0,0,0,0,0,0,0,0,0,0,0,0,0,0,0,0,0,0,0
2148,0,0,0,0,0,0,0,0,0,0,0,0,0,0,0,0,0,0,0,0,0,0,0,0,0,0,0,0,0,0,0,0,0,0,0,0,0,0,0,0,0,0,0,0,0,0,0,0,0,0,0,0,0,0,0,0,0,0,0,0,0,0,0,0,0,0,0,0,0,0,0,0,0,0,0,0,0,0,0,0,0,0,0,0,0,0,0,0,0,0,0,0,0,0,0,0,0,0,0,0,0,0,0,0,0,0,0,0,0,0,0,0,0,0,0,0,0,0,0,0,0,0,0,0,0,0,0,0,0,0,0,0,0,0,0,0,0,0,0,0,0,0,0,0,0,0,0,0,0,0,0,0,0,0,0,0,0,0,0,0,0,0,0,0,0,0,0,0,0,0,0,0,0,0,0,0,0,0,0,0,0,0,0,0,0,0,0,0,0,0,0,0,0,0,0,0,0,0,0,0
2149,102935.8542631924,32058.0954430022,72190.7482002517,118775.6032119527,48114.1800694420,109325.6725333949,39377.1929794015,59734.6216017035,126732.4541203638,13539.4352516822,85883.1310404589,35052.2777355862,72418.9373734526,42140.3085659105,78574.3848545811,16498.1083013776,102719.0037186989,47440.7321347375,11992.7195514877,89711.9166873411,25436.7078366979,25198.3787948169,36388.6105509990,69324.1111727963,58406.1427803947,117895.1079607645,63222.3680019047,90066.1065376458,30441.4183953495,94715.1480888403,73189.5407614990,27448.6735890990,87875.7004883317,101795.7575004976,82647.4620474701,68906.7615870213,84777.4581743362,27852.6795524936,63390.1071629585,11709.9305339849,26168.7478721024,115382.9912942636,41302.4855396760,48905.7615127480,47818.2032902771,17188.1632665772,103906.7544924113,116366.0488399494,12598.8292275015,74004.4037758107,5083.2542352402,34621.4015040957,58935.9080334003,100682.4351978108,57262.4288404787,25207.4048709432,59012.1224200867,52250.3236080360,71643.1247349781,36088.0559483292,93814.3124596295,68653.1297888485,20325.2989317732,101838.0952765189,78112.9151996088,59264.6917046545,17799.5378280860,87285.9496767614,97730.2044347480,111311.3084424051,80791.2710451788,25833.3331580390,80888.7426418892,44467.2084523488,94143.8705971187,54239.4247149917,24986.1164378959,110174.0265268965,36937.8524498318,93675.5924890380,7721.2161585867,109715.4975790023,32529.5519046459,77843.9523859004,63755.1344801168,110526.6224765257,22023.6292958608,88687.1783382826,59335.8269346778,66576.9717267385,79542.8200877724,78969.4348727960,101560.9996448837,76876.1448778860,50061.3172544773,19294.7984260122,91017.3489830542,85736.8728069713,17242.1485426967,66087.5208116887,37986.6991582535,34474.8258329815,24886.0609101073,51951.1853078459,91406.0345802142,31088.3469458527,67241.2359311783,95880.9873516303,20960.3003734048,52200.9663595377,101240.2742726530,85620.2980254911,117974.2224489204,43806.5396000430,10337.4879793156,84054.0898654107,41137.8446894806,38369.3402566809,70473.3089061026,9954.0721585610,54601.4418978056,34854.7069154621,97050.4884564544,12919.4969543022,17768.2212009095,19566.8861353060,18079.4000293716,4780.2595830958,100703.9834200562,63631.6106109484,64537.8670076459,10522.2021062166,18803.1218188489,58388.2956726978,111407.4796505190,26033.6721581414,78898.9014209494,31095.7101245105,116547.4875828067,57716.4038253273,63002.0241383389,60711.7884617577,52726.0193173331,73331.8033289348,69225.0674652870,47328.2087503785,28107.1634987808,11618.5593047066,28532.4470625346,108960.5112254701,4196.8477570384,75467.3586793889,54369.3611816456,96173.0441159843,94123.3426938263,84137.8168647194,80133.5135788745,53324.5435538635,62690.2141561213,39772.7027682395,43847.1705175550,29796.6730232339,100905.1579448938,59482.7604790913,120564.9790116658,53447.7090896897,47099.3196601212,86192.7097985811,74584.5643559749,104291.6520556322,71537.2959545948,24552.8297743220,75878.0720644096,73163.1479026688,76794.3990558582,89944.9545454848,35411.5081827281,106521.0605906086,84422.1712938604,40626.1352519819,91321.9663570798,58689.3585525834,92647.9307191377,83144.6600834570,64547.2677777888,104455.2280247275,30293.2461896074,96591.3153744203,97333.3682593274,101047.1624082778,81660.2325098704,71677.1254931524,75197.0517706578,43748.9598979959,112282.9858036080,83532.0580021761,25805.3870433783,79192.5224376327,64269.1400933480,54510.2960314341
2150,0,0,0,0,0,0,0,0,0,0,0,0,0,0,0,0,0,0,0,0,0,0,0,0,0,0,0,0,0,0,0,0,0,0,0,0,0,0,0,0,0,0,0,0,0,0,0,0,0,0,0,0,0,0,0,0,0,0,0,0,0,0,0,0,0,0,0,0,0,0,0,0,0,0,0,0,0,0,0,0,0,0,0,0,0,0,0,0,0,0,0,0,0,0,0,0,0,0,0,0,0,0,0,0,0,0,0,0,0,0,0,0,0,0,0,0,0,0,0,0,0,0,0,0,0,0,0,0,0,0,0,0,0,0,0,0,0,0,0,0,0,0,0,0,0,0,0,0,0,0,0,0,0,0,0,0,0,0,0,0,0,0,0,0,0,0,0,0,0,0,0,0,0,0,0,0,0,0,0,0,0,0,0,0,0,0,0,0,0,0,0,0,0,0,0,0,0,0,0,0
2151,95364.0003998126,42480.9238526319,61886.8157258756,117955.4989896458,47360.2190149362,98689.8606191835,36235.1048968673,50039.2612202840,122084.8569760234,6359.3950714649,82916.8053713368,43694.5373943715,65935.4843099955,31385.7229023534,67713.9889170980,21402.5045413241,97466.2842815769,41020.2291924295,22324.0603388564,79403.8133837504,17494.5094592525,26457.0626691537,26601.7983033869,68405.0269187173,47541.5163399439,111524.2102407836,59471.0537907597,83613.2749514705,24740.0648617128,83895.8510553080,62817.2081686548,38194.4041415249,79942.9592644905,98079.1176775743,77874.5292045448,58053.6696484580,83695.0293604917,16954.5918538999,55492.1546169871,8524.5037724026,25177.4105463966,111396.4732301454,37903.6572736780,38441.0170270241,39052.1629990126,27520.8873524136,97418.5082423168,111108.9091373568,16795.9687195963,71360.3851671335,13873.4858410933,28575.0498031141,53411.6724858372,90518.8163725170,46452.1028731025,16250.3640666573,57429.5266017982,48965.9244819243,66724.3759059844,36407.0580218467,89241.6887896575,57894.5539861425,17241.3331994326,93475.3671208929,70544.8356261391,48783.7439085066,10531.2325492168,76381.8048471738,87187.5162277769,104238.1588220531,70760.8318948229,35283.7781800091,74975.8473110104,33596.5489964761,88553.8727957609,46553.5120179620,35823.2872686271,104231.1683010821,29189.8799672017,86413.8434237580,8552.5444714884,99321.3212862844,29737.5257076800,74053.1453845753,57059.5442292335,105912.6372637109,17798.0577182685,78073.8800668115,50554.0904733605,55676.1053143363,68934.4899015718,68065.4808174501,90830.3213116287,75322.7149350898,45162.9693260307,30106.1707352847,89231.3429922057,74936.6949458368,17400.7389706035,63708.1854806578,32708.4339132345,23882.3159576747,34881.8297705990,42304.9189009169,87663.4760300223,20583.4518682450,57160.5114040001,87898.1627972793,10445.5758756192,41294.3770954682,96712.6363387759,78582.6182771483,113352.7200749048,34033.7596083592,21130.3636683431,82024.5549508954,39746.5393446543,27743.5601538592,66706.6421325668,780.9371153347,48068.0478539306,23948.3178380145,90810.2172279536,11856.9624248268,26942.9057074012,12783.8030293554,10725.7586029191,14944.8739914972,93693.6362140389,52897.1794023880,59578.7791172683,14642.5019239377,19918.1633100259,55517.5207096204,104916.8562662766,24191.7340524337,72224.5688503482,22778.0089032765,110696.0582973678,53446.6719865679,62415.5974963512,49808.6161307032,41944.9391131863,62433.2130942571,62041.9302219396,45039.6094102902,24084.6428857355,19611.3007667032,18249.7947848093,103671.3170289887,7603.5301053323,64718.6951009999,53663.0014993890,85836.4011435919,83429.5052438968,73734.3263423651,77530.5194239712,51224.7938805731,51981.0224269860,30753.1987739125,38593.4157362779,22975.0551921103,95063.2445668598,52210.8156169510,119234.0358067594,44829.1327216836,43362.7058438081,80506.9043464668,68969.3399984899,93725.5948771647,69762.2871441534,18425.8440922171,66017.4203791804,62268.1703587960,72302.4546226874,79071.2835197539,34153.6434276232,99279.7310778372,78035.8171540474,29722.7771096713,86221.8819723343,48556.9564348577,82155.6975523447,79015.5466332038,63075.5393728342,94068.4876529031,20624.1999473499,92758.4811334790,92338.6879675475,93102.9434953602,78345.3699464014,61086.0225707632,68118.1954701086,33286.4491885903,101757.3835008640,75868.2279790574,15498.4029801857,68843.8222633757,53825.6107683398,44147.7364771552
2152,0,0,0,0,0,0,0,0,0,0,0,0,0,0,0,0,0,0,0,0,0,0,0,0,0,0,0,0,0,0,0,0,0,0,0,0,0,0,0,0,0,0,0,0,0,0,0,0,0,0,0,0,0,0,0,0,0,0,0,0,0,0,0,0,0,0,0,0,0,0,0,0,0,0,0,0,0,0,0,0,0,0,0,0,0,0,0,0,0,0,0,0,0,0,0,0,0,0,0,0,0,0,0,0,0,0,0,0,0,0,0,0,0,0,0,0,0,0,0,0,0,0,0,0,0,0,0,0,0,0,0,0,0,0,0,0,0,0,0,0,0,0,0,0,0,0,0,0,0,0,0,0,0,0,0,0,0,0,0,0,0,0,0,0,0,0,0,0,0,0,0,0,0,0,0,0,0,0,0,0,0,0,0,0,0,0,0,0,0,0,0,0,0,0,0,0,0,0,0,0
2153,104635.3126240490,29665.2506438328,74915.8997271250,118720.7746932168,48276.4866809569,111906.0011103371,40954.7031680873,62052.4824702445,127644.4775364506,15900.7928647851,86431.4514154617,32802.3883674638,73888.2114329934,44897.4764840813,81256.4552490775,16633.0533492933,103816.2815700886,48990.9728970519,9391.0440245774,92184.7249888855,27954.9293355439,25199.4635467968,38781.6282934054,69407.7438546658,61092.9415558409,119263.6351742123,64041.3299946309,91491.4102061596,31988.8194671945,97374.0280770273,75689.8555874286,24695.3256556302,89687.9223898827,102501.9984954749,83660.0200028523,71658.9834166584,84852.6828781440,30591.3606666001,65238.1255410577,14049.4213635945,27491.6974045851,116138.1286369130,42181.0010368740,51451.4995190405,49926.8070512092,14938.0809444727,105321.3487960890,117446.7279577139,12436.5188579287,74505.4229919263,4796.4772868383,36785.3333862634,60211.5052324229,103105.8380886360,60018.2655704514,27494.6757240347,59310.3402634119,53011.8879077569,72722.1444490345,36109.0387976258,94752.5959653798,71288.7544991697,21562.3833946993,103749.5336824730,79845.5595024120,61807.1562998752,20556.3938502775,90003.5039973312,100278.7043028206,112870.6701848886,83183.5443160276,23404.7534607746,82193.8185161179,47160.0178232364,95341.1241576835,56062.5202807410,22356.0703238880,111439.4323301737,38865.2546103904,95304.6875662208,7343.6220520438,112210.5599915727,33378.0431202194,78621.4307637875,65301.9899779258,111448.9875499579,24066.8181337696,91262.8514053946,61416.6846950353,69290.3290511471,82119.0133943315,81703.4857166304,104179.6785852912,77093.1364998175,51230.6293635308,16537.7978339805,91255.2171711488,88387.5931635159,18628.6522857800,66551.7670118261,39343.7178213960,37229.2934549782,22742.4574406837,54268.9627178396,92138.2861330813,33671.1569379246,69657.9302027498,97696.7760032358,23577.3608757150,54926.8914521612,102154.2050025719,87203.4251804868,118889.1373864186,46174.3644671315,15634.4847078569,84370.4734159958,41526.4120146728,40974.3880360052,71267.9667983373,12709.7705498379,56142.5006958869,37580.1077922087,98410.1683706959,14196.3046486579,15514.7714833100,21564.3345586221,20624.5351024284,1924.0791367110,102258.5119098882,66388.7562054134,65651.3035378447,11442.7547048276,19094.5291739866,59011.6013833840,112813.9958915117,26794.3252065099,80401.5867752485,33195.3250601598,117781.9555331983,58689.2666098723,63029.0067779187,63446.8453500838,55375.2891633179,76042.2086572166,70878.5715138560,47880.1636563270,29994.7212712500,10079.6550317489,31272.6954871596,110058.5221853261,7566.2689217416,78097.4752396433,54474.3740103494,98652.7874887144,96728.2494244385,86643.3108778413,80605.3271925975,53785.7891660399,65308.2738130575,41972.7693298744,45145.3540166280,32124.8303341200,102156.5690317590,61186.1407595723,120637.1087502797,55502.5260660414,48007.9575599599,87429.0006145879,75829.7785318844,106847.1390518817,71828.3217178666,26297.2780606824,78224.5048926519,75904.3511591312,77751.1796167247,92634.4493107631,35840.6880088707,108129.5834282523,85840.4644561322,43361.0322355848,92399.2012285826,61128.8577566517,95180.2121914212,83993.3787955285,64790.3432931213,106949.0548743137,32686.0078543587,97336.2993117245,98373.0281922818,102847.2850724821,82307.3043226914,74249.7884047586,76810.4226989191,46299.6352106915,114822.6557672123,85280.3519637625,28357.6285560657,81682.5111105163,66796.7361686650,57020.4274860435
2154,0,0,0,0,0,0,0,0,0,0,0,0,0,0,0,0,0,0,0,0,0,0,0,0,0,0,0,0,0,0,0,0,0,0,0,0,0,0,0,0,0,0,0,0,0,0,0,0,0,0,0,0,0,0,0,0,0,0,0,0,0,0,0,0,0,0,0,0,0,0,0,0,0,0,0,0,0,0,0,0,0,0,0,0,0,0,0,0,0,0,0,0,0,0,0,0,0,0,0,0,0,0,0,0,0,0,0,0,0,0,0,0,0,0,0,0,0,0,0,0,0,0,0,0,0,0,0,0,0,0,0,0,0,0,0,0,0,0,0,0,0,0,0,0,0,0,0,0,0,0,0,0,0,0,0,0,0,0,0,0,0,0,0,0,0,0,0,0,0,0,0,0,0,0,0,0,0,0,0,0,0,0,0,0,0,0,0,0,0,0,0,0,0,0,0,0,0,0,0,0
2155,93662.7491105047,44445.0075519149,60374.5503217122,117292.3121252276,46860.5263688843,96729.5577635979,36622.7157097348,48112.6178955376,120792.5245825419,4503.5986345602,81930.9127619077,44947.2125663075,64413.1795661541,29690.2310965205,65796.2944606627,23115.3963321823,96097.5276706951,39565.7252327962,24016.0044168575,77436.9414913369,17019.9122685417,26534.2332018448,24684.2416835764,67797.6464887345,45625.3295151768,109980.8121338944,58401.4180874202,82076.1020219836,23531.0374461836,81963.3458429400,60849.6093146985,39960.6749567780,78202.4544037349,96951.6920232436,76601.3983024065,56271.1955031074,83027.5990819238,15139.0452688661,53777.5331480507,9799.4483310416,26087.7901891175,110214.4848003092,36991.4915842033,36473.0986010062,37242.5653133688,29484.6304470419,95866.0657800868,109729.8730053405,17656.2110035593,70449.1381606502,15836.6111332405,28419.5201630844,52064.5130386837,88555.8462880504,44706.5409422803,14509.5195415704,56739.1543068399,48012.2456788951,65445.7113061117,36180.0844746809,87986.5299519901,55947.3077617267,16738.2609495786,91674.9578550644,68860.0475400907,46815.9882731094,7499.6195757245,74503.7945011658,85221.8906263106,102599.9032083318,68805.2514557454,36732.9132092842,73528.4294530636,31683.0971712769,87141.3032134286,44883.8250789750,37742.8391809031,102753.9022998165,27567.6742085684,84759.3908446301,9963.3510765633,97353.4047466301,29014.6755523160,72945.0970437432,55519.0769418094,104636.0072846292,18281.5840613203,76111.5359639731,48727.4461672831,53791.4651861015,66971.5637698765,66217.6791946394,88879.9139418799,74589.5375150940,43947.7347251839,31906.9728858460,88434.7892143000,72998.8447172845,18666.9216817597,62860.3024381452,31497.6810645496,22300.7159808530,36849.3240443114,40386.8215784124,86543.3602466630,18615.7416550836,55203.6559139540,86147.0203584621,8482.2403898446,39430.9421701735,95457.1716684207,76965.2700599741,112069.7058027934,32109.2770100313,23054.2277731790,81197.6534973400,39181.6284461762,25778.7502624909,65616.8269587609,2801.5161477458,46572.5972805861,22085.2896930888,89298.3964268397,12104.0867069465,28385.4984228798,11628.9499215368,10737.6128664376,16602.1733312607,92069.5428868327,51196.3947238078,58308.4167635624,16415.5153031913,20132.3329492130,54610.1403966092,103359.7380535234,23738.3917688786,70665.9536727709,21097.4861831194,109228.4822440257,52307.5764911854,61883.4962580916,47964.8456985318,40000.8005011787,60544.8037503493,60420.9646673142,44279.8863023785,24452.9784627706,20955.6325930301,16864.6193183153,102292.3180220160,9563.8031117244,62770.1300175084,53141.5122895074,83868.9717570062,81474.2224916580,71766.4236716046,76614.2896073970,50468.0791841633,50026.1131877370,28925.8129164818,37348.5244980719,22706.6495559064,93607.2237687804,50591.9466909190,118482.6198435891,43030.3258597939,42356.8996365716,79087.8184870137,67576.2000199737,91761.0280518950,69003.0726479228,17240.4871770837,64073.2688238789,60439.4224505246,71082.9039938092,77160.9101247167,33662.7132417760,97620.8985507450,76513.6565816593,27883.0301243762,84887.1046406503,46598.5389643809,80188.5823223360,77844.2913934315,62386.3683273853,92100.5922529585,18734.6180650995,91617.8179005822,91014.2035392220,91354.3877318909,77308.7294944810,59121.8570532192,66505.0416752031,31318.5830723345,99791.3679038883,74166.0899366190,13544.4478608028,66876.4395658651,51857.6956562856,42180.8282884908
2156,0,0,0,0,0,0,0,0,0,0,0,0,0,0,0,0,0,0,0,0,0,0,0,0,0,0,0,0,0,0,0,0,0,0,0,0,0,0,0,0,0,0,0,0,0,0,0,0,0,0,0,0,0,0,0,0,0,0,0,0,0,0,0,0,0,0,0,0,0,0,0,0,0,0,0,0,0,0,0,0,0,0,0,0,0,0,0,0,0,0,0,0,0,0,0,0,0,0,0,0,0,0,0,0,0,0,0,0,0,0,0,0,0,0,0,0,0,0,0,0,0,0,0,0,0,0,0,0,0,0,0,0,0,0,0,0,0,0,0,0,0,0,0,0,0,0,0,0,0,0,0,0,0,0,0,0,0,0,0,0,0,0,0,0,0,0,0,0,0,0,0,0,0,0,0,0,0,0,0,0,0,0,0,0,0,0,0,0,0,0,0,0,0,0,0,0,0,0,0,0
2157,0,0,0,0,0,0,0,0,0,0,0,0,0,0,0,0,0,0,0,0,0,0,0,0,0,0,0,0,0,0,0,0,0,0,0,0,0,0,0,0,0,0,0,0,0,0,0,0,0,0,0,0,0,0,0,0,0,0,0,0,0,0,0,0,0,0,0,0,0,0,0,0,0,0,0,0,0,0,0,0,0,0,0,0,0,0,0,0,0,0,0,0,0,0,0,0,0,0,0,0,0,0,0,0,0,0,0,0,0,0,0,0,0,0,0,0,0,0,0,0,0,0,0,0,0,0,0,0,0,0,0,0,0,0,0,0,0,0,0,0,0,0,0,0,0,0,0,0,0,0,0,0,0,0,0,0,0,0,0,0,0,0,0,0,0,0,0,0,0,0,0,0,0,0,0,0,0,0,0,0,0,0,0,0,0,0,0,0,0,0,0,0,0,0,0,0,0,0,0,0
2158,0,0,0,0,0,0,0,0,0,0,0,0,0,0,0,0,0,0,0,0,0,0,0,0,0,0,0,0,0,0,0,0,0,0,0,0,0,0,0,0,0,0,0,0,0,0,0,0,0,0,0,0,0,0,0,0,0,0,0,0,0,0,0,0,0,0,0,0,0,0,0,0,0,0,0,0,0,0,0,0,0,0,0,0,0,0,0,0,0,0,0,0,0,0,0,0,0,0,0,0,0,0,0,0,0,0,0,0,0,0,0,0,0,0,0,0,0,0,0,0,0,0,0,0,0,0,0,0,0,0,0,0,0,0,0,0,0,0,0,0,0,0,0,0,0,0,0,0,0,0,0,0,0,0,0,0,0,0,0,0,0,0,0,0,0,0,0,0,0,0,0,0,0,0,0,0,0,0,0,0,0,0,0,0,0,0,0,0,0,0,0,0,0,0,0,0,0,0,0,0
2159,0,0,0,0,0,0,0,0,0,0,0,0,0,0,0,0,0,0,0,0,0,0,0,0,0,0,0,0,0,0,0,0,0,0,0,0,0,0,0,0,0,0,0,0,0,0,0,0,0,0,0,0,0,0,0,0,0,0,0,0,0,0,0,0,0,0,0,0,0,0,0,0,0,0,0,0,0,0,0,0,0,0,0,0,0,0,0,0,0,0,0,0,0,0,0,0,0,0,0,0,0,0,0,0,0,0,0,0,0,0,0,0,0,0,0,0,0,0,0,0,0,0,0,0,0,0,0,0,0,0,0,0,0,0,0,0,0,0,0,0,0,0,0,0,0,0,0,0,0,0,0,0,0,0,0,0,0,0,0,0,0,0,0,0,0,0,0,0,0,0,0,0,0,0,0,0,0,0,0,0,0,0,0,0,0,0,0,0,0,0,0,0,0,0,0,0,0,0,0,0
2160,105475.8733030306,28242.8357396366,77071.1529525431,118105.4275835384,47892.0391366457,113654.0796495892,42711.0449776818,63513.0458361941,127793.3546700691,17509.5473738818,86303.3876610963,30770.4674647386,74540.4515793292,46982.7130854023,83153.8377369417,17630.9862314883,104129.5739252234,49744.9332761713,7511.1371337846,93804.0658678589,30117.5510716748,24789.4567276588,40343.3513006511,68929.1907692613,63001.5298321244,119803.7378218503,64153.9869892252,92093.1181490062,32787.6893160044,99233.2599930055,77345.8399812437,22583.4949632524,90638.6684153018,102491.8357769607,83913.8863047578,73708.4845451656,84354.0272489098,32607.3025255146,66238.2159066169,16180.7547620263,29137.0401937461,116161.8021561698,42384.5859188479,53172.0916758098,51188.7698641338,13796.5439525864,105906.9837546339,117740.3481077684,12114.6098436407,74349.3532481435,7805.7278584801,38830.4465878112,60710.7508703602,104666.1988193814,62087.6135046439,28974.4738474046,59011.9042056053,53094.7246339420,73040.8369982493,35651.3829208490,94937.3634646374,73118.2298462199,22171.9784652345,104787.4985024414,80728.6816086203,63518.6319191106,22659.4857939839,91962.6836742492,101987.6924429723,113581.6186527668,84714.2648549784,21294.3556302544,82696.9417670566,49082.3928362454,95743.6005649831,57049.3688873830,20611.2795883999,111892.9177323496,39976.6507892049,96085.4123267676,8719.2133090231,113852.4811847246,33589.6170059698,78684.9611073495,66030.4734978060,111612.3527956738,26076.4951800811,93007.8468944250,62639.9651934122,71243.6329432695,83866.4659576801,83698.6382122515,105980.1600819138,76710.5532584773,51654.0578038295,14454.6937675777,90878.3372102082,90235.7614753033,20351.7280804720,66374.9089513091,39954.1345582149,39343.5499040594,21654.0155883803,55735.1581236065,92155.0849397126,35451.5127350965,71220.7112682215,98647.2356164519,25415.1507204833,56907.3867952108,102314.7973750285,87947.1473344369,119043.4063184298,47700.4975324480,12878.4618932422,84059.8062699191,41337.7134932829,42775.4748715167,71352.4342697960,14792.0302092446,56876.9498805349,39564.3404893466,98950.9876612552,14949.0130122371,13515.4357530442,22808.3512476415,22793.2683353185,808.0448265024,102969.2298213604,68482.8514066101,66006.3786409171,13014.5667783797,18980.7877496584,58972.3421626181,113389.5980248915,26973.3470072756,81078.2246922763,34480.0211547461,118206.4577634259,58936.1292796769,62514.3530089661,65446.1827025174,57228.5948822574,77989.0953714642,71696.7229284783,47804.5283837524,31925.1543715910,11535.2774932312,33414.5642824766,110369.6791049420,9739.7173304665,79917.7913649177,54032.9838255353,100278.8738970236,98510.8800138771,88302.4489208502,80420.5734922865,53625.5218265650,67115.0557536111,43334.7626246274,45690.4275415396,34234.2454126873,102601.9874868839,62058.4779128535,120117.9955025409,56706.3999884002,48221.3387036429,87869.5119713689,76286.4722487749,108563.9437163477,71508.6787041144,27292.8722856987,79707.2011294465,77917.8775738769,77963.2199974506,94542.7288984758,35704.6077352749,108886.3787007246,86439.3863268350,45363.6520682469,92701.5931143437,62721.1498670877,96869.9713604554,84111.0919932497,64441.1148073895,108590.3123803261,34257.7432135953,97360.4297647319,98640.4830008036,103781.1660688772,82261.8130384152,75994.6235423164,77587.9443789062,48029.5246209690,116518.5674797160,86174.5125070983,30109.8592737726,83324.5720136587,68488.2640510459,58695.5942364689
2161,93295.1640765928,43272.1155590447,62943.9803994353,115153.2432411268,44558.9546469856,98085.0889985622,39010.9709136300,48708.0298381306,119511.9428078989,1994.7678984721,80180.7562972903,42224.1109080865,63601.6468901302,32055.0658102686,67504.9228176698,23590.7098820754,94959.5345221096,38626.5124702098,21829.0717216523,78484.8795763586,19847.8102814368,23812.3959710758,25283.3376725048,65601.3111896398,47362.3997667273,109203.3079720677,56773.8602609712,81291.0819714770,22154.8230362092,83576.8129039019,61948.8401155012,37878.4942750878,77959.7928550748,95403.9954697816,75294.1284728914,58433.3746174884,80893.3634516471,17335.3183023499,53471.1487365035,11232.8316991173,27960.5449129427,108750.4740335839,35152.3898663709,37655.2035450764,37280.1592495715,28347.6267033564,95112.3788155581,108609.2539146520,14801.3619972103,68601.2493021303,14802.5918645750,31143.5198638820,50900.4192586534,89494.1282009245,46957.6073815317,14429.2903315177,54630.3299591810,46224.4208853303,64151.2816261318,33650.0840772649,86645.9871761663,57470.4458885856,14437.5286610010,91629.9539530575,68455.3148947809,48014.1532924002,8842.1666470749,76380.4144476315,86480.0039481588,102056.0139890279,69641.5019898468,34175.0052250957,72551.5884383191,33462.5529140798,86090.0424767735,44456.9810989666,36183.9866901626,101831.9615279707,27048.1664449327,84263.6661520678,7533.3941400463,98475.1956842994,26945.8492101433,71371.4556389376,54754.4212312181,103329.8652135612,20583.4566099393,77444.0827810572,48812.0376201097,55658.1340301928,68299.8108490344,68200.9345639770,90352.8181748049,72527.1754741461,42554.9955388166,29929.3645011476,86444.4999871252,74581.2605210914,20067.4951151279,60933.4491233671,30109.4557176364,24840.1003805235,35913.7168552597,40937.4035399698,84985.8104314276,19846.6189781591,56068.7221342187,85935.0134722419,9759.5418129715,41392.6774926354,94115.9413437070,76375.3515085430,110773.7581714020,32724.1070309339,21582.6560413949,79243.7834214274,36942.7218873007,27146.5485702203,64017.3533645096,3880.7721368577,45713.8898992548,24100.8644697994,88454.2827504065,9288.4981389579,25836.1787197526,10223.3981730030,13349.2413226188,14408.1103976422,91491.6829411493,53522.8227835239,57002.1710739061,16760.4566776895,17343.7271913904,52759.5876903444,102615.2642783621,21391.2808869408,69935.0074136161,20768.9599419008,108284.9769544532,50787.2822139543,59613.0319901377,49976.1432525102,41572.3580890781,62390.5859981930,59848.9924143380,42250.1668190294,26852.1945469814,18337.5165972288,19591.0184948714,101172.7490478559,9108.1245507335,64275.3843529406,50860.7280901365,84941.2234351409,82900.3847481417,72894.3087016316,74772.1894331811,48434.0709323198,51481.9225297817,29056.9071440507,36011.7877285975,25473.8052234388,92642.5833002144,50022.4820957379,116439.6129255644,43016.5975049779,40643.0444699048,78051.6489075468,66492.6278973138,93042.4409721580,66970.4569446288,15845.8283799897,64791.5838659796,62482.3581186460,69686.0556813122,78899.5333721071,31352.0466435527,97133.0457283613,75696.5435573114,29945.4211988747,83687.9948712761,47496.5673580094,81397.7931912344,76367.5633830264,60275.9835633061,93215.6750238467,19211.3980763593,90091.0555376110,89795.0614257058,91132.1651120731,75629.7968157146,60432.4285472284,65909.4140553684,32498.4750247791,101032.4266418861,73808.6549114573,14554.9366551347,67956.3581813261,53020.1214627202,43267.2066192297
2162,89085.1815133990,47791.7316793824,60027.9932347827,113149.3349266359,43010.4099414744,93667.1841900375,40604.4154451950,44159.7365545932,116122.2589342420,891.7510501061,77459.4296246140,44975.0634511326,59723.2401875425,28802.8277540984,63312.2500756949,27682.1686707881,91406.8772561902,34867.4572349980,25809.3615147383,73970.7173987320,19936.2390050031,23873.2851920136,20732.8342713574,63756.7900619558,43218.0888017356,105297.6719415716,53870.5017332853,77390.5779389849,18936.3772302563,79305.2778245317,57450.8512801137,41896.6196856477,73674.5873499041,92367.7360761599,71941.2991247870,54736.6485511041,78895.8867309859,14009.5252479955,49216.3686376493,14495.9576975093,30604.4696036305,105595.6876289896,32634.3082635640,33199.0233600083,32849.2803683623,32881.2164060844,91185.7302908082,105037.0911010881,17109.6155232376,66052.4910905351,19352.8836662810,31678.9266351706,47381.5769685625,84959.0526960431,43424.1663002827,10004.3756234782,52605.3232422306,43592.9701615753,60784.7570755801,32824.7891420344,83332.9681587617,53158.1014828208,13183.7882528458,87249.0464378708,64265.1788678422,43553.7979737716,8190.2101316070,72326.2592410662,82025.5749482442,97965.1590340640,65096.5017580851,37460.7964105424,68830.1475445036,29395.9542428211,82444.5266135640,40274.1510513112,40585.2657078659,98057.2022302352,22918.3574885819,80136.9670839332,11503.0286833810,93976.0162787604,24923.4567600930,68379.4472408681,50833.6356901284,99972.3101414066,22486.7512986422,73021.7684551472,44369.8270242802,51617.2002828608,63879.1798163275,64264.8963049724,85994.0198571364,70384.0487710533,39324.6196492408,34073.4310448747,84148.4181305476,70293.8934570287,23353.9604253762,58534.5719858751,26887.6085146942,22072.3985932912,40462.8185756987,36390.9863530218,81966.0648554159,15466.5247001689,51527.9751925153,81634.4262142313,7065.8875946004,37484.1608463484,90802.8388086041,72315.9207299085,107403.1903265362,28173.7953678107,26047.8244066853,76881.9202309247,35262.5083152785,22801.2473455244,61066.9856326109,7806.0528246583,41877.0119790803,20367.8714135032,84606.7210905668,10463.8710200347,29200.4355526361,7185.3327468363,14603.0970536677,18464.1492989094,87424.8357115832,50098.5936491805,53652.2638021657,20914.2151318356,17923.6832558181,50229.8268812071,98681.2091973660,20117.3822413663,65987.2387212662,16499.0736087419,104531.0179504932,47728.4205241076,57953.7011570938,46101.5396647780,37313.0945444301,58320.5883420320,55773.4288545790,40082.3998868351,28478.4047130763,21628.9948186199,17566.2986344042,97599.6685555971,13554.0755400557,59946.9329427844,49243.2440472426,80431.5825670517,78519.7612420647,68401.1239089631,72209.4372722916,46262.0600132814,47136.0258871878,24585.9038073455,32712.7759145397,25852.9734425357,88909.1170895245,45942.6078726400,114235.5860339067,38609.8187412996,37895.1678890308,74390.5970344813,62882.1827211747,88595.3032200458,64771.5068920218,12691.1362280826,60241.1862787935,58622.8279394793,66448.7399560523,74722.3235187790,29883.6509169247,93002.2314123906,71824.0209697845,26218.6748264040,80204.9308055361,42961.8250247113,76927.4439436163,73235.9950906925,58246.4232064473,88715.4173302540,14662.9489200842,87026.0877985092,86334.6933015003,86837.7243788685,72796.0225041008,56008.1089982814,61852.7948257148,28049.2410400080,96569.1666323972,69589.6842813719,10118.0400008474,63451.7303546037,48544.4563716913,38774.5288640370
2163,91127.7986319019,44878.5605537095,62889.2188360509,113077.9215672878,42571.4660351358,96721.4095512270,40923.9121896782,46921.7059617857,117241.0752511808,839.5744954336,77967.4801569355,42115.8677222996,61355.7432026742,31759.4108530073,66438.5189622265,25826.5812416424,92687.6979283768,36370.5896211163,22677.7226937867,76926.0409227783,21189.5705004154,22301.2632633820,23559.9229821837,63552.7696711338,46348.9185117452,106958.1714969842,54534.0546537676,79046.7225731249,19883.4470586261,82418.0288026656,60434.9020938243,38764.9235406277,75827.8106977821,93154.6883020222,73023.6532316822,57824.9977248381,78814.0106100407,16956.2952588786,51330.0414381733,13458.6482366493,30116.4830845540,106491.6397885339,32954.2422886368,36236.6611848179,35264.8755312700,30014.1177310037,92871.1861285639,106337.6867599775,14346.2924695126,66412.1361408425,16614.8182842802,32698.0973781328,48628.6982732180,87863.7504855130,46472.7206820346,12465.4875027912,52536.1203078766,44015.9939861584,61880.1335076690,31856.3210440966,84377.2212182258,56262.6076675344,12436.0447185175,89554.5832963913,66283.7019575405,46583.4906989391,9708.9007960288,75458.0329282379,85053.5508124153,99849.1256175864,67963.6064593753,34431.8586692212,70287.9902070999,32527.0684888443,83821.2999905317,42289.5830278743,37544.5369809903,99571.5505421585,24875.5780551395,82068.5376185233,8381.9161575838,96953.2583657904,24824.8125543768,69124.5675018487,52516.4492482639,101059.7819321620,22545.3374758450,76074.9251230533,46800.8421420497,54748.3699985048,66934.5749666903,67389.8345013080,89079.3431487021,70414.2593638972,40287.1629125513,30951.7778811923,84303.7112259424,73403.4615527074,22314.4895811587,58767.7973999303,27839.8744422563,24836.6809259980,37669.1384519058,39140.3935654063,82737.4187344258,18564.0316797961,54418.9873321662,83809.8981210943,8767.9681598266,40603.5423426618,91847.3552732431,74162.6412775870,108503.3564511717,30979.3723192429,23072.5924477220,77089.2458076924,34913.9132438921,25904.3312310015,61773.7634812650,8180.2360078140,43465.2988293352,23448.1422184288,86202.2242119189,8113.7213159828,26145.4202492376,7951.7976378864,15062.4909474565,15339.8063967392,89279.3350071269,53120.7121188604,54731.2003390742,18989.4889135164,16006.7617029739,50569.1314599436,100374.8806867727,19429.7064875550,67699.4536257407,18667.0992471454,106022.5796058118,48531.5678657242,57607.2915283567,49218.0332353430,40432.2652277878,61452.4815981402,57643.0073801122,40118.8826625014,28754.0052884167,18578.7064986177,19975.9555570661,98901.2645022685,11222.2987614182,63045.6818560584,48860.5293810795,83393.9676429930,81595.8689257371,71389.6245095050,72582.0178058818,46305.9838095692,50230.6074270164,27095.7685623368,33740.7881973058,26954.1106877006,90379.0263291953,47820.1214717777,114321.0693096218,40975.1681484397,38416.5177616305,75783.9262325038,64222.9804093383,91628.8098459045,64844.5628530732,13573.7030802297,63052.9601049260,61738.7543975892,67420.2058806977,77849.7462185582,29367.8806625779,94937.9728795277,73448.6007343761,29303.0217454370,81415.6148436472,45877.2536796545,79941.0601493694,74108.9538156856,58183.2936478512,91691.5880272474,17464.5308186790,87838.7989852266,87522.7700141746,89003.1769732740,73401.0441042857,59062.3669792197,63697.4562794697,31095.6254731796,99587.8873878755,71647.3137875581,13199.6545915226,66424.7953698302,51557.7699827307,41771.6343817248
2164,104446.7278719700,28491.6306794333,80201.8489621740,114586.0137063507,44786.9104174193,114927.9249597678,47097.0370011810,64038.7427485495,125417.9288391302,18926.9600736546,83509.6131423041,13106.0060615995,73173.6705459916,49681.7108287202,84972.1886569868,21775.3400029822,102064.8414348579,48677.5504876845,1854.0433019785,94707.1703054523,33918.4067389220,21820.9074285086,41256.9155706424,65635.6052403133,64898.8107891687,118149.0948202845,61802.3123427858,90591.6025287869,31959.1880933067,100894.3337200863,78384.3756455235,20213.4585458520,89869.4908143276,99870.0517541618,81769.2450965865,76171.0564367201,81012.7517989084,35051.0181457503,65634.7151740099,20183.7175929822,33526.3049960877,113583.8814202612,40288.3039566199,54474.1757784964,51259.2115229622,15195.1788952270,104355.3475133414,115626.9568304525,9778.7957085919,71529.1452499412,9600.3078682510,43013.5560087619,59080.9641499721,105386.1822881213,64667.7170285369,29790.1949752696,56002.7392390352,50727.7752261169,71034.9914666585,32496.9847224122,92654.3580592231,74714.0647103565,21153.5670706960,104193.1092179557,79830.3455122795,64757.6946432710,25593.6828855439,94007.1195547423,103150.0281301328,112273.0416673488,85379.7996623748,13132.3439251180,81018.4348384944,51073.3086196824,93853.2857236519,56449.8051785148,20040.9615118365,110079.8387505717,39764.2687031280,94942.4955509484,10229.8960765774,114799.1061342942,31583.9970375823,76217.2057807121,64842.6849909489,109274.4428229544,30313.0215947445,94294.1970760194,62567.8334432719,73293.7673853967,85173.9809710071,85901.6959523098,107432.5365332433,73542.6658632033,49915.2591529269,12534.0991507275,87702.2541645652,91868.5131091702,24739.2904050627,63537.3047788964,38658.5738231746,42232.7978155643,22860.5473485508,56304.2493354151,89589.1288598188,37041.4870717084,72003.8824279897,97865.1722581752,27297.9917599801,59098.0737119940,99981.1605668139,86740.1584389554,116683.5910132895,48469.2529361489,16307.3617191762,80988.1514579272,38570.5418644151,44380.0811037949,68934.6282176192,17755.7737926912,55734.5177076705,41835.6662279425,97320.1639373905,14541.8862166747,5403.0261082650,23163.7651649657,26554.1436053396,3627.4910551087,101672.2021119832,71185.3635615967,64085.6329343669,17402.3499595945,16660.7149184183,56377.1321443663,111810.2195301114,24999.1608794567,79746.5154369583,34733.7731805662,116332.9409626179,56838.6923218245,59181.3352605508,67695.6746152800,58945.3774970506,80002.7755078005,70680.5457602091,45190.2905500521,36238.4542098528,5038.2438924727,36513.7606249608,108294.6354334041,13540.3443485046,81470.2177288568,50823.8290660488,101193.2761762434,99912.0379040837,89331.1172245961,77545.6516063771,50849.2429671504,68647.8809792230,43701.1684123638,44221.6588652615,38277.7037114720,100783.7177388586,61187.8917265846,116723.7664526845,56610.3582256999,46108.4007746412,86062.3240266357,74531.7464947851,109743.6608820250,68441.5356688859,26979.4353169174,80250.8534865155,80208.3759207466,75754.5478607528,96387.1234333460,33063.9480292847,107677.2346515918,84941.5949049291,47683.3847835708,90631.1465634362,63611.3117917318,97979.2092079467,81726.9229276636,61342.9364761149,109540.1513703664,35252.5056734600,94800.5834699093,96499.3657563023,102955.7864625177,79606.6888166498,77307.8804124669,76471.7612131229,49382.8622332991,117626.0735941422,85289.3840647030,31666.8657539032,84310.6961459672,69653.2685196054,59840.0328774211
2165,89407.1048346411,47205.2943850723,60723.5180039131,112964.6330710795,42734.8458598189,94304.4388351729,40815.4182588731,44687.5087452473,116211.4068855670,808.2956298132,77401.1888337348,44276.7833569326,59934.2319434990,29506.9562658652,63992.0914829934,27380.5666315983,91533.7307977520,35037.2517699983,25121.3398859474,74567.3980833938,20328.1647474342,23362.9044833822,21277.6161957918,63537.5381067552,43904.5170166302,105520.6233821035,53843.5275513568,77610.1565150150,18949.2993012816,79973.8178936363,58058.1380415288,41208.2041955279,74025.3265814825,92376.0245209455,72017.5176299164,55444.9112893473,78705.6800055383,14711.1900376733,49552.8291770972,14363.5581207093,30628.6829751179,105630.8096562466,32518.2411109541,33827.6030618071,33267.2220809666,32308.2867037604,91414.1040146006,105169.8649358870,16417.2540327893,65958.4972182388,18813.9065172910,32034.1965772143,47492.5320171726,85537.4896635982,44133.5752204422,10411.5886649559,52412.5764773783,43506.8286613143,60862.1419992296,32435.5192033832,83401.4875704591,53821.1316021109,12803.7863632316,87643.0916366344,64578.2578052999,44179.3805553166,8596.8174404363,73018.9283761805,82651.2173713183,98245.5152777875,65661.1658969527,36751.4542014065,68998.3514923814,30090.8208750873,82594.2104806604,40581.3419509107,39951.5446700533,98242.6433703087,23199.2961373603,80428.5497599663,10827.4761348371,94581.3661690533,24706.6347145454,68374.7976689717,51055.6687475055,100052.8064125476,22623.7254163529,73658.3614658078,44795.3599982380,52311.7310380676,64516.6867330263,64965.2361499610,86646.3420149918,70217.1573281619,39362.8739571089,33397.8627954243,84011.2258439754,70960.2516120575,23242.6585259731,58410.4103239857,26914.0803630160,22752.7217029139,39914.1310366674,36913.5161820627,81969.5624732569,16124.2997283149,52100.3652580421,81991.9350008347,8400.8140540656,38187.1263853997,90872.1983958643,72584.3285598190,107487.2897049524,28713.4962265697,25437.5464016205,76755.4024834860,35001.8759597596,23462.9152836809,61051.9136823036,7521.9108005473,42071.8941426900,21076.9063197394,84811.5642845128,9810.5420943990,28491.1367567004,7085.7353080189,14809.1545473040,17786.1872356951,87696.7256412046,50807.3601925844,53723.9633723751,20588.2166279786,17347.4834999350,50127.1959675825,98912.2330126230,19769.5739697480,66219.7905453117,16831.2493139363,104711.1789886533,47732.2590728846,57702.6090697815,46805.3479136548,37986.3286264810,59012.5788053564,56045.4018720865,39907.8434105183,28671.1725821973,20919.6717848156,18185.9598911017,97732.1491971139,13113.4006229976,60606.5319287444,48981.9463488994,81031.0567979447,79167.3239868017,69010.4465268556,72119.4692769461,46091.9505478359,47793.1060339693,25028.6012628978,32762.8160103521,26220.5071900655,89082.6667067428,46214.4146835090,114085.5204986371,39014.8203299934,37828.7024002511,74543.4472647959,63020.1810816736,89223.3712251117,64613.0425016014,12667.8616704313,60786.7800311049,59326.7202637444,66497.3782483174,75403.4783985312,29583.8144265423,93295.9163461504,72034.8606260676,26927.4134486997,80313.4432963375,43542.4388784721,77547.0263048097,73262.2832462905,58056.5469264376,89320.2859279281,15194.8940035768,87039.8943488503,86438.3618761930,87192.8450446092,72759.4548581925,56644.9681311172,62119.2497261722,28681.4417128903,97191.0762129494,69913.9644558964,10765.5349391700,64054.9102738335,49163.2746038830,39386.2216022666
2166,0,0,0,0,0,0,0,0,0,0,0,0,0,0,0,0,0,0,0,0,0,0,0,0,0,0,0,0,0,0,0,0,0,0,0,0,0,0,0,0,0,0,0,0,0,0,0,0,0,0,0,0,0,0,0,0,0,0,0,0,0,0,0,0,0,0,0,0,0,0,0,0,0,0,0,0,0,0,0,0,0,0,0,0,0,0,0,0,0,0,0,0,0,0,0,0,0,0,0,0,0,0,0,0,0,0,0,0,0,0,0,0,0,0,0,0,0,0,0,0,0,0,0,0,0,0,0,0,0,0,0,0,0,0,0,0,0,0,0,0,0,0,0,0,0,0,0,0,0,0,0,0,0,0,0,0,0,0,0,0,0,0,0,0,0,0,0,0,0,0,0,0,0,0,0,0,0,0,0,0,0,0,0,0,0,0,0,0,0,0,0,0,0,0,0,0,0,0,0,0
2167,0,0,0,0,0,0,0,0,0,0,0,0,0,0,0,0,0,0,0,0,0,0,0,0,0,0,0,0,0,0,0,0,0,0,0,0,0,0,0,0,0,0,0,0,0,0,0,0,0,0,0,0,0,0,0,0,0,0,0,0,0,0,0,0,0,0,0,0,0,0,0,0,0,0,0,0,0,0,0,0,0,0,0,0,0,0,0,0,0,0,0,0,0,0,0,0,0,0,0,0,0,0,0,0,0,0,0,0,0,0,0,0,0,0,0,0,0,0,0,0,0,0,0,0,0,0,0,0,0,0,0,0,0,0,0,0,0,0,0,0,0,0,0,0,0,0,0,0,0,0,0,0,0,0,0,0,0,0,0,0,0,0,0,0,0,0,0,0,0,0,0,0,0,0,0,0,0,0,0,0,0,0,0,0,0,0,0,0,0,0,0,0,0,0,0,0,0,0,0,0
2168,90204.8958231666,45554.7647341204,62949.7138790888,112153.4537808935,41686.5220986294,96186.6605331437,41797.4119523239,46195.7859399238,116251.3479825752,0.0000000000,76992.3835799898,42048.2809921733,60388.9103102026,31739.4521241545,66046.3938098946,26791.2678798899,91701.0371800828,35397.6831421022,23054.5086147083,76302.8313727405,21865.7506750048,21639.0344257934,22881.3157653747,62640.5373525743,45989.8549662373,105991.4020299762,53550.5812698615,78080.6347900593,18893.8742107580,81979.7939479626,59836.2998511013,39132.4659514860,74924.0793687937,92168.3219703392,72033.8315337694,57643.4840182112,77888.8358093998,16943.1339970006,50422.9486540532,14441.3527829864,31076.6432873102,105502.9624810357,31985.7453843806,35694.8709251010,34427.0729754590,30725.2781890921,91906.9206164175,105351.4314929738,14198.6604775320,65445.6696143448,17404.8494676660,33440.7632157676,47642.2793394545,87205.2933748275,46352.9339738715,11680.6002017039,51606.4531841004,43043.1956107332,60890.4886120538,31057.8568658820,83387.2437048485,55808.7767758723,11564.8204099075,88679.4838864484,65359.2712221923,46029.3783281057,10270.3530412441,75129.0758879929,84491.1772646207,98904.5949163791,67285.3162685733,34531.7618080552,69309.0885147168,32216.7260166267,82838.1322187558,41369.0495127473,38117.9402785640,98594.8530353584,23955.2300940531,81130.8023238149,8859.8731747169,96344.8451755582,23888.3484515280,68138.9303848354,51554.7349184991,100069.8981877719,23443.3663927757,75540.7268359549,45962.2520464887,54432.2114284490,66404.1865281534,67113.4983529621,88587.2718540491,69476.3176821140,39297.1995113567,31386.6004995023,83354.7350900546,72958.3617030863,23301.2460482239,57810.1588457307,26849.9250939714,24958.4814726855,38413.8299400408,38412.1232070251,81751.3223124003,18118.5598355298,53757.2466737601,82909.4457613210,8548.9584361779,40351.5247974963,90857.3757380379,73215.2570198501,107513.5238329639,30282.0978429914,23717.6777602067,76135.2636843787,34013.3507154347,25459.8880376563,60789.1061290202,7300.8262067749,42497.1245795648,23285.4970876669,85231.2069311660,7700.6742484359,26282.6781755607,10137.1749285374,15886.0154213299,15779.7538880515,88331.8916619053,53033.4504533655,53741.4962495328,19951.8107828624,15442.5241583534,49602.5916883256,99411.0509566687,18566.3165246808,66738.8866209767,17790.9249297754,105044.4410113057,47543.6990942895,56712.8132084322,48973.7153801456,40018.7120678358,61120.6119269435,56699.9060333748,39175.6020796322,29627.5969775662,18711.3699094191,20277.4184442334,97915.1303359538,12141.8043476287,62579.3776416805,47969.3150170104,82775.2720257215,81090.6612971282,70792.9023728097,71615.0592809441,45363.4157639598,49759.1407063346,26290.2765962064,32751.0856565177,27673.7122850686,89400.0746266346,46879.5463018529,113380.0029298568,40122.1549669165,37437.6035941164,74801.6877969193,63238.9936913275,91071.5128320040,63901.8215059877,12584.7174448686,62346.3590347320,61494.8599876142,66430.3844807144,77462.2886916522,28488.0130252471,94000.0314573596,72480.3236099563,29132.0133249748,80427.4022773339,45233.1343501703,79365.3316226489,73120.3555341661,57253.8439731679,91082.7377611802,16785.3311787127,86851.6755370150,86534.0610461109,88100.5369687444,72420.8721276733,58531.9242007153,62750.7575861003,30566.3345472879,99015.3055247224,70728.2020639771,12743.6841335278,65816.4099588423,50986.4651157159,41189.1027733809
2169,90921.9083420633,44575.2892512551,63917.8593567087,112153.4844804102,41585.8843362107,97229.1433270594,41939.8969131898,47154.9007272404,116655.5751552508,296.4051918970,77198.3307889085,41078.5191854022,60979.6191834745,32738.2861471443,67109.8778991261,26218.5799534550,92164.1930275163,35966.5066463243,21991.5489181281,77315.9808973439,22339.3728025722,21156.9107888647,23874.0497846284,62607.7324500576,47054.0816696049,106578.9326708143,53820.6028939133,78672.6173207183,19325.6020920958,83039.7251553439,60859.7719599023,38068.7121920903,75680.7182707155,92464.7913169202,72436.0016344111,58689.5430976995,77892.4950787938,17936.3057442689,51176.0440935689,14220.1079368385,30966.6969697778,105833.6315322225,32162.8448709736,36737.4865325324,35287.2413895378,29770.6039898684,92505.2906097048,105818.5532729147,13262.7485651510,65605.4558493847,16524.1331456320,33820.3824870627,48113.2213287908,88201.8269236240,47384.2935870345,12611.6302403310,51626.5243920469,43240.1403615447,61301.9447345310,30781.5990171764,83772.9152085426,56867.1806606034,11451.9842163025,89483.0522119550,66074.7808852400,47067.9651672043,10877.1984883760,76192.8260658065,85526.1094454845,99567.6155524891,68272.1100253535,33500.9342476869,69838.0198996183,33279.1980748977,83335.6427414545,42096.9618200083,37092.1055193404,99134.8302803016,24691.0663788247,81813.1313400674,7817.5571076739,97363.5619526256,23939.3823938141,68428.7626744715,52166.9382791270,100466.2540453137,23534.0726087277,76583.6633353969,46818.8862389199,55495.3232042730,67448.2696359056,68173.7748614342,89639.2690590762,69521.4284745889,39681.4961597521,30328.5845993456,83438.2491158093,74017.6000319983,23026.0269081608,57930.5445835526,27253.5126172715,25894.6135402668,37481.9325774079,39370.7512155978,82045.2319136932,19179.5890463902,54753.5836428912,83671.5383013843,9595.0924400715,41408.6463406528,91241.2175781940,73871.7562542797,107912.8173337850,31262.1294363793,22725.9235574993,76238.7769791338,33953.8172133186,26520.3767132359,61069.4281211940,7054.1313980704,43085.4882586903,24325.4954450393,85801.1273382101,6948.2660580209,25241.6468340293,7503.4961970296,16139.5367973298,14724.5859464034,88987.1253362231,54055.9491265951,54151.6456380530,19376.5044751831,14842.4799014967,49764.8880768026,100010.7306033653,18425.1969570530,67353.2083156209,18610.2029262295,105575.6600659811,47865.6662934721,56633.5759507691,50030.0591684757,41081.2534708553,62184.4160318392,57370.3899695794,39243.7288898729,29772.8786052658,17670.0754790004,21105.5036304882,98383.9512755195,11462.1893329069,63635.9805518568,47882.9926473253,83790.1291773122,82140.1655338964,71816.6644150625,71776.7052913527,45427.5972160177,50815.2450511431,27188.5011675597,33167.1132498042,28087.7574026208,89927.0979747583,47558.5565717987,113433.5851648905,40961.9225108363,37674.9514550916,75307.1448732609,63731.4590770091,92107.8541507307,63964.0298575782,13044.7825643369,63316.7397055066,62551.3672187148,66797.4827827369,78525.9254965706,28378.8639495882,94681.0525606391,73063.5624529618,30174.5677064765,80869.9190961010,46238.6851451550,80396.1539712570,73451.4980849540,57272.4917959516,92101.3821194013,17780.9257093103,87158.1793219865,86967.3030098187,88858.3384321678,72661.4313165831,59576.2079511897,63410.3098450307,31612.4811156538,100046.8036211792,71454.7457833664,13804.6292270580,66835.9313406199,52019.6654343612,42219.3150376191
2170,0,0,0,0,0,0,0,0,0,0,0,0,0,0,0,0,0,0,0,0,0,0,0,0,0,0,0,0,0,0,0,0,0,0,0,0,0,0,0,0,0,0,0,0,0,0,0,0,0,0,0,0,0,0,0,0,0,0,0,0,0,0,0,0,0,0,0,0,0,0,0,0,0,0,0,0,0,0,0,0,0,0,0,0,0,0,0,0,0,0,0,0,0,0,0,0,0,0,0,0,0,0,0,0,0,0,0,0,0,0,0,0,0,0,0,0,0,0,0,0,0,0,0,0,0,0,0,0,0,0,0,0,0,0,0,0,0,0,0,0,0,0,0,0,0,0,0,0,0,0,0,0,0,0,0,0,0,0,0,0,0,0,0,0,0,0,0,0,0,0,0,0,0,0,0,0,0,0,0,0,0,0,0,0,0,0,0,0,0,0,0,0,0,0,0,0,0,0,0,0
2171,105914.0079350640,27196.7137030177,79773.3753139166,116606.6492782115,46759.9281704851,115494.1142491219,45477.3850953512,64915.3172239957,127264.4058929084,19327.1739863902,85437.9747103478,27860.1277758545,74740.1265904564,49500.8926959427,85272.3139224192,19841.2196429601,103834.3086502515,50135.7275628748,1786.5363276103,95435.0286057398,33009.7175507135,23755.8092252705,41948.6630281900,67636.3230369673,65152.3160673408,119809.8813243937,63633.6646985765,92203.4485810771,33315.0529655769,101275.3126639299,79047.6321399215,20099.4242621657,91246.6820155097,101767.0428722832,83555.5194432958,76133.4701957755,83019.3837590997,34996.9072843782,66945.6016928693,19101.3105628426,31835.7138109232,115473.1369281978,42045.1485198200,55005.9033024660,52309.8794709117,13473.5983027332,105984.4948311944,117410.2707899864,11503.9615255211,73460.6842487394,7963.8437495691,41753.1677225288,60720.4855729058,106195.3892801820,64561.2449181206,30502.4101828182,57963.7123549794,52558.5382680970,72783.1904978020,34472.6352494068,94476.0984888658,75119.1082016732,22542.7533037807,105512.8712927864,81248.4144197059,65324.7458107326,25249.2377669433,94195.6132167659,103764.7828566939,113830.3173933535,86206.9441704353,15390.9308542051,82679.6131152000,51271.4735976925,95575.8576198186,57753.9896741671,19033.0283857647,111783.8757922168,40910.5512342852,96444.6503271592,10478.2934451645,115512.1527673688,33306.9622940132,78078.4391504689,66349.7915157768,111110.9826255629,28990.6025694226,94850.4206657800,63681.6404777480,73473.5297247051,85717.9525023426,86005.9717536514,107914.4293711738,75529.1025247425,51581.1656956667,12116.8528438392,89690.8307340397,92261.1291356036,23122.0935704801,65470.5853070334,40180.3939769451,41936.8734471701,21233.9263811186,57157.7979656149,91473.5149468388,37419.9203298636,72775.9328164355,99248.6621015288,27514.7170370609,59198.9929235608,101815.6956000012,88260.7791004273,118525.8316202695,49231.8360447797,12521.8509222221,82962.0333919319,40482.0183600516,44761.2769487532,70783.1515905178,17368.2347604663,57222.2206852244,41881.3723029024,98971.1112120185,15664.3478963171,7819.2006319275,24045.6432745768,25672.2224714007,2226.5014225860,103224.1854389738,71011.9095543324,65808.9654140483,15720.6698193979,18431.6897710738,58261.0248498067,113448.5495984120,26701.4109298873,81304.2282654498,35690.4341234300,118054.1251244568,58605.7397513887,61185.5791470085,67769.7445936257,59284.5241811530,80203.3739238506,72134.4986549721,47073.8589786400,34804.2576831650,8678.8328457407,36086.9736860545,110067.5044209034,12606.8288446449,81898.3595466926,52812.6390495368,101917.7541882540,100416.4088738174,90002.3092050442,79487.7630234412,52767.8559317968,69080.3999876451,44626.1500340951,45803.3443723121,37161.9534699448,102487.8670375626,62588.8235434379,118736.2330260791,57729.4704857819,47873.8581941496,87760.7755662838,76212.7587945798,110351.8584848260,70413.4214907444,28136.9926934852,81127.3091889780,80264.8975911473,77555.3640763287,96677.1587016520,34945.2651433672,109202.7967328955,86551.0498005433,47708.9852364393,92400.3458845570,64332.9394443980,98616.7129402352,83570.4144675242,63318.3657754859,110250.8323886671,35899.1799389841,96684.3204639495,98287.2654096113,104355.0463912684,81507.9322021280,77846.5584930557,77960.4026280589,49886.7981325276,118268.2004770098,86704.6558316735,32050.7755512635,84999.1771598957,70256.3205952779,60447.0150828455
2172,0,0,0,0,0,0,0,0,0,0,0,0,0,0,0,0,0,0,0,0,0,0,0,0,0,0,0,0,0,0,0,0,0,0,0,0,0,0,0,0,0,0,0,0,0,0,0,0,0,0,0,0,0,0,0,0,0,0,0,0,0,0,0,0,0,0,0,0,0,0,0,0,0,0,0,0,0,0,0,0,0,0,0,0,0,0,0,0,0,0,0,0,0,0,0,0,0,0,0,0,0,0,0,0,0,0,0,0,0,0,0,0,0,0,0,0,0,0,0,0,0,0,0,0,0,0,0,0,0,0,0,0,0,0,0,0,0,0,0,0,0,0,0,0,0,0,0,0,0,0,0,0,0,0,0,0,0,0,0,0,0,0,0,0,0,0,0,0,0,0,0,0,0,0,0,0,0,0,0,0,0,0,0,0,0,0,0,0,0,0,0,0,0,0,0,0,0,0,0,0
2173,102320.9577976243,31144.7805984745,76033.8917953830,115282.4094801009,44909.2732491639,111266.3198047492,44065.9431402102,60767.5740119204,124609.0364290460,15099.8325860088,83200.9313956136,30415.8094881345,71342.9612297161,45538.4107367312,81071.4907280975,20109.3712272103,100919.9574701596,46573.1616261983,9051.2533995356,91230.8802529765,29931.7994652944,21811.3240864869,37743.0840781567,66007.7605745300,60962.6749900443,116591.5221683604,60974.4253612719,88887.4073151953,29637.8266271326,97058.5275179641,74831.0595178582,24204.6137777505,87525.4085897012,99348.3529421913,80710.3634861386,72076.1184008174,81447.1215490231,30942.3034578435,63151.9461675155,16410.1358129903,30736.7671093723,113008.5780945835,39184.8537122327,50777.5630926155,48272.7291244638,16916.0078723850,102699.0351459247,114532.9261311333,9061.9914763840,71257.2198740934,7301.0852013106,39355.0467330245,57497.1906170390,102014.5788916389,60547.0198931245,26308.0826417788,55984.1218952087,49920.8021946873,69829.9915678140,32709.5370743555,91745.0526138939,70897.9554971956,18982.0049537906,101712.1276784093,77590.6751272235,61097.6939972700,21425.5031267082,90029.6324556166,99540.7024173055,110392.8289242040,82034.5196661738,21401.8539992126,79483.0411377330,47097.8456113254,92528.5482162430,53960.0636577271,23190.4124247381,108677.3963830390,36966.6828738912,92913.9209181290,7415.4571423366,111303.6143807749,30386.9037000813,75518.6873088577,62849.0854381105,108424.6606750077,26782.5369270766,90622.3752704223,59687.3854369059,69309.3667956833,81489.5973428213,81874.1624347824,103686.9645444469,73731.0608033947,48438.5043320345,16312.1018491935,87896.6988273533,88042.2895680068,21829.1135175889,63290.6443896010,36754.6536685777,38069.0540665590,24770.6524738392,53001.9987204430,89002.7866687740,33199.2364239608,68586.1836057330,95532.8400488370,23327.2376306222,55066.0418199653,99127.3496371297,84767.0211388534,115857.7529862456,45043.9803046647,9526.3294644160,81041.3108844875,38253.3368440716,40541.2590566717,68180.2257350462,13590.7697871128,53698.5056573050,37771.7819644637,95739.1280146588,11821.2669606261,13466.6012502236,19936.4615442749,22565.3861492002,302.0612372144,99780.8686441243,67046.1345617838,62792.8290200514,14799.3971114394,15849.9605351615,55834.5616956352,110180.4660079039,23773.2489426834,77884.5328664659,31604.6047513381,114991.0408829448,55732.1780031164,59616.1349400762,63650.5785495619,55073.2104679795,76032.1589019573,68538.5695910560,44677.1581805171,32863.4121343181,7260.4032029562,32347.0126015817,107160.3683288836,9695.9238773579,77674.7062768198,51085.8236477950,97712.4283474706,96188.0444094968,85786.5352709998,77341.2439938658,50532.1716826310,64855.8949327241,40512.3417502767,42481.4418763293,34461.3597643363,99386.4338700150,58920.2447703858,117226.5188488094,53743.4204867990,45020.9900901555,84653.9554191007,73071.1068285621,106127.0134457607,68493.7288814640,24235.7806973660,76976.0583510247,76155.6226007260,74765.5052889035,92479.4230597635,32596.0904855762,105708.0172309816,83233.5497576323,43611.5212225729,89492.7766192126,60130.0837682173,94395.4339673698,80931.9163442096,61441.3563220080,106041.9743382015,31685.7059417560,94206.2570159035,95435.6922076601,100659.4979526301,79128.6563078985,73618.1338468203,74417.3413879823,45658.1764891109,114047.0647640299,83039.7343228349,27828.3631525424,80786.9149514978,66032.0162306677,56223.6473454668
2174,90573.9788947635,46473.6790992519,60485.4944598378,114227.1458728094,43944.4048771261,94888.4385154627,39574.0704438547,45569.7887306913,117508.5058007765,1482.7369265730,78704.2179831324,44523.6135833536,61182.7720253935,29382.4885037823,64380.3895454777,26194.5039868441,92820.1580149617,36305.9443030760,24825.9857071200,75283.6421623692,19266.0818255859,24295.3768423396,22130.8078392040,64782.7581045133,44254.7388904703,106762.5887880556,55150.0078167895,78853.9461610900,20255.8795734676,80423.2356677424,58745.0271392850,40904.7941706907,75164.0355622308,93683.1939161098,73317.1604384426,55539.7124965948,79966.1217912286,14584.9561988952,50705.8331374010,13074.6452321512,29323.0777604316,106936.5005093907,33810.0150564373,34451.6646936680,34328.3785669537,31544.2145222836,92652.6850955546,106454.3663921817,16752.4244086840,67254.7579186780,17975.0670015276,30918.6215707221,48783.3632459065,86302.1585356116,44145.1724104191,11489.5185923164,53672.8618645320,44805.3859805123,62161.4502553588,33539.9330805642,84702.6465752753,54301.3871687018,13937.7841396408,88733.2618665479,65753.0838669500,44810.4691639143,7595.7384266432,73315.7861170069,83277.2765924980,99447.8305793004,66460.9950849877,36792.1078991319,70268.5805485779,30382.9012395892,83872.3204156527,41761.1327119346,39372.3162360751,99505.0635605324,24399.9333078002,81621.8105500734,10485.1262838045,95271.3385514571,25958.1999258095,69682.0439736572,52297.6318465776,101351.7383601823,21347.8683071328,74246.2896901928,45845.9062890488,52596.6622763427,65102.1763717161,65190.1771289996,87170.8534477067,71488.8032055901,40667.9042671766,33013.6956838367,85294.3332256150,71421.6571848517,21948.7397865663,59698.4739009713,28219.9684698018,22427.3135045055,39089.0974564031,37807.2063691534,83276.8033089150,16652.5838483399,52882.7107705783,83123.5608896377,9018.7713027360,38388.1671785288,92173.2437526539,73795.5995344319,108785.4858125364,29574.3450368899,24784.2503186641,78042.2848235661,36223.6067514774,23963.2290978835,62358.9447902487,8885.7978633182,43328.7490514707,21165.3918928023,86063.8044509911,10401.7679987330,28489.9581884558,8388.0201820356,13575.0467743321,17433.9654862200,88905.4914194465,50772.1952003901,55024.2947749071,19424.6873634730,18149.6138259617,51421.6825456699,100149.2106009470,20925.9770080824,67455.5462220291,17987.9637721952,105976.1949077246,49039.4659288307,58928.0622583111,46991.0069577913,38419.3780423448,59317.2661824244,57253.8464120416,41177.7339660811,27421.3007109342,20931.5982147987,17602.0924179344,99016.7122398715,12094.8804883387,61101.6362595512,50201.1037585936,81738.9289377064,79712.2449216005,69690.0601290012,73416.5790402908,47363.2982994438,48302.0714003607,26056.9244967114,34066.2702669775,25122.3357163618,90350.6767597310,47422.8302617315,115363.3933319425,40092.2113669938,39131.0697528294,75820.2251436735,64302.4811792113,89840.6799474464,65888.4362322359,13975.0818201897,61630.3839696607,59507.6621151401,67801.4654985308,75782.1151782618,30777.3861133974,94487.5017398787,73283.6451998716,27021.0181083874,81605.4065253606,44305.3484087339,78193.6367136192,74568.6005523770,59317.9452236661,90011.9432517858,16078.5313343208,88346.8988834390,87731.7027862667,88326.9802502451,74065.0957738034,57233.9210283891,63331.8638072162,29295.4022920069,97828.8606439705,71078.6099781846,11351.1083628099,64753.3212168927,49815.6404222994,40063.1152687891
2175,108122.6296247743,24742.0953549237,83497.8075834074,116400.9657898992,47231.3550457660,118902.2771047371,48203.7401325131,68035.6284926960,128363.7477435068,22829.1477604643,86154.0999707509,10041.3312032388,76735.3921860425,53225.7295143232,88849.9298133965,21725.0305581805,105235.7455944733,52386.9504464030,0.3918003168,98705.3683134987,36588.2589971386,24598.1327515879,45249.4718861879,67804.2634004423,68751.3469724473,121544.4272503992,64832.2755011802,94078.1439908412,35779.0783457154,104808.8996255576,82375.5338912585,16412.3436099828,93638.8053151439,102643.1072432591,84907.7270704943,79836.0553679248,83095.0581173978,38697.6976142723,69464.6212610842,22603.5215460122,34448.8153415794,116381.6604267702,43546.4016548504,58436.3982993467,55224.2949200005,12287.5217273331,107809.2975298480,118758.2245577889,13311.6678834864,74168.6582707746,11020.2015318895,45032.7971230955,62540.4235223341,109386.2364461501,68276.7312981472,33783.4845678281,58501.4545939348,53774.6388706389,74273.0397720076,34968.1831508781,95689.2320741291,78636.5521135205,24970.6658193007,108007.6006178403,83564.1234446400,68729.9815426364,28981.4931400408,97826.2423010347,107134.1355556474,115834.5804824446,89379.4075151178,9569.9749541531,84425.9725130491,54893.5563001681,97134.9244691953,60288.1751151043,16116.4216336971,113394.3000350066,43699.0756124419,98580.0123439136,14038.7582440587,118796.4337792863,34937.5376577134,79138.0233071943,68485.9577816940,112257.2721761025,32229.7569099870,98265.5441892579,66508.6278139274,77106.3183441250,89141.8763654652,89668.4612933167,111383.7325524465,75836.1874685033,53339.0610398096,17130.4152052366,89964.7126197645,95787.2978700334,25944.2350743498,66177.3938752803,42308.3157649794,45668.9089426762,19609.0225248495,60303.0908150852,92417.3590648523,40946.8740235669,76003.8854840431,101627.1363052684,31120.1598256230,62860.2040864216,102974.0656718926,90357.2838045668,119645.8048172494,52468.4933608020,12666.8864852633,83370.8473347205,41361.2608183824,48288.7361127056,71903.8729422872,21100.5024672236,59406.2424449233,45557.4557244306,100739.0717296561,18511.5588548375,3813.1255564769,27163.3370621682,29276.4679227040,9235.6443776730,105243.6057586900,74737.1554504132,67383.7453005296,18491.3078374510,20002.2615516516,59238.8241604705,115246.6509288586,28418.0539955751,83317.3414102991,38723.8100701765,119609.8500800558,60046.2213058120,61320.2914203516,71440.9416524473,62838.6521614812,83827.9221521460,74381.0561056805,48073.6143457295,37879.3111743423,11497.0312117037,39814.9304950752,111454.8177892805,16230.8439019618,85401.8990525480,53132.3406021611,105191.3184374645,103869.7470607318,93323.6604652169,80125.3296400884,53578.4877497824,72580.1218724972,47694.1974645306,47785.8069508247,40589.2205686315,104100.9864679248,64945.2849625925,118701.0357275727,60550.3503148531,49335.1725999903,89397.0929496674,77906.4459411874,113726.7096860242,70851.0825215661,30918.8160212738,84247.2291265798,83942.6437769863,78858.6551217232,100260.6654385224,35991.7954264039,111282.3456304283,88434.1154309588,51392.2706449648,93807.7008831344,67608.4063115198,101967.1024803463,84701.9663604269,63737.0178627570,113537.2290578224,39237.3114954468,97628.2665989205,99625.9001509741,106702.1443035351,82375.1603905446,81273.9733832781,80131.3590981109,53336.3657378091,121615.1108556295,89024.3019712300,35572.3492201290,88305.1809248257,73633.7867267998,63820.6407760212
2176,103360.8003319819,29866.0948591281,77676.3264177030,115236.6021039864,45064.7850957995,112827.3627457989,45068.0448859926,62201.9138876961,125157.9396038526,16693.0771141595,83547.6283167043,28991.7305310234,72267.6871902449,47201.2675268755,82696.7493244983,20451.8275260583,101593.7805498028,47588.1575542889,5840.9803910913,92734.8209947520,31426.5343672755,21969.9641608645,39250.7908953403,66078.7104978531,62595.7828040222,117423.4583871869,61514.2376115079,89769.5466024873,30716.7209657381,98667.7004956020,76357.6722983697,22552.6035767656,88642.0559109549,99782.1332685884,81346.7018147903,73738.6079405727,81499.1720707389,32605.5647792680,64312.8549361317,17771.8388032082,31614.6225371783,113465.6252669295,39813.6308538164,52344.8468277721,49606.8473321450,15905.9313723166,103565.8570360396,115189.6043550295,9375.0116642733,71585.3772623464,7818.9042745672,40666.8793397048,58323.8599172204,103486.0722027104,62210.9321530109,27799.5293667001,56204.6308421303,50445.4269478568,70518.5039387595,32811.8665469105,92326.9288564005,72500.9101974668,19978.7825090282,102879.8961930170,78667.5299330555,62655.3490525701,23073.0737176836,91672.8081279844,101085.8479456841,111343.7688963174,83496.0135478485,19854.8174967643,80299.7438337801,48739.3149254051,93268.9560756244,55120.1471202042,21746.7113287604,109450.0218889977,38227.9679138835,93916.7732155768,7883.3210110315,112814.6007823877,31038.2649635864,76014.6891504661,63831.2779981627,108986.9354808938,28021.3094825566,92185.6001164761,60988.3066788316,70953.6075212697,83056.0181728855,83527.1227122425,105271.8040535932,73878.4996969209,49219.0705886561,14695.8901889978,88046.2841956635,89648.6666498498,22750.7646539144,63605.2548435966,37686.1157645581,39724.6859604922,23728.4182009096,54444.9781144367,89459.3153919712,34805.3699981323,70069.5117134285,96646.5354096365,24964.8863621911,56719.3444256394,99689.4825645030,85747.9293739219,116411.9820523160,46525.3111408176,8545.4962311103,81244.9154238139,38574.4396981742,42147.7408789368,68695.0325022227,15226.3162478249,54692.3324219876,39429.9332431231,96576.6278057370,12995.9872181473,10361.9713390380,21332.2189423247,24059.8530693822,477.1397823641,100734.3869756463,68709.3712376963,63511.8424269589,15549.0528948449,16292.6283191080,56260.6397705706,111038.5023779195,24419.2188694148,78822.7432139510,32979.2644551893,115741.7540676955,56376.2952392430,59658.6777063265,65306.3335136884,56690.0705292128,77673.5926524589,69577.3524647707,45082.7325716455,34026.8825414730,5936.3827054840,33985.5744031458,107831.2331920669,11089.0391533425,79272.3949650766,51191.4664682327,99218.1899641264,97766.5449282575,87311.2936191513,77645.1739110149,50866.2294172449,66451.8964176976,41912.9786142877,43356.9324180204,35857.2802172240,100155.5793644571,60001.6669301427,117258.9317140001,55037.7882612014,45649.7674044795,85424.1603263026,73857.7300770774,107674.6168338963,68693.0151258953,25462.8502277264,78414.0292854317,77812.7774574083,75373.2158540821,94106.6784996733,32967.1747923353,106691.0743840501,84115.8568637461,45271.0135071280,90161.7498646547,61632.5022965896,95932.6473718066,81466.9576020915,61618.8469180041,107553.5546750322,33208.0191613378,94667.1304542901,96077.4859087323,101760.9241082512,79540.2358628177,75185.6303203432,75425.6757450037,47232.9704654352,115583.6847490997,84121.3879350582,29432.0784584330,82304.8947131362,67578.5404710264,57767.5678134122
2177,91886.9178182113,44454.3435252998,62599.5979917532,114014.3135201484,43495.2269710440,97010.9354479413,40008.1951767143,47430.9649739186,118143.1217258647,109.5964561610,78904.1805287785,42444.8740484100,62191.0457595430,31557.2955455013,66583.1592064837,25003.8600645323,93572.6053644714,37219.9191841676,22599.8191712097,77313.7513522236,20403.3205677214,23106.3573015559,24028.3352301783,64485.8704038778,46465.6976350833,107792.3773895071,55464.0627648354,79880.0231584305,20785.5070451457,82607.5244698588,60798.0652550660,38680.6498634966,76558.9556748842,94080.1721593147,73927.1285815707,57763.1198847151,79750.6571333514,16772.1728209391,52067.8738454851,12527.8679142108,29175.7938857903,107410.8540031335,33893.3557433179,36546.9142137566,35912.5993271088,29555.2009112250,93700.6074703942,107220.9547846034,14780.3516309522,67351.8021847032,16071.0663628069,31860.2468381115,49513.3035042933,88289.7419184705,46355.5856809570,13072.8533411341,53473.9253668081,44953.7031300424,62781.5682025522,32739.6326514177,85284.5960708908,56472.9201946634,13357.8505756068,90244.8071818999,67046.1988309696,46902.2173776340,9038.0872160819,75537.3237893343,85373.8529815881,100642.7638431663,68414.2067541582,34612.6347470246,71149.8007405086,32603.1914496863,84694.5370942530,43048.3163957240,37241.0826627727,100427.5202371227,25638.1890399858,82851.3695751312,8259.7765626068,97322.7336889925,25764.1638635065,70051.4197598589,53342.2065686931,101964.1382335090,21619.8132943612,76366.0301169168,47446.7019813261,54819.2833403982,67223.0059566480,67418.2199862510,89324.2721527928,71353.5940386383,41196.8269014517,30803.1518809898,85244.3427128584,73601.3004570947,21390.2861492788,59708.5489547071,28746.6154333497,24511.8586720530,37165.0162277163,39654.8053182080,83663.4320736950,18795.3716778190,54853.2684755773,84535.9324707783,8829.2863116515,40616.7511858144,92755.0322879481,74961.8109823987,109406.8319962170,31462.3716107332,22699.2935147194,78030.0687717450,35843.6668334037,26122.1213933840,62702.1763200787,6484.8493876591,44304.2103485191,23390.9623235147,87045.5621372964,8784.1678614490,26299.1251592539,8839.7775714311,14178.8590967124,15213.5628580384,90078.1638745974,52970.3949087232,55633.3526685382,18174.0639648343,16753.2944416196,51508.7630475159,101203.3291621630,20346.4956948078,68522.3876943289,19373.1927243612,106881.9996241328,49453.6042879423,58534.3909794887,49219.8494284259,40606.9676070445,61537.3370687461,58435.7371757300,41059.0489274220,27839.0198061608,18750.4179395957,19498.5127116896,99784.1290370794,10496.3870175598,63267.3823982215,49786.5537046270,83775.9795295240,81855.4798421956,71748.9084206456,73521.5804400178,47246.0450588549,50460.9773281538,27707.2185570620,34643.3531822046,26133.6570017923,91240.6521575676,48609.4337518209,115260.8389313469,41640.8300452808,39350.8443391083,76654.5576892640,65098.9992504096,91942.9970283457,65784.6055599997,14472.5528192948,63536.6639783142,61736.4687455088,68332.4105390093,77987.7452632148,30290.2376150272,95720.7810874745,74286.4642586333,29246.1866114738,82307.3941305283,46294.1439840725,80276.3819863094,75028.5307403822,59121.0220588777,92061.9658381643,17942.7398693940,88762.6595133451,88417.1633845342,89732.1643798047,74334.4082656135,59352.3967215873,64495.8888631687,31396.1731612975,99917.9639878685,72401.4194824699,13459.2781856837,66797.6061973239,51893.4012599962,42122.7029691134
2178,92242.8487018267,43932.4202300911,63137.5944526530,113983.7435849054,43414.6228715697,97560.9833561880,40122.0579277406,47922.3031992172,118328.3531769444,751.4431733807,78982.4854494971,41920.8245495669,62474.7837248984,32112.5082370294,67150.7117615891,24706.8000350457,93789.0633964695,37487.2927140373,22028.2828789579,77842.8860129190,20709.4060148726,22841.6106900554,24532.2246842652,64438.9517029791,47034.8870236276,108077.2607827487,55575.5381922681,80165.9744309522,20973.5761425347,83171.2332180915,61332.8729470510,38109.3730460417,76936.0512489645,94206.9365374890,74109.8335813926,58332.0528105619,79722.4076418005,17331.6659947915,52439.8881524970,12431.2610337297,29148.2644261972,107556.2134554191,33955.3011401950,37092.1694968587,36341.2698934098,29042.7765764049,93990.8566255609,107440.0174740869,14295.7057623233,67405.5869437807,15587.1279820513,32106.9914734811,49730.7737671224,88808.7552761042,46920.4453650889,13519.0487009473,53454.8438076255,45026.4301003528,62968.5679365680,32572.1027187771,85458.9316145182,57034.0976851780,13282.4438725128,90649.4978468379,67399.3143510676,47446.2034152313,9445.8161424350,76108.2895862605,85918.1266904681,100969.0596276863,68925.7100366975,34058.6588678920,71400.7297313704,33174.0231027502,84929.2414242818,43404.2417274838,36691.3418718871,100686.0516863409,25990.6244505292,83187.3844030152,7688.4433965481,97856.4856130814,25762.3676933600,70173.9955384434,53636.5246658130,102144.7436942582,21709.0843887985,76915.6422509749,47876.7868024976,55390.4245121233,67772.9803510610,67989.8877755207,89881.2741195244,71347.1886008109,41367.1235912977,30234.5595021242,85258.0024483229,74164.0677587379,21265.5468472374,59741.6143391965,28924.1310957904,25044.6245238569,36668.3280594183,40143.9429025492,83788.5901171791,19352.1649230722,55369.3948793368,84916.7227787371,9399.3336259560,41188.3584094277,92928.6329265714,75282.9105925655,109589.2073319218,31962.1583871038,22162.8174073141,78054.2817439696,35784.9465436990,26681.4465854942,62819.4249355418,6094.4402492868,44583.9145437695,23960.7831968952,87319.8588458728,8427.9018101167,25741.8539467284,9056.6738124168,14369.4660106493,14643.0810318607,90399.6001117950,53531.6286868275,55819.0682803108,17869.2684589357,16439.0658175667,51563.6384566696,101494.6395260057,20251.6418310526,68819.6914147074,19765.8478524449,107135.9766897045,49592.0431641588,58463.6320378482,49791.2795666711,41171.6641409625,62108.0813572596,58762.8006630080,41065.1547212790,27957.1489396272,18196.9189475758,19987.4403336911,100003.8813827332,10111.8036866650,63827.2580718802,49712.7116824971,84306.5993155775,82410.2805982838,72284.7739541453,73576.4055847712,47249.9713385414,51019.5461312600,28154.1245029012,34829.0359003070,26402.2304064490,91491.7249631643,48939.5651253674,115258.5604455006,42059.6437721455,39444.2126802032,76893.1256610054,65329.7048569308,92488.5102457072,65787.2160716315,14668.1946624558,64037.3966152269,62307.7828709538,68496.0520128780,78555.8309365557,30207.4505588186,96056.8402669798,74567.2279567632,29815.8284689920,82512.2185419948,46814.9706014800,80817.5670646645,75173.2822532600,59101.0368208744,92595.4650762708,18442.3509241488,88894.6703972186,88617.2414671747,90110.8780572957,74430.9664802884,59901.9790689424,64817.6694257459,31942.9780581872,100460.3864468741,72761.2435831297,14010.6801407872,67330.2482407956,52434.0843112903,42659.7628434435
2179,0,0,0,0,0,0,0,0,0,0,0,0,0,0,0,0,0,0,0,0,0,0,0,0,0,0,0,0,0,0,0,0,0,0,0,0,0,0,0,0,0,0,0,0,0,0,0,0,0,0,0,0,0,0,0,0,0,0,0,0,0,0,0,0,0,0,0,0,0,0,0,0,0,0,0,0,0,0,0,0,0,0,0,0,0,0,0,0,0,0,0,0,0,0,0,0,0,0,0,0,0,0,0,0,0,0,0,0,0,0,0,0,0,0,0,0,0,0,0,0,0,0,0,0,0,0,0,0,0,0,0,0,0,0,0,0,0,0,0,0,0,0,0,0,0,0,0,0,0,0,0,0,0,0,0,0,0,0,0,0,0,0,0,0,0,0,0,0,0,0,0,0,0,0,0,0,0,0,0,0,0,0,0,0,0,0,0,0,0,0,0,0,0,0,0,0,0,0,0,0
2180,0,0,0,0,0,0,0,0,0,0,0,0,0,0,0,0,0,0,0,0,0,0,0,0,0,0,0,0,0,0,0,0,0,0,0,0,0,0,0,0,0,0,0,0,0,0,0,0,0,0,0,0,0,0,0,0,0,0,0,0,0,0,0,0,0,0,0,0,0,0,0,0,0,0,0,0,0,0,0,0,0,0,0,0,0,0,0,0,0,0,0,0,0,0,0,0,0,0,0,0,0,0,0,0,0,0,0,0,0,0,0,0,0,0,0,0,0,0,0,0,0,0,0,0,0,0,0,0,0,0,0,0,0,0,0,0,0,0,0,0,0,0,0,0,0,0,0,0,0,0,0,0,0,0,0,0,0,0,0,0,0,0,0,0,0,0,0,0,0,0,0,0,0,0,0,0,0,0,0,0,0,0,0,0,0,0,0,0,0,0,0,0,0,0,0,0,0,0,0,0
2181,0,0,0,0,0,0,0,0,0,0,0,0,0,0,0,0,0,0,0,0,0,0,0,0,0,0,0,0,0,0,0,0,0,0,0,0,0,0,0,0,0,0,0,0,0,0,0,0,0,0,0,0,0,0,0,0,0,0,0,0,0,0,0,0,0,0,0,0,0,0,0,0,0,0,0,0,0,0,0,0,0,0,0,0,0,0,0,0,0,0,0,0,0,0,0,0,0,0,0,0,0,0,0,0,0,0,0,0,0,0,0,0,0,0,0,0,0,0,0,0,0,0,0,0,0,0,0,0,0,0,0,0,0,0,0,0,0,0,0,0,0,0,0,0,0,0,0,0,0,0,0,0,0,0,0,0,0,0,0,0,0,0,0,0,0,0,0,0,0,0,0,0,0,0,0,0,0,0,0,0,0,0,0,0,0,0,0,0,0,0,0,0,0,0,0,0,0,0,0,0
2182,102690.0734719849,30643.9918662627,76793.1493008019,115134.7068132933,44848.0892895757,111925.7207982364,44611.4306272602,61348.9129977639,124736.4557606113,15779.7538880516,83231.6114295461,29707.8095759042,71652.6833445258,46291.5959821631,81776.3757317555,20368.9477573336,101106.9064982081,46927.0727245782,7612.4449137357,91854.1158844575,30657.3788784452,21743.5803205522,38367.7444239132,65910.4655648750,61673.9334857993,116856.2807693742,61094.9361749845,89176.4495485442,30022.3388077745,97751.1440332214,75468.2092462109,23475.8361345016,87933.8722914255,99420.5271546481,80878.4529414928,72819.4231409109,81342.2466906627,31687.7313844781,63582.8120139273,17088.3556536690,31229.6808180121,113092.1204276264,39345.4469231412,51440.7157905658,48796.5993971891,16546.6528130529,102980.8164789290,114711.9129042102,9044.8129066242,71278.5852457067,7611.4207250959,40018.9505259451,57757.0694867412,102618.3158568318,61295.5232634128,26922.0254432412,55954.2961783412,50032.9418445215,70022.8154141246,32621.2347534713,91887.3737850769,71585.9576219476,19319.9086155335,102147.6504881143,77978.2070780350,61754.5981846710,22184.6351234644,90749.7459082897,100189.7562222028,110716.9156443102,82632.1468215977,20658.0046545077,79739.2241143737,47816.3690823434,92747.6726432810,54390.0252394728,22598.5173223157,108912.7492605028,37449.5906827631,93263.9301015416,6961.9728741274,111931.2886667459,30556.3337098931,75619.3001671677,63187.4475158094,108558.1026594477,27417.8127120652,91283.1366105786,60193.3852483803,70030.4637849261,82152.4287018830,82604.0469523911,104362.3058058997,73669.1410379327,48674.7056281176,15613.1009186857,87836.5042507936,88732.8334961408,22336.9946524359,63305.1136803601,37064.6921691541,38826.8744177944,24389.5929670396,53588.1927331548,89085.3259111229,33889.2676741454,69196.6771396335,95939.9469776078,24042.2621046876,55796.3184616011,99260.4604587830,85105.6464429110,115987.5299287766,45652.7614035470,9160.0561093705,81005.5634639781,38267.4228777354,41231.6424808634,68289.3402130901,14349.6679315041,54042.1982702502,38507.9899483492,96006.1628514152,12248.2155667711,11981.1603714882,20492.3191764006,23290.2905466235,0.0000000000,100106.0339547778,67798.5680550608,63000.0753620858,15229.9962051211,15909.5752688374,55900.5929377197,110458.0433465644,23937.4255060108,78201.3234425885,32150.1178378314,115215.7879320959,55902.4099123279,59505.4189592320,64383.6891238841,55771.4807437945,76750.6747289455,68906.1381919686,44732.0874985224,33470.9305599821,6311.0253843054,33106.1874878741,107346.0493267883,10381.8359738242,78358.9531062435,51002.7827149483,98336.8219414819,96859.0363155469,86422.6095604947,77351.6935096893,50554.3963105926,65538.8864987474,41073.4261857785,42764.1360156483,35154.7041205157,99619.8459697691,59309.3366725337,117114.0491874534,54245.5795815569,45182.5496023767,84887.4156070587,73312.1458220713,106777.6715743861,68455.2315808543,24697.9816533482,77559.8058198337,76890.4627017752,74919.4992254241,93185.9200843943,32632.1094959630,106048.2543540857,83522.4875794042,44349.6082169996,89677.0106263908,60752.0512173307,95039.4054076364,81051.3905311744,61392.2801914513,106669.9891112995,32319.2366337552,94291.0472785123,95606.9760058711,101060.3317320852,79189.5495688233,74281.6348305173,74769.5649770652,46326.3089755230,114690.7449195245,83429.9150278523,28516.5099394588,81418.7260672322,66681.7382041531,56871.5811276531
2183,0,0,0,0,0,0,0,0,0,0,0,0,0,0,0,0,0,0,0,0,0,0,0,0,0,0,0,0,0,0,0,0,0,0,0,0,0,0,0,0,0,0,0,0,0,0,0,0,0,0,0,0,0,0,0,0,0,0,0,0,0,0,0,0,0,0,0,0,0,0,0,0,0,0,0,0,0,0,0,0,0,0,0,0,0,0,0,0,0,0,0,0,0,0,0,0,0,0,0,0,0,0,0,0,0,0,0,0,0,0,0,0,0,0,0,0,0,0,0,0,0,0,0,0,0,0,0,0,0,0,0,0,0,0,0,0,0,0,0,0,0,0,0,0,0,0,0,0,0,0,0,0,0,0,0,0,0,0,0,0,0,0,0,0,0,0,0,0,0,0,0,0,0,0,0,0,0,0,0,0,0,0,0,0,0,0,0,0,0,0,0,0,0,0,0,0,0,0,0,0
2184,0,0,0,0,0,0,0,0,0,0,0,0,0,0,0,0,0,0,0,0,0,0,0,0,0,0,0,0,0,0,0,0,0,0,0,0,0,0,0,0,0,0,0,0,0,0,0,0,0,0,0,0,0,0,0,0,0,0,0,0,0,0,0,0,0,0,0,0,0,0,0,0,0,0,0,0,0,0,0,0,0,0,0,0,0,0,0,0,0,0,0,0,0,0,0,0,0,0,0,0,0,0,0,0,0,0,0,0,0,0,0,0,0,0,0,0,0,0,0,0,0,0,0,0,0,0,0,0,0,0,0,0,0,0,0,0,0,0,0,0,0,0,0,0,0,0,0,0,0,0,0,0,0,0,0,0,0,0,0,0,0,0,0,0,0,0,0,0,0,0,0,0,0,0,0,0,0,0,0,0,0,0,0,0,0,0,0,0,0,0,0,0,0,0,0,0,0,0,0,0
2185,0,0,0,0,0,0,0,0,0,0,0,0,0,0,0,0,0,0,0,0,0,0,0,0,0,0,0,0,0,0,0,0,0,0,0,0,0,0,0,0,0,0,0,0,0,0,0,0,0,0,0,0,0,0,0,0,0,0,0,0,0,0,0,0,0,0,0,0,0,0,0,0,0,0,0,0,0,0,0,0,0,0,0,0,0,0,0,0,0,0,0,0,0,0,0,0,0,0,0,0,0,0,0,0,0,0,0,0,0,0,0,0,0,0,0,0,0,0,0,0,0,0,0,0,0,0,0,0,0,0,0,0,0,0,0,0,0,0,0,0,0,0,0,0,0,0,0,0,0,0,0,0,0,0,0,0,0,0,0,0,0,0,0,0,0,0,0,0,0,0,0,0,0,0,0,0,0,0,0,0,0,0,0,0,0,0,0,0,0,0,0,0,0,0,0,0,0,0,0,0
2186,0,0,0,0,0,0,0,0,0,0,0,0,0,0,0,0,0,0,0,0,0,0,0,0,0,0,0,0,0,0,0,0,0,0,0,0,0,0,0,0,0,0,0,0,0,0,0,0,0,0,0,0,0,0,0,0,0,0,0,0,0,0,0,0,0,0,0,0,0,0,0,0,0,0,0,0,0,0,0,0,0,0,0,0,0,0,0,0,0,0,0,0,0,0,0,0,0,0,0,0,0,0,0,0,0,0,0,0,0,0,0,0,0,0,0,0,0,0,0,0,0,0,0,0,0,0,0,0,0,0,0,0,0,0,0,0,0,0,0,0,0,0,0,0,0,0,0,0,0,0,0,0,0,0,0,0,0,0,0,0,0,0,0,0,0,0,0,0,0,0,0,0,0,0,0,0,0,0,0,0,0,0,0,0,0,0,0,0,0,0,0,0,0,0,0,0,0,0,0,0
2187,0,0,0,0,0,0,0,0,0,0,0,0,0,0,0,0,0,0,0,0,0,0,0,0,0,0,0,0,0,0,0,0,0,0,0,0,0,0,0,0,0,0,0,0,0,0,0,0,0,0,0,0,0,0,0,0,0,0,0,0,0,0,0,0,0,0,0,0,0,0,0,0,0,0,0,0,0,0,0,0,0,0,0,0,0,0,0,0,0,0,0,0,0,0,0,0,0,0,0,0,0,0,0,0,0,0,0,0,0,0,0,0,0,0,0,0,0,0,0,0,0,0,0,0,0,0,0,0,0,0,0,0,0,0,0,0,0,0,0,0,0,0,0,0,0,0,0,0,0,0,0,0,0,0,0,0,0,0,0,0,0,0,0,0,0,0,0,0,0,0,0,0,0,0,0,0,0,0,0,0,0,0,0,0,0,0,0,0,0,0,0,0,0,0,0,0,0,0,0,0
2188,109651.5101965846,39332.0175794225,60276.5008712701,134671.6488521208,63960.7372569315,105845.5137263465,20628.0271784556,61697.1886963604,138335.7504484021,22693.5834691333,99658.1917338121,53145.1245079745,81427.8139932735,34625.8074724622,73364.6491122156,15763.3774347190,113505.1818442343,56879.1309370946,29322.9813092313,88472.9383420835,12579.1362536277,42194.3874289631,39297.0492737388,85090.8307046135,53860.0579587585,126818.7640555453,76138.3341290934,98988.3615315717,41238.2893464600,89752.0419646593,71987.8357960545,41969.2804464454,93952.2873922060,114670.3783298404,94193.5805595478,60776.2999699468,100422.2445822126,24780.8986464994,69881.4268895951,8505.8314596497,7041.8291680076,127896.1763451002,54676.8981649878,48208.6112594189,52804.6554720338,26321.7490320421,112687.3309140975,127104.2050646649,30583.4518995306,88138.2319800897,17401.4483109373,16974.4915310160,69566.9837263348,99954.2478528416,49102.4956245591,31241.9876491131,74180.6285453188,65723.4694046040,83038.2573470449,52648.9481505290,105596.7451205733,65001.0217623582,33950.6250175670,106792.0441051984,85063.0285093968,57949.7328323633,16214.1727368422,80652.5991352965,95049.6204681539,118974.5201530802,80966.6304863935,43454.7888176980,90763.1353463785,40742.6636518913,104451.6562012995,61343.4752828019,36034.2669287601,119853.4513629051,44456.1900894595,101086.1408768594,21588.6324371583,107737.4025832089,46516.6427055681,90673.6797894136,72498.8451879848,122209.6660500410,8677.3807432158,85694.3478103109,63916.4872549572,60734.1010586470,76783.4643631975,71802.4430870248,97419.4276711796,92089.5847762864,61626.5092883853,34122.7931373767,106016.7715851393,81181.2026700590,1539.3332014905,80497.6035079230,49192.6072886346,26906.9024912037,31063.3898729681,54368.7279964875,104266.2479923716,31872.9594367682,67544.4496572314,101769.2056437168,23732.4978504645,46581.6325523530,113063.9807257980,93525.2575515042,129630.8970381108,46231.6257680334,23801.6527312612,98814.0074137240,56425.9990344794,37580.3481980797,83350.6604687649,15554.1302944241,63742.0032719958,31071.9125574145,106294.4166588394,27797.9112595093,35959.4415038142,29366.1450426267,9357.8269493491,24112.5134576859,108549.4640022047,54432.7881032655,75917.9792853640,10123.2117474589,35521.4911721378,72295.2612195546,120147.7034556767,40821.9828804985,87520.1992267755,37871.9698654117,126353.3602452901,70028.2572126307,79030.4169567371,54151.9792399506,49570.5266571125,67353.5219638009,77030.1339362945,61821.8662530991,9495.4924716076,30410.6749460640,20840.9772826340,119671.8649107903,14356.6401100428,71698.2080298823,70277.1899460406,94683.0513726600,90420.2955610137,82513.3768033938,94307.0792826129,68004.8674236953,59700.7300449823,44526.5828631832,55009.3045079313,13670.0660242266,110786.4927647031,67267.3311794770,136003.7060762174,58589.2254321033,60086.6445543376,96391.2784535019,84960.0151759463,101363.1190450967,86539.8086791053,34967.0538112119,76818.0858069056,65763.2680565491,88740.8776425087,84223.8583420141,50777.8548138625,113883.1897672908,93496.6034207746,35577.3160286534,102373.3496578932,59069.3807427682,90361.2409276076,95540.4214213747,79823.6712254143,102583.9269962545,34125.2758424235,109330.4219955508,108515.2089954210,106976.8895711775,95045.7494104648,69246.5270910371,83125.4042740203,43416.1339538100,109511.4662333085,90226.0997637678,28282.9044620587,77962.1650855225,62967.0468749893,54032.5837111322
2189,0,0,0,0,0,0,0,0,0,0,0,0,0,0,0,0,0,0,0,0,0,0,0,0,0,0,0,0,0,0,0,0,0,0,0,0,0,0,0,0,0,0,0,0,0,0,0,0,0,0,0,0,0,0,0,0,0,0,0,0,0,0,0,0,0,0,0,0,0,0,0,0,0,0,0,0,0,0,0,0,0,0,0,0,0,0,0,0,0,0,0,0,0,0,0,0,0,0,0,0,0,0,0,0,0,0,0,0,0,0,0,0,0,0,0,0,0,0,0,0,0,0,0,0,0,0,0,0,0,0,0,0,0,0,0,0,0,0,0,0,0,0,0,0,0,0,0,0,0,0,0,0,0,0,0,0,0,0,0,0,0,0,0,0,0,0,0,0,0,0,0,0,0,0,0,0,0,0,0,0,0,0,0,0,0,0,0,0,0,0,0,0,0,0,0,0,0,0,0,0
2190,0,0,0,0,0,0,0,0,0,0,0,0,0,0,0,0,0,0,0,0,0,0,0,0,0,0,0,0,0,0,0,0,0,0,0,0,0,0,0,0,0,0,0,0,0,0,0,0,0,0,0,0,0,0,0,0,0,0,0,0,0,0,0,0,0,0,0,0,0,0,0,0,0,0,0,0,0,0,0,0,0,0,0,0,0,0,0,0,0,0,0,0,0,0,0,0,0,0,0,0,0,0,0,0,0,0,0,0,0,0,0,0,0,0,0,0,0,0,0,0,0,0,0,0,0,0,0,0,0,0,0,0,0,0,0,0,0,0,0,0,0,0,0,0,0,0,0,0,0,0,0,0,0,0,0,0,0,0,0,0,0,0,0,0,0,0,0,0,0,0,0,0,0,0,0,0,0,0,0,0,0,0,0,0,0,0,0,0,0,0,0,0,0,0,0,0,0,0,0,0
2191,0,0,0,0,0,0,0,0,0,0,0,0,0,0,0,0,0,0,0,0,0,0,0,0,0,0,0,0,0,0,0,0,0,0,0,0,0,0,0,0,0,0,0,0,0,0,0,0,0,0,0,0,0,0,0,0,0,0,0,0,0,0,0,0,0,0,0,0,0,0,0,0,0,0,0,0,0,0,0,0,0,0,0,0,0,0,0,0,0,0,0,0,0,0,0,0,0,0,0,0,0,0,0,0,0,0,0,0,0,0,0,0,0,0,0,0,0,0,0,0,0,0,0,0,0,0,0,0,0,0,0,0,0,0,0,0,0,0,0,0,0,0,0,0,0,0,0,0,0,0,0,0,0,0,0,0,0,0,0,0,0,0,0,0,0,0,0,0,0,0,0,0,0,0,0,0,0,0,0,0,0,0,0,0,0,0,0,0,0,0,0,0,0,0,0,0,0,0,0,0
2192,0,0,0,0,0,0,0,0,0,0,0,0,0,0,0,0,0,0,0,0,0,0,0,0,0,0,0,0,0,0,0,0,0,0,0,0,0,0,0,0,0,0,0,0,0,0,0,0,0,0,0,0,0,0,0,0,0,0,0,0,0,0,0,0,0,0,0,0,0,0,0,0,0,0,0,0,0,0,0,0,0,0,0,0,0,0,0,0,0,0,0,0,0,0,0,0,0,0,0,0,0,0,0,0,0,0,0,0,0,0,0,0,0,0,0,0,0,0,0,0,0,0,0,0,0,0,0,0,0,0,0,0,0,0,0,0,0,0,0,0,0,0,0,0,0,0,0,0,0,0,0,0,0,0,0,0,0,0,0,0,0,0,0,0,0,0,0,0,0,0,0,0,0,0,0,0,0,0,0,0,0,0,0,0,0,0,0,0,0,0,0,0,0,0,0,0,0,0,0,0
2193,0,0,0,0,0,0,0,0,0,0,0,0,0,0,0,0,0,0,0,0,0,0,0,0,0,0,0,0,0,0,0,0,0,0,0,0,0,0,0,0,0,0,0,0,0,0,0,0,0,0,0,0,0,0,0,0,0,0,0,0,0,0,0,0,0,0,0,0,0,0,0,0,0,0,0,0,0,0,0,0,0,0,0,0,0,0,0,0,0,0,0,0,0,0,0,0,0,0,0,0,0,0,0,0,0,0,0,0,0,0,0,0,0,0,0,0,0,0,0,0,0,0,0,0,0,0,0,0,0,0,0,0,0,0,0,0,0,0,0,0,0,0,0,0,0,0,0,0,0,0,0,0,0,0,0,0,0,0,0,0,0,0,0,0,0,0,0,0,0,0,0,0,0,0,0,0,0,0,0,0,0,0,0,0,0,0,0,0,0,0,0,0,0,0,0,0,0,0,0,0
2194,102287.8826828126,33609.8920748944,69941.8035401894,119664.2474569649,48899.3915211399,107611.8793606117,37550.3277461693,58412.4887546568,126822.1471024896,12345.3505651726,86306.7866803751,37289.0967158982,72022.5729132924,40003.6139901804,76683.0916717545,15920.0066970640,102652.5165021552,47001.2112042622,14286.0803053277,88164.1838454233,23148.8374225601,26201.2101227753,34998.2909792867,70137.2265441410,56510.3572894029,117568.4205062182,63438.2653756461,89698.5433079909,30065.0788675725,92867.2652340338,71608.1298338696,29646.6410863714,87118.0687102069,102075.5353568238,82670.9168691498,66814.7545465681,85583.3453626418,25835.6637901107,62614.3861295053,9508.8975470673,24553.5418752666,115614.1970140562,41512.9097165021,47270.4406910938,46770.0426700595,18660.6196506898,103541.8018517807,116308.3696100649,13893.9841433924,74477.8204972024,6295.2906102938,32461.7298388353,58743.1662597189,99200.2240237680,55144.8443864250,24002.4874081327,59669.5717889476,52534.6094070064,71616.6466174459,37017.0430989125,93896.2132155813,66854.7617718064,20343.4154830626,100967.1703251352,77445.4713584108,57626.7042294525,15651.5925686379,85311.5052286445,96068.5923466787,110801.1957662054,79357.8973235577,28117.2710245029,80643.2340230988,42564.7603999072,93990.1868845164,53502.7827593869,26857.2558684902,109948.2701605344,36125.4084374434,93104.0170298977,8471.1005729225,108130.9321196432,32802.5443393312,78079.2932875392,63291.5049434331,110613.6385828896,19948.8935079450,86985.0023011980,58304.2364211523,64616.8318918789,77842.3606290628,76949.3471820831,99784.7895958206,77577.1579456528,49984.7750909510,21470.9397794932,91690.8901762601,83906.0752351964,15648.5346020145,66600.2629771814,37766.0247832064,32295.1690641441,26195.7287973270,50637.1987980961,91669.7422875062,29416.2886526746,65781.7517090238,95115.2065100196,19256.1062245561,50210.9698163439,101339.4123557523,85100.0432096713,118064.6396374481,42437.0526708085,12163.2363559148,84669.5983598296,41762.3281933849,36646.0920532598,70701.2663742294,7883.7814908477,54157.0403781233,32875.2125046386,96741.9353848267,13049.3012904928,20019.8640293707,18778.8975182334,15788.3796139418,7587.9080853776,100203.4633552005,61477.0326806580,64488.3717988117,9469.0012318659,19654.6545148373,58779.4603500317,111046.9190583188,26425.1007890108,78463.7695705582,30103.1684101924,116348.0165709488,57804.6170597115,63866.3287240705,58691.5527261759,50909.1525470597,71377.5868295299,68647.2698786622,47801.3523900231,26108.9394374677,13659.8687979616,26307.4370301889,108890.2727604845,1878.5645990480,73676.7802038182,55186.5924791893,94613.5716517828,92371.9409042524,82544.5796858807,80625.3766770080,53859.6461837650,60925.6110362389,38629.2611626520,43664.3940888848,27566.9484370306,100697.0475122241,58865.0622458613,121354.8707483459,52453.8366317337,47266.5358258680,86007.9448530942,74401.2288541780,102617.9025913254,72184.4922660706,24007.6300723428,74507.6587026392,71119.6706500057,76873.0150909674,88035.8627918527,36024.2906827589,105963.8391013946,84065.3014743294,38613.1165168269,91280.4700730278,57204.0617225347,91012.2631178051,83313.3097278811,65240.8858247475,102873.5380506807,28919.8538758633,96840.7583917990,97322.2112494109,100295.4485034890,82004.0603846765,69985.1025237735,74654.4247222489,42111.0096367863,110632.0347303561,82844.3601695837,24200.3158366558,77623.7320121278,62651.2067936909,52925.3394566900
2195,103091.4424800387,32507.3708566644,71062.8396111401,119758.7864311690,49042.5901909756,108739.2256505241,38038.4959590228,59441.6273228125,127316.5114646385,13310.4212239412,86640.1327026099,36410.0342943389,72724.0359768464,41162.3463907094,77837.5450604506,15618.6003026367,103216.0039607350,47715.7666212966,13238.2214087673,89255.1834930353,24133.9188020156,26216.5088903762,36043.0511230215,70269.1918668263,57664.9379178543,118244.4493874209,63868.8656782457,90389.8584021449,30746.3562195793,94016.4798285288,72706.4229423383,28506.6854665385,87961.8932208071,102479.7538106419,83192.6554518067,67977.3288656763,85720.6701527508,26998.9091933107,63462.4614062382,10349.6655109528,24883.3538659593,116042.2248094969,41940.6350450443,48379.3027663038,47711.4522308686,17569.2177013412,104232.9654824711,116868.6986760078,13725.9143820657,74785.3895671367,4586.5119802903,33248.4827317192,59357.0732076644,100275.3596093489,56305.4784444967,24986.6110604671,59881.8367768841,52930.6629456073,72159.5952397520,37079.0999722204,94392.3349734051,67996.1067564566,20843.3190436468,101852.9037097946,78254.6752000181,58736.9711591973,16810.6684467142,86473.4156840642,97185.3418922245,111551.4977644544,80419.5456610823,27153.8168353570,81282.6629193312,43719.6316627139,94591.3093851125,54334.8747045051,25700.7059739490,110581.3935799787,36980.7790544555,93877.5084791026,8945.3494175900,109231.0915646628,33196.4997546296,78502.6545814659,64019.1387499276,111108.4728462255,20647.6550708823,88109.7141055255,59242.0205070910,65777.6361520010,78966.4884807563,78113.1166935491,100923.1882817198,77769.1572986308,50546.0441066114,20325.6326624963,91898.3885303115,85052.7603282662,15957.1197670225,66887.2055796398,38385.8977408934,33446.4217004788,25150.0464869555,51663.0239664608,92080.8929908549,30530.5100146101,66849.5136534047,95962.5614790942,20373.8148789383,51373.4685085369,101828.1475278939,85852.7428008721,118558.2894547364,43477.5687798961,11006.9613013812,84906.4761322763,41987.1104417297,37772.1082043004,71127.2418184685,9047.4804007196,54875.2850871957,34036.7167446461,97409.2490439508,13479.9391155117,19120.8304457551,19611.7388665564,16786.8282033370,7482.4628076695,100949.3803685318,62632.4894516185,65040.5731086716,9411.0140158386,19744.6428651529,59125.2415376292,111736.6761440451,26757.2702038302,79181.7357031459,31020.1212917402,116970.2127954878,58293.4958809156,63969.9604677786,59855.2735109129,52052.8139288814,72538.0220953069,69420.9558174888,48104.2857846335,26737.0531900846,12986.4376730039,27444.2457252986,109455.7823410057,1694.6655340647,74817.0514156314,55314.1114895877,95707.5633163868,93505.9419702518,83646.0384866859,80924.4095135753,54133.1261544419,62061.0732735307,39600.0780401768,44270.2367255052,28441.4079555562,101322.0936251625,59652.8596203163,121502.7395471031,53377.9306450683,47716.3953131167,86621.8735901495,75013.3780641080,103737.2804118185,72403.8256708622,24752.6181509641,75551.8392785992,72283.6778111631,77369.0950449985,89192.3933502432,36252.6776930847,106732.4793385423,84751.7368090536,39776.4749919757,91832.0754337734,58277.8639161028,92123.3986815345,83768.4956238011,65435.2687319057,103972.9229571140,29957.8150494202,97259.0621640517,97860.7094940543,101137.9050554900,82375.9516610623,71107.2901979790,75414.9940983284,43219.8939267576,111746.8390894822,83661.7167758764,25297.7239296556,78719.3412546119,63757.3537484825,54023.2698781578
2196,103466.3169885065,31781.7913840583,72014.5455187678,119496.9025894789,48831.3225680230,109520.0660262639,38739.3043989094,60077.6750727527,127392.0554371568,13898.8897439367,86577.9883880936,35516.0228764842,72999.3237026088,42083.7373264533,78680.3761864885,15781.7066633400,103356.4420053261,48009.9147165602,12287.4155617160,89975.4722978744,25074.9702057912,25920.5540711937,36704.1615916877,70042.8700014179,58508.7508233597,118490.4099256044,63895.1190838382,90652.9433936371,31018.0365078992,94844.5710748054,73438.8454192243,27563.1240478222,88380.3218354546,102477.0902391156,83296.9734224588,68886.1211969097,85496.1661796523,27881.0375543678,63888.5269558613,11250.6417029509,25493.3943908128,116059.3466209787,41972.3465196123,49130.7006867103,48243.5183673318,16871.3315844181,104494.6490264712,117005.1620714695,13319.7668031824,74703.1274554100,3942.0956386971,34112.7074674886,59551.1008370907,100971.5376745198,57221.7968133280,25578.4891767989,59723.2712639309,52929.8408352360,72285.0135855038,36809.3344555706,94472.0858423914,68806.3724927321,20962.1189471174,102315.6092792467,78637.7310376808,59489.6792253115,17731.9024160609,87344.5836766333,97947.2665857082,111871.3320527813,81097.4110328768,26226.1249718581,81496.7836659879,44565.0433649474,94767.6396071903,54745.9601160103,24858.0063641385,110786.6059910737,37422.4607628071,94222.1859000565,8956.8451045647,109965.0736316308,33204.8951791800,78519.6899929801,64321.7540056533,111185.5373924920,21474.9164937740,88886.1503872871,59767.5389400168,66643.5610884094,79742.1672641639,78999.1906515521,101726.1968539022,77590.1748633930,50693.8137405913,19386.2120631411,91730.1684911498,85874.7548810733,16568.6230954282,66789.0870759308,38593.7953742550,34379.7808739664,24516.5884631222,52295.9416263908,92085.3754447909,31293.9763255214,67536.9351551885,96384.0805140195,21147.1600405425,52248.8194839113,101900.5018552551,86177.1518763965,118633.7441618782,44131.1254331484,10172.6440343118,84763.3876163328,41845.9161184467,38554.4659452002,71147.8658250722,9938.8297899594,55170.7844127439,34907.3571703378,97648.3359071712,13563.2727172491,18222.1828453721,20046.8494630934,17732.2179788626,5736.6345528173,101265.5640153320,63559.9853643118,65175.9010899387,9805.3623477212,19520.1365946772,59079.0492484493,111996.4347734035,26719.7315919587,79472.3140265718,31531.5214711881,117164.5978421154,58373.0102116192,63722.3108440089,60740.9154575189,52869.0394963729,73402.1355985625,69768.7737273707,48025.4519622040,27523.5658678574,12222.3731271996,28389.2527062604,109597.5796080752,3413.9845352873,75624.7310918263,55087.9557582780,96432.2292241851,94300.0517619298,84382.9418482272,80833.9197945659,54027.1880962612,62859.2518231385,40168.6044299043,44461.8918931222,29344.6157415678,101520.3673314246,60016.8849443522,121283.3892344618,53889.0244770845,47764.8059289076,86811.1376486294,75202.5784830803,104503.6596389182,72248.2358904654,25092.3856444719,76206.1355296930,73177.2064740875,77451.0373479745,90041.5303349617,36118.2041493523,107071.2058077183,85010.6927761258,40658.7238005558,91962.6654439724,58974.6985026149,92875.8616901308,83812.8852393776,65260.6206090060,104705.8105368885,30612.4411155213,97269.2532458382,97978.6316022946,101553.8186976072,82347.5232748532,71879.7898116632,75748.6254327771,43972.0109906770,112505.0381097195,84052.6533077572,26036.5591098434,79447.2349176030,64502.9143402527,54756.5760706887
2197,0,0,0,0,0,0,0,0,0,0,0,0,0,0,0,0,0,0,0,0,0,0,0,0,0,0,0,0,0,0,0,0,0,0,0,0,0,0,0,0,0,0,0,0,0,0,0,0,0,0,0,0,0,0,0,0,0,0,0,0,0,0,0,0,0,0,0,0,0,0,0,0,0,0,0,0,0,0,0,0,0,0,0,0,0,0,0,0,0,0,0,0,0,0,0,0,0,0,0,0,0,0,0,0,0,0,0,0,0,0,0,0,0,0,0,0,0,0,0,0,0,0,0,0,0,0,0,0,0,0,0,0,0,0,0,0,0,0,0,0,0,0,0,0,0,0,0,0,0,0,0,0,0,0,0,0,0,0,0,0,0,0,0,0,0,0,0,0,0,0,0,0,0,0,0,0,0,0,0,0,0,0,0,0,0,0,0,0,0,0,0,0,0,0,0,0,0,0,0,0
2198,0,0,0,0,0,0,0,0,0,0,0,0,0,0,0,0,0,0,0,0,0,0,0,0,0,0,0,0,0,0,0,0,0,0,0,0,0,0,0,0,0,0,0,0,0,0,0,0,0,0,0,0,0,0,0,0,0,0,0,0,0,0,0,0,0,0,0,0,0,0,0,0,0,0,0,0,0,0,0,0,0,0,0,0,0,0,0,0,0,0,0,0,0,0,0,0,0,0,0,0,0,0,0,0,0,0,0,0,0,0,0,0,0,0,0,0,0,0,0,0,0,0,0,0,0,0,0,0,0,0,0,0,0,0,0,0,0,0,0,0,0,0,0,0,0,0,0,0,0,0,0,0,0,0,0,0,0,0,0,0,0,0,0,0,0,0,0,0,0,0,0,0,0,0,0,0,0,0,0,0,0,0,0,0,0,0,0,0,0,0,0,0,0,0,0,0,0,0,0,0
2199,0,0,0,0,0,0,0,0,0,0,0,0,0,0,0,0,0,0,0,0,0,0,0,0,0,0,0,0,0,0,0,0,0,0,0,0,0,0,0,0,0,0,0,0,0,0,0,0,0,0,0,0,0,0,0,0,0,0,0,0,0,0,0,0,0,0,0,0,0,0,0,0,0,0,0,0,0,0,0,0,0,0,0,0,0,0,0,0,0,0,0,0,0,0,0,0,0,0,0,0,0,0,0,0,0,0,0,0,0,0,0,0,0,0,0,0,0,0,0,0,0,0,0,0,0,0,0,0,0,0,0,0,0,0,0,0,0,0,0,0,0,0,0,0,0,0,0,0,0,0,0,0,0,0,0,0,0,0,0,0,0,0,0,0,0,0,0,0,0,0,0,0,0,0,0,0,0,0,0,0,0,0,0,0,0,0,0,0,0,0,0,0,0,0,0,0,0,0,0,0
2200,0,0,0,0,0,0,0,0,0,0,0,0,0,0,0,0,0,0,0,0,0,0,0,0,0,0,0,0,0,0,0,0,0,0,0,0,0,0,0,0,0,0,0,0,0,0,0,0,0,0,0,0,0,0,0,0,0,0,0,0,0,0,0,0,0,0,0,0,0,0,0,0,0,0,0,0,0,0,0,0,0,0,0,0,0,0,0,0,0,0,0,0,0,0,0,0,0,0,0,0,0,0,0,0,0,0,0,0,0,0,0,0,0,0,0,0,0,0,0,0,0,0,0,0,0,0,0,0,0,0,0,0,0,0,0,0,0,0,0,0,0,0,0,0,0,0,0,0,0,0,0,0,0,0,0,0,0,0,0,0,0,0,0,0,0,0,0,0,0,0,0,0,0,0,0,0,0,0,0,0,0,0,0,0,0,0,0,0,0,0,0,0,0,0,0,0,0,0,0,0
2201,107548.7706504425,28456.3918567878,73544.6677820660,123072.7838180970,52542.3902400193,112706.3852052257,37006.9307224973,63773.4385900623,131457.9164956564,17729.8399794293,90508.1257365893,36200.7957053908,77122.8388024680,44296.2646517974,81539.0530067258,13478.3839758155,107461.0915131453,52128.7401531165,12372.4182322313,93412.7022873924,25747.8746922921,29508.5153579194,40346.2575628573,73709.7631775609,61376.7946278085,122617.0821748958,67926.1260301164,94778.3411712965,35141.0501932244,97786.7756833978,76836.7176908648,26142.1306772852,92428.2709823741,106474.7798634019,87383.8331177604,71202.7943863021,89160.0428952355,30546.5648278535,67929.2778913950,11712.4262388813,23387.2937217469,120076.0002884961,46014.0907974287,52469.4594540696,52151.1784597396,13503.2843270794,108620.2579438019,121107.6790825735,16763.6717528513,78609.1426209975,147.0996775144,33626.2633291174,63673.8848094398,104488.3572543654,59465.4412741496,29387.9012137557,63519.4838782311,56938.0165859899,76383.9341635329,40421.5731421801,98542.4699535645,71861.3771148880,25067.8938045178,106317.3559299388,82714.2718931261,62815.8358797699,20108.1935400563,89997.0584371769,101220.6326593182,115982.8534149021,84674.4888673586,26513.6238191685,85622.2112302175,47441.6280725815,98885.4836770974,58800.1361234391,22221.6818818947,114910.6297474789,41447.8317674859,98322.3959889963,10273.4893449613,113348.2690198699,37231.1342475096,82539.8155351132,68438.5997541774,115253.1464013080,20814.7955169979,92098.2060236034,63684.3821763494,69350.9469859219,82960.8882584875,81532.6043445387,104805.3372388437,81343.1278012687,54804.0434742220,17981.5943864966,95497.8776872339,88856.1130135294,14652.1074881334,70675.4260651044,42719.2625773095,36446.4718902563,20882.3316243124,56001.6966865341,96091.4986956007,34608.6124317706,71088.5735084296,100429.2104652416,24453.1269361637,54900.5005418903,105965.1608758929,90286.5951487803,122699.8716755213,47788.2763376660,15600.8198867259,88575.5260844830,45683.2227071579,41775.9003094634,75172.4628224723,12759.5307953746,59289.4659200029,37633.3734911746,101775.0918852794,17661.1548746564,19080.5747743211,24078.3845514575,18648.0326467242,8207.0113808206,105378.3707313694,65642.5719824640,69279.9116133680,12558.4432644025,23273.2310008234,63035.7550139374,116122.2576435059,30707.9657118513,83592.7120296374,35472.9910822970,121286.5959977777,62446.6566783163,67349.5777479279,63295.3072220130,55905.2271218222,76117.4342995433,73866.9811233507,51946.4903595803,26446.0541237055,14376.3472795848,30263.9532541861,113702.6709602172,6957.7137707856,78689.5078093318,58764.9518809196,99852.3938377163,97426.5633831109,87760.5521558639,84727.0267306146,57907.8999758793,65980.3579796379,44015.1857662854,48584.7861275076,29340.5796852569,105643.2687807200,64105.6532250062,124948.6216668509,57828.1893072114,51818.0872792857,90932.3774857343,79324.0141593782,107756.3052717774,76043.6720307260,29192.1048860719,79850.9934919790,75646.9042142749,81524.1574312178,92852.7628988571,39972.0887481693,111174.4995850473,89136.4886043095,43277.2399524977,96063.1365660515,62500.1365734684,96189.9463521377,87856.8901607231,69026.4775662804,108094.0424608978,34276.9304238634,101280.5744449508,102072.4294292041,105604.0904875710,86319.4401850369,75116.0770575610,79853.9202214661,47312.8240802757,115791.1157974564,88123.4685445450,29455.8500702889,82859.8079605619,67854.5891037239,58159.9687790811
2202,0,0,0,0,0,0,0,0,0,0,0,0,0,0,0,0,0,0,0,0,0,0,0,0,0,0,0,0,0,0,0,0,0,0,0,0,0,0,0,0,0,0,0,0,0,0,0,0,0,0,0,0,0,0,0,0,0,0,0,0,0,0,0,0,0,0,0,0,0,0,0,0,0,0,0,0,0,0,0,0,0,0,0,0,0,0,0,0,0,0,0,0,0,0,0,0,0,0,0,0,0,0,0,0,0,0,0,0,0,0,0,0,0,0,0,0,0,0,0,0,0,0,0,0,0,0,0,0,0,0,0,0,0,0,0,0,0,0,0,0,0,0,0,0,0,0,0,0,0,0,0,0,0,0,0,0,0,0,0,0,0,0,0,0,0,0,0,0,0,0,0,0,0,0,0,0,0,0,0,0,0,0,0,0,0,0,0,0,0,0,0,0,0,0,0,0,0,0,0,0
2203,0,0,0,0,0,0,0,0,0,0,0,0,0,0,0,0,0,0,0,0,0,0,0,0,0,0,0,0,0,0,0,0,0,0,0,0,0,0,0,0,0,0,0,0,0,0,0,0,0,0,0,0,0,0,0,0,0,0,0,0,0,0,0,0,0,0,0,0,0,0,0,0,0,0,0,0,0,0,0,0,0,0,0,0,0,0,0,0,0,0,0,0,0,0,0,0,0,0,0,0,0,0,0,0,0,0,0,0,0,0,0,0,0,0,0,0,0,0,0,0,0,0,0,0,0,0,0,0,0,0,0,0,0,0,0,0,0,0,0,0,0,0,0,0,0,0,0,0,0,0,0,0,0,0,0,0,0,0,0,0,0,0,0,0,0,0,0,0,0,0,0,0,0,0,0,0,0,0,0,0,0,0,0,0,0,0,0,0,0,0,0,0,0,0,0,0,0,0,0,0
2204,107128.6272867207,28608.6227764659,73691.1536514122,122478.4878863145,51956.4290129447,112562.3916406555,37522.9747351886,63501.1387940937,130926.1056372731,17404.8494676660,89944.1353358060,35743.6811909287,76660.2350316156,44326.1795092636,81460.6013269098,12818.8067086827,106949.3957649043,51674.7359125606,11933.6799108658,93209.9631282544,25990.2358717901,28917.3599700793,40085.1957906413,73120.3583302504,61293.5836791943,122142.0334467171,67383.8834560398,94310.4526208566,34680.1506856367,97693.1475900925,76642.2488539377,25931.0065252698,92029.1273570759,105923.3211060022,86861.7792699573,71222.4688603966,88570.2012794380,30488.8513054546,67533.6377382472,11936.3153443319,23926.0083449206,119528.9438366546,45476.0607049880,52285.4995414943,51811.1149546935,13648.1168824845,108151.5362253328,120594.3622207315,16169.7568076510,78041.7722426360,0.0000000000,34018.5444989947,63181.9918870352,104266.4026129567,59495.2039543656,29076.2452790396,62939.8945397174,56390.2597794318,75868.8494776071,39830.5362829523,98012.8036560170,71742.1704008988,24560.7203167849,105941.2716581055,82298.0073490515,62636.4929141561,20086.2977687183,89958.9286065057,101056.6843022715,115537.9327726401,84436.0015256463,26088.2328806986,85136.2342073791,47353.2635458855,98385.8515397721,58397.0525532515,22214.5801950352,114420.6343088863,41058.9142091861,97888.5135746140,9794.2831907450,113159.4641621695,36689.4439791630,81994.2245071126,67987.2776512965,114722.1663782332,21211.6105833878,91947.3655048783,63341.7231167875,69299.9588582205,82807.8654034187,81515.4442276705,104683.9438755771,80759.3694374506,54297.7199771521,17752.3972820293,94915.0690178931,88753.8385219272,15163.5465014058,70105.5761040693,42234.3731576429,36496.0543560258,21114.0464414862,55725.7772320397,95542.1535815167,34424.5204204200,70855.7025547739,100031.6711656924,24263.8915044036,54856.9324057580,105433.1420856103,89843.9387450956,122168.2392413735,47524.7018326676,15360.1949645142,87996.8275548618,45108.6776694192,41615.1203476385,74628.2380337658,12636.5957901263,58835.6161355293,37569.4608070707,101297.8279096952,17151.1672987073,18590.4878285686,23684.5277918686,18842.8027684912,7611.4207250974,104931.9953737528,65700.6799319158,68768.3678124407,13688.3314287272,22693.9259288180,62477.0143407057,115652.6550380281,30158.1099327661,83136.0491914019,35118.6482166644,120792.6316820783,61919.1490955515,66758.1990983961,63271.4744257213,55787.2511557624,76065.9402209262,73434.7556577174,51382.3541897950,26894.9901061877,13795.2842280416,30338.9332024509,113191.2359137726,6838.8155943558,78569.0631112574,58176.5451124015,99654.1305745776,97294.6521876942,87571.7209008573,84157.7241726616,57337.7937015066,65846.4941911661,43695.1086762479,48093.5446734907,29673.2160796900,105151.0277506937,63680.7621650785,124358.5015937328,57476.8385169719,51283.3991497110,90437.4416038628,78829.5379276605,107597.3680421478,75463.6475250736,28758.2536299958,79594.0577122373,75640.4184497751,80995.9112334993,92784.6710265299,39399.8981612598,110737.8726138406,88667.1365134049,43235.8449099331,95548.7137812653,62273.0557568624,96016.4312576925,87318.0187623606,68444.0519515840,107903.8174706040,34008.1282462381,100732.4098370858,101553.8784190687,105203.7784184941,85762.8954126752,74958.4277883537,79415.4015301318,47127.2449780544,115624.9890002392,87710.9248754066,29245.3600376839,82662.3244764057,67670.0283304694,57962.0200394846
2205,0,0,0,0,0,0,0,0,0,0,0,0,0,0,0,0,0,0,0,0,0,0,0,0,0,0,0,0,0,0,0,0,0,0,0,0,0,0,0,0,0,0,0,0,0,0,0,0,0,0,0,0,0,0,0,0,0,0,0,0,0,0,0,0,0,0,0,0,0,0,0,0,0,0,0,0,0,0,0,0,0,0,0,0,0,0,0,0,0,0,0,0,0,0,0,0,0,0,0,0,0,0,0,0,0,0,0,0,0,0,0,0,0,0,0,0,0,0,0,0,0,0,0,0,0,0,0,0,0,0,0,0,0,0,0,0,0,0,0,0,0,0,0,0,0,0,0,0,0,0,0,0,0,0,0,0,0,0,0,0,0,0,0,0,0,0,0,0,0,0,0,0,0,0,0,0,0,0,0,0,0,0,0,0,0,0,0,0,0,0,0,0,0,0,0,0,0,0,0,0
2206,0,0,0,0,0,0,0,0,0,0,0,0,0,0,0,0,0,0,0,0,0,0,0,0,0,0,0,0,0,0,0,0,0,0,0,0,0,0,0,0,0,0,0,0,0,0,0,0,0,0,0,0,0,0,0,0,0,0,0,0,0,0,0,0,0,0,0,0,0,0,0,0,0,0,0,0,0,0,0,0,0,0,0,0,0,0,0,0,0,0,0,0,0,0,0,0,0,0,0,0,0,0,0,0,0,0,0,0,0,0,0,0,0,0,0,0,0,0,0,0,0,0,0,0,0,0,0,0,0,0,0,0,0,0,0,0,0,0,0,0,0,0,0,0,0,0,0,0,0,0,0,0,0,0,0,0,0,0,0,0,0,0,0,0,0,0,0,0,0,0,0,0,0,0,0,0,0,0,0,0,0,0,0,0,0,0,0,0,0,0,0,0,0,0,0,0,0,0,0,0
2207,0,0,0,0,0,0,0,0,0,0,0,0,0,0,0,0,0,0,0,0,0,0,0,0,0,0,0,0,0,0,0,0,0,0,0,0,0,0,0,0,0,0,0,0,0,0,0,0,0,0,0,0,0,0,0,0,0,0,0,0,0,0,0,0,0,0,0,0,0,0,0,0,0,0,0,0,0,0,0,0,0,0,0,0,0,0,0,0,0,0,0,0,0,0,0,0,0,0,0,0,0,0,0,0,0,0,0,0,0,0,0,0,0,0,0,0,0,0,0,0,0,0,0,0,0,0,0,0,0,0,0,0,0,0,0,0,0,0,0,0,0,0,0,0,0,0,0,0,0,0,0,0,0,0,0,0,0,0,0,0,0,0,0,0,0,0,0,0,0,0,0,0,0,0,0,0,0,0,0,0,0,0,0,0,0,0,0,0,0,0,0,0,0,0,0,0,0,0,0,0
2208,98007.3552099286,35535.2702655383,73306.2050746136,112569.4334222150,41900.7918634695,107164.7151682087,44650.0536603323,56448.1555642991,120828.5918894483,11202.1331641493,79762.4408263690,32094.1834197013,67126.3209273113,42436.3238370980,77238.5225147833,22711.4381195576,96974.8641451558,42289.7409997052,11886.1241325166,87003.8885101729,28558.7816593633,19005.5660877934,33528.5935230374,63110.2847157695,57191.7994703582,112456.1762087924,57245.6833972850,84706.4625906826,25319.6975081383,93134.1534252315,70648.5030200967,27941.3428739538,83169.1769503790,95753.7964155509,76824.3543159100,68696.0606815707,78563.6036608402,27683.6765230215,58778.8588633521,16058.9443694242,31828.6815240490,109370.7155226283,35363.1478117801,46704.1697074405,43889.5100516645,21262.8461117515,98530.3260495684,110606.1464217601,8074.9266266266,67863.6242662241,10182.2114011853,38810.4827121585,53388.1999564431,97737.8480625723,57287.2641708003,22068.1948074121,52814.1002698670,46233.4314869729,65880.9060076737,29882.6915619910,87929.4142972963,66950.6680351423,14762.1576526953,97334.7121067332,73256.5616933519,56992.7615440781,18859.6084048118,86328.8157682026,95398.2991595293,106145.3165574370,77745.2098084626,23797.5064744732,75373.4285781620,43408.3139023814,88502.6497638040,49588.2623100469,27499.9911817172,104608.9272234373,32573.5975194077,88627.3281906924,3196.5138123204,107088.4925531083,26563.5255269309,71842.1897888709,58585.0323581890,104630.0638252704,26687.3046712638,86528.7171028915,55296.7392095620,65627.5557320567,77406.4412292551,78285.7894035294,99661.2258595587,70668.5711390032,44392.4483107252,20297.7592979009,84813.0632489267,84106.3879369356,22941.8405985089,59932.5431435746,32554.9217810139,35209.9960956553,29120.8972301813,48691.6089786335,85378.1157988528,29294.0082101558,64326.9318377455,91177.5103937181,19665.7044653281,51501.4803903994,95336.6920971249,80498.6334914615,112072.2295410913,40783.3232985281,13884.7297235832,77862.3015560894,34954.0907565784,36627.9502882566,64481.5879167023,11438.7357218893,49428.4866351707,34320.1561449875,91602.0750827016,7478.2649605002,15453.1987886000,15581.8898675008,21311.5952424480,7638.2680330741,95532.5638594412,63885.3220327744,58809.5092084193,16627.0415262800,12590.2986352247,52296.3600850786,106019.2569590615,20000.8942385915,73653.7305707497,27237.8879441414,110946.7266669819,51856.8878921453,56791.0235912834,60115.5015189395,51202.3209032741,72320.7655424774,64230.2070271156,41200.6990971715,32976.9575656290,9728.5747786600,29795.5680581488,103217.1350574123,9683.4878640097,73702.7561481843,48155.4466203424,93488.3819179052,92141.2442735494,81599.2679698370,73983.2519406095,47165.6556929931,60880.5079767504,36163.2773293942,38332.8276146722,33571.2508162102,95324.3057099686,54586.4667276287,114351.0131964979,49351.7506852511,41185.1186087221,80595.3762846314,68998.4252645490,101990.2465676289,65339.6176153867,19848.9006492437,72660.2933338814,72635.9473818672,70923.3138213154,88655.9629954859,29235.5922868452,101434.9856890109,79053.9161143917,40176.1046994419,85558.4323011697,55902.2742752481,90234.6486402376,77191.4221795139,58341.7585204719,101828.1014909057,27503.6284431726,90571.4785762071,91535.0700928789,96309.9411325269,75584.4428023992,69539.4482688016,70129.6848670956,41611.5545604226,109883.8803465238,78702.2303580475,23921.7860335945,76586.3453640628,61896.5187730046,52083.4755264001
2209,98748.9154688435,34616.6444129114,74454.9562846934,112517.7143016377,41937.6815125006,108281.3380898094,45244.0480767773,57479.7063448814,121212.7130736396,12370.1864320036,79984.5944161017,31019.9819222278,67776.7642872817,43605.5224192063,78398.6778741404,22724.5563999331,97445.8552641975,42999.7523859101,10746.9591039137,88082.3234259411,29521.5795888380,18932.8587658465,34618.6678381062,63115.1797154321,58358.2089530930,113046.4704289631,57598.1942994651,85329.2893714284,26068.1318612710,94283.3234899451,71744.1032994880,26785.2200107667,83966.1262360853,96047.1019225734,77261.1912695268,69873.8624341587,78567.2175347084,28857.2694816207,59606.3332384060,16792.1301555315,32285.0196356096,109685.0668460720,35757.3995750549,47831.3312188945,44847.7814591458,20485.6569951739,99144.2948113029,111067.3923027716,7754.3238255303,68064.5743912055,10022.9502435106,39637.6302790600,53957.9882968964,98792.8830750331,58463.0518043308,23153.4711760154,52919.1302243477,46562.8104556813,66352.0683564014,29840.5103751865,88329.7139498055,68097.8845741047,15411.1204428656,98170.2493789250,74022.7643737024,58111.4576926103,19974.2239296479,87498.8087976816,96504.7229645778,106822.2810031604,78794.3324672321,22648.1265735006,75944.9846850387,44580.6425009317,89020.9017690955,50413.6863439848,26484.3111475379,105154.4100038074,33475.3374306619,89340.5171801451,2261.9627074799,108170.7406278429,26953.8331012275,72171.4815457189,59276.4928436163,105020.5953901214,27405.9779108722,87648.0171648980,56229.6102364664,66799.1686582903,78528.6237077935,79460.9787012101,100794.1830243242,70736.9683477595,44919.6108611690,19180.6314185289,84892.1725416295,85254.3263754284,23371.4041962224,60116.6708775669,33189.8701232392,36363.0539636745,28338.0965477043,49730.5474174760,85684.4167089521,30451.4591368546,65392.8059616312,91972.9268301533,20841.9428203050,52677.9136351815,95724.6637679742,81194.2837983119,112458.5275277110,41851.8993986571,13094.8423401511,77977.2822981109,35102.3151925249,37782.8571040280,64820.5334580935,12474.5440953628,50125.4607315612,35498.0437897677,92193.1164890277,8270.2472894757,14301.4810302438,16598.0649890870,22240.2458256867,6489.8603460207,96210.1523735655,65058.3524824582,59299.9496371681,16839.3186207674,12675.7909668936,52557.1776658534,106627.8629717709,20357.1087286610,74316.0478942743,28230.0182435726,111477.1379881999,52284.7654992431,56767.5755365282,61292.3737824712,52360.1711700737,73490.5065042723,64966.1785026464,41429.5391244049,33662.6916560650,7455.1769780509,30919.2545070873,103687.3462089451,10274.2917614957,74845.9345048682,48166.5685701792,94567.6862924440,93270.4209034805,82692.5913989053,74170.2832258845,47349.2019978416,62023.9993911055,37173.1301082610,38929.1189140107,34457.1913246984,95865.4540203586,55352.6418699961,114356.6436675311,50279.7041472990,41589.0741371085,81133.6691746208,69545.1516178083,103097.9851171118,65442.1951964156,20719.1183424755,73692.9606016075,73812.9297565288,71336.0296641184,89816.6382060460,29404.8951108923,102135.0701093329,79675.6165508945,41353.9872072995,86022.7212678807,56982.8142890972,91335.9524558159,77552.6381527247,58421.1017760263,102911.0107383114,28607.2269117740,90883.0001613551,91980.9332639130,97096.6963664432,75852.6531736384,70663.1267839669,70843.9324824808,42744.9994770257,110983.7145897860,79472.7205292029,25080.7658996080,77675.3752515379,63006.9021504263,53193.6570887413
2210,0,0,0,0,0,0,0,0,0,0,0,0,0,0,0,0,0,0,0,0,0,0,0,0,0,0,0,0,0,0,0,0,0,0,0,0,0,0,0,0,0,0,0,0,0,0,0,0,0,0,0,0,0,0,0,0,0,0,0,0,0,0,0,0,0,0,0,0,0,0,0,0,0,0,0,0,0,0,0,0,0,0,0,0,0,0,0,0,0,0,0,0,0,0,0,0,0,0,0,0,0,0,0,0,0,0,0,0,0,0,0,0,0,0,0,0,0,0,0,0,0,0,0,0,0,0,0,0,0,0,0,0,0,0,0,0,0,0,0,0,0,0,0,0,0,0,0,0,0,0,0,0,0,0,0,0,0,0,0,0,0,0,0,0,0,0,0,0,0,0,0,0,0,0,0,0,0,0,0,0,0,0,0,0,0,0,0,0,0,0,0,0,0,0,0,0,0,0,0,0
2211,94252.0724787547,38612.2599213353,77258.5813330345,105629.9034989751,35163.9921145742,107328.8482059944,51732.8865920095,55511.3182159762,115137.5224140298,14359.5113476702,73506.9467147614,27809.7555468174,62854.3162897308,45961.7741815829,78567.7022339325,29624.8265967826,91681.4625290170,38549.9077478350,13459.7419894454,86569.2193274908,34645.0678080278,13948.5189153159,33724.5862182931,56286.6491966524,58867.0684386696,107751.4379820408,51497.7253145894,80224.5101070714,22167.4622947100,94071.9187929090,70553.6981765090,27963.0278297704,79845.4698231570,89729.6303927239,71400.3395817651,71349.4106975558,71732.5266212940,31219.6501102644,55789.4673197681,23000.7749533817,39025.4815890807,103415.0569824281,29894.7925220272,47375.8039229496,42227.0864020942,25591.3439537803,93974.5784877034,105255.2485444422,287.1346901711,61550.7449044666,16850.1597257374,45403.0237162734,48698.9644629406,96932.9510179670,60305.6908654194,22559.4228344453,46236.8991639478,40424.2363380626,60638.1700321743,22988.7480484544,82330.7148896918,67937.3266608885,11484.9145438904,94278.3210082111,69735.1057438190,57398.6375919871,23940.2421903311,88031.9480276166,95401.1404603261,101954.7474330560,76922.7297904895,21091.3408039666,70622.0650178389,45503.0504017892,83448.6171764480,46645.4525231794,29816.6066171699,99673.6456865984,30529.1696704195,84698.4639056171,9625.7201091765,106660.2543987178,21178.0417730384,65975.0883917655,54607.5355201637,98975.4594745183,33600.3251264222,86799.7638235673,53268.5694694773,67503.3475737576,77768.4187932477,80349.1256621056,100180.9933489391,63984.7803275164,39520.0045310056,21529.4290897901,78149.6320808245,85038.5267376666,30148.1303233108,53575.8215124681,28438.7582761466,39316.3415457750,33262.1479540208,47918.2356065923,79409.1707675614,31025.6135460696,63803.6860275395,87822.8040644721,22619.1989315449,53836.2066962810,89678.9625680444,76473.2428329369,106395.1190257449,40517.9254907910,18406.6470737266,71293.0060878690,28538.8075877096,38125.5673982955,58663.8780837268,17467.3127582241,45540.4565226764,37229.5876210476,86927.5248991202,7016.2191225843,13433.0275935464,15577.0697054215,27636.8459059733,9730.0211980702,91361.7147429238,67065.4493934256,53680.7031397561,23765.3487876318,6852.7320942972,46208.2834149814,101423.4700779633,14596.0479340072,69434.9856043762,26280.2971877721,105928.1951907832,46452.8092040895,49912.5601863703,62443.2008692110,52610.6515259719,74063.8578790133,60528.0757000242,35030.0242278220,39935.2369042437,10436.4078010462,34514.5612115948,97913.9123436005,16841.0753277813,74551.3761181622,41353.4706944807,93047.6536530842,92598.2108890684,81420.0294413351,67621.8047232425,40827.5590015900,61806.3710649919,35196.0644938024,33902.5345608613,39973.8068963038,90377.5267791307,51149.9039910505,107518.2445741373,47323.9775467586,35720.9719574465,75656.4081152785,64128.9326652883,102000.1334836426,58744.9293415044,17969.5775604367,71643.2898422469,74914.9497857474,65401.9504061413,89963.2761356402,22916.2992954209,97397.7177971722,74577.2075411639,43003.5731535370,80247.4563337653,55655.9079409679,90161.9061016604,71443.5297809770,51692.4617414308,101421.9255388977,28084.7856910497,84617.5273465133,86132.0892738832,92880.0649706884,69487.6865125262,69967.6363935387,66256.8185484225,42482.3484999326,109737.1957404881,75194.9363207774,25870.7520057125,76356.4670668844,62110.4660772904,52368.1196904178
2212,87636.0639097962,45651.1824656403,69664.9673895996,104844.6961258227,34094.3438467829,98741.1723645390,49645.9907408543,47122.0751418998,111038.4776112673,8281.0056305024,70658.0475093975,35957.5545477296,56783.6372282171,38282.0704137743,69967.5104296334,31664.8840965449,86945.0855431932,31916.0393671729,21007.5814918514,78077.8826213124,30142.6508350194,13359.6800635254,25095.9707090432,55249.7693069117,50339.4443952783,102177.5602527272,47660.0127210900,74389.4537443333,14948.1189180796,85442.8802766299,61986.9575415495,36328.0761849761,72839.2639482197,86313.8448603650,66907.0425376884,63080.3617054607,70618.3739822969,23820.3694239076,48496.1861966158,21368.3845659427,38209.6807995769,99833.3429033457,25744.4558425246,38747.0680615125,34084.4699220622,31609.0948311657,88221.8056454976,100594.8871887302,8847.6611099068,58898.4686647914,20022.3878074577,41668.6192601970,43167.5545382244,88544.8321513752,52232.8347204700,13970.8273341806,44448.7321027962,36796.7116072867,55878.6821561635,22994.9569713326,78113.0607535867,59314.1933731032,3552.3854890291,87063.3084750034,62897.5053282270,48773.6684922023,18533.4899879290,79478.2189758089,86831.9170740621,95780.6647545772,68525.5781747240,29702.7158137945,65134.4473685331,37127.9819356912,78363.4693180282,39303.5035910298,37275.1515648008,94407.4893732086,22529.9256573026,78252.3368048846,10281.6118567155,98177.3435626908,17101.1486709088,62304.0920581629,48216.0144523751,94830.0444051486,31203.6810728053,78194.6666193434,45339.3082286887,59004.5785904462,69152.8341956154,71877.8122092611,91559.6373026130,62385.9386889563,34281.6014638542,29420.9307255961,76411.5466771089,76410.0812909995,29852.7921484574,51089.1597508404,22250.2721594242,32176.3528872475,39463.9465390229,39466.5132774504,75902.8123987776,22645.2218810373,55313.9363058063,80845.7035788595,15160.3532877953,45504.5488497760,85552.9460222350,70127.0738825315,102280.5389759955,31942.0057379351,24219.6492095499,69292.8945861872,26602.7644632177,29621.8756868860,54925.1419741258,14410.6347807839,39058.0695545116,29288.0161874876,81326.1780110440,952.5100799197,22026.2910864362,8980.6552896684,23971.3500321350,15095.1088654821,85167.9669875899,59045.6135543474,48765.3273770966,25004.6076852131,7026.8549884875,43126.6460871668,95716.4618216363,10996.4847966891,63300.2522234816,17793.3902422861,100773.2875627534,42017.2235275953,49164.1456447885,54080.7900797137,44045.5138612153,65528.8915652837,53856.8876980839,32288.0248915196,37497.5290805082,14972.7022711614,28093.1954893868,93186.0033951509,16977.2424339963,65922.0117188478,40411.5665851786,84561.3490781623,83979.4794890005,72874.1117946134,65062.2776729772,38423.2508870371,53182.1693729822,26760.8885060058,28082.7902749002,35926.2352977326,85134.1945278438,44227.0085171663,106282.9287855374,39381.0011567664,31480.0923857923,70417.4066662332,58810.2351974298,93432.0994542348,56895.5719208356,9750.7697441394,63302.1310893368,66510.5345167314,61089.5165583137,81356.3488653496,20922.9773415802,91061.8425433635,68739.3393872166,34949.9473850364,75554.2268858759,47100.4927348673,81602.3320206908,67523.1018778192,50075.7599109505,92931.7830184433,19475.2579163887,81067.4376648707,81577.2812364993,85968.6795025331,66286.8928743554,61345.4735495829,59754.7167817381,33867.7932836099,101197.5280007368,68346.3914178002,17667.5714405537,67816.5675782378,53500.6252826604,43747.4666751624
2213,0,0,0,0,0,0,0,0,0,0,0,0,0,0,0,0,0,0,0,0,0,0,0,0,0,0,0,0,0,0,0,0,0,0,0,0,0,0,0,0,0,0,0,0,0,0,0,0,0,0,0,0,0,0,0,0,0,0,0,0,0,0,0,0,0,0,0,0,0,0,0,0,0,0,0,0,0,0,0,0,0,0,0,0,0,0,0,0,0,0,0,0,0,0,0,0,0,0,0,0,0,0,0,0,0,0,0,0,0,0,0,0,0,0,0,0,0,0,0,0,0,0,0,0,0,0,0,0,0,0,0,0,0,0,0,0,0,0,0,0,0,0,0,0,0,0,0,0,0,0,0,0,0,0,0,0,0,0,0,0,0,0,0,0,0,0,0,0,0,0,0,0,0,0,0,0,0,0,0,0,0,0,0,0,0,0,0,0,0,0,0,0,0,0,0,0,0,0,0,0
2214,0,0,0,0,0,0,0,0,0,0,0,0,0,0,0,0,0,0,0,0,0,0,0,0,0,0,0,0,0,0,0,0,0,0,0,0,0,0,0,0,0,0,0,0,0,0,0,0,0,0,0,0,0,0,0,0,0,0,0,0,0,0,0,0,0,0,0,0,0,0,0,0,0,0,0,0,0,0,0,0,0,0,0,0,0,0,0,0,0,0,0,0,0,0,0,0,0,0,0,0,0,0,0,0,0,0,0,0,0,0,0,0,0,0,0,0,0,0,0,0,0,0,0,0,0,0,0,0,0,0,0,0,0,0,0,0,0,0,0,0,0,0,0,0,0,0,0,0,0,0,0,0,0,0,0,0,0,0,0,0,0,0,0,0,0,0,0,0,0,0,0,0,0,0,0,0,0,0,0,0,0,0,0,0,0,0,0,0,0,0,0,0,0,0,0,0,0,0,0,0
2215,58437.5744039578,106502.4929384522,35063.9256531646,120671.3411520137,73514.4018269818,34730.7410520345,75184.9024022138,22939.9838883299,100773.1397274725,61829.3533301352,81878.8379868204,100022.8342946802,50517.7809088320,37122.7039581115,8312.5450080539,82049.0638964111,77401.9722682029,47885.3087418929,84815.8020981353,18824.7578548898,59137.4489606919,72248.8021996648,39968.8159324177,83579.5553762940,17491.6297269190,80188.8790797608,64850.5484309757,59486.2537008082,54763.3838484412,20429.3396930315,10671.2595028125,100821.3544264025,45219.8059523539,87906.3239470405,67806.9504285904,19734.4944815102,92732.7387603719,47832.1566875012,37655.6976976996,68551.7090231577,75961.2576828488,96394.3863929067,60995.4443318237,26323.9137964857,35692.1355977915,91556.4899398483,68483.8656502300,87746.4896901340,73877.0513697563,76590.9593727240,77924.3685950211,63798.4032329276,53233.1408519086,30181.9333010568,25871.2971649571,51216.6230212937,74537.4125434123,63585.0687091886,61202.3054616103,72999.0148034298,76215.2413864841,9907.0434914039,63064.8035887949,50215.4800701891,43840.8099143044,16433.5639911407,58329.0902113173,17536.5301812016,23761.8691217139,69133.1513662725,16925.1453813385,94724.6975457053,58577.1758625202,30875.2158557665,68887.1725431364,39827.5114516806,99754.3302068328,77576.3871748945,45865.7776470474,54867.6446976690,70678.3268056964,36585.9696963963,62552.2477890880,71676.7325725589,46599.5463842558,88021.9370655447,67746.8173349708,14392.5810794765,30974.1047402316,12973.4241164063,2357.3493509493,15374.6931460720,26780.7220075385,84706.4483011714,55321.7146759330,93205.6424558560,92858.7728388611,11451.0597959499,74461.4481241271,73837.4120483544,54106.2017209397,44459.8724143691,98716.5093822462,28031.6112404437,80401.4057791215,43753.7696104617,15247.7852170682,49691.6085219342,53824.1970941983,24949.6229868455,81723.6884222227,52046.0972090558,93817.2161252200,33621.5885936092,85112.9819092666,86541.6263668077,68569.5784021980,36428.2460092842,67967.5455762282,65294.3455629008,46807.6358749650,40822.7209053785,65701.7217444884,67036.7348710151,87033.2589352629,58167.8517218301,62745.9296575794,77608.2587924825,61791.3006374846,25519.2240393709,58175.7225784852,76609.0089758994,70427.9492810044,67725.3413344954,74093.5842552681,64977.2486498915,51691.9729946147,47866.4952226057,83271.7564391164,60072.3756930905,81619.0747157970,19238.4435294038,22176.5896169152,10229.5007706005,44153.7253815361,66715.9623433485,69055.2476568848,79715.3908842568,50474.9382593178,81750.9682667416,71502.8821231107,1579.1162912836,76513.0519750640,24212.8885751313,19377.2316379936,12929.6219508308,80496.3378097919,69578.9721978374,12091.0108926695,39641.3657505145,53549.0979461929,61328.5151525832,71546.9456532542,42169.1696345983,118829.1646440026,34007.6087198956,60350.1217043342,63210.3578027463,57734.7767908384,30063.1666437122,80187.7395322601,56319.1292370381,17880.1262260865,15947.0489577281,66519.9638675692,17213.6816183464,67651.1703758526,64019.6102455795,56770.5924182093,35771.4250090800,70736.7054855707,19662.5639175658,19300.2902053173,72518.4368128774,77916.8885264432,31551.7735661933,45669.7841264087,83350.1584747367,75531.7083178940,53645.7036829973,76971.0852619093,3268.2519262357,46868.4412210556,31338.5912312500,38207.7831055445,45428.5626275929,49110.7824765383,15459.2182750698,12389.8247788464,21495.1824497992
2216,91281.6731532809,41591.1588768898,75057.1751202274,104288.1033725468,33570.7688368019,104243.6005713058,51808.2585557651,52361.9097376577,112783.1887262218,12534.0392709714,71478.9638500763,30294.5050891454,59978.4883732196,43694.2284560232,75658.8263657575,31046.3548132764,89143.5642712852,35536.7039250234,16491.1804560114,83438.8450687935,33722.2898356914,9660.0508237919,30715.6054566507,54792.7036049720,56050.2522867520,105012.5398047606,49148.5203212972,77412.4925342718,19038.5785837852,91088.3881926282,67456.7482274647,31127.9063484620,76799.9275491565,87552.7948856571,68908.9301158767,68744.0684314629,70244.7498780843,29063.4242946335,52691.0275244705,23029.6457937069,39510.3704402209,101200.2912879075,27375.6601830530,44399.5262158528,39060.9506701032,28270.1723798411,91188.3045413556,102744.6858359450,983.9494339422,59562.0574621528,18490.4265335120,44831.7175795459,45922.2943041735,93780.3094343370,57825.5644798631,19676.7696577437,44470.7840529083,38097.2274501095,58064.8178951324,21627.8730712819,79923.3534467960,64980.4292599155,8321.6860402179,91202.3978712020,66714.7329223720,54368.6181713870,22570.6570370580,85186.0047756772,92303.5213925431,99077.4397417796,73772.4632074189,24041.7391344047,67882.8662642909,42816.3731160976,80816.6027609981,43535.7644230517,32874.1842590040,97006.0080467989,27362.6525883095,81758.3486238276,9953.0680796300,103526.3557674402,18588.9275907263,63699.2809810601,51659.2130739205,96599.8781972052,33470.6967725700,83732.5337320023,50106.7055638891,64715.1553248839,74716.1465200382,77586.6295976534,97137.6835121075,62326.4891764710,36787.5989172246,24655.1213926173,76469.6208439224,82059.2185021612,30753.9297749123,51618.7028838291,25474.6011993202,37304.8867800007,36020.7656822272,44782.2503338637,77196.6948234539,28329.4590080774,60675.0135018862,84784.4383337895,20394.4014939920,51183.3606178862,87302.4396550408,73549.5805610413,104032.2220266620,37433.6648636607,20973.2317478239,69520.7137477714,26619.4531785940,35331.8919453090,56357.0086445881,16845.4177397276,42564.5275539443,34810.3232007306,84172.9327140006,8229.1227441004,16548.2839790291,12720.8516673812,26977.0803112690,11969.7948412297,88476.4793932483,64619.7890908254,51057.4674321560,24842.4224913361,1558.6651562895,44054.7350890701,98650.8703963022,11969.3180473657,66550.8238478633,23165.1565923067,103290.9392367872,43933.5636753479,48495.0566026474,59768.9873221475,49752.3470868521,71239.1276102233,57532.2668025923,32923.4329578522,39831.1573139590,9960.7113217761,32809.4986549873,95381.8795659437,17372.5387603471,71566.8920589860,39837.4143828353,89915.3940669753,89550.1400387309,78310.7426481138,65671.8139989474,38850.7466157605,58846.7567975819,32060.5666334632,31027.9729577616,39257.6640594444,87710.7520672671,48103.9399108795,106028.6751451046,44160.8031582344,33212.7637345500,72980.7091737426,61423.1634512665,98901.3870325763,56996.2890241361,14819.8059615142,68486.1188615788,72209.0936903016,62950.7977786624,87042.0091281774,20909.9069329436,94484.6701410561,71760.9729137808,40525.9959454713,77712.4813620720,52554.8514100979,87058.9766041918,69105.9879483724,49998.6148769184,98290.3385340732,25167.7630215916,82397.7082297417,83637.8421730215,89854.4199049321,67350.8411672552,66928.6408602533,63296.4305344521,39550.7339173927,106623.2213562580,72174.9441024721,23283.7737353781,73244.8400967609,59051.8648515524,49328.8109870098
2217,87121.2848108979,46552.5282481218,67604.9866915926,105900.3851461766,35266.5627004840,97149.0528042034,48279.5447721587,45765.1519829296,111299.9631124608,6589.7876100538,71294.2086755600,37941.9482238964,56514.9701255272,36222.2926190996,68154.2371433148,31309.6757483452,87049.7550149041,31539.5823925570,22232.3077205684,76607.6071767060,28417.1492922523,15194.6502919094,23424.9686416185,56330.8761119334,48455.7304279142,102009.8978235030,48107.7833726933,74167.4031806765,14536.6958834837,83702.5136462014,60435.2915408910,37799.6875560167,72188.1418863162,86782.3393846380,67114.6946301673,61094.1206379449,71647.8994227647,21759.8666105546,47765.6798641382,20323.3046274096,37152.1972251992,100243.3123379875,26270.2680658587,37012.2322195990,32938.3176548102,32271.1520390155,88009.3000127663,100707.0640872744,10560.5042380531,59609.6422430776,20145.2861853622,40027.4525857800,43129.5459980338,87162.0090443356,50208.0043088098,12150.0839248068,45410.2213934644,37359.0628259743,56035.9326660284,24473.8528723114,78378.3897062263,57548.9682516245,5910.5095926408,86310.7808115157,62329.2387847956,47106.3569236590,16736.4360760206,77615.1554906667,85269.3674749329,95418.0173761803,67144.2611453845,31506.9822330716,65043.1379135130,35167.7128257321,78375.3789211923,38579.6237186539,38352.9806054134,94344.0403292208,21540.8428505669,77810.8067356082,10358.3488077920,96709.6434718977,17818.0922137899,62749.2983076454,47855.4888413446,95093.6905316497,29868.1409766492,76574.6254506293,44295.8862269138,57103.1103711272,67510.4355240200,69962.4258641107,89896.6667141829,63329.1519372930,34391.5128019941,30696.3575251256,77296.5057284558,74666.2790689367,28979.6665310565,51864.5187033811,22153.1416252253,30121.9240029414,40126.5137319498,38063.6630074255,76363.3674342341,20680.2837828483,53856.6046136407,80197.2964382969,13104.3151231677,43532.3219742800,85832.9843669750,69733.3850162818,102545.2434470406,30400.8186344888,24910.0539920750,70131.8388649595,27666.1118308885,27719.7473524972,55373.0555776028,13226.3154231590,38699.6833032091,27241.4232558683,81171.4678743351,1859.6972729272,23700.1987615646,5332.9445999670,22448.5274851273,15909.0062727892,84808.8536199160,57014.8199212425,48899.5099321212,24553.3462694880,9389.3017060697,43791.8849230623,95511.3963519034,12098.2353469397,62994.3899490712,16424.7734471346,100738.0448398106,42324.1849112786,50323.2170074878,52119.7586536745,42192.0187577313,63651.0883686793,53373.2396733056,33108.8376899160,36112.7577689911,16472.7340293591,26099.2926408006,93285.9358279855,16474.3879745666,64186.3098720389,41570.1180329635,83093.9282680751,82325.6032759116,71345.6406269135,65780.1650851278,39278.2536383666,51421.4398482628,25404.1422306965,28049.5826416940,34252.0528572147,85088.2070980063,43670.1273186364,107242.8156965592,38344.4237520325,31916.2221175347,70394.8117074043,58787.5198056113,91869.8955576900,57798.0543848862,8815.9505472515,61968.5209842194,64565.7686285839,61362.2105351236,79553.2507166808,22060.1454510045,90646.3773389882,68525.6209653605,32918.0273381856,75687.7695091701,45572.9609616151,80054.0047146701,67889.4749398843,51051.4617291869,91458.3105951765,17687.3104596820,81508.3945204320,81741.8636316680,85341.5677858007,66844.5038575176,59685.0942192510,59322.3315368195,32084.1024558522,99669.6399502378,67764.9428964620,15648.2322942937,66297.2546860881,51877.3495895842,42098.9350507540
2218,0,0,0,0,0,0,0,0,0,0,0,0,0,0,0,0,0,0,0,0,0,0,0,0,0,0,0,0,0,0,0,0,0,0,0,0,0,0,0,0,0,0,0,0,0,0,0,0,0,0,0,0,0,0,0,0,0,0,0,0,0,0,0,0,0,0,0,0,0,0,0,0,0,0,0,0,0,0,0,0,0,0,0,0,0,0,0,0,0,0,0,0,0,0,0,0,0,0,0,0,0,0,0,0,0,0,0,0,0,0,0,0,0,0,0,0,0,0,0,0,0,0,0,0,0,0,0,0,0,0,0,0,0,0,0,0,0,0,0,0,0,0,0,0,0,0,0,0,0,0,0,0,0,0,0,0,0,0,0,0,0,0,0,0,0,0,0,0,0,0,0,0,0,0,0,0,0,0,0,0,0,0,0,0,0,0,0,0,0,0,0,0,0,0,0,0,0,0,0,0
2219,85451.0936544108,48260.1443394830,66793.4681618354,104980.2498237388,34491.5009627447,95595.6937643312,48990.4611448922,44112.8182183480,109880.8004999780,7197.3955065311,70086.3315998147,39088.4134545529,54905.9409500228,35421.7517276750,66768.1911575456,32742.5500569243,85564.9664780472,29911.1033783989,23900.7352317230,74996.2011891789,28722.5970314951,15301.8803338525,21915.0085291952,55451.2763683490,47153.6756622007,100424.5987258783,46802.3256897972,72568.6272691195,12925.2803888748,82249.1090650179,58859.4007757225,39400.5593110623,70497.7141968921,85472.1819420093,65679.1092014847,59971.0900565569,70717.2206029346,21159.6500602526,46067.9185153413,21378.5240070427,38151.9549719173,98899.1937567292,25042.0200502218,35552.9630741273,31241.8926137630,33972.2597378691,86411.6443974049,99223.4446509298,12020.0898351183,58454.8833116257,21763.6645332978,40429.5372476585,41602.0920466382,85519.9852943435,49197.8240189031,10776.0397087905,44444.8835547196,36130.8315746524,54581.8176127757,24037.5754297018,76966.5102942081,56116.5561874964,5115.7742647226,84609.3817427142,60651.6142587587,45597.0267460145,16981.2826957228,76285.3134525099,83700.0358503145,93779.3806133193,65500.9223965108,32901.5871127519,63488.1744156623,33993.4906625307,76855.2540207228,36883.5963363539,40048.6182195883,92794.0286204458,19832.8789015115,76155.6769702898,11995.1684789026,95097.8838655346,16752.8582261394,61434.0113208121,46223.9560485990,93677.7500658101,30639.5108819691,75036.6683213052,42591.1209855483,55825.4210010989,65985.8427418133,68704.8643236082,88386.0264674458,62335.4954686482,32931.6950008627,32356.6020537129,76253.2435307182,73215.6051511547,30128.7054989936,50757.8354320186,20627.6867366684,29572.8788908775,41826.6597308401,36424.4305523184,75051.5699905113,19524.2362543635,52238.7585112276,78506.8372063536,12604.5317029707,42380.7220442477,84426.4658688077,68089.7217876467,101128.6933607891,28816.0879460742,26614.2823306239,69058.5088797786,26816.6637570470,26447.0712466175,54062.9173026241,14224.0779508756,37071.9839566273,26342.3474542708,79592.4704220883,4625.7750080698,25194.5551740524,2994.6331792089,23045.3051312705,17616.8364392205,83171.8768230833,56025.2762589161,47438.7694639898,25953.7261268226,10001.8520946970,42619.8041890658,93915.2332336023,11404.0596322623,61373.7329946491,14766.6991714782,99197.3746010707,40949.2056922101,49515.4178241606,50943.4044189666,40851.6194649008,62340.3751778713,51712.3289941864,32057.8188065416,36821.4227031032,18052.9934867739,25848.7242360323,91798.2485550082,17877.7861464785,62728.7505624194,40772.2046890580,81481.6386990831,80808.8205959087,69759.1567113196,64626.5719076139,38241.1522016276,49984.9107461089,23747.6083450782,26538.2183768151,34618.6091855699,83545.5715311635,41997.1332588069,106247.1772270232,36638.9661881668,30623.0511543283,68863.3069349608,57259.0218024874,90300.5757382960,56777.3424930881,8140.6377064469,60311.0734083995,63357.3611889813,59959.0807027953,78156.8146235726,21297.3097605970,88995.9121925691,66930.2411236849,31942.6341550192,74217.2731008633,43984.1922617823,78477.3830525009,66530.4727174425,50091.4684696015,89848.7089985401,16275.7964382167,80184.5496818023,80283.4602705213,83653.6814025567,65591.0767342380,58171.8147863945,57671.3124804246,30668.4186756687,98083.8195408329,66084.7237697699,14649.9781911420,64706.2954336070,50340.1426958899,40576.7191658657
2220,0,0,0,0,0,0,0,0,0,0,0,0,0,0,0,0,0,0,0,0,0,0,0,0,0,0,0,0,0,0,0,0,0,0,0,0,0,0,0,0,0,0,0,0,0,0,0,0,0,0,0,0,0,0,0,0,0,0,0,0,0,0,0,0,0,0,0,0,0,0,0,0,0,0,0,0,0,0,0,0,0,0,0,0,0,0,0,0,0,0,0,0,0,0,0,0,0,0,0,0,0,0,0,0,0,0,0,0,0,0,0,0,0,0,0,0,0,0,0,0,0,0,0,0,0,0,0,0,0,0,0,0,0,0,0,0,0,0,0,0,0,0,0,0,0,0,0,0,0,0,0,0,0,0,0,0,0,0,0,0,0,0,0,0,0,0,0,0,0,0,0,0,0,0,0,0,0,0,0,0,0,0,0,0,0,0,0,0,0,0,0,0,0,0,0,0,0,0,0,0
2221,90497.8587938070,42367.6374331957,75079.3704575301,103490.6842607185,32755.8235607729,103786.3710153678,52442.7094665053,51821.0488435643,111926.7840255232,12780.5965135752,70628.2327081091,30443.9711969167,59168.8054185849,43703.1795856530,75343.2066987907,31869.4750498627,88293.1698014710,34766.3335243948,17244.1714616809,82928.1637667770,34158.1553904682,8056.7480395347,30341.5080054269,53983.0808670303,55795.0472517410,104180.5567144534,48291.8088071057,76591.0085109715,18341.2751745603,90719.3903855151,66989.6102361345,31727.5336185012,76045.2950791952,86697.1228625379,68055.9581341319,68596.3297543068,69434.0400821737,29130.7802510619,51966.9585138687,23681.1015376905,40218.7938938654,100343.9315486585,26522.2855667077,44044.1341463091,38464.1691857043,29102.7755455813,90362.8966408428,101892.9785865085,2482.6817713652,58713.5353237482,19334.4072193921,45339.7901526869,45093.8879578502,93229.7409773117,57738.5251618791,19409.4351300178,43637.8635171274,37240.3823285196,57216.0007861339,20847.6614968301,79067.7666882181,64633.9357770472,8590.7577577149,90464.0527152982,65948.6881937507,53967.7626907168,22909.2836633863,84908.2000245414,91833.6771866973,98269.0278769288,73227.9874533599,24426.6077463508,67050.1985902215,42637.6587008608,79972.7481517420,42820.2544724758,33619.0266074483,96165.7219092028,26750.8006827320,80965.2424376110,10699.8507799509,103009.4707641892,17737.7938115088,62842.5002475309,50867.5208892065,95743.7455379873,34078.8122750192,83294.4438583848,49464.1401892326,64474.0566121123,74292.7697319968,77357.2567324997,96720.4121779902,61500.4915231536,35952.3903823684,25355.6900000083,75640.8344679733,81694.1988021912,31485.9859829713,50772.2498447308,24685.2636731563,37415.3623180137,36844.4017988694,44266.9654907614,76340.4745229670,28158.0734954485,60168.6354478571,84026.5566434230,20453.9920514422,51017.8197496188,86446.2838583126,72751.8025704713,103175.9139129992,36986.3987496122,21814.6726557504,68685.1039083683,25778.9223339298,35099.7625992177,55500.1633093652,17388.9194162392,41780.9655951345,34763.6591615138,83342.7340742423,8232.5368885745,17070.2464887314,12494.9464108400,27484.4892089406,12823.6000483291,87669.6539629813,64545.6517465350,50212.0476230471,25637.2242335963,591.6444277763,43200.3556660099,97823.5029398844,11118.1480006656,65743.2221768099,22689.1362538479,102447.8656544569,43081.2091416615,47694.6584229053,59589.7419537720,49474.4080357731,70975.8564027245,56756.3878157543,32071.3867970985,40438.7468137677,10658.1660629829,33028.1211622747,94531.2258022221,18113.8030389424,71199.2925337363,39028.4452273600,89401.5668920030,89129.2111142522,77828.3228981149,64825.0352866032,38004.3000430233,58499.5196715950,31549.4887256319,30215.8323899224,39737.1074843309,86870.2409513356,47348.8183629112,105215.7711601896,43523.3834102703,32359.3721614276,72140.8069795742,60586.1909065965,98429.9338945706,56163.3383526078,14294.3399809473,67925.5836024784,72010.6863645866,62096.2329995779,86716.8852926614,20065.6423790448,93684.5783189677,70940.0690404404,40448.8335830514,76861.7722004487,52085.1025158472,86583.4454762480,68249.2841980541,49170.8630323342,97777.1428989703,24867.9659287554,81541.3569022337,82785.1896156061,89090.9916871797,66496.3384936523,66517.9442971229,62508.8376626734,39229.4611024859,106133.5185211516,71408.8611828771,23176.2658264050,72759.9719369393,58624.7452414333,48921.1082466196
2222,85653.1603448431,47488.4163847354,69839.2056260609,102880.5246347778,32186.3963238574,97616.6709239131,51407.2810352605,45744.9001069185,108895.1928185056,9736.8051948065,68549.8684746467,36368.8978590875,54720.7970201305,38480.9096694986,69222.9961223396,33801.0773799301,84809.2025442774,29901.2796092678,22666.1233962874,76804.6312013725,31538.0446058028,10465.9965898129,24178.7241379870,53295.0858633138,49767.5283664499,100083.4907807505,45523.2997506801,72310.8079292399,12991.3258242162,84553.4072532848,60825.1489608811,37705.0170882232,70920.8777979081,84180.7473807702,64765.1482146698,62799.1374009107,68639.8133746334,24274.8910449450,46629.7590739418,23315.0282645434,40158.8420215389,97695.2359959782,23612.3893278119,37891.1604537434,32526.9507983879,33579.9617360381,86139.3213013619,98458.0649187727,10105.8235557653,56806.0987279205,22149.5165414525,43168.5867799086,41054.2864884511,87168.6672727580,52130.5409469240,13424.6606125209,42436.6232448394,34672.0608363994,53739.8323318619,21324.4630983944,75969.7945487298,58484.9508902077,1206.6682642072,85194.3701007696,60943.0813111548,47790.4469860188,19833.6249285844,78835.5670769876,85671.2046365199,93740.7270945944,67156.5819448860,30604.7679282416,63027.4129573564,36789.1091746567,76238.3285514006,37441.2905639488,39006.2954931884,92293.1704795308,20880.5207099528,76242.2525417650,12421.9222787232,96893.7795680006,14996.4376605970,60167.9452906645,46184.9150514038,92686.7635647995,32985.0737380450,77117.4720686076,43681.0727375617,58468.0002083718,68113.4455179353,71368.6074228516,90540.9221490975,60368.8868154182,32149.2294695419,31009.3271287728,74373.3358369992,75530.8269164714,31876.3764216494,49012.9241339310,20161.2799284425,32691.0300586278,41427.3889393959,38150.5837405106,73768.6058350861,22372.7227685674,54040.0993439849,78924.0631678974,15724.0933495841,45190.7932885833,83409.6608818992,68101.2026314578,100137.2493647588,30811.3341143383,26189.2953699218,67238.2120411335,24631.6783699872,29138.3186615437,52788.8846118471,16276.2003768255,37030.9523016841,29363.4694091318,79230.6713449379,3950.9636956715,23184.0268375051,8783.8960204490,25596.7287020749,17038.3318695946,83128.0430287509,58970.3232366485,46628.6883716322,27128.6149683590,6985.1102476405,41021.6793985120,93631.5617001631,5738.9490979474,61247.0039839860,16529.6166543924,98654.0544362318,39873.9458329718,47251.4526070942,53719.4651274299,43412.1830349483,64928.7750037306,51869.5809681766,30221.1725193342,39243.2569929744,16408.1678380811,28939.9717273383,91050.3816704782,19088.1977343600,65034.9004891253,38497.0506516444,83281.9843490752,82949.7900020599,71675.2164325158,62972.1297183264,36369.4516884698,52350.6687574281,25428.4062531323,25974.4745935732,37386.9825701026,83017.4154626443,42276.2029524660,104275.3781581141,37724.8885848827,29340.9340662854,68297.8422117365,56691.7861668417,92268.5871313054,54862.0377794769,10334.0698655074,61886.2798575895,66088.1790869928,58946.2509865430,80585.3600165031,18988.0956379689,89040.4341951043,66659.3072360186,34912.6464395501,73416.3204677257,45922.0967721732,80424.9365394212,65381.7986134054,48070.6795290622,91656.6586303812,18797.7310048095,78931.5206887329,79437.1717313730,84035.7614645459,64164.5422452821,60338.8343921503,57745.3707830357,33112.3324776710,99986.9706333958,66396.2716532226,17640.9211077526,66608.9459604177,52445.6527528327,42742.5907639626
2223,0,0,0,0,0,0,0,0,0,0,0,0,0,0,0,0,0,0,0,0,0,0,0,0,0,0,0,0,0,0,0,0,0,0,0,0,0,0,0,0,0,0,0,0,0,0,0,0,0,0,0,0,0,0,0,0,0,0,0,0,0,0,0,0,0,0,0,0,0,0,0,0,0,0,0,0,0,0,0,0,0,0,0,0,0,0,0,0,0,0,0,0,0,0,0,0,0,0,0,0,0,0,0,0,0,0,0,0,0,0,0,0,0,0,0,0,0,0,0,0,0,0,0,0,0,0,0,0,0,0,0,0,0,0,0,0,0,0,0,0,0,0,0,0,0,0,0,0,0,0,0,0,0,0,0,0,0,0,0,0,0,0,0,0,0,0,0,0,0,0,0,0,0,0,0,0,0,0,0,0,0,0,0,0,0,0,0,0,0,0,0,0,0,0,0,0,0,0,0,0
2224,86340.0582834988,46614.1582589929,71760.5044708501,102048.7708600762,31261.9799770010,99229.3135783662,52569.8218856508,47209.2866845247,108842.4312551511,11173.5669380027,68149.0224762354,34513.6216073766,55211.0085526997,40399.2356579606,71013.8031383043,34081.8705885165,84916.9929060110,30562.3099179034,21611.6005330805,78328.5931231347,33038.4158392644,7067.7353607982,25931.1706594804,52451.0138357684,51615.0295699492,100441.1122308439,45333.7092861269,72736.8867166350,13876.4464698327,86285.3283675126,62425.3028494512,36333.2424080766,71743.3694225596,83937.0148440506,64788.4257498085,64701.3347816217,67842.3076482328,26157.1962626076,47558.3846525670,24216.7795987636,41044.6387886802,97502.9806012297,23409.0782409723,39652.6207101021,33854.5677476991,32966.7261226754,86546.2886331881,98551.9802292199,8804.7862381758,56338.3385611408,22084.4022817073,44591.4011549530,41352.2885520949,88615.2981255848,54050.7676203123,15308.1436655856,41725.2533847131,34388.2585182407,53824.5850261583,20065.9665029710,75928.4074121113,60247.2099051233,1021.3280272235,86096.7811459670,61701.4351681039,49491.1391912235,21390.8288672511,80657.8273693105,87264.7966429735,94282.9304073421,68614.8670945555,28936.5175911697,63339.3639130608,38687.2234968870,76440.1838559675,38388.4730558278,37994.6755148723,92556.5862500013,22148.5888125221,76868.8432857718,12553.9159977052,98406.1058048784,14653.6849002936,59962.9185151258,46776.6600092736,92638.0121047497,34125.2161443251,78760.3697374766,44889.6960305552,60322.3868123152,69778.5639571019,73227.6078103730,92211.6868723011,59663.0926028587,32330.9106350971,29847.6673281889,73720.3756461440,77268.6926945438,32611.2036188462,48487.1050084554,20625.6716325061,34565.4267507019,40784.5630870480,39666.9782168879,73538.2078160215,24284.4158419576,55572.7359789680,79737.2497853362,17575.2094211684,47090.6747081874,83349.6114636244,68691.0845588416,100084.4388630913,32452.0705597293,25594.5748776646,66634.7770378148,23840.0175971839,31014.5251347713,52588.9861423543,17314.4483924940,37645.4944249339,31286.8917852107,79588.0354375633,4986.5530147257,21682.8272202637,8671.0127255341,26907.0062363599,16443.1378668211,83673.4060337893,60891.7081503611,46747.3284249491,27516.5954586915,3495.4441426325,40619.0509479187,94027.3161626607,4195.5491622615,61762.9991173944,18131.6332373611,98887.7814112036,39836.1791962752,46329.1458806723,55610.6331109137,45245.2161169702,66765.4079820652,52564.1396708358,29678.3828123785,40425.5690559199,15165.3581097809,30720.9180263013,91159.3702345584,19567.9961712067,66771.8655088618,37581.1906251151,84800.0664639242,84616.3415977611,73249.0660084069,62493.0742497858,35777.7368055609,54114.1238305744,26954.3806376667,26328.4017177052,38840.2714855305,83269.6233976472,43058.4496598816,103539.5385787848,38943.3136139935,29204.1499256111,68539.1084929694,56946.1058250001,93859.2236131665,54201.2221203439,9699.7636559124,63310.2030999978,67966.6311922474,58912.0539728874,82364.7856825132,18130.4026891535,89634.0545799263,67082.9347654055,36836.3772002109,73503.9034603718,47520.3635870569,82009.6448126761,65249.7842135341,47339.3859939857,93175.7970616048,20640.0349266072,78717.3641945502,79490.7645113376,84825.9747367754,63844.7783844079,62022.8391839607,58383.4423538248,34913.6546451433,101547.2220575870,67160.1936409462,19565.2122991539,68179.0117666727,54108.6252148882,44436.0606196874
2225,0,0,0,0,0,0,0,0,0,0,0,0,0,0,0,0,0,0,0,0,0,0,0,0,0,0,0,0,0,0,0,0,0,0,0,0,0,0,0,0,0,0,0,0,0,0,0,0,0,0,0,0,0,0,0,0,0,0,0,0,0,0,0,0,0,0,0,0,0,0,0,0,0,0,0,0,0,0,0,0,0,0,0,0,0,0,0,0,0,0,0,0,0,0,0,0,0,0,0,0,0,0,0,0,0,0,0,0,0,0,0,0,0,0,0,0,0,0,0,0,0,0,0,0,0,0,0,0,0,0,0,0,0,0,0,0,0,0,0,0,0,0,0,0,0,0,0,0,0,0,0,0,0,0,0,0,0,0,0,0,0,0,0,0,0,0,0,0,0,0,0,0,0,0,0,0,0,0,0,0,0,0,0,0,0,0,0,0,0,0,0,0,0,0,0,0,0,0,0,0
2226,0,0,0,0,0,0,0,0,0,0,0,0,0,0,0,0,0,0,0,0,0,0,0,0,0,0,0,0,0,0,0,0,0,0,0,0,0,0,0,0,0,0,0,0,0,0,0,0,0,0,0,0,0,0,0,0,0,0,0,0,0,0,0,0,0,0,0,0,0,0,0,0,0,0,0,0,0,0,0,0,0,0,0,0,0,0,0,0,0,0,0,0,0,0,0,0,0,0,0,0,0,0,0,0,0,0,0,0,0,0,0,0,0,0,0,0,0,0,0,0,0,0,0,0,0,0,0,0,0,0,0,0,0,0,0,0,0,0,0,0,0,0,0,0,0,0,0,0,0,0,0,0,0,0,0,0,0,0,0,0,0,0,0,0,0,0,0,0,0,0,0,0,0,0,0,0,0,0,0,0,0,0,0,0,0,0,0,0,0,0,0,0,0,0,0,0,0,0,0,0
2227,88774.6699000066,46305.8817999203,63873.4436103174,110150.3405859933,39688.3539642432,95867.3737579826,43793.8950847989,45415.7984224376,114423.3966380129,895.4539785621,75038.5851869935,41211.3933445570,58762.8339961833,32556.7188026569,66068.0012034664,28447.8866503772,89926.7546504994,33744.6053169565,23170.1284917725,75773.7006881437,23719.8286154903,19862.2606863305,22286.2065161360,60636.6277994600,46103.2000461709,104359.8300143204,51627.7826387382,76455.5941637749,17088.5729672108,81889.7401281957,59378.6022237668,39176.0150421498,73570.3508352534,90262.0141319315,70203.8089111299,58113.8012437881,75885.8088867093,17840.2084042284,49065.7430627987,16377.1532097524,33058.3476650292,103618.9394989554,30017.9086294274,35407.8964320791,33327.4858565735,31589.5797464251,90290.1683875892,103581.0761091279,13333.1466870377,63473.6438282857,18523.7340373649,35350.6110051566,45875.7789160634,86581.6062940975,46956.3231021959,10874.4543490230,49604.3323224188,41084.2237559608,59068.2400582654,29118.2626837800,81543.7880735244,55699.7820922232,9577.9437140632,87424.3871390962,63928.2181949797,45694.9703709379,12040.7574257532,75282.7726663362,84109.4005426916,97382.6589054446,66618.1715230470,34031.2389366290,67605.3665000961,32461.6196218245,81099.1898471241,39965.1473883614,38628.6906936962,96903.7257781533,22575.8904983988,79640.9583808620,9385.1809548210,95845.7418521116,21888.2121565023,66228.1262919267,49959.0047549354,98235.2897008528,25446.5136816072,75230.6802919485,44846.4291469499,54628.0007602070,66108.3267228402,67383.1393344107,88371.0596023288,67477.1471483738,37451.6085378066,31595.9342965648,81362.2030354961,72857.1054049707,25213.0774504706,55825.8090551839,25019.7074138813,26044.0008039767,39351.4249445553,37635.9036535137,79843.2829553582,18136.2402701193,53143.0926568679,81565.9814637782,9213.0701628647,40700.1262802855,89012.5324708584,71684.1607711510,105681.3971024781,29608.9032941685,24440.0369399143,74147.0594916185,32010.9646021678,25434.0199786363,58872.4670424628,9214.9527007910,40869.1612013594,23864.0046502985,83577.0960197615,7002.0664550052,25883.1405342333,6476.0987332346,17862.8187234657,16089.6680092881,86798.1036778184,53691.9556293716,51917.9953569476,21606.5586266990,13827.9686176996,47630.8249321525,97795.9276025589,16580.7811035527,65145.1771202498,16607.8311058764,103342.9868293903,45652.5039030987,54711.5227124919,49325.6247185443,40021.3075998583,61276.9741043961,55192.4531425917,37179.0682119126,31624.6281083815,18347.9077735032,21663.5947823142,96146.4639937013,13664.0143579720,62436.2065476905,45969.0015612393,82254.8522342802,80846.7020904024,70332.9439781639,69643.8418194968,43366.5034208827,49615.8935746069,25312.0922285986,30932.1227805581,29565.0160344052,87693.8982527661,45387.4837795723,111382.4163883482,38964.7514421643,35496.5136164846,73071.4149360306,61494.7800244672,90699.6883325513,61905.0788904340,10807.9524528901,61606.1890665959,61835.6769045020,64572.1236011754,77487.6926241613,26492.4125606719,92507.4072258286,70843.8059988739,29670.5579317793,78633.2852518857,44673.9340015451,78953.0722191387,71236.1936399036,55251.6880604094,90584.1312277912,16229.6686799232,84951.5308061263,84731.4045702783,86748.0261408949,70483.1059181559,58241.6082972449,61225.1847646510,30322.7474171376,98603.9332905391,69316.8434586130,12804.0029307146,65330.1657261468,50604.2212706855,40791.9125655843
2228,0,0,0,0,0,0,0,0,0,0,0,0,0,0,0,0,0,0,0,0,0,0,0,0,0,0,0,0,0,0,0,0,0,0,0,0,0,0,0,0,0,0,0,0,0,0,0,0,0,0,0,0,0,0,0,0,0,0,0,0,0,0,0,0,0,0,0,0,0,0,0,0,0,0,0,0,0,0,0,0,0,0,0,0,0,0,0,0,0,0,0,0,0,0,0,0,0,0,0,0,0,0,0,0,0,0,0,0,0,0,0,0,0,0,0,0,0,0,0,0,0,0,0,0,0,0,0,0,0,0,0,0,0,0,0,0,0,0,0,0,0,0,0,0,0,0,0,0,0,0,0,0,0,0,0,0,0,0,0,0,0,0,0,0,0,0,0,0,0,0,0,0,0,0,0,0,0,0,0,0,0,0,0,0,0,0,0,0,0,0,0,0,0,0,0,0,0,0,0,0
2229,0,0,0,0,0,0,0,0,0,0,0,0,0,0,0,0,0,0,0,0,0,0,0,0,0,0,0,0,0,0,0,0,0,0,0,0,0,0,0,0,0,0,0,0,0,0,0,0,0,0,0,0,0,0,0,0,0,0,0,0,0,0,0,0,0,0,0,0,0,0,0,0,0,0,0,0,0,0,0,0,0,0,0,0,0,0,0,0,0,0,0,0,0,0,0,0,0,0,0,0,0,0,0,0,0,0,0,0,0,0,0,0,0,0,0,0,0,0,0,0,0,0,0,0,0,0,0,0,0,0,0,0,0,0,0,0,0,0,0,0,0,0,0,0,0,0,0,0,0,0,0,0,0,0,0,0,0,0,0,0,0,0,0,0,0,0,0,0,0,0,0,0,0,0,0,0,0,0,0,0,0,0,0,0,0,0,0,0,0,0,0,0,0,0,0,0,0,0,0,0
2230,0,0,0,0,0,0,0,0,0,0,0,0,0,0,0,0,0,0,0,0,0,0,0,0,0,0,0,0,0,0,0,0,0,0,0,0,0,0,0,0,0,0,0,0,0,0,0,0,0,0,0,0,0,0,0,0,0,0,0,0,0,0,0,0,0,0,0,0,0,0,0,0,0,0,0,0,0,0,0,0,0,0,0,0,0,0,0,0,0,0,0,0,0,0,0,0,0,0,0,0,0,0,0,0,0,0,0,0,0,0,0,0,0,0,0,0,0,0,0,0,0,0,0,0,0,0,0,0,0,0,0,0,0,0,0,0,0,0,0,0,0,0,0,0,0,0,0,0,0,0,0,0,0,0,0,0,0,0,0,0,0,0,0,0,0,0,0,0,0,0,0,0,0,0,0,0,0,0,0,0,0,0,0,0,0,0,0,0,0,0,0,0,0,0,0,0,0,0,0,0
2231,0,0,0,0,0,0,0,0,0,0,0,0,0,0,0,0,0,0,0,0,0,0,0,0,0,0,0,0,0,0,0,0,0,0,0,0,0,0,0,0,0,0,0,0,0,0,0,0,0,0,0,0,0,0,0,0,0,0,0,0,0,0,0,0,0,0,0,0,0,0,0,0,0,0,0,0,0,0,0,0,0,0,0,0,0,0,0,0,0,0,0,0,0,0,0,0,0,0,0,0,0,0,0,0,0,0,0,0,0,0,0,0,0,0,0,0,0,0,0,0,0,0,0,0,0,0,0,0,0,0,0,0,0,0,0,0,0,0,0,0,0,0,0,0,0,0,0,0,0,0,0,0,0,0,0,0,0,0,0,0,0,0,0,0,0,0,0,0,0,0,0,0,0,0,0,0,0,0,0,0,0,0,0,0,0,0,0,0,0,0,0,0,0,0,0,0,0,0,0,0
2232,89534.1530766694,45746.5723163343,63736.7185666192,110960.5511272009,40468.7273304388,96256.7133362424,43018.3581114865,45968.1689715914,115265.6175738405,213.8828784448,75881.1867149829,41291.5105307652,59569.6393508284,32462.8216404792,66321.7596707194,27629.1483763867,90762.0042595174,34555.9269808064,22833.9132189427,76240.0458907528,23077.1881269947,20444.4039606669,22763.3244234819,61437.9764611192,46316.6152977135,105168.6785880786,52473.8689803554,77262.6245513504,17926.1153888144,82189.4174547337,59817.0350903131,38876.6352880383,74308.3368368497,91108.5393412480,71046.0772343544,58179.6300525650,76696.5284337754,17699.2335789061,49803.2462488034,15533.3931111776,32225.7896513190,104465.1883951091,30857.7263739428,35776.6936772799,33984.3235316706,30988.4986743682,91095.6086043879,104415.8178210209,13406.8292387156,64311.6920680404,17835.7229545923,34666.7438991288,46709.2393033988,87082.8887363725,46962.2765440204,11410.1258598387,50418.2862898072,41926.0335012124,59909.5731132583,29826.8338413373,82387.4207043518,56004.1892022382,10340.5602774812,88134.3556649593,64687.0932062017,46084.8088908022,11449.0170239514,75483.7436579628,84521.6855295611,98165.9474239436,67133.5570926660,33956.9641147819,68428.3553098470,32616.4032543984,81928.7102114349,40714.7919102994,38152.0358501726,97724.6917280356,23314.7102975750,80415.8075349769,8867.4697482844,96302.2766914994,22707.3844310042,67074.5965713502,50758.5944041808,99078.1438326829,24653.4179040885,75615.1897859494,45510.7134331971,54809.1999520663,66486.5806401230,67535.3147273083,88720.4772298325,68296.8221074536,38295.0808466900,31228.9193562236,82189.2459801852,73160.4804153637,24366.9788188523,56658.6080757397,25861.1969998312,25822.1698548776,38728.7401403011,38185.2274557112,80689.7907934068,18372.2331082005,53637.9362968874,82301.3596289717,9151.9019853961,40814.4271137903,89856.3135191668,72469.1439061090,106524.0247441663,30118.8876914909,23882.8077157917,74977.3889251071,32803.1465457058,25695.1579626364,59718.7931115049,8369.9615779796,41675.5339618740,23871.3756259612,84390.4668041941,6705.6563844176,25760.6896065100,8143.9937212574,17116.2308366350,15670.1993019639,87584.1159818218,53674.7357588099,52759.3917684450,20787.0168217327,14303.1179450014,48469.1051054979,98601.1086587726,17340.5506566867,65944.8937253081,17282.9638814661,104165.9761889384,46498.8868356102,55499.5844283595,49440.5844726007,40277.9487421728,61475.3801558445,55970.8724693407,38002.6756124829,30848.2681699030,18202.5264398288,21290.8600496146,96980.9082424362,12867.4436104158,62754.9670328149,46754.4096433945,82718.4580893050,81206.3341204437,70773.3721817971,70482.1214398078,44189.5310580442,49932.7182002631,25926.0769175791,31772.5289976666,28895.5174588523,88517.6287834811,46161.3215524650,112204.1017529302,39641.1704085121,36341.2489625252,73899.3383892563,62324.9303169521,91108.6214911759,62728.0621638191,11639.1895334422,62146.8760312332,61957.2909072644,65416.8993281465,77741.0010021208,27267.9174663837,93283.2572238997,71653.2147845970,29699.1370973203,79471.2754581771,45147.3420687513,79376.4329197707,72082.4144627130,56065.4700939195,91040.2195699635,16685.2292418626,85798.0760654741,85570.5604102340,87486.1179671924,71327.9965340615,58616.7996542898,62008.4361898555,30672.6231137790,99028.0934091635,70070.6257622311,13011.5629151037,65779.8395013102,51013.1281581430,41204.3099987197
2233,0,0,0,0,0,0,0,0,0,0,0,0,0,0,0,0,0,0,0,0,0,0,0,0,0,0,0,0,0,0,0,0,0,0,0,0,0,0,0,0,0,0,0,0,0,0,0,0,0,0,0,0,0,0,0,0,0,0,0,0,0,0,0,0,0,0,0,0,0,0,0,0,0,0,0,0,0,0,0,0,0,0,0,0,0,0,0,0,0,0,0,0,0,0,0,0,0,0,0,0,0,0,0,0,0,0,0,0,0,0,0,0,0,0,0,0,0,0,0,0,0,0,0,0,0,0,0,0,0,0,0,0,0,0,0,0,0,0,0,0,0,0,0,0,0,0,0,0,0,0,0,0,0,0,0,0,0,0,0,0,0,0,0,0,0,0,0,0,0,0,0,0,0,0,0,0,0,0,0,0,0,0,0,0,0,0,0,0,0,0,0,0,0,0,0,0,0,0,0,0
2234,0,0,0,0,0,0,0,0,0,0,0,0,0,0,0,0,0,0,0,0,0,0,0,0,0,0,0,0,0,0,0,0,0,0,0,0,0,0,0,0,0,0,0,0,0,0,0,0,0,0,0,0,0,0,0,0,0,0,0,0,0,0,0,0,0,0,0,0,0,0,0,0,0,0,0,0,0,0,0,0,0,0,0,0,0,0,0,0,0,0,0,0,0,0,0,0,0,0,0,0,0,0,0,0,0,0,0,0,0,0,0,0,0,0,0,0,0,0,0,0,0,0,0,0,0,0,0,0,0,0,0,0,0,0,0,0,0,0,0,0,0,0,0,0,0,0,0,0,0,0,0,0,0,0,0,0,0,0,0,0,0,0,0,0,0,0,0,0,0,0,0,0,0,0,0,0,0,0,0,0,0,0,0,0,0,0,0,0,0,0,0,0,0,0,0,0,0,0,0,0
2235,0,0,0,0,0,0,0,0,0,0,0,0,0,0,0,0,0,0,0,0,0,0,0,0,0,0,0,0,0,0,0,0,0,0,0,0,0,0,0,0,0,0,0,0,0,0,0,0,0,0,0,0,0,0,0,0,0,0,0,0,0,0,0,0,0,0,0,0,0,0,0,0,0,0,0,0,0,0,0,0,0,0,0,0,0,0,0,0,0,0,0,0,0,0,0,0,0,0,0,0,0,0,0,0,0,0,0,0,0,0,0,0,0,0,0,0,0,0,0,0,0,0,0,0,0,0,0,0,0,0,0,0,0,0,0,0,0,0,0,0,0,0,0,0,0,0,0,0,0,0,0,0,0,0,0,0,0,0,0,0,0,0,0,0,0,0,0,0,0,0,0,0,0,0,0,0,0,0,0,0,0,0,0,0,0,0,0,0,0,0,0,0,0,0,0,0,0,0,0,0
2236,99259.9450736843,33918.1760782980,75669.6364450980,112169.2393722754,41698.9775650547,109300.3619365861,46121.3188071633,58369.9179721363,121315.2998412535,13506.2897224117,79920.5611456949,29823.4510661845,68186.0278620539,44809.8621820721,79505.1980694518,23106.4516542305,97646.4352719072,43488.2359906058,9716.3777201564,89039.3477987244,30668.1344052312,18624.1128649799,35601.4090125739,62832.8726116764,59481.5871527683,113379.2426182233,57679.5121614646,85702.9732981077,26618.0599171817,95364.6040766408,72729.5455121702,25698.4531333057,84546.0362569832,96055.1904538463,77427.8398672418,71053.9687514526,78279.2657204369,30055.2327651509,60228.5519057981,17799.4287695876,33055.3662534818,109713.7423910202,35898.6236926841,48872.7379130926,45640.8322508576,19996.0805333482,99505.7558515780,111255.4757320898,6817.4078213924,67981.5167432006,10309.7522988018,40694.3177618210,54279.9215248035,99713.5042142998,59655.2780642648,24134.7559781057,52742.8803710734,46625.1811661025,66559.3970478462,29535.5625197846,88454.1974342996,69176.0013854661,15878.3998732230,98796.0227663113,74567.0748760188,59136.7731363893,21187.4535352705,88632.0188195283,97506.6520186096,107255.9308990935,79707.4998585783,21433.2905324526,76261.9960250472,45722.9382584818,89275.3743387046,51036.3796184322,25651.8472657185,105437.1864182479,34201.6825803234,89818.9719678556,4556.8583666144,109132.8119718738,27103.5746099898,72222.9033005177,59735.9523092209,105131.9330933974,28390.0537682647,88672.4713895678,56985.9325095102,67938.1454254866,79558.6102364626,80613.8419754535,101843.0213986477,70516.4967720105,45198.6636680331,18182.8919959091,84679.2579358311,86333.2666588151,24130.2631803405,60018.8806377693,33600.0645835813,37576.7443362075,27826.2408143241,50632.8838715267,85708.1489913679,31555.2463130928,66332.3636606233,92549.8937253171,22002.9325164287,53837.8741690059,95834.5210820487,81653.3455726287,112564.3813924640,42799.6507887862,12619.5929739434,77802.5458296877,34984.3747136662,38879.8099755325,64884.5385823171,13664.2314407083,50594.9347243520,36676.5826959867,92529.2962022676,8950.4409787310,14445.1399608235,17491.7237737094,23369.4953921505,6013.7672610568,96645.7611910477,66257.1997481087,59531.0225661139,17426.6446441629,12566.1624330966,52543.2141309466,106982.2761279131,20487.2713946775,74737.5057217009,29076.9317680708,111742.2342112126,52450.1733484229,56459.2952437830,62454.9873197944,53462.3630703927,74623.1946190975,65476.3935654786,41389.2921891667,34617.8358068035,5050.0753390688,32133.7017231869,103886.2195254869,11203.5650465027,75915.5214952083,47897.4348295216,95525.7183598613,94312.4444426846,83673.5950277218,74070.9730695606,47257.2759163721,63094.8895705802,38038.5935423310,39290.0625587601,35555.1137595949,96144.5589356145,55901.7979290075,114065.1579117265,51031.3076643736,41735.3145516401,81412.0588077468,69835.7199229785,104101.8883367558,65258.2544406530,21422.4515257660,74582.5820584032,74976.1453886873,71477.8044206999,90924.1470931410,29316.7842156125,102596.4154276493,80049.0412551167,42532.5544055872,86217.7563955336,57945.9062617508,92329.5544373828,77637.0010196429,58216.0268704590,103874.3390070183,29613.6047094647,90911.3484363449,92154.6319707441,97662.4961614726,75838.0995924381,71696.2294814468,71326.9798624278,43798.5346874696,111974.1241393356,80021.2084005130,26189.2378655015,78649.8061457428,64017.5220295815,54204.9811516147
2237,92678.9031887197,41755.5556797733,67546.3950155371,111273.2673704575,40492.6028820475,100528.1771868560,43533.4180621290,50007.7907986578,117192.8631749394,5039.0402520513,77061.2159531682,37460.6482902374,62277.7358449931,36400.7043859861,70628.5026255678,25418.2363254831,92938.2846947722,37264.9354912586,18530.0260596104,80430.5952547029,24977.4703632806,18966.2429562557,26943.0333523838,61675.7078781237,50612.5168204756,107813.0941821645,53958.5865658280,79948.5969078198,20309.0222753094,86497.8836097319,64042.7561715239,34567.3766462099,77612.7699723468,92630.2480729663,73009.3981806118,62352.7812261624,77057.2680526609,21596.9203707171,53130.8265606980,15002.2976712850,31817.0621010443,106110.3539706664,32082.2516442974,40060.5118124438,37725.8164348661,27138.7355101968,93791.9465771022,106596.0679634564,9748.1880612875,65326.7004648304,14451.8579569796,36140.7348634833,48995.9054138179,91218.9237423994,51057.9386320414,15508.6439552969,50902.1725256349,43159.7305956355,61930.0820971415,29169.6447882213,84270.4190129997,60311.8673481399,10860.7497978549,91599.0169462413,67851.9070020328,50355.2810033321,13961.5421345050,79772.2497384777,88774.0658225391,101102.0219344239,71245.4390138029,29826.9562226808,70886.0276255798,36883.1959839210,84247.3337849464,43976.2664794089,33984.8043986534,100191.9562534306,26697.3797656178,83438.9714903079,4435.1437833788,100505.6610395189,23514.8526218259,68603.1525835345,53567.1784305277,100986.2085461365,25099.2133081467,79889.9707332163,49211.3291094700,59088.3460720976,70765.4786763385,71793.3155847746,93015.4452068046,68839.9864216159,40284.4803822880,26939.8291503724,82867.6594707292,77468.4580524314,23401.7178522002,57532.4835351105,28019.3436089219,29488.7819813631,34947.4886103040,42233.9763820971,82213.3390504636,22678.5460009634,57786.6868249393,85618.5736036923,13258.7981750361,45045.5860922209,91723.8363904400,75404.3977898603,108437.7941089458,34246.2129069932,19905.8344929217,75746.6619916769,33044.2563219610,30003.9499993546,61225.0533475395,8277.2266161979,44424.0019131031,27995.0176078834,86984.5368637915,4915.8393214221,21572.7398063351,9360.0378850964,18288.8343864206,11426.4384478483,90498.9627931122,57729.6258558282,54792.7799922866,18677.2321025461,12375.1420782401,49537.0034044572,101296.4950099557,17447.0394420813,68730.8138912584,20997.3944598302,106594.7035755493,48208.6386150279,55559.6867729788,53669.6280845037,44585.7229755488,65763.3716574597,58984.1547544677,38736.4689744574,31441.8886490414,14001.4402771670,24530.6893728430,99173.5963999123,10605.8131378525,67060.0063264975,46811.8002641273,86912.6285877913,85496.3138197097,74996.7235441299,71493.0665686009,44876.8113382916,54237.9809277814,29820.9083944242,33924.8470697319,30531.3186758811,90943.0745063259,49229.2579649839,112733.7255128625,43297.3755839459,37766.0849643075,76258.7592091867,64653.5243525239,95364.0601709055,63351.6746206068,14308.2809480263,66208.8881789410,66189.9658256768,67252.9186139110,82047.5046958857,27349.4430750000,96290.5796084329,74313.1607348421,33841.9474653504,81579.7900779288,49329.2822941477,83618.1354734412,73765.4845787977,56527.0714106726,95244.2426160607,20893.2508313763,87365.2644722648,87635.7894075821,90783.5362378482,72653.3575606459,62897.5244382670,64970.1418827612,34965.8067324708,103268.9756495507,73269.1086382126,17313.6515389891,69992.2924800866,55268.3495742194,45456.3028939712
2238,84403.7042708954,53086.9764705520,56585.9325692161,111374.7964166794,42153.6346656016,88452.9219963054,42647.7369201815,38895.8185113441,112565.2707441401,7750.8986551085,74857.7318132100,48792.5942730787,55578.6044105392,25202.9956558563,58341.2057077057,32453.1121753982,87660.5973415867,31037.8041115347,30780.8111533819,68681.2107234261,20930.8112390798,25379.2858912508,15454.9621979883,62341.9442744494,38331.7940130213,101045.9328974456,51133.6973979142,73177.2222549213,16386.2384321737,74239.3024775103,52172.7989899747,46844.0022352757,68888.6542209312,89313.8577840346,68510.1083711165,50363.5227979319,77217.6666419852,10908.9842037384,44512.6109957849,18782.6138020590,33909.2127031766,102362.9877314245,30677.2778954149,27964.9083118497,27868.6378269161,38179.5711963853,86917.2117167084,101246.4332031592,21002.3878759306,63721.5421438470,24642.3003371736,32714.3801798119,43818.6022403300,79660.9167819613,39300.9137878819,6070.7581400834,51039.8266891626,41313.9093480876,57372.4482132390,33038.7318998314,79927.8912376207,48063.1198095695,14001.0596771387,82302.0222888208,59638.6342531096,38310.3042205610,9995.3976517968,67502.5954063517,76780.2638531757,93454.0300742612,59799.6615422204,41811.5944608447,64890.6308157272,24664.7955042584,78584.4275653379,35717.1443072181,45817.8321328477,93995.4662136109,18600.8286530067,75588.0935042190,16605.3991900973,88695.3436852451,23868.6861806412,65450.6022498903,46653.5738455251,96477.9496007200,25251.5409494733,67806.4084539545,39346.0265597139,46837.0020062880,58667.3566645959,59586.3290725299,80837.0767688742,68556.5904013129,36250.3361602232,39134.0045444497,82074.4848158338,65215.1880641958,27412.8525082300,56440.9410869120,24033.9176107176,19337.9060044562,45755.1691660936,31136.6429370325,78957.6491377788,10392.0015089270,46229.6534689031,76818.4711081049,573.3321930927,32914.0314339966,87382.9597532453,67876.9574488889,103881.5365368078,22898.5826657668,31323.3734171307,74748.1908511437,34366.5025853371,17725.3470764856,58225.8222243435,12732.8643221951,37869.3088108721,16255.9896717921,80458.7997185972,13995.6299987833,33679.6119910084,10075.5918425642,17193.7812163442,23530.1663915574,82957.4135853215,46077.5910914691,50296.3897086761,25791.8111489275,20267.7341093468,48023.9501958584,94394.8855835517,20273.6542629865,61724.9983676231,12024.9179436450,100491.5622916398,44820.7294146711,56809.2866569886,41538.0042862827,32300.6810326916,53494.9190599116,51340.6584481483,38469.8987864039,30778.8787844483,26143.2888449703,16134.8591246258,93816.7305524763,18733.8782117784,54830.0754482829,48226.5843139520,75144.5778151213,73343.0815548642,63125.7820155454,69833.6282029345,44566.7143782636,42009.2529068138,19545.2132624792,29623.9724965804,26889.2826068001,84916.1720638002,41532.3686607008,112209.5212916450,33662.4730558511,35527.1040772562,70524.2693993261,59117.6672390129,83355.6339623010,62900.4678125414,10800.1433477414,54955.8389410535,54044.2912636553,63193.8828652263,69759.9218138232,29385.3158597839,88436.1095566196,67660.6118896528,21996.6364310642,76574.2523243473,37663.9217099682,71669.2822874488,70102.4393810251,56631.9989567295,83434.1775081001,9413.4574031185,83945.4767165478,82723.1851261664,82028.2473453206,70062.0669006630,50794.9581291774,57435.7122955122,22827.3826048092,91315.3836018053,64911.4903498231,4628.0741785249,58168.5886047088,43285.6536858560,33503.3527960365
2239,91888.3792164343,42695.2941626619,66722.5776157230,111087.1778634790,40346.1126374739,99544.9923201988,43479.2549853031,49052.4238245576,116654.3544577626,3176.3614662779,76677.0953234893,38274.1781406005,61569.4572540860,35538.8785060051,69654.1983511016,25962.3364359580,92344.5911324240,36546.2790744122,19512.5438670738,79454.9731155112,24581.0091367819,19130.7073515551,25967.1788625571,61494.7802837565,49644.8572272453,107124.1691857366,53500.7863797320,79248.1258974640,19629.8127575874,85517.7863979058,63063.0602948053,35546.4263921928,76789.8914554938,92175.3871776652,72456.7687813923,61428.4353697281,76853.9750991611,20738.4951472654,52299.9113175209,15117.1449897137,31959.9073787476,105630.8662681589,31661.5188831913,39076.9636032797,36817.0114764048,28048.0720651010,93091.1188981542,106003.1563529252,10478.5181834362,64975.0253268844,15245.0315144980,35859.5515901546,48368.2820009605,90250.5789404968,50155.6718682869,14539.3714158396,50660.6909747814,42748.9110553182,61362.4274186383,29164.3032183003,83737.0443582638,59331.2147363050,10494.0337529667,90746.7717434892,67054.6944101056,49372.0662214170,13387.8009981312,78808.2287229484,87792.0782304560,100353.5332706060,70280.2070219032,30730.6585020104,70230.3998852477,35927.3882259425,83622.7525176135,43155.2591697885,34954.4968915613,99538.6988653159,25845.2971466139,82671.4942055088,6213.8371137886,99528.6372912843,23166.0586219522,68141.5448777093,52836.5123696257,100450.0334444950,25033.1578115197,78906.6319047669,48311.8358020881,58128.1972963593,69782.0083110786,70841.3885704297,92032.1600282696,68593.5018807157,39712.4544198629,27923.3760615549,82595.0509877026,76487.9751206917,23654.5290145798,57208.4950665413,27399.7431734498,28691.7843291621,35845.3022416929,41276.6826763244,81756.1738540603,21704.5401445211,56816.0511043792,84793.9840768414,12341.9229276199,44102.3518030130,91194.9769784220,74653.3022209026,107901.2733119756,33277.3026995254,20838.0250998925,75452.1799543892,32839.8011878993,29027.3808562641,60765.7525139886,8199.7432638507,43701.6822449385,27081.8850315184,86303.7211053154,4449.7985567703,22494.8637607505,8480.8350672319,18033.8033750414,12405.2686765124,89753.7611794632,56839.2776879845,54219.8464716487,19181.8546187017,12617.3667423529,49166.4179337468,100596.6045118199,17228.7154230422,68008.3486930807,20085.1890749158,105950.0405526691,47700.1229922291,55415.9014171010,52727.3813535134,43610.4274639351,64799.5177091291,58214.7389476147,38430.0092399446,31355.3323790628,14926.1678266308,23829.3077176511,98577.2618936265,11102.6317658105,66078.2309034088,46663.1550830029,85936.6198918293,84512.8191009276,74017.3493061105,71144.2867973659,44586.1365850455,53256.3013289074,28885.0148433654,33313.8862471652,30205.5218870077,90297.3688185925,48446.6636002986,112499.2661836062,42404.5547545729,37309.6933467966,75624.3741141876,64022.8798618978,94381.8535107885,63085.3356704176,13554.6470959647,65250.8709912339,65246.7927419001,66725.5899098826,81073.4108002094,27170.6006529076,95527.4878141462,73617.0487322614,32924.5334089628,80998.4907791302,48354.2323702058,82637.0276293566,73272.3057374517,56293.6799293846,94267.1176158383,19913.9765745677,86899.7306938528,87064.5829198631,89963.1659960368,72236.5887867681,61914.0125213511,64212.0790513933,33982.4960616387,102287.9989179746,72466.1345126750,16342.2735425721,69014.0418458956,54286.0331823330,44474.1486144190
2240,0,0,0,0,0,0,0,0,0,0,0,0,0,0,0,0,0,0,0,0,0,0,0,0,0,0,0,0,0,0,0,0,0,0,0,0,0,0,0,0,0,0,0,0,0,0,0,0,0,0,0,0,0,0,0,0,0,0,0,0,0,0,0,0,0,0,0,0,0,0,0,0,0,0,0,0,0,0,0,0,0,0,0,0,0,0,0,0,0,0,0,0,0,0,0,0,0,0,0,0,0,0,0,0,0,0,0,0,0,0,0,0,0,0,0,0,0,0,0,0,0,0,0,0,0,0,0,0,0,0,0,0,0,0,0,0,0,0,0,0,0,0,0,0,0,0,0,0,0,0,0,0,0,0,0,0,0,0,0,0,0,0,0,0,0,0,0,0,0,0,0,0,0,0,0,0,0,0,0,0,0,0,0,0,0,0,0,0,0,0,0,0,0,0,0,0,0,0,0,0
2241,0,0,0,0,0,0,0,0,0,0,0,0,0,0,0,0,0,0,0,0,0,0,0,0,0,0,0,0,0,0,0,0,0,0,0,0,0,0,0,0,0,0,0,0,0,0,0,0,0,0,0,0,0,0,0,0,0,0,0,0,0,0,0,0,0,0,0,0,0,0,0,0,0,0,0,0,0,0,0,0,0,0,0,0,0,0,0,0,0,0,0,0,0,0,0,0,0,0,0,0,0,0,0,0,0,0,0,0,0,0,0,0,0,0,0,0,0,0,0,0,0,0,0,0,0,0,0,0,0,0,0,0,0,0,0,0,0,0,0,0,0,0,0,0,0,0,0,0,0,0,0,0,0,0,0,0,0,0,0,0,0,0,0,0,0,0,0,0,0,0,0,0,0,0,0,0,0,0,0,0,0,0,0,0,0,0,0,0,0,0,0,0,0,0,0,0,0,0,0,0
2242,0,0,0,0,0,0,0,0,0,0,0,0,0,0,0,0,0,0,0,0,0,0,0,0,0,0,0,0,0,0,0,0,0,0,0,0,0,0,0,0,0,0,0,0,0,0,0,0,0,0,0,0,0,0,0,0,0,0,0,0,0,0,0,0,0,0,0,0,0,0,0,0,0,0,0,0,0,0,0,0,0,0,0,0,0,0,0,0,0,0,0,0,0,0,0,0,0,0,0,0,0,0,0,0,0,0,0,0,0,0,0,0,0,0,0,0,0,0,0,0,0,0,0,0,0,0,0,0,0,0,0,0,0,0,0,0,0,0,0,0,0,0,0,0,0,0,0,0,0,0,0,0,0,0,0,0,0,0,0,0,0,0,0,0,0,0,0,0,0,0,0,0,0,0,0,0,0,0,0,0,0,0,0,0,0,0,0,0,0,0,0,0,0,0,0,0,0,0,0,0
2243,91274.0357203405,43853.2950901938,64985.7703574165,111733.6853532846,41089.2078648862,98103.6673701854,42516.8266477049,47861.3940250387,116639.8584443888,1550.6531454417,76981.0922527011,40010.6904136935,61182.5430783534,33803.9885805417,68073.0213416417,26093.0462877080,92215.5692857020,36155.5279311857,21041.4763058938,78120.6079293496,23182.7599218271,20358.7592412740,24649.3479370287,62164.7639355515,48034.7598468313,106770.9854526263,53674.5454039496,78873.3037572143,19386.9375606994,83977.2880592989,61688.2880101916,37106.8339172149,76085.9902031778,92337.4162395376,72423.8024589691,59729.9547303742,77480.0202862929,19002.6816779632,51582.1125169537,14511.2797110598,31325.7790585326,105740.4318196068,31936.7167672732,37616.5852511038,35845.3157395268,29100.6845148142,92711.6086869315,105872.8249965579,12200.7765427184,65344.8637326414,15997.7144078202,34589.1140409601,48183.9647315772,88971.9421193869,48437.7884029447,13303.4260441253,51236.0301201327,43025.0566174841,61302.5503955025,30139.4185140490,83740.8858658670,57798.0900976826,11006.3453881575,89949.4152969673,66428.7332758393,47934.6768492230,11820.7214937146,77184.3141281494,86380.7376276862,99851.2478339669,69024.9457721907,32446.6930739264,69967.1733703236,34282.0180070234,83426.6825188206,42474.3611107187,36272.2666838079,99272.2099698633,25093.1229275221,82122.7232279009,6982.8039932642,98179.3533863657,23601.7040634222,68298.7211691590,52398.0616413127,100443.5450979624,24083.4933252487,77460.1701459544,47367.0306160763,56493.1962176203,68328.5003887364,69185.8103096244,90543.6540826859,69149.3352369396,39662.6077554929,29408.2631269576,83100.1288776063,74951.8459505419,23234.5391314697,57633.5847888855,27267.9926661472,26959.8851445371,36848.1443217652,40078.5151283244,81916.7245539610,20128.8968146464,55526.1414307704,84082.8986547322,10635.7352219105,42430.4113375893,91206.1482149077,74150.7414331685,107892.5260328370,32010.1924938898,21989.4507705735,75921.0577787724,33499.7176230026,27464.7131613597,60931.5208818517,7393.1303255787,43292.5603241868,25372.2484169954,85974.8409657866,6647.5444995447,24195.8013025586,7764.4725283765,16836.1946343209,13824.3893638985,89262.3469193996,55114.4135515044,54153.1965539526,19261.7865568306,13966.4139710230,49512.0461621731,100217.7830953862,17920.8588690647,67582.5454655416,19130.4424923931,105702.3340142591,47776.0161120472,56150.0320568491,51053.5687512374,42036.8272334252,63175.4340697785,57670.2438479559,38905.1425092431,30360.5697827173,16624.5168044209,22141.8555354641,98440.8848316538,11251.6597822119,64558.6845669297,47396.1697608922,84598.0604484989,83036.3708819528,72645.0334376992,71516.5236241372,45081.5784724202,51736.6104280444,27807.3815322895,33187.8404662341,28885.0272830008,90050.7035854163,47872.2983512551,113063.7111932925,41488.4208680413,37504.3625784990,75408.5182127003,63820.7663041898,92965.8798920728,63609.4319026343,13163.7556407048,64040.1780503529,63574.3904861347,66748.9304286186,79490.6644281414,27885.2392844059,94987.4558403154,73254.9490623619,31218.8935190936,80900.1333340021,47030.7715384662,81240.7390189432,73363.4043685231,56878.7019959557,92917.2136295375,18567.1448915468,87041.9537781270,86986.3920628773,89263.4580773549,72479.9763205921,60457.4936048192,63695.1739962443,32502.6660484039,100892.3212619290,71821.7358242832,14756.1598903578,67655.0972127270,52872.0786728806,43065.7622051041
2244,0,0,0,0,0,0,0,0,0,0,0,0,0,0,0,0,0,0,0,0,0,0,0,0,0,0,0,0,0,0,0,0,0,0,0,0,0,0,0,0,0,0,0,0,0,0,0,0,0,0,0,0,0,0,0,0,0,0,0,0,0,0,0,0,0,0,0,0,0,0,0,0,0,0,0,0,0,0,0,0,0,0,0,0,0,0,0,0,0,0,0,0,0,0,0,0,0,0,0,0,0,0,0,0,0,0,0,0,0,0,0,0,0,0,0,0,0,0,0,0,0,0,0,0,0,0,0,0,0,0,0,0,0,0,0,0,0,0,0,0,0,0,0,0,0,0,0,0,0,0,0,0,0,0,0,0,0,0,0,0,0,0,0,0,0,0,0,0,0,0,0,0,0,0,0,0,0,0,0,0,0,0,0,0,0,0,0,0,0,0,0,0,0,0,0,0,0,0,0,0
2245,0,0,0,0,0,0,0,0,0,0,0,0,0,0,0,0,0,0,0,0,0,0,0,0,0,0,0,0,0,0,0,0,0,0,0,0,0,0,0,0,0,0,0,0,0,0,0,0,0,0,0,0,0,0,0,0,0,0,0,0,0,0,0,0,0,0,0,0,0,0,0,0,0,0,0,0,0,0,0,0,0,0,0,0,0,0,0,0,0,0,0,0,0,0,0,0,0,0,0,0,0,0,0,0,0,0,0,0,0,0,0,0,0,0,0,0,0,0,0,0,0,0,0,0,0,0,0,0,0,0,0,0,0,0,0,0,0,0,0,0,0,0,0,0,0,0,0,0,0,0,0,0,0,0,0,0,0,0,0,0,0,0,0,0,0,0,0,0,0,0,0,0,0,0,0,0,0,0,0,0,0,0,0,0,0,0,0,0,0,0,0,0,0,0,0,0,0,0,0,0
2246,0,0,0,0,0,0,0,0,0,0,0,0,0,0,0,0,0,0,0,0,0,0,0,0,0,0,0,0,0,0,0,0,0,0,0,0,0,0,0,0,0,0,0,0,0,0,0,0,0,0,0,0,0,0,0,0,0,0,0,0,0,0,0,0,0,0,0,0,0,0,0,0,0,0,0,0,0,0,0,0,0,0,0,0,0,0,0,0,0,0,0,0,0,0,0,0,0,0,0,0,0,0,0,0,0,0,0,0,0,0,0,0,0,0,0,0,0,0,0,0,0,0,0,0,0,0,0,0,0,0,0,0,0,0,0,0,0,0,0,0,0,0,0,0,0,0,0,0,0,0,0,0,0,0,0,0,0,0,0,0,0,0,0,0,0,0,0,0,0,0,0,0,0,0,0,0,0,0,0,0,0,0,0,0,0,0,0,0,0,0,0,0,0,0,0,0,0,0,0,0
2247,84895.8725211424,49674.1381188880,63599.2440701864,106830.4803820821,36674.9171768877,93238.0036942346,46939.3483236565,42206.6967411732,110527.0853801277,7128.1928944942,71361.1691011189,42116.4997513533,54812.7013189467,32223.7795837559,64029.9581115140,32401.0969059309,85995.7741969988,29792.2450678254,25878.9290054015,72856.0019741682,26170.1137304387,18397.7325836019,19484.7424707144,57415.9637534281,44289.5355816512,100408.2438076454,47868.0084284358,72505.1726585719,13171.5748929814,79637.4179489226,56588.1838301802,41660.0103262620,69742.1170891690,86465.2897406774,66309.0364083684,56918.7613188832,72572.3138971998,17968.4586336184,45243.7974205990,20138.8291941165,36660.6056256790,99785.3671766157,26416.0772433414,32970.2703763862,29763.9426060306,35105.8496634896,86340.7576387879,99648.4563161353,14688.2544425222,59871.5184812357,22290.6749967886,37956.9376378407,41940.1889039756,83523.6467642254,46070.9012409630,8077.3305801883,46279.5024785525,37434.9732355988,55166.8380427150,26694.2657389254,77661.4946996516,53466.6136016607,11053.5032084158,83667.2864540648,60052.7505532654,43129.7415436545,14449.0120128768,73457.4896498299,81396.7634651215,93459.4381908246,63521.3129225140,35649.6509960445,63653.7561821374,30984.1972222217,77154.9050730333,36116.1245737879,41743.2140294734,92951.0361255179,18770.6528491801,75732.5233045759,12831.4713635556,92952.9016436829,18582.2334827967,62441.2166175361,46015.3746763021,94344.7017165769,28755.2263772131,72636.9444276832,41242.6201636416,52928.6287440997,63550.6242524950,65783.0669152105,85907.9089048179,64083.0397464043,33571.5708087890,34357.9913056045,77886.8485116215,70599.5426389122,29012.5272061486,52295.7243507695,21124.3764272171,26388.3593234046,42917.1695442740,34455.2719327723,76050.2199240294,16496.9377157349,50140.6767705555,77743.1991690696,9463.8348103834,39351.2554894743,85131.6173165248,67759.0423015174,101788.6318931278,26613.9534245932,27850.2211696251,70637.7958847112,28920.7724900487,23548.2816197974,55098.1335025791,13021.2646801125,36919.6299943893,23164.6485745760,79623.8111511058,7746.3348906241,27766.3351049420,156.1629034995,20932.9417704787,19149.4328348348,82870.9607130383,52888.4157798623,48017.4957263003,25559.4847723328,13204.2139307171,44033.3954187938,93846.6689832180,13909.1987666301,61201.0359819280,13045.2642813904,99391.3991946458,41832.2778312913,51608.9333590486,47936.5297784501,38044.1353080141,59486.5430381427,51279.1927762713,33773.2251365503,34801.7850045189,20427.0283608169,22797.4684810423,92213.0189033298,17611.0635172063,60129.6375427144,42900.9414906509,79342.8728335334,78348.3556148523,67521.2605072638,66036.3620857612,39957.6746295156,47345.2321602177,21928.2899346474,27027.2640612559,32117.9325972811,83742.8258677804,41483.8540321175,107955.0484015090,35327.7043840088,31789.6950820319,69124.7297413445,57551.6559675401,87995.6970883524,58480.6688570148,7591.6656826972,58419.5461142326,60381.8246644802,60705.6884354397,75435.3328697596,23572.3658167678,88596.6943765752,66892.0395540675,28795.8478239493,74712.6373579793,41772.1196414635,76200.7138873841,67403.5134572293,51922.9526757530,87695.8770974795,13623.5177946107,81143.9873764264,80816.1404225679,82918.0523808200,66757.8639556123,55708.5561576507,57303.2989200866,27997.7154436009,95835.3372279297,65451.9739860597,11505.8425016858,62487.5646895609,47948.4070824334,38148.8178942890
2248,89702.1248233485,43792.5535688634,69466.0469321323,106955.7140110085,36169.7822874261,99890.0715647420,47771.6582450914,48570.3322042643,113296.9604444407,7053.2415453986,72896.9095661248,35744.5367227687,58941.6853404931,38115.3719776190,70734.2864179938,29407.0657115860,89189.5210718298,34029.6733297328,19424.7211149127,79392.5037857084,28701.6268238226,14866.5315013255,26144.7121353892,57357.9216819453,50951.0932056648,104368.7783505735,49918.8064052458,76563.7909130916,17030.3017066493,86350.6038141332,63196.4251409937,35030.6860103541,74837.2397456404,88570.5056106712,69161.4725400040,63368.8447613826,72745.4492510118,23457.7590403857,50447.0005788855,19320.3908815727,36140.4995687684,102092.6902880239,28001.1204976532,39678.0352581763,35736.3531701173,29595.5809211365,90399.8671737820,102840.6325369725,9282.4420977670,61125.1301510250,17797.6404802687,40085.9595483525,45384.4067803883,89962.9686369911,52349.4658026134,14785.8508505154,46609.6950507191,39048.4978142946,58127.9047550837,24882.4676344983,80371.3732715426,60180.4521111552,7783.6701863937,89005.4185558415,64936.3458232180,49814.3363522487,17269.6496821265,80130.5928162023,88023.9503917812,97909.6422262570,69945.9814397430,28975.7510775620,67342.4435260656,37530.4211932651,80593.3952628926,41255.8773586669,35554.2476936295,96623.4283864866,24302.5521849736,80349.3637129638,8034.6287115614,99494.3115224404,19342.1047297516,64562.5468230580,50340.7962958452,97088.4862188436,29326.3465517318,79303.6567032084,47077.5924013786,59565.8914618143,70228.5761275282,72396.2803687350,92600.0946126797,64548.2724609725,36522.3902582838,27890.6311503341,78591.2663486693,77312.8157650095,27708.1492147036,53303.1686881951,24445.3638208953,31696.1740623685,37453.6362732889,40864.4752249896,78160.1608527088,23061.4733607483,56646.1637816267,82845.7725100092,14794.2684464604,45856.8946138890,87811.9744220957,72242.4682139127,104539.0964409007,33172.4946738456,22217.6060488206,71487.4024822574,28737.0988679557,30206.0963787190,57183.6793897724,12489.3277401100,41181.2831540939,29291.8815305613,83519.7827959676,465.1762690157,21053.0357423964,7857.5718123656,22290.8347634318,13159.6244276213,87297.6190677145,59122.8524290741,51011.3623813567,22757.0490839248,8917.7482260909,45364.0354481070,97897.0547835617,13157.4241117930,65446.8227308242,19232.2081868064,102995.2791376880,44276.3527453048,51236.3819386902,54466.0765935290,44733.8227788560,66148.8826454811,55933.1943735857,34497.1192296618,35650.8987606502,13735.6590169274,27271.9589280428,95430.0099373098,14744.6945459436,66841.5675253130,42489.0200834986,85879.2061509535,85035.2851372419,74113.8987355940,67286.8641557409,40620.5114022163,54058.9434031298,28210.8851511806,30296.2389512391,34396.9801348977,87353.3872731892,46267.9617052138,108433.6410264859,41123.7248874435,33739.9763529912,72640.4496887877,61032.3134720382,94624.1921830470,59072.9129266543,11538.6797204063,64774.8942397633,66943.2055726703,63347.8419316630,82142.1535615822,23034.4249574753,93170.3076035432,70915.6457499647,35045.1716695553,77801.7875922977,48344.7781344861,82814.4960088382,69783.4661600635,52229.4687868457,94241.7131224469,20333.0251030983,83325.7243860579,83828.3543595865,87980.2389785738,68536.4822312785,62394.1342062812,61853.5325078666,34711.5534213487,102436.3749321549,70379.4536717521,17889.6861434029,69068.9720250862,54608.5366585819,44819.4879838427
2249,85577.5954284354,48779.5121921708,64527.4962410244,106759.1723771708,36454.1388793292,94257.5802258597,47069.3261148910,43162.9811953911,110875.4978734132,6603.3730045474,71497.8336845654,41105.1327614521,55367.3070653210,33146.6121516125,65070.2898135787,31918.4858954963,86407.1969137492,30338.2685891663,24887.4041482228,73850.1105805167,26526.4669818475,17682.4895320766,20503.8587756939,57292.6055594413,45327.1495928244,100950.1753664508,48068.8262665658,73056.1539743651,13568.5471909821,80674.8533887956,57597.1419934188,40642.2730675085,70470.3869225790,86699.8826219354,66656.1077602290,57930.6668997396,72495.4135685767,18805.1419505295,45981.6761317759,19927.9573506114,36562.4823716410,100056.5720216490,26494.3173489815,34004.8037619007,30637.0750597738,34259.4251974493,86896.0331059731,100063.3070909339,13648.4450173230,59955.6506519114,21563.3765334454,38277.8321145692,42366.1738422342,84498.5244970446,47057.5141992523,9111.6278779469,46203.9736119082,37548.7420396844,55524.5217746607,26251.3520354954,77990.6356510990,54505.1542654979,9707.0192130742,84441.0334867355,60740.8275447033,44156.9338366770,14781.6630334936,74496.3131268577,82410.5149863213,94082.2065806724,64492.2629271812,34610.0672515796,64138.5211663382,32007.1498163053,77603.7535822361,36835.6241428051,40798.2535268380,93443.4404600606,19539.2050984521,76379.5559596982,12006.1810274475,93948.5449020714,18480.4410020371,62666.5223704434,46597.7379566844,94685.0288461665,28805.0664371276,73659.8586384399,42095.4097989256,53963.8994674349,64576.3032628294,66815.8908566973,86937.5950560682,64046.1979643928,33899.8056815596,33367.0949487700,77895.5006728444,71637.0544478324,28772.9151000918,52333.8564840094,21477.5427497776,27209.7513188271,42083.4256452617,35419.3651254825,76281.3355263892,17519.7144444639,51127.1395361947,78474.6693003043,10225.8880528795,40369.4803951935,85458.7683634573,68380.6511222975,102131.9692232670,27609.0392865784,26978.3335460086,70665.3954402541,28727.5307878165,24584.9577816138,55311.9373251952,12771.5793758292,37481.3981678328,24119.8352954091,80149.8133712062,6709.2359287445,26727.3219682392,1355.7969836663,21071.6775007036,18214.8225948247,83487.4131088686,53869.5042636756,48374.2273176666,25083.8362780692,12313.5583973103,44112.7548018154,94402.2532277730,13519.7906277992,61779.1518645290,13942.8485928344,99873.9368053714,42089.8474439510,51431.5063356718,48958.5598589451,39083.9814916084,60524.3794877291,51922.7705397410,33736.0722209065,34913.0039633978,19395.6197471339,23469.5755522634,92630.0710816587,17079.8630418876,61166.2126118546,42705.9596653862,80337.1459134329,79376.5437003236,68527.1105642575,66124.4461830768,39924.2348998857,48383.2640863846,22859.9263304268,27393.9562409478,32450.6827262058,84222.4612930458,42143.5544181392,107938.9030275632,36169.9850764063,31945.6709330528,69583.1442176380,57997.8832745247,89009.8275326132,58459.3004271973,8530.2127012690,59376.3304095166,61408.3938569485,61014.7565361684,76475.5897872334,23302.0999615167,89239.4239213319,67434.8843389007,29773.8676851810,75102.7470538648,42772.3682095818,77211.3947901146,67673.9090507461,51850.6410844915,88692.3208955578,14658.5762819343,81388.8787630218,81195.9886023965,83643.5446489191,66930.7053239295,56736.1997213305,57932.0172601875,29036.1258383093,96843.5387146955,66149.6604193443,12493.1540311266,63490.8229428093,48969.2844081848,39172.1127566775
2250,0,0,0,0,0,0,0,0,0,0,0,0,0,0,0,0,0,0,0,0,0,0,0,0,0,0,0,0,0,0,0,0,0,0,0,0,0,0,0,0,0,0,0,0,0,0,0,0,0,0,0,0,0,0,0,0,0,0,0,0,0,0,0,0,0,0,0,0,0,0,0,0,0,0,0,0,0,0,0,0,0,0,0,0,0,0,0,0,0,0,0,0,0,0,0,0,0,0,0,0,0,0,0,0,0,0,0,0,0,0,0,0,0,0,0,0,0,0,0,0,0,0,0,0,0,0,0,0,0,0,0,0,0,0,0,0,0,0,0,0,0,0,0,0,0,0,0,0,0,0,0,0,0,0,0,0,0,0,0,0,0,0,0,0,0,0,0,0,0,0,0,0,0,0,0,0,0,0,0,0,0,0,0,0,0,0,0,0,0,0,0,0,0,0,0,0,0,0,0,0
2251,0,0,0,0,0,0,0,0,0,0,0,0,0,0,0,0,0,0,0,0,0,0,0,0,0,0,0,0,0,0,0,0,0,0,0,0,0,0,0,0,0,0,0,0,0,0,0,0,0,0,0,0,0,0,0,0,0,0,0,0,0,0,0,0,0,0,0,0,0,0,0,0,0,0,0,0,0,0,0,0,0,0,0,0,0,0,0,0,0,0,0,0,0,0,0,0,0,0,0,0,0,0,0,0,0,0,0,0,0,0,0,0,0,0,0,0,0,0,0,0,0,0,0,0,0,0,0,0,0,0,0,0,0,0,0,0,0,0,0,0,0,0,0,0,0,0,0,0,0,0,0,0,0,0,0,0,0,0,0,0,0,0,0,0,0,0,0,0,0,0,0,0,0,0,0,0,0,0,0,0,0,0,0,0,0,0,0,0,0,0,0,0,0,0,0,0,0,0,0,0
2252,0,0,0,0,0,0,0,0,0,0,0,0,0,0,0,0,0,0,0,0,0,0,0,0,0,0,0,0,0,0,0,0,0,0,0,0,0,0,0,0,0,0,0,0,0,0,0,0,0,0,0,0,0,0,0,0,0,0,0,0,0,0,0,0,0,0,0,0,0,0,0,0,0,0,0,0,0,0,0,0,0,0,0,0,0,0,0,0,0,0,0,0,0,0,0,0,0,0,0,0,0,0,0,0,0,0,0,0,0,0,0,0,0,0,0,0,0,0,0,0,0,0,0,0,0,0,0,0,0,0,0,0,0,0,0,0,0,0,0,0,0,0,0,0,0,0,0,0,0,0,0,0,0,0,0,0,0,0,0,0,0,0,0,0,0,0,0,0,0,0,0,0,0,0,0,0,0,0,0,0,0,0,0,0,0,0,0,0,0,0,0,0,0,0,0,0,0,0,0,0
2253,101194.2912521591,31689.0537406628,81008.2511463927,110272.3450469968,40540.1729582942,113566.9353243832,50487.0477727795,62096.2560911035,121393.7812796205,18511.9086527261,79336.8035420457,10378.5371773743,69737.2470185630,50065.2092895682,84217.5681543908,25869.5779585892,98195.6638575032,45514.9174518118,7825.6541178731,93025.0705097705,35925.2091051175,17671.6922600820,39819.0259186528,61341.7874820274,64292.7225190453,114493.7298185003,57824.8687693967,87047.5057953407,29106.7528412200,99942.7380910618,76866.5690909585,21371.7653382627,86815.7281626933,95753.3131554248,77873.1486786350,76155.0369460630,76710.8023215374,35280.0231116705,62752.7235133343,22715.2358835247,37099.4655668247,109479.9967714339,36492.0377462767,53309.5104018714,48980.5862551474,19165.0178913029,100769.0730805143,111727.1826800996,9739.8196541761,67352.3978330386,13333.0837915344,45676.8498553459,55506.0777285750,103518.7997119761,64830.1945360453,28424.4178425915,51775.1299653396,46759.5302288889,67221.7525884802,28249.6216184320,88684.0960160083,73756.7441516977,18357.3678081696,101248.7372879695,76700.0691690730,63479.6582994327,26567.0263655255,93475.3128966556,101698.1553363888,108830.8478402019,83499.4193117500,11290.8641178443,77378.1837413680,50642.2907472734,90081.0135699672,53602.0771119508,22847.7301284073,106339.5193505041,37330.9371333703,91623.2630296771,10742.7034131654,113126.6571608023,27888.7536361590,72173.9871663571,61541.8395277475,105271.7546782328,33174.9950155246,92978.2475623886,60117.0399608645,72821.3531654410,83898.4895246738,85563.0429075505,106258.3528034850,69269.8629680145,46297.7807902584,14591.6590542336,83425.4884414733,90904.9041667690,28213.3815752089,59358.9793923168,35389.3451751721,42906.4627826868,26639.1985474222,54435.8196340833,85497.8697249516,36322.8170372471,70266.4659533168,94791.7879986924,27060.1043209167,58838.6729885871,95984.1167181840,83388.1391734081,112668.7295303165,46832.3234319910,12377.7888810916,76735.2712840062,34446.5416496136,43595.4747468735,64919.1531550337,19027.6970907024,52490.7554657039,41789.5713898777,93692.2941776811,12641.0653982700,5698.2969610051,21533.1277196510,28590.8402994652,10472.1029533156,98245.7664751042,71471.0084966744,60328.9705988772,21059.9960634742,12965.1190451516,52296.9552945879,108202.4221576872,21388.4579263716,76322.4827116765,32763.2848042857,112556.4887225022,52997.4134131926,54882.9387120886,67464.1840595601,58176.7499200048,79470.3703972434,67484.9359957791,41117.8837015595,39285.7555076455,39.6056251058,37508.9086056135,104417.1089109935,16005.9270794977,80448.9788293082,46549.0535985250,99510.3818084593,98698.9764502606,87777.3639420516,73348.5701923176,46703.1268972717,67647.2603278693,41734.6170658545,40800.3256800325,40671.0338110191,97046.1778993525,58120.5851645452,112415.1245319088,54164.2370052541,42283.2461251441,82342.5824993344,70854.8165646665,108298.5556692503,64193.0463315832,24639.8563339908,78273.5239628757,79982.7997026157,71831.7226251878,95635.3958291086,29010.3395720927,104302.3995479380,81405.8948355405,47640.0409689782,86766.0334867968,62004.0784497494,96485.2122416106,77716.8868885378,57089.1921448543,107877.6634444234,33965.8014216414,90709.6455055996,92595.0447289733,99845.9332086463,75485.2760454229,76058.8549178116,73195.9714718112,48302.7776021438,116101.4910613391,82159.5967367088,30998.1479319207,82728.0941974444,68284.2405933381,58492.0760050098
2254,87836.8534733697,46753.3729833221,64778.8709596417,108628.4480618104,38149.6459189808,95842.4616353372,45333.1613984965,45053.2935436799,113113.9897475258,2935.3822760109,73594.7757049944,40448.5795625321,57655.5231265898,33418.0807400397,66317.9029613114,29639.9032885128,88672.1422070585,32626.5641033120,23183.5538473622,75590.9853599908,25216.2904291449,18439.3227338318,22134.0965820999,59107.3318054387,46439.5026727141,103238.5478536831,50222.8010960360,75344.5010355851,15840.3954961784,82046.7774936298,59262.2536619408,39085.8794160964,72703.6709400124,88872.2107878452,68895.9823507079,58701.5101818696,74364.4231024337,18801.4722419831,48207.9832437776,17821.7701540815,34545.4847796843,102252.4488798643,28560.6326802383,35456.3967882022,32714.7070408669,32149.3486389213,89184.3030503554,102329.0761136588,12659.3432496700,62006.8969100042,19325.8065730732,36868.9766532229,44637.8493791967,86319.0941988355,47648.9974629593,10667.1398629713,48086.4630079098,39636.7317531432,57770.1797056885,27593.0007788843,80220.9526844529,55857.8382791144,11945.5371224371,86639.2047275992,62996.7429798187,45689.2346927321,13511.0982170411,75627.2345094026,84039.5511313506,96361.7794130180,66329.6804286818,33534.9269710456,66422.2013190920,32918.7714954855,79879.8774222613,39073.6196827287,38899.9155397828,95727.9095717346,21740.6919698792,78652.1685402945,9871.8342736395,95679.5198943100,20377.4657968326,64835.0552181531,48883.8193849234,96920.1293422448,26980.0156189612,75220.7247318161,44202.9126521594,55016.9560365034,66114.3978229037,67817.9822236526,88428.6091440622,65966.6672047556,36135.7000107254,31650.0058668051,79864.3096361318,73009.6613836780,26628.4717561055,54341.7835868138,23729.4537731201,27096.3573727910,39954.1342548549,37287.9269085924,78452.1937669179,18488.5906126475,52907.1641442083,80705.9105704319,10125.4278582134,41217.3731458963,87687.6356582228,70660.2453894543,104368.2735054229,29363.9844326188,24912.4364915062,72656.4420735402,30476.2541387710,25712.3786928508,57473.6032278170,10654.9104118768,39769.1320767979,24585.0979549254,82437.6945020253,5575.8724756614,25487.7829844519,4220.8254298877,19402.7151578839,16302.9839170331,85768.3365260546,54417.8004297724,50620.2749805596,22808.2141210049,12540.6980135282,46165.4760821853,96690.5242012092,15040.5328933269,64065.8799719743,15986.2755535313,102156.8013177515,44284.3201901550,53175.2253889112,49834.6556723458,40283.1014220112,61631.3744784730,54196.0316307175,35675.1221936615,33163.6632156890,18021.9694085276,22911.1899850077,94896.7239245364,14794.4297411660,62562.8144771702,44431.7350762166,82076.3036934117,80885.6253931822,70207.7890564972,68177.9107468761,41861.4609312962,49753.6391745042,24825.7360730740,29648.4996949749,31076.3418303991,86504.9862278361,44410.9663966422,109874.8825890011,38292.5433772744,34072.7914568281,71861.7088089995,60273.9554854174,90635.3109532631,60399.8042483556,9624.2389299877,61261.6661681673,62326.3750083185,63235.9082918796,77734.5075324910,24952.6622336236,91513.5295735694,69723.2809977163,30345.4470419188,77360.4365530208,44491.5070463749,78861.3683627914,69871.7543903185,53733.6107754765,90419.9141339924,16153.9928067762,83568.7579059243,83449.3891207389,85878.7819511452,69058.8432160619,58257.5338158159,60209.6763560185,30417.7628968318,98506.1404126326,68400.8670497775,13246.2325709888,65187.1087526360,50555.2305489230,40743.9646732557
2255,88168.5437968490,46317.3106477307,65233.4472086618,108606.9636988283,38076.7868299557,96332.5947906379,45416.7873193602,45510.7026357492,113289.8235704761,3121.9108116258,73675.2229048480,39970.0733525050,57929.9828716217,33878.1191780098,66818.8114858475,29417.5233029663,88878.6214498447,32900.8443904819,22697.6133842225,76068.2360099834,25431.2353513753,18156.5149504154,22617.9148770178,59069.5988049572,46940.3084586609,103505.0547744077,50337.8920900075,75616.2019165716,16065.6885177997,82545.8357457073,59746.0520859676,38591.5180139499,73056.9637306291,88996.4345250558,69074.4273369348,59192.5447660478,74344.7879271182,19241.7157804022,48565.7463462691,17760.0673303342,34520.9758100222,102392.7414535991,28633.3273055556,35952.0359157999,33132.3817433219,31735.9720140508,89457.4285900994,102536.4318715921,12168.2998664341,62065.1659269211,18974.2770859416,37052.3066332043,44856.1625703494,86787.4659383567,48130.9342532255,11151.4299938669,48075.2704211670,39716.6438455164,57955.0573729357,27426.7602159962,80389.9244851860,56357.1226616055,11642.1493432845,87013.5279866313,63331.7111507160,46181.5192613831,13752.9479368802,76128.0533806080,84526.5842943825,96666.0149595782,66795.4809745072,33036.5976199754,66664.0897123097,33416.2162993320,80104.2421734056,39423.2528668120,38438.5719915205,95971.6345183736,22111.4914197503,78967.9795073798,9462.0275215843,96158.0413544272,20384.7421173490,64958.0127311707,49171.5875953986,97093.0361028149,27039.2208030659,75712.0758834342,44612.5168959142,55516.9449557997,66606.8808644011,68316.8325656027,88923.6626955874,65967.6320207460,36313.2905062347,31166.2031038180,79883.9498901392,73508.6410473657,26537.2732906363,54380.8614940209,23926.0853483445,27519.2926746423,39547.8936663934,37748.0712525191,78575.8834598613,18988.5087980132,53379.6114672614,81060.6550563568,10569.1417240767,41712.2965714114,87855.0501523629,70964.5844796798,104542.1587772512,29837.5516834595,24484.8440833211,72686.1715812516,30423.8788121625,26213.4551966590,57592.7345251266,10599.2430000529,40048.8463008679,25062.3191243260,82697.5473650677,4623.1940124739,24986.8924222470,4920.5134026909,19522.7731123499,15840.2415164772,86069.8677901592,54896.5466080254,50806.0753571882,22593.5386096211,12180.3668794204,46226.5608450530,96963.5601246748,14938.2289470435,64350.6090843294,16409.4251655810,102395.6956284456,44427.0876999193,53114.1817186114,50330.2265758715,40784.1612896501,62132.0268007462,54511.0425398983,35689.1633000152,33246.6887167990,17521.1098786118,23276.3125340989,95105.4665500686,14556.8852296490,63061.0461783406,44366.6750569512,82553.8350549414,81379.7783125994,70690.5409154674,68236.6984898332,41872.9553616407,50252.4037736874,25268.0684303331,29846.3296515696,31271.2700841660,86743.2016031765,44733.7427676668,109879.4269149652,38696.9578297459,34175.1288748346,72091.0639076051,60498.8510653180,91122.6760503666,60409.4253023057,9892.1579382629,61720.5009350364,62823.0207278261,63397.6630996307,78235.3614454537,24873.1504633707,91827.1082029706,69991.5440391843,30828.0913559006,77557.8647268408,44969.9511916809,79346.7625516987,70014.7322092334,53721.5995605829,90898.7048234451,16645.0546858432,83698.2904236781,83641.5830108773,86230.7475001498,69156.8239191907,58750.7437408244,60517.6686555532,30915.6058453068,98990.7730029713,68740.1471263216,13742.2355067553,65668.3922201828,51044.5225876859,41233.7459854711
2256,0,0,0,0,0,0,0,0,0,0,0,0,0,0,0,0,0,0,0,0,0,0,0,0,0,0,0,0,0,0,0,0,0,0,0,0,0,0,0,0,0,0,0,0,0,0,0,0,0,0,0,0,0,0,0,0,0,0,0,0,0,0,0,0,0,0,0,0,0,0,0,0,0,0,0,0,0,0,0,0,0,0,0,0,0,0,0,0,0,0,0,0,0,0,0,0,0,0,0,0,0,0,0,0,0,0,0,0,0,0,0,0,0,0,0,0,0,0,0,0,0,0,0,0,0,0,0,0,0,0,0,0,0,0,0,0,0,0,0,0,0,0,0,0,0,0,0,0,0,0,0,0,0,0,0,0,0,0,0,0,0,0,0,0,0,0,0,0,0,0,0,0,0,0,0,0,0,0,0,0,0,0,0,0,0,0,0,0,0,0,0,0,0,0,0,0,0,0,0,0
2257,0,0,0,0,0,0,0,0,0,0,0,0,0,0,0,0,0,0,0,0,0,0,0,0,0,0,0,0,0,0,0,0,0,0,0,0,0,0,0,0,0,0,0,0,0,0,0,0,0,0,0,0,0,0,0,0,0,0,0,0,0,0,0,0,0,0,0,0,0,0,0,0,0,0,0,0,0,0,0,0,0,0,0,0,0,0,0,0,0,0,0,0,0,0,0,0,0,0,0,0,0,0,0,0,0,0,0,0,0,0,0,0,0,0,0,0,0,0,0,0,0,0,0,0,0,0,0,0,0,0,0,0,0,0,0,0,0,0,0,0,0,0,0,0,0,0,0,0,0,0,0,0,0,0,0,0,0,0,0,0,0,0,0,0,0,0,0,0,0,0,0,0,0,0,0,0,0,0,0,0,0,0,0,0,0,0,0,0,0,0,0,0,0,0,0,0,0,0,0,0
2258,93970.5874572538,39193.3550565766,73123.9287289396,108475.2320120637,37726.6816201752,104683.1255417551,47751.9012903279,53389.2537136878,116468.8884597053,10176.7246841029,75430.3590563691,31872.4480950181,62947.6496760717,41906.6872617221,75357.7277993698,26928.9551850467,92640.3023877756,38204.6135545052,14617.3851860842,84215.6493384871,30252.8197575300,15060.6923958753,30930.0216072760,58959.2970971774,55484.3541831802,108207.6732090163,52883.7756976837,80493.0671310031,21319.7044784336,91049.3109764517,68006.7028140337,30221.6956826773,79247.6718856891,91397.7229542946,72475.9733474726,67609.4763837870,74408.6399289726,27117.1589053346,54937.1462707910,18962.3223525248,35334.1509192022,105011.0253667604,31003.3729016867,44408.2304348295,40492.2153845081,25269.3669100945,94306.7326124202,106267.4446173712,2720.9855768457,63543.1025349319,14527.9072873362,41104.8027095037,49119.9304715857,94786.2692113956,56428.5451980500,19523.3062829011,48564.6864528347,41873.0279333171,61545.7224516599,25831.7002592394,83571.9717681965,64866.3058440791,10597.4357894413,93504.3594793444,69270.3592481767,54581.6082997051,19539.2001877863,84672.1151463945,92828.5816311353,102001.9934251808,74768.7650590654,24539.5940669220,71107.0017819132,41923.6594602388,84194.5343722263,45745.7021504106,30823.5266437080,100320.6957674226,28981.3134675868,84541.2039959252,4284.8783508530,104317.2898396131,22202.7154054005,67481.2769727929,54466.2469451888,100271.1522885965,29486.6690865446,84086.9148244199,51785.2225629617,64052.3739566238,75002.4417364800,76837.8677086502,97357.6924397099,66447.0304575869,40089.1513399859,23073.9650607757,80578.5060465721,82011.2420181619,26555.4665570316,55622.7385822638,28359.0354130372,35100.5063038463,33109.8913659062,45687.7909818553,81019.8514347017,27525.5245727624,61470.7020742198,87251.4290491873,18621.3848888778,50186.3057790153,90977.3424235326,76384.5597083070,107712.7655248645,37990.8072757756,17882.1326255335,73598.0521369337,30678.7611236197,34758.8276492924,60120.0731693319,13116.2283615200,45319.8486663801,33335.6565898215,87354.3107522038,7176.2261754504,16442.8663739724,12653.7687945419,23296.2337054656,8722.7460714973,91390.4633609820,63144.5568094202,54483.7956356136,20653.0877587245,9531.9193990433,47951.2090571367,101789.7425145430,15639.7824286978,69490.8175982392,24046.2401491050,106647.2654935427,47504.9980525346,52678.2144704247,58810.4224467489,49327.1602891429,70674.5806009063,60186.6179849458,36870.8593311434,35841.4159382189,12941.5616414658,30174.3356960339,98882.3030819017,13170.1547595408,71551.6718618599,44005.9206853715,90702.4546824987,89799.7111998224,78928.5864296319,69669.7453426829,42859.2237264892,58753.5102222038,33026.7013573603,34090.7545453650,35628.5957975958,91032.6315674591,50604.2587591508,110187.0002598444,45827.5840013994,36827.1732202511,76301.3424396540,64710.7319517062,99428.4300303622,61088.2872139574,16196.3858740424,69591.2251566819,71315.5463609255,66568.1510632914,86772.9239090724,24949.1744591702,97326.8654769181,74839.2914835262,39155.1533856070,81220.6596765657,53162.3325554856,87623.6963785087,72829.6567301578,54113.6149318904,99064.2262539579,25064.2068728550,86212.3496256380,87190.0631702352,92364.1277768091,71235.2426247268,67160.2596550114,66046.8415173304,39406.8546774876,107249.5910493788,74724.0411188520,22245.9403980675,73885.8783738303,59395.8599685159,49599.1529917817
2259,0,0,0,0,0,0,0,0,0,0,0,0,0,0,0,0,0,0,0,0,0,0,0,0,0,0,0,0,0,0,0,0,0,0,0,0,0,0,0,0,0,0,0,0,0,0,0,0,0,0,0,0,0,0,0,0,0,0,0,0,0,0,0,0,0,0,0,0,0,0,0,0,0,0,0,0,0,0,0,0,0,0,0,0,0,0,0,0,0,0,0,0,0,0,0,0,0,0,0,0,0,0,0,0,0,0,0,0,0,0,0,0,0,0,0,0,0,0,0,0,0,0,0,0,0,0,0,0,0,0,0,0,0,0,0,0,0,0,0,0,0,0,0,0,0,0,0,0,0,0,0,0,0,0,0,0,0,0,0,0,0,0,0,0,0,0,0,0,0,0,0,0,0,0,0,0,0,0,0,0,0,0,0,0,0,0,0,0,0,0,0,0,0,0,0,0,0,0,0,0
2260,0,0,0,0,0,0,0,0,0,0,0,0,0,0,0,0,0,0,0,0,0,0,0,0,0,0,0,0,0,0,0,0,0,0,0,0,0,0,0,0,0,0,0,0,0,0,0,0,0,0,0,0,0,0,0,0,0,0,0,0,0,0,0,0,0,0,0,0,0,0,0,0,0,0,0,0,0,0,0,0,0,0,0,0,0,0,0,0,0,0,0,0,0,0,0,0,0,0,0,0,0,0,0,0,0,0,0,0,0,0,0,0,0,0,0,0,0,0,0,0,0,0,0,0,0,0,0,0,0,0,0,0,0,0,0,0,0,0,0,0,0,0,0,0,0,0,0,0,0,0,0,0,0,0,0,0,0,0,0,0,0,0,0,0,0,0,0,0,0,0,0,0,0,0,0,0,0,0,0,0,0,0,0,0,0,0,0,0,0,0,0,0,0,0,0,0,0,0,0,0
2261,0,0,0,0,0,0,0,0,0,0,0,0,0,0,0,0,0,0,0,0,0,0,0,0,0,0,0,0,0,0,0,0,0,0,0,0,0,0,0,0,0,0,0,0,0,0,0,0,0,0,0,0,0,0,0,0,0,0,0,0,0,0,0,0,0,0,0,0,0,0,0,0,0,0,0,0,0,0,0,0,0,0,0,0,0,0,0,0,0,0,0,0,0,0,0,0,0,0,0,0,0,0,0,0,0,0,0,0,0,0,0,0,0,0,0,0,0,0,0,0,0,0,0,0,0,0,0,0,0,0,0,0,0,0,0,0,0,0,0,0,0,0,0,0,0,0,0,0,0,0,0,0,0,0,0,0,0,0,0,0,0,0,0,0,0,0,0,0,0,0,0,0,0,0,0,0,0,0,0,0,0,0,0,0,0,0,0,0,0,0,0,0,0,0,0,0,0,0,0,0
2262,0,0,0,0,0,0,0,0,0,0,0,0,0,0,0,0,0,0,0,0,0,0,0,0,0,0,0,0,0,0,0,0,0,0,0,0,0,0,0,0,0,0,0,0,0,0,0,0,0,0,0,0,0,0,0,0,0,0,0,0,0,0,0,0,0,0,0,0,0,0,0,0,0,0,0,0,0,0,0,0,0,0,0,0,0,0,0,0,0,0,0,0,0,0,0,0,0,0,0,0,0,0,0,0,0,0,0,0,0,0,0,0,0,0,0,0,0,0,0,0,0,0,0,0,0,0,0,0,0,0,0,0,0,0,0,0,0,0,0,0,0,0,0,0,0,0,0,0,0,0,0,0,0,0,0,0,0,0,0,0,0,0,0,0,0,0,0,0,0,0,0,0,0,0,0,0,0,0,0,0,0,0,0,0,0,0,0,0,0,0,0,0,0,0,0,0,0,0,0,0
2263,0,0,0,0,0,0,0,0,0,0,0,0,0,0,0,0,0,0,0,0,0,0,0,0,0,0,0,0,0,0,0,0,0,0,0,0,0,0,0,0,0,0,0,0,0,0,0,0,0,0,0,0,0,0,0,0,0,0,0,0,0,0,0,0,0,0,0,0,0,0,0,0,0,0,0,0,0,0,0,0,0,0,0,0,0,0,0,0,0,0,0,0,0,0,0,0,0,0,0,0,0,0,0,0,0,0,0,0,0,0,0,0,0,0,0,0,0,0,0,0,0,0,0,0,0,0,0,0,0,0,0,0,0,0,0,0,0,0,0,0,0,0,0,0,0,0,0,0,0,0,0,0,0,0,0,0,0,0,0,0,0,0,0,0,0,0,0,0,0,0,0,0,0,0,0,0,0,0,0,0,0,0,0,0,0,0,0,0,0,0,0,0,0,0,0,0,0,0,0,0
2264,0,0,0,0,0,0,0,0,0,0,0,0,0,0,0,0,0,0,0,0,0,0,0,0,0,0,0,0,0,0,0,0,0,0,0,0,0,0,0,0,0,0,0,0,0,0,0,0,0,0,0,0,0,0,0,0,0,0,0,0,0,0,0,0,0,0,0,0,0,0,0,0,0,0,0,0,0,0,0.0000000000,0,0,0,0,0,0,0,0,0,0,0,0,0,0,0,0,0,0,0,0,0,0,0,0,0,0,0,0,0,0,0,0,0,0,0,0,0,0,0,0,0,0,0,0,0,0,0,0,0,0,0,0,0,0,0,0,0,0,0,0,0,0,0,0,0,0,0,0,0,0,0,0,0,0,0,0,0,0,0,0,0,0,0,0,0,0,0,0,0,0,0,0,0,0,0,0,0,0,0,0,0,0,0,0,0,0,0,0,0,0,0,0,0,0,0,0,0,0,0,0,0
2265,0,0,0,0,0,0,0,0,0,0,0,0,0,0,0,0,0,0,0,0,0,0,0,0,0,0,0,0,0,0,0,0,0,0,0,0,0,0,0,0,0,0,0,0,0,0,0,0,0,0,0,0,0,0,0,0,0,0,0,0,0,0,0,0,0,0,0,0,0,0,0,0,0,0,0,0,0,0,0,0,0,0,0,0,0,0,0,0,0,0,0,0,0,0,0,0,0,0,0,0,0,0,0,0,0,0,0,0,0,0,0,0,0,0,0,0,0,0,0,0,0,0,0,0,0,0,0,0,0,0,0,0,0,0,0,0,0,0,0,0,0,0,0,0,0,0,0,0,0,0,0,0,0,0,0,0,0,0,0,0,0,0,0,0,0,0,0,0,0,0,0,0,0,0,0,0,0,0,0,0,0,0,0,0,0,0,0,0,0,0,0,0,0,0,0,0,0,0,0,0
2266,56041.7556124852,83872.0297628655,49441.6688803034,100879.0009566897,45506.3432908612,60047.3912831070,65721.7969092185,11963.2707301734,90790.4602890050,38374.8964924821,61477.3412869632,72592.8909164231,33058.0824719961,28905.2391812233,35148.7517070347,63093.3191674295,65548.2329735702,20164.6106338824,60141.1490958650,38882.2274653888,44771.8313983094,44442.1934416680,15745.2910337842,58157.9893464294,21112.6714912621,75108.7458075371,40432.4411099924,48515.7415802129,26965.9516724222,48505.9721814530,23335.7571615597,75621.2025973292,40196.5664741025,71792.8517958237,49996.3109143189,35997.6954559705,69581.0490122360,30027.8006747072,18498.3128929199,49088.5900314737,61397.0503945643,83023.9880752505,32627.3367831599,14131.0533151372,7564.0609969073,69096.2035749821,61258.0899202116,78302.8713818860,48046.7355580673,53485.5145614231,55711.1392423001,53874.0589209954,28866.0804841316,49249.2982761775,30903.6239562753,26720.3665085831,48024.1746429745,36574.4737555462,40460.4827180264,44512.7062253577,60624.9189440475,24239.0422408631,36436.2774667232,52323.2434362240,32615.3171856966,12947.9383348421,38790.9325354993,45405.1169773552,48008.9837849098,66011.1700571759,29229.6976503399,68260.1935721711,42936.4925424513,19419.7343833213,56164.8464986862,14398.4660041724,76087.8086747459,69496.0998241869,17901.0556413827,48370.9451210165,46951.9669173763,58952.3397459507,34184.7718869125,50887.8880666656,25457.6268896355,75664.6261569262,52321.3935491375,39888.2444179481,13173.4765270538,28382.3815537568,31262.8529509969,40106.0399031787,53517.6793045298,60938.3935903508,28185.4928618645,68612.5813134451,71489.0513993806,39788.3825259606,56934.2960564306,48975.9345366254,25610.6055015107,32004.9513934695,76782.3951131238,1258.5649656432,62460.5053338451,22708.8290047475,16158.7461050164,47727.5277625847,32099.0816647741,22919.1547430775,67511.3550042570,41825.8884366116,82605.3598928499,13306.7366895800,62006.1026576573,64459.8019743381,40161.6781930157,17623.1010560486,45361.1413707203,43804.6673055817,21314.8028800958,25233.1730273756,55893.3630066859,41740.1058904299,61125.5344195561,33025.2771347333,45194.2636678652,53489.8709949690,56065.9447964622,36356.1785108856,35214.0164164868,56661.3683097317,43536.7029868070,41705.7156158778,68394.7707315963,37181.4799521302,37524.1127714790,21509.8727463495,75944.0481135939,34602.3250662135,55166.4221857698,27525.2930904545,16212.5083629242,33041.6294614498,26883.8814123469,38831.5616634031,55993.7943518425,54269.3221829748,35670.6965355153,71188.8363372363,49880.7839634520,29637.1602755414,49095.5152688992,45348.6417537520,45934.1986598218,33936.6586361040,58500.6033849557,42424.0786688516,18887.9832871859,12538.0320842031,25359.1505407250,49280.5822646809,61232.2238504489,19471.8617065285,100121.6443204069,9519.3224378233,32580.7410574072,48621.8819629402,39208.5284845366,54577.0965508074,55781.6771743428,29766.6706884891,24072.2434280497,36616.0447072647,46592.6426940159,45706.7347441744,39165.6743524316,60742.3703030647,43740.4475744211,24064.1292937900,55922.8231573482,12423.0331979322,42723.7649932166,53554.0999603964,52174.1052113968,53724.3340647608,21736.4886993589,66587.0928227440,61804.0682453388,52886.6825079248,56292.3167078379,24005.2589938410,32367.0751502582,12443.0693627581,62153.9783844535,37173.9276110318,27024.6884090800,28865.3107132104,16108.1137297687,16861.0338641243
2267,0,0,0,0,0,0,0,0,0,0,0,0,0,0,0,0,0,0,0,0,0,0,0,0,0,0,0,0,0,0,0,0,0,0,0,0,0,0,0,0,0,0,0,0,0,0,0,0,0,0,0,0,0,0,0,0,0,0,0,0,0,0,0,0,0,0,0,0,0,0,0,0,0,0,0,0,0,0,0,0,0,0,0,0,0,0,0,0,0,0,0,0,0,0,0,0,0,0,0,0,0,0,0,0,0,0,0,0,0,0,0,0,0,0,0,0,0,0,0,0,0,0,0,0,0,0,0,0,0,0,0,0,0,0,0,0,0,0,0,0,0,0,0,0,0,0,0,0,0,0,0,0,0,0,0,0,0,0,0,0,0,0,0,0,0,0,0,0,0,0,0,0,0,0,0,0,0,0,0,0,0,0,0,0,0,0,0,0,0,0,0,0,0,0,0,0,0,0,0,0
2268,0,0,0,0,0,0,0,0,0,0,0,0,0,0,0,0,0,0,0,0,0,0,0,0,0,0,0,0,0,0,0,0,0,0,0,0,0,0,0,0,0,0,0,0,0,0,0,0,0,0,0,0,0,0,0,0,0,0,0,0,0,0,0,0,0,0,0,0,0,0,0,0,0,0,0,0,0,0,0,0,0,0,0,0,0,0,0,0,0,0,0,0,0,0,0,0,0,0,0,0,0,0,0,0,0,0,0,0,0,0,0,0,0,0,0,0,0,0,0,0,0,0,0,0,0,0,0,0,0,0,0,0,0,0,0,0,0,0,0,0,0,0,0,0,0,0,0,0,0,0,0,0,0,0,0,0,0,0,0,0,0,0,0,0,0,0,0,0,0,0,0,0,0,0,0,0,0,0,0,0,0,0,0,0,0,0,0,0,0,0,0,0,0,0,0,0,0,0,0,0
2269,0,0,0,0,0,0,0,0,0,0,0,0,0,0,0,0,0,0,0,0,0,0,0,0,0,0,0,0,0,0,0,0,0,0,0,0,0,0,0,0,0,0,0,0,0,0,0,0,0,0,0,0,0,0,0,0,0,0,0,0,0,0,0,0,0,0,0,0,0,0,0,0,0,0,0,0,0,0,0,0,0,0,0,0,0,0,0,0,0,0,0,0,0,0,0,0,0,0,0,0,0,0,0,0,0,0,0,0,0,0,0,0,0,0,0,0,0,0,0,0,0,0,0,0,0,0,0,0,0,0,0,0,0,0,0,0,0,0,0,0,0,0,0,0,0,0,0,0,0,0,0,0,0,0,0,0,0,0,0,0,0,0,0,0,0,0,0,0,0,0,0,0,0,0,0,0,0,0,0,0,0,0,0,0,0,0,0,0,0,0,0,0,0,0,0,0,0,0,0,0
2270,0,0,0,0,0,0,0,0,0,0,0,0,0,0,0,0,0,0,0,0,0,0,0,0,0,0,0,0,0,0,0,0,0,0,0,0,0,0,0,0,0,0,0,0,0,0,0,0,0,0,0,0,0,0,0,0,0,0,0,0,0,0,0,0,0,0,0,0,0,0,0,0,0,0,0,0,0,0,0,0,0,0,0,0,0,0,0,0,0,0,0,0,0,0,0,0,0,0,0,0,0,0,0,0,0,0,0,0,0,0,0,0,0,0,0,0,0,0,0,0,0,0,0,0,0,0,0,0,0,0,0,0,0,0,0,0,0,0,0,0,0,0,0,0,0,0,0,0,0,0,0,0,0,0,0,0,0,0,0,0,0,0,0,0,0,0,0,0,0,0,0,0,0,0,0,0,0,0,0,0,0,0,0,0,0,0,0,0,0,0,0,0,0,0,0,0,0,0,0,0
2271,0,0,0,0,0,0,0,0,0,0,0,0,0,0,0,0,0,0,0,0,0,0,0,0,0,0,0,0,0,0,0,0,0,0,0,0,0,0,0,0,0,0,0,0,0,0,0,0,0,0,0,0,0,0,0,0,0,0,0,0,0,0,0,0,0,0,0,0,0,0,0,0,0,0,0,0,0,0,0,0,0,0,0,0,0,0,0,0,0,0,0,0,0,0,0,0,0,0,0,0,0,0,0,0,0,0,0,0,0,0,0,0,0,0,0,0,0,0,0,0,0,0,0,0,0,0,0,0,0,0,0,0,0,0,0,0,0,0,0,0,0,0,0,0,0,0,0,0,0,0,0,0,0,0,0,0,0,0,0,0,0,0,0,0,0,0,0,0,0,0,0,0,0,0,0,0,0,0,0,0,0,0,0,0,0,0,0,0,0,0,0,0,0,0,0,0,0,0,0,0
2272,0,0,0,0,0,0,0,0,0,0,0,0,0,0,0,0,0,0,0,0,0,0,0,0,0,0,0,0,0,0,0,0,0,0,0,0,0,0,0,0,0,0,0,0,0,0,0,0,0,0,0,0,0,0,0,0,0,0,0,0,0,0,0,0,0,0,0,0,0,0,0,0,0,0,0,0,0,0,0,0,0,0,0,0,0,0,0,0,0,0,0,0,0,0,0,0,0,0,0,0,0,0,0,0,0,0,0,0,0,0,0,0,0,0,0,0,0,0,0,0,0,0,0,0,0,0,0,0,0,0,0,0,0,0,0,0,0,0,0,0,0,0,0,0,0,0,0,0,0,0,0,0,0,0,0,0,0,0,0,0,0,0,0,0,0,0,0,0,0,0,0,0,0,0,0,0,0,0,0,0,0,0,0,0,0,0,0,0,0,0,0,0,0,0,0,0,0,0,0,0
2273,0,0,0,0,0,0,0,0,0,0,0,0,0,0,0,0,0,0,0,0,0,0,0,0,0,0,0,0,0,0,0,0,0,0,0,0,0,0,0,0,0,0,0,0,0,0,0,0,0,0,0,0,0,0,0,0,0,0,0,0,0,0,0,0,0,0,0,0,0,0,0,0,0,0,0,0,0,0,0,0,0,0,0,0,0,0,0,0,0,0,0,0,0,0,0,0,0,0,0,0,0,0,0,0,0,0,0,0,0,0,0,0,0,0,0,0,0,0,0,0,0,0,0,0,0,0,0,0,0,0,0,0,0,0,0,0,0,0,0,0,0,0,0,0,0,0,0,0,0,0,0,0,0,0,0,0,0,0,0,0,0,0,0,0,0,0,0,0,0,0,0,0,0,0,0,0,0,0,0,0,0,0,0,0,0,0,0,0,0,0,0,0,0,0,0,0,0,0,0,0
2274,0,0,0,0,0,0,0,0,0,0,0,0,0,0,0,0,0,0,0,0,0,0,0,0,0,0,0,0,0,0,0,0,0,0,0,0,0,0,0,0,0,0,0,0,0,0,0,0,0,0,0,0,0,0,0,0,0,0,0,0,0,0,0,0,0,0,0,0,0,0,0,0,0,0,0,0,0,0,0,0,0,0,0,0,0,0,0,0,0,0,0,0,0,0,0,0,0,0,0,0,0,0,0,0,0,0,0,0,0,0,0,0,0,0,0,0,0,0,0,0,0,0,0,0,0,0,0,0,0,0,0,0,0,0,0,0,0,0,0,0,0,0,0,0,0,0,0,0,0,0,0,0,0,0,0,0,0,0,0,0,0,0,0,0,0,0,0,0,0,0,0,0,0,0,0,0,0,0,0,0,0,0,0,0,0,0,0,0,0,0,0,0,0,0,0,0,0,0,0,0
2275,96890.5965525096,41214.6569918778,62452.2688419637,119126.6346843025,48462.3582850351,99948.5917406311,35282.5762484946,51491.7539624593,123530.2676651841,7300.8262067749,84247.1904827854,43486.3727582340,67443.4548336696,32191.9035968900,68847.2244853951,19876.1780850861,98936.1082701702,42516.2734555545,21641.9308842899,80756.4880511403,17225.7498271826,27243.4180292971,28063.6702892592,69555.3906898915,48676.0273802098,113034.9824994503,60840.3880564808,85123.4179111172,26174.9539601987,85062.8859755051,64160.4567492137,37374.0665234252,81468.4264343947,99466.3559731378,79315.9248707709,58955.9307558808,84873.1345719101,17952.7431294673,57018.6015279827,7166.9556026774,23938.0304631609,112803.6797488673,39215.5245257790,39774.6640298751,40567.3350778398,26262.6499391446,98931.0401059814,112581.2041754245,17043.7000018647,72659.5691072247,12636.5957901263,28008.4737701428,54878.5294481434,91896.8215986936,47308.5158010825,17774.2357466720,58626.6774041002,50290.0946548378,68168.6418626365,37363.8543934494,90676.2325058848,59106.8175507151,18399.4067053479,94993.3235260859,72071.2176103147,50105.8828434158,7881.4708997837,77433.2778923246,88479.5179218408,105761.7457721687,72164.5580394656,34877.3903165925,76467.4210293760,34731.6154510882,90036.1067123746,48079.5430973053,34718.4539951241,105728.7245330327,30713.5328246322,87938.7642533465,8378.5407956013,100651.2029122528,30970.9933020219,75435.1978083594,58571.1376186529,107353.4840491402,16838.3461968881,79344.4339715579,52065.1941334215,56744.3555854072,70209.0729540843,69065.6466208926,92049.6101019251,76536.0838410713,46589.9092325385,29240.3820398928,90473.4996472326,76118.9514458472,16002.9448626964,64979.9845921997,34138.5566112224,24571.0764483164,33548.0439367140,43766.3497453431,89048.7288434173,21932.0740774149,58561.1197473440,89422.8895910424,11834.6151627123,42330.5538421900,98146.8250551296,80104.3939904606,114795.3743625208,35488.7201427179,20029.7404131107,83282.5117655304,40889.6619931402,29038.2476358392,68082.6143572495,0.0000000000,49571.9050138895,25000.6029903370,92315.4029467061,12627.9952400233,26562.1262556295,14222.1606604999,10180.1883543462,14349.6679315046,95215.9615128603,53690.8486597628,61021.2371984041,13117.3676449524,20639.4302991180,56818.9993556926,106430.0624857549,25299.9011407629,73738.6168591076,24304.5878126395,112191.2667244363,54844.2801529859,63527.5962985695,50807.7943673341,43151.3870944382,63506.8752649994,63564.3224056283,46277.0097574367,23171.3675845131,19369.9367633366,18759.4902597800,105143.8360004733,7741.4030494962,65934.2056292375,54773.2087592735,87181.6324041510,84667.1975906250,75066.9642657662,78830.8311691058,52457.5116427874,53220.8271899061,32263.3549430665,40032.2272830296,22513.0687368143,96556.1211307520,53733.2123492610,120450.3876493558,46346.8027297405,44711.2068908880,81991.1818242510,70447.4574911508,95009.1709576037,70989.9100179609,19860.6866931069,67445.4390415458,63238.8563633654,73726.1658924178,80186.7063881037,35263.5562030165,100804.8736277534,79543.3438259284,30729.7561082583,87682.2054979005,49953.3270837447,83463.4078556517,80421.1286709178,64270.0354458761,95400.9337451919,22106.8515623292,94151.2575723518,93795.5366036870,94627.8963954940,79697.9503797126,62369.0470564848,69639.6714139466,34625.7019198353,103052.2161844057,77394.8297478978,16910.9564875144,70190.4725953226,55155.1609768599,45502.2405019842
2276,105680.0250099393,27835.9495642384,77872.8668957082,117749.2669456182,47635.4471490869,114242.1453685903,43466.6962118950,63979.6001966094,127723.1618981174,18067.8218851262,86132.2056947434,29951.8055846134,74673.9381601559,47740.2656011881,83813.1572435373,18179.9948332948,104125.2158535523,49926.7596924981,5859.2281482975,94335.5612282628,30954.2316900865,24546.0964993163,40859.8271370279,68630.1057653385,63667.7597369726,119886.6741186414,64079.6225330904,92203.4833592242,32999.4105589474,99873.5807934000,77895.0363667791,21819.8919195356,90889.1588417600,102363.1665362207,83889.3740156209,74444.8544273518,84044.4903214215,33330.5202714128,66513.1871622898,17018.7176460021,29865.6556819774,116044.6066022210,42355.3359624725,53753.5511702497,51575.4476457347,13554.1712351727,106009.2611554614,117726.9514973399,11956.1216781680,74169.8586703251,9325.5464517143,39656.2611374121,60787.6108804566,105171.0119378533,62835.3476765511,29463.9741042125,58782.9582160065,53012.9887649613,73043.7082431873,35375.6352233092,94884.4020640728,73746.2964743221,22326.9263730685,105071.9548982857,80953.3125996963,64094.2243137371,23430.6707062551,92651.7209195791,102558.6088606922,113732.9592583767,85207.8542379508,20459.9207829862,82769.9191204402,49756.9384668138,95775.0682516141,57321.6091510209,20058.2781286687,111942.4886944779,40307.1785317747,96266.5744269841,9232.4321541139,114392.7162819340,33571.2443671306,78588.1351170996,66196.3260625357,111549.1631813235,26896.4451565322,93595.6156301733,63007.2550623357,71930.8467045063,84456.0139296023,84406.1386305698,106592.6728045113,76445.4755566247,51704.8262263514,13715.4877426790,90613.0111712571,90871.3269727512,21106.4087957581,66189.5286020869,40085.1313530438,40118.5624666479,21407.5710380088,56205.8707622077,92038.0639405942,36064.6581979409,71729.8537182582,98896.6200500184,26059.0660999399,57609.2146030242,102251.5632624122,88114.6236074378,118976.0112495737,48199.0220614283,12327.0701312133,83820.2565440648,41159.0045883959,43395.3729876444,71265.2716623268,15556.0327112012,57048.0551031165,40270.3897346176,99036.3669025367,15184.8717123549,11974.0250429175,23210.5359687494,23628.1071617265,919.9075734699,103121.5571521226,69244.3346423065,66025.2347719707,13740.4577444551,18866.0327649541,58841.5452495643,113487.1443241522,26951.6343849987,81220.1022797228,34884.8275175811,118244.0711564040,58915.2602344406,62203.5607262362,66156.7911618244,57869.4963986767,78672.7284905810,71897.0053320131,47664.7900076945,32727.0982572338,10666.3186292739,34207.6451260926,110363.8093709966,10571.4796232054,80541.0445717749,53752.3151626642,100812.8814139492,99115.5241423652,88852.0042760693,80229.0009764303,53450.8074351129,67733.2568885554,43766.0636973764,45791.9342923727,35070.1491466343,102649.3992385122,62282.9873301456,119796.9505136338,57067.3001458947,48192.2723120182,87917.0316045558,76342.4799681827,109138.0349142012,71268.2466948548,27589.2429591869,80180.6577257848,78635.0750618159,77923.6724778034,95206.7061163183,35550.6138149745,109056.5132924486,86549.5121742871,46077.8578164624,92694.4844666842,63244.4614318627,97432.5582997144,84034.0225062329,64191.4158722408,109130.5349774842,34781.6117751962,97245.4840871892,98618.9993270780,104023.2577812332,82122.6743889588,76583.6851128612,77770.7208227732,48616.2776237623,117082.8445976537,86402.7167153536,30713.3752563686,83867.0018775522,69054.2840118365,59255.8880564831
2277,0,0,0,0,0,0,0,0,0,0,0,0,0,0,0,0,0,0,0,0,0,0,0,0,0,0,0,0,0,0,0,0,0,0,0,0,0,0,0,0,0,0,0,0,0,0,0,0,0,0,0,0,0,0,0,0,0,0,0,0,0,0,0,0,0,0,0,0,0,0,0,0,0,0,0,0,0,0,0,0,0,0,0,0,0,0,0,0,0,0,0,0,0,0,0,0,0,0,0,0,0,0,0,0,0,0,0,0,0,0,0,0,0,0,0,0,0,0,0,0,0,0,0,0,0,0,0,0,0,0,0,0,0,0,0,0,0,0,0,0,0,0,0,0,0,0,0,0,0,0,0,0,0,0,0,0,0,0,0,0,0,0,0,0,0,0,0,0,0,0,0,0,0,0,0,0,0,0,0,0,0,0,0,0,0,0,0,0,0,0,0,0,0,0,0,0,0,0,0,0
2278,0,0,0,0,0,0,0,0,0,0,0,0,0,0,0,0,0,0,0,0,0,0,0,0,0,0,0,0,0,0,0,0,0,0,0,0,0,0,0,0,0,0,0,0,0,0,0,0,0,0,0,0,0,0,0,0,0,0,0,0,0,0,0,0,0,0,0,0,0,0,0,0,0,0,0,0,0,0,0,0,0,0,0,0,0,0,0,0,0,0,0,0,0,0,0,0,0,0,0,0,0,0,0,0,0,0,0,0,0,0,0,0,0,0,0,0,0,0,0,0,0,0,0,0,0,0,0,0,0,0,0,0,0,0,0,0,0,0,0,0,0,0,0,0,0,0,0,0,0,0,0,0,0,0,0,0,0,0,0,0,0,0,0,0,0,0,0,0,0,0,0,0,0,0,0,0,0,0,0,0,0,0,0,0,0,0,0,0,0,0,0,0,0,0,0,0,0,0,0,0
2279,0,0,0,0,0,0,0,0,0,0,0,0,0,0,0,0,0,0,0,0,0,0,0,0,0,0,0,0,0,0,0,0,0,0,0,0,0,0,0,0,0,0,0,0,0,0,0,0,0,0,0,0,0,0,0,0,0,0,0,0,0,0,0,0,0,0,0,0,0,0,0,0,0,0,0,0,0,0,0,0,0,0,0,0,0,0,0,0,0,0,0,0,0,0,0,0,0,0,0,0,0,0,0,0,0,0,0,0,0,0,0,0,0,0,0,0,0,0,0,0,0,0,0,0,0,0,0,0,0,0,0,0,0,0,0,0,0,0,0,0,0,0,0,0,0,0,0,0,0,0,0,0,0,0,0,0,0,0,0,0,0,0,0,0,0,0,0,0,0,0,0,0,0,0,0,0,0,0,0,0,0,0,0,0,0,0,0,0,0,0,0,0,0,0,0,0,0,0,0,0
2280,92974.3483857539,42912.3559241195,64151.5723443412,113989.1563031953,43336.5629872980,98630.7378796355,40307.4527775673,48896.6516723140,118742.9963100031,1732.4148900892,79199.2309644625,40943.3334850308,63077.5196278728,33165.1900943960,68245.0388082004,24115.9426432267,94263.7215877775,38067.0775082242,20931.9148775335,78879.3486672542,21280.8845340774,22417.4329012020,25531.0007960976,64419.0831339651,48130.8195333612,108677.7507299858,55859.5779635630,80770.5053851353,21423.7971974155,84260.8883596919,62378.8986426548,37012.6221063636,77706.9097331158,94513.5007964470,74523.7249484631,59417.0498167021,79735.7268056095,18395.2686421447,53204.4777666838,12262.4149590261,29070.7583423697,107896.6925604739,34155.9001543728,38155.4319381609,37209.4926753303,28041.3827428954,94602.1212525883,107918.5156862897,13418.5939328383,67577.7321404510,14645.3560410061,32553.0093180357,50214.3345906776,89828.2453886187,47994.9185083021,14431.2609663744,53491.3969369397,45241.0234190121,63392.3445839367,32331.1722656566,85855.7526285732,58120.4510028612,13262.0901424532,91469.1084837953,68127.7687700868,48507.1489720517,10235.6277503058,77205.1448973730,86978.9338927112,101646.0252108040,69933.0491519808,33013.2707448570,71941.7400881526,34270.8761893655,85438.6317069472,44141.9436432334,35623.9626977339,101238.3011358723,26729.8801528833,83883.2839196932,8803.8886283712,98900.2577821575,25850.3247238976,70475.7478179541,54260.2849218203,102551.7823597604,21866.1152108144,77984.8579424754,48745.1895116231,56487.2444506048,68842.8368670542,69085.1330245404,90961.5423257442,71403.7568855949,41766.3460759467,29139.3427154040,85350.8783030744,75252.5005068185,21012.4761332233,59876.0519086530,29344.9112802196,26050.8424523187,35694.2081982028,41115.3702268693,84093.2443409052,20433.3141757318,56384.9673967016,85693.6747883498,10495.9537657570,42282.8890943213,93323.3261434587,75952.3269146766,109999.0336739926,32952.6167867216,21119.5107805972,78168.2933114270,35753.6765554080,27765.6929210422,63112.5642917052,5563.6143988262,45183.4071542970,25048.7010369979,87902.2633270551,7865.2864654736,24689.1051659072,9603.0312196770,14738.7097506864,13546.3515076758,91068.3436954952,54597.2888079599,56242.0420961978,17273.6909192524,15926.0905278689,51741.9213994661,102107.3578773222,20169.8531202838,69446.3526343530,20580.5807965882,107679.3763762946,49928.5503148484,58399.2216722433,50884.7032456289,42262.7296000500,63204.9213298265,59445.2108413796,41155.0669047373,28160.2863455215,17154.8435084855,20908.6985776013,100484.1793922559,9382.7946321655,64911.7675767049,49645.0828982492,85345.4003378541,83487.3294988683,73332.2960787344,73749.4164404315,47332.8220505964,52102.3076562519,29056.3803843350,35260.3445139706,26895.0680578108,92030.8563656893,49629.4506367991,115318.1611699753,42909.2918898585,39700.4949425683,77410.5631371179,65834.2388179997,93551.2222405265,65862.1234773749,15147.4093316271,65026.7144385659,63400.6268879026,68875.1847212992,79650.7063138687,30134.3190487743,96751.9305352113,75162.8252922834,30903.1150855523,82966.3075909160,47838.7369950874,81873.5185901183,75515.9389755374,59134.2234400538,93638.8773980743,19436.4004973285,89211.6541117844,89061.8424487664,90883.7673337416,74682.9366665776,60971.3283267995,65489.5661279049,33008.8463683547,101518.1443269059,73501.2768586593,15085.0604210755,68372.6368349014,53489.7133621471,43709.9847536157
2281,0,0,0,0,0,0,0,0,0,0,0,0,0,0,0,0,0,0,0,0,0,0,0,0,0,0,0,0,0,0,0,0,0,0,0,0,0,0,0,0,0,0,0,0,0,0,0,0,0,0,0,0,0,0,0,0,0,0,0,0,0,0,0,0,0,0,0,0,0,0,0,0,0,0,0,0,0,0,0,0,0,0,0,0,0,0,0,0,0,0,0,0,0,0,0,0,0,0,0,0,0,0,0,0,0,0,0,0,0,0,0,0,0,0,0,0,0,0,0,0,0,0,0,0,0,0,0,0,0,0,0,0,0,0,0,0,0,0,0,0,0,0,0,0,0,0,0,0,0,0,0,0,0,0,0,0,0,0,0,0,0,0,0,0,0,0,0,0,0,0,0,0,0,0,0,0,0,0,0,0,0,0,0,0,0,0,0,0,0,0,0,0,0,0,0,0,0,0,0,0
2282,0,0,0,0,0,0,0,0,0,0,0,0,0,0,0,0,0,0,0,0,0,0,0,0,0,0,0,0,0,0,0,0,0,0,0,0,0,0,0,0,0,0,0,0,0,0,0,0,0,0,0,0,0,0,0,0,0,0,0,0,0,0,0,0,0,0,0,0,0,0,0,0,0,0,0,0,0,0,0,0,0,0,0,0,0,0,0,0,0,0,0,0,0,0,0,0,0,0,0,0,0,0,0,0,0,0,0,0,0,0,0,0,0,0,0,0,0,0,0,0,0,0,0,0,0,0,0,0,0,0,0,0,0,0,0,0,0,0,0,0,0,0,0,0,0,0,0,0,0,0,0,0,0,0,0,0,0,0,0,0,0,0,0,0,0,0,0,0,0,0,0,0,0,0,0,0,0,0,0,0,0,0,0,0,0,0,0,0,0,0,0,0,0,0,0,0,0,0,0,0
2283,91538.4298467804,44263.8474748308,63551.5573595882,113007.5440420994,42438.9166736469,97383.2232842566,41092.0104828756,47508.8461099261,117436.8660318320,381.8945355539,78031.2766728353,41460.5135874707,61676.9626545884,32438.1966317811,67126.1689281361,25506.0703339728,92922.9523251815,36674.4595368678,21986.2734279201,77560.1938874495,21576.4251853977,21938.6682318412,24169.3287475987,63462.1507854173,47039.7089373831,107278.7129739357,54639.7728431320,79369.6163643378,20092.0621902143,83099.5322177182,61077.4688611210,38073.2781505630,76266.0381401975,93278.2695131502,73217.4307344381,58519.2747362051,78746.4076171339,17636.3789124217,51763.9989477903,13383.3193097636,30117.6651714380,106638.0639210900,32999.3349357460,36895.4754820524,35774.0489614781,29415.9114350881,93198.9052977144,106575.8450051092,13721.1252058499,66445.7715751557,16064.8310452694,33020.6023612228,48867.6716764464,88484.0643473141,47162.9337739895,13013.8359139255,52479.7393500551,44073.8774769880,62079.8243288696,31615.6937238699,84560.1621734951,56941.2312818297,12305.8968339330,90027.1931618864,66692.1751360815,47239.3639523293,10195.5783265328,76151.3650354153,85707.7423326511,100221.9905222522,68574.9790548082,33746.6466269049,70567.3327614739,33221.0544952345,84079.6708737094,42704.5320602195,36890.9840039314,99859.2445139304,25291.6519948129,82454.3938143407,7700.1590512841,97592.9073904663,24790.1153106992,69243.5354282837,52851.8592374262,101250.1149159423,22682.7411323553,76736.6931139209,47309.4180340511,55442.3257486808,67597.1909038439,68085.3464451702,89751.0372997646,70373.5111425948,40467.7410267196,30267.5202437239,84287.6218799071,74083.7837425080,22202.2623180871,58775.8973080723,28031.8978899169,25488.2429518279,37090.2068234062,39726.0023559611,82859.2219711065,19242.0606405419,55037.4333465366,84252.3783940391,9463.6795876274,41299.3357457462,92029.1783397128,74530.0909814739,108695.7446387634,31580.6552001287,22443.0831240098,77086.2023464142,34808.1314545092,26583.3941148535,61886.3627272000,7824.7587562402,43783.4512741680,24142.1163383660,86510.1514140826,7617.5974365773,25456.5425553270,8215.7548243818,15312.7593908682,14654.7230174345,89646.4616192341,53807.5033314202,54929.7508302294,18664.1042728645,15579.2861828660,50604.4950855309,100703.6844128586,19277.0032905085,68037.2995663494,19138.9608713557,106304.3948947050,48671.3466115578,57487.2966664137,49913.8561397279,41116.7619129248,62145.5473497514,58019.2618757256,40093.8037238528,28925.9121020232,17891.1986286091,20573.8541763475,99140.4631209695,10812.2272365250,63722.1830493210,48736.5347487950,84029.8431242001,82264.6477310366,72032.9965001898,72616.8396383273,46278.1209551645,50905.9033069083,27631.0697841437,33941.8055284329,27300.3465227124,90657.6635612766,48201.4341181835,114285.3305023382,41470.4093007493,38500.6119978030,76047.4770639322,64477.3024965125,92284.5100855069,64814.9471120550,13797.3496742358,63650.6139667744,62434.5740091604,67590.4189245265,78538.0196603017,29231.8054496394,95323.3316178643,73765.2618096881,29997.1984138117,81636.7002530310,46502.7587537581,80591.2315642207,74255.3615253641,58125.8085621118,92331.0433662429,18072.6818187911,87968.9984124605,87737.7239338846,89442.7773474414,73487.5623046449,59724.8369816472,64066.4906230771,31757.3685808379,100239.1843277759,72063.9005816718,13874.5277420417,67064.1233105852,52208.8032567546,42418.9009228267
2284,0,0,0,0,0,0,0,0,0,0,0,0,0,0,0,0,0,0,0,0,0,0,0,0,0,0,0,0,0,0,0,0,0,0,0,0,0,0,0,0,0,0,0,0,0,0,0,0,0,0,0,0,0,0,0,0,0,0,0,0,0,0,0,0,0,0,0,0,0,0,0,0,0,0,0,0,0,0,0,0,0,0,0,0,0,0,0,0,0,0,0,0,0,0,0,0,0,0,0,0,0,0,0,0,0,0,0,0,0,0,0,0,0,0,0,0,0,0,0,0,0,0,0,0,0,0,0,0,0,0,0,0,0,0,0,0,0,0,0,0,0,0,0,0,0,0,0,0,0,0,0,0,0,0,0,0,0,0,0,0,0,0,0,0,0,0,0,0,0,0,0,0,0,0,0,0,0,0,0,0,0,0,0,0,0,0,0,0,0,0,0,0,0,0,0,0,0,0,0,0
2285,92561.7925320481,45058.7097224080,60555.6478665897,116088.5114332168,45692.3298612022,96165.4668067057,37790.1492056110,47253.0605673439,119567.8295177853,2307.7125803166,80695.3802012040,44602.2207211533,63234.7416743734,29692.5918545264,65396.1441819361,24203.1483365636,94883.6687223079,38367.1876863632,24113.5845752447,76744.0435388078,17940.4414107222,25555.7545322486,23809.1288058539,66605.2792881199,45235.6193718151,108810.1821845470,57164.1159391252,80902.9213421914,22296.1318383291,81517.4425466628,60173.8359508524,40130.4153405193,77125.8487058027,95715.0701130944,75374.0059673975,56132.8117141325,81824.2190168781,15007.1896011890,52683.6671535725,11011.2158348703,27323.4498346531,108980.1427290157,35761.8123579166,35821.7528833981,36220.0346975184,30102.7713972578,94698.2717661246,108518.0066765860,17097.9135352110,69217.9526448120,16468.4156438274,29440.4435828947,50845.9487139287,87822.8318991155,44627.2571214898,13428.4974386394,55533.8960207034,46778.9596076249,64218.6777890637,35086.8445251314,86757.4962954711,55453.8525574557,15589.1233854194,90644.5194458911,67749.3539519290,46176.1586844684,8283.1289005692,74194.6086236557,84614.8337689228,101466.4678011423,68032.4705823549,36560.1071778325,72330.0261494353,31309.9699391886,85935.5515146390,43764.0731921409,38186.6777119519,101563.5482665690,26423.1263189565,83633.3592254669,9877.0371268665,96691.7076516422,27809.3811476432,71707.9874679043,54346.0310714367,103409.3653241378,19477.7591534936,75535.2168844474,47721.5502562529,53473.7762098619,66391.9678254668,65968.7798802873,88367.8693222273,73376.8815602073,42714.4826302837,32133.9987199177,87213.7595162039,72536.7551435315,19887.1190737806,61634.7242516913,30263.5278957240,22452.0948382493,37549.9800527581,39509.6274495038,85306.5235428811,17963.9556292863,54438.1077847100,85077.8608737879,7802.6244815293,39164.0946270506,94228.2548875033,75822.0411465361,110843.8472994484,31247.1589721414,23524.4804403851,79973.5528879192,38001.6117957851,25198.2526496872,64379.5168220903,4862.2165611028,45385.2939548313,21841.4072060990,88117.4834054888,11253.4928343310,28219.5735202594,10391.6547981282,11853.9551773112,16686.7307188220,90929.5656098379,51172.6754754973,57080.3122411707,17463.1883284098,19224.3520833008,53379.7326654171,102193.6832541066,22591.9071844063,69499.6998337155,19980.4150767806,108035.7153435882,51070.9750302235,60706.1013127009,47729.8431820535,39525.5047323272,60216.7493159628,59278.7684643526,43065.9416091729,25622.8050962347,20725.7983183957,17227.3348117268,101080.3498922872,10356.4372826723,62269.6634595246,51967.4876029931,83186.3569120208,80940.0739029120,71104.1190972544,75382.6246813716,49253.8540137298,49499.6833111999,27920.7685754981,36117.1642196426,23694.8464760402,92411.3390641980,49448.3589952216,117266.3551285375,41998.0758726164,41121.2432610832,77883.2475284099,66366.1168495426,91164.5021486171,67787.2364413176,16003.9046710749,63258.6742190372,60225.7293107649,69850.6174213642,76777.7173143904,32500.5683027710,96497.2405546980,75335.5730914133,27672.6822138194,83667.6434584654,45842.0780284950,79560.5303652838,76609.1714364011,61180.8190071874,91435.7394951922,17810.6451702346,90381.5650707624,89793.3644076114,90283.4699940643,76071.7535488868,58533.0466593472,65359.7130312676,30662.6886863483,99178.5378525046,73065.3217834610,12786.9157161247,66194.2921067320,51204.9134359229,41493.9486310808
2286,0,0,0,0,0,0,0,0,0,0,0,0,0,0,0,0,0,0,0,0,0,0,0,0,0,0,0,0,0,0,0,0,0,0,0,0,0,0,0,0,0,0,0,0,0,0,0,0,0,0,0,0,0,0,0,0,0,0,0,0,0,0,0,0,0,0,0,0,0,0,0,0,0,0,0,0,0,0,0,0,0,0,0,0,0,0,0,0,0,0,0,0,0,0,0,0,0,0,0,0,0,0,0,0,0,0,0,0,0,0,0,0,0,0,0,0,0,0,0,0,0,0,0,0,0,0,0,0,0,0,0,0,0,0,0,0,0,0,0,0,0,0,0,0,0,0,0,0,0,0,0,0,0,0,0,0,0,0,0,0,0,0,0,0,0,0,0,0,0,0,0,0,0,0,0,0,0,0,0,0,0,0,0,0,0,0,0,0,0,0,0,0,0,0,0,0,0,0,0,0
2287,102937.7627301214,30714.7741346740,75718.3271322181,116208.4159540832,45814.6905662839,111428.0240655172,43222.1636857871,61096.6182618783,125424.3606460214,15241.5581756148,84069.1662380906,31038.7068883869,72020.7577174629,45340.0965640827,81106.3804550915,19172.8447186680,101696.4583155173,47211.2672731788,9447.3098178014,91475.5135593594,29371.5842289754,22721.3557809563,37994.0518037707,66922.8546614579,60977.9742379650,117307.0239937421,61796.2120395708,89582.8731857775,30249.5951167344,97131.0629909199,75047.2263654658,24289.1576358191,88099.4530591473,100195.6918064637,81500.7278787356,71947.1369923678,82363.9124716856,30809.2494759393,63701.7484549396,15733.2364843381,29857.3095824927,113849.5431982124,39984.1789948372,50936.3347617020,48699.1539162107,16334.2144526937,103400.3063963259,115314.6476198884,9964.0542878763,72130.0582245011,9811.9934309493,38648.6014378630,58220.2349519584,102297.7774795408,60385.0226348599,26587.9397253427,56878.3218001290,50748.4651811056,70603.7565856208,33623.7185041589,92551.8756910337,70986.3767990497,19649.7463727290,102253.1009807720,78189.0743825942,61269.9054246338,21138.3651576045,90009.0643609947,99727.8188593838,111054.8551684135,82330.8936552281,21905.4230312888,80207.2972740930,47089.0295852165,93281.6492230072,54512.3602241417,22917.0681245703,109417.2731224356,37455.5960997570,93551.0492515880,7950.7912459509,111537.6985726565,31182.6217122359,76351.2352265762,63500.2516192693,109236.5937174318,26032.9257077838,90781.9486770666,60138.0888963575,69286.7561658546,81644.7572990402,81813.3645136059,103808.1594021892,74635.6710450702,49181.9096284128,16300.6921773819,88800.4886338673,88121.6341537392,20958.1333020975,64166.8344934513,37437.7661249367,37812.9057901760,24192.0878532083,53323.6735358207,89844.8657682934,33290.9962158844,68858.9735474428,96107.9641967710,23343.6569165707,55006.6518858129,99939.7325089236,85416.0629877805,116671.7935472685,45324.7331283086,8966.0815121947,81936.8719108271,39131.5176308792,40628.8109703209,69008.2590211575,13269.4913383075,54345.6063644276,37688.3735051187,96453.4368314552,12409.8149740916,13768.8539691853,20329.0743613065,22005.0836643202,129.3380638502,100442.2833014994,66851.5742687678,63556.6409804369,13889.2242563927,16714.7155165034,56686.8470402372,110885.1473784048,24575.0904337234,78555.1898566811,32003.4735481823,115739.0564521033,56522.8128344053,60534.7672422395,63576.7345305217,55132.8637118452,76018.9041952077,69159.3109923584,45535.9528917595,32078.5843471474,8999.2057772621,32023.7118284662,107937.5792063284,9040.1031972068,77773.2171608787,51997.4620805841,97954.1981946657,96321.2108861127,86004.0500933221,78218.6579004985,51405.6901362214,64959.4498803048,40881.5258407421,43187.5062534457,33812.3876892458,100128.1651196743,59518.9277431727,118144.8736357460,54200.7131211497,45818.6988698913,85396.2923183986,73808.1156906281,106309.9950224894,69390.5869535015,24759.7391225125,77298.6847971430,76072.0626510304,75565.5348535802,92508.0392470822,33465.4601038753,106354.3900062537,83929.4251827773,43516.5381460787,90271.6102796101,60380.7720398154,94594.6085330425,81753.2397719914,62342.0927569701,106275.6028573460,31920.7105869841,95046.9650392404,96223.2880339351,101241.5347555430,79982.3978705252,73772.3968023495,75053.4551410796,45805.5901410441,114245.8050609002,83634.7878245482,27929.0516171823,81014.1711020305,66220.6267297524,56418.0129655136
2288,0,0,0,0,0,0,0,0,0,0,0,0,0,0,0,0,0,0,0,0,0,0,0,0,0,0,0,0,0,0,0,0,0,0,0,0,0,0,0,0,0,0,0,0,0,0,0,0,0,0,0,0,0,0,0,0,0,0,0,0,0,0,0,0,0,0,0,0,0,0,0,0,0,0,0,0,0,0,0,0,0,0,0,0,0,0,0,0,0,0,0,0,0,0,0,0,0,0,0,0,0,0,0,0,0,0,0,0,0,0,0,0,0,0,0,0,0,0,0,0,0,0,0,0,0,0,0,0,0,0,0,0,0,0,0,0,0,0,0,0,0,0,0,0,0,0,0,0,0,0,0,0,0,0,0,0,0,0,0,0,0,0,0,0,0,0,0,0,0,0,0,0,0,0,0,0,0,0,0,0,0,0,0,0,0,0,0,0,0,0,0,0,0,0,0,0,0,0,0,0
2289,0,0,0,0,0,0,0,0,0,0,0,0,0,0,0,0,0,0,0,0,0,0,0,0,0,0,0,0,0,0,0,0,0,0,0,0,0,0,0,0,0,0,0,0,0,0,0,0,0,0,0,0,0,0,0,0,0,0,0,0,0,0,0,0,0,0,0,0,0,0,0,0,0,0,0,0,0,0,0,0,0,0,0,0,0,0,0,0,0,0,0,0,0,0,0,0,0,0,0,0,0,0,0,0,0,0,0,0,0,0,0,0,0,0,0,0,0,0,0,0,0,0,0,0,0,0,0,0,0,0,0,0,0,0,0,0,0,0,0,0,0,0,0,0,0,0,0,0,0,0,0,0,0,0,0,0,0,0,0,0,0,0,0,0,0,0,0,0,0,0,0,0,0,0,0,0,0,0,0,0,0,0,0,0,0,0,0,0,0,0,0,0,0,0,0,0,0,0,0,0
2290,0,0,0,0,0,0,0,0,0,0,0,0,0,0,0,0,0,0,0,0,0,0,0,0,0,0,0,0,0,0,0,0,0,0,0,0,0,0,0,0,0,0,0,0,0,0,0,0,0,0,0,0,0,0,0,0,0,0,0,0,0,0,0,0,0,0,0,0,0,0,0,0,0,0,0,0,0,0,0,0,0,0,0,0,0,0,0,0,0,0,0,0,0,0,0,0,0,0,0,0,0,0,0,0,0,0,0,0,0,0,0,0,0,0,0,0,0,0,0,0,0,0,0,0,0,0,0,0,0,0,0,0,0,0,0,0,0,0,0,0,0,0,0,0,0,0,0,0,0,0,0,0,0,0,0,0,0,0,0,0,0,0,0,0,0,0,0,0,0,0,0,0,0,0,0,0,0,0,0,0,0,0,0,0,0,0,0,0,0,0,0,0,0,0,0,0,0,0,0,0
2291,0,0,0,0,0,0,0,0,0,0,0,0,0,0,0,0,0,0,0,0,0,0,0,0,0,0,0,0,0,0,0,0,0,0,0,0,0,0,0,0,0,0,0,0,0,0,0,0,0,0,0,0,0,0,0,0,0,0,0,0,0,0,0,0,0,0,0,0,0,0,0,0,0,0,0,0,0,0,0,0,0,0,0,0,0,0,0,0,0,0,0,0,0,0,0,0,0,0,0,0,0,0,0,0,0,0,0,0,0,0,0,0,0,0,0,0,0,0,0,0,0,0,0,0,0,0,0,0,0,0,0,0,0,0,0,0,0,0,0,0,0,0,0,0,0,0,0,0,0,0,0,0,0,0,0,0,0,0,0,0,0,0,0,0,0,0,0,0,0,0,0,0,0,0,0,0,0,0,0,0,0,0,0,0,0,0,0,0,0,0,0,0,0,0,0,0,0,0,0,0
2292,113374.6608693060,34786.2520906995,64974.9293697429,135968.5412448744,65153.3555476852,110669.8915478746,21986.0588800737,65962.1649730954,141064.6606268601,24861.5508132406,101698.2084296766,50991.6706742693,84636.3474513995,39499.3290465876,78230.1906065132,8521.3424985275,116401.7104195486,59858.1534982678,27221.8565308991,93141.1196598788,17474.6396579883,42767.2095417386,43232.7552649244,86378.5033818848,58669.0735494005,130153.7728336020,78370.7599076907,102269.4329091718,43724.9362058174,94621.2782033580,76619.7721894553,38590.2099316604,97747.7857730870,117014.2311483041,96857.5924992779,65669.0967671983,101788.3425267485,29207.4750043769,73518.1774237061,10506.9786863451,8297.6345262930,130364.1987477411,56654.8207145874,52693.0176711020,56578.2485455446,22409.1603538898,116027.7055545350,130034.8661416450,30545.8002943498,90034.5456293559,15671.5342621548,20727.2530303214,72362.2798263253,104598.4317985866,53998.2777744578,34476.0249059530,75673.3265911854,67744.2662736124,85706.0617124573,53486.3748178709,108226.5934636685,69787.6578930996,35564.4047538311,110793.5512461018,88681.8165316740,62545.6627288607,19970.3069408388,85547.4859209721,99824.0744607279,122544.4201513992,85496.8301621551,41127.3287077014,93816.9294104680,45445.3330303371,107442.6970964435,64820.4879123477,32070.6707077144,123016.2504293021,47689.1047647891,104666.9792181136,21965.6022227492,112481.0561846352,48234.9488348207,92979.1245528381,75723.4904040104,124895.6594044333,9216.4094042232,90476.2675416256,67832.3898296126,65606.0909552600,81538.9288500242,76698.3501362359,102265.9172723838,93611.8805622445,64146.5013718869,31025.3496345688,107644.9808145974,86031.3740977454,3101.8477343095,82279.6477644922,51692.6910634252,31746.7385277999,26551.9658439896,58531.0556348257,106595.0968322852,35976.8746357480,72022.7791383626,105614.5871499712,27248.5334806916,51421.4681249569,115697.5582844563,96993.9787053823,132334.6523942612,50323.5412763218,20960.7466916881,100517.9160499939,57795.5018297068,41976.1528419074,85620.3329188408,17561.3775433874,66834.9025603534,35689.9283654417,109525.2505562468,28862.7834624390,34103.4366477116,31768.6046228023,13670.7456186932,23040.6254035998,112065.6541583670,59309.9525282967,78561.6762678319,14228.7995028239,36147.4489260920,74212.9628883262,123509.7164716056,42218.7181314127,90829.8429533682,41134.0506374454,129498.5990137426,72401.9712145271,80194.0200862295,59034.6335291457,54278.7437454341,72234.5227395623,80460.8734185447,63499.0361616190,12668.0568202728,29354.8520694594,25621.9305888838,122597.2950221164,14555.5585477704,76502.8410333181,71467.4303565422,99379.0956025392,95243.3124570987,87200.9566650338,96205.1634163208,69648.8549613053,64433.6716458882,48249.6274690218,57578.0352781809,18175.2840762344,113887.8975364040,70654.0035970263,137495.0133315708,62383.6373920490,62215.7744304264,99387.7889510423,87881.0608205371,106157.1342691993,88128.9475130300,37410.5294029505,81259.6405895916,70659.1771788310,91284.8811543932,89108.3964038804,52080.7777889768,117499.5922834748,96731.2792564074,40337.8959783449,105182.1433411993,63504.0555602999,95106.3754552112,97981.4198655875,81292.8435991291,107315.6984026606,37820.4980402038,111704.2584458732,111304.9410050669,110826.5374086977,97197.3710607954,73965.7203036428,86556.4520370467,47823.2299310177,114303.3376995598,93906.2869282182,32037.3503524851,82610.3623126306,67580.7812607310,58530.4736699220
2293,0,0,0,0,0,0,0,0,0,0,0,0,0,0,0,0,0,0,0,0,0,0,0,0,0,0,0,0,0,0,0,0,0,0,0,0,0,0,0,0,0,0,0,0,0,0,0,0,0,0,0,0,0,0,0,0,0,0,0,0,0,0,0,0,0,0,0,0,0,0,0,0,0,0,0,0,0,0,0,0,0,0,0,0,0,0,0,0,0,0,0,0,0,0,0,0,0,0,0,0,0,0,0,0,0,0,0,0,0,0,0,0,0,0,0,0,0,0,0,0,0,0,0,0,0,0,0,0,0,0,0,0,0,0,0,0,0,0,0,0,0,0,0,0,0,0,0,0,0,0,0,0,0,0,0,0,0,0,0,0,0,0,0,0,0,0,0,0,0,0,0,0,0,0,0,0,0,0,0,0,0,0,0,0,0,0,0,0,0,0,0,0,0,0,0,0,0,0,0,0
2294,0,0,0,0,0,0,0,0,0,0,0,0,0,0,0,0,0,0,0,0,0,0,0,0,0,0,0,0,0,0,0,0,0,0,0,0,0,0,0,0,0,0,0,0,0,0,0,0,0,0,0,0,0,0,0,0,0,0,0,0,0,0,0,0,0,0,0,0,0,0,0,0,0,0,0,0,0,0,0,0,0,0,0,0,0,0,0,0,0,0,0,0,0,0,0,0,0,0,0,0,0,0,0,0,0,0,0,0,0,0,0,0,0,0,0,0,0,0,0,0,0,0,0,0,0,0,0,0,0,0,0,0,0,0,0,0,0,0,0,0,0,0,0,0,0,0,0,0,0,0,0,0,0,0,0,0,0,0,0,0,0,0,0,0,0,0,0,0,0,0,0,0,0,0,0,0,0,0,0,0,0,0,0,0,0,0,0,0,0,0,0,0,0,0,0,0,0,0,0,0
2295,0,0,0,0,0,0,0,0,0,0,0,0,0,0,0,0,0,0,0,0,0,0,0,0,0,0,0,0,0,0,0,0,0,0,0,0,0,0,0,0,0,0,0,0,0,0,0,0,0,0,0,0,0,0,0,0,0,0,0,0,0,0,0,0,0,0,0,0,0,0,0,0,0,0,0,0,0,0,0,0,0,0,0,0,0,0,0,0,0,0,0,0,0,0,0,0,0,0,0,0,0,0,0,0,0,0,0,0,0,0,0,0,0,0,0,0,0,0,0,0,0,0,0,0,0,0,0,0,0,0,0,0,0,0,0,0,0,0,0,0,0,0,0,0,0,0,0,0,0,0,0,0,0,0,0,0,0,0,0,0,0,0,0,0,0,0,0,0,0,0,0,0,0,0,0,0,0,0,0,0,0,0,0,0,0,0,0,0,0,0,0,0,0,0,0,0,0,0,0,0
2296,0,0,0,0,0,0,0,0,0,0,0,0,0,0,0,0,0,0,0,0,0,0,0,0,0,0,0,0,0,0,0,0,0,0,0,0,0,0,0,0,0,0,0,0,0,0,0,0,0,0,0,0,0,0,0,0,0,0,0,0,0,0,0,0,0,0,0,0,0,0,0,0,0,0,0,0,0,0,0,0,0,0,0,0,0,0,0,0,0,0,0,0,0,0,0,0,0,0,0,0,0,0,0,0,0,0,0,0,0,0,0,0,0,0,0,0,0,0,0,0,0,0,0,0,0,0,0,0,0,0,0,0,0,0,0,0,0,0,0,0,0,0,0,0,0,0,0,0,0,0,0,0,0,0,0,0,0,0,0,0,0,0,0,0,0,0,0,0,0,0,0,0,0,0,0,0,0,0,0,0,0,0,0,0,0,0,0,0,0,0,0,0,0,0,0,0,0,0,0,0
2297,0,0,0,0,0,0,0,0,0,0,0,0,0,0,0,0,0,0,0,0,0,0,0,0,0,0,0,0,0,0,0,0,0,0,0,0,0,0,0,0,0,0,0,0,0,0,0,0,0,0,0,0,0,0,0,0,0,0,0,0,0,0,0,0,0,0,0,0,0,0,0,0,0,0,0,0,0,0,0,0,0,0,0,0,0,0,0,0,0,0,0,0,0,0,0,0,0,0,0,0,0,0,0,0,0,0,0,0,0,0,0,0,0,0,0,0,0,0,0,0,0,0,0,0,0,0,0,0,0,0,0,0,0,0,0,0,0,0,0,0,0,0,0,0,0,0,0,0,0,0,0,0,0,0,0,0,0,0,0,0,0,0,0,0,0,0,0,0,0,0,0,0,0,0,0,0,0,0,0,0,0,0,0,0,0,0,0,0,0,0,0,0,0,0,0,0,0,0,0,0
2298,0,0,0,0,0,0,0,0,0,0,0,0,0,0,0,0,0,0,0,0,0,0,0,0,0,0,0,0,0,0,0,0,0,0,0,0,0,0,0,0,0,0,0,0,0,0,0,0,0,0,0,0,0,0,0,0,0,0,0,0,0,0,0,0,0,0,0,0,0,0,0,0,0,0,0,0,0,0,0,0,0,0,0,0,0,0,0,0,0,0,0,0,0,0,0,0,0,0,0,0,0,0,0,0,0,0,0,0,0,0,0,0,0,0,0,0,0,0,0,0,0,0,0,0,0,0,0,0,0,0,0,0,0,0,0,0,0,0,0,0,0,0,0,0,0,0,0,0,0,0,0,0,0,0,0,0,0,0,0,0,0,0,0,0,0,0,0,0,0,0,0,0,0,0,0,0,0,0,0,0,0,0,0,0,0,0,0,0,0,0,0,0,0,0,0,0,0,0,0,0
2299,0,0,0,0,0,0,0,0,0,0,0,0,0,0,0,0,0,0,0,0,0,0,0,0,0,0,0,0,0,0,0,0,0,0,0,0,0,0,0,0,0,0,0,0,0,0,0,0,0,0,0,0,0,0,0,0,0,0,0,0,0,0,0,0,0,0,0,0,0,0,0,0,0,0,0,0,0,0,0,0,0,0,0,0,0,0,0,0,0,0,0,0,0,0,0,0,0,0,0,0,0,0,0,0,0,0,0,0,0,0,0,0,0,0,0,0,0,0,0,0,0,0,0,0,0,0,0,0,0,0,0,0,0,0,0,0,0,0,0,0,0,0,0,0,0,0,0,0,0,0,0,0,0,0,0,0,0,0,0,0,0,0,0,0,0,0,0,0,0,0,0,0,0,0,0,0,0,0,0,0,0,0,0,0,0,0,0,0,0,0,0,0,0,0,0,0,0,0,0,0
2300,0,0,0,0,0,0,0,0,0,0,0,0,0,0,0,0,0,0,0,0,0,0,0,0,0,0,0,0,0,0,0,0,0,0,0,0,0,0,0,0,0,0,0,0,0,0,0,0,0,0,0,0,0,0,0.0000000000,0,0,0,0,0,0,0,0,0,0,0,0,0,0,0,0,0,0,0,0,0,0,0,0,0,0,0,0,0,0,0,0,0,0,0,0,0,0,0,0,0,0,0,0,0,0,0,0,0,0,0,0,0,0,0,0,0,0,0,0,0,0,0,0,0,0,0,0,0,0,0,0,0,0,0,0,0,0,0,0,0,0,0,0,0,0,0,0,0,0,0,0,0,0,0,0,0,0,0,0,0,0,0,0,0,0,0,0,0,0,0,0,0,0,0,0,0,0,0,0,0,0,0,0,0,0,0,0,0,0,0,0,0,0,0,0,0,0,0,0,0,0,0,0,0
2301,0,0,0,0,0,0,0,0,0,0,0,0,0,0,0,0,0,0,0,0,0,0,0,0,0,0,0,0,0,0,0,0,0,0,0,0,0,0,0,0,0,0,0,0,0,0,0,0,0,0,0,0,0,0,0,0,0,0,0,0,0,0,0,0,0,0,0,0,0,0,0,0,0,0,0,0,0,0,0,0,0,0,0,0,0,0,0,0,0,0,0,0,0,0,0,0,0,0,0,0,0,0,0,0,0,0,0,0,0,0,0,0,0,0,0,0,0,0,0,0,0,0,0,0,0,0,0,0,0,0,0,0,0,0,0,0,0,0,0,0,0,0,0,0,0,0,0,0,0,0,0,0,0,0,0,0,0,0,0,0,0,0,0,0,0,0,0,0,0,0,0,0,0,0,0,0,0,0,0,0,0,0,0,0,0,0,0,0,0,0,0,0,0,0,0,0,0,0,0,0
2302,0,0,0,0,0,0,0,0,0,0,0,0,0,0,0,0,0,0,0,0,0,0,0,0,0,0,0,0,0,0,0,0,0,0,0,0,0,0,0,0,0,0,0,0,0,0,0,0,0,0,0,0,0,0,0,0,0,0,0,0,0,0,0,0,0,0,0,0,0,0,0,0,0,0,0,0,0,0,0,0,0,0,0,0,0,0,0,0,0,0,0,0,0,0,0,0,0,0,0,0,0,0,0,0,0,0,0,0,0,0,0,0,0,0,0,0,0,0,0,0,0,0,0,0,0,0,0,0,0,0,0,0,0,0,0,0,0,0,0,0,0,0,0,0,0,0,0,0,0,0,0,0,0,0,0,0,0,0,0,0,0,0,0,0,0,0,0,0,0,0,0,0,0,0,0,0,0,0,0,0,0,0,0,0,0,0,0,0,0,0,0,0,0,0,0,0,0,0,0,0
2303,0,0,0,0,0,0,0,0,0,0,0,0,0,0,0,0,0,0,0,0,0,0,0,0,0,0,0,0,0,0,0,0,0,0,0,0,0,0,0,0,0,0,0,0,0,0,0,0,0,0,0,0,0,0,0,0,0,0,0,0,0,0,0,0,0,0,0,0,0,0,0,0,0,0,0,0,0,0,0,0,0,0,0,0,0,0,0,0,0,0,0,0,0,0,0,0,0,0,0,0,0,0,0,0,0,0,0,0,0,0,0,0,0,0,0,0,0,0,0,0,0,0,0,0,0,0,0,0,0,0,0,0,0,0,0,0,0,0,0,0,0,0,0,0,0,0,0,0,0,0,0,0,0,0,0,0,0,0,0,0,0,0,0,0,0,0,0,0,0,0,0,0,0,0,0,0,0,0,0,0,0,0,0,0,0,0,0,0,0,0,0,0,0,0,0,0,0,0,0,0
2304,0,0,0,0,0,0,0,0,0,0,0,0,0,0,0,0,0,0,0,0,0,0,0,0,0,0,0,0,0,0,0,0,0,0,0,0,0,0,0,0,0,0,0,0,0,0,0,0,0,0,0,0,0,0,0,0,0,0,0,0,0,0,0,0,0,0,0,0,0,0,0,0,0,0,0,0,0,0,0,0,0,0,0,0,0,0,0,0,0,0,0,0,0,0,0,0,0,0,0,0,0,0,0,0,0,0,0,0,0,0,0,0,0,0,0,0,0,0,0,0,0,0,0,0,0,0,0,0,0,0,0,0,0,0,0,0,0,0,0,0,0,0,0,0,0,0,0,0,0,0,0,0,0,0,0,0,0,0,0,0,0,0,0,0,0,0,0,0,0,0,0,0,0,0,0,0,0,0,0,0,0,0,0,0,0,0,0,0,0,0,0,0,0,0,0,0,0,0,0,0
2305,0,0,0,0,0,0,0,0,0,0,0,0,0,0,0,0,0,0,0,0,0,0,0,0,0,0,0,0,0,0,0,0,0,0,0,0,0,0,0,0,0,0,0,0,0,0,0,0,0,0,0,0,0,0,0,0,0,0,0,0,0,0,0,0,0,0,0,0,0,0,0,0,0,0,0,0,0,0,0,0,0,0,0,0,0,0,0,0,0,0,0,0,0,0,0,0,0,0,0,0,0,0,0,0,0,0,0,0,0,0,0,0,0,0,0,0,0,0,0,0,0,0,0,0,0,0,0,0,0,0,0,0,0,0,0,0,0,0,0,0,0,0,0,0,0,0,0,0,0,0,0,0,0,0,0,0,0,0,0,0,0,0,0,0,0,0,0,0,0,0,0,0,0,0,0,0,0,0,0,0,0,0,0,0,0,0,0,0,0,0,0,0,0,0,0,0,0,0,0,0
2306,0,0,0,0,0,0,0,0,0,0,0,0,0,0,0,0,0,0,0,0,0,0,0,0,0,0,0,0,0,0,0,0,0,0,0,0,0,0,0,0,0,0,0,0,0,0,0,0,0,0,0,0,0,0,0,0,0,0,0,0,0,0,0,0,0,0,0,0,0,0,0,0,0,0,0,0,0,0,0,0,0,0,0,0,0,0,0,0,0,0,0,0,0,0,0,0,0,0,0,0,0,0,0,0,0,0,0,0,0,0,0,0,0,0,0,0,0,0,0,0,0,0,0,0,0,0,0,0,0,0,0,0,0,0,0,0,0,0,0,0,0,0,0,0,0,0,0,0,0,0,0,0,0,0,0,0,0,0,0,0,0,0,0,0,0,0,0,0,0,0,0,0,0,0,0,0,0,0,0,0,0,0,0,0,0,0,0,0,0,0,0,0,0,0,0,0,0,0,0,0
2307,0,0,0,0,0,0,0,0,0,0,0,0,0,0,0,0,0,0,0,0,0,0,0,0,0,0,0,0,0,0,0,0,0,0,0,0,0,0,0,0,0,0,0,0,0,0,0,0,0,0,0,0,0,0,0,0,0,0,0,0,0,0,0,0,0,0,0,0,0,0,0,0,0,0,0,0,0,0,0,0,0,0,0,0,0,0,0,0,0,0,0,0,0,0,0,0,0,0,0,0,0,0,0,0,0,0,0,0,0,0,0,0,0,0,0,0,0,0,0,0,0,0,0,0,0,0,0,0,0,0,0,0,0,0,0,0,0,0,0,0,0,0,0,0,0,0,0,0,0,0,0,0,0,0,0,0,0,0,0,0,0,0,0,0,0,0,0,0,0,0,0,0,0,0,0,0,0,0,0,0,0,0,0,0,0,0,0,0,0,0,0,0,0,0,0,0,0,0,0,0
2308,0,0,0,0,0,0,0,0,0,0,0,0,0,0,0,0,0,0,0,0,0,0,0,0,0,0,0,0,0,0,0,0,0,0,0,0,0,0,0,0,0,0,0,0,0,0,0,0,0,0,0,0,0,0,0,0,0,0,0,0,0,0,0,0,0,0,0,0,0,0,0,0,0,0,0,0,0,0,0,0,0,0,0,0,0,0,0,0,0,0,0,0,0,0,0,0,0,0,0,0,0,0,0,0,0,0,0,0,0,0,0,0,0,0,0,0,0,0,0,0,0,0,0,0,0,0,0,0,0,0,0,0,0,0,0,0,0,0,0,0,0,0,0,0,0,0,0,0,0,0,0,0,0,0,0,0,0,0,0,0,0,0,0,0,0,0,0,0,0,0,0,0,0,0,0,0,0,0,0,0,0,0,0,0,0,0,0,0,0,0,0,0,0,0,0,0,0,0,0,0
2309,0,0,0,0,0,0,0,0,0,0,0,0,0,0,0,0,0,0,0,0,0,0,0,0,0,0,0,0,0,0,0,0,0,0,0,0,0,0,0,0,0,0,0,0,0,0,0,0,0,0,0,0,0,0,0,0,0,0,0,0,0,0,0,0,0,0,0,0,0,0,0,0,0,0,0,0,0,0,0,0,0,0,0,0,0,0,0,0,0,0,0,0,0,0,0,0,0,0,0,0,0,0,0,0,0,0,0,0,0,0,0,0,0,0,0,0,0,0,0,0,0,0,0,0,0,0,0,0,0,0,0,0,0,0,0,0,0,0,0,0,0,0,0,0,0,0,0,0,0,0,0,0,0,0,0,0,0,0,0,0,0,0,0,0,0,0,0,0,0,0,0,0,0,0,0,0,0,0,0,0,0,0,0,0,0,0,0,0,0,0,0,0,0,0,0,0,0,0,0,0
2310,0,0,0,0,0,0,0,0,0,0,0,0,0,0,0,0,0,0,0,0,0,0,0,0,0,0,0,0,0,0,0,0,0,0,0,0,0,0,0,0,0,0,0,0,0,0,0,0,0,0,0,0,0,0,0,0,0,0,0,0,0,0,0,0,0,0,0,0,0,0,0,0,0,0,0,0,0,0,0,0,0,0,0,0,0,0,0,0,0,0,0,0,0,0,0,0,0,0,0,0,0,0,0,0,0,0,0,0,0,0,0,0,0,0,0,0,0,0,0,0,0,0,0,0,0,0,0,0,0,0,0,0,0,0,0,0,0,0,0,0,0,0,0,0,0,0,0,0,0,0,0,0,0,0,0,0,0,0,0,0,0,0,0,0,0,0,0,0,0,0,0,0,0,0,0,0,0,0,0,0,0,0,0,0,0,0,0,0,0,0,0,0,0,0,0,0,0,0,0,0
2311,90665.4905977010,43895.5970652253,66179.9981039419,110288.3074993712,39601.4618896210,98464.3551497797,44061.8357719550,47870.9477905144,115558.3037903969,2173.2635320945,75701.4807040510,38833.2519475812,60376.6176853846,34924.8599856570,68687.4692767639,27079.1625212604,91213.0956786592,35350.3986679488,20560.6491726509,78320.5968137025,24767.7906960382,18766.9211521487,24836.0683585809,60707.5421364162,48714.4182929950,105939.2608755009,52468.7221140445,78058.3073263349,18457.9693237309,84510.4287174383,61948.6056862156,36556.5471747749,75560.7631076131,91141.5209088218,71353.0781482610,60647.1936040210,76041.9548271103,20149.3303610672,51069.9070903970,15914.3952819107,32753.0063053983,104577.5771890580,30666.6556976908,38015.9405155061,35595.9335344821,29267.8285196693,91900.8348862463,104871.7162444395,10955.9922190764,64028.5777676903,16471.8099998509,36180.7930566948,47218.9349593992,89093.7444468856,49436.9615275126,13388.4614850264,49817.7998242581,41757.3926938168,60249.5494290790,28580.3524719276,82645.8795244312,58320.2647550786,9591.7992201219,89515.4711556833,65830.4016627329,48293.8588966861,13359.4057868416,77890.9300274717,86694.7148984461,99143.4724972334,69116.3323088235,31488.4140591702,69063.5386243201,35049.9627384854,82472.8719490261,41926.6468575158,36110.0824414131,98372.1852991629,24614.0390016503,81455.1973530444,6991.0537293053,98399.8233446215,22241.6281665602,67104.4381146510,51634.3366952901,99356.1333478413,25621.4072120418,77830.3824095506,47087.3215786616,57228.8507326429,68710.9783392161,69971.5977010682,90983.0838367311,67741.5786561491,38599.8027804237,28996.8253031529,81716.8289103176,75477.5572891916,24556.3740432517,56287.8237405184,26259.7360087275,28222.9903851621,37069.5079021765,40098.3180848351,80721.2420514671,20750.9183037251,55665.6439851022,83564.6004549883,11625.5969430129,43266.8223696798,90106.5725579869,73442.6412428113,106806.8632567942,32122.9741059635,22044.4317714587,74554.8784099663,32042.2194325206,28053.5424689020,59731.3529288428,8861.2726250473,42503.5564179229,26345.7355288474,85123.1911626617,3472.8237144765,23306.1873134493,7250.3695498489,18421.6153958218,13534.1228419673,88545.0192036542,56149.0616921380,53104.2190656774,20278.9216228000,12385.7184604923,48206.9665796860,99406.6251650901,16442.5809190557,66809.0573632622,18865.2867510111,104788.0893728454,46630.6190234264,54667.4847865738,51893.0831447367,42640.7830791744,63884.0916995500,56998.2234585465,37531.4842251972,31912.0491216333,15756.7992797557,23548.4713479752,97443.9103233231,12208.8834737302,65055.0418020550,45913.0708115551,84803.6892207883,83455.7512530661,72900.7065977123,70199.4407807511,43699.3470201962,52235.1795093390,27681.0165477614,32177.4037679938,30476.3483679406,89135.2256551203,47226.4442177307,111653.9480395187,41177.9936311878,36283.0389892031,74469.1381649816,62870.4206612423,93286.7033173319,62215.8784924267,12349.4070334762,64073.4612009659,64407.4987343751,65639.9141313095,80107.1829864925,26404.5887337072,94312.4648340521,72429.4336932329,32172.0050281842,79875.3388204182,47218.3589790433,81531.8906413914,72210.7960800949,55456.8314897048,93138.8042530859,18801.0663795923,85857.9966958606,85947.6836240083,88734.3483434883,71234.5485962893,60845.7934571644,62999.1758295691,32936.7668316873,101181.5372716322,71240.5187222490,15409.5561603039,67891.4348380937,53193.2936442993,43380.1704001259
2312,80022.4441747299,59628.8364098956,50923.5204747089,111729.9954302082,44275.7061270354,81717.0277295480,43946.1280573696,32927.0217481098,110228.3190149308,14563.7588710405,74199.7007160756,55174.2727128629,52469.0163888804,19744.4436886565,51517.4931201044,37721.1781252997,85082.9500953257,29001.3888609220,37606.6100334683,62149.8422133192,21848.8224099314,30363.8824350699,9736.1964702603,63462.4424887838,31533.1198328628,97500.2762327327,50509.1979527591,69808.9724302295,17596.5391058991,67416.6487918154,45586.8452332771,53670.7045110616,64320.9083275944,87876.9707679080,66580.9594249495,43861.6355087286,77863.0129364388,8013.3814052714,40310.1969297685,23720.8561858372,37078.4749942900,100589.0783207122,31702.5170774903,21268.8674192447,23176.8260772455,44681.8000940274,83382.3858409841,98542.1702120368,27574.7778163893,63556.0713602411,31060.1918477121,32990.0598492724,41950.6200048286,73235.4462483779,33057.1196022617,7168.9398590050,52098.6591578785,41557.5617721470,55575.3955470285,36592.1676395631,77969.2662239130,41245.4818313463,19073.4660131337,77292.5160663134,55488.0314533091,31627.9136882041,13533.8816633958,60715.1767777164,70094.1405561883,89412.5547816701,53481.4844273067,48484.1775152360,62093.0333754663,17977.6658182003,75847.2689309631,32001.3254827406,52535.0891935308,90827.8873004190,16230.7557269396,71526.3972864820,23400.3367702590,82109.9381865024,26388.0736469078,64363.3942938171,43575.3856017354,94296.0118949906,28041.2025496240,61072.4532778657,34330.9985009837,40076.7010353549,51929.1860463316,52868.4756219763,74048.7853166712,69062.2990031981,35393.2176906397,45950.0826344742,82139.9815593516,58394.6163930639,31754.9214795028,56697.4341198510,24066.2899211797,15391.5400303699,52143.6675046441,25279.7645713316,77647.0363075529,2824.9629054087,39878.4574561908,72150.2382238059,6848.5496343240,26311.6816961265,85362.3958703163,64083.5770054076,101628.7970167878,16990.9976641368,37967.1560995770,74776.0453178585,36634.2079263059,10899.0982305949,57347.9302154091,18683.1037762623,35289.8605734015,11270.9289657521,77181.4207520968,20544.6440663419,40415.2482771787,12341.1981242804,20346.5009675126,30340.6873902284,79038.6435404141,39894.3991798696,48682.9524619032,31324.6361642677,26030.0289909230,48241.6469892054,90801.1049058778,24303.8280419547,58331.0895704816,10225.2861791302,97344.8377279211,44033.7541265920,58342.1588108131,34914.5158203450,25474.8944303260,46711.2201294194,47682.4277245801,39712.5810937170,32746.2218955829,32905.3178858048,14469.1272481244,91150.8702253648,24889.2060874050,48020.2091430935,50040.2424676315,68594.7471062631,66568.9153198160,56524.2703420810,69548.5236633452,45561.3090451558,35202.4220580173,14945.0434310689,28975.0562636021,27435.8539257713,81908.8238333247,38046.1681953143,112212.3999631212,28956.6873759088,35793.1067406116,67821.8644578657,56687.6338214521,76658.3203266381,63397.7884952482,13862.0772909878,48783.9608805023,47390.3087331920,61602.4024951533,62936.6696909233,32285.8223940476,84293.4281746518,64420.8478552669,15852.2446346713,74251.9383493247,31272.2287865407,65012.5446226027,68651.5913768809,57549.5788771009,76852.3023326656,5175.8673910380,82492.6764980325,80401.3102140929,77360.0010221524,69238.7566648356,44058.9306254109,53756.8318035258,16112.2298345832,84646.0621513442,60613.4058754114,2189.7762097896,51603.7040964469,36638.2508118401,26904.2927437298
2313,0,0,0,0,0,0,0,0,0,0,0,0,0,0,0,0,0,0,0,0,0,0,0,0,0,0,0,0,0,0,0,0,0,0,0,0,0,0,0,0,0,0,0,0,0,0,0,0,0,0,0,0,0,0,0,0,0,0,0,0,0,0,0,0,0,0,0,0,0,0,0,0,0,0,0,0,0,0,0,0,0,0,0,0,0,0,0,0,0,0,0,0,0,0,0,0,0,0,0,0,0,0,0,0,0,0,0,0,0,0,0,0,0,0,0,0,0,0,0,0,0,0,0,0,0,0,0,0,0,0,0,0,0,0,0,0,0,0,0,0,0,0,0,0,0,0,0,0,0,0,0,0,0,0,0,0,0,0,0,0,0,0,0,0,0,0,0,0,0,0,0,0,0,0,0,0,0,0,0,0,0,0,0,0,0,0,0,0,0,0,0,0,0,0,0,0,0,0,0,0
2314,0,0,0,0,0,0,0,0,0,0,0,0,0,0,0,0,0,0,0,0,0,0,0,0,0,0,0,0,0,0,0,0,0,0,0,0,0,0,0,0,0,0,0,0,0,0,0,0,0,0,0,0,0,0,0,0,0,0,0,0,0,0,0,0,0,0,0,0,0,0,0,0,0,0,0,0,0,0,0,0,0,0,0,0,0,0,0,0,0,0,0,0,0,0,0,0,0,0,0,0,0,0,0,0,0,0,0,0,0,0,0,0,0,0,0,0,0,0,0,0,0,0,0,0,0,0,0,0,0,0,0,0,0,0,0,0,0,0,0,0,0,0,0,0,0,0,0,0,0,0,0,0,0,0,0,0,0,0,0,0,0,0,0,0,0,0,0,0,0,0,0,0,0,0,0,0,0,0,0,0,0,0,0,0,0,0,0,0,0,0,0,0,0,0,0,0,0,0,0,0
2315,0,0,0,0,0,0,0,0,0,0,0,0,0,0,0,0,0,0,0,0,0,0,0,0,0,0,0,0,0,0,0,0,0,0,0,0,0,0,0,0,0,0,0,0,0,0,0,0,0,0,0,0,0,0,0,0,0,0,0,0,0,0,0,0,0,0,0,0,0,0,0,0,0,0,0,0,0,0,0,0,0,0,0,0,0,0,0,0,0,0,0,0,0,0,0,0,0,0,0,0,0,0,0,0,0,0,0,0,0,0,0,0,0,0,0,0,0,0,0,0,0,0,0,0,0,0,0,0,0,0,0,0,0,0,0,0,0,0,0,0,0,0,0,0,0,0,0,0,0,0,0,0,0,0,0,0,0,0,0,0,0,0,0,0,0,0,0,0,0,0,0,0,0,0,0,0,0,0,0,0,0,0,0,0,0,0,0,0,0,0,0,0,0,0,0,0,0,0,0,0
2316,0,0,0,0,0,0,0,0,0,0,0,0,0,0,0,0,0,0,0,0,0,0,0,0,0,0,0,0,0,0,0,0,0,0,0,0,0,0,0,0,0,0,0,0,0,0,0,0,0,0,0,0,0,0,0,0,0,0,0,0,0,0,0,0,0,0,0,0,0,0,0,0,0,0,0,0,0,0,0,0,0,0,0,0,0,0,0,0,0,0,0,0,0,0,0,0,0,0,0,0,0,0,0,0,0,0,0,0,0,0,0,0,0,0,0,0,0,0,0,0,0,0,0,0,0,0,0,0,0,0,0,0,0,0,0,0,0,0,0,0,0,0,0,0,0,0,0,0,0,0,0,0,0,0,0,0,0,0,0,0,0,0,0,0,0,0,0,0,0,0,0,0,0,0,0,0,0,0,0,0,0,0,0,0,0,0,0,0,0,0,0,0,0,0,0,0,0,0,0,0
2317,89360.3757185597,44298.8016080523,68605.4662717548,107264.8085743082,36510.9731985221,99152.7538011786,47284.7890233229,47921.7779803464,113265.9594491966,7748.6897467677,73019.5829293906,36605.6082309422,58696.2780687735,37253.4180938868,69928.0917041893,29376.3253475535,89093.3639389631,33743.9695747984,20072.6040658262,78698.6203261202,28025.2626982787,15487.6701054162,25400.4816024868,57669.7460797466,50126.5351588683,104163.2970735679,49958.6011858714,76336.6147755694,16735.8403476176,85565.7136181837,62476.8289463101,35752.6983312194,74443.7805429575,88624.2940665209,69106.0191572320,62515.4335519830,73038.2854865420,22600.6719427136,50025.9877689186,18951.5865863183,35791.3735193604,102122.9030811495,28062.5213776574,38903.5152556013,35167.7779248411,30009.7386451465,90176.4951105390,102747.9897338000,8865.6423183761,61277.5056637988,17978.7523026362,39461.9541292020,45228.7261272171,89298.6142956872,51489.0843260902,14010.8834662241,46864.8164992993,39131.6578681624,58051.0337674328,25349.8464853976,80340.3343657545,59390.7152337836,8236.6855713101,88572.5954508264,64575.1323376332,49058.7236765306,16535.1878377140,79308.6196311919,87297.5436597794,97627.0175941016,69284.3900380053,29803.1519959824,67166.8435142233,36686.9519028114,80459.4409176792,40839.0969252702,36132.1246888436,96459.5798553135,23797.9998935249,80036.2733845050,8184.9212286694,98799.5316352868,19467.8062987500,64604.0451374785,50060.0542693990,97057.7175171195,28838.8059027177,78558.7478185106,46541.8586376595,58734.8691987473,69477.3157607986,71560.1004474487,91839.7517833053,64801.3582829496,36423.3561716801,28547.6531560383,78821.6196552851,76527.6586469606,27436.6785514914,53480.8017806030,24264.2411029160,30847.4753493307,37865.5268039441,40202.5645726897,78209.6928612974,22223.2004138725,55960.3597972173,82452.9068177773,13934.9333845475,45008.5931919831,87787.4635762094,71948.1740672240,104509.0940487590,32466.7366921686,22647.6386301017,71696.5992031144,29022.6464598879,29382.5900122261,57225.0818719117,12022.0352904053,40901.8331153871,28429.8488830084,83319.3020739412,119.5894169686,21850.9235375486,7123.0928390920,21701.1539946451,13654.8738480457,87016.5155417176,58261.3499953173,50924.4212632039,22676.3229771060,9165.4841094555,45492.4775992595,97676.6544588686,13415.1940081649,65186.8467464592,18602.4121836840,102842.8837246481,44257.4975132916,51580.7394230041,53619.5033643430,43919.7540791817,65323.8933876849,55604.9329770610,34684.9213481584,35146.9672692186,14493.7600321471,26457.9668414070,95332.1501054690,14623.8768248095,66060.2519738070,42828.6866160071,85185.6423710486,84278.5696059118,73400.5936628484,67443.3339040608,40826.7878903141,53271.7867316522,27573.0400983231,30140.4579965914,33752.1256016307,87196.3698259483,45912.7800029178,108700.2888137133,40592.3086709999,33769.2577818955,72492.3831224168,60883.7014979651,93897.3555672956,59306.8645615604,11078.1161015628,64130.9600552142,66099.6300390219,63318.3010489441,81337.9898533247,23342.7124307483,92867.0784817392,70691.7360547575,34184.8889489895,77716.8259582183,47636.8849970406,82093.4191323777,69793.0529064972,52493.0959169757,93545.3259138692,19556.6739040963,83367.5683603356,83756.3294607358,87595.2877874151,68625.4162564053,61638.1052427797,61544.6239127352,33923.3607358314,101720.6651475493,70012.8622092592,17038.8224781878,68359.4996478208,53866.4359860480,44071.6669226139
2318,0,0,0,0,0,0,0,0,0,0,0,0,0,0,0,0,0,0,0,0,0,0,0,0,0,0,0,0,0,0,0,0,0,0,0,0,0,0,0,0,0,0,0,0,0,0,0,0,0,0,0,0,0,0,0,0,0,0,0,0,0,0,0,0,0,0,0,0,0,0,0,0,0,0,0,0,0,0,0,0,0,0,0,0,0,0,0,0,0,0,0,0,0,0,0,0,0,0,0,0,0,0,0,0,0,0,0,0,0,0,0,0,0,0,0,0,0,0,0,0,0,0,0,0,0,0,0,0,0,0,0,0,0,0,0,0,0,0,0,0,0,0,0,0,0,0,0,0,0,0,0,0,0,0,0,0,0,0,0,0,0,0,0,0,0,0,0,0,0,0,0,0,0,0,0,0,0,0,0,0,0,0,0,0,0,0,0,0,0,0,0,0,0,0,0,0,0,0,0,0
2319,0,0,0,0,0,0,0,0,0,0,0,0,0,0,0,0,0,0,0,0,0,0,0,0,0,0,0,0,0,0,0,0,0,0,0,0,0,0,0,0,0,0,0,0,0,0,0,0,0,0,0,0,0,0,0,0,0,0,0,0,0,0,0,0,0,0,0,0,0,0,0,0,0,0,0,0,0,0,0,0,0,0,0,0,0,0,0,0,0,0,0,0,0,0,0,0,0,0,0,0,0,0,0,0,0,0,0,0,0,0,0,0,0,0,0,0,0,0,0,0,0,0,0,0,0,0,0,0,0,0,0,0,0,0,0,0,0,0,0,0,0,0,0,0,0,0,0,0,0,0,0,0,0,0,0,0,0,0,0,0,0,0,0,0,0,0,0,0,0,0,0,0,0,0,0,0,0,0,0,0,0,0,0,0,0,0,0,0,0,0,0,0,0,0,0,0,0,0,0,0
2320,0,0,0,0,0,0,0,0,0,0,0,0,0,0,0,0,0,0,0,0,0,0,0,0,0,0,0,0,0,0,0,0,0,0,0,0,0,0,0,0,0,0,0,0,0,0,0,0,0,0,0,0,0,0,0,0,0,0,0,0,0,0,0,0,0,0,0,0,0,0,0,0,0,0,0,0,0,0,0,0,0,0,0,0,0,0,0,0,0,0,0,0,0,0,0,0,0,0,0,0,0,0,0,0,0,0,0,0,0,0,0,0,0,0,0,0,0,0,0,0,0,0,0,0,0,0,0,0,0,0,0,0,0,0,0,0,0,0,0,0,0,0,0,0,0,0,0,0,0,0,0,0,0,0,0,0,0,0,0,0,0,0,0,0,0,0,0,0,0,0,0,0,0,0,0,0,0,0,0,0,0,0,0,0,0,0,0,0,0,0,0,0,0,0,0,0,0,0,0,0
2321,0,0,0,0,0,0,0,0,0,0,0,0,0,0,0,0,0,0,0,0,0,0,0,0,0,0,0,0,0,0,0,0,0,0,0,0,0,0,0,0,0,0,0,0,0,0,0,0,0,0,0,0,0,0,0,0,0,0,0,0,0,0,0,0,0,0,0,0,0,0,0,0,0,0,0,0,0,0,0,0,0,0,0,0,0,0,0,0,0,0,0,0,0,0,0,0,0,0,0,0,0,0,0,0,0,0,0,0,0,0,0,0,0,0,0,0,0,0,0,0,0,0,0,0,0,0,0,0,0,0,0,0,0,0,0,0,0,0,0,0,0,0,0,0,0,0,0,0,0,0,0,0,0,0,0,0,0,0,0,0,0,0,0,0,0,0,0,0,0,0,0,0,0,0,0,0,0,0,0,0,0,0,0,0,0,0,0,0,0,0,0,0,0,0,0,0,0,0,0,0
2322,0,0,0,0,0,0,0,0,0,0,0,0,0,0,0,0,0,0,0,0,0,0,0,0,0,0,0,0,0,0,0,0,0,0,0,0,0,0,0,0,0,0,0,0,0,0,0,0,0,0,0,0,0,0,0,0,0,0,0,0,0,0,0,0,0,0,0,0,0,0,0,0,0,0,0,0,0,0,0,0,0,0,0,0,0,0,0,0,0,0,0,0,0,0,0,0,0,0,0,0,0,0,0,0,0,0,0,0,0,0,0,0,0,0,0,0,0,0,0,0,0,0,0,0,0,0,0,0,0,0,0,0,0,0,0,0,0,0,0,0,0,0,0,0,0,0,0,0,0,0,0,0,0,0,0,0,0,0,0,0,0,0,0,0,0,0,0,0,0,0,0,0,0,0,0,0,0,0,0,0,0,0,0,0,0,0,0,0,0,0,0,0,0,0,0,0,0,0,0,0
2323,0,0,0,0,0,0,0,0,0,0,0,0,0,0,0,0,0,0,0,0,0,0,0,0,0,0,0,0,0,0,0,0,0,0,0,0,0,0,0,0,0,0,0,0,0,0,0,0,0,0,0,0,0,0,0,0,0,0,0,0,0,0,0,0,0,0,0,0,0,0,0,0,0,0,0,0,0,0,0,0,0,0,0,0,0,0,0,0,0,0,0,0,0,0,0,0,0,0,0,0,0,0,0,0,0,0,0,0,0,0,0,0,0,0,0,0,0,0,0,0,0,0,0,0,0,0,0,0,0,0,0,0,0,0,0,0,0,0,0,0,0,0,0,0,0,0,0,0,0,0,0,0,0,0,0,0,0,0,0,0,0,0,0,0,0,0,0,0,0,0,0,0,0,0,0,0,0,0,0,0,0,0,0,0,0,0,0,0,0,0,0,0,0,0,0,0,0,0,0,0
2324,0,0,0,0,0,0,0,0,0,0,0,0,0,0,0,0,0,0,0,0,0,0,0,0,0,0,0,0,0,0,0,0,0,0,0,0,0,0,0,0,0,0,0,0,0,0,0,0,0,0,0,0,0,0,0,0,0,0,0,0,0,0,0,0,0,0,0,0,0,0,0,0,0,0,0,0,0,0,0,0,0,0,0,0,0,0,0,0,0,0,0,0,0,0,0,0,0,0,0,0,0,0,0,0,0,0,0,0,0,0,0,0,0,0,0,0,0,0,0,0,0,0,0,0,0,0,0,0,0,0,0,0,0,0,0,0,0,0,0,0,0,0,0,0,0,0,0,0,0,0,0,0,0,0,0,0,0,0,0,0,0,0,0,0,0,0,0,0,0,0,0,0,0,0,0,0,0,0,0,0,0,0,0,0,0,0,0,0,0,0,0,0,0,0,0,0,0,0,0,0
2325,0,0,0,0,0,0,0,0,0,0,0,0,0,0,0,0,0,0,0,0,0,0,0,0,0,0,0,0,0,0,0,0,0,0,0,0,0,0,0,0,0,0,0,0,0,0,0,0,0,0,0,0,0,0,0,0,0,0,0,0,0,0,0,0,0,0,0,0,0,0,0,0,0,0,0,0,0,0,0,0,0,0,0,0,0,0,0,0,0,0,0,0,0,0,0,0,0,0,0,0,0,0,0,0,0,0,0,0,0.0000000000,0,0,0,0,0,0,0,0,0,0,0,0,0,0,0,0,0,0,0,0,0,0,0,0,0,0,0,0,0,0,0,0,0,0,0,0,0,0,0,0,0,0,0,0,0,0,0,0,0,0,0,0,0,0,0,0,0,0,0,0,0,0,0,0,0,0,0,0,0,0,0,0,0,0,0,0,0,0,0,0,0,0,0,0,0,0,0,0,0,0,0
2326,0,0,0,0,0,0,0,0,0,0,0,0,0,0,0,0,0,0,0,0,0,0,0,0,0,0,0,0,0,0,0,0,0,0,0,0,0,0,0,0,0,0,0,0,0,0,0,0,0,0,0,0,0,0,0,0,0,0,0,0,0,0,0,0,0,0,0,0,0,0,0,0,0,0,0,0,0,0,0,0,0,0,0,0,0,0,0,0,0,0,0,0,0,0,0,0,0,0,0,0,0,0,0,0,0,0,0,0,0,0,0,0,0,0,0,0,0,0,0,0,0,0,0,0,0,0,0,0,0,0,0,0,0,0,0,0,0,0,0,0,0,0,0,0,0,0,0,0,0,0,0,0,0,0,0,0,0,0,0,0,0,0,0,0,0,0,0,0,0,0,0,0,0,0,0,0,0,0,0,0,0,0,0,0,0,0,0,0,0,0,0,0,0,0,0,0,0,0,0,0
2327,0,0,0,0,0,0,0,0,0,0,0,0,0,0,0,0,0,0,0,0,0,0,0,0,0,0,0,0,0,0,0,0,0,0,0,0,0,0,0,0,0,0,0,0,0,0,0,0,0,0,0,0,0,0,0,0,0,0,0,0,0,0,0,0,0,0,0,0,0,0,0,0,0,0,0,0,0,0,0,0,0,0,0,0,0,0,0,0,0,0,0,0,0,0,0,0,0,0,0,0,0,0,0,0,0,0,0,0,0,0,0,0,0,0,0,0,0,0,0,0,0,0,0,0,0,0,0,0,0,0,0,0,0,0,0,0,0,0,0,0,0,0,0,0,0,0,0,0,0,0,0,0,0,0,0,0,0,0,0,0,0,0,0,0,0,0,0,0,0,0,0,0,0,0,0,0,0,0,0,0,0,0,0,0,0,0,0,0,0,0,0,0,0,0,0,0,0,0,0,0
2328,91140.6011305047,46270.3287257144,60117.3678626429,115020.3295311662,44736.9380446732,95013.5859914368,38779.7560485740,45911.0904782846,118227.9146102478,1047.7637872411,79476.8751509091,44923.3250549067,61834.2254141211,29090.9219089713,64382.1775304308,25624.3504269731,93520.7683587637,36983.6966174126,24927.9620304749,75500.8646271117,18515.5232884484,25015.5775241576,22465.3308597521,65577.0725405472,44238.2497271473,107405.1404533787,55913.6234607239,79499.2397366963,21004.7627543780,80461.5957339446,58944.6722514189,40988.9497037818,75705.6675076023,94435.7882761932,74042.4503234992,55363.3360688353,80759.5260352407,14318.8390946843,51262.5345888869,12379.8501076908,28556.9520489823,107679.1897874601,34593.9304338578,34617.6194755305,34810.5500841250,31324.5408290284,93291.7220220009,107151.7905972106,17221.3168724001,68035.4670893532,17715.4578047274,30148.4346756737,49492.2479229378,86552.1214794983,43923.4522370983,12009.1516735056,54466.2464467773,45583.9472384339,62886.1737383608,34312.2473369413,85431.3905559575,54364.4593179661,14719.7556628914,89231.8425506296,66328.4752836954,44976.1127845551,8543.8570496948,73258.6169460555,83431.8025107236,100048.4472286494,66738.2684003595,37082.3926993064,70946.3386001085,30338.5997106940,84560.5658802438,42343.8289849905,39278.0302816043,100172.0988156325,25007.1068129904,82214.0479136189,10601.7310434105,95468.3802501591,26752.2079924903,70438.8505227801,52942.1596982396,102075.1515971765,20556.7873616833,74376.3069380073,46316.2289402922,52536.5015975967,65232.0148708466,65090.0807144946,87257.3091777758,72280.4201647729,41408.7265395167,33051.6659796878,86082.6216890289,71469.0080178074,21240.7652035683,60484.5364985795,28964.7507990569,22030.3872435053,38820.2274411761,38159.5765343094,84030.9908534819,16779.5325525424,53150.1384102092,83658.4197066960,9253.7563110452,38282.2785340524,92901.6404171910,74406.1911084218,109507.2483851538,29907.3225097931,24650.1900968263,78828.9497428251,37017.2654482371,24057.7733114373,63119.0285829250,7657.3116373422,43991.1834948663,21008.9901382823,86718.6982567057,11006.7543204148,28762.5728654849,9162.3998755077,12781.2611603564,17514.0400471320,89512.9408591545,50520.9522052595,55751.5011592980,18882.0154871894,18824.8143074660,52203.7949229195,100786.2904148489,21711.1252891668,68092.3066116454,18559.6480340194,106646.4260010457,49793.0604759787,59721.8845545568,46871.8599779914,38458.1707245323,59267.6046481878,57862.5709288252,41969.6295593435,26627.0032075302,21221.1972832719,17073.3854679899,99714.3152273826,11702.9049044445,61172.7232596231,50994.4997977753,81949.5965659629,79812.9858146338,69882.7740841422,74196.5412213634,48154.9223780033,48385.6194189762,26517.2543753789,34802.2567405505,24358.1650419014,91025.0383956146,48032.4537052661,116153.4796371829,40585.8251019518,39904.8900761465,76506.7535584718,64997.2993433751,89988.6377509795,66679.1576957829,14734.1045230894,61939.9300805203,59381.9940215550,68538.5376104639,75775.8785533925,31568.1528899148,95077.6257181320,73934.8668977943,26859.3303252804,82315.4302256833,44561.5801039299,78362.6730553043,75314.4975475552,60111.2134681658,90210.5909866739,16444.7953474685,89097.4956607015,88444.1156044952,88863.8157248844,74831.8275347382,57367.6848288100,63944.3907538533,29458.4606572363,97989.9900329546,71644.1235932003,11536.3228028287,64959.7500860764,49993.9808755763,40261.6912355418
2329,0,0,0,0,0,0,0,0,0,0,0,0,0,0,0,0,0,0,0,0,0,0,0,0,0,0,0,0,0,0,0,0,0,0,0,0,0,0,0,0,0,0,0,0,0,0,0,0,0,0,0,0,0,0,0,0,0,0,0,0,0,0,0,0,0,0,0,0,0,0,0,0,0,0,0,0,0,0,0,0,0,0,0,0,0,0,0,0,0,0,0,0,0,0,0,0,0,0,0,0,0,0,0,0,0,0,0,0,0,0,0,0,0,0,0,0,0,0,0,0,0,0,0,0,0,0,0,0,0,0,0,0,0,0,0,0,0,0,0,0,0,0,0,0,0,0,0,0,0,0,0,0,0,0,0,0,0,0,0,0,0,0,0,0,0,0,0,0,0,0,0,0,0,0,0,0,0,0,0,0,0,0,0,0,0,0,0,0,0,0,0,0,0,0,0,0,0,0,0,0
2330,106571.1296415336,26434.4800551168,80826.0248702722,116585.0309940394,46912.4805323561,116478.3972425538,46202.2742966471,65820.5817364751,127612.7591342999,20329.2103209386,85673.1561712799,13972.8100738841,75333.9350919783,50559.9564242253,86299.3280161436,20280.5095835307,104265.4116390479,50795.6028158932,2433.3362883670,96382.5249201716,34006.7550995933,23986.5512565727,42900.4841740959,67711.9358665655,66184.2812734384,120335.8441051818,64000.1282735109,92765.9924734947,34027.4331994815,102291.5434250725,80009.8330034512,19045.1524394147,91953.5403304686,102049.9213721068,83969.9639872357,77189.1229755939,83072.6944401474,36051.9527014809,67684.7442420278,20068.3785760860,32518.9358212271,115766.7100002553,42487.9285748706,55994.0767625618,53156.6527963021,12994.8681187845,106534.5390422704,117827.6855934192,11970.0161464585,73690.9830143961,8747.7438868976,42651.7295615637,61261.7955692367,107121.9948867485,65619.1251943168,31446.2192470823,58140.7957633450,52925.8504531383,73234.3481664815,34621.5442878015,94853.0494124146,76130.7736154937,23233.8622831739,106249.3290434131,81932.8891386933,66306.8245690931,26307.5456362046,95235.5622053450,104738.7038256822,114431.1412371090,87127.8177936225,13668.4607705906,83204.8372085579,52308.7719070530,96050.2777444013,58495.6376403112,18146.5804153598,112274.4277654618,41719.0904741927,97080.5258250773,11492.2029706393,116463.9024108992,33779.7488091902,78409.2564516837,66981.5681364841,111471.0969762017,29872.4613587527,95836.1138046640,64505.9856937021,74513.7978109757,86705.7091417027,87053.2207456675,108914.3959080824,75646.3431043311,52101.8373311781,11084.2282037678,89801.5911253366,93275.3579405493,23864.1295893166,65698.3113372277,40800.8664332376,42995.5158791218,20674.7932978623,58069.0821077704,91774.0715739506,38432.2198399390,73711.0255733477,99952.4420641706,28546.5724637510,60245.7235188088,102178.1751934645,88884.9112151377,118879.2524777733,50167.1477354831,12007.1570736997,83109.7547747445,40746.1970601012,45774.2899907190,71129.5695825082,18426.3744104425,57865.2891142078,42931.2131837772,99504.5332311018,16468.3173645247,6298.9055405699,24939.9597424918,26677.4841583322,4121.8512327441,103828.3565623802,72071.0192144555,66282.4247025717,16433.8581761015,18860.2752174100,58563.0738589036,113991.7815307441,27191.0123603489,81904.0961558981,36566.2698263700,118529.8875472852,59039.0584911446,61249.5664305404,68818.8140282222,60305.0867301759,81241.7557647464,72798.3191861344,47376.8703425701,35635.1461088762,9214.3863795564,37141.4249412672,110495.2908977800,13616.1505465165,82906.6277953989,52925.4926817368,102866.3120925744,101412.1389583404,90963.1857421294,79699.5296041801,53020.1104007875,70087.3419216894,45514.1281315212,46385.2783895068,38108.1062849202,102978.2606704356,63281.6659336518,118763.2235035914,58551.1954732841,48308.6140617913,88255.8470219105,76722.0563445993,111327.3586701230,70566.3333369837,28937.1675795337,82033.6932535801,81315.4827347225,77954.8910258187,97705.7625557643,35252.1739518667,109824.2453164549,87115.2116019329,48760.5111377426,92831.6930113674,65280.2760427781,99585.5224139109,83922.6267621421,63463.6792987554,111203.0200100588,36860.1830484936,96985.6764932503,98700.0551119498,105050.5216566634,81785.0854644970,78834.9879522805,78603.9783239657,50879.6716767694,119236.5250595525,87390.8766649273,33061.0490397775,85955.7942790345,71231.2874490645,61420.4171998536
2331,0,0,0,0,0,0,0,0,0,0,0,0,0,0,0,0,0,0,0,0,0,0,0,0,0,0,0,0,0,0,0,0,0,0,0,0,0,0,0,0,0,0,0,0,0,0,0,0,0,0,0,0,0,0,0,0,0,0,0,0,0,0,0,0,0,0,0,0,0,0,0,0,0,0,0,0,0,0,0,0,0,0,0,0,0,0,0,0,0,0,0,0,0,0,0,0,0,0,0,0,0,0,0,0,0,0,0,0,0,0,0,0,0,0,0,0,0,0,0,0,0,0,0,0,0,0,0,0,0,0,0,0,0,0,0,0,0,0,0,0,0,0,0,0,0,0,0,0,0,0,0,0,0,0,0,0,0,0,0,0,0,0,0,0,0,0,0,0,0,0,0,0,0,0,0,0,0,0,0,0,0,0,0,0,0,0,0,0,0,0,0,0,0,0,0,0,0,0,0,0
2332,0,0,0,0,0,0,0,0,0,0,0,0,0,0,0,0,0,0,0,0,0,0,0,0,0,0,0,0,0,0,0,0,0,0,0,0,0,0,0,0,0,0,0,0,0,0,0,0,0,0,0,0,0,0,0,0,0,0,0,0,0,0,0,0,0,0,0,0,0,0,0,0,0,0,0,0,0,0,0,0,0,0,0,0,0,0,0,0,0,0,0,0,0,0,0,0,0,0,0,0,0,0,0,0,0,0,0,0,0,0,0,0,0,0,0,0,0,0,0,0,0,0,0,0,0,0,0,0,0,0,0,0,0,0,0,0,0,0,0,0,0,0,0,0,0,0,0,0,0,0,0,0,0,0,0,0,0,0,0,0,0,0,0,0,0,0,0,0,0,0,0,0,0,0,0,0,0,0,0,0,0,0,0,0,0,0,0,0,0,0,0,0,0,0,0,0,0,0,0,0
2333,0,0,0,0,0,0,0,0,0,0,0,0,0,0,0,0,0,0,0,0,0,0,0,0,0,0,0,0,0,0,0,0,0,0,0,0,0,0,0,0,0,0,0,0,0,0,0,0,0,0,0,0,0,0,0,0,0,0,0,0,0,0,0,0,0,0,0,0,0,0,0,0,0,0,0,0,0,0,0,0,0,0,0,0,0,0,0,0,0,0,0,0,0,0,0,0,0,0,0,0,0,0,0,0,0,0,0,0,0,0,0,0,0,0,0,0,0,0,0,0,0,0,0,0,0,0,0,0,0,0,0,0,0,0,0,0,0,0,0,0,0,0,0,0,0,0,0,0,0,0,0,0,0,0,0,0,0,0,0,0,0,0,0,0,0,0,0,0,0,0,0,0,0,0,0,0,0,0,0,0,0,0,0,0,0,0,0,0,0,0,0,0,0,0,0,0,0,0,0,0
2334,0,0,0,0,0,0,0,0,0,0,0,0,0,0,0,0,0,0,0,0,0,0,0,0,0,0,0,0,0,0,0,0,0,0,0,0,0,0,0,0,0,0,0,0,0,0,0,0,0,0,0,0,0,0,0,0,0,0,0,0,0,0,0,0,0,0,0,0,0,0,0,0,0,0,0,0,0,0,0,0,0,0,0,0,0,0,0,0,0,0,0,0,0,0,0,0,0,0,0,0,0,0,0,0,0,0,0,0,0,0,0,0,0,0,0,0,0,0,0,0,0,0,0,0,0,0,0,0,0,0,0,0,0,0,0,0,0,0,0,0,0,0,0,0,0,0,0,0,0,0,0,0,0,0,0,0,0,0,0,0,0,0,0,0,0,0,0,0,0,0,0,0,0,0,0,0,0,0,0,0,0,0,0,0,0,0,0,0,0,0,0,0,0,0,0,0,0,0,0,0
2335,0,0,0,0,0,0,0,0,0,0,0,0,0,0,0,0,0,0,0,0,0,0,0,0,0,0,0,0,0,0,0,0,0,0,0,0,0,0,0,0,0,0,0,0,0,0,0,0,0,0,0,0,0,0,0,0,0,0,0,0,0,0,0,0,0,0,0,0,0,0,0,0,0,0,0,0,0,0,0,0,0,0,0,0,0,0,0,0,0,0,0,0,0,0,0,0,0,0,0,0,0,0,0,0,0,0,0,0,0,0,0,0,0,0,0,0,0,0,0,0,0,0,0,0,0,0,0,0,0,0,0,0,0,0,0,0,0,0,0,0,0,0,0,0,0,0,0,0,0,0,0,0,0,0,0,0,0,0,0,0,0,0,0,0,0,0,0,0,0,0,0,0,0,0,0,0,0,0,0,0,0,0,0,0,0,0,0,0,0,0,0,0,0,0,0,0,0,0,0,0
2336,104810.2576976532,32065.1304631982,70060.2700078267,122405.7373749084,51661.7825139116,109105.6745322725,35479.2318795387,60435.1261856326,129604.1325122038,14672.7007424153,89114.4877083154,38488.5734763755,74672.5447949828,40655.6220820887,77885.7414675675,13112.0774977932,105404.0779031849,49644.3271986837,14926.9601695710,89902.9068961727,22540.2058687400,28891.0710142646,36990.3840607206,72895.7453641672,57726.3694068706,120238.1669100006,66238.9406664168,92356.1173540887,32748.2598855994,94141.3704209919,73313.5775466533,29506.4422063023,89579.9761380243,104879.7200603927,85443.4815513283,67555.8647030427,88344.6442046070,26887.2510407188,65075.5270020016,8504.1478423106,22227.2097203863,118414.4353553915,44315.0578327151,48932.5496806464,49054.4320730070,17129.9392796196,106198.3001732136,119061.1464258644,16432.0495779852,77283.8906035260,3220.1074934307,31099.4030714617,61467.5987423041,101016.0924527244,55824.9068521763,26216.4792301398,62457.1874467342,55340.4248265397,74380.3546833552,39737.6188670016,96678.3114234701,68236.5358209114,23133.2179957936,103351.0207644212,79963.5374870406,59268.8192708364,16445.3354873921,86333.9211577264,97646.2387632751,113393.2569557393,81241.9031545006,29037.5999680568,83346.4750090623,43794.8839186290,96719.6637914482,55993.5290530635,25872.5455208676,112654.2312904235,38590.5065904191,95668.9084726363,8427.5146161229,109811.9034233451,35609.1771676944,80880.8919803012,65916.1000120069,113395.7660231429,18378.4709950058,88506.7641673566,60589.4328785432,65689.1189395418,79372.8376175577,77871.2630421521,101181.1720836654,80359.0802200101,52741.7653779469,21311.2167744638,94477.9063980077,85216.6954573088,13301.0791705428,69403.9183344020,40491.5522240433,32821.8337068362,24386.4484076090,52677.5868627764,94473.0708266802,31079.8216128136,67645.5265845322,97569.7971555353,20944.9488157550,51237.7785217137,104123.8769071141,87692.0525348504,120847.0363757193,44433.3945881778,11349.5148611636,87464.2874588105,44552.4876644433,38205.2294384590,73502.5709742829,9167.0386438500,56793.9655193902,33975.6015993529,99420.8413351876,15855.2980685864,21203.9929684633,21310.1913082881,15304.4766442123,9154.1739481571,102801.7358928967,62026.2757300333,67248.1676535967,12461.4677067992,22386.6455704794,61587.3592714149,113704.2321971081,29231.9916653133,81095.9127192511,32461.7735516548,119061.7918113296,60590.8508168002,66611.2197320954,59632.8183073038,52280.4724230258,72455.6469461423,71216.1654919914,50606.5479063651,24343.4131656855,15464.6319950779,26667.0380467843,111640.4831891130,1124.6463908327,75065.4402272226,57942.4727816517,96333.6799776809,93812.9939271155,84226.1747326097,83430.6667431515,56660.9870765129,62370.7391272617,40848.8711433597,46397.1976090524,26499.0659724235,103409.5537957646,61418.1089589244,124121.1955708669,54773.5548862468,50064.0861875541,88729.3542723396,77124.8766889912,104174.6568135576,74974.4729584593,26636.4840172086,76465.4740711303,71988.2384670542,79655.7510025336,89195.1270384487,38814.9259589218,108533.5440608134,86728.0999848112,39614.4057148622,94038.7768418666,59046.0873066531,92629.9465503198,86108.0985245157,68023.2313531238,104560.4348372086,30950.9283578703,99642.9196015128,100086.6681846579,102757.4955101707,84811.3611702868,71534.8425230475,77238.5728552792,43780.3665004669,112219.1066802542,85349.1850986437,25985.0669126608,79341.3786445892,64315.4284111257,54646.7986676135
2337,0,0,0,0,0,0,0,0,0,0,0,0,0,0,0,0,0,0,0,0,0,0,0,0,0,0,0,0,0,0,0,0,0,0,0,0,0,0,0,0,0,0,0,0,0,0,0,0,0,0,0,0,0,0,0,0,0,0,0,0,0,0,0,0,0,0,0,0,0,0,0,0,0,0,0,0,0,0,0,0,0,0,0,0,0,0,0,0,0,0,0,0,0,0,0,0,0,0,0,0,0,0,0,0,0,0,0,0,0,0,0,0,0,0,0,0,0,0,0,0,0,0,0,0,0,0,0,0,0,0,0,0,0,0,0,0,0,0,0,0,0,0,0,0,0,0,0,0,0,0,0,0,0,0,0,0,0,0,0,0,0,0,0,0,0,0,0,0,0,0,0,0,0,0,0,0,0,0,0,0,0,0,0,0,0,0,0,0,0,0,0,0,0,0,0,0,0,0,0,0
2338,87826.4186958610,61431.5531793667,41324.6150404340,124192.3042745280,56999.7944644487,80934.1156745344,33982.8180879149,38092.1067736224,120769.6738205986,21712.6448488733,86253.8421296516,63709.0286237061,62588.5176800589,7969.9497948726,48751.5328267794,35817.5151077550,95482.0174431970,40650.6889232283,43073.7070678562,63461.0317580588,13436.3371113729,41577.4864302917,19050.9290800649,76174.4691391271,28924.5771604479,106559.8836039416,62700.0638636154,79358.3074817408,30337.6457829192,65143.7848095467,47040.5481164041,58869.7731292711,71981.1276586390,99346.5607368788,77758.3019025276,37633.5712466207,90459.0638985294,6121.4657062522,49201.5007224475,22792.2199484749,30524.8192784921,111724.0519877791,44446.9098777463,23860.4315946157,32195.4654419539,46762.8077591668,92562.9906862528,108718.7994530794,35908.3053331602,75897.1315773661,33593.8001308576,22239.0378468557,53451.3017203594,74968.6422733241,25902.4644132673,18641.6005134219,64814.6762266918,54135.0444539710,66961.3197413825,48867.0470254412,89041.9564046606,39996.8578930896,30194.6693076244,83811.4715030957,64068.2888660248,33113.8246918886,13632.9125457911,56686.6648515706,70023.9925553815,97736.9555952612,56235.3019265514,55804.5565587807,72442.1786424647,15722.8935982075,86131.6113007059,41914.1069069148,55790.9274340963,100466.6273477427,28193.5877064334,80001.3115858320,29075.5861017154,82688.8801441475,38986.1592884974,76200.4062393178,53904.1543869944,105066.2826944268,21773.6753635208,60679.4546977351,41979.4554892066,36254.1801995541,51739.9374235397,48079.3621052141,72617.0443442178,81632.6490824391,47609.0797134251,50726.5136044165,94529.0024420043,56418.8479665422,28157.6870390213,69220.8422056543,36712.6762315292,4229.8666719626,53347.5537213248,31460.9971588887,89258.2684568100,11975.6523311178,43019.1928193418,79487.5874692098,13814.0359693321,21844.6103280372,96335.4814029620,73090.4012973006,112293.7032613775,24147.5144397138,41232.9992644263,87165.8346773962,49324.2389392428,14176.1253309483,69357.0656813276,21496.2484250923,46331.3593304132,3128.1927124562,86779.5680671872,29261.9675011165,47463.0584841489,23066.9346592825,16516.6069014906,35691.9328108919,87665.2227296355,32200.1842097582,60283.6015117886,30769.8917685022,36290.9176275733,60782.6051121769,99834.8519618979,36252.0656603473,67995.6044526948,22786.3035841912,106970.6130186403,56192.7762505965,71095.0660420405,29931.8227589918,24534.0646261451,42988.2444216355,57184.1699969532,52460.7330150079,24452.2981947481,39965.3508842903,4646.6807665402,101412.6123882375,27114.4577143060,46734.8484120337,62793.2388417047,69644.4170285016,65509.3370590469,57483.3437155319,81814.4552502842,58278.4117999433,34650.0525872618,25015.7881373826,41365.2842752446,17497.7904046531,91819.4622647036,48031.9088623603,124525.8709370395,37521.8855192268,48405.6243929172,78217.1963701290,67491.6443396501,76368.4050316005,75976.9250658217,26110.3685792916,52365.5579830102,42142.2180915012,73098.0521120022,59859.7349368395,44806.2523906243,92488.0722840826,74204.8797479328,21074.9234577518,84998.0806379464,34772.7883421208,65312.9378937647,80206.2150708649,70236.0665976406,77533.2225173670,16936.2293768352,93972.7014541281,91105.2492703145,84628.3408052153,81216.3366169384,44198.3686736570,63103.5958805541,19592.9076472220,84512.0154186029,68842.1955363219,13146.6572965056,52982.0790272615,38072.1277444779,29545.4619057097
2339,0,0,0,0,0,0,0,0,0,0,0,0,0,0,0,0,0,0,0,0,0,0,0,0,0,0,0,0,0,0,0,0,0,0,0,0,0,0,0,0,0,0,0,0,0,0,0,0,0,0,0,0,0,0,0,0,0,0,0,0,0,0,0,0,0,0,0,0,0,0,0,0,0,0,0,0,0,0,0,0,0,0,0,0,0,0,0,0,0,0,0,0,0,0,0,0,0,0,0,0,0,0,0,0,0,0,0,0,0,0,0,0,0,0,0,0,0,0,0,0,0,0,0,0,0,0,0,0,0,0,0,0,0,0,0,0,0,0,0,0,0,0,0,0,0,0,0,0,0,0,0,0,0,0,0,0,0,0,0,0,0,0,0,0,0,0,0,0,0,0,0,0,0,0,0,0,0,0,0,0,0,0,0,0,0,0,0,0,0,0,0,0,0,0,0,0,0,0,0,0
2340,0,0,0,0,0,0,0,0,0,0,0,0,0,0,0,0,0,0,0,0,0,0,0,0,0,0,0,0,0,0,0,0,0,0,0,0,0,0,0,0,0,0,0,0,0,0,0,0,0,0,0,0,0,0,0,0,0,0,0,0,0,0,0,0,0,0,0,0,0,0,0,0,0,0,0,0,0,0,0,0,0,0,0,0,0,0,0,0,0,0,0,0,0,0,0,0,0,0,0,0,0,0,0,0,0,0,0,0,0,0,0,0,0,0,0,0,0,0,0,0,0,0,0,0,0,0,0,0,0,0,0,0,0,0,0,0,0,0,0,0,0,0,0,0,0,0,0,0,0,0,0,0,0,0,0,0,0,0,0,0,0,0,0,0,0,0,0,0,0,0,0,0,0,0,0,0,0,0,0,0,0,0,0,0,0,0,0,0,0,0,0,0,0,0,0,0,0,0,0,0
2341,0,0,0,0,0,0,0,0,0,0,0,0,0,0,0,0,0,0,0,0,0,0,0,0,0,0,0,0,0,0,0,0,0,0,0,0,0,0,0,0,0,0,0,0,0,0,0,0,0,0,0,0,0,0,0,0,0,0,0,0,0,0,0,0,0,0,0,0,0,0,0,0,0,0,0,0,0,0,0,0,0,0,0,0,0,0,0,0,0,0,0,0,0,0,0,0,0,0,0,0,0,0,0,0,0,0,0,0,0,0,0,0,0,0,0,0,0,0,0,0,0,0,0,0,0,0,0,0,0,0,0,0,0,0,0,0,0,0,0,0,0,0,0,0,0,0,0,0,0,0,0,0,0,0,0,0,0,0,0,0,0,0,0,0,0,0,0,0,0,0,0,0,0,0,0,0,0,0,0,0,0,0,0,0,0,0,0,0,0,0,0,0,0,0,0,0,0,0,0,0
2342,0,0,0,0,0,0,0,0,0,0,0,0,0,0,0,0,0,0,0,0,0,0,0,0,0,0,0,0,0,0,0,0,0,0,0,0,0,0,0,0,0,0,0,0,0,0,0,0,0,0,0,0,0,0,0,0,0,0,0,0,0,0,0,0,0,0,0,0,0,0,0,0,0,0,0,0,0,0,0,0,0,0,0,0,0,0,0,0,0,0,0,0,0,0,0,0,0,0,0,0,0,0,0,0,0,0,0,0,0,0,0,0,0,0,0,0,0,0,0,0,0,0,0,0,0,0,0,0,0,0,0,0,0,0,0,0,0,0,0,0,0,0,0,0,0,0,0,0,0,0,0,0,0,0,0,0,0,0,0,0,0,0,0,0,0,0,0,0,0,0,0,0,0,0,0,0,0,0,0,0,0,0,0,0,0,0,0,0,0,0,0,0,0,0,0,0,0,0,0,0
2343,88828.4954950947,44127.3372365847,72654.9483046059,103717.1112862477,32901.9520893798,101304.8515267086,51421.5653524834,49440.5792038837,111114.7631470541,10800.9296765815,70213.7434638035,32998.8186037930,57679.7621486994,41272.5196819533,72780.5955303871,32030.4986167031,87268.3698895823,33051.1370649138,19147.9879956805,80505.2155340907,32509.0817548491,8620.3379873107,27799.0832475249,54136.1750488176,53225.6376877751,102877.0462040537,47550.8864568540,75191.4934663599,16347.2686843666,88176.0707773093,64517.6066819972,34022.2391946093,74230.3755448439,86103.2987200846,67106.7934310911,66050.4968302536,69562.0847959279,26775.9664895000,50032.5574712522,22816.1012998389,39557.8437092849,99698.2057909973,25651.4579606102,41493.8518565448,36182.5593259631,30493.4140003707,88995.5072308214,100895.6212310067,6303.6962124559,58359.9674971866,19833.3714975459,43879.0639891413,43780.8679813709,90862.5718879075,55225.8399613227,16840.0119796769,43556.5449191686,36561.1069859144,56173.7900609090,21344.1624801676,78212.3595664384,62080.6588990383,4662.8632397592,88576.4084801375,64190.8907142606,51441.6802719902,21052.8644716214,82339.5933699246,89364.3842873859,96757.4954151317,70852.0216909177,26957.9162830171,65766.3592276397,40081.8593310085,78829.5197091107,40858.5026657910,35525.8637159737,94965.1069125910,24505.5300463567,79353.6298266699,10515.9721217920,100594.2850839947,16857.7860914547,62161.7917672423,49259.6954450639,94914.7834556810,32988.7356238011,80796.0011141102,47281.4960701829,61905.2238558688,71782.6333248314,74789.4011519408,94205.9601338413,61478.9768630763,34728.6372233726,27420.8665903123,75576.0421710551,79148.9147638166,30978.2014777592,50470.0670398235,23099.9365253942,35108.7803013995,38305.3056940541,41850.9020539310,75716.0265220070,25606.8988364216,57740.6282670090,82224.9339450003,18104.7150407733,48465.9550376411,85622.2689721306,71172.6392642489,102357.9283816734,34495.4034311775,23127.6047010242,68538.4736849745,25646.0191978291,32532.2816905544,54794.9761832820,16161.3734010920,40131.2609664653,32285.9635147015,82025.4774777611,3837.9755141833,19484.0307868002,9932.6238147328,26066.3938140754,13985.4064190083,86148.8040083019,62040.8077585717,49113.2763720996,25569.9427329741,1889.4243653532,42704.1062660061,96473.3818255245,8114.2965926132,64235.2904110057,20226.8298022590,101285.7619292946,42138.1823047663,47937.6866812664,57032.7968263995,46905.6135700359,68406.4643104993,55053.2774438332,31679.1736035087,39330.4956019338,12766.2518890975,30897.2478977901,93510.3612200577,17748.7327445473,68655.0811791987,39213.3073893453,86982.5576739884,86617.3704724269,75372.2167640487,64501.8202867285,37725.0676914588,55946.4069736216,29128.7671355224,28778.8029569288,38199.3905475968,85675.4228678626,45546.8749665021,105305.3518496065,41329.7419965564,31469.2920586177,70943.3626256984,59356.9477933811,95962.2666288562,56063.4418930047,11899.2393264782,65575.0659016476,69448.2140661944,61204.9052826351,84156.8584930632,19909.0057702273,92115.3243430463,69537.5520246185,37945.8351319366,75848.7538519551,49615.7424537784,84119.9855806784,67488.6882011081,49143.7640107400,95357.2436954392,22300.9405203142,80903.6063914585,81819.4706947265,87314.7644559541,65968.5759544903,63998.6014513161,60869.6781318768,36667.5360680683,103685.3661930919,69649.5853110543,20660.2809587699,70306.5690626697,56117.2865151183,46399.3971214110
2344,0,0,0,0,0,0,0,0,0,0,0,0,0,0,0,0,0,0,0,0,0,0,0,0,0,0,0,0,0,0,0,0,0,0,0,0,0,0,0,0,0,0,0,0,0,0,0,0,0,0,0,0,0,0,0,0,0,0,0,0,0,0,0,0,0,0,0,0,0,0,0,0,0,0,0,0,0,0,0,0,0,0,0,0,0,0,0,0,0,0,0,0,0,0,0,0,0,0,0,0,0,0,0,0,0,0,0,0,0,0,0,0,0,0,0,0,0,0,0,0,0,0,0,0,0,0,0,0,0,0,0,0,0,0,0,0,0,0,0,0,0,0,0,0,0,0,0,0,0,0,0,0,0,0,0,0,0,0,0,0,0,0,0,0,0,0,0,0,0,0,0,0,0,0,0,0,0,0,0,0,0,0,0,0,0,0,0,0,0,0,0,0,0,0,0,0,0,0,0,0
2345,0,0,0,0,0,0,0,0,0,0,0,0,0,0,0,0,0,0,0,0,0,0,0,0,0,0,0,0,0,0,0,0,0,0,0,0,0,0,0,0,0,0,0,0,0,0,0,0,0,0,0,0,0,0,0,0,0,0,0,0,0,0,0,0,0,0,0,0,0,0,0,0,0,0,0,0,0,0,0,0,0,0,0,0,0,0,0,0,0,0,0,0,0,0,0,0,0,0,0,0,0,0,0,0,0,0,0,0,0,0,0,0,0,0,0,0,0,0,0,0,0,0,0,0,0,0,0,0,0,0,0,0,0,0,0,0,0,0,0,0,0,0,0,0,0,0,0,0,0,0,0,0,0,0,0,0,0,0,0,0,0,0,0,0,0,0,0,0,0,0,0,0,0,0,0,0,0,0,0,0,0,0,0,0,0,0,0,0,0,0,0,0,0,0,0,0,0,0,0,0
2346,91944.7755057560,42197.1116408141,68064.2695290928,110170.9791984955,39387.2695097219,100399.5751946882,44627.2881497274,49657.3438681279,116215.5468277649,5667.6745534821,76007.7099436274,36933.0865474373,61445.2708186637,36847.7459659755,70683.1190592598,26408.1216744472,92000.0331180378,36449.5923844433,18615.8712119478,80194.9963237515,25940.6047810223,17891.3046563069,26725.7281360546,60573.2599351081,50716.9049587612,106957.0951401175,52938.8185790085,79106.0378174664,19463.8183198329,86492.2929482304,63850.8517565321,34582.6219856732,76928.8593551960,91606.8457933784,72043.1536347103,62637.4145474425,75957.4373688352,22055.8845512952,52463.8710649054,16110.1135004574,32924.2495087274,105099.0655826215,31048.3205835230,39970.7803089437,37225.0869986937,27679.8536774585,92948.8150847290,105656.6676864218,9099.5518433844,64262.0614119180,15226.5423725880,37164.5903276322,48088.8349767447,90929.8214195990,51407.5526923769,15261.5594633597,49809.2507505090,42119.3900352292,60975.0549362638,28064.7980698831,83291.0343838411,60301.3888223048,9819.1035647865,90964.5694448173,67129.7492289366,50234.0897701828,14793.9280620802,79894.4248149394,88614.4051302389,100312.1731910519,70940.0752481389,29499.9635608582,70000.5675376502,37054.1817465341,83333.9250726101,43295.4908704017,34291.8740976372,99302.4213220410,26079.9533674201,82674.2227413474,5217.5123735702,100281.1645530740,22454.6116177803,67584.1591721396,52761.0267511769,100007.8971016525,26189.6408212710,79770.1351049960,48682.8965908901,59233.3650499953,70655.4605020303,71975.6883621839,92942.5787247893,67747.4931773343,39335.9829150719,27068.9606165989,81780.3743415618,77458.3219478801,24498.4944935564,56459.4386327861,27112.4857799880,30056.0340413533,35512.0328444977,41894.8058239958,81191.4490263858,22751.5593443461,57516.5712966037,84936.6905036575,13587.8327154922,45267.2695297910,90741.2996718483,74619.6189600671,107459.4613862316,33972.8547875542,20389.7395849142,74664.7945612845,31945.9413140773,30049.2568664467,60205.4061257905,9358.6492548964,43610.4199555145,28320.5166325983,86121.6000222359,2908.3691995977,21305.7813979457,8846.2458627915,19320.8236746519,11693.7295162113,89705.7727240918,58108.9386513649,53842.3142402042,19693.3407239212,11323.3890641075,48479.9775291530,100451.9858467949,16353.6476627070,67913.1030779618,20520.3145635638,105697.2666734883,47217.1659155321,54453.8994667751,53893.5439628590,44636.4903737087,65887.8076007479,58224.8099682354,37659.7163165573,32528.7422778866,13753.3406539579,25231.8688460976,98237.0628413629,11636.1100840793,67030.2064796433,45706.5020554711,86679.8077934390,85410.0569010210,74799.4172302649,70427.2149296150,43795.2649528388,54211.9864917063,29404.8960770269,33008.0638295687,31533.6817848414,90047.2909040962,48489.6755562559,111638.4469226814,42754.9122434539,36747.9079568351,75354.1329362011,63746.7803357649,95208.3886174330,62263.4450296502,13560.2221421978,65867.2762483961,66408.8026714295,66270.8126924173,82102.7729606038,26248.0281022203,95519.2510490341,73466.5695565389,34152.8333894804,80632.9752118773,49093.9832459090,83443.5281210522,72762.8848670842,55432.4475675241,95021.0755921172,20717.2127928524,86347.3523730794,86681.4213465655,90094.4388946044,71613.2554239169,62792.9639956647,64195.2568409693,34902.3864726824,103090.8815545455,72554.7844403718,17413.2408005069,69782.9565959352,55119.8608585238,45306.8097129199
2347,0,0,0,0,0,0,0,0,0,0,0,0,0,0,0,0,0,0,0,0,0,0,0,0,0,0,0,0,0,0,0,0,0,0,0,0,0,0,0,0,0,0,0,0,0,0,0,0,0,0,0,0,0,0,0,0,0,0,0,0,0,0,0,0,0,0,0,0,0,0,0,0,0,0,0,0,0,0,0,0,0,0,0,0,0,0,0,0,0,0,0,0,0,0,0,0,0,0,0,0,0,0,0,0,0,0,0,0,0,0,0,0,0,0,0,0,0,0,0,0,0,0,0,0,0,0,0,0,0,0,0,0,0,0,0,0,0,0,0,0,0,0,0,0,0,0,0,0,0,0,0,0,0,0,0,0,0,0,0,0,0,0,0,0,0,0,0,0,0,0,0,0,0,0,0,0,0,0,0,0,0,0,0,0,0,0,0,0,0,0,0,0,0,0,0,0,0,0,0,0
2348,0,0,0,0,0,0,0,0,0,0,0,0,0,0,0,0,0,0,0,0,0,0,0,0,0,0,0,0,0,0,0,0,0,0,0,0,0,0,0,0,0,0,0,0,0,0,0,0,0,0,0,0,0,0,0,0,0,0,0,0,0,0,0,0,0,0,0,0,0,0,0,0,0,0,0,0,0,0,0,0,0,0,0,0,0,0,0,0,0,0,0,0,0,0,0,0,0,0,0,0,0,0,0,0,0,0,0,0,0,0,0,0,0,0,0,0,0,0,0,0,0,0,0,0,0,0,0,0,0,0,0,0,0,0,0,0,0,0,0,0,0,0,0,0,0,0,0,0,0,0,0,0,0,0,0,0,0,0,0,0,0,0,0,0,0,0,0,0,0,0,0,0,0,0,0,0,0,0,0,0,0,0,0,0,0,0,0,0,0,0,0,0,0,0,0,0,0,0,0,0
2349,0,0,0,0,0,0,0,0,0,0,0,0,0,0,0,0,0,0,0,0,0,0,0,0,0,0,0,0,0,0,0,0,0,0,0,0,0,0,0,0,0,0,0,0,0,0,0,0,0,0,0,0,0,0,0,0,0,0,0,0,0,0,0,0,0,0,0,0,0,0,0,0,0,0,0,0,0,0,0,0,0,0,0,0,0,0,0,0,0,0,0,0,0,0,0,0,0,0,0,0,0,0,0,0,0,0,0,0,0,0,0,0,0,0,0,0,0,0,0,0,0,0,0,0,0,0,0,0,0,0,0,0,0,0,0,0,0,0,0,0,0,0,0,0,0,0,0,0,0,0,0,0,0,0,0,0,0,0,0,0,0,0,0,0,0,0,0,0,0,0,0,0,0,0,0,0,0,0,0,0,0,0,0,0,0,0,0,0,0,0,0,0,0,0,0,0,0,0,0,0
2350,0,0,0,0,0,0,0,0,0,0,0,0,0,0,0,0,0,0,0,0,0,0,0,0,0,0,0,0,0,0,0,0,0,0,0,0,0,0,0,0,0,0,0,0,0,0,0,0,0,0,0,0,0,0,0,0,0,0,0,0,0,0,0,0,0,0,0,0,0,0,0,0,0,0,0,0,0,0,0,0,0,0,0,0,0,0,0,0,0,0,0,0,0,0,0,0,0,0,0,0,0,0,0,0,0,0,0,0,0,0,0,0,0,0,0,0,0,0,0,0,0,0,0,0,0,0,0,0,0,0,0,0,0,0,0,0,0,0,0,0,0,0,0,0,0,0,0,0,0,0,0,0,0,0,0,0,0,0,0,0,0,0,0,0,0,0,0,0,0,0,0,0,0,0,0,0,0,0,0,0,0,0,0,0,0,0,0,0,0,0,0,0,0,0,0,0,0,0,0,0
2351,0,0,0,0,0,0,0,0,0,0,0,0,0,0,0,0,0,0,0,0,0,0,0,0,0,0,0,0,0,0,0,0,0,0,0,0,0,0,0,0,0,0,0,0,0,0,0,0,0,0,0,0,0,0,0,0,0,0,0,0,0,0,0,0,0,0,0,0,0,0,0,0,0,0,0,0,0,0,0,0,0,0,0,0,0,0,0,0,0,0,0,0,0,0,0,0,0,0,0,0,0,0,0,0,0,0,0,0,0,0,0,0,0,0,0,0,0,0,0,0,0,0,0,0,0,0,0,0,0,0,0,0,0,0,0,0,0,0,0,0,0,0,0,0,0,0,0,0,0,0,0,0,0,0,0,0,0,0,0,0,0,0,0,0,0,0,0,0,0,0,0,0,0,0,0,0,0,0,0,0,0,0,0,0,0,0,0,0,0,0,0,0,0,0,0,0,0,0,0,0
2352,0,0,0,0,0,0,0,0,0,0,0,0,0,0,0,0,0,0,0,0,0,0,0,0,0,0,0,0,0,0,0,0,0,0,0,0,0,0,0,0,0,0,0,0,0,0,0,0,0,0,0,0,0,0,0,0,0,0,0,0,0,0,0,0,0,0,0,0,0,0,0,0,0,0,0,0,0,0,0,0,0,0,0,0,0,0,0,0,0,0,0,0,0,0,0,0,0,0,0,0,0,0,0,0,0,0,0,0,0,0,0,0,0,0,0,0,0,0,0,0,0,0,0,0,0,0,0,0,0,0,0,0,0,0,0,0,0,0,0,0,0,0,0,0,0,0,0,0,0,0,0,0,0,0,0,0,0,0,0,0,0,0,0,0,0,0,0,0,0,0,0,0,0,0,0,0,0,0,0,0,0,0,0,0,0,0,0,0,0,0,0,0,0,0,0,0,0,0,0,0
2353,76558.5467584747,63213.2823380059,49609.9851566146,110120.7329351475,43854.3934524754,78274.2749260989,46715.9620812820,29213.4180503957,107425.7272971044,17912.7048939571,72178.4780489163,57594.5097118256,49468.9355309365,19043.6586118282,48448.6744580225,41423.1008833099,82215.6069197484,26644.5973262799,40853.0521387838,58544.4908390941,24733.9453928022,31839.3938985827,4597.5420230633,62366.6536943253,28654.7130246760,94273.7779123539,48604.9311066515,66673.3004266357,17351.1767002513,64199.8789888265,42009.0979157604,56870.3012463368,60820.4185081437,85473.6718317044,64014.1592612797,41589.3072500808,76467.6619471313,9957.6889460313,36961.8846443678,27414.8767019847,40441.7027696587,98023.5917100900,30855.6137214977,17782.9545412133,19759.2696803033,48279.8432791822,80171.9366559071,95610.4837205661,30318.3961216716,61806.9547108555,34680.6683319161,35469.7841390584,39525.7963072754,69588.9677828115,31214.0998098242,7829.3242240592,51034.4341016714,40159.2360244521,53103.9605687932,37086.7812727288,75362.7466006836,38008.8326557537,20868.8832825420,73681.9571831836,52118.1379312559,28125.2909801598,17159.9140706270,57823.9635031025,66595.2470682207,86037.8453762919,49803.3906337967,51280.0280911541,59184.8613883568,15569.1549125122,72933.2152003848,28871.9394410451,56002.9175046632,87735.6279294616,14098.3544956148,68161.1836028926,26772.4135612540,78535.2459628411,26484.9452145229,62175.2566017868,40624.1453101345,91571.7694687030,31367.0794164207,57628.1693076629,30762.3558349626,37304.9288419775,48491.5211957760,50177.4283520625,70697.8635491452,67625.2295334882,33514.0248303608,49251.0885517116,80443.4604430961,55165.6708973034,35365.5630405009,55190.5246293778,22881.9429302154,16192.6253216211,55781.6961429752,21573.7068420133,75319.8606679846,249.9359382849,36204.7779444792,68618.1067998117,10542.4866600931,23974.8089261146,82716.7062501880,60812.7549126828,98867.7029490784,13289.6763671732,41491.9948678793,73081.4712826591,36385.2237709370,2504.5440155568,55285.6276961427,22370.0124747063,32604.8953554610,12472.7554844834,74066.6507371320,23330.0796349905,43332.9628592347,14692.4517818306,23824.2188518856,33670.6493288865,75709.3237280073,38077.3507005621,46327.8583036585,35038.1330286066,28102.1660391411,46770.0844817445,87564.2486653591,25320.4580850663,55208.9578967636,9056.4122518171,94253.7037763321,42098.3271773248,57492.5986191134,32474.4498158743,22426.2830218221,43851.3847193544,44495.4916402822,38859.8443869657,35811.6813678150,35893.4969212493,16639.9608265559,88241.8219464686,28560.5782708979,44741.8051914299,49398.0061151468,64999.3295958741,63188.7195618483,52957.7443328338,67718.7859032704,44514.8462193974,31921.4457052047,11699.8933044581,27306.4785798785,30092.5075405387,78884.4902412152,34965.1728344894,110430.6905322192,25495.1743457758,34477.1223493768,64936.9616855838,53942.8967198354,73170.6058148423,61979.5709564279,14896.2157487120,45081.5341933954,44845.2146871005,59197.6702508482,59863.9200059198,32466.0339923140,80892.9202506717,61340.9478643188,14487.9335812067,71503.8802424497,27605.9094642636,61487.1633997468,66285.9979930916,56377.2673770552,73275.2194655195,1125.6277110118,80092.5937386562,77641.8397830047,73824.5866490725,67155.5948278586,40619.3047941387,50545.2963552206,12655.9936769624,81131.8691499246,57191.4315860400,5924.1855946143,48014.4770342872,33103.3817673692,23330.5797956489
2354,94654.0539563139,38624.9114780711,72790.4982743367,109426.8996504033,38676.5143211210,104887.6531452920,46866.1326539332,53742.9164013506,117342.9888106104,9896.9224638960,76351.6038786507,32218.8336632557,63692.5109708858,41630.0181248479,75405.4246186615,25986.7408422292,93480.8791979498,38904.0924054316,14252.8817280595,84499.7414541714,29549.3829208776,16005.7249847580,31139.2450763094,59909.8053223113,55483.2577015552,108989.6758166327,53771.0157129631,81255.8652688712,21976.4650091302,91150.5666198223,68247.7526312277,30012.6202748046,79885.2844531216,92300.7920431781,73331.2368025173,67468.7249797465,75358.8660084403,26828.2278685359,55542.6931408884,18080.7272921003,34406.7028035204,105907.7427340141,31878.7296332696,44548.2425528389,40943.5327715624,24579.4360223223,95075.0981691648,107112.0059783712,3852.3429486423,64469.4517400352,13622.6764945920,40320.1542216951,49912.2864300063,95117.1934769280,56232.5885678366,19696.3159411747,49507.5514935507,42768.9044971714,62386.8505020175,26782.9732922761,84440.9821925568,64961.4956460616,11322.1083737817,94109.3368161399,69932.2579227142,54756.9540334165,18983.0593994330,84667.8062141550,93054.8947299583,102731.4560388006,75103.8918223106,24668.5349199983,71898.8236748625,41860.9855549580,85013.6388182025,46349.8773934140,30347.2838327281,101126.3503368279,29490.1143428468,85244.9335029306,2648.2805710218,104599.2118163295,23082.1155937806,68374.9024145328,55182.6397884516,101143.2868393475,28628.3067755402,84278.1737541643,52277.0178669209,64023.1662532198,75182.0584760807,76782.5733984566,97515.1965824604,67392.7957086035,40904.1875483036,22729.8750165914,81522.6892003912,82113.4495624132,25618.0135111915,56552.9207023740,29109.2838218038,34729.4104818241,32429.9983852204,46022.4275907990,81919.6507492660,27513.4953291626,61768.9656002508,87891.2411470472,18412.1405106371,50089.8771123369,91850.6078964233,77100.1233263985,108586.2537962447,38260.6036817470,17188.4633968293,74538.1709458557,31618.3549989803,34782.1669418123,61011.1449743731,12366.2056657559,46030.7980653929,33148.7495563238,88135.6456291810,8020.1828665325,16485.1806338415,12911.8321123211,22538.2512765821,8048.7857949950,92119.1161108955,62925.7367709580,55316.4256123883,19701.5686494393,9418.4931557914,48865.5041660545,102561.3423910106,16535.7750148346,70228.4089165057,24419.5218794242,107460.4110397810,48365.0782085884,53629.7729788235,58716.0489858809,49363.7302703860,70664.3764170661,60871.0387544342,37794.3310116328,34979.1110815309,12542.1801394895,29700.1349561774,99723.1369573236,12231.6448718713,71665.5774493628,44956.6625402676,90986.8349097580,89965.8831309858,79179.7558423077,70598.4360905103,43790.8655145097,58857.3068554662,33392.8360533634,34866.8408323154,34874.9264651405,91840.4606171877,51262.6907046248,111136.6357462558,46321.7858547451,37697.8089926292,77110.6011167373,65515.6582411375,99653.4915046270,62030.5889783479,16710.8310841979,69951.9649367677,71229.1860937242,67433.1056385828,86823.6084106058,25887.1076624031,98040.5151047185,75602.5830853713,38983.2207427388,82064.3002692569,53425.5668041608,87860.2507311418,73712.7750230486,55058.9132517119,99343.5889950823,25221.1467293747,87110.4445065353,88041.2959883049,93011.6851135333,72145.8191792557,67331.4823824658,66748.2629795495,39519.5982887439,107494.8072173548,75383.1621825175,22199.0447937210,74144.1468709073,59596.6371415807,49791.6135786573
2355,0,0,0,0,0,0,0,0,0,0,0,0,0,0,0,0,0,0,0,0,0,0,0,0,0,0,0,0,0,0,0,0,0,0,0,0,0,0,0,0,0,0,0,0,0,0,0,0,0,0,0,0,0,0,0,0,0,0,0,0,0,0,0,0,0,0,0,0,0,0,0,0,0,0,0,0,0,0,0,0,0,0,0,0,0,0,0,0,0,0,0,0,0,0,0,0,0,0,0,0,0,0,0,0,0,0,0,0,0,0,0,0,0,0,0,0,0,0,0,0,0,0,0,0,0,0,0,0,0,0,0,0,0,0,0,0,0,0,0,0,0,0,0,0,0,0,0,0,0,0,0,0,0,0,0,0,0,0,0,0,0,0,0,0,0,0,0,0,0,0,0,0,0,0,0,0,0,0,0,0,0,0,0,0,0,0,0,0,0,0,0,0,0,0,0,0,0,0,0,0
2356,0,0,0,0,0,0,0,0,0,0,0,0,0,0,0,0,0,0,0,0,0,0,0,0,0,0,0,0,0,0,0,0,0,0,0,0,0,0,0,0,0,0,0,0,0,0,0,0,0,0,0,0,0,0,0,0,0,0,0,0,0,0,0,0,0,0,0,0,0,0,0,0,0,0,0,0,0,0,0,0,0,0,0,0,0,0,0,0,0,0,0,0,0,0,0,0,0,0,0,0,0,0,0,0,0,0,0,0,0,0,0,0,0,0,0,0,0,0,0,0,0,0,0,0,0,0,0,0,0,0,0,0,0,0,0,0,0,0,0,0,0,0,0,0,0,0,0,0,0,0,0,0,0,0,0,0,0,0,0,0,0,0,0,0,0,0,0,0,0,0,0,0,0,0,0,0,0,0,0,0,0,0,0,0,0,0,0,0,0,0,0,0,0,0,0,0,0,0,0,0
2357,108407.8733448577,24481.7385355427,83040.0397875694,117088.3079622258,47826.6726874028,118790.9622071498,47446.0983305296,68046.2592565501,128874.5493393504,22658.6738275602,86722.2626235821,11573.5658799361,77067.0553300042,52853.2559767256,88638.4159865931,20935.2136904399,105691.6563531171,52653.4539950295,455.8260557394,98657.7170011709,36008.1338596630,25121.0705305590,45183.7389083298,68444.5719831457,68523.9616810616,121936.4406263160,65319.1690076398,94438.4564621120,35984.3236601516,104626.8868396826,82301.5561369926,16725.6582221007,93876.8559069920,103188.4372429910,85370.5995201812,79506.2936233948,83748.5725186408,38371.6462247407,69665.9923971907,21999.2697906730,33684.6846641489,116922.8882515327,43971.0851480555,58311.1156300931,55305.2372664053,11715.8350053163,108181.4963907067,119224.9422156255,13624.6087897658,74736.4246440591,10336.0207717369,44354.5635286827,62907.5682683255,109372.1249159041,67925.3510511631,33723.0993524443,59090.8677751889,54255.5675511724,74708.7129931845,35553.9036254863,96178.1309950055,78463.9191402579,25175.1917215256,108219.5737575604,83820.6442486109,68618.2844971316,28572.5029138616,97574.0294232274,107041.7087434838,116168.1120915831,89371.6600361951,11069.8803937455,84812.2631499150,54647.9687407531,97560.1860542413,60483.7023485705,15989.7303446051,113810.8338917001,43816.6276568911,98882.0007876544,13828.7197732803,118743.4072428308,35331.7284226740,79651.1199220962,68783.8955064866,112759.1102260058,31547.0131747632,98150.1635286871,66619.6358249636,76852.1299091299,89021.6745457815,89386.8279014026,111239.8158041331,76460.0573012356,53716.6492451846,17489.5225052983,90594.4758795004,95609.7567606763,25202.3315949456,66743.9330551164,42600.2590662988,45262.5449872481,19143.1002489268,60303.2639515234,92950.9917940734,40766.2096667553,75972.8287215824,101869.4013677791,30886.2609640984,62579.8503519108,103473.1103471791,90667.5686541986,120152.6143518726,52431.2202687276,11136.4905815146,83982.2247499383,41893.2782876855,48108.4818504314,72405.5399255240,20692.1136227767,59690.9077959540,45261.7011904216,101122.6259144463,18589.2626652481,5195.7580153546,27163.1510373353,28712.5588550766,8550.8445659921,105572.9475412498,74362.6188186147,67801.7647741636,17750.3303869334,20387.7539515848,59761.5614086918,115625.0292251228,28788.7526636973,83645.9030397955,38759.8369235953,120037.5311472891,60488.2763525002,61963.5184555830,71150.3049126592,62642.4056524934,83580.7163635759,74653.5024054261,48589.2239035326,37165.0402862026,12128.5675935986,39371.4308370056,111913.8224167579,15690.5893569100,85237.7713742290,53750.1087121309,105142.5277650198,103734.4308522966,93253.1950489977,80704.3122791255,54126.1591905340,72417.7934898263,47720.7122667534,48113.2611684240,39950.3688305075,104516.2679192569,65188.6483839817,119369.9586844064,60662.2797946411,49769.9529089102,89806.3198262473,78302.6185993623,113631.8026813201,71456.8434506356,31031.7202450571,84259.4629800412,83644.7712283273,79329.5527250335,100045.1224074640,36493.2742331452,111598.3743912483,88792.0120014893,51088.2961215573,94261.4547417987,67556.6279408400,101883.5401025391,85203.6970963674,64344.0818863677,113483.1182453918,39153.7107522811,98162.3949691983,100092.8350894368,106952.8485075805,82919.7687789241,81151.6562660487,80422.8954742437,53200.6614716820,121533.7367832846,89280.4393270211,35394.1676805003,88241.3989856568,73536.0406387053,63724.0461644918
2358,93711.1103663491,42664.1096247398,63563.7862300998,115132.7620450004,44490.2168061155,98718.0690401604,39149.4737389465,49273.4081626429,119735.8893967163,2761.8116908484,80285.5113720080,41635.3559320541,63937.0875177781,32697.0208867220,68156.9723600802,23243.1768438211,95219.1056801455,38944.7289262754,21172.9243386559,79094.0368363838,20227.6627129843,23548.7808850102,25858.8546527233,65566.1382175485,48015.8854922303,109539.5834289353,56917.8411594361,81628.7620438671,22390.5811520215,84224.7992346649,62563.7074181180,37221.6354502588,78399.2473968932,95562.6086193936,75516.4274848402,59087.5301867808,80877.6426278153,17985.1997048806,53904.5031179620,11147.5700119267,27937.1668944503,108929.6463639470,35245.8205618299,38279.9997891768,37775.0651440012,27747.7529556390,95454.7609938371,108871.5112293060,14287.6700734199,68679.3247951612,14228.5317690639,31441.9523086018,51162.8036237848,90092.2782686326,47607.9018004197,14936.3892929772,54628.3518427401,46326.8184162968,64378.9379064193,33488.1656410429,86858.4586415531,58114.9181417613,14404.4239127083,92100.4166539720,68867.9356862857,48638.5155090962,9371.0728406082,77036.4767584318,87106.3091818687,102438.7899735242,70230.6242454621,33548.2537740156,72850.2761560009,34117.6708480886,86370.2751757095,44872.3410004259,35545.5738417113,102138.6921974255,27459.0507946407,84657.3007160771,6883.0927640354,99090.0034714263,26973.4612169190,71526.5734450792,55101.7584201263,103548.9166935137,20707.7191914734,78076.1374235851,49309.4480437200,56314.2285785713,68931.9918025010,68857.8155761850,90993.4225934971,72536.9841410231,42766.1080315884,29273.3773955285,86475.8224784635,75228.0253112811,19932.1145714317,60989.1011442033,30330.9797692352,25461.5512608756,35332.8214728456,41499.5596288150,85143.0539300867,20481.0678908313,56662.3182113132,86378.6922705756,10406.7090161064,42049.5584664637,94327.3482582119,76752.3213145766,110994.6435075220,33296.8815687599,20954.9268863838,79287.5779917033,36901.4543818615,27786.1857745061,64167.0683424297,3564.8850226036,46045.3080617954,24757.1090163540,88778.8445828954,8969.9168912588,25207.1183961021,10499.3334389880,13612.2736623968,13751.5357163184,91869.0163011101,54168.9110491024,57228.8619807952,16404.1549121848,17034.8909219039,52840.8892582474,102958.7930621302,21322.4525153487,70285.4708826118,21222.1469585057,108586.5209293533,50962.0083643277,59551.8175051984,50632.8974053410,42220.1411643009,63046.2680618523,60232.6042790283,42279.3387495682,27003.4515613995,17718.8175527081,20171.5380072392,101435.9047707253,8648.9425646728,64918.6109248178,50797.8476103314,85552.2267364780,83538.3850060317,73510.8152206889,74850.8853823622,48459.2038936658,52123.1347189003,29570.6114713218,36240.8825607176,25802.6789719034,92941.0570154890,50409.4709919117,116451.2721757768,43501.1600031476,40769.5631544218,78336.3884342216,66768.9284080737,93670.2708159330,66991.0644062109,16093.5738009370,65368.4582062637,63138.9301598918,69887.2902595431,79552.3633309104,31286.9286884035,97526.7583503774,76028.4900017159,30601.2122318189,83934.7850578542,48094.7861861759,82020.5171177205,76547.2598803710,60272.0197561366,93830.0933329959,19779.6053315427,90255.7886175796,90036.3536688828,91573.5791766226,75755.4024142288,61063.8565955459,66287.1542027218,33124.3118966034,101656.9550167380,74228.8011677905,15179.5192044872,68569.0654492882,53641.0994146009,43883.3052600613
2359,0,0,0,0,0,0,0,0,0,0,0,0,0,0,0,0,0,0,0,0,0,0,0,0,0,0,0,0,0,0,0,0,0,0,0,0,0,0,0,0,0,0,0,0,0,0,0,0,0,0,0,0,0,0,0,0,0,0,0,0,0,0,0,0,0,0,0,0,0,0,0,0,0,0,0,0,0,0,0,0,0,0,0,0,0,0,0,0,0,0,0,0,0,0,0,0,0,0,0,0,0,0,0,0,0,0,0,0,0,0,0,0,0,0,0,0,0,0,0,0,0,0,0,0,0,0,0,0,0,0,0,0,0,0,0,0,0,0,0,0,0,0,0,0,0,0,0,0,0,0,0,0,0,0,0,0,0,0,0,0,0,0,0,0,0,0,0,0,0,0,0,0,0,0,0,0,0,0,0,0,0,0,0,0,0,0,0,0,0,0,0,0,0,0,0,0,0,0,0,0
2360,93922.3302825115,43791.8293673166,61208.7098760770,116976.9425234325,46473.4830940814,97401.1304648698,37031.4687222856,48612.0152705418,120781.6896348740,4078.0493115701,81759.1114764014,44120.8221121948,64541.5470726112,30511.8068552122,66530.8980134639,22842.2359429536,96130.4123986286,39648.0948118204,23201.0008946873,78043.9541012654,17688.3008741390,25940.3968293274,25170.5260010831,67456.5633745553,46362.3667760248,110124.4291353156,58269.2108105771,82215.0091784599,23464.3080333294,82682.4260214282,61465.4947710699,39159.7413500852,78494.5778838581,96851.2073864057,76578.4650064250,57073.1199920190,82712.5490629694,15936.5613822048,54047.5001862030,9787.2041071082,26276.0712967078,110142.9783919617,36779.1782616686,37100.3060714815,37597.9775221020,28832.0247582917,96015.6262248837,109769.1841752288,16872.1633104234,70241.1676331514,15186.8461484691,29007.3467811914,52082.5122791583,89140.0702963238,45518.0536803188,14799.5419311171,56431.4909821682,47821.8695694682,65425.2828919809,35689.3546581584,87954.0479905886,56647.4461529237,16336.2669215566,92021.4770705866,69106.1579401871,47449.9218375735,9138.1131923117,75266.6156632057,85873.3552605172,102810.7401733222,69364.7060531156,35898.5558360784,73608.6459631949,32424.0321763477,87200.3532630924,45117.3880678986,37017.0638991421,102853.8350665756,27763.5936672146,84982.2083361201,9129.3201244396,97977.6132658649,28714.1025858354,72833.5407932025,55659.2802850272,104615.9896380252,18641.8239023099,76777.1700177582,49100.1212761744,54551.1257094407,67635.4321282301,66996.1123264229,89573.6001077150,74301.9230219479,43890.0627325374,31117.2341254337,88175.7480653793,73711.7135406567,18674.4942599249,62622.4979870842,31434.9685477551,23133.4480079401,36241.5436608252,40872.6583698009,86438.7043256057,19238.9880160309,55767.2688182481,86448.4134705578,9081.8777195051,40203.4342060388,95425.1081546089,77160.3048753471,112053.4443615515,32605.9741040624,22335.6907158011,80951.7633830373,38818.7461095645,26438.6131727943,65495.4597265973,2305.0475048286,46682.1516464498,22860.8044624155,89420.5437025834,11444.1169527669,27551.1424060794,11520.0629986875,11248.7057116191,15783.6206973827,92269.7728200327,52015.9727750500,58282.8146279989,16091.8008176862,19494.0303226072,54398.8260416759,103512.6180875741,23324.4510256826,70819.1811452504,21337.5752811287,109322.3365972921,52210.3582198257,61511.4520400468,48745.8680311750,40706.9029908652,61301.7781303788,60618.2238657757,44000.1285285390,24862.8959932361,20122.6922551097,17694.6951914254,102331.4519529401,9005.8277255355,63467.7781660162,52764.1293019761,84481.7616383750,82158.5420522567,72389.8097103660,76409.0745159318,50188.1109912238,50712.5004601823,29299.4106200994,37306.0483696045,23324.0497370915,93693.4502993971,50787.2849454076,118204.9147636147,43375.1712077749,42190.7526891622,79150.6136845594,67622.6831608442,92417.6260514682,68726.3289814855,17156.3377431780,64605.0881394326,61225.9775700000,71030.1021829456,77901.4468689905,33268.6670161206,97847.2115788951,76642.3426519903,28667.8095563758,84899.6908052863,47167.4042282102,80829.6864263172,77765.9374749644,62078.8496505397,92723.0563077551,19181.5714443445,91524.0070342801,91021.0264999745,91653.5558100024,77161.4727401646,59781.1771297974,66696.7686836546,31942.8112375323,100440.2972135110,74426.1810833600,14106.4524209952,67489.0796040832,52485.3036818303,42789.7220609355
2361,0,0,0,0,0,0,0,0,0,0,0,0,0,0,0,0,0,0,0,0,0,0,0,0,0,0,0,0,0,0,0,0,0,0,0,0,0,0,0,0,0,0,0,0,0,0,0,0,0,0,0,0,0,0,0,0,0,0,0,0,0,0,0,0,0,0,0,0,0,0,0,0,0,0,0,0,0,0,0,0,0,0,0,0,0,0,0,0,0,0,0,0,0,0,0,0,0,0,0,0,0,0,0,0,0,0,0,0,0,0,0,0,0,0,0,0,0,0,0,0,0,0,0,0,0,0,0,0,0,0,0,0,0,0,0,0,0,0,0,0,0,0,0,0,0,0,0,0,0,0,0,0,0,0,0,0,0,0,0,0,0,0,0,0,0,0,0,0,0,0,0,0,0,0,0,0,0,0,0,0,0,0,0,0,0,0,0,0,0,0,0,0,0,0,0,0,0,0,0,0
2362,0,0,0,0,0,0,0,0,0,0,0,0,0,0,0,0,0,0,0,0,0,0,0,0,0,0,0,0,0,0,0,0,0,0,0,0,0,0,0,0,0,0,0,0,0,0,0,0,0,0,0,0,0,0,0,0,0,0,0,0,0,0,0,0,0,0,0,0,0,0,0,0,0,0,0,0,0,0,0,0,0,0,0,0,0,0,0,0,0,0,0,0,0,0,0,0,0,0,0,0,0,0,0,0,0,0,0,0,0,0,0,0,0,0,0,0,0,0,0,0,0,0,0,0,0,0,0,0,0,0,0,0,0,0,0,0,0,0,0,0,0,0,0,0,0,0,0,0,0,0,0,0,0,0,0,0,0,0,0,0,0,0,0,0,0,0,0,0,0,0,0,0,0,0,0,0,0,0,0,0,0,0,0,0,0,0,0,0,0,0,0,0,0,0,0,0,0,0,0,0
2363,95674.4843100436,38089.7796558378,71230.9272413902,111635.4580525373,40849.0517664760,104551.6877201079,44481.8197112788,53832.1936824264,119051.6590648272,8715.9693941576,78296.0716380898,33905.3967075462,64930.1083738068,40216.8467170779,74696.0766568299,23944.6820237449,95054.5241499609,40020.1166434794,14477.4852438534,84378.0233156492,27345.8850361273,18321.3135295729,30903.8159670871,62089.4312965538,54674.7988168605,110340.0089369372,55553.6927472903,82546.2017820510,23017.6873771651,90562.5878786020,68025.2829847723,30501.1437489204,80766.7837659671,94146.8709489164,74969.4708851079,66326.6233036828,77531.6893213181,25425.8468263729,56343.9194500411,15697.0908290486,32048.8092113541,107720.9929111432,33629.4634421911,44100.1006240658,41321.8178810044,23698.4578138712,96380.3606699607,108698.8546445160,8073.9084283400,66446.0852499782,11895.7525647182,38005.2238752850,51325.3421734080,95114.0516018925,54976.9759844025,19442.5633003828,51602.1836780131,44597.6460667330,63973.1054977817,29041.0857321966,86133.3156305652,64375.4263918692,12675.8939377946,94884.2723284819,70895.3413092055,54381.1518815704,17058.4200357493,83829.3464448501,92779.2489836925,103900.9270455122,75122.9106159233,25952.9542492054,73295.7638385742,40928.4464010434,86506.4198907524,47158.7646360389,30114.7926968884,102564.6091804254,30064.0694819073,86334.6391456103,43.8083006335,104462.8932160609,24867.3625078636,70180.9556493212,56332.0079342853,102845.7100640121,26252.3461522358,83917.6439965717,52749.4595621424,63139.7630182372,74797.7109061297,75829.2941146746,97063.5665147485,69510.4605539409,42408.7777847848,22909.5359018014,83623.4829035506,81532.3762381124,23284.2559788342,58555.0609561675,30412.6673198330,33129.0570380745,31551.4066533531,46072.9932501126,83751.6048428011,26746.1464253290,61701.5388274652,88775.9234953576,17242.4054874521,49065.5065961737,93559.6042078192,78232.2970939858,110293.4082741973,38157.7768881133,16352.2408658349,76605.4704025717,33695.3703558223,34071.7503839567,62807.9477358429,10124.3142620272,47172.4888321472,31951.9443525160,89488.8752353708,9380.5816180752,17647.2620915614,12980.7055286731,20263.8537269173,7517.2502433170,93288.9671288559,61614.3614391570,56873.7881017653,17528.6742364713,11690.3626672730,50780.5349512632,103876.0698242084,18412.5536197954,71437.5579662279,24647.7361917373,108925.3561469949,50035.4929119592,55837.0481012284,57686.4605044105,48653.5615477330,69820.4102773802,61912.0621488280,39765.3667878097,32600.8958621766,10090.7699165245,27901.6500554939,101296.4770598066,9906.1365374321,71120.0008367416,47143.4529587340,90862.5610943469,89539.2643590131,78975.4784452649,72587.9401532215,45806.9124166503,58298.4358595146,33559.5581516089,36243.1891781481,32598.4759721988,93289.0467007658,52230.9619553371,113297.5631941140,46810.0408503258,39421.3295070963,78569.1309645766,66963.3196120484,99371.8576555395,64117.5815205412,17390.9904649485,70043.5203394918,70207.8424311426,69113.4589184887,86114.9894243189,27957.4564572984,99158.4877848265,76896.9750709513,37805.7688051010,83653.0161567178,53276.4812673779,87613.3836720824,75469.3789571840,57174.1270752222,99202.5609508917,24882.7789021733,88933.1765633654,89658.9157298302,93918.5700595635,74033.6763685190,66932.0277415994,67839.8483090561,39014.7166577259,107262.1126979951,76334.2875691064,21380.1201963276,73961.6220900583,59279.4216255256,49466.2079261005
2364,97218.5114153350,36220.6893617136,73316.0751292526,111721.4112367751,41039.2747154391,106711.0490896157,45305.5837361465,55866.3659236691,119953.9312512505,10926.9957206714,78883.2209086907,31934.7975255493,66303.0478004497,42360.9093118723,76904.5085524811,23573.5726665286,96110.3933348778,41486.6131240373,12304.8958129423,86484.0699908171,28917.7296526116,18170.2904256187,33028.9721171532,62252.8806532418,56887.1571417885,111616.1731864982,56368.3392023957,83875.0888718045,24530.9036297890,92761.0121140301,70156.4824552441,28302.0195939141,82406.0925141046,94874.2710063185,75954.9621482447,68521.6227946284,77705.9902082682,27581.5994209690,58031.6643349080,16644.4074163048,32558.4593443209,108491.8013835392,34488.3935967773,46275.0236391973,43233.6681217136,22029.8515956301,97696.5872823100,109740.3185720610,6559.4596249091,66985.2232423470,11061.7604682425,39302.0962620392,52542.1579331704,97184.9496534586,57154.6750834789,21562.2951245005,51943.1913606057,45354.7992311100,65016.0976557355,29036.9142374081,87056.0752892793,66572.4551886928,13933.0315305427,96592.6647743661,72478.3673892298,56544.5613409050,18984.8192990541,86042.4750661719,94925.0582530104,105331.4817660537,77184.7768412147,23817.6853927699,74528.3306927774,43141.1352941654,87646.2360824877,48839.6495549596,28100.5237005492,103758.2305157114,31872.6571406549,87826.7233770428,467.0836771069,106574.3155068013,25688.0063542475,70963.7538997862,57775.5823580590,103755.9046234010,27270.5552150407,86080.8759901663,54619.9335227795,65352.8693733124,76964.9028815090,78040.4426395402,99243.7438679913,69801.5434861770,43536.7979268048,20758.5336708127,83944.4801165955,83729.7102071972,23687.7808723872,59055.0433407676,31725.2079160010,35211.8843340937,29886.5126355302,48118.7888014682,84498.8908097823,28954.6565245989,63789.1209536339,90413.7452682943,19445.7765955937,51273.6762125026,94462.2580304044,79691.2136177534,111197.7259474879,40250.0137771259,14643.1569204498,76989.8968476363,34079.7200257939,36277.5933383684,63603.5629419073,11729.5104177189,48620.7451478890,34144.7391779051,90762.0648876228,6701.7284844807,15492.6146680148,14983.6776725969,21716.4410482556,9234.1806320995,94718.8374764737,63779.3013097390,57947.6301740584,17451.4420105958,11728.1035625709,51416.5536154450,105184.0947940956,19122.7070716303,72834.4667918032,26613.5669298774,110092.9168661593,50986.0248733869,55938.9240880676,59893.7279414002,50860.9119865484,72033.5364274007,63438.4375581870,40321.5184450140,33579.2663475976,9855.9871399343,29888.3292297069,102352.5921183926,10375.5687239307,73312.5347712566,47297.6657915934,92969.8124647773,91714.9548744778,81103.1940351570,73105.4749393445,46288.3718443495,60491.7453826304,35557.3151084910,37492.6889218581,34010.5517574586,94472.5941161839,53807.8005136785,113492.5304267813,48670.9814879493,40311.4483203083,79742.8883595768,68147.5449128088,101519.3647915972,64468.6755048124,19125.0759901618,72079.6876281917,72415.1598405739,70051.0810995441,88323.6425254230,28359.8694714837,100629.4914435644,78222.1296194359,39999.6813975154,84692.8560018120,55386.2317153922,89752.1997451171,76314.7985170267,57473.6493557796,101314.9935646982,27028.4624103388,89692.4274875315,90666.9762361848,95541.8981778854,74704.6161005168,69101.3792024183,69329.1874257782,41197.7694565390,109398.6053981454,77926.1299387798,23590.3069424164,76083.2742802964,61431.4927499127,51618.4724061174
2365,0,0,0,0,0,0,0,0,0,0,0,0,0,0,0,0,0,0,0,0,0,0,0,0,0,0,0,0,0,0,0,0,0,0,0,0,0,0,0,0,0,0,0,0,0,0,0,0,0,0,0,0,0,0,0,0,0,0,0,0,0,0,0,0,0,0,0,0,0,0,0,0,0,0,0,0,0,0,0,0,0,0,0,0,0,0,0,0,0,0,0,0,0,0,0,0,0,0,0,0,0,0,0,0,0,0,0,0,0,0,0,0,0,0,0,0,0,0,0,0,0,0,0,0,0,0,0,0,0,0,0,0,0,0,0,0,0,0,0,0,0,0,0,0,0,0,0,0,0,0,0,0,0,0,0,0,0,0,0,0,0,0,0,0,0,0,0,0,0,0,0,0,0,0,0,0,0,0,0,0,0,0,0,0,0,0,0,0,0,0,0,0,0,0,0,0,0,0,0,0
2366,0,0,0,0,0,0,0,0,0,0,0,0,0,0,0,0,0,0,0,0,0,0,0,0,0,0,0,0,0,0,0,0,0,0,0,0,0,0,0,0,0,0,0,0,0,0,0,0,0,0,0,0,0,0,0,0,0,0,0,0,0,0,0,0,0,0,0,0,0,0,0,0,0,0,0,0,0,0,0,0,0,0,0,0,0,0,0,0,0,0,0,0,0,0,0,0,0,0,0,0,0,0,0,0,0,0,0,0,0,0,0,0,0,0,0,0,0,0,0,0,0,0,0,0,0,0,0,0,0,0,0,0,0,0,0,0,0,0,0,0,0,0,0,0,0,0,0,0,0,0,0,0,0,0,0,0,0,0,0,0,0,0,0,0,0,0,0,0,0,0,0,0,0,0,0,0,0,0,0,0,0,0,0,0,0,0,0,0,0,0,0,0,0,0,0,0,0,0,0,0
2367,0,0,0,0,0,0,0,0,0,0,0,0,0,0,0,0,0,0,0,0,0,0,0,0,0,0,0,0,0,0,0,0,0,0,0,0,0,0,0,0,0,0,0,0,0,0,0,0,0,0,0,0,0,0,0,0,0,0,0,0,0,0,0,0,0,0,0,0,0,0,0,0,0,0,0,0,0,0,0,0,0,0,0,0,0,0,0,0,0,0,0,0,0,0,0,0,0,0,0,0,0,0,0,0,0,0,0,0,0,0,0,0,0,0,0,0,0,0,0,0,0,0,0,0,0,0,0,0,0,0,0,0,0,0,0,0,0,0,0,0,0,0,0,0,0,0,0,0,0,0,0,0,0,0,0,0,0,0,0,0,0,0,0,0,0,0,0,0,0,0,0,0,0,0,0,0,0,0,0,0,0,0,0,0,0,0,0,0,0,0,0,0,0,0,0,0,0,0,0,0
2368,0,0,0,0,0,0,0,0,0,0,0,0,0,0,0,0,0,0,0,0,0,0,0,0,0,0,0,0,0,0,0,0,0,0,0,0,0,0,0,0,0,0,0,0,0,0,0,0,0,0,0,0,0,0,0,0,0,0,0,0,0,0,0,0,0,0,0,0,0,0,0,0,0,0,0,0,0,0,0,0,0,0,0,0,0,0,0,0,0,0,0,0,0,0,0,0,0,0,0,0,0,0,0,0,0,0,0,0,0,0,0,0,0,0,0,0,0,0,0,0,0,0,0,0,0,0,0,0,0,0,0,0,0,0,0,0,0,0,0,0,0,0,0,0,0,0,0,0,0,0,0,0,0,0,0,0,0,0,0,0,0,0,0,0,0,0,0,0,0,0,0,0,0,0,0,0,0,0,0,0,0,0,0,0,0,0,0,0,0,0,0,0,0,0,0,0,0,0,0,0
2369,0,0,0,0,0,0,0,0,0,0,0,0,0,0,0,0,0,0,0,0,0,0,0,0,0,0,0,0,0,0,0,0,0,0,0,0,0,0,0,0,0,0,0,0,0,0,0,0,0,0,0,0,0,0,0,0,0,0,0,0,0,0,0,0,0,0,0,0,0,0,0,0,0,0,0,0,0,0,0,0,0,0,0,0,0,0,0,0,0,0,0,0,0,0,0,0,0,0,0,0,0,0,0,0,0,0,0,0,0,0,0,0,0,0,0,0,0,0,0,0,0,0,0,0,0,0,0,0,0,0,0,0,0,0,0,0,0,0,0,0,0,0,0,0,0,0,0,0,0,0,0,0,0,0,0,0,0,0,0,0,0,0,0,0,0,0,0,0,0,0,0,0,0,0,0,0,0,0,0,0,0,0,0,0,0,0,0,0,0,0,0,0,0,0,0,0,0,0,0,0
2370,0,0,0,0,0,0,0,0,0,0,0,0,0,0,0,0,0,0,0,0,0,0,0,0,0,0,0,0,0,0,0,0,0,0,0,0,0,0,0,0,0,0,0,0,0,0,0,0,0,0,0,0,0,0,0,0,0,0,0,0,0,0,0,0,0,0,0,0,0,0,0,0,0,0,0,0,0,0,0,0,0,0,0,0,0,0,0,0,0,0,0,0,0,0,0,0,0,0,0,0,0,0,0,0,0,0,0,0,0,0,0,0,0,0,0,0,0,0,0,0,0,0,0,0,0,0,0,0,0,0,0,0,0,0,0,0,0,0,0,0,0,0,0,0,0,0,0,0,0,0,0,0,0,0,0,0,0,0,0,0,0,0,0,0,0,0,0,0,0,0,0,0,0,0,0,0,0,0,0,0,0,0,0,0,0,0,0,0,0,0,0,0,0,0,0,0,0,0,0,0
2371,101818.9394247547,35251.4242702032,67557.0545210672,120831.6344428291,50018.9933744144,105911.4776296980,35520.2429211454,57209.4129620102,127147.7502839585,11616.3839167994,87007.9691034893,39749.4789772342,71856.1488849893,37791.5711822387,74774.9286694060,15471.7652887933,102821.0275012768,46830.6081247421,16755.9069628939,86669.6008059605,20663.3278283145,27612.5987247120,33763.7519262602,71255.3927624927,54607.4594081185,117446.7415890038,63943.9830135017,89547.6614258348,30034.9270086687,91007.5629783727,70082.7816045017,31988.1086367503,86536.0376315823,102614.8824500874,82950.1590913695,64651.5764293883,86681.6964229767,23814.8629994384,62036.9435418109,7125.9253449743,22797.7047767325,116095.3901066816,42060.2295840717,45704.7502465886,45909.2291013580,20299.2290295974,103385.0000311170,116479.6244664078,15682.3753501001,75241.1584387889,9008.7015064468,30084.5857687890,58818.0479973835,97778.5016887425,52951.2282375734,23057.1505238576,60640.9414525312,53130.9817713999,71853.2049636147,38309.9280045562,94229.6469262743,65067.4307962524,20831.2275992629,100248.9531854877,76972.5985231309,56044.5770056769,13470.1693455173,83295.6752968942,94434.5204117732,110480.8781560718,78003.9065266274,30602.3888855388,80633.2842542522,40667.0232296958,94069.6514923013,52984.7395367689,28851.6026899739,109940.2512429447,35571.3180751246,92725.5518910384,6809.1125698425,106584.9604815590,33451.0673110800,78588.7094761275,63062.0989097005,110943.1361943650,17679.0441128904,85305.4524153547,57440.8604085571,62626.7192061050,76169.1304930435,74877.4368307699,98010.9327869547,78573.6987651324,50203.0194239487,23796.1939290613,92648.9736202707,82070.4081891655,13994.8689375469,67413.1157175005,37866.4388685172,30026.5887074913,27616.1219822051,49455.5737254516,92198.3875332938,27848.8368772034,64407.2910800361,94518.6685590438,17708.9346149791,48190.8796339056,101686.7295561837,84784.3321717050,118394.4430580090,41205.8823005285,14201.5276711470,85572.2065824688,42736.5696172022,34990.3251686216,71210.4983119649,6455.6276584105,53964.5290064120,30890.1400891720,96650.9181591966,13802.6936205743,22491.6563273766,18397.5893302412,13302.3786712524,10041.6738122675,99899.2930165100,59230.4036176345,64709.2462933979,8694.0125220731,20977.1718309842,59476.5101171211,110891.0865430303,27235.2280328462,78247.9390701148,29369.6989167136,116365.6301444012,58183.5626595983,65043.1531429740,56626.4653607373,49111.5146102848,69392.0493311153,68283.9475532526,48604.7995010302,23910.8763829780,16008.5963218066,23973.4032190997,109051.4308331325,238.2768581800,71895.2494739498,56327.4015089231,93102.1783265080,90630.5870980850,80998.4088489156,81402.4314790572,54714.5344099246,59184.3658825954,37679.3917449856,43784.8668007431,25124.3349470928,100713.1878329395,58471.1273793846,122419.9256227896,51643.9432022898,47751.6177878451,86059.5226200972,74465.1102795883,100967.0920035668,73130.4586463109,23838.3729703880,73231.4058291620,69019.1714061412,77216.7141275926,86101.5667818169,37006.0020823277,105593.7792023238,83930.5599630894,36573.6097338989,91483.1165329640,55807.7755850172,89411.2798194137,83747.2485925837,66242.1128324305,101332.6616551424,27732.8307016448,97350.9460048808,97553.5271904283,99711.6756005301,82624.6624316721,68326.7308390124,74323.4395396643,40551.1062206234,109006.2418889031,82344.0595840193,22746.7747616373,76109.6311253152,61088.7371770087,51413.5538559436
2372,106137.8994079989,29031.2123885781,74028.4891857889,121088.3253191474,50584.8290599019,112215.4289147516,38725.5421061453,62862.2872169879,129676.2068425913,16685.0445682004,88621.4615168189,34709.1728148074,75572.9039125148,44404.3319084134,81271.3415155916,14218.6525308137,105746.3270451742,50611.2626670836,10986.5873881266,92728.1263143799,26579.3833988132,27534.7861836588,39483.2887544319,71740.8465873996,61098.7568205444,121023.1616935280,66111.9021548926,93209.4613081541,33605.9551115473,97465.6306698984,76182.6534582484,25508.5457706101,91088.4726076601,104628.9148384344,85635.5424013387,71264.8427185081,87189.6383253752,30376.6036017597,66604.2733040745,12534.9756881966,25184.6471644112,118244.3572676133,44215.7681206944,51858.2505949809,51016.4839819573,14101.8197212023,107047.8787808959,119387.1665186182,14781.6932883933,76711.6551172546,2620.5255365662,34940.1498427995,62027.6293106192,103738.2735009556,59564.9798922472,28364.3828021691,61582.3961498560,55106.1843952777,74659.3402248741,38447.8797131027,96768.5855909857,71459.8855235259,23380.7975268128,105053.2415289935,81318.3367161350,62216.0367076679,20081.6610511110,89862.2555335907,100664.4386791341,114489.1645070834,83871.9127764598,25140.1114324135,83993.7687904235,47152.9800840945,97210.9932306339,57452.0118522876,22284.1160523791,113267.4510432953,40153.1615318770,96866.4092245756,8717.8541355061,112707.8149556818,35421.9242363443,80713.8763727239,66927.2998670603,113474.4870460224,22156.8984025133,91587.0273903869,62537.6266419575,69177.8644932211,82443.9991115980,81469.3494599871,104390.6481526352,79392.2553371203,53110.6599926792,17308.8488877725,93549.9375405953,88507.5261447606,16369.6634907555,68770.0071416564,41100.2313568502,36626.7298825569,21730.5360691173,55080.8683437023,94252.7984501943,34009.6903774164,70307.4598727227,99094.0819773206,23852.5645695143,54757.4743884712,104183.2997599506,88801.9884760791,120918.9078741052,46912.3721331331,15203.6913403147,86640.9347590894,43763.3058813589,41248.7336805689,73351.3230606803,12434.6040610162,57771.0893240517,37434.0784524816,100174.6804810628,15971.7369118667,17487.5865132252,22781.8050747863,19340.9701712658,6005.8006274655,103880.3897523010,65834.3442162250,67567.5955509119,9084.6448627887,21339.6487661600,61167.1744958586,114546.6347627571,28872.6079081427,82061.9955709744,34298.8482519837,119630.0688714215,60681.7517940254,65374.4354068809,63214.7449978875,55513.2279704597,75940.8780144602,72418.7865211009,50060.6435518735,27950.2480024958,12452.3877341824,30536.2470584042,111988.5767483177,6933.3790801780,78282.2515987241,56799.3878339943,99181.8913953305,96977.7575840908,87123.2658078257,82823.0893415821,56002.0505126063,65531.5782044819,42951.2609803186,46942.9986119834,30462.7828937721,103992.9971240395,62683.4143988116,122977.2074528190,56653.8097227045,50030.2439579785,89273.8523858550,77667.7352479425,107216.0465534881,74104.9441105750,27752.8843420505,78987.6274179836,75620.5811573633,79755.6205953595,92617.5479354739,38060.3478993699,109708.6065738211,87563.1051890780,43148.3070602045,94339.7558560687,61740.7272555220,95602.5022282181,86052.9528834171,67080.0702288572,107449.3940371237,33392.9886407174,99445.6390878990,100335.1687296095,104259.3470632312,84457.3016155145,74585.3924805783,78384.0415378107,46698.8642274237,115226.0438434444,86739.3978080884,28774.5412489419,82194.4832461329,67235.8259141679,57499.5461313313
2373,0,0,0,0,0,0,0,0,0,0,0,0,0,0,0,0,0,0,0,0,0,0,0,0,0,0,0,0,0,0,0,0,0,0,0,0,0,0,0,0,0,0,0,0,0,0,0,0,0,0,0,0,0,0,0,0,0,0,0,0,0,0,0,0,0,0,0,0,0,0,0,0,0,0,0,0,0,0,0,0,0,0,0,0,0,0,0,0,0,0,0,0,0,0,0,0,0,0,0,0,0,0,0,0,0,0,0,0,0,0,0,0,0,0,0,0,0,0,0,0,0,0,0,0,0,0,0,0,0,0,0,0,0,0,0,0,0,0,0,0,0,0,0,0,0,0,0,0,0,0,0,0,0,0,0,0,0,0,0,0,0,0,0,0,0,0,0,0,0,0,0,0,0,0,0,0,0,0,0,0,0,0,0,0,0,0,0,0,0,0,0,0,0,0,0,0,0,0,0,0
2374,0,0,0,0,0,0,0,0,0,0,0,0,0,0,0,0,0,0,0,0,0,0,0,0,0,0,0,0,0,0,0,0,0,0,0,0,0,0,0,0,0,0,0,0,0,0,0,0,0,0,0,0,0,0,0,0,0,0,0,0,0,0,0,0,0,0,0,0,0,0,0,0,0,0,0,0,0,0,0,0,0,0,0,0,0,0,0,0,0,0,0,0,0,0,0,0,0,0,0,0,0,0,0,0,0,0,0,0,0,0,0,0,0,0,0,0,0,0,0,0,0,0,0,0,0,0,0,0,0,0,0,0,0,0,0,0,0,0,0,0,0,0,0,0,0,0,0,0,0,0,0,0,0,0,0,0,0,0,0,0,0,0,0,0,0,0,0,0,0,0,0,0,0,0,0,0,0,0,0,0,0,0,0,0,0,0,0,0,0,0,0,0,0,0,0,0,0,0,0,0
2375,0,0,0,0,0,0,0,0,0,0,0,0,0,0,0,0,0,0,0,0,0,0,0,0,0,0,0,0,0,0,0,0,0,0,0,0,0,0,0,0,0,0,0,0,0,0,0,0,0,0,0,0,0,0,0,0,0,0,0,0,0,0,0,0,0,0,0,0,0,0,0,0,0,0,0,0,0,0,0,0,0,0,0,0,0,0,0,0,0,0,0,0,0,0,0,0,0,0,0,0,0,0,0,0,0,0,0,0,0,0,0,0,0,0,0,0,0,0,0,0,0,0,0,0,0,0,0,0,0,0,0,0,0,0,0,0,0,0,0,0,0,0,0,0,0,0,0,0,0,0,0,0,0,0,0,0,0,0,0,0,0,0,0,0,0,0,0,0,0,0,0,0,0,0,0,0,0,0,0,0,0,0,0,0,0,0,0,0,0,0,0,0,0,0,0,0,0,0,0,0
2376,0,0,0,0,0,0,0,0,0,0,0,0,0,0,0,0,0,0,0,0,0,0,0,0,0,0,0,0,0,0,0.0000000000,0,0,0,0,0,0,0,0,0,0,0,0,0,0,0,0,0,0,0,0,0,0,0,0,0,0,0,0,0,0,0,0,0,0,0,0,0,0,0,0,0,0,0,0,0,0,0,0,0,0,0,0,0,0,0,0,0,0,0,0,0,0,0,0,0,0,0,0,0,0,0,0,0,0,0,0,0,0,0,0,0,0,0,0,0,0,0,0,0,0,0,0,0,0,0,0,0,0,0,0,0,0,0,0,0,0,0,0,0,0,0,0,0,0,0,0,0,0,0,0,0,0,0,0,0,0,0,0,0,0,0,0,0,0,0,0,0,0,0,0,0,0,0,0,0,0,0,0,0,0,0,0,0,0,0,0,0,0,0,0,0,0,0,0,0,0,0,0,0
2377,0,0,0,0,0,0,0,0,0,0,0,0,0,0,0,0,0,0,0,0,0,0,0,0,0,0,0,0,0,0,0,0,0,0,0,0,0,0,0,0,0,0,0,0,0,0,0,0,0,0,0,0,0,0,0,0,0,0,0,0,0,0,0,0,0,0,0,0,0,0,0,0,0,0,0,0,0,0,0,0,0,0,0,0,0,0,0,0,0,0,0,0,0,0,0,0,0,0,0,0,0,0,0,0,0,0,0,0,0,0,0,0,0,0,0,0,0,0,0,0,0,0,0,0,0,0,0,0,0,0,0,0,0,0,0,0,0,0,0,0,0,0,0,0,0,0,0,0,0,0,0,0,0,0,0,0,0,0,0,0,0,0,0,0,0,0,0,0,0,0,0,0,0,0,0,0,0,0,0,0,0,0,0,0,0,0,0,0,0,0,0,0,0,0,0,0,0,0,0,0
2378,0,0,0,0,0,0,0,0,0,0,0,0,0,0,0,0,0,0,0,0,0,0,0,0,0,0,0,0,0,0,0,0,0,0,0,0,0,0,0,0,0,0,0,0,0,0,0,0,0,0,0,0,0,0,0,0,0,0,0,0,0,0,0,0,0,0,0,0,0,0,0,0,0,0,0,0,0,0,0,0,0,0,0,0,0,0,0,0,0,0,0,0,0,0,0,0,0,0,0,0,0,0,0,0,0,0,0,0,0,0,0,0,0,0,0,0,0,0,0,0,0,0,0,0,0,0,0,0,0,0,0,0,0,0,0,0,0,0,0,0,0,0,0,0,0,0,0,0,0,0,0,0,0,0,0,0,0,0,0,0,0,0,0,0,0,0,0,0,0,0,0,0,0,0,0,0,0,0,0,0,0,0,0,0,0,0,0,0,0,0,0,0,0,0,0,0,0,0,0,0
2379,0,0,0,0,0,0,0,0,0,0,0,0,0,0,0,0,0,0,0,0,0,0,0,0,0,0,0,0,0,0,0,0,0,0,0,0,0,0,0,0,0,0,0,0,0,0,0,0,0,0,0,0,0,0,0,0,0,0,0,0,0,0,0,0,0,0,0,0,0,0,0,0,0,0,0,0,0,0,0,0,0,0,0,0,0,0,0,0,0,0,0,0,0,0,0,0,0,0,0,0,0,0,0,0,0,0,0,0,0,0,0,0,0,0,0,0,0,0,0,0,0,0,0,0,0,0,0,0,0,0,0,0,0,0,0,0,0,0,0,0,0,0,0,0,0,0,0,0,0,0,0,0,0,0,0,0,0,0,0,0,0,0,0,0,0,0,0,0,0,0,0,0,0,0,0,0,0,0,0,0,0,0,0,0,0,0,0,0,0,0,0,0,0,0,0,0,0,0,0,0
2380,0,0,0,0,0,0,0,0,0,0,0,0,0,0,0,0,0,0,0,0,0,0,0,0,0,0,0,0,0,0,0,0,0,0,0,0,0,0,0,0,0,0,0,0,0,0,0,0,0,0,0,0,0,0,0,0,0,0,0,0,0,0,0,0,0,0,0,0,0,0,0,0,0,0,0,0,0,0,0,0,0,0,0,0,0,0,0,0,0,0,0,0,0,0,0,0,0,0,0,0,0,0,0,0,0,0,0,0,0,0,0,0,0,0,0,0,0,0,0,0,0,0,0,0,0,0,0,0,0,0,0,0,0,0,0,0,0,0,0,0,0,0,0,0,0,0,0,0,0,0,0,0,0,0,0,0,0,0,0,0,0,0,0,0,0,0,0,0,0,0,0,0,0,0,0,0,0,0,0,0,0,0,0,0,0,0,0,0,0,0,0,0,0,0,0,0,0,0,0,0
2381,0,0,0,0,0,0,0,0,0,0,0,0,0,0,0,0,0,0,0,0,0,0,0,0,0,0,0,0,0,0,0,0,0,0,0,0,0,0,0,0,0,0,0,0,0,0,0,0,0,0,0,0,0,0,0,0,0,0,0,0,0,0,0,0,0,0,0,0,0,0,0,0,0,0,0,0,0,0,0,0,0,0,0,0,0,0,0,0,0,0,0,0,0,0,0,0,0,0,0,0,0,0,0,0,0,0,0,0,0,0,0,0,0,0,0,0,0,0,0,0,0,0,0,0,0,0,0,0,0,0,0,0,0,0,0,0,0,0,0,0,0,0,0,0,0,0,0,0,0,0,0,0,0,0,0,0,0,0,0,0,0,0,0,0,0,0,0,0,0,0,0,0,0,0,0,0,0,0,0,0,0,0,0,0,0,0,0,0,0,0,0,0,0,0,0,0,0,0,0,0
2382,0,0,0,0,0,0,0,0,0,0,0,0,0,0,0,0,0,0,0,0,0,0,0,0,0,0,0,0,0,0,0,0,0,0,0,0,0,0,0,0,0,0,0,0,0,0,0,0,0,0,0,0,0,0,0,0,0,0,0,0,0,0,0,0,0,0,0,0,0,0,0,0,0,0,0,0,0,0,0,0,0,0,0,0,0,0,0,0,0,0,0,0,0,0,0,0,0,0,0,0,0,0,0,0,0,0,0,0,0,0,0,0,0,0,0,0,0,0,0,0,0,0,0,0,0,0,0,0,0,0,0,0,0,0,0,0,0,0,0,0,0,0,0,0,0,0,0,0,0,0,0,0,0,0,0,0,0,0,0,0,0,0,0,0,0,0,0,0,0,0,0,0,0,0,0,0,0,0,0,0,0,0,0,0,0,0,0,0,0,0,0,0,0,0,0,0,0,0,0,0
2383,0,0,0,0,0,0,0,0,0,0,0,0,0,0,0,0,0,0,0,0,0,0,0,0,0,0,0,0,0,0,0,0,0,0,0,0,0,0,0,0,0,0,0,0,0,0,0,0,0,0,0,0,0,0,0,0,0,0,0,0,0,0,0,0,0,0,0,0,0,0,0,0,0,0,0,0,0,0,0,0,0,0,0,0,0,0,0,0,0,0,0,0,0,0,0,0,0,0,0,0,0,0,0,0,0,0,0,0,0,0,0,0,0,0,0,0,0,0,0,0,0,0,0,0,0,0,0,0,0,0,0,0,0,0,0,0,0,0,0,0,0,0,0,0,0,0,0,0,0,0,0,0,0,0,0,0,0,0,0,0,0,0,0,0,0,0,0,0,0,0,0,0,0,0,0,0,0,0,0,0,0,0,0,0,0,0,0,0,0,0,0,0,0,0,0,0,0,0,0,0
2384,103768.4169131246,29878.4129582252,76241.6622474625,116762.2764264299,46434.2646600712,112206.8586763757,43136.5604825875,61921.0385104061,126166.0020306036,16024.5119415648,84753.6935006515,30827.9895187789,72836.2092508423,45948.1767074949,81836.1101148170,18720.7093820916,102466.7620017215,48037.0869995801,8433.9029004574,92280.0392565063,29691.3233695247,23331.8624458135,38802.3092620851,67516.4871286854,61700.0401180689,118109.0386143806,62532.1132607187,90392.5109605628,31080.2850664511,97876.4205417237,75844.1160589597,23638.6217074713,88936.3015735147,100906.0668396919,82261.6550394268,72593.7556496407,82952.0899517865,31460.7075810600,64540.7155185681,15936.2471486462,29694.4461806604,114566.8348754875,40738.2865015044,51716.2438805399,49537.0811010083,15496.3474166510,104207.8840293111,116081.5884712872,10597.3344106098,72808.1593273054,9172.0694570919,38790.4201011588,59018.6507724734,103111.8667839582,61013.2170498181,27404.3913214270,57521.1908945146,51478.9677429613,71375.6479813744,34221.6645211283,93300.4892823515,71739.1509585628,20466.5493369882,103092.7583607914,79022.7020446761,62053.6616268669,21698.7525862835,90712.5204796153,100515.2609971624,111875.1825690560,83148.2458094222,21576.5947557323,81005.3880604686,47801.3184695598,94065.6889452815,55351.0839396724,22112.3576888209,110208.2117032861,38296.4492021713,94377.5255156114,7178.8536992901,112339.0488216057,31939.2126939025,77077.0913659733,64323.1633100010,109981.0745508629,26120.4428254510,91560.4538838763,60977.6198159684,69990.2747275673,82421.9878710532,82496.8345737002,104572.5945078683,75256.3518612732,49970.6260018175,15605.1674424053,89422.8589584439,88870.0633402675,20823.5647079018,64840.0626222031,38250.9254426679,38384.9982123208,23354.3691873074,54146.9040774752,90560.9888466424,34048.8797376059,69671.1483858127,96944.7187661430,24073.7478067801,55692.9056748366,100683.8259817365,86239.6827461133,117414.5171008552,46139.6617024472,16251.5217707385,82576.7155616872,39802.1584739566,41383.7769072610,69738.4436521942,13818.7713815819,55169.4181150339,38364.9476737610,97255.8621614935,13242.5819329846,13534.3313780443,21164.8760048386,22331.3872903537,288.4627207325,101262.7375702330,67458.9673911900,64334.4807423000,13648.8134877114,17405.1853817604,57391.6767346284,111691.4615646560,25326.9533946818,79372.8747548898,32839.1670562223,116525.8822535573,57283.4052172294,61117.6295805656,64254.5675246832,55874.8704495960,76726.5655763969,69989.0436722317,46233.0535917936,32106.2544209596,9488.5464688719,32550.2951345744,108707.4462388332,9296.6145755324,78529.6886980525,52601.2663092430,98757.8476881043,97090.2428408163,86801.0668482550,78889.9108569699,52083.0179655233,65718.4791136544,41713.1514699184,43992.6437547567,34029.9970510310,100918.1477611934,60352.3767168043,118727.6229715172,55040.6258420258,46574.0822220976,86185.9007991386,74600.2695174755,107095.9951748895,70028.0159683903,25599.8258672339,78121.5762270576,76743.7716410969,76319.3782985759,93234.5313680019,34149.0054069696,107178.7641259833,84738.8814650565,44185.6243912449,91040.3727839843,61187.6691011576,95385.9367284802,82489.5933773019,62971.6129428654,107076.8911786513,32725.5071954295,95764.5363370586,96986.1994294292,102077.4947465737,80685.4375129916,74549.5772751016,75880.0490594237,46582.0528605517,115036.6889143128,84468.9395155130,28691.6484270535,81814.1027731934,67009.4388282855,57209.0719933313
2385,0,0,0,0,0,0,0,0,0,0,0,0,0,0,0,0,0,0,0,0,0,0,0,0,0,0,0,0,0,0,0,0,0,0,0,0,0,0,0,0,0,0,0,0,0,0,0,0,0,0,0,0,0,0,0,0,0,0,0,0,0,0,0,0,0,0,0,0,0,0,0,0,0,0,0,0,0,0,0,0,0,0,0,0,0,0,0,0,0,0,0,0,0,0,0,0,0,0,0,0,0,0,0,0,0,0,0,0,0,0,0,0,0,0,0,0,0,0,0,0,0,0,0,0,0,0,0,0,0,0,0,0,0,0,0,0,0,0,0,0,0,0,0,0,0,0,0,0,0,0,0,0,0,0,0,0,0,0,0,0,0,0,0,0,0,0,0,0,0,0,0,0,0,0,0,0,0,0,0,0,0,0,0,0,0,0,0,0,0,0,0,0,0,0,0,0,0,0,0,0
2386,0,0,0,0,0,0,0,0,0,0,0,0,0,0,0,0,0,0,0,0,0,0,0,0,0,0,0,0,0,0,0,0,0,0,0,0,0,0,0,0,0,0,0,0,0,0,0,0,0,0,0,0,0,0,0,0,0,0,0,0,0,0,0,0,0,0,0,0,0,0,0,0,0,0,0,0,0,0,0,0,0,0,0,0,0,0,0,0,0,0,0,0,0,0,0,0,0,0,0,0,0,0,0,0,0,0,0,0,0,0,0,0,0,0,0,0,0,0,0,0,0,0,0,0,0,0,0,0,0,0,0,0,0,0,0,0,0,0,0,0,0,0,0,0,0,0,0,0,0,0,0,0,0,0,0,0,0,0,0,0,0,0,0,0,0,0,0,0,0,0,0,0,0,0,0,0,0,0,0,0,0,0,0,0,0,0,0,0,0,0,0,0,0,0,0,0,0,0,0,0
2387,0,0,0,0,0,0,0,0,0,0,0,0,0,0,0,0,0,0,0,0,0,0,0,0,0,0,0,0,0,0,0,0,0,0,0,0,0,0,0,0,0,0,0,0,0,0,0,0,0,0,0,0,0,0,0,0,0,0,0,0,0,0,0,0,0,0,0,0,0,0,0,0,0,0,0,0,0,0,0,0,0,0,0,0,0,0,0,0,0,0,0,0,0,0,0,0,0,0,0,0,0,0,0,0,0,0,0,0,0,0,0,0,0,0,0,0,0,0,0,0,0,0,0,0,0,0,0,0,0,0,0,0,0,0,0,0,0,0,0,0,0,0,0,0,0,0,0,0,0,0,0,0,0,0,0,0,0,0,0,0,0,0,0,0,0,0,0,0,0,0,0,0,0,0,0,0,0,0,0,0,0,0,0,0,0,0,0,0,0,0,0,0,0,0,0,0,0,0,0,0
2388,90103.6100099475,45903.1968482718,62352.0270226473,112478.7002670686,42063.6887517922,95753.2387654069,41418.8323233942,45881.0409359037,116359.2777992824,231.5139886655,77215.1662199930,42645.0804541572,60380.8841853446,31149.3674651808,65549.8472623426,26811.4429512176,91773.8316140925,35409.7871266199,23551.0472009048,75918.2526958951,21360.1167876038,22165.5095830162,22530.8587796335,62983.9909828967,45480.5740983528,105982.3549319006,53740.9377182633,78070.0586941297,19005.5831358621,81501.8515508038,59436.8811940156,39634.1194036450,74793.0033211414,92340.2516848272,72145.4656210398,57083.1377581132,78213.9159238970,16350.7944673149,50297.2288824258,14264.8006879665,30823.4152652015,105654.7112205949,32231.9181531047,35263.5392700977,34214.0524178120,31048.7084597416,91891.1040590318,105421.0835452782,14799.4932796839,65693.8959513112,17664.3229785905,32965.8130520088,47714.8631146731,86843.0725988258,45779.2832988305,11414.3699479513,51926.3077032738,43275.3547915620,60997.6950179694,31510.1712526132,83507.8875127386,55336.8925741349,11968.7283145082,88509.5322277835,65260.8549218073,45604.9988775597,9729.1184575994,74610.3136020228,84072.0024598212,98842.8871084301,66936.2083282571,35105.4176217825,69341.4255156788,31690.2444637388,82889.7198927774,41264.7514915392,38528.0589175747,98617.9780105889,23851.8574549670,81055.9531610274,9308.6859004430,95951.6155571319,24202.3630394423,68316.3683318434,51533.1326817428,100183.2150117188,23095.5030769470,75106.7815937002,45749.9945242056,53908.7899702019,65968.1652120742,66578.1644500618,88133.0928148821,69782.0473780017,39424.9186204038,31861.7177927498,83640.5044046382,72483.1544841114,23142.4027974953,58079.5776825333,26971.5412484654,24356.5747984007,38712.1023559499,38099.0319602253,81925.3362866173,17639.6097646819,53396.7583734382,82773.5416554588,7989.1373908816,39808.3540239863,90978.6504805083,73159.7803354800,107624.7522153138,29945.4345099146,24084.9782002439,76411.4635713297,34374.1307527091,24981.9907649997,60972.6983781524,7171.1377250595,42493.8222015631,22718.8646320901,85235.1190904161,8295.2759310864,26848.2189788659,10403.9393796676,15471.9433034189,16249.6791721053,88276.3181205757,52454.1292406316,53850.5110683121,19979.5391299444,16003.9431804499,49851.6462772714,99393.9679137406,18971.1779580498,66713.8573579456,17623.9790780930,105073.0320483887,47705.8026981474,57078.1306466216,48428.8338045549,39529.5197224688,60602.5232437691,56635.9937472998,39474.6419240852,29251.3034788500,19276.6394746392,19679.9640425166,97984.0506199842,12254.7285633484,62113.1074318355,48338.9878316431,82388.0364183833,80642.5657646389,70392.5953883638,71861.7364924055,45662.9571882807,49294.7767623292,26044.0733783868,32862.0689600128,27187.4274811247,89432.1726029206,46810.9505661287,113679.2854064647,39926.0532234738,37649.5787648482,74848.7723029311,63295.5352641938,90649.7070111826,64199.6882607006,12690.9375302122,62017.3005902563,60950.2401339457,66563.4700927491,76964.1987374487,28872.8472739554,93925.4305008988,72476.1554184753,28567.8959161648,80513.7436053838,44860.9705038933,78953.3393737099,73273.7786962056,57573.6140009411,90689.7214268066,16434.4503071543,87018.2183307331,86625.7074438228,87967.7578493464,72625.2689418954,58095.7547481655,62694.0582080443,30128.2375441540,98601.7890630559,70620.8864435373,12267.1009207370,65422.8112253932,50571.4878211018,40779.9659039839
2389,0,0,0,0,0,0,0,0,0,0,0,0,0,0,0,0,0,0,0,0,0,0,0,0,0,0,0,0,0,0,0,0,0,0,0,0,0,0,0,0,0,0,0,0,0,0,0,0,0,0,0,0,0,0,0,0,0,0,0,0,0,0,0,0,0,0,0,0,0,0,0,0,0,0,0,0,0,0,0,0,0,0,0,0,0,0,0,0,0,0,0,0,0,0,0,0,0,0,0,0,0,0,0,0,0,0,0,0,0,0,0,0,0,0,0,0,0,0,0,0,0,0,0,0,0,0,0,0,0,0,0,0,0,0,0,0,0,0,0,0,0,0,0,0,0,0,0,0,0,0,0,0,0,0,0,0,0,0,0,0,0,0,0,0,0,0,0,0,0,0,0,0,0,0,0,0,0,0,0,0,0,0,0,0,0,0,0,0,0,0,0,0,0,0,0,0,0,0,0,0
2390,106434.7770483594,34428.5087926839,65886.1201307689,127163.1453679295,56347.5073123171,107499.4461679067,29577.4237027717,60421.5687318429,132875.8817811426,16688.7448406023,93101.7299156394,44300.1682434829,77009.7878686806,37601.4730205726,75697.1581336575,8751.0309954853,108381.5413154695,52057.0015427723,20568.8030642345,88961.1474213069,17713.2392380016,33973.6225631523,37133.8059386405,77577.6452931318,55670.8385636951,122605.9828148942,69896.7767466302,94693.6119659974,35549.0121340298,92060.0240192510,72344.7358281196,34260.2134550368,90973.7269348385,108568.1210286792,88656.8501487738,64467.1430241415,92994.6004084937,24947.5305245079,66551.1125908248,6987.4971130950,16523.2679640083,121988.5211073855,48084.8241937881,48016.0034134715,49969.6370338651,20023.5146619114,108505.3571559972,122033.9761789567,21898.3268261543,81385.0472807474,8675.9011047791,25353.6531744199,64325.1627539551,100252.6185323518,52684.2355569936,27283.4483664104,66909.9699125231,59173.5059806550,77525.8575711074,44672.6079269509,99985.1825991586,66494.6840066498,26904.6671396210,104399.8955989112,81626.6279030851,58214.5133190296,14548.3360859786,83734.3069948426,96270.4391363798,115338.3337395382,80725.1064823568,34728.7673993106,85989.9280568325,41901.1427353133,99526.8601515906,57642.2878075607,29479.0452558877,115266.9552363661,40290.4672833128,97509.8720910741,13167.2590894841,108670.9018119441,39571.6057710162,84530.1389868665,68144.5894566967,116683.5290970132,12559.9410239195,87018.6075996210,61422.6817158265,63274.3373782953,77936.8676685028,75094.6831073236,99361.3358462901,84847.5748221409,55898.2950016754,26167.4295401468,98900.9780305037,83243.0826293214,10678.5535919027,73593.4930494645,43478.0863786238,29653.5862829150,26302.5225162542,52774.5789460792,98147.5750285901,30455.2773444016,67131.2308846502,98914.3693809961,20770.1860356660,48824.4178243327,107451.8525480213,89684.5200103349,124131.2407568370,44482.3581874566,15824.3707352807,91796.9616707013,49018.3077929846,37169.4014690510,77158.4437638239,9581.2496659315,59130.4666394996,31953.1085418059,101874.5754769669,20073.4909247553,27049.5439362969,23654.4986442393,11001.8596604512,15093.4811226048,104795.3435960968,58607.8851016815,70375.5492202767,7630.3556354154,27341.8024375738,65586.3843248382,116005.4126663728,33466.8367375230,83315.5198469557,33858.2238708480,121722.2173761766,64026.9481207194,71382.9730397039,56980.7007017483,50620.8102761118,70021.1248184201,73143.6303520991,54795.0298695720,18418.3777520568,21394.3913185054,23333.7440843684,114598.3255446809,5431.7442421672,73308.1563852552,62659.8289638898,95325.0667802477,92116.0626498110,83152.8774736153,87552.3306743060,60928.4089610214,60810.8392244108,41635.1527569679,49392.5547453723,21036.3058149043,106080.8304316738,63312.5296028382,128715.8847647875,55767.3108519588,53712.2968350856,91489.8238504431,79927.5337108596,102731.9498942566,79382.1630819006,29255.9034130981,76178.3971049411,69127.8901090026,82998.5017197278,86875.4574958534,43296.1863348115,110374.4840715517,89108.2951989903,37279.2504049175,97094.1772134319,58523.1975333720,91367.5899525400,89613.6822504665,72522.0127370474,103445.6680414800,31331.5746282675,103280.3615027374,103192.7532331219,104122.6557193217,88658.3340148101,70179.1573998283,79220.1059534051,42941.1687822787,110835.2168955771,86938.0814089760,25830.4819115871,78379.5705463151,63285.7375158180,53832.4760863026
2391,0,0,0,0,0,0,0,0,0,0,0,0,0,0,0,0,0,0,0,0,0,0,0,0,0,0,0,0,0,0,0,0,0,0,0,0,0,0,0,0,0,0,0,0,0,0,0,0,0,0,0,0,0,0,0,0,0,0,0,0,0,0,0,0,0,0,0,0,0,0,0,0,0,0,0,0,0,0,0,0,0,0,0,0,0,0,0,0,0,0,0,0,0,0,0,0,0,0,0,0,0,0,0,0,0,0,0,0,0,0,0,0,0,0,0,0,0,0,0,0,0,0,0,0,0,0,0,0,0,0,0,0,0,0,0,0,0,0,0,0,0,0,0,0,0,0,0,0,0,0,0,0,0,0,0,0,0,0,0,0,0,0,0,0,0,0,0,0,0,0,0,0,0,0,0,0,0,0,0,0,0,0,0,0,0,0,0,0,0,0,0,0,0,0,0,0,0,0,0,0
2392,0,0,0,0,0,0,0,0,0,0,0,0,0,0,0,0,0,0,0,0,0,0,0,0,0,0,0,0,0,0,0,0,0,0,0,0,0,0,0,0,0,0,0,0,0,0,0,0,0,0,0,0,0,0,0,0,0,0,0,0,0,0,0,0,0,0,0,0,0,0,0,0,0,0,0,0,0,0,0,0,0,0,0,0,0,0,0,0,0,0,0,0,0,0,0,0,0,0,0,0,0,0,0,0,0,0,0,0,0,0,0,0,0,0,0,0,0,0,0,0,0,0,0,0,0,0,0,0,0,0,0,0,0,0,0,0,0,0,0,0,0,0,0,0,0,0,0,0,0,0,0,0,0,0,0,0,0,0,0,0,0,0,0,0,0,0,0,0,0,0,0,0,0,0,0,0,0,0,0,0,0,0,0,0,0,0,0,0,0,0,0,0,0,0,0,0,0,0,0,0
2393,0,0,0,0,0,0,0,0,0,0,0,0,0,0,0,0,0,0,0,0,0,0,0,0,0,0,0,0,0,0,0,0,0,0,0,0,0,0,0,0,0,0,0,0,0,0,0,0,0,0,0,0,0,0,0,0,0,0,0,0,0,0,0,0,0,0,0,0,0,0,0,0,0,0,0,0,0,0,0,0,0,0,0,0,0,0,0,0,0,0,0,0,0,0,0,0,0,0,0,0,0,0,0,0,0,0,0,0,0,0,0,0,0,0,0,0,0,0,0,0,0,0,0,0,0,0,0,0,0,0,0,0,0,0,0,0,0,0,0,0,0,0,0,0,0,0,0,0,0,0,0,0,0,0,0,0,0,0,0,0,0,0,0,0,0,0,0,0,0,0,0,0,0,0,0,0,0,0,0,0,0,0,0,0,0,0,0,0,0,0,0,0,0,0,0,0,0,0,0,0
2394,0,0,0,0,0,0,0,0,0,0,0,0,0,0,0,0,0,0,0,0,0,0,0,0,0,0,0,0,0,0,0,0,0,0,0,0,0,0,0,0,0,0,0,0,0,0,0,0,0,0,0,0,0,0,0,0,0,0,0,0,0,0,0,0,0,0,0,0,0,0,0,0,0,0,0,0,0,0,0,0,0,0,0,0,0,0,0,0,0,0,0,0,0,0,0,0,0,0,0,0,0,0,0,0,0,0,0,0,0,0,0,0,0,0,0,0,0,0,0,0,0,0,0,0,0,0,0,0,0,0,0,0,0,0,0,0,0,0,0,0,0,0,0,0,0,0,0,0,0,0,0,0,0,0,0,0,0,0,0,0,0,0,0,0,0,0,0,0,0,0,0,0,0,0,0,0,0,0,0,0,0,0,0,0,0,0,0,0,0,0,0,0,0,0,0,0,0,0,0,0
2395,0,0,0,0,0,0,0,0,0,0,0,0,0,0,0,0,0,0,0,0,0,0,0,0,0,0,0,0,0,0,0,0,0,0,0,0,0,0,0,0,0,0,0,0,0,0,0,0,0,0,0,0,0,0,0,0,0,0,0,0,0,0,0,0,0,0,0,0,0,0,0,0,0,0,0,0,0,0,0,0,0,0,0,0,0,0,0,0,0,0,0,0,0,0,0,0,0,0,0,0,0,0,0,0,0,0,0,0,0,0,0,0,0,0,0,0,0,0,0,0,0,0,0,0,0,0,0,0,0,0,0,0,0,0,0,0,0,0,0,0,0,0,0,0,0,0,0,0,0,0,0,0,0,0,0,0,0,0,0,0,0,0,0,0,0,0,0,0,0,0,0,0,0,0,0,0,0,0,0,0,0,0,0,0,0,0,0,0,0,0,0,0,0,0,0,0,0,0,0,0
2396,0,0,0,0,0,0,0,0,0,0,0,0,0,0,0,0,0,0,0,0,0,0,0,0,0,0,0,0,0,0,0,0,0,0,0,0,0,0,0,0,0,0,0,0,0,0,0,0,0,0,0,0,0,0,0,0,0,0,0,0,0,0,0,0,0,0,0,0,0,0,0,0,0,0,0,0,0,0,0,0,0,0,0,0,0,0,0,0,0,0,0,0,0,0,0,0,0,0,0,0,0,0,0,0,0,0,0,0,0,0,0,0,0,0,0,0,0,0,0,0,0,0,0,0,0,0,0,0,0,0,0,0,0,0,0,0,0,0,0,0,0,0,0,0,0,0,0,0,0,0,0,0,0,0,0,0,0,0,0,0,0,0,0,0,0,0,0,0,0,0,0,0,0,0,0,0,0,0,0,0,0,0,0,0,0,0,0,0,0,0,0,0,0,0,0,0,0,0,0,0
2397,0,0,0,0,0,0,0,0,0,0,0,0,0,0,0,0,0,0,0,0,0,0,0,0,0,0,0,0,0,0,0,0,0,0,0,0,0,0,0,0,0,0,0,0,0,0,0,0,0,0,0,0,0,0,0,0,0,0,0,0,0,0,0,0,0,0,0,0,0,0,0,0,0,0,0,0,0,0,0,0,0,0,0,0,0,0,0,0,0,0,0,0,0,0,0,0,0,0,0,0,0,0,0,0,0,0,0,0,0,0,0,0,0,0,0,0,0,0,0,0,0,0,0,0,0,0,0,0,0,0,0,0,0,0,0,0,0,0,0,0,0,0,0,0,0,0,0,0,0,0,0,0,0,0,0,0,0,0,0,0,0,0,0,0,0,0,0,0,0,0,0,0,0,0,0,0,0,0,0,0,0,0,0,0,0,0,0,0,0,0,0,0,0,0,0,0,0,0,0,0
2398,0,0,0,0,0,0,0,0,0,0,0,0,0,0,0,0,0,0,0,0,0,0,0,0,0,0,0,0,0,0,0,0,0,0,0,0,0,0,0,0,0,0,0,0,0,0,0,0,0,0,0,0,0,0,0,0,0,0,0,0,0,0,0,0,0,0,0,0,0,0,0,0,0,0,0,0,0,0,0,0,0,0,0,0,0,0,0,0,0,0,0,0,0,0,0,0,0,0,0,0,0,0,0,0,0,0,0,0,0,0,0,0,0,0,0,0,0,0,0,0,0,0,0,0,0,0,0,0,0,0,0,0,0,0,0,0,0,0,0,0,0,0,0,0,0,0,0,0,0,0,0,0,0,0,0,0,0,0,0,0,0,0,0,0,0,0,0,0,0,0,0,0,0,0,0,0,0,0,0,0,0,0,0,0,0,0,0,0,0,0,0,0,0,0,0,0,0,0,0,0
2399,0,0,0,0,0,0,0,0,0,0,0,0,0,0,0,0,0,0,0,0,0,0,0,0,0,0,0,0,0,0,0,0,0,0,0,0,0,0,0,0,0,0,0,0,0,0,0,0,0,0,0,0,0,0,0,0,0,0,0,0,0,0,0,0,0,0,0,0,0,0,0,0,0,0,0,0,0,0,0,0,0,0,0,0,0,0,0,0,0,0,0,0,0,0,0,0,0,0,0,0,0,0,0,0,0,0,0,0,0,0,0,0,0,0,0,0,0,0,0,0,0,0,0,0,0,0,0,0,0,0,0,0,0,0,0,0,0,0,0,0,0,0,0,0,0,0,0,0,0,0,0,0,0,0,0,0,0,0,0,0,0,0,0,0,0,0,0,0,0,0,0,0,0,0,0,0,0,0,0,0,0,0,0,0,0,0,0,0,0,0,0,0,0,0,0,0,0,0,0,0
2400,0,0,0,0,0,0,0,0,0,0,0,0,0,0,0,0,0,0,0,0,0,0,0,0,0,0,0,0,0,0,0,0,0,0,0,0,0,0,0,0,0,0,0,0,0,0,0,0,0,0,0,0,0,0,0,0,0,0,0,0,0,0,0,0,0,0,0,0,0,0,0,0,0,0,0,0,0,0,0,0,0,0,0,0,0,0,0,0,0,0,0,0,0,0,0,0,0,0,0,0,0,0,0,0,0,0,0,0,0,0,0,0,0,0,0,0,0,0,0,0,0,0,0,0,0,0,0,0,0,0,0,0,0,0,0,0,0,0,0,0,0,0,0,0,0,0,0,0,0,0,0,0,0,0,0,0,0,0,0,0,0,0,0,0,0,0,0,0,0,0,0,0,0,0,0,0,0,0,0,0,0,0,0,0,0,0,0,0,0,0,0,0,0,0,0,0,0,0,0,0
2401,88768.7292913599,46748.9765684877,62793.9551281092,110913.8079794300,40539.5133008776,95192.5505042040,42951.0349993057,44970.3504006342,114809.8789235432,721.1722129239,75627.4177204248,42263.6571472502,58928.1535474315,31493.4124283221,65247.4005358002,28251.8990886620,90247.7309834063,33936.2032284738,23907.4970489061,75198.1889294391,22701.0741982266,20940.0748626591,21730.1551500127,61430.9693264644,45245.0496724842,104530.6168394419,52157.5404229914,76620.0246329597,17452.0888859292,81114.8920660326,58766.0125218151,39951.4588191108,73503.8618863503,90761.9196228618,70593.6809792328,57140.4861950590,76649.3510044698,16755.8463433443,49000.6453893655,15841.6974017570,32411.1108772387,104083.5522920087,30644.4506089882,34709.8051855249,33075.4884236434,31964.8548474010,90446.7687628994,103897.3757468331,14377.9219554897,64106.3852942693,18736.2419042383,34368.3745090044,46188.5735142624,86055.4415837724,45945.0376034907,10416.4889219572,50359.6656769533,41687.2799676144,59448.3933298590,30089.9771657293,81951.1758065421,54929.9316259255,10491.5682402170,87285.1461757904,63922.2915984974,45021.5509549677,10992.4817406970,74413.9040997081,83462.8282281041,97453.4914394112,66113.5215322698,34995.2186149692,67848.6029453327,31553.1319551670,81380.2165371035,39935.9327786456,39195.0044730010,97133.7478730511,22523.9902870370,79684.0796871414,9905.0746688823,95256.5208179004,22634.9989216501,66736.2920756343,50095.4853105891,98630.6351769523,24653.2834264898,74550.2613971163,44607.5993927582,53741.9511251834,65420.5888626395,66473.4277052535,87649.8628066791,68208.3977287399,37863.9393311701,32299.1143312954,82059.6980355483,72086.1162840977,24714.2002918575,56495.0274701102,25413.2172396388,24936.5815623085,39686.3059495131,37186.4491833927,80346.3280020251,17298.1208213912,52608.6663633398,81491.9144563094,8157.9610577803,39760.5910826950,89421.6440197879,71762.6323029870,106073.3974778084,29099.3280422323,24890.2301515732,74828.2182315387,32836.2894047891,24620.3626782880,59390.9389926417,8726.0104991721,41036.1304901243,22851.7621853676,83769.7979191072,7568.8441912432,26812.3738297751,7346.4860119230,16976.9803062748,16733.1953516655,86879.1490670192,52667.7321910643,52300.0476429604,21411.9908488149,14943.9208774844,48264.2691966653,97951.0163343975,17485.4558453187,65279.9910076278,16405.0138097559,103583.7081179221,46130.3135161256,55542.0127250141,48386.8668564343,39203.3713046307,60405.7554489908,55249.9961363420,37899.1549363824,30787.2237417427,19258.8274218479,20540.2000545894,96460.8707457998,13582.9187399808,61681.5143940954,46807.2511773470,81675.4506110521,80137.1414652138,69722.6945577372,70274.0971431953,44087.4102004217,48859.2247190713,24978.3515825120,31309.9488314974,28569.2163563134,87939.6159112951,45431.4274640941,112102.7078124956,38753.1408427208,36062.5431679677,73343.0119302292,61781.8738912723,90048.8633085758,62623.0593411731,11139.5811844422,61140.8350712388,60902.1728876729,65000.2927434408,76666.6904519823,27358.8182322660,92553.0808713972,71019.2674299357,28671.8405154603,78977.9452883116,44109.4436154389,78320.5608621633,71701.7885965057,56006.7358219284,89994.3799884611,15645.5954135034,85441.5787380632,85086.3779515895,86681.0028058198,71039.4226497282,57550.3789958074,61298.6113127473,29603.0243451740,97972.2045186468,69295.2709300451,11938.9315870683,64732.2986917826,49954.0961172676,40146.5820584464
2402,0,0,0,0,0,0,0,0,0,0,0,0,0,0,0,0,0,0,0,0,0,0,0,0,0,0,0,0,0,0,0,0,0,0,0,0,0,0,0,0,0,0,0,0,0,0,0,0,0,0,0,0,0,0,0,0,0,0,0,0,0,0,0,0,0,0,0,0,0,0,0,0,0,0,0,0,0,0,0,0,0,0,0,0,0,0,0,0,0,0,0,0,0,0,0,0,0,0,0,0,0,0,0,0,0,0,0,0,0,0,0,0,0,0,0,0,0,0,0,0,0,0,0,0,0,0,0,0,0,0,0,0,0,0,0,0,0,0,0,0,0,0,0,0,0,0,0,0,0,0,0,0,0,0,0,0,0,0,0,0,0,0,0,0,0,0,0,0,0,0,0,0,0,0,0,0,0,0,0,0,0,0,0,0,0,0,0,0,0,0,0,0,0,0,0,0,0,0,0,0
2403,88038.0840562691,46191.5916062146,65969.1348452158,107951.3067254805,37377.3504028374,96707.4161066060,46134.1405647716,45729.8597139186,112878.4176829301,4427.2259801067,73134.4520087523,39290.8086095161,57687.9194650375,34604.5129056788,67319.6933789215,29773.9978396094,88516.0428683125,32664.6660646338,22367.5536235466,76369.6554398878,26229.4944213864,17341.2912850188,22964.1590200741,58400.0775600119,47480.9845334467,103244.7290054029,49844.2739595711,75367.1082405773,15757.3317140397,83004.7032829132,60083.3185941616,38194.4924508552,72975.5278430663,88511.9179184312,68669.3548268750,59826.2680341825,73692.0004899168,19998.9863424036,48497.9042178680,18345.5685424305,35139.4998152477,101929.9036677882,28090.2379821424,36375.6512564227,33223.7493255255,31684.6875441280,89210.0160096285,102174.6072744615,11545.9824063019,61498.1952466370,19091.1960326401,37835.4231269969,44517.8072761325,87047.2227864635,48802.4780778500,11514.5637577776,47432.8387713176,39179.2109480896,57561.0272432362,26659.3359772120,79969.7210153447,56820.8156531958,10163.1177820558,86980.8340453198,63210.4641193033,46575.2897292335,14561.8280057800,76666.7646785363,84881.4908875069,96478.1630257603,67045.5470414986,32461.9915719298,66362.3769243543,34008.7681027170,79771.5438957442,39339.0796473150,38222.6342471479,95671.0128489152,22086.1911064758,78804.7373132432,9454.5447168281,96464.8928065206,19769.5720530861,64473.3518440699,48956.1965556772,96677.8351796990,27739.3572090401,76096.4212967973,44677.2991008321,56076.4986084462,67000.2488457208,68892.3498347536,89337.3696696845,65336.2729478313,35912.4556281529,30845.0560063433,79271.8041537359,73966.7101000253,27082.0281737731,53792.1821927619,23561.2037877787,28295.5041685518,39514.1644157388,37979.5767451651,78091.2054581465,19554.9406778206,53660.1489794840,80981.9039825739,11322.4056787217,42323.9209849501,87432.0895533206,70778.7297539849,104128.1234091369,30128.4938191261,24394.7430311817,72085.5219564360,29744.2226442932,26742.0193609543,57103.6241320983,11202.4197374650,39820.3005074915,25749.7786617367,82426.2690281531,3549.5104148918,24461.1785083341,5028.1737810171,20271.2013474144,15633.0677157880,85877.2315605612,55578.1092761809,50414.5116167500,22966.8988490616,11366.5641035888,45664.7659330151,96715.5744800237,14221.5285066209,64127.1115560557,16530.4151284231,102086.4131313950,43972.7942132220,52423.6238931378,50936.7421136073,41296.7135003576,62676.6410971545,54348.8787689211,35075.3451608174,33964.9607861028,17038.3915544188,24087.1098848781,94746.2152793959,14903.1969599876,63509.4968070600,43673.3191668871,82856.2925007967,81785.8735780308,71021.0870654683,67669.8741709570,41255.1946862689,50708.9422244732,25440.3945881380,29479.6900299551,32060.4205521072,86433.5540299963,44589.6404579117,109250.1857074508,38748.8711605564,33668.0272375827,71767.3761816466,60168.8619960858,91479.3924639291,59787.5994962110,9678.2735989701,61942.9096019230,63420.6244276081,62968.1357437795,78733.3810435624,24170.7086943037,91658.4302642300,69736.6052822472,31498.1208547230,77181.5648370408,45280.4682654820,79691.9531084204,69557.4662967299,53077.7703788458,91207.1349856896,17040.9823236007,83221.3201673409,83256.6482414564,86145.2812499956,68638.6430542168,59150.4001803756,60340.3246824631,31363.4341952149,99330.6800772048,68627.7148478512,14352.2573912082,65991.2935794305,51416.3977078590,41610.3280575892
2404,0,0,0,0,0,0,0,0,0,0,0,0,0,0,0,0,0,0,0,0,0,0,0,0,0,0,0,0,0,0,0,0,0,0,0,0,0,0,0,0,0,0,0,0,0,0,0,0,0,0,0,0,0,0,0,0,0,0,0,0,0,0,0,0,0,0,0,0,0,0,0,0,0,0,0,0,0,0,0,0,0,0,0,0,0,0,0,0,0,0,0,0,0,0,0,0,0,0,0,0,0,0,0,0,0,0,0,0,0,0,0,0,0,0,0,0,0,0,0,0,0,0,0,0,0,0,0,0,0,0,0,0,0,0,0,0,0,0,0,0,0,0,0,0,0,0,0,0,0,0,0,0,0,0,0,0,0,0,0,0,0,0,0,0,0,0,0,0,0,0,0,0,0,0,0,0,0,0,0,0,0,0,0,0,0,0,0,0,0,0,0,0,0,0,0,0,0,0,0,0
2405,0,0,0,0,0,0,0,0,0,0,0,0,0,0,0,0,0,0,0,0,0,0,0,0,0,0,0,0,0,0,0,0,0,0,0,0,0,0,0,0,0,0,0,0,0,0,0,0,0,0,0,0,0,0,0,0,0,0,0,0,0,0,0,0,0,0,0,0,0,0,0,0,0,0,0,0,0,0,0,0,0,0,0,0,0,0,0,0,0,0,0,0,0,0,0,0,0,0,0,0,0,0,0,0,0,0,0,0,0,0,0,0,0,0,0,0,0,0,0,0,0,0,0,0,0,0,0,0,0,0,0,0,0,0,0,0,0,0,0,0,0,0,0,0,0,0,0,0,0,0,0,0,0,0,0,0,0,0,0,0,0,0,0,0,0,0,0,0,0,0,0,0,0,0,0,0,0,0,0,0,0,0,0,0,0,0,0,0,0,0,0,0,0,0,0,0,0,0,0,0
2406,0,0,0,0,0,0,0,0,0,0,0,0,0,0,0,0,0,0,0,0,0,0,0,0,0,0,0,0,0,0,0,0,0,0,0,0,0,0,0,0,0,0,0,0,0,0,0,0,0,0,0,0,0,0,0,0,0,0,0,0,0,0,0,0,0,0,0,0,0,0,0,0,0,0,0,0,0,0,0,0,0,0,0,0,0,0,0,0,0,0,0,0,0,0,0,0,0,0,0,0,0,0,0,0,0,0,0,0,0,0,0,0,0,0,0,0,0,0,0,0,0,0,0,0,0,0,0,0,0,0,0,0,0,0,0,0,0,0,0,0,0,0,0,0,0,0,0,0,0,0,0,0,0,0,0,0,0,0,0,0,0,0,0,0,0,0,0,0,0,0,0,0,0,0,0,0,0,0,0,0,0,0,0,0,0,0,0,0,0,0,0,0,0,0,0,0,0,0,0,0
2407,0,0,0,0,0,0,0,0,0,0,0,0,0,0,0,0,0,0,0,0,0,0,0,0,0,0,0,0,0,0,0,0,0,0,0,0,0,0,0,0,0,0,0,0,0,0,0,0,0,0,0,0,0,0,0,0,0,0,0,0,0,0,0,0,0,0,0,0,0,0,0,0,0,0,0,0,0,0,0,0,0,0,0,0,0,0,0,0,0,0,0,0,0,0,0,0,0,0,0,0,0,0,0,0,0,0,0,0,0,0,0,0,0,0,0,0,0,0,0,0,0,0,0,0,0,0,0,0,0,0,0,0,0,0,0,0,0,0,0,0,0,0,0,0,0,0,0,0,0,0,0,0,0,0,0,0,0,0,0,0,0,0,0,0,0,0,0,0,0,0,0,0,0,0,0,0,0,0,0,0,0,0,0,0,0,0,0,0,0,0,0,0,0,0,0,0,0,0,0,0
2408,0,0,0,0,0,0,0,0,0,0,0,0,0,0,0,0,0,0,0,0,0,0,0,0,0,0,0,0,0,0,0,0,0,0,0,0,0,0,0,0,0,0,0,0,0,0,0,0,0,0,0,0,0,0,0,0,0,0,0,0,0,0,0,0,0,0,0,0,0,0,0,0,0,0,0,0,0,0,0,0,0,0,0,0,0,0,0,0,0,0,0,0,0,0,0,0,0,0,0,0,0,0,0,0,0,0,0,0,0,0,0,0,0,0,0,0,0,0,0,0,0,0,0,0,0,0,0,0,0,0,0,0,0,0,0,0,0,0,0,0,0,0,0,0,0,0,0,0,0,0,0,0,0,0,0,0,0,0,0,0,0,0,0,0,0,0,0,0,0,0,0,0,0,0,0,0,0,0,0,0,0,0,0,0,0,0,0,0,0,0,0,0,0,0,0,0,0,0,0,0
2409,0,0,0,0,0,0,0,0,0,0,0,0,0,0,0,0,0,0,0,0,0,0,0,0,0,0,0,0,0,0,0,0,0,0,0,0,0,0,0,0,0,0,0,0,0,0,0,0,0,0,0,0,0,0,0,0,0,0,0,0,0,0,0,0,0,0,0,0,0,0,0,0,0,0,0,0,0,0,0,0,0,0,0,0,0,0,0,0,0,0,0,0,0,0,0,0,0,0,0,0,0,0,0,0,0,0,0,0,0,0,0,0,0,0,0,0,0,0,0,0,0,0,0,0,0,0,0,0,0,0,0,0,0,0,0,0,0,0,0,0,0,0,0,0,0,0,0,0,0,0,0,0,0,0,0,0,0,0,0,0,0,0,0,0,0,0,0,0,0,0,0,0,0,0,0,0,0,0,0,0,0,0,0,0,0,0,0,0,0,0,0,0,0,0,0,0,0,0,0,0
2410,0,0,0,0,0,0,0,0,0,0,0,0,0,0,0,0,0,0,0,0,0,0,0,0,0,0,0,0,0,0,0,0,0,0,0,0,0,0,0,0,0,0,0,0,0,0,0,0,0,0,0,0,0,0,0,0,0,0,0,0,0,0,0,0,0,0,0,0,0,0,0,0,0,0,0,0,0,0,0,0,0,0,0,0,0,0,0,0,0,0,0,0,0,0,0,0,0,0,0,0,0,0,0,0,0,0,0,0,0,0,0,0,0,0,0,0,0,0,0,0,0,0,0,0,0,0,0,0,0,0,0,0,0,0,0,0,0,0,0,0,0,0,0,0,0,0,0,0,0,0,0,0,0,0,0,0,0,0,0,0,0,0,0,0,0,0,0,0,0,0,0,0,0,0,0,0,0,0,0,0,0,0,0,0,0,0,0,0,0,0,0,0,0,0,0,0,0,0,0,0
2411,0,0,0,0,0,0,0,0,0,0,0,0,0,0,0,0,0,0,0,0,0,0,0,0,0,0,0,0,0,0,0,0,0,0,0,0,0,0,0,0,0,0,0,0,0,0,0,0,0,0,0,0,0,0,0,0,0,0,0,0,0,0,0,0,0,0,0,0,0,0,0,0,0,0,0,0,0,0,0,0,0,0,0,0,0,0,0,0,0,0,0,0,0,0,0,0,0,0,0,0,0,0,0,0,0,0,0,0,0,0,0,0,0,0,0,0,0,0,0,0,0,0,0,0,0,0,0,0,0,0,0,0,0,0,0,0,0,0,0,0,0,0,0,0,0,0,0,0,0,0,0,0,0,0,0,0,0,0,0,0,0,0,0,0,0,0,0,0,0,0,0,0,0,0,0,0,0,0,0,0,0,0,0,0,0,0,0,0,0,0,0,0,0,0,0,0,0,0,0,0
2412,0,0,0,0,0,0,0,0,0,0,0,0,0,0,0,0,0,0,0,0,0,0,0,0,0,0,0,0,0,0,0,0,0,0,0,0,0,0,0,0,0,0,0,0,0,0,0,0,0,0,0,0,0,0,0,0,0,0,0,0,0,0,0,0,0,0,0,0,0,0,0,0,0,0,0,0,0,0,0,0,0,0,0,0,0,0,0,0,0,0,0,0,0,0,0,0,0,0,0,0,0,0,0,0,0,0,0,0,0,0,0,0,0,0,0,0,0,0,0,0,0,0,0,0,0,0,0,0,0,0,0,0,0,0,0,0,0,0,0,0,0,0,0,0,0,0,0,0,0,0,0,0,0,0,0,0,0,0,0,0,0,0,0,0,0,0,0,0,0,0,0,0,0,0,0,0,0,0,0,0,0,0,0,0,0,0,0,0,0,0,0,0,0,0,0,0,0,0,0,0
2413,95963.9460601132,42572.7398464535,61141.3114084304,119075.3123303931,48507.8679956390,98594.1741066661,35061.3553336881,50291.7394550145,122981.8980796109,6969.0864453592,83944.6135306355,44632.2231456463,66689.0360447420,30815.6026480857,67461.1488131894,20817.3372647055,98320.6138464705,41818.6759614679,22976.6847002736,79451.9980353682,16359.5448068712,27648.7704979220,26885.8573687802,69534.7391954987,47290.7164078329,112263.0170435542,60466.3201558120,84356.3446224996,25668.4485369738,83682.4392224169,62850.5323338940,38745.7054422582,80500.6888901711,99053.1168500644,78780.1749368010,57567.4588903165,84812.8840170203,16558.2944506302,56078.3479605254,7585.5511735238,24107.6790257695,112347.0338129580,38951.2302821197,38461.3555179159,39525.5897200116,27625.9380107823,98150.2353744597,111957.5280640140,17899.1533312124,72412.4000463041,14011.9289756162,27391.4399384109,54276.1751054540,90611.0229214328,45925.3658943806,16810.0857558749,58540.5626232694,50001.9609935795,67626.5837279988,37587.1937881065,90156.8511503588,57738.1074328004,18378.6748674614,93958.9739320099,71161.3756519181,48784.1180899968,9426.5295415353,76039.4759612400,87139.6473908201,104898.6576584178,70902.9731117683,36115.9855830013,75781.1789766839,33347.2214209333,89381.7112538902,47184.5144503193,36110.6364979066,105017.3880561818,29862.6845607592,87059.4543059409,9479.0716351448,99331.2638897437,30835.7882763573,75034.1312843557,57799.3421432452,106817.4641758467,16630.3522761675,77995.2952431215,51002.2440246882,55351.5960841023,68861.9973817230,67671.2226818701,90681.9626471931,76424.8512592153,46094.1489023844,30619.3038867911,90317.8392064817,74741.9462177263,16472.1789553213,64778.8618409518,33639.1018521578,23218.5139333348,34875.8665231789,42581.9860195136,88640.1491414708,20635.2675870399,57297.6428423176,88443.6076994909,10586.7200098250,40936.4547949753,97627.8984270992,79261.3115292010,114254.4351132319,34296.3148500475,21422.9972986609,83102.3772746221,40881.5590205049,27705.4466541947,67694.5335034745,45.3813373715,48839.7190175373,23607.7697955463,91572.0152876438,13047.5958465189,27787.1513654513,13723.7005598776,9539.0626311753,15651.8675349802,94366.6275625946,52318.4398819750,60484.6967179126,14134.1049959485,21107.7991975813,56569.4213439564,105645.0690690903,25341.8081446581,72951.0674228012,23398.1136328121,111488.9392647437,54412.9910485141,63559.0369350430,49413.3365776913,41782.0378799413,62114.3984721323,62717.2461061047,46132.2626727701,22906.5515529968,20524.7461710215,17459.1179812602,104519.8018796453,7578.3160658708,64566.1521745702,54807.6024792410,85871.8136838862,83305.5432043501,73749.6361663477,78581.3232048790,52319.0728209103,51861.2000889101,31202.7000092292,39509.2823010989,21803.6651593306,95863.5225936119,52887.7015356844,120333.1726343937,45316.6220280376,44379.7670131241,81330.4476244700,69808.2581817123,93665.2206913162,70857.5754805214,19360.4998807034,66210.6663520306,61845.2761451833,73234.1302645323,78798.0306887136,35300.6710091567,99921.3117933749,78789.8437217411,29335.2395186345,87095.1412605361,48686.8529883601,82131.5547036379,79969.7785339936,64187.3257421822,94082.6976685843,20973.7481524690,93726.6701191739,93217.8106987132,93651.3423161488,79354.5815815649,61026.1062290372,68800.3268857855,33317.1231798859,101713.3241786001,76467.3006394944,15676.5357951571,68882.4174558613,53837.2969698549,44201.9888018269
2414,0,0,0,0,0,0,0,0,0,0,0,0,0,0,0,0,0,0,0,0,0,0,0,0,0,0,0,0,0,0,0,0,0,0,0,0,0,0,0,0,0,0,0,0,0,0,0,0,0,0,0,0,0,0,0,0,0,0,0,0,0,0,0,0,0,0,0,0,0,0,0,0,0,0,0,0,0,0,0,0,0,0,0,0,0,0,0,0,0,0,0,0,0,0,0,0,0,0,0,0,0,0,0,0,0,0,0,0,0,0,0,0,0,0,0,0,0,0,0,0,0,0,0,0,0,0,0,0,0,0,0,0,0,0,0,0,0,0,0,0,0,0,0,0,0,0,0,0,0,0,0,0,0,0,0,0,0,0,0,0,0,0,0,0,0,0,0,0,0,0,0,0,0,0,0,0,0,0,0,0,0,0,0,0,0,0,0,0,0,0,0,0,0,0,0,0,0,0,0,0
2415,0,0,0,0,0,0,0,0,0,0,0,0,0,0,0,0,0,0,0,0,0,0,0,0,0,0,0,0,0,0,0,0,0,0,0,0,0,0,0,0,0,0,0,0,0,0,0,0,0,0,0,0,0,0,0,0,0,0,0,0,0,0,0,0,0,0,0,0,0,0,0,0,0,0,0,0,0,0,0,0,0,0,0,0,0,0,0,0,0,0,0,0,0,0,0,0,0,0,0,0,0,0,0,0,0,0,0,0,0,0,0,0,0,0,0,0,0,0,0,0,0,0,0,0,0,0,0,0,0,0,0,0,0,0,0,0,0,0,0,0,0,0,0,0,0,0,0,0,0,0,0,0,0,0,0,0,0,0,0,0,0,0,0,0,0,0,0,0,0,0,0,0,0,0,0,0,0,0,0,0,0,0,0,0,0,0,0,0,0,0,0,0,0,0,0,0,0,0,0,0
2416,102346.3565558348,34999.6330397529,67489.3945030673,121459.3109466588,50647.1622036023,106171.4860787544,34978.3371371654,57608.3376931977,127756.6884670704,12141.8043476297,87635.0412963843,40078.8094415178,72423.4167754925,37850.2948905332,74965.2473353501,14870.8193767200,103418.9137200296,47400.1912784908,16951.9338999665,86991.9095803761,20411.4929632406,28225.7361464257,34163.2515880318,71883.9282603331,54802.9993654731,118016.8883656155,64564.3767851158,90115.6095862117,30622.5650710991,91214.3753482713,70398.4050007864,32041.1039684080,87047.6965707275,103235.9661224982,83556.8896462407,64730.6944438049,87310.7576581134,23977.2903227965,62551.6074389369,12279.4670095176,22204.9039009190,116713.5447319354,42683.4482588981,46014.0273205416,46380.0954073460,20061.8999407562,103951.7293299902,117077.4260719329,16250.7983578608,75869.8178820330,8601.7041450074,29676.2185803540,59410.1478204595,98119.4449842050,53016.0677812819,23524.7195232982,61271.3123876146,53755.4567273168,72457.3497414283,38931.3207933571,94839.6761177470,65302.7198340357,21455.0555448603,100738.0014009844,77500.9744369174,56346.3710495782,13571.9580175867,83441.7394062771,94715.9359305931,111027.8889402669,78363.9040487646,30870.1806917659,81216.2040719251,40868.5887133226,94660.2775311159,53509.5021851112,28726.8716228429,110522.2738584917,36095.3177604938,93265.7932718221,7419.7068241378,106891.4335154424,34078.1980190097,79208.8550037207,63622.9793855014,111552.5746539538,17209.7297988664,85573.6084813135,57908.7597001032,62786.1018342927,76440.2200328884,74999.6214247740,98247.3403962107,79203.9868311975,50807.2712480986,23842.9853232868,93279.4252704739,82286.6790365253,13386.5011484074,68042.6914724846,38463.3229370338,30054.7857465819,27307.5182433714,49861.0591412976,92819.1450193516,28166.8974108691,64763.9463859177,95027.6022385575,18046.0254512573,48340.5805623976,102297.4834311674,85333.1080333271,119003.7812817769,41602.7583803800,14118.7214895658,86202.5560710268,43366.8190013657,35277.1999507408,71830.8249599291,7148.5129725728,54530.6442802406,31061.9087759327,97224.9922909307,14433.1283940724,22803.1571702390,18955.8287436082,13065.8899289015,10381.8359738262,100448.7526161516,59263.7649161361,65312.6172121059,8079.9254851281,21594.4025082586,60103.8884276458,111457.6749932257,27865.4389499428,78809.1767044414,29869.1094564341,116949.9528020910,58797.6591465380,65670.0849298185,56754.3769951249,49346.5771415683,69552.3404963632,68827.8870467961,49234.4693208110,23414.9276787760,16427.0392680233,23959.7480338517,109648.5734359838,0.0000000000,72131.5434053861,56955.1797400261,93419.3019669346,90878.4042545389,81306.8448930066,82031.3004113827,55344.6875532366,59436.1674571861,38136.4901161514,44382.4067937749,24773.9080700976,101297.7993478614,59012.1578624182,123049.6540512278,52122.5016598704,48371.8270340226,86647.9486496367,75055.1892867112,101242.9320901496,73760.9143442216,24415.4154144653,73610.8913669531,69128.7566332535,77827.8740842072,86280.6477569574,37636.1157489858,106134.5390417382,84500.5482783003,36718.8927095165,92083.9974260872,56160.4638652517,89703.0151861469,84363.4800446327,66872.3248740108,101640.9144535961,28147.0307114951,97970.7703836358,98156.4014946949,100222.2878791884,83249.2729922779,68603.4578810579,74871.0018177710,40863.9069308258,109289.1940569628,82868.1224605170,23101.5364422632,76427.6308289007,61395.2352786346,51736.4530474249
2417,93239.0211711395,50130.3062117374,52345.3436574786,122222.2051313185,52632.8162814844,91493.9494000141,31776.3592557449,45381.4160063911,122976.3665710249,12350.3039239890,85718.0358364603,53226.5073284573,65508.5230759699,22256.0448906359,59768.6783891868,25582.6096439429,97938.2670914100,41454.1768711373,31754.0888305378,73113.1950457659,10142.1135417087,33887.0914032908,22841.5811261763,73081.0050197460,39693.0312522490,110685.9752457451,61983.3881809535,82943.5228752650,27266.8476500227,76107.4542493609,56512.6793660364,47420.5958398163,77514.8895535936,100040.0476212475,79062.9673759286,49140.6366579273,88037.6453442024,10133.0862280745,53544.3196592692,11794.3527645118,23861.8977521876,112995.4488211993,41516.2633226944,32314.0045594835,36402.0120200242,35354.7702163100,96561.6026348405,111462.6016277317,25914.2908274862,74607.7212508988,22082.0430316364,21967.8412975435,54351.2985776423,84472.2560996740,37421.1189078671,15895.0885141453,61815.3503172408,52198.7376342189,67958.5770528467,42791.8113384576,90480.4067207793,50488.8242972898,23168.2668510031,90331.5456195948,68722.6303789784,42381.2738454138,3780.0747675591,68005.0913391595,80288.4331950761,102647.0440711594,65128.6219741086,44872.8699330255,75025.9056480909,25895.4957020108,88767.7880810853,45168.9085878427,44289.8231149865,103917.3574536823,28746.0019733066,84760.6047877713,18130.7204679315,92736.2651882480,34384.1358743775,76240.4391822843,56588.3870347962,106951.1096290176,14873.0059658121,71023.6592837167,47455.7229556480,47428.5346309521,61952.6295808928,59484.8832058046,83363.6584633346,79403.4341467844,47039.7920508226,39256.4220547621,92955.0874990558,67263.4799809835,18834.5272353425,67318.4910829524,34902.1447468234,22779.8022922143,42140.3564677687,37961.8594631586,89709.1071414041,15424.0218171755,51589.4146847768,85316.1981210750,8189.6104749437,32961.3927006352,97917.0441032912,77296.6981692546,114327.4145884520,29785.4998095630,29713.6682074963,85631.6666988374,44847.5351907392,21504.9820088764,69046.7211143443,10112.5429296932,48067.1990021333,15948.1391587397,90296.1223121450,19972.6020151718,36532.7662210062,16623.8785939146,7126.3115954294,24447.9567937553,92267.5982890380,43695.8766479241,60931.1360716842,19847.6157732096,27790.5499655598,58907.0416467788,103993.6348391122,30023.7882177285,71463.2424206081,22233.5078991777,110430.6437417584,55640.0499170587,67442.6421458246,41268.6774428919,34623.1186181984,54190.5453966793,60863.2393066689,49242.6819152749,20013.0805112341,29181.5203028093,9795.3807442778,104050.4496966398,15594.9490025777,57302.9514567329,58793.4980380331,79443.3034693672,76110.4459644653,67260.3491511462,80717.7800443525,55369.7553702086,44818.1358105179,28177.1605205426,40429.0131084941,16120.1230365406,94940.2731447392,51173.7964671614,123089.2036697339,42168.9864223285,46413.3148779574,80719.9360052173,69441.6939181636,86738.5773887404,73752.5072884841,21496.9226944948,60771.0279130240,53583.6141517563,73855.0865885373,71001.7474250201,39628.8990622133,97527.2218051663,77515.5702370226,21358.6654006264,86970.2092485655,43026.3049379570,75410.8837856951,80811.3016226616,67425.6184363834,87521.6543887656,17864.6101995525,94664.3093264393,93124.4791456735,90522.3821252603,80899.8657725216,54216.3365790723,66946.8881953865,27345.0971767472,94847.8971085141,73843.1915908825,12025.1418392786,62538.9263569799,47448.1301655574,38156.0370472096
2418,89966.1432996880,42905.3061819449,74595.8810781613,103337.8687197714,32572.2845247245,103173.7186773952,52384.2834394707,51207.5026890686,111549.9690092384,12435.7244095084,70330.3259035063,31000.4646394457,58664.5333429285,43216.0777396212,74749.5668793969,32086.8284109742,87873.9224330802,34223.2376633167,17797.9755583346,82313.9567383950,33926.0513189778,7631.9740278766,29738.7301908602,53808.1164122266,55215.4181311276,103710.6944237249,47923.4380932014,76103.1269287787,17756.7067608783,90116.2480650593,66376.4841960574,32334.5795228609,75491.1634835603,86363.1553831035,67649.6751765415,68047.4235268844,69255.7127854610,28673.4447040385,51395.1964947381,23649.3072058725,40247.4430474446,100000.1178173353,26120.4619124329,43443.8127143177,37855.3932999292,29573.0853536576,89881.2604566004,101479.6192010807,3546.1245807007,58427.0149980767,19615.2506464403,45163.2753494299,44617.7959575115,92616.7894135750,57211.3345324691,18830.2537541334,43407.3272674521,36881.2751550861,56790.8194379067,20736.8700878266,78680.6325387559,64034.6955956725,7427.7269563365,89900.0413632719,65402.4855673562,53360.5847910547,22612.0995094434,84322.5442119031,91220.3656300756,97763.0850381996,72614.6659199868,25034.1905563487,66581.8870003990,42080.1798293673,79530.8318097690,42244.2968630268,34178.3747254378,95714.1075165053,26143.9989320898,80442.3171262310,10801.4870482261,102395.3177822670,17325.5380924836,62488.5831891297,50343.1865850570,95362.8568443828,33997.1076021863,82683.2124672162,48863.8213379284,63897.7685429170,73682.9117820099,76783.7721027866,96111.0757535885,61287.1280256937,35489.8670765903,25936.2274558547,75419.5240697455,81091.7293203369,31547.7871587535,50495.2677199289,24158.5985944815,36977.3646029128,37329.9410540910,43652.7692269000,75999.4199706353,27604.6650770261,59554.4284100688,83474.6205184607,19996.7260952915,50463.9214133016,86065.8408915417,72233.7038103743,102797.5548521631,36374.7778316303,22266.3013312321,68444.8675240468,25527.9684085527,34527.3445068752,55140.2647894275,17256.8261932104,41248.9532296407,34254.3893849693,82869.5674514615,7327.6101975949,17683.8681944444,11930.7647474561,27312.8511756549,13233.0012498012,87161.7885414765,64022.9651810861,49775.3029187109,25798.3291200120,314.4989023447,42880.5004623918,97345.1812169663,10708.9320850148,65236.3405806286,22075.9513862234,102003.5693588870,42672.2700264364,47539.1205300433,59031.1569007704,48889.5073402095,70393.8504812869,56217.8192365538,31768.9701470810,40354.8031051672,11238.2499318214,32650.3604125016,94113.0494760048,18195.7357382557,70596.5209331464,38856.6853158771,88787.3791242776,88519.5289621650,77214.5339137612,64545.8915931893,37728.5867293695,57900.2513059651,30935.2784840249,29714.9816677231,39537.9452075048,86419.2499703781,46794.8654229132,105031.4809815576,42921.8251067076,31957.0302429660,71688.4180985367,60127.0313363964,97816.5400918415,55931.5939146110,13680.1407871220,67313.2511481631,71445.9788024003,61700.4809368698,86121.2681144111,19803.2556184874,93168.9665288576,70451.3212668302,39926.7601251146,76444.0322643340,51471.9025376894,85969.8944340180,67879.9501968936,48953.9032293510,97162.9519829461,24279.8738255982,81198.0078878498,82376.8947547193,88542.9405486099,66174.2114401943,65909.4754315774,61980.5621801843,38635.6129069147,105519.5060836098,70862.7030721745,22646.2274473692,72146.1140060912,58014.6283613169,48313.1781845210
2419,0,0,0,0,0,0,0,0,0,0,0,0,0,0,0,0,0,0,0,0,0,0,0,0,0,0,0,0,0,0,0,0,0,0,0,0,0,0,0,0,0,0,0,0,0,0,0,0,0,0,0,0,0,0,0,0,0,0,0,0,0,0,0,0,0,0,0,0,0,0,0,0,0,0,0,0,0,0,0,0,0,0,0,0,0,0,0,0,0,0,0,0,0,0,0,0,0,0,0,0,0,0,0,0,0,0,0,0,0,0,0,0,0,0,0,0,0,0,0,0,0,0,0,0,0,0,0,0,0,0,0,0,0,0,0,0,0,0,0,0,0,0,0,0,0,0,0,0,0,0,0,0,0,0,0,0,0,0,0,0,0,0,0,0,0,0,0,0,0,0,0,0,0,0,0,0,0,0,0,0,0,0,0,0,0,0,0,0,0,0,0,0,0,0,0,0,0,0,0,0
2420,0,0,0,0,0,0,0,0,0,0,0,0,0,0,0,0,0,0,0,0,0,0,0,0,0,0,0,0,0,0,0,0,0,0,0,0,0,0,0,0,0,0,0,0,0,0,0,0,0,0,0,0,0,0,0,0,0,0,0,0,0,0,0,0,0,0,0,0,0,0,0,0,0,0,0,0,0,0,0,0,0,0,0,0,0,0,0,0,0,0,0,0,0,0,0,0,0,0,0,0,0,0,0,0,0,0,0,0,0,0,0,0,0,0,0,0,0,0,0,0,0,0,0,0,0,0,0,0,0,0,0,0,0,0,0,0,0,0,0,0,0,0,0,0,0,0,0,0,0,0,0,0,0,0,0,0,0,0,0,0,0,0,0,0,0,0,0,0,0,0,0,0,0,0,0,0,0,0,0,0,0,0,0,0,0,0,0,0,0,0,0,0,0,0,0,0,0,0,0,0
2421,0,0,0,0,0,0,0,0,0,0,0,0,0,0,0,0,0,0,0,0,0,0,0,0,0,0,0,0,0,0,0,0,0,0,0,0,0,0,0,0,0,0,0,0,0,0,0,0,0,0,0,0,0,0,0,0,0,0,0,0,0,0,0,0,0,0,0,0,0,0,0,0,0,0,0,0,0,0,0,0,0,0,0,0,0,0,0,0,0,0,0,0,0,0,0,0,0,0,0,0,0,0,0,0,0,0,0,0,0,0,0,0,0,0,0,0,0,0,0,0,0,0,0,0,0,0,0,0,0,0,0,0,0,0,0,0,0,0,0,0,0,0,0,0,0,0,0,0,0,0,0,0,0,0,0,0,0,0,0,0,0,0,0,0,0,0,0,0,0,0,0,0,0,0,0,0,0,0,0,0,0,0,0,0,0,0,0,0,0,0,0,0,0,0,0,0,0,0,0,0
2422,0,0,0,0,0,0,0,0,0,0,0,0,0,0,0,0,0,0,0,0,0,0,0,0,0,0,0,0,0,0,0,0,0,0,0,0,0,0,0,0,0,0,0,0,0,0,0,0,0,0,0,0,0,0,0,0,0,0,0,0,0,0,0,0,0,0,0,0,0,0,0,0,0,0,0,0,0,0,0,0,0,0,0,0,0,0,0,0,0,0,0,0,0,0,0,0,0,0,0,0,0,0,0,0,0,0,0,0,0,0,0,0,0,0,0,0,0,0,0,0,0,0,0,0,0,0,0,0,0,0,0,0,0,0,0,0,0,0,0,0,0,0,0,0,0,0,0,0,0,0,0,0,0,0,0,0,0,0,0,0,0,0,0,0,0,0,0,0,0,0,0,0,0,0,0,0,0,0,0,0,0,0,0,0,0,0,0,0,0,0,0,0,0,0,0,0,0,0,0,0
2423,0,0,0,0,0,0,0,0,0,0,0,0,0,0,0,0,0,0,0,0,0,0,0,0,0,0,0,0,0,0,0,0,0,0,0,0,0,0,0,0,0,0,0,0,0,0,0,0,0,0,0,0,0,0,0,0,0,0,0,0,0,0,0,0,0,0,0,0,0,0,0,0,0,0,0,0,0,0,0,0,0,0,0,0,0,0,0,0,0,0,0,0,0,0,0,0,0,0,0,0,0,0,0,0,0,0,0,0,0,0,0,0,0,0,0,0,0,0,0,0,0,0,0,0,0,0,0,0,0,0,0,0,0,0,0,0,0,0,0,0,0,0,0,0,0,0,0,0,0,0,0,0,0,0,0,0,0,0,0,0,0,0,0,0,0,0,0,0,0,0,0,0,0,0,0,0,0,0,0,0,0,0,0,0,0,0,0,0,0,0,0,0,0,0,0,0,0,0,0,0
2424,77428.0752880266,60046.8627764039,54052.7853519367,107637.2105246427,40227.4268618382,81968.9637796874,47653.5152432027,31753.6164111519,106681.5612082106,14493.1045545167,70217.4435750456,53147.7765335971,49174.4618719249,23219.7901080484,52642.0011137582,39595.9854975339,81608.5998639349,25249.5346751247,37046.7111121158,61854.1056428637,25549.2876527088,27317.4411773616,10745.7132844351,59337.4510828625,33011.1214859460,94444.7722358926,46502.4315905184,66651.3900803067,13546.7636004570,68233.8581326663,45445.6145972881,52964.8962599296,61841.5615506925,84060.1333302504,62879.8097238148,46113.7735159838,73747.6139082176,11912.6885857889,37565.3547671848,25787.0727077620,40137.1829011544,96865.6594317123,27583.6894988222,21587.3484854091,20727.5143993652,45196.7087475998,80314.4388144605,95122.1961987675,26070.1918557923,59499.2433293468,31747.7394906352,36892.2625730512,38194.7205058202,72716.7606685870,35741.8341664444,1553.2384998774,47973.8331728480,37449.9321392489,51824.2630710046,32874.6492470331,74286.2288502795,42060.6347112207,16335.9468286020,75144.9019163565,52733.0198592173,31809.3360945568,16183.2532379282,62133.3808826448,70186.5482685051,86616.7615719699,52792.3009959519,47017.9743449661,58682.4672277243,20097.1151188042,72426.2331357323,28951.7688166819,52537.9961269569,87593.4661147221,12471.9405347359,68732.4461497706,23250.7749713096,81918.5765427750,22473.8463770928,60452.8155669641,40250.5666861560,90691.4192128499,31208.9202449400,61342.7892637588,32164.2503502353,41697.8193564062,52234.1143053708,54592.3578955722,74553.0363374599,64951.8571743652,31397.6855979339,45499.0582785884,78066.5570501721,59195.7967718878,34220.3104543714,52598.0689650121,19949.5791200871,19424.1559350149,52839.0561059087,23978.5161716321,73794.5993379780,7150.3913887573,39268.5517740832,69745.0787722386,8705.1844204753,28500.7678042596,81702.6969348227,61134.0623911449,98050.5655486680,15796.7192753676,38208.8528650198,70703.8500019994,32622.8608409797,12361.7962062919,53390.6370260993,19948.0009205831,31742.9910464170,14002.0951781242,73987.6636417508,19151.6881289860,39172.2517849172,10350.7493803806,23298.7752006714,30022.6423626787,76168.4479107035,42605.0862883175,44872.8927035853,32978.5625632365,23594.5141463261,44140.3096403123,87766.3593139934,20884.3216903493,55173.8633472798,7227.6754786893,94104.5148961660,40043.8368873269,54230.3166668821,36977.4597438039,26699.8393279418,48191.9899322904,44641.0827495350,35596.2190891899,36226.3853617880,31814.1638205961,18540.3049125317,87712.6887890096,25938.3428799220,48729.9112518650,45952.4810840860,68332.7906884217,67006.5453104950,56400.0227639369,65509.4358691163,41436.4876891379,35940.1629825210,12383.3216025297,24931.0156353022,31261.0374708565,78600.4938802786,34896.6902879253,108152.5378414131,26534.1406811287,31679.6432050255,64380.5811973194,53134.4480956821,76779.2583345709,59286.2929083130,10418.8835540770,47870.6518847930,49313.9362639663,57804.2320637681,64041.6062706582,28416.0881714416,81554.2245308970,61199.0990344728,18889.2609838637,70680.5620134640,30762.7951001307,65023.4813005136,64825.3671812725,53424.5796960610,76656.6586883420,103.7866099568,78676.7095796935,76834.3817697107,74957.1189364514,65281.6576491621,44376.9954893374,50735.3808797863,16592.0181245435,84673.5798969509,57954.1048505018,3275.1079482654,51399.2666914666,36688.4519013830,26875.2958906981
2425,0,0,0,0,0,0,0,0,0,0,0,0,0,0,0,0,0,0,0,0,0,0,0,0,0,0,0,0,0,0,0,0,0,0,0,0,0,0,0,0,0,0,0,0,0,0,0,0,0,0,0,0,0,0,0,0,0,0,0,0,0,0,0,0,0,0,0,0,0,0,0,0,0,0,0,0,0,0,0,0,0,0,0,0,0,0,0,0,0,0,0,0,0,0,0,0,0,0,0,0,0,0,0,0,0,0,0,0,0,0,0,0,0,0,0,0,0,0,0,0,0,0,0,0,0,0,0,0,0,0,0,0,0,0,0,0,0,0,0,0,0,0,0,0,0,0,0,0,0,0,0,0,0,0,0,0,0,0,0,0,0,0,0,0,0,0,0,0,0,0,0,0,0,0,0,0,0,0,0,0,0,0,0,0,0,0,0,0,0,0,0,0,0,0,0,0,0,0,0,0
2426,0,0,0,0,0,0,0,0,0,0,0,0,0,0,0,0,0,0,0,0,0,0,0,0,0,0,0,0,0,0,0,0,0,0,0,0,0,0,0,0,0,0,0,0,0,0,0,0,0,0,0,0,0,0,0,0,0,0,0,0,0,0,0,0,0,0,0,0,0,0,0,0,0,0,0,0,0,0,0,0,0,0,0,0,0,0,0,0,0,0,0,0,0,0,0,0,0,0,0,0,0,0,0,0,0,0,0,0,0,0,0,0,0,0,0,0,0,0,0,0,0,0,0,0,0,0,0,0,0,0,0,0,0,0,0,0,0,0,0,0,0,0,0,0,0,0,0,0,0,0,0,0,0,0,0,0,0,0,0,0,0,0,0,0,0,0,0,0,0,0,0,0,0,0,0,0,0,0,0,0,0,0,0,0,0,0,0,0,0,0,0,0,0,0,0,0,0,0.0000000000,0,0
2427,63902.7950672024,91688.8066956496,110055.8877991910,46696.4051948155,24121.7055425436,107940.4313200796,107368.0850144823,63821.8513325024,63230.0236138005,65632.8372933604,20454.7276829972,59750.7271239210,39539.5239609176,83521.6462033602,93770.1942380712,88615.0258028433,46211.4054169547,41641.7023456570,69472.2770498606,86845.2265887911,86273.0813823769,46971.9758243675,62226.1527589778,3676.4072611846,82129.0131830918,65732.0502230214,21389.4558322498,46471.3619521224,49244.4743967617,103020.3078780608,78174.8414969969,75654.5478209842,57798.3022434445,36765.8158382731,30199.2441569339,97051.2190524454,12737.2095529181,74316.3180370883,48849.9825436915,79552.4816495406,96396.1564500571,49922.9979172075,34901.2044464777,69770.5638985804,54688.3632941354,82554.6123794165,55752.9177646835,57290.4522910551,59726.2385977970,12733.8162617533,75889.1013250668,98092.2264308899,33017.7300552473,91831.1326707486,90977.6887005199,61174.2831142037,14460.8023931159,25570.3065890603,28046.0858597249,36059.1925302357,35387.3385272381,83836.5657954804,54138.3897890776,70496.9369588556,49997.8563374046,73489.6381412729,74751.6894633833,103732.3617662353,96999.4857482476,65814.3232013881,77020.3311910779,64527.6197223828,37806.7086942438,76230.1823479671,42456.0611204151,47108.7122547305,82596.2570756748,56557.3520364740,51859.9374230203,55190.4900679852,67432.5521158564,102685.2925416525,41857.4669191261,21469.5574785934,40055.7704781910,48723.9634305688,89075.1893269522,92376.4969685962,55341.1553377028,89278.2772922575,86380.9551103846,100152.1509304687,104811.4308451935,13260.1168739329,33444.4016995772,74273.6438479021,19955.0120665983,95880.9347251518,87969.4475451512,12389.0643260231,42593.0627785696,81635.3298081946,89193.5181596114,61677.8684330598,28690.2757926644,67598.8956886728,70994.4214636898,62953.5599803828,68233.7600674949,82625.5543176981,40628.8844368877,48844.3200709103,55227.1297259222,61981.3823456914,76308.8603477454,14539.9568402429,31633.1743503128,69593.8652123852,20095.9732853209,72517.2960665287,39965.6975107351,75276.8760149145,49123.5827899193,60422.1608654337,64203.3905127439,59673.6558952065,81362.9439528806,68631.1229924839,57620.5449557254,97020.6698562597,28435.3732851985,82447.3457245265,53347.7303220631,19483.8714875632,61408.4391112190,47221.4838874711,42953.7679832292,56514.0746016363,61108.4567678417,26506.5139502108,9130.9028453316,88461.1390550924,76694.6952129167,93206.1976628617,44244.7844588706,26961.6194584413,95214.2566942104,63567.0890111293,80796.3005678202,51335.7634654034,74762.9148915988,87511.6137564094,17808.0792328409,91704.9601145784,98255.4777534741,85027.4113604956,14754.1748560839,20998.1160185153,79415.7853720141,57178.1767197799,38576.8295760061,92249.8567898274,48861.7758397127,44055.5080038289,48482.9578493252,53546.8419011567,31047.1895474350,38522.7518440805,33554.9017169877,102345.9785276783,6830.8242915286,54650.3575345030,72106.6744634888,97377.6261762754,26026.4241034890,102442.0017155956,37265.9297336959,63622.9111034831,43008.9853246762,78300.0906405533,37232.9778079969,68418.8984336996,92339.7200242789,26001.4670363198,9153.7767728793,98592.9115307341,62416.4845085915,33105.2997779952,40568.0141374836,65963.9148896575,19937.7382148365,81442.6851689903,44927.2579737615,68545.4680223800,107488.7698177838,53174.2427857394,66483.8158658749,81085.7737500491,75005.2550815669,70031.5769543070
2428,0,0,0,0,0,0,0,0,0,0,0,0,0,0,0,0,0,0,0,0,0,0,0,0,0,0,0,0,0,0,0,0,0,0,0,0,0,0,0,0,0,0,0,0,0,0,0,0,0,0,0,0,0,0,0,0,0,0,0,0,0,0,0,0,0,0,0,0,0,0,0,0,0,0,0,0,0,0,0,0,0,0,0,0,0,0,0,0,0,0,0,0,0,0,0,0,0,0,0,0,0,0,0,0,0,0,0,0,0,0,0,0,0,0,0,0,0,0,0,0,0,0,0,0,0,0,0,0,0,0,0,0,0,0,0,0,0,0,0,0,0,0,0,0,0,0,0,0,0,0,0,0,0,0,0,0,0,0,0,0,0,0,0,0,0,0,0,0,0,0,0,0,0,0,0,0,0,0,0,0,0,0,0,0,0,0,0,0,0,0,0,0,0,0,0,0,0,0,0,0
2429,0,0,0,0,0,0,0,0,0,0,0,0,0,0,0,0,0,0,0,0,0,0,0,0,0,0,0,0,0,0,0,0,0,0,0,0,0,0,0,0,0,0,0,0,0,0,0,0,0,0,0,0,0,0,0,0,0,0,0,0,0,0,0,0,0,0,0,0,0,0,0,0,0,0,0,0,0,0,0,0,0,0,0,0,0,0,0,0,0,0,0,0,0,0,0,0,0,0,0,0,0,0,0,0,0,0,0,0,0,0,0,0,0,0,0,0,0,0,0,0,0,0,0,0,0,0,0,0,0,0,0,0,0,0,0,0,0,0,0,0,0,0,0,0,0,0,0,0,0,0,0,0,0,0,0,0,0,0,0,0,0,0,0,0,0,0,0,0,0,0,0,0,0,0,0,0,0,0,0,0,0,0,0,0,0,0,0,0,0,0,0,0,0,0,0,0,0,0,0,0
2430,0,0,0,0,0,0,0,0,0,0,0,0,0,0,0,0,0,0,0,0,0,0,0,0,0,0,0,0,0,0,0,0,0,0,0,0,0,0,0,0,0,0,0,0,0,0,0,0,0,0,0,0,0,0,0,0,0,0,0,0,0,0,0,0,0,0,0,0,0,0,0,0,0,0,0,0,0,0,0,0,0,0,0,0,0,0,0,0,0,0,0,0,0,0,0,0,0,0,0,0,0,0,0,0,0,0,0,0,0,0,0,0,0,0,0,0,0,0,0,0,0,0,0,0,0,0,0,0,0,0,0,0,0,0,0,0,0,0,0,0,0,0,0,0,0,0,0,0,0,0,0,0,0,0,0,0,0,0,0,0,0,0,0,0,0,0,0,0,0,0,0,0,0,0,0,0,0,0,0,0,0,0,0,0,0,0,0,0,0,0,0,0,0,0,0,0,0,0,0,0
2431,0,0,0,0,0,0,0,0,0,0,0,0,0,0,0,0,0,0,0,0,0,0,0,0,0,0,0,0,0,0,0,0,0,0,0,0,0,0,0,0,0,0,0,0,0,0,0,0,0,0,0,0,0,0,0,0,0,0,0,0,0,0,0,0,0,0,0,0,0,0,0,0,0,0,0,0,0,0,0,0,0,0,0,0,0,0,0,0,0,0,0,0,0,0,0,0,0,0,0,0,0,0,0,0,0,0,0,0,0,0,0,0,0,0,0,0,0,0,0,0,0,0,0,0,0,0,0,0,0,0,0,0,0,0,0,0,0,0,0,0,0,0,0,0,0,0,0,0,0,0,0,0,0,0,0,0,0,0,0,0,0,0,0,0,0,0,0,0,0,0,0,0,0,0,0,0,0,0,0,0,0,0,0,0,0,0,0,0,0,0,0,0,0,0,0,0,0,0,0,0
2432,0,0,0,0,0,0,0,0,0,0,0,0,0,0,0,0,0,0,0,0,0,0,0,0,0,0,0,0,0,0,0,0,0,0,0,0,0,0,0,0,0,0,0,0,0,0,0,0,0,0,0,0,0,0,0,0,0,0,0,0,0,0,0,0,0,0,0,0,0,0,0,0,0,0,0,0,0,0,0,0,0,0,0,0,0,0,0,0,0,0,0,0,0,0,0,0,0,0,0,0,0,0,0,0,0,0,0,0,0,0,0,0,0,0,0,0,0,0,0,0,0,0,0,0,0,0,0,0,0,0,0,0,0,0,0,0,0,0,0,0,0,0,0,0,0,0,0,0,0,0,0,0,0,0,0,0,0,0,0,0,0,0,0,0,0,0,0,0,0,0,0,0,0,0,0,0,0,0,0,0,0,0,0,0,0,0,0,0,0,0,0,0,0,0,0,0,0,0,0,0
2433,0,0,0,0,0,0,0,0,0,0,0,0,0,0,0,0,0,0,0,0,0,0,0,0,0,0,0,0,0,0,0,0,0,0,0,0,0,0,0,0,0,0,0,0,0,0,0,0,0,0,0,0,0,0,0,0,0,0,0,0,0,0,0,0,0,0,0,0,0,0,0,0,0,0,0,0,0,0,0,0,0,0,0,0,0,0,0,0,0,0,0,0,0,0,0,0,0,0,0,0,0,0,0,0,0,0,0,0,0,0,0,0,0,0,0,0,0,0,0,0,0,0,0,0,0,0,0,0,0,0,0,0,0,0,0,0,0,0,0,0,0,0,0,0,0,0,0,0,0,0,0,0,0,0,0,0,0,0,0,0,0,0,0,0,0,0,0,0,0,0,0,0,0,0,0,0,0,0,0,0,0,0,0,0,0,0,0,0,0,0,0,0,0,0,0,0,0,0,0,0
2434,0,0,0,0,0,0,0,0,0,0,0,0,0,0,0,0,0,0,0,0,0,0,0,0,0,0,0,0,0,0,0,0,0,0,0,0,0,0,0,0,0,0,0,0,0,0,0,0,0,0,0,0,0,0,0,0,0,0,0,0,0,0,0,0,0,0,0,0,0,0,0,0,0,0,0,0,0,0,0,0,0,0,0,0,0,0,0,0,0,0,0,0,0,0,0,0,0,0,0,0,0,0,0,0,0,0,0,0,0,0,0,0,0,0,0,0,0,0,0,0,0,0,0,0,0,0,0,0,0,0,0,0,0,0,0,0,0,0,0,0,0,0,0,0,0,0,0,0,0,0,0,0,0,0,0,0,0,0,0,0,0,0,0,0,0,0,0,0,0,0,0,0,0,0,0,0,0,0,0,0,0,0,0,0,0,0,0,0,0,0,0,0,0,0,0,0,0,0,0,0
2435,0,0,0,0,0,0,0,0,0,0,0,0,0,0,0,0,0,0,0,0,0,0,0,0,0,0,0,0,0,0,0,0,0,0,0,0,0,0,0,0,0,0,0,0,0,0,0,0,0,0,0,0,0,0,0,0,0,0,0,0,0,0,0,0,0,0,0,0,0,0,0,0,0,0,0,0,0,0,0,0,0,0,0,0,0,0,0,0,0,0,0,0,0,0,0,0,0,0,0,0,0,0,0,0,0,0,0,0,0,0,0,0,0,0,0,0,0,0,0,0,0,0,0,0,0,0,0,0,0,0,0,0,0,0,0,0,0,0,0,0,0,0,0,0,0,0,0,0,0,0,0,0,0,0,0,0,0,0,0,0,0,0,0,0,0,0,0,0,0,0,0,0,0,0,0,0,0,0,0,0,0,0,0,0,0,0,0,0,0,0,0,0,0,0,0,0,0,0,0,0
2436,0,0,0,0,0,0,0,0,0,0,0,0,0,0,0,0,0,0,0,0,0,0,0,0,0,0,0,0,0,0,0,0,0,0,0,0,0,0,0,0,0,0,0,0,0,0,0,0,0,0,0,0,0,0,0,0,0,0,0,0,0,0,0,0,0,0,0,0,0,0,0,0,0,0,0,0,0,0,0,0,0,0,0,0,0,0,0,0,0,0,0,0,0,0,0,0,0,0,0,0,0,0,0,0,0,0,0,0,0,0,0,0,0,0,0,0,0,0,0,0,0,0,0,0,0,0,0,0,0,0,0,0,0,0,0,0,0,0,0,0,0,0,0,0,0,0,0,0,0,0,0,0,0,0,0,0,0,0,0,0,0,0,0,0,0,0,0,0,0,0,0,0,0,0,0,0,0,0,0,0,0,0,0,0,0,0,0,0,0,0,0,0,0,0,0,0,0,0,0,0
2437,0,0,0,0,0,0,0,0,0,0,0,0,0,0,0,0,0,0,0,0,0,0,0,0,0,0,0,0,0,0,0,0,0,0,0,0,0,0,0,0,0,0,0,0,0,0,0,0,0,0,0,0,0,0,0,0,0,0,0,0,0,0,0,0,0,0,0,0,0,0,0,0,0,0,0,0,0,0,0,0,0,0,0,0,0,0,0,0,0,0,0,0,0,0,0,0,0,0,0,0,0,0,0,0,0,0,0,0,0,0,0,0,0,0,0,0,0,0,0,0,0,0,0,0,0,0,0,0,0,0,0,0,0,0,0,0,0,0,0,0,0,0,0,0,0,0,0,0,0,0,0,0,0,0,0,0,0,0,0,0,0,0,0,0,0,0,0,0,0,0,0,0,0,0,0,0,0,0,0,0,0,0,0,0,0,0,0,0,0,0,0,0,0,0,0,0,0,0,0,0
2438,0,0,0,0,0,0,0,0,0,0,0,0,0,0,0,0,0,0,0,0,0,0,0,0,0,0,0,0,0,0,0,0,0,0,0,0,0,0,0,0,0,0,0,0,0,0,0,0,0,0,0,0,0,0,0,0,0,0,0,0,0,0,0,0,0,0,0,0,0,0,0,0,0,0,0,0,0,0,0,0,0,0,0,0,0,0,0,0,0,0,0,0,0,0,0,0,0,0,0,0,0,0,0,0,0,0,0,0,0,0,0,0,0,0,0,0,0,0,0,0,0,0,0,0,0,0,0,0,0,0,0,0,0,0,0,0,0,0,0,0,0,0,0,0,0,0,0,0,0,0,0,0,0,0,0,0,0,0,0,0,0,0,0,0,0,0,0,0,0,0,0,0,0,0,0,0,0,0,0,0,0,0,0,0,0,0,0,0,0,0,0,0,0,0,0,0,0,0,0,0
2439,0,0,0,0,0,0,0,0,0,0,0,0,0,0,0,0,0,0,0,0,0,0,0,0,0,0,0,0,0,0,0,0,0,0,0,0,0,0,0,0,0,0,0,0,0,0,0,0,0,0,0,0,0,0,0,0,0,0,0,0,0,0,0,0,0,0,0,0,0,0,0,0,0,0,0,0,0,0,0,0,0,0,0,0,0,0,0,0,0,0,0,0,0,0,0,0,0,0,0,0,0,0,0,0,0,0,0,0,0,0,0,0,0,0,0,0,0,0,0,0,0,0,0,0,0,0,0,0,0,0,0,0,0,0,0,0,0,0,0,0,0,0,0,0,0,0,0,0,0,0,0,0,0,0,0,0,0,0,0,0,0,0,0,0,0,0,0,0,0,0,0,0,0,0,0,0,0,0,0,0,0,0,0,0,0,0,0,0,0,0,0,0,0,0,0,0,0,0,0,0
2440,0,0,0,0,0,0,0,0,0,0,0,0,0,0,0,0,0,0,0,0,0,0,0,0,0,0,0,0,0,0,0,0,0,0,0,0,0,0,0,0,0,0,0,0,0,0,0,0,0,0,0,0,0,0,0,0,0,0,0,0,0,0,0,0,0,0,0,0,0,0,0,0,0,0,0,0,0,0,0,0,0,0,0,0,0,0,0,0,0,0,0,0,0,0,0,0,0,0,0,0,0,0,0,0,0,0,0,0,0,0,0,0,0,0,0,0,0,0,0,0,0,0,0,0,0,0,0,0,0,0,0,0,0,0,0,0,0,0,0,0,0,0,0,0,0,0,0,0,0,0,0,0,0,0,0,0,0,0,0,0,0,0,0,0,0,0,0,0,0,0,0,0,0,0,0,0,0,0,0,0,0,0,0,0,0,0,0,0,0,0,0,0,0,0,0,0,0,0,0,0
2441,0,0,0,0,0,0,0,0,0,0,0,0,0,0,0,0,0,0,0,0,0,0,0,0,0,0,0,0,0,0,0,0,0,0,0,0,0,0,0,0,0,0,0,0,0,0,0,0,0,0,0,0,0,0,0,0,0,0,0,0,0,0,0,0,0,0,0,0,0,0,0,0,0,0,0,0,0,0,0,0,0,0,0,0,0,0,0,0,0,0,0,0,0,0,0,0,0,0,0,0,0,0,0,0,0,0,0,0,0,0,0,0,0,0,0,0,0,0,0,0,0,0,0,0,0,0,0,0,0,0,0,0,0,0,0,0,0,0,0,0,0,0,0,0,0,0,0,0,0,0,0,0,0,0,0,0,0,0,0,0,0,0,0,0,0,0,0,0,0,0,0,0,0,0,0,0,0,0,0,0,0,0,0,0,0,0,0,0,0,0,0,0,0,0,0,0,0,0,0,0
2442,0,0,0,0,0,0,0,0,0,0,0,0,0,0,0,0,0,0,0,0,0,0,0,0,0,0,0,0,0,0,0,0,0,0,0,0,0,0,0,0,0,0,0,0,0,0,0,0,0,0,0,0,0,0,0,0,0,0,0,0,0,0,0,0,0,0,0,0,0,0,0,0,0,0,0,0,0,0,0,0,0,0,0,0,0,0,0,0,0,0,0,0,0,0,0,0,0,0,0,0,0,0,0,0,0,0,0,0,0,0,0,0,0,0,0,0,0,0,0,0,0,0,0,0,0,0,0,0,0,0,0,0,0,0,0,0,0,0,0,0,0,0,0,0,0,0,0,0,0,0,0,0,0,0,0,0,0,0,0,0,0,0,0,0,0,0,0,0,0,0,0,0,0,0,0,0,0,0,0,0,0,0,0,0,0,0,0,0,0,0,0,0,0,0,0,0,0,0,0,0
2443,0,0,0,0,0,0,0,0,0,0,0,0,0,0,0,0,0,0,0,0,0,0,0,0,0,0,0,0,0,0,0,0,0,0,0,0,0,0,0,0,0,0,0,0,0,0,0,0,0,0,0,0,0,0,0,0,0,0,0,0,0,0,0,0,0,0,0,0,0,0,0,0,0,0,0,0,0,0,0,0,0,0,0,0,0,0,0,0,0,0,0,0,0,0,0,0,0,0,0,0,0,0,0,0,0,0,0,0,0,0,0,0,0,0,0,0,0,0,0,0,0,0,0,0,0,0,0,0,0,0,0,0,0,0,0,0,0,0,0,0,0,0,0,0,0,0,0,0,0,0,0,0,0,0,0,0,0,0,0,0,0,0,0,0,0,0,0,0,0,0,0,0,0,0,0,0,0,0,0,0,0,0,0,0,0,0,0,0,0,0,0,0,0,0,0,0,0,0,0,0
2444,0,0,0,0,0,0,0,0,0,0,0,0,0,0,0,0,0,0,0,0,0,0,0,0,0,0,0,0,0,0,0,0,0,0,0,0,0,0,0,0,0,0,0,0,0,0,0,0,0,0,0,0,0,0,0,0,0,0,0,0,0,0,0,0,0,0,0,0,0,0,0,0,0,0,0,0,0,0,0,0,0,0,0,0,0,0,0,0,0,0,0,0,0,0,0,0,0,0,0,0,0,0,0,0,0,0,0,0,0,0,0,0,0,0,0,0,0,0,0,0,0,0,0,0,0,0,0,0,0,0,0,0,0,0,0,0,0,0,0,0,0,0,0,0,0,0,0,0,0,0,0,0,0,0,0,0,0,0,0,0,0,0,0,0,0,0,0,0,0,0,0,0,0,0,0,0,0,0,0,0,0,0,0,0,0,0,0,0,0,0,0,0,0,0,0,0,0,0,0,0
2445,0,0,0,0,0,0,0,0,0,0,0,0,0,0,0,0,0,0,0,0,0,0,0,0,0,0,0,0,0,0,0,0,0,0,0,0,0,0,0,0,0,0,0,0,0,0,0,0,0,0,0,0,0,0,0,0,0,0,0,0,0,0,0,0,0,0,0,0,0,0,0,0,0,0,0,0,0,0,0,0,0,0,0,0,0,0,0,0,0,0,0,0,0,0,0,0,0,0,0,0,0,0,0,0,0,0,0,0,0,0,0,0,0,0,0,0,0,0,0,0,0,0,0,0,0,0,0,0,0,0,0,0,0,0,0,0,0,0,0,0,0,0,0,0,0,0,0,0,0,0,0,0,0,0,0,0,0,0,0,0,0,0,0,0,0,0,0,0,0,0,0,0,0,0,0,0,0,0,0,0,0,0,0,0,0,0,0,0,0,0,0,0,0,0,0,0,0,0,0,0
2446,0,0,0,0,0,0,0,0,0,0,0,0,0,0,0,0,0,0,0,0,0,0,0,0,0,0,0,0,0,0,0,0,0,0,0,0,0,0,0,0,0,0,0,0,0,0,0,0,0,0,0,0,0,0,0,0,0,0,0,0,0,0,0,0,0,0,0,0,0,0,0,0,0,0,0,0,0,0,0,0,0,0,0,0,0,0,0,0,0,0,0,0,0,0,0,0,0,0,0,0,0,0,0,0,0,0,0,0,0,0,0,0,0,0,0,0,0,0,0,0,0,0,0,0,0,0,0,0,0,0,0,0,0,0,0,0,0,0,0,0,0,0,0,0,0,0,0,0,0,0,0,0,0,0,0,0,0,0,0,0,0,0,0,0,0,0,0,0,0,0,0,0,0,0,0,0,0,0,0,0,0,0,0,0,0,0,0,0,0,0,0,0,0,0,0,0,0,0,0,0
2447,0,0,0,0,0,0,0,0,0,0,0,0,0,0,0,0,0,0,0,0,0,0,0,0,0,0,0,0,0,0,0,0,0,0,0,0,0,0,0,0,0,0,0,0,0,0,0,0,0,0,0,0,0,0,0,0,0,0,0,0,0,0,0,0,0,0,0,0,0,0,0,0,0,0,0,0,0,0,0,0,0,0,0,0,0,0,0,0,0,0,0,0,0,0,0,0,0,0,0,0,0,0,0,0,0,0,0,0,0,0,0,0,0,0,0,0,0,0,0,0,0,0,0,0,0,0,0,0,0,0,0,0,0,0,0,0,0,0,0,0,0,0,0,0,0,0,0,0,0,0,0,0,0,0,0,0,0,0,0,0,0,0,0,0,0,0,0,0,0,0,0,0,0,0,0,0,0,0,0,0,0,0,0,0,0,0,0,0,0,0,0,0,0,0,0,0,0,0,0,0
2448,0,0,0,0,0,0,0,0,0,0,0,0,0,0,0,0,0,0,0,0,0,0,0,0,0,0,0,0,0,0,0,0,0,0,0,0,0,0,0,0,0,0,0,0,0,0,0,0,0,0,0,0,0,0,0,0,0,0,0,0,0,0,0,0,0,0,0,0,0,0,0,0,0,0,0,0,0,0,0,0,0,0,0,0,0,0,0,0,0,0,0,0,0,0,0,0,0,0,0,0,0,0,0,0,0,0,0,0,0,0,0,0,0,0,0,0,0,0,0,0,0,0,0,0,0,0,0,0,0,0,0,0,0,0,0,0,0,0,0,0,0,0,0,0,0,0,0,0,0,0,0,0,0,0,0,0,0,0,0,0,0,0,0,0,0,0,0,0,0,0,0,0,0,0,0,0,0,0,0,0,0,0,0,0,0,0,0,0,0,0,0,0,0,0,0,0,0,0,0,0
2449,0,0,0,0,0,0,0,0,0,0,0,0,0,0,0,0,0,0,0,0,0,0,0,0,0,0,0,0,0,0,0,0,0,0,0,0,0,0,0,0,0,0,0,0,0,0,0,0,0,0,0,0,0,0,0,0,0,0,0,0,0,0,0,0,0,0,0,0,0,0,0,0,0,0,0,0,0,0,0,0,0,0,0,0,0,0,0,0,0,0,0,0,0,0,0,0,0,0,0,0,0,0,0,0,0,0,0,0,0,0,0,0,0,0,0,0,0,0,0,0,0,0,0,0,0,0,0,0,0,0,0,0,0,0,0,0,0,0,0,0,0,0,0,0,0,0,0,0,0,0,0,0,0,0,0,0,0,0,0,0,0,0,0,0,0,0,0,0,0,0,0,0,0,0,0,0,0,0,0,0,0,0,0,0,0,0,0,0,0,0,0,0,0,0,0,0,0,0,0,0
2450,0,0,0,0,0,0,0,0,0,0,0,0,0,0,0,0,0,0,0,0,0,0,0,0,0,0,0,0,0,0,0,0,0,0,0,0,0,0,0,0,0,0,0,0,0,0,0,0,0,0,0,0,0,0,0,0,0,0,0,0,0,0,0,0,0,0,0,0,0,0,0,0,0,0,0,0,0,0,0,0,0,0,0,0,0,0,0,0,0,0,0,0,0,0,0,0,0,0,0,0,0,0,0,0,0,0,0,0,0,0,0,0,0,0,0,0,0,0,0,0,0,0,0,0,0,0,0,0,0,0,0,0,0,0,0,0,0,0,0,0,0,0,0,0,0,0,0,0,0,0,0,0,0,0,0,0,0,0,0,0,0,0,0,0,0,0,0,0,0,0,0,0,0,0,0,0,0,0,0,0,0,0,0,0,0,0,0,0,0,0,0,0,0,0,0,0,0,0,0,0
2451,0,0,0,0,0,0,0,0,0,0,0,0,0,0,0,0,0,0,0,0,0,0,0,0,0,0,0,0,0,0,0,0,0,0,0,0,0,0,0,0,0,0,0,0,0,0,0,0,0,0,0,0,0,0,0,0,0,0,0,0,0,0,0,0,0,0,0,0,0,0,0,0,0,0,0,0,0,0,0,0,0,0,0,0,0,0,0,0,0,0,0,0,0,0,0,0,0,0,0,0,0,0,0,0,0,0,0,0,0,0,0,0,0,0,0,0,0,0,0,0,0,0,0,0,0,0,0,0,0,0,0,0,0,0,0,0,0,0,0,0,0,0,0,0,0,0,0,0,0,0,0,0,0,0,0,0,0,0,0,0,0,0,0,0,0,0,0,0,0,0,0,0,0,0,0,0,0,0,0,0,0,0,0,0,0,0,0,0,0,0,0,0,0,0,0,0,0,0,0,0
2452,0,0,0,0,0,0,0,0,0,0,0,0,0,0,0,0,0,0,0,0,0,0,0,0,0,0,0,0,0,0,0,0,0,0,0,0,0,0,0,0,0,0,0,0,0,0,0,0,0,0,0,0,0,0,0,0,0,0,0,0,0,0,0,0,0,0,0,0,0,0,0,0,0,0,0,0,0,0,0,0,0,0,0,0,0,0,0,0,0,0,0,0,0,0,0,0,0,0,0,0,0,0,0,0,0,0,0,0,0,0,0,0,0,0,0,0,0,0,0,0,0,0,0,0,0,0,0,0,0,0,0,0,0,0,0,0,0,0,0,0,0,0,0,0,0,0,0,0,0,0,0,0,0,0,0,0,0,0,0,0,0,0,0,0,0,0,0,0,0,0,0,0,0,0,0,0,0,0,0,0,0,0,0,0,0,0,0,0,0,0,0,0,0,0,0,0,0,0,0,0
2453,92810.8757198957,48943.1606105214,54259.3970963500,120562.2666884979,50774.5007092255,92417.0881130487,33270.1953595223,45503.4962107264,121923.4344072533,10201.4803000015,84283.7517879963,51154.5944122381,64671.3796070187,23876.1177395985,60924.4799021757,25147.9217505195,96953.8925582979,40374.2834310632,29916.6714547674,73745.7187241408,12011.7361992999,31772.9263708800,22580.6371191391,71330.7127024493,40788.8595285807,109984.1078761151,60571.2941786200,82182.3434464745,25719.4089405058,77219.0108288899,57129.2937769123,45692.9134555465,77140.6779701850,98768.5236291874,77919.2617398024,50675.9592820809,86349.5411297785,9915.0581841110,53015.4254560746,11149.8088864197,24636.2258325167,111799.9382728371,39873.1563406452,32810.9573672210,35972.9683435014,34080.6611941872,95853.6367750065,110511.4195003146,23772.5585824790,73086.0689687347,20637.0871917450,23811.8968566722,53214.2417873752,85042.7983864552,39005.3836802917,14684.5963360084,60096.3442626045,50645.1221235325,66791.2680718101,40783.8900230588,89338.4167802887,51446.7975943257,21145.5055186690,90141.3957058102,68196.2605760761,42999.2066475582,23.8812937628,69326.3231872857,81111.5997110860,102105.2390910040,65561.0990940158,42885.7171502379,74104.1343320383,26896.9029314900,87827.9339453212,44486.6336060871,42842.9621995146,103099.2871314597,27764.9478911879,84217.0198494188,16116.5906159425,93470.9747562297,32564.8997049179,74906.2873045237,55742.2981390486,105860.3544381136,15834.9612742445,71887.4434727386,47182.1254701512,48684.9970435173,62786.0071700839,60882.3771101327,84370.5132881873,77750.0726160520,45706.8535646869,37556.6208594606,91369.3797682080,68329.7182412118,18903.3310303323,65728.2335143172,33463.2466856777,16272.7078097344,41047.1688746758,37971.5066663883,88414.0986139865,15442.5813132876,51981.7462484446,84986.9536227755,6979.9656848461,34230.3971003045,96787.7084163509,76662.5995319046,113253.5698291063,29722.9242860009,28198.7570907197,84060.0083703791,42998.2151379926,21963.7396925932,67675.9662069517,8318.8767580807,47099.7044299464,17006.1547051636,89509.2879064691,17811.3624970145,34540.0264875055,14749.4193124329,7809.0788102294,22562.1413450282,91680.5849339923,45372.1363027325,59729.2046505309,19089.3458096633,25643.9523906616,57340.6064163422,103305.6852698517,28043.5281037093,70706.8932535369,21196.9491759234,109606.7269436791,54272.4026370578,65636.0254433584,42635.1341903202,35519.6097956607,55451.5477313000,60178.8734938531,47530.0763017807,21333.0630260437,27146.0132623415,13027.1996123978,103089.3295650838,14119.5465994264,58272.8692711939,56962.8987397952,80111.7492236757,77064.5707367699,67941.9410982744,79212.3810386617,53677.6329892460,45685.3354483586,27671.9645932894,39079.6947294630,17967.2020647102,94075.3876385708,50434.7674553375,121496.4276458088,41769.7609040380,44875.2906041868,79771.8473727904,68426.1471296739,87593.2202633906,72108.3468163015,19803.4306695332,61088.8041310066,55020.8556335347,72635.5251790761,72209.9278118726,37719.4695201939,97017.7894031667,76716.1244266925,22606.7797166748,85921.0247970245,43385.3370032619,76182.6723684348,79554.2405733014,65718.8088463232,88241.7892347530,17258.6566172023,93399.1652000274,92073.4357784156,90197.8410010572,79504.7044384922,55004.2126566738,66272.2923722684,27756.4228868373,95682.6980093140,73370.7578156635,11425.6743384919,63164.1200523435,48070.4080652788,38635.3479006252
2454,95925.9057835910,42787.6184008492,60835.4423772912,119245.3136438526,48698.4257453738,98384.1068449357,34849.7256589510,50160.9324750288,123044.9547931274,7113.3567882195,84064.5686496506,44947.7217016599,66701.1549609871,30529.5647870907,67222.2408431166,20872.0775701241,98367.6735642299,41848.0239079808,23276.9646197992,79272.3297820774,16061.8849130224,27900.0664390415,26766.5689146128,69711.8373712679,47053.0694472925,112268.9554263630,60571.7968937328,84364.3000742564,25749.0424275291,83450.2175879709,62668.2599973464,39033.9018280956,80450.4505396981,99148.2452859405,78847.3904783904,57291.4743120482,84981.9295303816,16300.7172487437,56037.7269316038,7527.6723307391,23972.6517660362,112431.9463303770,39082.5941449947,38278.1594205041,39453.9285402615,27845.4099542656,98154.0546675790,112002.2368177624,18202.5439924306,72544.5411221110,14243.0045077273,27120.7071708503,54328.5170280367,90440.7796822529,45644.1768900645,16770.5536276955,58705.8147871917,50126.9400067199,67692.7948568440,37809.3149565585,90227.5881871047,57517.3663176911,18564.2653153677,93887.0056549952,71129.1591142832,48595.6244522712,8892.0268384456,75785.0510420404,86939.4577501367,104879.1890077926,70744.6761526130,36428.8280905730,75810.9381682658,33111.1060101205,89419.1899663215,47158.2468478827,36361.1991803466,105039.7083673061,29852.0601514077,87035.7045685967,9794.5321795657,99142.8947846822,30994.9252726990,75132.7957290022,57807.2742382560,106883.7973955224,16427.1055505093,77789.0987130652,50922.3387761826,55100.7470405807,68657.3210813049,67408.6700340049,90461.7696395072,76584.3244474442,46173.0776120180,30903.3468230969,90468.0565938478,74513.3742759622,16407.5910147534,64920.8982970724,33719.1195772163,22921.9337306433,35072.0476323699,42458.0352134519,88736.6208664943,20463.2515551753,57138.8577989365,88389.5234697488,10444.6042387891,40680.8599681445,97698.5352693012,79248.2709830000,114319.4360446653,34169.9472780660,21676.8378985179,83247.8892850464,41063.1486890144,27511.6519489967,67796.4608548427,578.3876026326,48859.0978215522,23357.3209787673,91586.1500644548,13306.5551684029,28100.6663640505,13814.3438859864,9272.9408331973,15957.8062591760,94351.3491037902,52030.2875691447,60552.6628569595,14216.2060365354,21369.2706082117,56701.9752459004,105647.5718248565,25535.5875584744,72953.8452366907,23373.0385178719,111513.4934056073,54506.0464798677,63746.0340034738,49151.2455715543,41561.1096257488,61864.2533322893,62703.8075688458,46287.0830118889,22690.3156086455,20840.1619193882,17151.0257175122,104564.5751533902,7788.3199220571,64345.8676725781,54995.6603865466,85689.1964502878,83090.2217471484,73563.0525225267,78712.7180982396,52474.5587883951,51647.8846815578,31125.8616669643,39582.6491994593,21522.2072346397,95890.9670603186,52875.3728857556,120490.3898159052,45248.2094205537,44496.0485616795,81366.5722012226,69850.3589766428,93462.3383323995,71013.1302825110,19445.6540993643,66064.5391993169,61578.4632237822,73311.9658656781,78555.2345034288,35491.3105465093,99895.9951018772,78801.6726816313,29075.9853656333,87149.5774695936,48527.0176297137,81936.3933481151,80056.7977946072,64352.9001786492,93895.3400958011,20873.5073830002,93819.3650414088,93274.3583572929,93597.9888574230,79465.8650393833,60824.3083516247,68788.7818095217,33136.9226276706,101513.6280896314,76429.5563323557,15536.8506996690,68701.0265949149,53650.8629267999,44025.5504625013
2455,0,0,0,0,0,0,0,0,0,0,0,0,0,0,0,0,0,0,0,0,0,0,0,0,0,0,0,0,0,0,0,0,0,0,0,0,0,0,0,0,0,0,0,0,0,0,0,0,0,0,0,0,0,0,0,0,0,0,0,0,0,0,0,0,0,0,0,0,0,0,0,0,0,0,0,0,0,0,0,0,0,0,0,0,0,0,0,0,0,0,0,0,0,0,0,0,0,0,0,0,0,0,0,0,0,0,0,0,0,0,0,0,0,0,0,0,0,0,0,0,0,0,0,0,0,0,0,0,0,0,0,0,0,0,0,0,0,0,0,0,0,0,0,0,0,0,0,0,0,0,0,0,0,0,0,0,0,0,0,0,0,0,0,0,0,0,0,0,0,0,0,0,0,0,0,0,0,0,0,0,0,0,0,0,0,0,0,0,0,0,0,0,0,0,0,0,0,0,0,0
2456,0,0,0,0,0,0,0,0,0,0,0,0,0,0,0,0,0,0,0,0,0,0,0,0,0,0,0,0,0,0,0,0,0,0,0,0,0,0,0,0,0,0,0,0,0,0,0,0,0,0,0,0,0,0,0,0,0,0,0,0,0,0,0,0,0,0,0,0,0,0,0,0,0,0,0,0,0,0,0,0,0,0,0,0,0,0,0,0,0,0,0,0,0,0,0,0,0,0,0,0,0,0,0,0,0,0,0,0,0,0,0,0,0,0,0,0,0,0,0,0,0,0,0,0,0,0,0,0,0,0,0,0,0,0,0,0,0,0,0,0,0,0,0,0,0,0,0,0,0,0,0,0,0,0,0,0,0,0,0,0,0,0,0,0,0,0,0,0,0,0,0,0,0,0,0,0,0,0,0,0,0,0,0,0,0,0,0,0,0,0,0,0,0,0,0,0,0,0,0,0
2457,0,0,0,0,0,0,0,0,0,0,0,0,0,0,0,0,0,0,0,0,0,0,0,0,0,0,0,0,0,0,0,0,0,0,0,0,0,0,0,0,0,0,0,0,0,0,0,0,0,0,0,0,0,0,0,0,0,0,0,0,0,0,0,0,0,0,0,0,0,0,0,0,0,0,0,0,0,0,0,0,0,0,0,0,0,0,0,0,0,0,0,0,0,0,0,0,0,0,0,0,0,0,0,0,0,0,0,0,0,0,0,0,0,0,0,0,0,0,0,0,0,0,0,0,0,0,0,0,0,0,0,0,0,0,0,0,0,0,0,0,0,0,0,0,0,0,0,0,0,0,0,0,0,0,0,0,0,0,0,0,0,0,0,0,0,0,0,0,0,0,0,0,0,0,0,0,0,0,0,0,0,0,0,0,0,0,0,0,0,0,0,0,0,0,0,0,0,0,0,0
2458,0,0,0,0,0,0,0,0,0,0,0,0,0,0,0,0,0,0,0,0,0,0,0,0,0,0,0,0,0,0,0,0,0,0,0,0,0,0,0,0,0,0,0,0,0,0,0,0,0,0,0,0,0,0,0,0,0,0,0,0,0,0,0,0,0,0,0,0,0,0,0,0,0,0,0,0,0,0,0,0,0,0,0,0,0,0,0,0,0,0,0,0,0,0,0,0,0,0,0,0,0,0,0,0,0,0,0,0,0,0,0,0,0,0,0,0,0,0,0,0,0,0,0,0,0,0,0,0,0,0,0,0,0,0,0,0,0,0,0,0,0,0,0,0,0,0,0,0,0,0,0,0,0,0,0,0,0,0,0,0,0,0,0,0,0,0,0,0,0,0,0,0,0,0,0,0,0,0,0,0,0,0,0,0,0,0,0,0,0,0,0,0,0,0,0,0,0,0,0,0
2459,75557.8737020963,64081.8642981027,49568.9955121064,109468.5492603934,43522.0539926279,77487.7091456738,47633.6921483403,28243.9459936814,106521.3177751913,18708.2170581813,71439.4569874129,58046.9262006288,48534.7880512263,19250.2207929817,47826.1348448782,42409.5483594833,81301.0851017347,25857.3941886807,41587.7016858900,57676.5187886552,25679.0315020128,32041.5858902440,2694.9809654599,61849.3779901926,28123.7674744741,93299.9115676136,47901.5478089125,65714.2912286354,17144.5437394879,63512.9855670376,41159.7004374467,57581.6994508375,59817.3329642371,84649.7151793155,63160.1612607416,41257.3615489889,75872.3381378582,10845.2808932179,35975.0932443945,28405.1630050255,41437.7312783930,97165.2916013824,30433.6830142446,17000.9893679086,18767.1291007328,49157.1064592328,79200.8542751920,94683.5553120444,30895.6525355464,61133.2336344377,35572.2196198653,36344.1693951494,38710.6454066919,68694.3030226418,31037.3306974566,8266.0578962625,50531.7844987667,39583.7162312860,52272.5768026151,37007.4747989502,74498.8028550430,37323.6844300588,21195.9800462462,72676.5917893717,51127.4391831650,27322.5505299721,18162.6025889313,57264.8874269507,65783.2355095957,85045.5119417068,48886.4463950394,51855.2372394269,58265.5700699841,15261.0568473631,72011.1275929269,27921.0150683446,56818.9772820050,86782.1985897628,13407.5529424073,67170.3509373757,27563.0159961401,77683.0266827946,26323.9203324456,61402.0019911002,39701.0541222984,90683.1005419855,32360.8479209016,56843.7664772028,29756.6391833731,36802.9521173779,47712.3135196287,49694.5827692462,69953.3533978638,67022.8663545784,32829.6805269657,50002.3960529540,79776.2814203086,54476.1636607498,36370.1731743919,54577.0600913136,22395.2108642175,16786.6852879570,56679.7851083302,20590.0610746438,74513.4809762612,914.4200511074,35293.0126051309,67613.2652260480,11489.6984389692,23652.6768557024,81844.0854359586,59834.1711224376,97971.5199420667,12301.9244048159,42336.0531981535,72416.6523603664,36108.4235024082,1636.9753437651,54542.8090833443,23305.0949636077,31738.6608093911,13793.8780859134,73110.4163282620,23933.8414906531,43952.8873293147,15210.6001551738,24828.7452839571,34440.1240522865,74722.4933087104,37896.8999989074,45524.1416204728,36010.1445600684,28483.2282322632,46170.6169097039,86589.1457062648,25413.4037514453,54253.2055980629,8708.0924992246,93300.1557183651,41392.1148792062,57039.2785755006,32097.3132973150,21839.3379801647,43311.2564094294,43530.8668393900,38422.6950048441,36775.5982575314,36542.5025635302,17491.7583421593,87319.3450564108,29483.1477975462,44035.2793756942,49003.1731868965,64136.5411622191,62432.5794533809,52112.5636086152,67024.3692111285,44022.1840588549,31221.6142647793,10744.4548208139,26683.8741140250,30999.8147861326,77942.7203853960,34020.4068263413,109738.9817237541,24496.8126691403,33929.3290024862,64021.0901331360,53055.5973578591,72363.3100828741,61384.0220874647,15058.2518447464,44140.4898587030,44417.4022392275,58378.5191037595,59235.4424086439,32311.0057892943,79897.9583417848,60391.4218884005,14539.3063345836,70612.7877402498,26702.0128766900,60662.5229084434,65473.3343173183,55844.3618954729,72422.0625111793,1348.0151513653,79270.0767839785,76747.8181093893,72819.5835477634,66404.0914228525,39841.7261291749,49576.0998507875,21476.6796718068,80310.8719466948,56194.8942268163,7680.8717840149,47157.3152416271,32280.6303213117,22491.4888703477
2460,0,0,0,0,0,0,0,0,0,0,0,0,0,0,0,0,0,0,0,0,0,0,0,0,0,0,0,0,0,0,0,0,0,0,0,0,0,0,0,0,0,0,0,0,0,0,0,0,0,0,0,0,0,0,0,0,0,0,0,0,0,0,0,0,0,0,0,0,0,0,0,0,0,0,0,0,0,0,0,0,0,0,0,0,0,0,0,0,0,0,0,0,0,0,0,0,0,0,0,0,0,0,0,0,0,0,0,0,0,0,0,0,0,0,0,0,0,0,0,0,0,0,0,0,0,0,0,0,0,0,0,0,0,0,0,0,0,0,0,0,0,0,0,0,0,0,0,0,0,0,0,0,0,0,0,0,0,0,0,0,0,0,0,0,0,0,0,0,0,0,0,0,0,0,0,0,0,0,0,0,0,0,0,0,0,0,0,0,0,0,0,0,0,0,0,0,0,0,0,0
2461,0,0,0,0,0,0,0,0,0,0,0,0,0,0,0,0,0,0,0,0,0,0,0,0,0,0,0,0,0,0,0,0,0,0,0,0,0,0,0,0,0,0,0,0,0,0,0,0,0,0,0,0,0,0,0,0,0,0,0,0,0,0,0,0,0,0,0,0,0,0,0,0,0,0,0,0,0,0,0,0,0,0,0,0,0,0,0,0,0,0,0,0,0,0,0,0,0,0,0,0,0,0,0,0,0,0,0,0,0,0,0,0,0,0,0,0,0,0,0,0,0,0,0,0,0,0,0,0,0,0,0,0,0,0,0,0,0,0,0,0,0,0,0,0,0,0,0,0,0,0,0,0,0,0,0,0,0,0,0,0,0,0,0,0,0,0,0,0,0,0,0,0,0,0,0,0,0,0,0,0,0,0,0,0,0,0,0,0,0,0,0,0,0,0,0,0,0,0,0,0
2462,0,0,0,0,0,0,0,0,0,0,0,0,0,0,0,0,0,0,0,0,0,0,0,0,0,0,0,0,0,0,0,0,0,0,0,0,0,0,0,0,0,0,0,0,0,0,0,0,0,0,0,0,0,0,0,0,0,0,0,0,0,0,0,0,0,0,0,0,0,0,0,0,0,0,0,0,0,0,0,0,0,0,0,0,0,0,0,0,0,0,0,0,0,0,0,0,0,0,0,0,0,0,0,0,0,0,0,0,0,0,0,0,0,0,0,0,0,0,0,0,0,0,0,0,0,0,0,0,0,0,0,0,0,0,0,0,0,0,0,0,0,0,0,0,0,0,0,0,0,0,0,0,0,0,0,0,0,0,0,0,0,0,0,0,0,0,0,0,0,0,0,0,0,0,0,0,0,0,0,0,0,0,0,0,0,0,0,0,0,0,0,0,0,0,0,0,0,0,0,0
2463,0,0,0,0,0,0,0,0,0,0,0,0,0,0,0,0,0,0,0,0,0,0,0,0,0,0,0,0,0,0,0,0,0,0,0,0,0,0,0,0,0,0,0,0,0,0,0,0,0,0,0,0,0,0,0,0,0,0,0,0,0,0,0,0,0,0,0,0,0,0,0,0,0,0,0,0,0,0,0,0,0,0,0,0,0,0,0,0,0,0,0,0,0,0,0,0,0,0,0,0,0,0,0,0,0,0,0,0,0,0,0,0,0,0,0,0,0,0,0,0,0,0.0000000000,0,0,0,0,0,0,0,0,0,0,0,0,0,0,0,0,0,0,0,0,0,0,0,0,0,0,0,0,0,0,0,0,0,0,0,0,0,0,0,0,0,0,0,0,0,0,0,0,0,0,0,0,0,0,0,0,0,0,0,0,0,0,0,0,0,0,0,0,0,0,0,0,0,0,0,0,0,0
2464,67367.6487596769,99644.8682934555,26055.0328174668,125918.0127182389,73581.2665571812,42898.2320276874,65588.2801655811,25184.1247182313,108739.6617413943,56121.1012362023,86651.6807605594,96118.6021444432,55733.1030302689,28526.3448982207,10266.5454163185,74258.5664298183,84722.8379067376,48373.6743837104,79152.5609826362,28954.8488551253,50707.9237771467,69117.3273745681,35921.2518853619,85952.5785163823,10133.1663573777,88945.6243654120,67673.2208081609,66723.7953189597,52026.8281871957,26663.6599029478,16901.4542556573,95239.5475978292,53347.6234628714,94189.1754633943,73313.8913216469,10409.9874388065,96401.3223281143,40814.2854020191,41698.7921870659,61185.8397320693,67200.8416034796,103518.0083340632,60436.3073103733,22482.7993502762,35281.8845858982,84798.2868210196,76704.2627384860,95729.1595983480,69066.6842659677,80172.0501443179,71289.5214711809,54423.7639153080,55921.1718276019,40187.8095282628,15898.5230061418,46439.8676460607,76122.5335987168,64743.3750551793,65573.9228332876,71364.8315578638,82525.0380230405,11729.5036563802,59050.5321101791,59659.4091122766,50512.8897456485,15343.5438652886,51310.3532053450,19075.7763151183,32884.0069353863,78098.1564847950,26421.1064974441,90028.2279401523,64564.7643765245,24010.2008138334,75871.2002420058,41657.6986689053,93406.1919393241,85741.7975292494,43660.3487931625,62980.4785412700,64834.0015591439,45854.1984298264,60545.6780472540,76189.6430763844,50442.9710440314,95332.6927670511,59328.8982792523,23631.7669699809,33872.7863718418,418.6597317920,16033.2993825765,12075.0290016214,34322.5750318415,88021.5367922119,56351.1494901234,87382.2012491691,97330.5762698341,18080.2609135147,66415.0912428200,76495.1272594244,52858.2777691579,36255.7001022361,91670.1843939351,27622.9193817524,86033.2848725422,38099.5286451405,20238.0105895430,58515.9154063890,47753.9233440704,16640.6134374747,88487.3816390203,59269.6894194527,101454.4429480348,30870.4983986989,78712.3132164745,90665.2320138425,67824.9931042768,30853.4871150968,71686.7587995100,58695.0161296441,48802.4884009416,33724.3303328852,73330.4780322419,62072.3474150579,82047.9933484155,53401.5036321297,54991.2737312785,71794.3724339841,70195.6200929240,15445.5073922465,61596.6421332479,69212.9199254316,66435.4886202079,69635.8103671100,82677.3182767938,61971.3503221348,57902.6652669570,44274.6503919606,91645.6851005315,62269.2399384551,83268.3020398386,9439.5248815673,16372.2581287695,8957.9766981073,49172.6837309081,66978.3997144991,60117.1431036881,74561.6789948033,42490.6891339122,89426.8409709185,64785.2123334431,9878.4824519786,77302.8452803318,34091.9863741517,27557.4936541162,23104.5773355929,84609.5559037962,70621.6368953134,14541.8642944708,37096.0584143578,53425.1602416979,52363.8941906492,79152.8641279524,45250.6239324214,124467.3802381249,35263.8942837832,60770.2944399342,69596.4107457777,62811.9709262498,38798.2286187767,83138.8607433021,52468.2614709601,26109.7117580167,17363.2862161123,71282.7300575875,21495.4359648823,66071.1304958495,72892.6147073423,63429.7012240563,28174.9811011343,77191.2278318957,20348.7339142369,28910.6051339250,77709.2418040216,80059.2592380460,41006.0748340963,40987.8629907817,89390.0867488328,82351.0818348238,62747.4005008010,81587.8196432004,11754.8021785094,52812.2212138296,26774.5072930257,46908.3608208418,52876.2553585484,43440.0260059189,20516.5566590441,14291.4670347384,19517.3385526704
2465,0,0,0,0,0,0,0,0,0,0,0,0,0,0,0,0,0,0,0,0,0,0,0,0,0,0,0,0,0,0,0,0,0,0,0,0,0,0,0,0,0,0,0,0,0,0,0,0,0,0,0,0,0,0,0,0,0,0,0,0,0,0,0,0,0,0,0,0,0,0,0,0,0,0,0,0,0,0,0,0,0,0,0,0,0,0,0,0,0,0,0,0,0,0,0,0,0,0,0,0,0,0,0,0,0,0,0,0,0,0,0,0,0,0,0,0,0,0,0,0,0,0,0,0,0,0,0,0,0,0,0,0,0,0,0,0,0,0,0,0,0,0,0,0,0,0,0,0,0,0,0,0,0,0,0,0,0,0,0,0,0,0,0,0,0,0,0,0,0,0,0,0,0,0,0,0,0,0,0,0,0,0,0,0,0,0,0,0,0,0,0,0,0,0,0,0,0,0,0,0
2466,124247.7932044406,23758.2070741602,87702.2469164860,133554.0703693977,64823.4158303929,129877.6522826880,42282.8904932996,81264.4486567202,145871.8509917612,35144.4649287010,103754.2118728370,36154.6519314593,93301.8806279956,60266.1188804656,98312.8262505280,15922.3934954143,122541.4513578695,68526.7936783887,18408.0709416524,110827.6545116261,39479.2313232242,42148.9110522732,57840.8961738319,85285.8563180948,78228.4965231864,138485.5967184301,82275.5645788991,110826.2104428017,51561.7739071139,114650.8033131030,94232.2440867051,19159.9488571592,109354.2733657165,120224.3148063769,102251.5360152744,87092.1865663840,100509.0495487778,47378.1843143400,84912.1024483371,26935.9168012455,29328.1281320386,133956.8055790790,60755.7373593000,69845.1519920600,69487.4665093285,10644.9798789272,124626.7662933842,136108.8576100428,30215.4842138470,91768.5884220368,17764.9320938447,43687.1186371633,79386.4525064922,121946.2117286156,75309.7082194376,46824.3260576279,76097.5002946888,71202.6866077031,91497.0386183886,52567.4919406019,113131.4229738521,88925.3656794585,40946.0748735514,123422.7569303047,99483.5688263807,80169.3669173026,36855.0021375571,106414.0002375359,118494.4810133688,132356.9006299575,102157.8102755146,26742.5531973819,101360.2127748529,64371.1652708707,114289.4961298114,75734.4035830131,20904.3965974161,130491.0907823786,58530.5394856284,114866.9949685595,26991.4626476320,130716.6433713542,52021.9673631977,96656.2814143229,84811.0500188510,129740.0227549032,32052.0808826779,109315.1557265075,81003.6471617123,85932.7509664082,100193.9947888062,97769.3295642882,121850.2545096938,93370.8650968539,70272.4022623758,14788.7799431425,107478.0701645627,105791.0647095411,24002.1214411858,83776.8393771290,58712.9981959871,52315.5759878662,7263.5984387868,73490.1550412664,109980.1128383108,52002.6115563991,88566.2883530267,117363.3903346174,41875.3510245407,71473.1419970357,120449.0470074973,106728.2968818859,137142.9769715487,65282.5902833161,12518.9711075995,100934.9486472143,58924.1311663826,59084.9235582767,89391.7658053325,30071.9189083525,75658.4161715933,54451.0856874519,117639.4313626119,33719.8274773261,23837.5431278949,41193.7829365207,33516.3987751365,21651.4702103886,121744.9793169682,81115.3212609591,84523.2578511502,19038.1432168371,37132.3581507746,76782.0445099986,132100.8024779301,45414.8767279642,99846.9165935533,52763.2957431465,136767.1627359545,77313.1276684992,78793.4815365760,79659.8223195414,72988.8264829542,92685.2222765190,90472.4612539342,65602.9787626698,35518.6793041298,24821.1781520368,45988.0939118855,128772.8985396114,23835.8624985688,95752.2583331039,70688.3754608487,117253.4883862135,114539.4802796889,105135.1209303878,97725.7973747368,71163.0887783136,83133.7011482714,61424.7158152827,64413.0876279495,41160.7752756250,121195.4516248779,80816.2199354401,136005.1828838854,75110.1630150614,66581.4857574463,106466.4044071065,94909.4442170693,125004.7357493243,88427.0758652677,45965.2615200552,97345.5424508439,91795.4526197865,96237.9395231924,109526.1644308792,53491.3303802176,127668.0395331790,105172.2992034595,59895.3923112907,111107.4759077069,79970.9598976550,113506.0152133911,102187.7696264396,81311.7297524096,125468.2605242038,51769.2704061489,115191.7772489925,116982.0908559676,122509.1015204748,99955.5785171602,92375.8270603005,96369.4338379696,64697.4879877941,133069.6358176090,104924.5349269945,46912.0809120404,100262.3878482723,85222.7922213804,75572.3146530193
2467,0,0,0,0,0,0,0,0,0,0,0,0,0,0,0,0,0,0,0,0,0,0,0,0,0,0,0,0,0,0,0,0,0,0,0,0,0,0,0,0,0,0,0,0,0,0,0,0,0,0,0,0,0,0,0,0,0,0,0,0,0,0,0,0,0,0,0,0,0,0,0,0,0,0,0,0,0,0,0,0,0,0,0,0,0,0,0,0,0,0,0,0,0,0,0,0,0,0,0,0,0,0,0,0,0,0,0,0,0,0,0,0,0,0,0,0,0,0,0,0,0,0,0,0,0,0,0,0,0,0,0,0,0,0,0,0,0,0,0,0,0,0,0,0,0,0,0,0,0,0,0,0,0,0,0,0,0,0,0,0,0,0,0,0,0,0,0,0,0,0,0,0,0,0,0,0,0,0,0,0,0,0,0,0,0,0,0,0,0,0,0,0,0,0,0,0,0,0,0,0
2468,0,0,0,0,0,0,0,0,0,0,0,0,0,0,0,0,0,0,0,0,0,0,0,0,0,0,0,0,0,0,0,0,0,0,0,0,0,0,0,0,0,0,0,0,0,0,0,0,0,0,0,0,0,0,0,0,0,0,0,0,0,0,0,0,0,0,0,0,0,0,0,0,0,0,0,0,0,0,0,0,0,0,0,0,0,0,0,0,0,0,0,0,0,0,0,0,0,0,0,0,0,0,0,0,0,0,0,0,0,0,0,0,0,0,0,0,0,0,0,0,0,0,0,0,0,0,0,0,0,0,0,0,0,0,0,0,0,0,0,0,0,0,0,0,0,0,0,0,0,0,0,0,0,0,0,0,0,0,0,0,0,0,0,0,0,0,0,0,0,0,0,0,0,0,0,0,0,0,0,0,0,0,0,0,0,0,0,0,0,0,0,0,0,0,0,0,0,0,0,0
2469,0,0,0,0,0,0,0,0,0,0,0,0,0,0,0,0,0,0,0,0,0,0,0,0,0,0,0,0,0,0,0,0,0,0,0,0,0,0,0,0,0,0,0,0,0,0,0,0,0,0,0,0,0,0,0,0,0,0,0,0,0,0,0,0,0,0,0,0,0,0,0,0,0,0,0,0,0,0,0,0,0,0,0,0,0,0,0,0,0,0,0,0,0,0,0,0,0,0,0,0,0,0,0,0,0,0,0,0,0,0,0,0,0,0,0,0,0,0,0,0,0,0,0,0,0,0,0,0,0,0,0,0,0,0,0,0,0,0,0,0,0,0,0,0,0,0,0,0,0,0,0,0,0,0,0,0,0,0,0,0,0,0,0,0,0,0,0,0,0,0,0,0,0,0,0,0,0,0,0,0,0,0,0,0,0,0,0,0,0,0,0,0,0,0,0,0,0,0,0,0
2470,0,0,0,0,0,0,0,0,0,0,0,0,0,0,0,0,0,0,0,0,0,0,0,0,0,0,0,0,0,0,0,0,0,0,0,0,0,0,0,0,0,0,0,0,0,0,0,0,0,0,0,0,0,0,0,0,0,0,0,0,0,0,0,0,0,0,0,0,0,0,0,0,0,0,0,0,0,0,0,0,0,0,0,0,0,0,0,0,0,0,0,0,0,0,0,0,0,0,0,0,0,0,0,0,0,0,0,0,0,0,0,0,0,0,0,0,0,0,0,0,0,0,0,0,0,0,0,0,0,0,0,0,0,0,0,0,0,0,0,0,0,0,0,0,0,0,0,0,0,0,0,0,0,0,0,0,0,0,0,0,0,0,0,0,0,0,0,0,0,0,0,0,0,0,0,0,0,0,0,0,0,0,0,0,0,0,0,0,0,0,0,0,0,0,0,0,0,0,0,0
2471,0,0,0,0,0,0,0,0,0,0,0,0,0,0,0,0,0,0,0,0,0,0,0,0,0,0,0,0,0,0,0,0,0,0,0,0,0,0,0,0,0,0,0,0,0,0,0,0,0,0,0,0,0,0,0,0,0,0,0,0,0,0,0,0,0,0,0,0,0,0,0,0,0,0,0,0,0,0,0,0,0,0,0,0,0,0,0,0,0,0,0,0,0,0,0,0,0,0,0,0,0,0,0,0,0,0,0,0,0,0,0,0,0,0,0,0,0,0,0,0,0,0,0,0,0,0,0,0,0,0,0,0,0,0,0,0,0,0,0,0,0,0,0,0,0,0,0,0,0,0,0,0,0,0,0,0,0,0,0,0,0,0,0,0,0,0,0,0,0,0,0,0,0,0,0,0,0,0,0,0,0,0,0,0,0,0,0,0,0,0,0,0,0,0,0,0,0,0,0,0
2472,0,0,0,0,0,0,0,0,0,0,0,0,0,0,0,0,0,0,0,0,0,0,0,0,0,0,0,0,0,0,0,0,0,0,0,0,0,0,0,0,0,0,0,0,0,0,0,0,0,0,0,0,0,0,0,0,0,0,0,0,0,0,0,0,0,0,0,0,0,0,0,0,0,0,0,0,0,0,0,0,0,0,0,0,0,0,0,0,0,0,0,0,0,0,0,0,0,0,0,0,0,0,0,0,0,0,0,0,0,0,0,0,0,0,0,0,0,0,0,0,0,0,0,0,0,0,0,0,0,0,0,0,0,0,0,0,0,0,0,0,0,0,0,0,0,0,0,0,0,0,0,0,0,0,0,0,0,0,0,0,0,0,0,0,0,0,0,0,0,0,0,0,0,0,0,0,0,0,0,0,0,0,0,0,0,0,0,0,0,0,0,0,0,0,0,0,0,0,0,0
2473,0,0,0,0,0,0,0,0,0,0,0,0,0,0,0,0,0,0,0,0,0,0,0,0,0,0,0,0,0,0,0,0,0,0,0,0,0,0,0,0,0,0,0,0,0,0,0,0,0,0,0,0,0,0,0,0,0,0,0,0,0,0,0,0,0,0,0,0,0,0,0,0,0,0,0,0,0,0,0,0,0,0,0,0,0,0,0,0,0,0,0,0,0,0,0,0,0,0,0,0,0,0,0,0,0,0,0,0,0,0,0,0,0,0,0,0,0,0,0,0,0,0,0,0,0,0,0,0,0,0,0,0,0,0,0,0,0,0,0,0,0,0,0,0,0,0,0,0,0,0,0,0,0,0,0,0,0,0,0,0,0,0,0,0,0,0,0,0,0,0,0,0,0,0,0,0,0,0,0,0,0,0,0,0,0,0,0,0,0,0,0,0,0,0,0,0,0,0,0,0
2474,0,0,0,0,0,0,0,0,0,0,0,0,0,0,0,0,0,0,0,0,0,0,0,0,0,0,0,0,0,0,0,0,0,0,0,0,0,0,0,0,0,0,0,0,0,0,0,0,0,0,0,0,0,0,0,0,0,0,0,0,0,0,0,0,0,0,0,0,0,0,0,0,0,0,0,0,0,0,0,0,0,0,0,0,0,0,0,0,0,0,0,0,0,0,0,0,0,0,0,0,0,0,0,0,0,0,0,0,0,0,0,0,0,0,0,0,0,0,0,0,0,0,0,0,0,0,0,0,0,0,0,0,0,0,0,0,0,0,0,0,0,0,0,0,0,0,0,0,0,0,0,0,0,0,0,0,0,0,0,0,0,0,0,0,0,0,0,0,0,0,0,0,0,0,0,0,0,0,0,0,0,0,0,0,0,0,0,0,0,0,0,0,0,0,0,0,0,0,0,0
2475,0,0,0,0,0,0,0,0,0,0,0,0,0,0,0,0,0,0,0,0,0,0,0,0,0,0,0,0,0,0,0,0,0,0,0,0,0,0,0,0,0,0,0,0,0,0,0,0,0,0,0,0,0,0,0,0,0,0,0,0,0,0,0,0,0,0,0,0,0,0,0,0,0,0,0,0,0,0,0,0,0,0,0,0,0,0,0,0,0,0,0,0,0,0,0,0,0,0,0,0,0,0,0,0,0,0,0,0,0,0,0,0,0,0,0,0,0,0,0,0,0,0,0,0,0,0,0,0,0,0,0,0,0,0,0,0,0,0,0,0,0,0,0,0,0,0,0,0,0,0,0,0,0,0,0,0,0,0,0,0,0,0,0,0,0,0,0,0,0,0,0,0,0,0,0,0,0,0,0,0,0,0,0,0,0,0,0,0,0,0,0,0,0,0,0,0,0,0,0,0
2476,0,0,0,0,0,0,0,0,0,0,0,0,0,0,0,0,0,0,0,0,0,0,0,0,0,0,0,0,0,0,0,0,0,0,0,0,0,0,0,0,0,0,0,0,0,0,0,0,0,0,0,0,0,0,0,0,0,0,0,0,0,0,0,0,0,0,0,0,0,0,0,0,0,0,0,0,0,0,0,0,0,0,0,0,0,0,0,0,0,0,0,0,0,0,0,0,0,0,0,0,0,0,0,0,0,0,0,0,0,0,0,0,0,0,0,0,0,0,0,0,0,0,0,0,0,0,0,0,0,0,0,0,0,0,0,0,0,0,0,0,0,0,0,0,0,0,0,0,0,0,0,0,0,0,0,0,0,0,0,0,0,0,0,0,0,0,0,0,0,0,0,0,0,0,0,0,0,0,0,0,0,0,0,0,0,0,0,0,0,0,0,0,0,0,0,0,0,0,0,0
2477,0,0,0,0,0,0,0,0,0,0,0,0,0,0,0,0,0,0,0,0,0,0,0,0,0,0,0,0,0,0,0,0,0,0,0,0,0,0,0,0,0,0,0,0,0,0,0,0,0,0,0,0,0,0,0,0,0,0,0,0,0,0,0,0,0,0,0,0,0,0,0,0,0,0,0,0,0,0,0,0,0,0,0,0,0,0,0,0,0,0,0,0,0,0,0,0,0,0,0,0,0,0,0,0,0,0,0,0,0,0,0,0,0,0,0,0,0,0,0,0,0,0,0,0,0,0,0,0,0,0,0,0,0,0,0,0,0,0,0,0,0,0,0,0,0,0,0,0,0,0,0,0,0,0,0,0,0,0,0,0,0,0,0,0,0,0,0,0,0,0,0,0,0,0,0,0,0,0,0,0,0,0,0,0,0,0,0,0,0,0,0,0,0,0,0,0,0,0,0,0
2478,0,0,0,0,0,0,0,0,0,0,0,0,0,0,0,0,0,0,0,0,0,0,0,0,0,0,0,0,0,0,0,0,0,0,0,0,0,0,0,0,0,0,0,0,0,0,0,0,0,0,0,0,0,0,0,0,0,0,0,0,0,0,0,0,0,0,0,0,0,0,0,0,0,0,0,0,0,0,0,0,0,0,0,0,0,0,0,0,0,0,0,0,0,0,0,0,0,0,0,0,0,0,0,0,0,0,0,0,0,0,0,0,0,0,0,0,0,0,0,0,0,0,0,0,0,0,0,0,0,0,0,0,0,0,0,0,0,0,0,0,0,0,0,0,0,0,0,0,0,0,0,0,0,0,0,0,0,0,0,0,0,0,0,0,0,0,0,0,0,0,0,0,0,0,0,0,0,0,0,0,0,0,0,0,0,0,0,0,0,0,0,0,0,0,0,0,0,0,0,0
2479,0,0,0,0,0,0,0,0,0,0,0,0,0,0,0,0,0,0,0,0,0,0,0,0,0,0,0,0,0,0,0,0,0,0,0,0,0,0,0,0,0,0,0,0,0,0,0,0,0,0,0,0,0,0,0,0,0,0,0,0,0,0,0,0,0,0,0,0,0,0,0,0,0,0,0,0,0,0,0,0,0,0,0,0,0,0,0,0,0,0,0,0,0,0,0,0,0,0,0,0,0,0,0,0,0,0,0,0,0,0,0,0,0,0,0,0,0,0,0,0,0,0,0,0,0,0,0,0,0,0,0,0,0,0,0,0,0,0,0,0,0,0,0,0,0,0,0,0,0,0,0,0,0,0,0,0,0,0,0,0,0,0,0,0,0,0,0,0,0,0,0,0,0,0,0,0,0,0,0,0,0,0,0,0,0,0,0,0,0,0,0,0,0,0,0,0,0,0,0,0
2480,0,0,0,0,0,0,0,0,0,0,0,0,0,0,0,0,0,0,0,0,0,0,0,0,0,0,0,0,0,0,0,0,0,0,0,0,0,0,0,0,0,0,0,0,0,0,0,0,0,0,0,0,0,0,0,0,0,0,0,0,0,0,0,0,0,0,0,0,0,0,0,0,0,0,0,0,0,0,0,0,0,0,0,0,0,0,0,0,0,0,0,0,0,0,0,0,0,0,0,0,0,0,0,0,0,0,0,0,0,0,0,0,0,0,0,0,0,0,0,0,0,0,0,0,0,0,0,0,0,0,0,0,0,0,0,0,0,0,0,0,0,0,0,0,0,0,0,0,0,0,0,0,0,0,0,0,0,0,0,0,0,0,0,0,0,0,0,0,0,0,0,0,0,0,0,0,0,0,0,0,0,0,0,0,0,0,0,0,0,0,0,0,0,0,0,0,0,0,0,0
2481,0,0,0,0,0,0,0,0,0,0,0,0,0,0,0,0,0,0,0,0,0,0,0,0,0,0,0,0,0,0,0,0,0,0,0,0,0,0,0,0,0,0,0,0,0,0,0,0,0,0,0,0,0,0,0,0,0,0,0,0,0,0,0,0,0,0,0,0,0,0,0,0,0,0,0,0,0,0,0,0,0,0,0,0,0,0,0,0,0,0,0,0,0,0,0,0,0,0,0,0,0,0,0,0,0,0,0,0,0,0,0,0,0,0,0,0,0,0,0,0,0,0,0,0,0,0,0,0,0,0,0,0,0,0,0,0,0,0,0,0,0,0,0,0,0,0,0,0,0,0,0,0,0,0,0,0,0,0,0,0,0,0,0,0,0,0,0,0,0,0,0,0,0,0,0,0,0,0,0,0,0,0,0,0,0,0,0,0,0,0,0,0,0,0,0,0,0,0,0,0
2482,0,0,0,0,0,0,0,0,0,0,0,0,0,0,0,0,0,0,0,0,0,0,0,0,0,0,0,0,0,0,0,0,0,0,0,0,0,0,0,0,0,0,0,0,0,0,0,0,0,0,0,0,0,0,0,0,0,0,0,0,0,0,0,0,0,0,0,0,0,0,0,0,0,0,0,0,0,0,0,0,0,0,0,0,0,0,0,0,0,0,0,0,0,0,0,0,0,0,0,0,0,0,0,0,0,0,0,0,0,0,0,0,0,0,0,0,0,0,0,0,0,0,0,0,0,0,0,0,0,0,0,0,0,0,0,0,0,0,0,0,0,0,0,0,0,0,0,0,0,0,0,0,0,0,0,0,0,0,0,0,0,0,0,0,0,0,0,0,0,0,0,0,0,0,0,0,0,0,0,0,0,0,0,0,0,0,0,0,0,0,0,0,0,0,0,0,0,0,0,0
2483,0,0,0,0,0,0,0,0,0,0,0,0,0,0,0,0,0,0,0,0,0,0,0,0,0,0,0,0,0,0,0,0,0,0,0,0,0,0,0,0,0,0,0,0,0,0,0,0,0,0,0,0,0,0,0,0,0,0,0,0,0,0,0,0,0,0,0,0,0,0,0,0,0,0,0,0,0,0,0,0,0,0,0,0,0,0,0,0,0,0,0,0,0,0,0,0,0,0,0,0,0,0,0,0,0,0,0,0,0,0,0,0,0,0,0,0,0,0,0,0,0,0,0,0,0,0,0,0,0,0,0,0,0,0,0,0,0,0,0,0,0,0,0,0,0,0,0,0,0,0,0,0,0,0,0,0,0,0,0,0,0,0,0,0,0,0,0,0,0,0,0,0,0,0,0,0,0,0,0,0,0,0,0,0,0,0,0,0,0,0,0,0,0,0,0,0,0,0,0,0
2484,0,0,0,0,0,0,0,0,0,0,0,0,0,0,0,0,0,0,0,0,0,0,0,0,0,0,0,0,0,0,0,0,0,0,0,0,0,0,0,0,0,0,0,0,0,0,0,0,0,0,0,0,0,0,0,0,0,0,0,0,0,0,0,0,0,0,0,0,0,0,0,0,0,0,0,0,0,0,0,0,0,0,0,0,0,0,0,0,0,0,0,0,0,0,0,0,0,0,0,0,0,0,0,0,0,0,0,0,0,0,0,0,0,0,0,0,0,0,0,0,0,0,0,0,0,0,0,0,0,0,0,0,0,0,0,0,0,0.0000000000,0,0,0,0,0,0,0,0,0,0,0,0,0,0,0,0,0,0,0,0,0,0,0,0,0,0,0,0,0,0,0,0,0,0,0,0,0,0,0,0,0,0,0,0,0,0,0,0,0,0,0,0,0,0,0,0,0,0,0,0,0,0
2485,0,0,0,0,0,0,0,0,0,0,0,0,0,0,0,0,0,0,0,0,0,0,0,0,0,0,0,0,0,0,0,0,0,0,0,0,0,0,0,0,0,0,0,0,0,0,0,0,0,0,0,0,0,0,0,0,0,0,0,0,0,0,0,0,0,0,0,0,0,0,0,0,0,0,0,0,0,0,0,0,0,0,0,0,0,0,0,0,0,0,0.0000000000,0,0,0,0,0,0,0,0,0,0,0,0,0,0,0,0,0,0,0,0,0,0,0,0,0,0,0,0,0,0,0,0,0,0,0,0,0,0,0,0,0,0,0,0,0,0,0,0,0,0,0,0,0,0,0,0,0,0,0,0,0,0,0,0,0,0,0,0,0,0,0,0,0,0,0,0,0,0,0,0,0,0,0,0,0,0,0,0,0,0,0,0,0,0,0,0,0,0,0,0,0,0,0,0,0,0,0,0,0
2486,0,0,0,0,0,0,0,0,0,0,0,0,0,0,0,0,0,0,0,0,0,0,0,0,0,0,0,0,0,0,0,0,0,0,0,0,0,0,0,0,0,0,0,0,0,0,0,0,0,0,0,0,0,0,0,0,0,0,0,0,0,0,0,0,0,0,0,0,0,0,0,0,0,0,0,0,0,0,0,0,0,0,0,0,0,0,0,0,0,0,0,0,0,0,0,0,0,0,0,0,0,0,0,0,0,0,0,0,0,0,0,0,0,0,0,0,0,0,0,0,0,0,0,0,0,0,0,0,0,0,0,0,0,0,0,0,0,0,0,0,0,0,0,0,0,0,0,0,0,0,0,0,0,0,0,0,0,0,0,0,0,0,0,0,0,0,0,0,0,0,0,0,0,0,0,0,0,0,0,0,0,0,0,0,0,0,0,0,0,0,0,0,0,0,0,0,0,0,0,0
2487,0,0,0,0,0,0,0,0,0,0,0,0,0,0,0,0,0,0,0,0,0,0,0,0,0,0,0,0,0,0,0,0,0,0,0,0,0,0,0,0,0,0,0,0,0,0,0,0,0,0,0,0,0,0,0,0,0,0,0,0,0,0,0,0,0,0,0,0,0,0,0,0,0,0,0,0,0,0,0,0,0,0,0,0,0,0,0,0,0,0,0,0,0,0,0,0,0,0,0,0,0,0,0,0,0,0,0,0,0,0,0,0,0,0,0,0,0,0,0,0,0,0,0,0,0,0,0,0,0,0,0,0,0,0,0,0,0,0,0,0,0,0,0,0,0,0,0,0,0,0,0,0,0,0,0,0,0,0,0,0,0,0,0,0,0,0,0,0,0,0,0,0,0,0,0,0,0,0,0,0,0,0,0,0,0,0,0,0,0,0,0,0,0,0,0,0,0,0,0,0
2488,0,0,0,0,0,0,0,0,0,0,0,0,0,0,0,0,0,0,0,0,0,0,0,0,0,0,0,0,0,0,0,0,0,0,0,0,0,0,0,0,0,0,0,0,0,0,0,0,0,0,0,0,0,0,0,0,0,0,0,0,0,0,0,0,0,0,0,0,0,0,0,0,0,0,0,0,0,0,0,0,0,0,0,0,0,0,0,0,0,0,0,0,0,0,0,0,0,0,0,0,0,0,0,0,0,0,0,0,0,0,0,0,0,0,0,0,0,0,0,0,0,0,0,0,0,0,0,0,0,0,0,0,0,0,0,0,0,0,0,0,0,0,0,0,0,0,0,0,0,0,0,0,0,0,0,0,0,0,0,0,0,0,0,0,0,0,0,0,0,0,0,0,0,0,0,0,0,0,0,0,0,0,0,0,0,0,0,0,0,0,0,0,0,0,0,0,0,0,0,0
2489,0,0,0,0,0,0,0,0,0,0,0,0,0,0,0,0,0,0,0,0,0,0,0,0,0,0,0,0,0,0,0,0,0,0,0,0,0,0,0,0,0,0,0,0,0,0,0,0,0,0,0,0,0,0,0,0,0,0,0,0,0,0,0,0,0,0,0,0,0,0,0,0,0,0,0,0,0,0,0,0,0,0,0,0,0,0,0,0,0,0,0,0,0,0,0,0,0,0,0,0,0,0,0,0,0,0,0,0,0,0,0,0,0,0,0,0,0,0,0,0,0,0,0,0,0,0,0,0,0,0,0,0,0,0,0,0,0,0,0,0,0,0,0,0,0,0,0,0,0,0,0,0,0,0,0,0,0,0,0,0,0,0,0,0,0,0,0,0,0,0,0,0,0,0,0,0,0,0,0,0,0,0,0,0,0,0,0,0,0,0,0,0,0,0,0,0,0,0,0,0
2490,0,0,0,0,0,0,0,0,0,0,0,0,0,0,0,0,0,0,0,0,0,0,0,0,0,0,0,0,0,0,0,0,0,0,0,0,0,0,0,0,0,0,0,0,0,0,0,0,0,0,0,0,0,0,0,0,0,0,0,0,0,0,0,0,0,0,0,0,0,0,0,0,0,0,0,0,0,0,0,0,0,0,0,0,0,0,0,0,0,0,0,0,0,0,0,0,0,0,0,0,0,0,0,0,0,0,0,0,0,0,0,0,0,0,0,0,0,0,0,0,0,0,0,0,0,0,0,0,0,0,0,0,0,0,0,0,0,0,0,0,0,0,0,0,0,0,0,0,0,0,0,0,0,0,0,0,0,0,0,0,0,0,0,0,0,0,0,0,0,0,0,0,0,0,0,0,0,0,0,0,0,0,0,0,0,0,0,0,0,0,0,0,0,0,0,0,0,0,0,0
2491,0,0,0,0,0,0,0,0,0,0,0,0,0,0,0,0,0,0,0,0,0,0,0,0,0,0,0,0,0,0,0,0,0,0,0,0,0,0,0,0,0,0,0,0,0,0,0,0,0,0,0,0,0,0,0,0,0,0,0,0,0,0,0,0,0,0,0,0,0,0,0,0,0,0,0,0,0,0,0,0,0,0,0,0,0,0,0,0,0,0,0,0,0,0,0,0,0,0,0,0,0,0,0,0,0,0,0,0,0,0,0,0,0,0,0,0,0,0,0,0,0,0,0,0,0,0,0,0,0,0,0,0,0,0,0,0,0,0,0,0,0,0,0,0,0,0,0,0,0,0,0,0,0,0,0,0,0,0,0,0,0,0,0,0,0,0,0,0,0,0,0,0,0,0,0,0,0,0,0,0,0,0,0,0,0,0,0,0,0,0,0,0,0,0,0,0,0,0,0,0
2492,0,0,0,0,0,0,0,0,0,0,0,0,0,0,0,0,0,0,0,0,0,0,0,0,0,0,0,0,0,0,0,0,0,0,0,0,0,0,0,0,0,0,0,0,0,0,0,0,0,0,0,0,0,0,0,0,0,0,0,0,0,0,0,0,0,0,0,0,0,0,0,0,0,0,0,0,0,0,0,0,0,0,0,0,0,0,0,0,0,0,0,0,0,0,0,0,0,0,0,0,0,0,0,0,0,0,0,0,0,0,0,0,0,0,0,0,0,0,0,0,0,0,0,0,0,0,0,0,0,0,0,0,0,0,0,0,0,0,0,0,0,0,0,0,0,0,0,0,0,0,0,0,0,0,0,0,0,0,0,0,0,0,0,0,0,0,0,0,0,0,0,0,0,0,0,0,0,0,0,0,0,0,0,0,0,0,0,0,0,0,0,0,0,0,0,0,0,0,0,0
2493,0,0,0,0,0,0,0,0,0,0,0,0,0,0,0,0,0,0,0,0,0,0,0,0,0,0,0,0,0,0,0,0,0,0,0,0,0,0,0,0,0,0,0,0,0,0,0,0,0,0,0,0,0,0,0,0,0,0,0,0,0,0,0,0,0,0,0,0,0,0,0,0,0,0,0,0,0,0,0,0,0,0,0,0,0,0,0,0,0,0,0,0,0,0,0,0,0,0,0,0,0,0,0,0,0,0,0,0,0,0,0,0,0,0,0,0,0,0,0,0,0,0,0,0,0,0,0,0,0,0,0,0,0,0,0,0,0,0,0,0,0,0,0,0,0,0,0,0,0,0,0,0,0,0,0,0,0,0,0,0,0,0,0,0,0,0,0,0,0,0,0,0,0,0,0,0,0,0,0,0,0,0,0,0,0,0,0,0,0,0,0,0,0,0,0,0,0,0,0,0
2494,0,0,0,0,0,0,0,0,0,0,0,0,0,0,0,0,0,0,0,0,0,0,0,0,0,0,0,0,0,0,0,0,0,0,0,0,0,0,0,0,0,0,0,0,0,0,0,0,0,0,0,0,0,0,0,0,0,0,0,0,0,0,0,0,0,0,0,0,0,0,0,0,0,0,0,0,0,0,0,0,0,0,0,0,0,0,0,0,0,0,0,0,0,0,0,0,0,0,0,0,0,0,0,0,0,0,0,0,0,0,0,0,0,0,0,0,0,0,0,0,0,0,0,0,0,0,0,0,0,0,0,0,0,0,0,0,0,0,0,0,0,0,0,0,0,0,0,0,0,0,0,0,0,0,0,0,0,0,0,0,0,0,0,0,0,0,0,0,0,0,0,0,0,0,0,0,0,0,0,0,0,0,0,0,0,0,0,0,0,0,0,0,0,0,0,0,0,0,0,0
2495,0,0,0,0,0,0,0,0,0,0,0,0,0,0,0,0,0,0,0,0,0,0,0,0,0,0,0,0,0,0,0,0,0,0,0,0,0,0,0,0,0,0,0,0,0,0,0,0,0,0,0,0,0,0,0,0,0,0,0,0,0,0,0,0,0,0,0,0,0,0,0,0,0,0,0,0,0,0,0,0,0,0,0,0,0,0,0,0,0,0,0,0,0,0,0,0,0,0,0,0,0,0,0,0,0,0,0,0,0,0,0,0,0,0,0,0,0,0,0,0,0,0,0,0,0,0,0,0,0,0,0,0,0,0,0,0,0,0,0,0,0,0,0,0,0,0,0,0,0,0,0,0,0,0,0,0,0,0,0,0,0,0,0,0,0,0,0,0,0,0,0,0,0,0,0,0,0,0,0,0,0,0,0,0,0,0,0,0,0,0,0,0,0,0,0,0,0,0,0,0
2496,52287.1733874186,107736.7601639744,41132.2175161545,115189.7688264010,70548.1663693909,33758.7540748468,79080.2687490831,20047.8289025389,94642.9405668182,62523.0508543872,76640.7382515796,99223.1260679302,45256.8169165653,40352.6329617442,13217.8686006559,84138.7861612038,71386.5068219271,45006.2596133607,85278.4046494383,17114.0828468224,61929.5000580446,71150.2536446653,39996.5332284434,79373.2549432596,20861.4941700767,74029.7691509692,60543.5679316011,53513.4261545259,53640.1979631662,22075.4237142261,1608.9126055325,101141.2543920882,39098.6269526907,82139.9243865818,62341.4640281563,25673.4187943110,87908.5416450984,49654.5999350978,33097.4570192183,70388.8003773598,78944.3120681205,90405.0946664067,58501.0623967760,26869.2211198460,33663.3625736429,92778.3153498761,62337.6345791227,81617.8302355239,73839.3406068151,71865.3163252315,79133.6907772122,67477.1547642446,49103.8558898525,26335.4942774349,30639.1556562460,51443.0727885417,70768.1105713278,60124.9872444928,56218.4713707552,70994.8780307820,70460.6902003985,10223.5642200974,62620.3185711865,44170.3581523733,38082.3404627191,16510.2843439853,60001.8573168887,22145.2284094493,21968.1431876803,62988.8428136308,14516.4648151770,94469.2810887356,52977.4515234710,33046.9603753245,62959.6810645477,36385.8663107972,100630.7465685645,71432.2770163615,44596.9174373684,48739.2199857169,71374.8926843669,34128.4976819330,60877.3387807456,66578.6320928885,41990.1313861819,81999.7584837703,70461.7603192767,13231.8743575740,27221.4991407296,18310.9578607370,4333.0276793203,21341.1465602261,26796.2502835246,80063.1638720817,52025.8202234177,93733.1160204330,87707.0409497634,14017.8150268717,76810.0760949007,69548.1092796892,52105.7392547825,47239.5203637889,100127.7355141571,26382.1365416989,74855.1538770467,44715.0812917422,16555.6759520731,43531.7181080798,54876.4712713291,28344.5037735421,75833.5059889907,46093.3466507930,87733.2231152823,33086.1236889885,86102.8198872292,81547.0743953914,66096.6809900021,37546.6773815440,63226.1548119292,66582.2530015763,43128.9160412167,42844.4120696781,59637.8161752516,67167.3229489830,87015.7506047968,58275.6501247644,64941.4402521885,78226.3955092198,55634.0333194716,31090.2911807422,53640.7807001927,78410.9259093089,69888.5759169394,63842.4668244651,67930.2168060599,63877.2856213561,46046.6997313821,47403.2601440979,77112.8015869326,56113.9330046739,77774.4988438622,23975.1747032651,24219.7459269807,16377.7081568560,39035.6436475403,63703.4373219372,72247.7725278152,79861.5574933494,52990.1163618454,75666.8211475936,72822.1740106242,10903.9973467128,73138.8406882730,20894.0620191526,19199.9936797363,12538.5121397098,75526.9159431084,66125.1072506413,14192.6209179314,38750.7966886729,50913.7384838796,64595.4140971334,65481.7388811674,38008.8910148481,113221.3356692956,31072.0248483223,57320.0055355378,57463.6461430495,52480.2950446337,28551.4958409845,75727.9696442912,55863.8137978247,4231.8452558659,22093.5798708765,61344.4200596960,20530.5756839852,65667.0490242347,57865.6065589036,50960.3463085580,38277.2547560295,64950.4758584395,18107.1032445955,16882.8654982949,67152.3612526413,73850.8412171257,28906.3748932864,45948.6964005955,77664.5316235246,69635.7585060828,47515.2253432988,71810.2385139360,737.7237487339,41348.3690586165,32026.9658641956,36508.1690321947,39438.8912594830,49969.6379336764,3829.1697638179,11546.0641338878,21359.2060580401
2497,0,0,0,0,0,0,0,0,0,0,0,0,0,0,0,0,0,0,0,0,0,0,0,0,0,0,0,0,0,0,0,0,0,0,0,0,0,0,0,0,0,0,0,0,0,0,0,0,0,0,0,0,0,0,0,0,0,0,0,0,0,0,0,0,0,0,0,0,0,0,0,0,0,0,0,0,0,0,0,0,0,0,0,0,0,0,0,0,0,0,0,0,0,0,0,0,0,0,0,0,0,0,0,0,0,0,0,0,0,0,0,0,0,0,0,0,0,0,0,0,0,0,0,0,0,0,0,0,0,0,0,0,0,0,0,0,0,0,0,0,0,0,0,0,0,0,0,0,0,0,0,0,0,0,0,0,0,0,0,0,0,0,0,0,0,0,0,0,0,0,0,0,0,0,0,0,0,0,0,0,0,0,0,0,0,0,0,0,0,0,0,0,0,0,0,0,0,0,0,0
2498,0,0,0,0,0,0,0,0,0,0,0,0,0,0,0,0,0,0,0,0,0,0,0,0,0,0,0,0,0,0,0,0,0,0,0,0,0,0,0,0,0,0,0,0,0,0,0,0,0,0,0,0,0,0,0,0,0,0,0,0,0,0,0,0,0,0,0,0,0,0,0,0,0,0,0,0,0,0,0,0,0,0,0,0,0,0,0,0,0,0,0,0,0,0,0,0,0,0,0,0,0,0,0,0,0,0,0,0,0,0,0,0,0,0,0,0,0,0,0,0,0,0,0,0,0,0,0,0,0,0,0,0,0,0,0,0,0,0,0,0,0,0,0,0,0,0,0,0,0,0,0,0,0,0,0,0,0,0,0,0,0,0,0,0,0,0,0,0,0,0,0,0,0,0,0,0,0,0,0,0,0,0,0,0,0,0,0,0,0,0,0,0,0,0,0,0,0,0,0,0
2499,72971.2294427410,97692.5496240978,41230.5369940593,130393.3318312550,75955.7346912105,46673.9482876807,61322.6896147046,29326.0981919718,114122.5956667329,55280.8703629587,91024.7302600566,96158.6609705993,60395.9518151434,25792.6558940171,13820.4891541875,71689.6724796816,89953.1255949846,51214.3434215770,78143.7264823819,34232.9146368312,47748.9466203788,69794.5200935951,36590.6045459786,89340.2595482365,10675.3508525273,94512.4272230888,71352.1186262588,71962.5206480823,53132.9799449402,29781.8312108200,22524.0941952311,94203.6752713333,58826.0330296844,99083.8917781999,77995.8690276582,10278.6362104300,100306.9384328006,39230.4588753573,46086.7493409936,59050.1719383756,63813.3503360280,108668.0317660940,62611.0963018926,23928.5485853087,37973.2638418180,82979.4082923554,82171.4865044108,101124.7898853759,68701.9510475775,84099.1418789651,69639.8470742279,50466.1468045525,59635.7757425608,45274.1926295145,11590.0183615326,46382.5340162229,79205.3000278410,67710.0537912820,69880.4852395227,72871.5752722899,87451.2134335179,11738.6029739073,59295.1638098676,65312.1502553267,55649.8133368846,18905.8914616169,49555.2028632331,20438.4440853796,37360.5950291586,83702.2604851011,32073.1680826527,89600.0204069833,69438.6083566172,23150.9648670091,81019.4326591167,45201.8709574285,91846.4552201766,91188.9594016408,45216.9736235992,68440.0355269084,63806.3719465509,50309.7645297203,61951.7609634839,80500.1867644016,54661.8699756386,100546.9466658819,56308.1825023258,28328.9887251943,37988.4371704356,2880.2743544857,21368.4438796155,23777.9615521546,37878.5149605059,91807.3884682859,59339.0322423528,86217.5930228301,101558.1314432783,21882.3207502588,63676.2888963361,80052.4203314138,54770.9978630360,33721.6846824878,89606.5261886122,30589.2554458365,90721.8463699626,37622.6319812643,25349.4177615151,64109.7759575896,46772.7327948721,14938.8431846188,93546.6076107410,64523.1354160220,106754.8923928401,32497.4904636782,77187.0015192824,94773.4137824765,69833.4280085042,30671.1484708992,75709.1161378424,57178.2827618951,52306.9646543790,32249.7162056073,78660.2760130671,61672.1887042406,81476.1679787070,53237.7331859372,52591.5130215648,70731.0461726703,75707.3247326638,19754.0600025525,65561.2475958400,66992.9627712039,66615.5164612744,72906.9316559282,88215.1978595165,62792.5263433255,62873.0880895844,45013.2015030520,97135.5400641915,65720.9962758210,86341.6205626650,12494.5288119179,17073.8697575567,14551.0448108639,53815.6252309166,69500.3118570142,56593.4448492177,73927.6303776641,40046.9563206278,94748.8486603437,63123.0100637532,15173.0209405175,80005.5496818503,39083.6873420845,31612.1472271870,28500.0122258353,88733.5469594584,73488.8045567462,13280.7825979530,38625.3024569118,55900.8211955587,48864.3519085871,84468.4366900215,49240.2210730333,129091.4366115628,38703.5644708919,63425.5490361732,74579.3958153841,67388.2862076240,42965.6395969500,86790.2032218841,52902.4235708416,31688.8736975186,12562.1230779644,75706.8594173720,23981.6205180354,67653.5434040038,78485.3159474626,68513.7940088817,26454.3559222045,82175.8009522017,24173.6770535375,33743.8676614491,82264.7957461016,83372.2237340680,45626.1605479067,41108.5455160737,94212.0846004647,87437.9800996702,68374.2616448855,85917.8203053126,17392.3209818848,57725.9999815519,27485.4437447739,50974.9319381362,58204.6376325122,42826.9010597326,26128.9840792899,19000.1728544809,22241.2632971570
2500,0,0,0,0,0,0,0,0,0,0,0,0,0,0,0,0,0,0,0,0,0,0,0,0,0,0,0,0,0,0,0,0,0,0,0,0,0,0,0,0,0,0,0,0,0,0,0,0,0,0,0,0,0,0,0,0,0,0,0,0,0,0,0,0,0,0,0,0,0,0,0,0,0,0,0,0,0,0,0,0,0,0,0,0,0,0,0,0,0,0,0,0,0,0,0,0,0,0,0,0,0,0,0,0,0,0,0,0,0,0,0,0,0,0,0,0,0,0,0,0,0,0,0,0,0,0,0,0,0,0,0,0,0,0,0,0,0,0,0,0,0,0,0,0,0,0,0,0,0,0,0,0,0,0,0,0,0,0,0,0,0,0,0,0,0,0,0,0,0,0,0,0,0,0,0,0,0,0,0,0,0,0,0,0,0,0,0,0,0,0,0,0,0,0,0,0,0,0,0,0
2501,0,0,0,0,0,0,0,0,0,0,0,0,0,0,0,0,0,0,0,0,0,0,0,0,0,0,0,0,0,0,0,0,0,0,0,0,0,0,0,0,0,0,0,0,0,0,0,0,0,0,0,0,0,0,0,0,0,0,0,0,0,0,0,0,0,0,0,0,0,0,0,0,0,0,0,0,0,0,0,0,0,0,0,0,0,0,0,0,0,0,0,0,0,0,0,0,0,0,0,0,0,0,0,0,0,0,0,0,0,0,0,0,0,0,0,0,0,0,0,0,0,0,0,0,0,0,0,0,0,0,0,0,0,0,0,0,0,0,0,0,0,0,0,0,0,0,0,0,0,0,0,0,0,0,0,0,0,0,0,0,0,0,0,0,0,0,0,0,0,0,0,0,0,0,0,0,0,0,0,0,0,0,0,0,0,0,0,0,0,0,0,0,0,0,0,0,0,0,0,0
2502,104409.5458569053,31920.6924992715,70667.1151354676,121522.1836562945,50799.5006776455,109244.7056673805,36480.3283817544,60329.1467553510,128937.6109728008,14382.4239371702,88345.7783481220,37562.8062970566,74167.4066803753,41091.3315147281,78137.4300552212,13889.9245807446,104787.1126536698,49145.1584827095,14076.9609299760,89934.9069757960,23312.2650491566,27982.4283369697,36894.3181734585,72028.2045788721,57969.5351336118,119714.4294084748,65527.4412973099,91843.9844909501,32211.1841221445,94367.3648992756,73358.8867731374,28867.4482452789,89221.9346089199,104153.2236948076,84794.5852597340,67970.2646846265,87479.1562350723,27175.4245325680,64717.1515207876,9322.9752803236,23227.2532530844,117703.2412426902,43599.5910083718,48992.5397350182,48805.5765644344,16962.0217274172,105687.2119497476,118442.3748853066,15477.5415297604,76500.7391595453,2905.5696702312,32026.7142992217,60885.8101727264,101013.5669330530,56256.9809987173,26000.6702273092,61625.6515880327,54606.8812842994,73745.9747025266,38843.8863022394,96011.9317829739,68417.2045350715,22455.6970242430,103044.8559763630,79565.5335007621,59339.8105335231,16803.4737251539,86653.2443593128,97749.3043419545,112938.5476773424,81205.9919608286,28153.9279146747,82788.4435679849,44028.4367077130,96131.4953211968,55614.1860819640,25500.1653646611,112093.1438268750,38227.2427067443,95235.7936008473,7667.6450370488,109870.9101094560,34872.0588863585,80165.6113239566,65433.5163937930,112729.1190510106,19329.1009509702,88632.6789959805,60341.4176109486,65987.4427362386,79494.2132976878,78225.3316290744,101359.4611398503,79517.9787267495,52117.9663347433,20667.4122252147,93644.0118958455,85427.6379589659,14301.7208803131,68609.6367832993,39908.9039091117,33292.9229723983,24357.4392682360,52561.4485867064,93750.6164313118,31131.4776502286,67617.8084550712,97216.9419875072,20975.3387545901,51549.1654723154,103452.6791792540,87237.1561799778,120179.7866407585,44337.5611013035,10877.8837084810,86644.6264102889,43726.9311556914,38305.2504547631,72788.5860320268,9310.8289817653,56300.4388935096,34252.3268761415,98888.0604881592,15129.8386897091,20271.4723645657,20896.9904797799,16032.3393688751,8162.1001048780,102341.8296911218,62502.1568997736,66619.8563595982,14180.7472672332,21506.0625797489,60824.9191389762,113192.3925988045,28459.4863084966,80606.8831369312,32165.4274007360,118491.9686446729,59916.9940129054,65732.1471721277,59976.8965502782,52462.0138583084,72752.9873537316,70779.5061107596,49820.2411604517,25321.2883285166,14466.4965297735,27184.0616661128,111025.3508143833,1352.9767595541,75244.3305401693,57073.4143910882,96374.4920211275,93972.6488720566,84283.1503029131,82643.0038117227,55859.5175136980,62524.8992767609,40635.3703044862,45805.6405259959,27372.6091365677,102841.2153473304,60993.4432020768,123259.9865072375,54504.5273027708,49363.3026968048,88150.8671284337,76543.8443117058,104287.0219991026,74146.2676755837,26148.8069785532,76393.4816073920,72360.0394221244,78988.4279573916,89464.4270391357,37991.0765491614,108096.7829279052,86211.0090931174,39930.3208558819,93412.2447664306,59027.3259441370,92715.4845686128,85413.5470153198,67183.3136985107,104616.5331208489,30832.8912193240,98925.0966935318,99450.7550484328,102399.6466740787,84064.7925711742,71647.1891548271,76789.9096129797,43835.6386719345,112319.0393118897,84960.9117696835,25979.4918822227,79381.9084870827,64377.6693779352,54682.0687472267
2503,0,0,0,0,0,0,0,0,0,0,0,0,0,0,0,0,0,0,0,0,0,0,0,0,0,0,0,0,0,0,0,0,0,0,0,0,0,0,0,0,0,0,0,0,0,0,0,0,0,0,0,0,0,0,0,0,0,0,0,0,0,0,0,0,0,0,0,0,0,0,0,0,0,0,0,0,0,0,0,0,0,0,0,0,0,0,0,0,0,0,0,0,0,0,0,0,0,0,0,0,0,0,0,0,0,0,0,0,0,0,0,0,0,0,0,0,0,0,0,0,0,0,0,0,0,0,0,0,0,0,0,0,0,0,0,0,0,0,0,0,0,0,0,0,0,0,0,0,0,0,0,0,0,0,0,0,0,0,0,0,0,0,0,0,0,0,0,0,0,0,0,0,0,0,0,0,0,0,0,0,0,0,0,0,0,0,0,0,0,0,0,0,0,0,0,0,0,0,0,0
2504,0,0,0,0,0,0,0,0,0,0,0,0,0,0,0,0,0,0,0,0,0,0,0,0,0,0,0,0,0,0,0,0,0,0,0,0,0,0,0,0,0,0,0,0,0,0,0,0,0,0,0,0,0,0,0,0,0,0,0,0,0,0,0,0,0,0,0,0,0,0,0,0,0,0,0,0,0,0,0,0,0,0,0,0,0,0,0,0,0,0,0,0,0,0,0,0,0,0,0,0,0,0,0,0,0,0,0,0,0,0,0,0,0,0,0,0,0,0,0,0,0,0,0,0,0,0,0,0,0,0,0,0,0,0,0,0,0,0,0,0,0,0,0,0,0,0,0,0,0,0,0,0,0,0,0,0,0,0,0,0,0,0,0,0,0,0,0,0,0,0,0,0,0,0,0,0,0,0,0,0,0,0,0,0,0,0,0,0,0,0,0,0,0,0,0,0,0,0,0,0
2505,0,0,0,0,0,0,0,0,0,0,0,0,0,0,0,0,0,0,0,0,0,0,0,0,0,0,0,0,0,0,0,0,0,0,0,0,0,0,0,0,0,0,0,0,0,0,0,0,0,0,0,0,0,0,0,0,0,0,0,0,0,0,0,0,0,0,0,0,0,0,0,0,0,0,0,0,0,0,0,0,0,0,0,0,0,0,0,0,0,0,0,0,0,0,0,0,0,0,0,0,0,0,0,0,0,0,0,0,0,0,0,0,0,0,0,0,0,0,0,0,0,0,0,0,0,0,0,0,0,0,0,0,0,0,0,0,0,0,0,0,0,0,0,0,0,0,0,0,0,0,0,0,0,0,0,0,0,0,0,0,0,0,0,0,0,0,0,0,0,0,0,0,0,0,0,0,0,0,0,0,0,0,0,0,0,0,0,0,0,0,0,0,0,0,0,0,0,0,0,0
2506,0,0,0,0,0,0,0,0,0,0,0,0,0,0,0,0,0,0,0,0,0,0,0,0,0,0,0,0,0,0,0,0,0,0,0,0,0,0,0,0,0,0,0,0,0,0,0,0,0,0,0,0,0,0,0,0,0,0,0,0,0,0,0,0,0,0,0,0,0,0,0,0,0,0,0,0,0,0,0,0,0,0,0,0,0,0,0,0,0,0,0,0,0,0,0,0,0,0,0,0,0,0,0,0,0,0,0,0,0,0,0,0,0,0,0,0,0,0,0,0,0,0,0,0,0,0,0,0,0,0,0,0,0,0,0,0,0,0,0,0,0,0,0,0,0,0,0,0,0,0,0,0,0,0,0,0,0,0,0,0,0,0,0,0,0,0,0,0,0,0,0,0,0,0,0,0,0,0,0,0,0,0,0,0,0,0,0,0,0,0,0,0,0,0,0,0,0,0,0,0
2507,0,0,0,0,0,0,0,0,0,0,0,0,0,0,0,0,0,0,0,0,0,0,0,0,0,0,0,0,0,0,0,0,0,0,0,0,0,0,0,0,0,0,0,0,0,0,0,0,0,0,0,0,0,0,0,0,0,0,0,0,0,0,0,0,0,0,0,0,0,0,0,0,0,0,0,0,0,0,0,0,0,0,0,0,0,0,0,0,0,0,0,0,0,0,0,0,0,0,0,0,0,0,0,0,0,0,0,0,0,0,0,0,0,0,0,0,0,0,0,0,0,0,0,0,0,0,0,0,0,0,0,0,0,0,0,0,0,0,0,0,0,0,0,0,0,0,0,0,0,0,0,0,0,0,0,0,0,0,0,0,0,0,0,0,0,0,0,0,0,0,0,0,0,0,0,0,0,0,0,0,0,0,0,0,0,0,0,0,0,0,0,0,0,0,0,0,0,0,0,0
2508,0,0,0,0,0,0,0,0,0,0,0,0,0,0,0,0,0,0,0,0,0,0,0,0,0,0,0,0,0,0,0,0,0,0,0,0,0,0,0,0,0,0,0,0,0,0,0,0,0,0,0,0,0,0,0,0,0,0,0,0,0,0,0,0,0,0,0,0,0,0,0,0,0,0,0,0,0,0,0,0,0,0,0,0,0,0,0,0,0,0,0,0,0,0,0,0,0,0,0,0,0,0,0,0,0,0,0,0,0,0,0,0,0,0,0,0,0,0,0,0,0,0,0,0,0,0,0,0,0,0,0,0,0,0,0,0,0,0,0,0,0,0,0,0,0,0,0,0,0,0,0,0,0,0,0,0,0,0,0,0,0,0,0,0,0,0,0,0,0,0,0,0,0,0,0,0,0,0,0,0,0,0,0,0,0,0,0,0,0,0,0,0,0,0,0,0,0,0,0,0
2509,0,0,0,0,0,0,0,0,0,0,0,0,0,0,0,0,0,0,0,0,0,0,0,0,0,0,0,0,0,0,0,0,0,0,0,0,0,0,0,0,0,0,0,0,0,0,0,0,0,0,0,0,0,0,0,0,0,0,0,0,0,0,0,0,0,0,0,0,0,0,0,0,0,0,0,0,0,0,0,0,0,0,0,0,0,0,0,0,0,0,0,0,0,0,0,0,0,0,0,0,0,0,0,0,0,0,0,0,0,0,0,0,0,0,0,0,0,0,0,0,0,0,0,0,0,0,0,0,0,0,0,0,0,0,0,0,0,0,0,0,0,0,0,0,0,0,0,0,0,0,0,0,0,0,0,0,0,0,0,0,0,0,0,0,0,0,0,0,0,0,0,0,0,0,0,0,0,0,0,0,0,0,0,0,0,0,0,0,0,0,0,0,0,0,0,0,0,0,0,0
2510,118627.6041099210,40246.6108038250,61995.4281548149,144508.4375074527,73746.9920355826,111473.2937994180,16655.1357074525,69864.7968274067,148100.2754271573,32617.3538623707,109582.7672444523,59912.7712836285,90951.1925640069,40275.3357421798,78646.0616407861,14303.8180733970,123198.5682876429,66580.7508131800,36271.1623905606,95199.4671000817,18656.7817446337,51685.4565003117,48212.1304236742,94915.4446881752,59927.9122588327,136199.1035258698,86050.8790657954,108436.5001964125,51129.9551053939,94885.7733103712,78956.8766023306,46541.6747120367,102853.9612625273,124558.6622674576,103998.9654613674,64875.8466321043,110271.7967963022,33001.9440120966,79032.4040814945,18321.3155181780,1168.9770008071,137753.4460747251,64602.0574091488,55892.4043435801,61850.9130219776,29894.4196287423,122073.1873522039,136773.1356856745,39662.4653572312,98062.9098311485,24895.2377643517,16022.3808552461,79337.5095811601,106756.0438767411,53599.1379493597,40884.9989739348,84052.6625416694,75649.4754271684,92847.9688803294,62286.2734192124,115409.7276461758,71147.2327004269,43820.3860284002,115351.6192991843,94202.4427301108,65159.3324244864,25666.7740263045,85104.0313112437,101128.6297518203,128126.1670467322,88293.9135076945,49988.9421960222,100381.0866061000,47665.1191470255,114097.4126147403,70681.4366853340,39201.8215274475,129376.9462374577,54040.0473225326,110244.6579733531,30902.7647645386,113983.1154992304,56416.5719149309,100573.2000811559,82022.9467257629,131996.3367912316,10738.4792242176,91756.5509243386,72720.7515782176,66009.0159556708,83073.0303375326,76145.3648244544,102838.2684522851,101972.0526047373,71493.7547830995,39382.3812148608,115919.0739572327,86627.5453524908,10128.1463728923,90414.5756302810,59073.9664988137,33221.4284953328,32397.2566196217,62795.1299471896,114159.1256064469,40610.8002404498,75108.1181833752,110586.9573125319,33250.3572838761,52448.4557634220,122873.1520442658,102811.1105489833,139408.2874068734,54843.9562025069,29688.0569341513,108725.2269071399,66260.2420718092,45636.5769704491,93257.0534463381,25445.5875655291,73368.2427629739,38548.7668378160,115776.0662367668,37485.4880488497,43207.0265726460,39282.1446835336,18490.7352229763,32291.3050855039,117769.6270938660,58129.0081755300,85740.2420143531,17100.4909606195,45028.1222268448,82219.8535790866,129508.4746257625,50649.2593686343,96957.4197242187,47463.1090025861,135885.9170466036,79921.9899833021,88814.3926309467,59283.0795296920,56347.6596410053,72395.9807924696,86376.9927081226,71722.5738573998,14307.2735033797,38604.8318745798,27872.6212398595,129346.8583184227,23495.3315793607,77656.1025930005,80066.0980711934,101245.0108846140,96117.0990206136,89166.9955425475,104232.0499919614,77902.5508417663,66242.8718842235,53676.2112689262,64869.4556007150,16258.1108406404,120358.7157123423,76672.2639646046,145886.0431409404,67584.2999799138,70010.2404221542,106039.2431553627,94658.3163953226,107272.2474175640,96433.1441777682,44872.3576521746,84452.0628178945,70122.8590198147,98587.6057238650,89073.8101758120,60588.9974081790,122986.4752458328,102986.8175367791,42267.6847072797,112115.3809890500,66816.0745163323,96655.1359816034,105411.8457281035,89692.3863906711,108918.0661097219,43378.5742779184,119213.5894203607,118263.0429597330,115780.6127771959,104963.7120159100,75799.3465354120,92462.0101266912,51371.8625217979,115412.7148687229,99284.1804460048,37532.7491078153,84828.0246337066,70068.2473008776,61622.3567487185
2511,0,0,0,0,0,0,0,0,0,0,0,0,0,0,0,0,0,0,0,0,0,0,0,0,0,0,0,0,0,0,0,0,0,0,0,0,0,0,0,0,0,0,0,0,0,0,0,0,0,0,0,0,0,0,0,0,0,0,0,0,0,0,0,0,0,0,0,0,0,0,0,0,0,0,0,0,0,0,0,0,0,0,0,0,0,0,0,0,0,0,0,0,0,0,0,0,0,0,0,0,0,0,0,0,0,0,0,0,0,0,0,0,0,0,0,0,0,0,0,0,0,0,0,0,0,0,0,0,0,0,0,0,0,0,0,0,0,0,0,0,0,0,0,0,0,0,0,0,0,0,0,0,0,0,0,0,0,0,0,0,0,0,0,0,0,0,0,0,0,0,0,0,0,0,0,0,0,0,0,0,0,0,0,0,0,0,0,0,0,0,0,0,0,0,0,0,0,0,0,0
2512,0,0,0,0,0,0,0,0,0,0,0,0,0,0,0,0,0,0,0,0,0,0,0,0,0,0,0,0,0,0,0,0,0,0,0,0,0,0,0,0,0,0,0,0,0,0,0,0,0,0,0,0,0,0,0,0,0,0,0,0,0,0,0,0,0,0,0,0,0,0,0,0,0,0,0,0,0,0,0,0,0,0,0,0,0,0,0,0,0,0,0,0,0,0,0,0,0,0,0,0,0,0,0,0,0,0,0,0,0,0,0,0,0,0,0,0,0,0,0,0,0,0,0,0,0,0,0,0,0,0,0,0,0,0,0,0,0,0,0,0,0,0,0,0,0,0,0,0,0,0,0,0,0,0,0,0,0,0,0,0,0,0,0,0,0,0,0,0,0,0,0,0,0,0,0,0,0,0,0,0,0,0,0,0,0,0,0,0,0,0,0,0,0,0,0,0,0,0,0,0
2513,0,0,0,0,0,0,0,0,0,0,0,0,0,0,0,0,0,0,0,0,0,0,0,0,0,0,0,0,0,0,0,0,0,0,0,0,0,0,0,0,0,0,0,0,0,0,0,0,0,0,0,0,0,0,0,0,0,0,0,0,0,0,0,0,0,0,0,0,0,0,0,0,0,0,0,0,0,0,0,0,0,0,0,0,0,0,0,0,0,0,0,0,0,0,0,0,0,0,0,0,0,0,0,0,0,0,0,0,0,0,0,0,0,0,0,0,0,0,0,0,0,0,0,0,0,0,0,0,0,0,0,0,0,0,0,0,0,0,0,0,0,0,0,0,0,0,0,0,0,0,0,0,0,0,0,0,0,0,0,0,0,0,0,0,0,0,0,0,0,0,0,0,0,0,0,0,0,0,0,0,0,0,0,0,0,0,0,0,0,0,0,0,0,0,0,0,0,0,0,0
2514,0,0,0,0,0,0,0,0,0,0,0,0,0,0,0,0,0,0,0,0,0,0,0,0,0,0,0,0,0,0,0,0,0,0,0,0,0,0,0,0,0,0,0,0,0,0,0,0,0,0,0,0,0,0,0,0,0,0,0,0,0,0,0,0,0,0,0,0,0,0,0,0,0,0,0,0,0,0,0,0,0,0,0,0,0,0,0,0,0,0,0,0,0,0,0,0,0,0,0,0,0,0,0,0,0,0,0,0,0,0,0,0,0,0,0,0,0,0,0,0,0,0,0,0,0,0,0,0,0,0,0,0,0,0,0,0,0,0,0,0,0,0,0,0,0,0,0,0,0,0,0,0,0,0,0,0,0,0,0,0,0,0,0,0,0,0,0,0,0,0,0,0,0,0,0,0,0,0,0,0,0,0,0,0,0,0,0,0,0,0,0,0,0,0,0,0,0,0,0,0
2515,0,0,0,0,0,0,0,0,0,0,0,0,0,0,0,0,0,0,0,0,0,0,0,0,0,0,0,0,0,0,0,0,0,0,0,0,0,0,0,0,0,0,0,0,0,0,0,0,0,0,0,0,0,0,0,0,0,0,0,0,0,0,0,0,0,0,0,0,0,0,0,0,0,0,0,0,0,0,0,0,0,0,0,0,0,0,0,0,0,0,0,0,0,0,0,0,0,0,0,0,0,0,0,0,0,0,0,0,0,0,0,0,0,0,0,0,0,0,0,0,0,0,0,0,0,0,0,0,0,0,0,0,0,0,0,0,0,0,0,0,0,0,0,0,0,0,0,0,0,0,0,0,0,0,0,0,0,0,0,0,0,0,0,0,0,0,0,0,0,0,0,0,0,0,0,0,0,0,0,0,0,0,0,0,0,0,0,0,0,0,0,0,0,0,0,0,0,0,0,0
2516,0,0,0,0,0,0,0,0,0,0,0,0,0,0,0,0,0,0,0,0,0,0,0,0,0,0,0,0,0,0,0,0,0,0,0,0,0,0,0,0,0,0,0,0,0,0,0,0,0,0,0,0,0,0,0,0,0,0,0,0,0,0,0,0,0,0,0,0,0,0,0,0,0,0,0,0,0,0,0,0,0,0,0,0,0,0,0,0,0,0,0,0,0,0,0,0,0,0,0,0,0,0,0,0,0,0,0,0,0,0,0,0,0,0,0,0,0,0,0,0,0,0,0,0,0,0,0,0,0,0,0,0,0,0,0,0,0,0,0,0,0,0,0,0,0,0,0,0,0,0,0,0,0,0,0,0,0,0,0.0000000000,0,0,0,0,0,0,0,0,0,0,0,0,0,0,0,0,0,0,0,0,0,0,0,0,0,0,0,0,0,0,0,0,0,0,0,0,0,0,0,0,0
2517,0,0,0,0,0,0,0,0,0,0,0,0,0,0,0,0,0,0,0,0,0,0,0,0,0,0,0,0,0,0,0,0,0,0,0,0,0,0,0,0,0,0,0,0,0,0,0,0,0,0,0,0,0,0,0,0,0,0,0,0,0,0,0,0,0,0,0,0,0,0,0,0,0,0,0,0,0,0,0,0,0,0,0,0,0,0,0,0,0,0,0,0,0,0,0,0,0,0,0,0,0,0,0,0,0,0,0,0,0,0,0,0,0,0,0,0,0,0,0,0,0,0,0,0,0,0,0,0,0,0,0,0,0,0,0,0,0,0,0,0,0,0,0,0,0,0,0,0,0,0,0,0,0,0,0,0,0,0,0,0,0,0,0,0,0,0,0,0,0,0,0,0,0,0,0,0,0,0,0,0,0,0,0,0,0,0,0,0,0,0,0,0,0,0,0,0,0,0,0,0
2518,0,0,0,0,0,0,0,0,0,0,0,0,0,0,0,0,0,0,0,0,0,0,0,0,0,0,0,0,0,0,0,0,0,0,0,0,0,0,0,0,0,0,0,0,0,0,0,0,0,0,0,0,0,0,0,0,0,0,0,0,0,0,0,0,0,0,0,0,0,0,0,0,0,0,0,0,0,0,0,0,0,0,0,0,0,0,0,0,0,0,0,0,0,0,0,0,0,0,0,0,0,0,0,0,0,0,0,0,0,0,0,0,0,0,0,0,0,0,0,0,0,0,0,0,0,0,0,0,0,0,0,0,0,0,0,0,0,0,0,0,0,0,0,0,0,0,0,0,0,0,0,0,0,0,0,0.0000000000,0,0,0,0,0,0,0,0,0,0,0,0,0,0,0,0,0,0,0,0,0,0,0,0,0,0,0,0,0,0,0,0,0,0,0,0,0,0,0,0,0,0,0,0
2519,0,0,0,0,0,0,0,0,0,0,0,0,0,0,0,0,0,0,0,0,0,0,0,0,0,0,0,0,0,0,0,0,0,0,0,0,0,0,0,0,0,0,0,0,0,0,0,0,0,0,0,0,0,0,0,0,0,0,0,0,0,0,0,0,0,0,0,0,0,0,0,0,0,0,0,0,0,0,0,0,0,0,0,0,0,0,0,0,0,0,0,0,0,0,0,0,0,0,0,0,0,0,0,0,0,0,0,0,0,0,0,0,0,0,0,0,0,0,0,0,0,0,0,0,0,0,0,0,0,0,0,0,0,0,0,0,0,0,0,0,0,0,0,0,0,0,0,0,0,0,0,0,0,0,0,0,0,0,0,0,0,0,0,0,0,0,0,0,0,0,0,0,0,0,0,0,0,0,0,0,0,0,0,0,0,0,0,0,0,0,0,0,0,0,0,0,0,0,0,0
2520,0,0,0,0,0,0,0,0,0,0,0,0,0,0,0,0,0,0,0,0,0,0,0,0,0,0,0,0,0,0,0,0,0,0,0,0,0,0,0,0,0,0,0,0,0,0,0,0,0,0,0,0,0,0,0,0,0,0,0,0,0,0,0,0,0,0,0,0,0,0,0,0,0,0,0,0,0,0,0,0,0,0,0,0,0,0,0,0,0,0,0,0,0,0,0,0,0,0,0,0,0,0,0,0,0,0,0,0,0,0,0,0,0,0,0,0,0,0,0,0,0,0,0,0,0,0,0,0,0,0,0,0,0,0,0,0,0,0,0,0,0,0,0,0,0,0,0,0,0,0,0,0,0,0,0,0,0,0,0,0,0,0,0,0,0,0,0,0,0,0,0,0,0,0,0,0,0,0,0,0,0,0,0,0,0,0,0,0,0,0,0,0,0,0,0,0,0,0,0,0
2521,0,0,0,0,0,0,0,0,0,0,0,0,0,0,0,0,0,0,0,0,0,0,0,0,0,0,0,0,0,0,0,0,0,0,0,0,0,0,0,0,0,0,0,0,0,0,0,0,0,0,0,0,0,0,0,0,0,0,0,0,0,0,0,0,0,0,0,0,0,0,0,0,0,0,0,0,0,0,0,0,0,0,0,0,0,0,0,0,0,0,0,0,0,0,0,0,0,0,0,0,0,0,0,0,0,0,0,0,0,0,0,0,0,0,0,0,0,0,0,0,0,0,0,0,0,0,0,0,0,0,0,0,0,0,0,0,0,0,0,0,0,0,0,0,0,0,0,0,0,0,0,0,0,0,0,0,0,0,0,0,0,0,0,0,0,0,0,0,0,0,0,0,0,0,0,0,0,0,0,0,0,0,0,0,0,0,0,0,0,0,0,0,0,0,0,0,0,0,0,0
2522,102076.4951758102,32806.6616778273,71869.8642053974,118049.7353917683,47361.7040093312,108646.3409574849,39760.0761092998,58955.0793347363,125887.5500961338,12760.9047684312,85073.2975721802,35018.0497480157,71554.0964464304,41694.8490407973,77968.9237898301,17259.3133154952,101863.2202289614,46576.3305264279,12230.6433976051,88982.4354088808,25364.7043010095,24487.2897543315,35628.3071549931,68579.6889859528,57805.4596390217,117030.7058919697,62387.0979131458,89201.3102436866,29576.7041808654,94088.7819463425,72470.7785940754,27866.7304632178,87022.5799499989,100968.6746274193,81796.8511471719,68419.9931134665,84032.5274311691,27328.8133118489,62538.9809180166,11807.0077795082,26648.7550206859,114550.9695414378,40464.7682597429,48206.8111475381,46995.5701124142,17966.7661911001,103041.9890689263,115510.9126842066,11956.2824234270,73200.9476139866,6715.0796528113,34762.3380346659,58073.9352674761,99935.3327317722,56797.2694231700,24415.6294869131,58236.9479310341,51421.3706408963,70789.0253027064,35363.9353484129,92968.2536918249,68008.4872565098,19468.7653097441,100993.3125171983,77254.8336782858,58564.6098468509,17383.8203432023,86722.1208635333,97033.9945342938,110447.5295198943,80033.6417013463,25911.6018974245,80025.6389450648,43872.9931012718,93283.8557750467,53386.1047385774,25630.5393864037,109311.6672508186,36091.7851921256,92813.4607822014,6141.8635227174,108995.2717953370,31696.5431163719,77011.3489881387,62890.8675530699,109681.2783756782,22241.7362186020,88005.0201286214,58509.8326640667,66007.5016824034,78860.7981784897,78432.9723089026,100904.9189118862,76110.2426569278,49203.6859608855,19745.0586428804,90247.1390807063,85103.8456931272,17724.0906714947,65289.3358216794,37123.3410483860,34072.8564062858,25689.6914957625,51171.1082813897,90576.9008120589,30407.9185652923,66490.9607401738,95028.2468182741,20300.2423279140,51650.6199786822,100395.7470933559,84756.8731843017,117129.2624735711,43039.4932645707,11028.6090672382,83273.4028815618,40354.4571459439,37703.0294847763,69639.6291432824,9508.1271484179,53737.0123199452,34304.3465032060,96186.2669225319,12065.3782306013,17766.3083994969,18724.1234944977,17997.9648595336,4892.9672118288,99840.0711277638,63197.3797897008,63682.2280255284,11164.6882555556,18052.4482958130,57572.5825885445,110542.7497515015,25212.0797928348,78034.2342433894,30269.5224392807,115685.9835922911,56869.5773180438,62267.9295342771,60177.7430191672,52091.5080810395,72758.3227164627,68363.4492810839,46522.3798175601,28383.4540971791,11363.4487212097,28186.9109123232,108104.5992747241,4332.5166127413,74818.8505166969,53624.3086285058,95446.4062443676,93458.3468434602,83421.5429443032,79333.0614615269,52528.5971733885,62033.2304203460,38965.0714900135,42985.0471744826,29851.0144677156,100043.2655112695,58622.8811444488,119818.0843281615,52617.6980814694,46258.2737817123,85331.4446673380,73723.1912857224,103599.0335684080,70761.3514249717,23692.5401847228,75106.8713769546,72642.0955569255,75947.6384118988,89347.0298608528,34624.8466221845,105658.4118178715,83557.4190881859,40092.7264584923,90467.4223339389,57946.4965800778,91943.8290597160,82305.7290312781,63779.1146599821,103734.4165419258,29531.8189990245,95760.7963083884,96480.7719565753,100193.4175801414,80839.9695375508,70993.0048858897,74334.2789440018,43052.1717568746,111582.6544456254,82674.8992916016,25107.3920768691,78469.6332192697,63562.1654479177,53795.0302567463
2523,0,0,0,0,0,0,0,0,0,0,0,0,0,0,0,0,0,0,0,0,0,0,0,0,0,0,0,0,0,0,0,0,0,0,0,0,0,0,0,0,0,0,0,0,0,0,0,0,0,0,0,0,0,0,0,0,0,0,0,0,0,0,0,0,0,0,0,0,0,0,0,0,0,0,0,0,0,0,0,0,0,0,0,0,0,0,0,0,0,0,0,0,0,0,0,0,0,0,0,0,0,0,0,0,0,0,0,0,0,0,0,0,0,0,0,0,0,0,0,0,0,0,0,0,0,0,0,0,0,0,0,0,0,0,0,0,0,0,0,0,0,0,0,0,0,0,0,0,0,0,0,0,0,0,0,0,0,0,0,0,0,0,0,0,0,0,0,0,0,0,0,0,0,0,0,0,0,0,0,0,0,0,0,0,0,0,0,0,0,0,0,0,0,0,0,0,0,0,0,0
2524,0,0,0,0,0,0,0,0,0,0,0,0,0,0,0,0,0,0,0,0,0,0,0,0,0,0,0,0,0,0,0,0,0,0,0,0,0,0,0,0,0,0,0,0,0,0,0,0,0,0,0,0,0,0,0,0,0,0,0,0,0,0,0,0,0,0,0,0,0,0,0,0,0,0,0,0,0,0,0,0,0,0,0,0,0,0,0,0,0,0,0,0,0,0,0,0,0,0,0,0,0,0,0,0,0,0,0,0,0,0,0,0,0,0,0,0,0,0,0,0,0,0,0,0,0,0,0,0,0,0,0,0,0,0,0,0,0,0,0,0,0,0,0,0,0,0,0,0,0,0,0,0,0,0,0,0,0,0,0,0,0,0,0,0,0,0,0,0,0,0,0,0,0,0,0,0,0,0,0,0,0,0,0,0,0,0,0,0,0,0,0,0,0,0,0,0,0,0,0,0
2525,0,0,0,0,0,0,0,0,0,0,0,0,0,0,0,0,0,0,0,0,0,0,0,0,0,0,0,0,0,0,0,0,0,0,0,0,0,0,0,0,0,0,0,0,0,0,0,0,0,0,0,0,0,0,0,0,0,0,0,0,0,0,0,0,0,0,0,0,0,0,0,0,0,0,0,0,0,0,0,0,0,0,0,0,0,0,0,0,0,0,0,0,0,0,0,0,0,0,0,0,0,0,0,0,0,0,0,0,0,0,0,0,0,0,0,0,0,0,0,0,0,0,0,0,0,0,0,0,0,0,0,0,0,0,0,0,0,0,0,0,0,0,0,0,0,0,0,0,0,0,0,0,0,0,0,0,0,0,0,0,0,0,0,0,0,0,0,0,0,0,0,0,0,0,0,0,0,0,0,0,0,0,0,0,0,0,0,0,0,0,0,0,0,0,0,0,0,0,0,0
2526,0,0,0,0,0,0,0,0,0,0,0,0,0,0,0,0,0,0,0,0,0,0,0,0,0,0,0,0,0,0,0,0,0,0,0,0,0,0,0,0,0,0,0,0,0,0,0,0,0,0,0,0,0,0,0,0,0,0,0,0,0,0,0,0,0,0,0,0,0,0,0,0,0,0,0,0,0,0,0,0,0,0,0,0,0,0,0,0,0,0,0,0,0,0,0,0,0,0,0,0,0,0,0,0,0,0,0,0,0,0,0,0,0,0,0,0,0,0,0,0,0,0,0,0,0,0,0,0,0,0,0,0,0,0,0,0,0,0,0,0,0,0,0,0,0,0,0,0,0,0,0,0,0,0,0,0,0,0,0,0,0,0,0,0,0,0,0,0,0,0,0,0,0,0,0,0,0,0,0,0,0,0,0,0,0,0,0,0,0,0,0,0,0,0,0,0,0,0,0,0
2527,0,0,0,0,0,0,0,0,0,0,0,0,0,0,0,0,0,0,0,0,0,0,0,0,0,0,0,0,0,0,0,0,0,0,0,0,0,0,0,0,0,0,0,0,0,0,0,0,0,0,0,0,0,0,0,0,0,0,0,0,0,0,0,0,0,0,0,0,0,0,0,0,0,0,0,0,0,0,0,0,0,0,0,0,0,0,0,0,0,0,0,0,0,0,0,0,0,0,0,0,0,0,0,0,0,0,0,0,0,0,0,0,0,0,0,0,0,0,0,0,0,0,0,0,0,0,0,0,0,0,0,0,0,0,0,0,0,0,0,0,0,0,0,0,0,0,0,0,0,0,0,0,0,0,0,0,0,0,0,0,0,0,0,0,0,0,0,0,0,0,0,0,0,0,0,0,0,0,0,0,0,0,0,0,0,0,0,0,0,0,0,0,0,0,0,0,0,0,0,0
2528,0,0,0,0,0,0,0,0,0,0,0,0,0,0,0,0,0,0,0,0,0,0,0,0,0,0,0,0,0,0,0,0,0,0,0,0,0,0,0,0,0,0,0,0,0,0,0,0,0,0,0,0,0,0,0,0,0,0,0,0,0,0,0,0,0,0,0,0,0,0,0,0,0,0,0,0,0,0,0,0,0,0,0,0,0,0,0,0,0,0,0,0,0,0,0,0,0,0,0,0,0,0,0,0,0,0,0,0,0,0,0,0,0,0,0,0,0,0,0,0,0,0,0,0,0,0,0,0,0,0,0,0,0,0,0,0,0,0,0,0,0,0,0,0,0,0,0,0,0,0,0,0,0,0,0,0,0,0,0,0,0,0,0,0,0,0,0,0,0,0,0,0,0,0,0,0,0,0,0,0,0,0,0,0,0,0,0,0,0,0,0,0,0,0,0,0,0,0,0,0
2529,0,0,0,0,0,0,0,0,0,0,0,0,0,0,0,0,0,0,0,0,0,0,0,0,0,0,0,0,0,0,0,0,0,0,0,0,0,0,0,0,0,0,0,0,0,0,0,0,0,0,0,0,0,0,0,0,0,0,0,0,0,0,0,0,0,0,0,0,0,0,0,0,0,0,0,0,0,0,0,0,0,0,0,0,0,0,0,0,0,0,0,0,0,0,0,0,0,0,0,0,0,0,0,0,0,0,0,0,0,0,0,0,0,0,0,0,0,0,0,0,0,0,0,0,0,0,0,0,0,0,0,0,0,0,0,0,0,0,0,0,0,0,0,0,0,0,0,0,0,0,0,0,0,0,0,0,0,0,0,0,0,0,0,0,0,0,0,0,0,0,0,0,0,0,0,0,0,0,0,0,0,0,0,0,0,0,0,0,0,0,0,0,0,0,0,0,0,0,0,0
2530,0,0,0,0,0,0,0,0,0,0,0,0.0000000000,0,0,0,0,0,0,0,0,0,0,0,0,0,0,0,0,0,0,0,0,0,0,0,0,0,0,0,0,0,0,0,0,0,0,0,0,0,0,0,0,0,0,0,0,0,0,0,0,0,0,0,0,0,0,0,0,0,0,0,0,0,0,0,0,0,0,0,0,0,0,0,0,0,0,0,0,0,0,0,0,0,0,0,0,0,0,0,0,0,0,0,0,0,0,0,0,0,0,0,0,0,0,0,0,0,0,0,0,0,0,0,0,0,0,0,0,0,0,0,0,0,0,0,0,0,0,0,0,0,0,0,0,0,0,0,0,0,0,0,0,0,0,0,0,0,0,0,0,0,0,0,0,0,0,0,0,0,0,0,0,0,0,0,0,0,0,0,0,0,0,0,0,0,0,0,0,0,0,0,0,0,0,0,0,0,0,0,0
2531,101132.5981918428,31739.2378898393,79516.8411902265,111341.3411770185,41370.8793597286,112652.9325674850,48861.0972286939,61386.6172008423,121917.2585122011,17224.1031099245,80039.4070831981,13172.9861415280,69787.5517686490,48645.7833699593,83102.1872324507,24495.3995215411,98572.0907165401,45388.1721919170,7373.7132751953,92223.5367888902,34266.4161911941,18355.6382803630,38901.8137063927,62285.7600870673,63127.0292451326,114699.7985865488,58301.0931487407,87172.4862768279,28791.9861228524,98891.1954016823,76000.3000588583,22245.7615945184,86637.3640127448,96381.3738606526,78272.9667460359,74837.4924420413,77683.8744784265,33880.6071093422,62475.9517151431,21037.6787074562,35512.8407685771,110092.2097497116,36802.1319885574,52310.2163620266,48405.8665005966,18688.5827850238,100924.5564385793,112130.8866402917,8894.0888211667,68061.4306591719,11843.1652769666,43999.1681221523,55648.8795813745,102790.5281104910,63466.6493354236,27463.3073422511,52567.1076881990,47226.5954899777,67549.3252428637,29087.2020060308,89153.3964083525,72700.3007505425,17988.5603900520,101012.5059973657,76563.4239234506,62524.0950913027,25015.1976664901,92297.4736890966,100814.1506333942,108888.7262567968,82772.1828480229,13930.0545133570,77571.0425064512,49419.9704571204,90376.0965089269,53303.8995416661,23080.2012779799,106609.8442016996,36816.7660026642,91601.4280749827,9193.5249096916,112324.9808398668,28113.7970469139,72718.0921961001,61503.9986130617,105773.2528102697,31504.1444492910,92045.0249901569,59626.1646739751,71621.3510698195,82949.2449790497,84330.3710577874,105279.7918878718,70152.3612151442,46469.5600700847,15098.9515131833,84316.4897987112,89855.2604392347,26613.7345097465,60071.0138159275,35321.5473344757,41424.4440537530,26319.4811610407,53692.6202947082,86095.6419691018,35167.6916558948,69479.6116315901,94625.4662374678,25756.3899098405,57575.5980981413,96479.9302490737,83385.8909792625,113182.6286776197,45994.6374808288,11634.9096842141,77572.2872837205,35088.2566072077,42468.4333523751,65433.9596852102,17419.1501360612,52415.3790015538,40460.8682993164,93877.2358286388,11809.3437024341,7371.8177491076,20648.4776235164,26927.0175984727,7410.7227688253,98292.6151623205,70082.0976480485,60609.6884987398,19513.9920078823,13177.7368910626,52883.1033847668,108373.6305813856,21543.4782426763,76365.5709997911,32040.4237213325,112855.6672027030,53347.8649280511,55844.9708749680,66197.7289039318,57055.6223010395,78289.2252167449,67384.6408240965,41695.9074913113,37624.6016092385,17.6399210907,35966.8840969223,104800.9598896133,14329.3540504026,79414.9155115715,47440.7220029721,98710.4218185795,97732.0162779608,86927.1274756669,74087.5375073383,47371.7157025189,66602.1966180342,41021.2550479347,40833.3284501379,38995.4983097227,97313.9849323792,57943.6277481881,113420.2543005896,53668.4462507726,42618.7853043901,82595.8104656190,71074.4591780047,107413.2667380041,65022.5010039755,24061.6488662438,77583.7432342065,78718.9304747025,72255.8041450294,94521.8074465396,29568.4313098768,104316.5489896346,81524.5657831477,46315.6882029918,87138.6540444915,61164.8098988044,95615.2619484941,78225.9635737385,57930.4174163910,107071.4720077025,32987.7901865775,91306.9238777400,93002.5732319877,99700.7790652896,76119.7720057596,75098.3242243069,73144.9790801902,47272.1144113092,115245.8071065222,82023.5679236928,29819.7557900532,81887.1330770407,67362.1141715185,57558.0552905838
2532,0,0,0,0,0,0,0,0,0,0,0,0,0,0,0,0,0,0,0,0,0,0,0,0,0,0,0,0,0,0,0,0,0,0,0,0,0,0,0,0,0,0,0,0,0,0,0,0,0,0,0,0,0,0,0,0,0,0,0,0,0,0,0,0,0,0,0,0,0,0,0,0,0,0,0,0,0,0,0,0,0,0,0,0,0,0,0,0,0,0,0,0,0,0,0,0,0,0,0,0,0,0,0,0,0,0,0,0,0,0,0,0,0,0,0,0,0,0,0,0,0,0,0,0,0,0,0,0,0,0,0,0,0,0,0,0,0,0,0,0,0,0,0,0,0,0,0,0,0,0,0,0,0,0,0,0,0,0,0,0,0,0,0,0,0,0,0,0,0,0,0,0,0,0,0,0,0,0,0,0,0,0,0,0,0,0,0,0,0,0,0,0,0,0,0,0,0,0,0,0
2533,0,0,0,0,0,0,0,0,0,0,0,0,0,0,0,0,0,0,0,0,0,0,0,0,0,0,0,0,0,0,0,0,0,0,0,0,0,0,0,0,0,0,0,0,0,0,0,0,0,0,0,0,0,0,0,0,0,0,0,0,0,0,0,0,0,0,0,0,0,0,0,0,0,0,0,0,0,0,0,0,0,0,0,0,0,0,0,0,0,0,0,0,0,0,0,0,0,0,0,0,0,0,0,0,0,0,0,0,0,0,0,0,0,0,0,0,0,0,0,0,0,0,0,0,0,0,0,0,0,0,0,0,0,0,0,0,0,0,0,0,0,0,0,0,0,0,0,0,0,0,0,0,0,0,0,0,0,0,0,0,0,0,0,0,0,0,0,0,0,0,0,0,0,0,0,0,0,0,0,0,0,0,0,0,0,0,0,0,0,0,0,0,0,0,0,0,0,0,0,0
2534,70735.6058770322,98745.8001575815,22728.2229877014,128754.6541596896,75231.9721650441,44861.8550785964,63236.7344983979,27788.8757059344,112027.9330151454,55864.5286243324,89428.3349005943,96415.3761082533,58656.4419502378,27070.1110789278,11954.3086945826,72971.3599099264,87940.3230404369,50271.9141924221,78814.5866802137,31963.9467001698,49162.5056396264,69775.2542658582,36524.1515988199,88185.6016330974,10392.5932481413,92304.2925075223,70062.2694322535,69943.5945461223,52919.5591943243,28163.0270788568,20271.6889498538,94893.3425146324,56673.3688510689,97241.4373900207,76252.4352561163,14206.5059687351,98925.3352008928,40086.5126777489,44465.2423722928,60153.7145441174,65403.9662260789,106698.3046183350,61962.3206490864,23487.0529256693,37072.3187986140,83974.2933840578,80026.7835386369,99022.4968051553,69106.9806171333,82703.7641299851,70560.1570758011,52261.9775670373,58323.6148032613,43056.3033341400,13427.2989469051,46635.7961765246,78179.5746493852,66728.1628471451,68308.8634300314,72510.9945809838,85591.9569115440,9543.9874046370,59443.4110144703,63023.6623818843,53680.2569774197,17562.9422871224,50497.6682293266,19399.7904779869,35313.3540243268,81466.3077195957,29769.2019108138,90043.6639661758,67601.6498710733,23649.7121166091,79048.3584361349,43950.6087721184,92743.1706038284,89056.5021623573,44804.5301588909,66299.2119853895,64474.2223885345,48278.9016028350,61624.1262813152,78930.0795607123,53122.5927966373,98543.2946284812,57753.8150717651,26205.7224907495,36478.9694019290,2335.4020503012,19080.8847220236,22650.1038071559,36129.2300907192,90477.3837924874,58341.8386472843,86955.0152161047,100030.6723181289,20007.8636403395,65018.7091015688,78819.8974687670,54224.2622855542,34944.4361062289,90700.2880251509,29552.8251815216,88977.6713733715,38027.3794947459,23374.2251765079,61881.5631937357,47401.0383304866,15705.6851362100,91621.9900394174,62495.5360664015,104705.6122894687,32023.5494135162,78062.9110758360,93299.0825734842,69260.4706645293,30932.7796589599,74268.2092605922,58035.0371215011,51080.6725259398,33042.8518714068,76593.4047665682,62085.2280217273,81973.5194845032,53545.0196848238,53792.3482950528,71418.7961214823,73535.1555738614,12189.3129339328,64141.8912252006,68135.8690629234,66797.3322737025,71796.4105261177,86026.5583014907,62707.8218816421,60987.7048642336,44938.2095316680,94977.5774197249,64527.7881392748,85322.9857226577,7521.2210108216,16870.3863325667,11043.0689394143,52082.5526195015,68709.8453410383,58231.0524448384,74445.3200699469,41247.4558345190,92687.2544481601,64043.2210999594,12885.2327487052,79143.9125509092,36888.5913854162,29687.9649919417,26204.9003604033,87250.6365480970,72553.1789686763,11737.5073696368,38210.0961424254,55118.5049323791,50486.7497724638,82409.7197497359,47798.9202821830,127382.3453715704,37487.3478901830,62573.8745969013,72690.2802711909,65691.5878763823,41020.9077914303,85518.5183504473,52965.2083618692,29469.8479481474,13039.1072923710,74083.2021793701,22558.1824367083,67257.4876573338,76258.1769489642,66573.4297515760,27324.3343783803,80287.0829139996,22753.9144609181,31588.7092445672,80581.7452106055,82248.1406739033,43541.8550881738,41278.4725165452,92404.4376709069,85498.7889364939,66118.6986292024,84340.1489576856,15126.2640873560,55866.6174452806,27366.4874784783,49069.6383322926,56136.3781632990,43299.1507041462,23811.1345723002,17186.7262218298,21264.8438296372
2535,0,0,0,0,0,0,0,0,0,0,0,0,0,0,0,0,0,0,0,0,0,0,0,0,0,0,0,0,0,0,0,0,0,0,0,0,0,0,0,0,0,0,0,0,0,0,0,0,0,0,0,0,0,0,0,0,0,0,0,0,0,0,0,0,0,0,0,0,0,0,0,0,0,0,0,0,0,0,0,0,0,0,0,0,0,0,0,0,0,0,0,0,0,0,0,0,0,0,0,0,0,0,0,0,0,0,0,0,0,0,0,0,0,0,0,0,0,0,0,0,0,0,0,0,0,0,0,0,0,0,0,0,0,0,0,0,0,0,0,0,0,0,0,0,0,0,0,0,0,0,0,0,0,0,0,0,0,0,0,0,0,0,0,0,0,0,0,0,0,0,0,0,0,0,0,0,0,0,0,0,0,0,0,0,0,0,0,0,0,0,0,0,0,0,0,0,0,0,0,0
2536,0,0,0,0,0,0,0,0,0,0,0,0,0,0,0,0,0,0,0,0,0,0,0,0,0,0,0,0,0,0,0,0,0,0,0,0,0,0,0,0,0,0,0,0,0,0,0,0,0,0,0,0,0,0,0,0,0,0,0,0,0,0,0,0,0,0,0,0,0,0,0,0,0,0,0,0,0,0,0,0,0,0,0,0,0,0,0,0,0,0,0,0,0,0,0,0,0,0,0,0,0,0,0,0,0,0,0,0,0,0,0,0,0,0,0,0,0,0,0,0,0,0,0,0,0,0,0,0,0,0,0,0,0,0,0,0,0,0,0,0,0,0,0,0,0,0,0,0,0,0,0,0,0,0,0,0,0,0,0,0,0,0,0,0,0,0,0,0,0,0,0,0,0,0,0,0,0,0,0,0,0,0,0,0,0,0,0,0,0,0,0,0,0,0,0,0,0,0,0,0
2537,0,0,0,0,0,0,0,0,0,0,0,0,0,0,0,0,0,0,0,0,0,0,0,0,0,0,0,0,0,0,0,0,0,0,0,0,0,0,0,0,0,0,0,0,0,0,0,0,0,0,0,0,0,0,0,0,0,0,0,0,0,0,0,0,0,0,0,0,0,0,0,0,0,0,0,0,0,0,0,0,0,0,0,0,0,0,0,0,0,0,0,0,0,0,0,0,0,0,0,0,0,0,0,0,0,0,0,0,0,0,0,0,0,0,0,0,0,0,0,0,0,0,0,0,0,0,0,0,0,0,0,0,0,0,0,0,0,0,0,0,0,0,0,0,0,0,0,0,0,0,0,0,0,0,0,0,0,0,0,0,0,0,0,0,0,0,0,0,0,0,0,0,0,0,0,0,0,0,0,0,0,0,0,0,0,0,0,0,0,0,0,0,0,0,0,0,0,0,0,0
2538,0,0,0,0,0,0,0,0,0,0,0,0,0,0,0,0,0,0,0,0,0,0,0,0,0,0,0,0,0,0,0,0,0,0,0,0,0,0,0,0,0,0,0,0,0,0,0,0,0,0,0,0,0,0,0,0,0,0,0,0,0,0,0,0,0,0,0,0,0,0,0,0,0,0,0,0,0,0,0,0,0,0,0,0,0,0,0,0,0,0,0,0,0,0,0,0,0,0,0,0,0,0,0,0,0,0,0,0,0,0,0,0,0,0,0,0,0,0,0,0,0,0,0,0,0,0,0,0,0,0,0,0,0,0,0,0,0,0,0,0,0,0,0,0,0,0,0,0,0,0,0,0,0,0,0,0,0,0,0,0,0,0,0,0,0,0,0,0,0,0,0,0,0,0,0,0,0,0,0,0,0,0,0,0,0,0,0,0,0,0,0,0,0,0,0,0,0,0,0,0
2539,90103.0853201143,48887.6162047806,56785.1690849591,116316.0432425401,46446.6386862335,92284.6110718524,37453.9472699894,43893.2774303679,118285.7638812617,6388.4099434581,80227.3949605572,48243.7769465103,61372.0086069742,25767.4097706931,61393.8662708767,26924.3151176170,93416.7434859222,36789.4796608035,28135.0397832762,73031.0051515380,16342.6664102266,27644.9516517272,20532.0453397540,67038.1196642745,41227.5909455504,106836.6278618792,56549.1934614766,78970.4039864350,21613.6912516999,77540.0904146613,56435.7839537467,44162.8392790026,74542.7223749427,94877.4738175204,74190.1376732724,52116.4110340162,82088.9451603477,11017.6786632476,50220.0846475034,13081.1426913093,28189.4595844427,107991.4276621670,35657.6062768427,32051.7122934191,33433.6751379228,33927.5960308483,92707.3638056919,107011.2904923405,20494.1025792281,68952.7665606512,20280.0522795109,28143.2152112760,49521.8368675149,84176.3371430820,40638.1846616751,11166.3208215365,55821.7835928219,46495.0395943677,63042.6515674102,36484.1503045266,85603.8878200639,51508.7022270581,16856.9564639074,87835.5281211531,65366.2893654232,42387.7194223941,3916.5145427750,70163.9721856315,80782.0185557264,99207.3422309642,64464.0209638523,40412.1953727261,70671.2261995290,27293.8117832096,84357.0788017877,41477.0805352100,42159.0695088702,99787.4065991411,24394.5356947982,81334.6272696484,13853.8668931015,92930.4771063487,28250.1601502377,70957.2018115346,52447.2862981172,102181.1754681652,19673.4689734756,71667.3847657154,44841.9023512639,49444.1467960469,62527.8285489493,61933.0366576003,84438.4276632488,73512.8276302111,41787.6771562371,36169.6381428837,87178.6348835964,68569.4876025566,21630.2454914767,61540.2003734653,29450.2072501421,18704.9391894905,41267.6722757543,36205.0914227593,84501.0976540579,14206.7054427833,50858.5855340312,82451.8463813076,4705.4169489832,35128.4350946076,93064.7945331983,73649.0804454314,109592.6054978454,27913.2668492721,27477.9933941254,79881.7062723871,38672.7320286523,21337.4771142304,63692.0673824251,7725.4971944712,43651.2428079847,17807.1777347834,86252.6181225548,14084.3898599590,32088.3915357304,10425.6312919643,11629.2368347821,20709.3029432255,88721.8925852787,47214.4121003253,55945.7626985338,20396.6178320471,21679.1196630165,53175.5196082151,100183.4242617184,23726.6465283126,67516.8185103527,17818.3441777540,106282.6158545848,50302.9794909171,61320.8238572604,43694.7376306623,35565.8184640804,56189.5570973250,57117.2663637624,43262.6558775112,25423.1658809875,24552.2646000082,13889.6707301292,99579.6892084010,13962.7106500524,58330.2754333906,52640.9985266746,79456.7962677133,77029.9983617969,67345.0473415842,75091.3989707281,49420.7867487886,45582.1703116774,25087.5858774503,35154.4796503508,22299.0894929327,90703.5704712838,47314.8415091987,117296.5072898196,39241.4903754008,40743.9322398191,76296.6998452389,64871.7205659938,87319.1445554464,67878.4949807506,15580.1652207580,59781.0475745074,56192.1978734577,68818.3291058371,72768.5045900982,33387.4715248765,94175.3876625483,73454.4448102476,23642.0750113036,82305.9738793733,42247.6864076091,75754.0636854894,75688.5443854700,61450.1517644890,87679.2590150179,14727.8061095344,89517.3783901268,88451.9016146191,87663.6858882584,75489.1363225490,54679.4276912777,63213.2706382794,26901.2043706963,95352.4667565317,70618.1535370197,9262.3920150990,62465.3693753194,47434.0100578607,37776.8237605128
2540,0,0,0,0,0,0,0,0,0,0,0,0,0,0,0,0,0,0,0,0,0,0,0,0,0,0,0,0,0,0,0,0,0,0,0,0,0,0,0,0,0,0,0,0,0,0,0,0,0,0,0,0,0,0,0,0,0,0,0,0,0,0,0,0,0,0,0,0,0,0,0,0,0,0,0,0,0,0,0,0,0,0,0,0,0,0,0,0,0,0,0,0,0,0,0,0,0,0,0,0,0,0,0,0,0,0,0,0,0,0,0,0,0,0,0,0,0,0,0,0,0,0,0,0,0,0,0,0,0,0,0,0,0,0,0,0,0,0,0,0,0,0,0,0,0,0,0,0,0,0,0,0,0,0,0,0,0,0,0,0,0,0,0,0,0,0,0,0,0,0,0,0,0,0,0,0,0,0,0,0,0,0,0,0,0,0,0,0,0,0,0,0,0,0,0,0,0,0,0,0
2541,0,0,0,0,0,0,0,0,0,0,0,0,0,0,0,0,0,0,0,0,0,0,0,0,0,0,0,0,0,0,0,0,0,0,0,0,0,0,0,0,0,0,0,0,0,0,0,0,0,0,0,0,0,0,0,0,0,0,0,0,0,0,0,0,0,0,0,0,0,0,0,0,0,0,0,0,0,0,0,0,0,0,0,0,0,0,0,0,0,0,0,0,0,0,0,0,0,0,0,0,0,0,0,0,0,0,0,0,0,0,0,0,0,0,0,0,0,0,0,0,0,0,0,0,0,0,0,0,0,0,0,0,0,0,0,0,0,0,0,0,0,0,0,0,0,0,0,0,0,0,0,0,0,0,0,0,0,0,0,0,0,0,0,0,0,0,0,0,0,0,0,0,0,0,0,0,0,0,0,0,0,0,0,0,0,0,0,0,0,0,0,0,0,0,0,0,0,0,0,0
2542,0,0,0,0,0,0,0,0,0,0,0,0,0,0,0,0,0,0,0,0,0,0,0,0,0,0,0,0,0,0,0,0,0,0,0,0,0,0,0,0,0,0,0,0,0,0,0,0,0,0,0,0,0,0,0,0,0,0,0,0,0,0,0,0,0,0,0,0,0,0,0,0,0,0,0,0,0,0,0,0,0,0,0,0,0,0,0,0,0,0,0,0,0,0,0,0,0,0,0,0,0,0,0,0,0,0,0,0,0,0,0,0,0,0,0,0,0,0,0,0,0,0,0,0,0,0,0,0,0,0,0,0,0,0,0,0,0,0,0,0,0,0,0,0,0,0,0,0,0,0,0,0,0,0,0,0,0,0,0,0,0,0,0,0,0,0,0,0,0,0,0,0,0,0,0,0,0,0,0,0,0,0,0,0,0,0,0,0,0,0,0,0,0,0,0,0,0,0,0,0
2543,111738.7785679133,28989.9803251464,70783.1445989447,129989.5146338423,59301.7595289545,113322.7121782650,30258.7345931515,66177.3271510673,137231.3955156228,21601.2248732439,96831.7892701083,42715.1939508442,81955.6330474193,43181.0831597673,81444.8109021988,810.5649611977,112946.4451274375,56937.4541827492,18988.0066559835,94813.0998037884,22470.5181978348,36413.4675922220,42831.2433065319,80523.0375609368,61456.2797301354,127553.1772401983,73926.4353352607,99648.5387209438,40168.2074338581,97820.0626993210,78196.4011890758,30653.1056395900,96363.6389174365,112577.6871240085,93047.4988726243,69967.8803331768,95975.6296897517,30785.9628096786,71892.9979380029,10042.3349485359,16479.3175829596,126098.5594365406,52008.8715382525,53862.2939820481,55489.7122775524,15148.3199161149,113482.0297383189,126605.0765272133,23770.6664445307,85001.0360882319,7871.2457779345,28293.9023197316,68950.8363366445,106099.9572208602,58187.4783609132,32688.4395467675,70144.2476457272,63045.5417853282,81962.0239480144,47302.0618870687,104308.1601097665,72314.3376340049,30802.2466835057,109916.9033076001,86902.7468712432,64066.6789853088,20401.0304281731,89378.0245537234,102113.4112207328,120501.7618584797,86554.0531612648,32841.7923117866,90763.6939925455,47720.6788915639,104202.9696866152,62903.6921652114,24834.4629184274,120069.6944269215,45499.0439092629,102715.5232029978,16144.9281571620,114522.3183098471,43318.1964337328,88570.6145559729,73142.2225565432,121024.4052139509,15746.2344515053,92855.4950142709,66981.5722608864,68983.4148964254,83778.7938499666,80692.2079112759,105160.8620839650,88033.6976097755,60313.0518427101,22896.1533861688,102161.9584065082,89025.0289832167,13310.6038180380,77118.3023182874,47995.0057286314,35232.3462691053,20769.0989027279,58504.0271633748,102168.2052157755,36263.1468045166,72956.3969751029,104326.3278725956,26471.7121278335,54551.8736938700,111760.0351676983,94815.2649115297,128476.0042902025,50211.3242228011,12706.6092458594,95163.3922283330,52245.9761359565,43016.6278724356,81191.6618700332,14923.5805522622,64061.6495681901,37771.9911143255,106767.0551126416,23564.6216982255,25915.8623600912,28479.7982266343,16390.9041978531,15476.7101937597,109931.9609950891,63978.4559553899,74821.2026067741,2748.6593247175,29995.3932501065,69303.8746912416,120987.5463001896,36949.6695778363,88328.2509729588,39171.6353865974,126497.3071936249,68237.0344846354,74211.2449519493,62637.2290460620,56455.4891541740,75719.2051911236,78295.2901378229,58322.9436783099,20544.3580102967,21651.3879837707,28902.0663783918,119178.1673785487,9547.4899902813,79123.4259408687,65567.6201650628,101177.8375771689,97932.6099193050,89005.6758836918,91147.0274684621,64372.2176946378,66648.7288908472,47179.5150383345,53912.1773168553,24816.4994310568,110845.0805372545,68471.0577065996,131760.2368768508,61270.3756839006,57743.7336316225,96193.0520116924,84598.5815543187,108569.8970848551,82665.1890834603,33961.5451953682,81982.0132505571,74704.5522739787,87289.2401913618,92588.9504815706,46510.0249567700,115584.9663332379,94037.1024503939,43043.1126906638,101601.7166238657,64345.9230694178,97216.3497696783,93776.2416988515,75699.6850825330,109297.7230806986,36958.7292351567,107333.9269716433,107665.8722103889,109528.9192947566,92522.2265551024,76026.4670122102,84350.2225973456,48781.1820895587,116676.2663377219,92248.4004817832,31554.0201056928,84231.4321016179,69137.8769250078,59675.4654888996
2544,0,0,0,0,0,0,0,0,0,0,0,0,0,0,0,0,0,0,0,0,0,0,0,0,0,0,0,0,0,0,0,0,0,0,0,0,0,0,0,0,0,0,0,0,0,0,0,0,0,0,0,0,0,0,0,0,0,0,0,0,0,0,0,0,0,0,0,0,0,0,0,0,0,0,0,0,0,0,0,0,0,0,0,0,0,0,0,0,0,0,0,0,0,0,0,0,0,0,0,0,0,0,0,0,0,0,0,0,0,0,0,0,0,0,0,0,0,0,0,0,0,0,0,0,0,0,0,0,0,0,0,0,0,0,0,0,0,0,0,0,0,0,0,0,0,0,0,0,0,0,0,0,0,0,0,0,0,0,0,0,0,0,0,0,0,0,0,0,0,0,0,0,0,0,0,0,0,0,0,0,0,0,0,0,0,0,0,0,0,0,0,0,0,0,0,0,0,0,0,0
2545,0,0,0,0,0,0,0,0,0,0,0,0,0,0,0,0,0,0,0,0,0,0,0,0,0,0,0,0,0,0,0,0,0,0,0,0,0,0,0,0,0,0,0,0,0,0,0,0,0,0,0,0,0,0,0,0,0,0,0,0,0,0,0,0,0,0,0,0,0,0,0,0,0,0,0,0,0,0,0,0,0,0,0,0,0,0,0,0,0,0,0,0,0,0,0,0,0,0,0,0,0,0,0,0,0,0,0,0,0,0,0,0,0,0,0,0,0,0,0,0,0,0,0,0,0,0,0,0,0,0,0,0,0,0,0,0,0,0,0,0,0,0,0,0,0,0,0,0,0,0,0,0,0,0,0,0,0,0,0,0,0,0,0,0,0,0,0,0,0,0,0,0,0,0,0,0,0,0,0,0,0,0,0,0,0,0,0,0,0,0,0,0,0,0,0,0,0,0,0,0
2546,0,0,0,0,0,0,0,0,0,0,0,0,0,0,0,0,0,0,0,0,0,0,0,0,0,0,0,0,0,0,0,0,0,0,0,0,0,0,0,0,0,0,0,0,0,0,0,0,0,0,0,0,0,0,0,0,0,0,0,0,0,0,0,0,0,0,0,0,0,0,0,0,0,0,0,0,0,0,0,0,0,0,0,0,0,0,0,0,0,0,0,0,0,0,0,0,0,0,0,0,0,0,0,0,0,0,0,0,0,0,0,0,0,0,0,0,0,0,0,0,0,0,0,0,0,0,0,0,0,0,0,0,0,0,0,0,0,0,0,0,0,0,0,0,0,0,0,0,0,0,0,0,0,0,0,0,0,0,0,0,0,0,0,0,0,0,0,0,0,0,0,0,0,0,0,0,0,0,0,0,0,0,0,0,0,0,0,0,0,0,0,0,0,0,0,0,0,0,0,0
2547,0,0,0,0,0,0,0,0,0,0,0,0,0,0,0,0,0,0,0,0,0,0,0,0,0,0,0,0,0,0,0,0,0,0,0,0,0,0,0,0,0,0,0,0,0,0,0,0,0,0,0,0,0,0,0,0,0,0,0,0,0,0,0,0,0,0,0,0,0,0,0,0,0,0,0,0,0,0,0,0,0,0,0,0,0,0,0,0,0,0,0,0,0,0,0,0,0,0,0,0,0,0,0,0,0,0,0,0,0,0,0,0,0,0,0,0,0,0,0,0,0,0,0,0,0,0,0,0,0,0,0,0,0,0,0,0,0,0,0,0,0,0,0,0,0,0,0,0,0,0,0,0,0,0,0,0,0,0,0,0,0,0,0,0,0,0,0,0,0,0,0,0,0,0,0,0,0,0,0,0,0,0,0,0,0,0,0,0,0,0,0,0,0,0,0,0,0,0,0,0
2548,106098.0065280591,27243.6935101229,86474.6681379278,111706.8273505265,43224.0344865313,119519.3946396484,53225.1072880894,67938.0438532470,124818.3332327965,24361.7614835208,82259.5746965942,40118.0203544446,74450.4079354070,55719.1461225316,90179.9407536580,26996.3710335868,102072.1504485405,50630.7701150104,6248.9138585858,98924.1182905690,40489.2325284029,21299.5721616063,45779.0944133301,63446.8941861156,70235.1232213340,118792.7253484913,61521.6349415011,91568.4627638709,34578.2819644569,105916.3003034460,82802.2688945992,30993.3839686348,91951.3515240739,98885.8435003043,81721.6884969522,81969.9426151951,78635.5377713214,40977.7004407782,68080.0038608396,26751.7908740341,39525.2665249799,112642.0363855495,40751.1088919554,59282.6680810965,54710.1238969592,16710.1493412113,105202.7898719472,115511.2591693456,12105.2953134258,70291.4026235895,15762.6871713067,49530.0977877470,60053.7080750440,109364.7390968278,70580.9119786666,34395.4617923934,54504.6604902036,50538.1833753015,71289.3438681693,31087.4403982262,92314.8391578080,79729.7405778684,23967.2750454042,106474.0182909348,81771.2638782299,69446.1537296217,31882.1824500828,99412.4216234382,107639.5470849332,113478.4340249557,89348.2677189038,21588.6797709870,81756.7570910977,56549.9648393490,94185.2016458216,58976.6871423572,18095.0320645305,110486.0078034619,43014.8258511775,96455.5482319913,16165.4371576451,119023.6718491725,32429.4027115671,75622.1729230835,66450.9930703119,108781.6620709197,36789.8206173513,98937.6785339216,65743.0468045528,78745.0271061862,89862.5514172941,91463.9071866330,112227.8236303070,71579.9714427721,50816.7153237619,18888.5390522129,85657.1815338925,96878.5305254724,30890.6840723957,62321.3475690041,40444.4324219188,48417.7226797074,23357.9120798942,60305.7940930368,88747.2084635601,42267.8549770318,76160.2470945284,99899.0817607224,32893.7501411238,64713.0662336285,99524.6928602933,88189.7648300172,116132.0444821956,52760.7869573894,11573.3399563001,79190.6126386163,37824.7319530647,49552.3072893269,68477.5077444692,24126.1111038198,57493.2878049989,47592.3291260636,98064.5841499414,18597.8834309322,20.7280463549,27491.9658361594,33123.2664624093,9863.7289949093,102926.9971447625,77178.4608047046,64535.9992003480,23457.5373766115,17858.7724992803,55697.3310179812,112591.4054725049,26167.6568188467,81039.4343616464,38635.5089250360,116622.0192069732,57055.5737566720,56951.8482794590,73335.4740356495,64136.5109671123,85405.3493566609,72502.1385634324,44619.2632332801,42623.9029510042,10848.6142631033,42835.5356491374,108264.9564251266,20118.3862251860,86423.0897210363,48952.9026805860,105407.6740885977,104666.4711332041,93704.2551768855,76164.9797208067,49881.5963572787,73620.9661358781,47591.2997692799,45638.0764991438,44844.8677052509,101210.1723261373,63291.7819397787,114124.4789507473,59802.1471124217,46436.9589521113,86565.4335228512,75182.7060506047,114240.1209504518,66722.2960453584,30418.4529357024,84093.3621697070,85856.6134620381,75628.0569023267,101598.5044567177,32709.5090411098,109047.9798668338,85949.3995055146,53447.7780717974,90670.9614226381,67929.2633254538,102420.7649882933,81254.7443831452,59609.9766477131,113777.9711612345,39938.0512407939,93949.8002810415,96394.2632656014,104910.6985073475,78642.7952396434,82025.7509584625,78109.7849547588,54276.8252934147,122028.9107372844,87223.3614758517,36931.0299577270,88650.8353247890,74241.8645714212,64453.9112610380
2549,0,0,0,0,0,0,0,0,0,0,0,0,0,0,0,0,0,0,0,0,0,0,0,0,0,0,0,0,0,0,0,0,0,0,0,0,0,0,0,0,0,0,0,0,0,0,0,0,0,0,0,0,0,0,0,0,0,0,0,0,0,0,0,0,0,0,0,0,0,0,0,0,0,0,0,0,0,0,0,0,0,0,0,0,0,0,0,0,0,0,0,0,0,0,0,0,0,0,0,0,0,0,0,0,0,0,0,0,0,0,0,0,0,0,0,0,0,0,0,0,0,0,0,0,0,0,0,0,0,0,0,0,0,0,0,0,0,0,0,0,0,0,0,0,0,0,0,0,0,0,0,0,0,0,0,0,0,0,0,0,0,0,0,0,0,0,0,0,0,0,0,0,0,0,0,0,0,0,0,0,0,0,0,0,0,0,0,0,0,0,0,0,0,0,0,0,0,0,0,0
2550,0,0,0,0,0,0,0,0,0,0,0,0,0,0,0,0,0,0,0,0,0,0,0,0,0,0,0,0,0,0,0,0,0,0,0,0,0,0,0,0,0,0,0,0,0,0,0,0,0,0,0,0,0,0,0,0,0,0,0,0,0,0,0,0,0,0,0,0,0,0,0,0,0,0,0,0,0,0,0,0,0,0,0,0,0,0,0,0,0,0,0,0,0,0,0,0,0,0,0,0,0,0,0,0,0,0,0,0,0,0,0,0,0,0,0,0,0,0,0,0,0,0,0,0,0,0,0,0,0,0,0,0,0,0,0,0,0,0,0,0,0,0,0,0,0,0,0,0,0,0,0,0,0,0,0,0,0,0,0,0,0,0,0,0,0,0,0,0,0,0,0,0,0,0,0,0,0,0,0,0,0,0,0,0,0,0,0,0,0,0,0,0,0,0,0,0,0,0,0,0
2551,101327.2389360445,44971.3947659097,55113.6483020846,128684.9768203639,58405.0320809425,98071.6459363113,25092.6903992069,53258.0888609944,130724.7752763172,16747.4247022773,92829.3787679678,53286.4307847489,73457.7981521076,27308.2120312054,65843.8374494371,18683.2817046160,105762.6229616428,49176.8213875595,30192.1131367020,80309.5309150957,12964.6816261120,37918.4797259977,30923.0525644232,79262.8210526487,46064.7711952007,118716.6004185212,69159.4743584504,90942.4031454568,34213.3294758367,82242.6234390469,63773.5421978687,44771.9309860451,85600.2737905435,107471.9374362596,86697.8706671472,54003.1309092935,94428.8399327015,16377.0144076336,61623.6113312170,11472.0657997910,15844.9792143061,120550.4384432827,48144.2950375559,39848.2785726354,44489.7826393967,30773.7095544765,104588.7344596387,119319.6942859424,27780.9173318097,81514.6935097758,18854.5512357925,17186.3893938178,61999.8888363066,91754.4241434731,42228.6884222304,23477.4693020677,68136.4907126340,59050.9725348027,75562.3751944926,47748.4999505961,98116.2394035484,57112.5674725089,28310.1258050822,98369.9383754812,76803.5750077621,49691.5755401007,8215.7670824813,73533.7998277491,87108.6453500645,110726.9291521042,72643.6335905127,44148.8703748626,82909.1721154807,32660.7025877114,96635.2086685020,53201.2730079232,40253.7927747795,111882.2136557207,36572.1877203597,92839.5316826233,18838.4230443138,99714.6815929590,40433.6424297848,83564.9916556412,64530.3196131703,114653.6798701500,10538.2183694654,77778.6745221830,55528.7645639417,53288.6809118494,68798.1793582957,64794.7583719573,89754.9543628295,85921.8089796901,54386.0837209543,36604.6697223571,99670.4793316716,73549.3225562658,11150.1384246097,74045.7162687303,42061.6382733901,19389.6380455701,36756.1886333217,45927.5209228843,97101.6785282307,23449.0989754869,59182.4198690684,93395.0565832937,15788.5037352970,38947.1206828517,105569.5130303869,85352.0045872740,122050.8096514085,37801.6113257079,26384.1892401493,92393.2896199619,50698.4595850554,29169.0712243399,76303.2840940454,10823.8499890240,55907.7122644227,22850.3092974264,98280.4087623901,23319.4201980596,36046.6303201827,22715.0123840018,1.7321892841,23587.2941985769,100337.6093214539,47992.2052713643,68486.2318865280,14111.1627444980,31377.1853745716,65713.3273772493,112030.0959759554,35312.6782350373,79463.8300636100,30005.7429957915,118391.7649194407,62912.5950826049,73404.2059352633,46839.7421106968,41491.8434311419,59987.6165176754,68897.6917579715,55619.8866923213,12944.4062406373,29368.1601856664,13093.8187417156,111897.9456851106,13279.3075396475,63866.1929080195,64672.1859480375,86565.6428602157,82647.9586112069,74382.9611914319,87661.4920294966,61800.0059426859,51669.4533626736,36255.1764084511,47753.1883203055,11780.7156724963,102871.0228313835,59180.7956118092,129766.6256371413,50257.2225835282,53317.6210643976,88579.5859078269,77233.8595705927,93479.2858819699,80307.5753179962,28106.7619726840,68435.2270709596,58789.5754405056,81379.2692075930,76876.4033768384,45219.1030847642,105611.5784206206,85491.1156630665,27652.8782060533,94724.2419485456,50680.9628123201,82345.8525133667,88272.5881424739,73779.2860923945,94535.6173990312,25908.3086542576,102108.4108083154,100876.0885447534,98600.0651310534,88099.4695816305,61180.1867456602,74986.1758058282,35011.4375633733,101618.2984601806,81930.2609567325,20057.2698889250,69769.8929608265,54730.0072599712,45682.6279568253
2552,0,0,0,0,0,0,0,0,0,0,0,0,0,0,0,0,0,0,0,0,0,0,0,0,0,0,0,0,0,0,0,0,0,0,0,0,0,0,0,0,0,0,0,0,0,0,0,0,0,0,0,0,0,0,0,0,0,0,0,0,0,0,0,0,0,0,0,0,0,0,0,0,0,0,0,0,0,0,0,0,0,0,0,0,0,0,0,0,0,0,0,0,0,0,0,0,0,0,0,0,0,0,0,0,0,0,0,0,0,0,0,0,0,0,0,0,0,0,0,0,0,0,0,0,0,0,0,0,0,0,0,0,0,0,0,0,0,0,0,0,0,0,0,0,0,0,0,0,0,0,0,0,0,0,0,0,0,0,0,0,0,0,0,0,0,0,0,0,0,0,0,0,0,0,0,0,0,0,0,0,0,0,0,0,0,0,0,0,0,0,0,0,0,0,0,0,0,0,0,0
2553,0,0,0,0,0,0,0,0,0,0,0,0,0,0,0,0,0,0,0,0,0,0,0,0,0,0,0,0,0,0,0,0,0,0,0,0,0,0,0,0,0,0,0,0,0,0,0,0,0,0,0,0,0,0,0,0,0,0,0,0,0,0,0,0,0,0,0,0,0,0,0,0,0,0,0,0,0,0,0,0,0,0,0,0,0,0,0,0,0,0,0,0,0,0,0,0,0,0,0,0,0,0,0,0,0,0,0,0,0,0,0,0,0,0,0,0,0,0,0,0,0,0,0,0,0,0,0,0,0,0,0,0,0,0,0,0,0,0,0,0,0,0,0,0,0,0,0,0,0,0,0,0,0,0,0,0,0,0,0,0,0,0,0,0,0,0,0,0,0,0,0,0,0,0,0,0,0,0,0,0,0,0,0,0,0,0,0,0,0,0,0,0,0,0,0,0,0,0,0,0
2554,0,0,0,0,0,0,0,0,0,0,0,0,0,0,0,0,0,0,0,0,0,0,0,0,0,0,0,0,0,0,0,0,0,0,0,0,0,0,0,0,0,0,0,0,0,0,0,0,0,0,0,0,0,0,0,0,0,0,0,0,0,0,0,0,0,0,0,0,0,0,0,0,0,0,0,0,0,0,0,0,0,0,0,0,0,0,0,0,0,0,0,0,0,0,0,0,0,0,0,0,0,0,0,0,0,0,0,0,0,0,0,0,0,0,0,0,0,0,0,0,0,0,0,0,0,0,0,0,0,0,0,0,0,0,0,0,0,0,0,0,0,0,0,0,0,0,0,0,0,0,0,0,0,0,0,0,0,0,0,0,0,0,0,0,0,0,0,0,0,0,0,0,0,0,0,0,0,0,0,0,0,0,0,0,0,0,0,0,0,0,0,0,0,0,0,0,0,0,0,0
2555,0,0,0,0,0,0,0,0,0,0,0,0,0,0,0,0,0,0,0,0,0,0,0,0,0,0,0,0,0,0,0,0,0,0,0,0,0,0,0,0,0,0,0,0,0,0,0,0,0,0,0,0,0,0,0,0,0,0,0,0,0,0,0,0,0,0,0,0,0,0,0,0,0,0,0,0,0,0,0,0,0,0,0,0,0,0,0,0,0,0,0,0,0,0,0,0,0,0,0,0,0,0,0,0,0,0,0,0,0,0,0,0,0,0,0,0,0,0,0,0,0,0,0,0,0,0,0,0,0,0,0,0,0,0,0,0,0,0,0,0,0,0,0,0,0,0,0,0,0,0,0,0,0,0,0,0,0,0,0,0,0,0,0,0,0,0,0,0,0,0,0,0,0,0,0,0,0,0,0,0,0,0,0,0,0,0,0,0,0,0,0,0,0,0,0,0,0,0,0,0
2556,0,0.0000000000,0,0,0,0,0,0,0,0,0,0,0,0,0,0,0,0,0,0,0,0,0,0,0,0,0,0,0,0,0,0,0,0,0,0,0,0,0,0,0,0,0,0,0,0,0,0,0,0,0,0,0,0,0,0,0,0,0,0,0,0,0,0,0,0,0,0,0,0,0,0,0,0,0,0,0,0,0,0,0,0,0,0,0,0,0,0,0,0,0,0,0,0,0,0,0,0,0,0,0,0,0,0,0,0,0,0,0,0,0,0,0,0,0,0,0,0,0,0,0,0,0,0,0,0,0,0,0,0,0,0,0,0,0,0,0,0,0,0,0,0,0,0,0,0,0,0,0,0,0,0,0,0,0,0,0,0,0,0,0,0,0,0,0,0,0,0,0,0,0,0,0,0,0,0,0,0,0,0,0,0,0,0,0,0,0,0,0,0,0,0,0,0,0,0,0,0,0,0
2557,0,0,0,0,0,0,0,0,0,0,0,0,0,0,0,0,0,0,0,0,0,0,0,0,0,0,0,0,0,0,0,0,0,0,0,0,0,0,0,0,0,0,0,0,0,0,0,0,0,0,0,0,0,0,0,0,0,0,0,0,0,0,0,0,0,0,0,0,0,0,0,0,0,0,0,0,0,0,0,0,0,0,0,0,0,0,0,0,0,0,0,0,0,0,0,0,0,0,0,0,0,0,0,0,0,0,0,0,0,0,0,0,0,0,0,0,0,0,0,0,0,0,0,0,0,0,0,0,0,0,0,0,0,0,0,0,0,0,0,0,0,0,0,0,0,0,0,0,0,0,0,0,0,0,0,0,0,0,0,0,0,0,0,0,0,0,0,0,0,0,0,0,0,0,0,0,0,0,0,0,0,0,0,0,0,0,0,0,0,0,0,0,0,0,0,0,0,0,0,0
2558,0,0,0,0,0,0,0,0,0,0,0,0,0,0,0,0,0,0,0,0,0,0,0,0,0,0,0,0,0,0,0,0,0,0,0,0,0,0,0,0,0,0,0,0,0,0,0,0,0,0,0,0,0,0,0,0,0,0,0,0,0,0,0,0,0,0,0,0,0,0,0,0,0,0,0,0,0,0,0,0,0,0,0,0,0,0,0,0,0,0,0,0,0,0,0,0,0,0,0,0,0,0,0,0,0,0,0,0,0,0,0,0,0,0,0,0,0,0,0,0,0,0,0,0,0,0,0,0,0,0,0,0,0,0,0,0,0,0,0,0,0,0,0,0,0,0,0,0,0,0,0,0,0,0,0,0,0,0,0,0,0,0,0,0,0,0,0,0,0,0,0,0,0,0,0,0,0,0,0,0,0,0,0,0,0,0,0,0,0,0,0,0,0,0,0,0,0,0,0,0
2559,0,0,0,0,0,0,0,0,0,0,0,0,0,0,0,0,0,0,0,0,0,0,0,0,0,0,0,0,0,0,0,0,0,0,0,0,0,0,0,0,0,0,0,0,0,0,0,0,0,0,0,0,0,0,0,0,0,0,0,0,0,0,0,0,0,0,0,0,0,0,0,0,0,0,0,0,0,0,0,0,0,0,0,0,0,0,0,0,0,0,0,0,0,0,0,0,0,0,0,0,0,0,0,0,0,0,0,0,0,0,0,0,0,0,0,0,0,0.0000000000,0,0,0,0,0,0,0,0,0,0,0,0,0,0,0,0,0,0,0,0,0,0,0,0,0,0,0,0,0,0,0,0,0,0,0,0,0,0,0,0,0,0,0,0,0,0,0,0,0,0,0,0,0,0,0,0,0,0,0,0,0,0,0,0,0,0,0,0,0,0,0,0,0,0,0,0,0,0,0,0,0,0
2560,105810.1676701676,27061.7389562922,83035.7340897226,114019.7849896922,44746.4454937384,117352.7313006189,49365.0412112876,66214.5363555013,125869.1627641462,21544.5732407160,83659.6736939213,7819.9958662753,74369.1838997723,52481.5709232051,87576.8648841447,23415.0416952630,102762.1954985008,50108.3769980541,1744.6920232753,97005.7170051821,36695.8251274749,22102.5401621128,43623.3574994052,65354.0978803071,67534.3848534088,119115.6056400637,62345.2184591279,91679.9301677606,33604.5042002720,103448.2987279667,80743.6066202826,17614.6420464330,91392.9164816629,100145.6108229774,82430.8873781441,78926.4346940727,80660.2825817618,37824.1585268541,67279.3811791659,22887.1311015777,35695.7650538846,113884.0575750631,41096.1421268971,56946.8240905941,53262.6292088080,14778.1766983773,105398.8195676248,116278.9759119257,11019.0045851802,71674.0903293875,11868.7838769369,45626.8788765815,60138.0022265309,107607.5561969877,67445.9469644663,32164.0716424227,56013.9197216476,51290.3064747406,71812.5121630546,32478.7219317064,93200.9669263767,77259.9676581618,22813.3588795913,105799.5313177809,81292.9132329020,67198.2496770596,28425.4533066662,96667.9027044985,105540.0041200465,113463.5963317578,87591.1389401677,7695.4326091144,82003.5765202622,53742.1858501186,94680.7245349268,58115.1564849910,18276.5774803571,110946.0178393939,41674.1626887721,96247.0382811332,12966.0462387342,117105.1931396505,32514.7935137816,76643.1864498670,66161.4255554752,109764.8711200338,32880.1302024664,96731.1017831302,64482.9050487391,75962.9946077687,87622.5940925309,88602.0397101198,109919.4759251634,73370.4253493446,50927.7009343251,20501.1159616347,87504.1237522629,94417.2014982317,27016.7394532172,63682.5102453066,39998.8580894264,45055.1392847628,22095.0648097239,58509.3076774782,89919.9052385252,39628.6039446195,74272.9914053977,99374.2432613545,29981.1069961571,61806.1966604829,100482.4923739561,88014.8269881289,117152.1257175112,50766.3502673927,8529.5114917262,80895.6706615399,38864.0681281425,46957.6652889906,69411.8414253077,20592.3552614775,57100.7850548045,44572.6034586127,98318.3584040340,16629.0286249151,7803.2803585553,25417.7849653977,29336.5718125441,8777.7598457660,102877.8357738656,73980.0083863146,64936.1241033847,19598.6576783851,17597.8895269424,56742.5025562375,112830.1333532789,26021.6801826927,80954.0182829036,36871.4183843256,117153.4589014003,57582.2762693208,58873.3306990817,70412.1523872243,61537.2089785307,82660.4078478397,72089.1286299592,45578.6261124672,38714.0324064383,7159.4029126755,39349.4468343077,108979.5267623454,16293.2235936602,83999.2743935852,50661.5968424166,103492.8116430508,102384.9267653647,91679.5995251965,77633.9387853344,51081.0364405050,71178.8223765179,45852.0313684593,45429.5515358343,40973.9638443861,101653.8741104671,62696.4307200083,116287.7452265464,58525.3694233705,46876.9159606124,86955.1327889721,75475.7769504008,112137.2705110270,68372.2144336508,28919.5478551206,82416.5009956514,82929.1843209326,76378.0279824963,98994.9866006515,33500.7966741057,108931.5992113091,86038.6889189811,50424.5783577501,91335.5437740841,65929.9531993218,100352.4594016040,82209.7796041111,61258.9133653875,111849.4891350661,37664.6231603890,95130.7848483735,97146.7806425968,104436.6834829270,79877.6218984555,79763.1412941889,77813.3559789083,51878.7887231146,119991.0386169863,86752.9368202594,34258.8201099204,86646.6272831376,72064.1963719303,62253.8175909322
2561,0,0,0,0,0,0,0,0,0,0,0,0,0,0,0,0,0,0,0,0,0,0,0,0,0,0,0,0,0,0,0,0,0,0,0,0,0,0,0,0,0,0,0,0,0,0,0,0,0,0,0,0,0,0,0,0,0,0,0,0,0,0,0,0,0,0,0,0,0,0,0,0,0,0,0,0,0,0,0,0,0,0,0,0,0,0,0,0,0,0,0,0,0,0,0,0,0,0,0,0,0,0,0,0,0,0,0,0,0,0,0,0,0,0,0,0,0,0,0,0,0,0,0,0,0,0,0,0,0,0,0,0,0,0,0,0,0,0,0,0,0,0,0,0,0,0,0,0,0,0,0,0,0,0,0,0,0,0,0,0,0,0,0,0,0,0,0,0,0,0,0,0,0,0,0,0,0,0,0,0,0,0,0,0,0,0,0,0,0,0,0,0,0,0,0,0,0,0,0,0
2562,0,0,0,0,0,0,0,0,0,0,0,0,0,0,0,0,0,0,0,0,0,0,0,0,0,0,0,0,0,0,0,0,0,0,0,0,0,0,0,0,0,0,0,0,0,0,0,0,0,0,0,0,0,0,0,0,0,0,0,0,0,0,0,0,0,0,0,0,0,0,0,0,0,0,0,0,0,0,0,0,0,0,0,0,0,0,0,0,0,0,0,0,0,0,0,0,0,0,0,0,0,0,0,0,0,0,0,0,0,0,0,0,0,0,0,0,0,0,0,0,0,0,0,0,0,0,0,0,0,0,0,0,0,0,0,0,0,0,0,0,0,0,0,0,0,0,0,0,0,0,0,0,0,0,0,0,0,0,0,0,0,0,0,0,0,0,0,0,0,0,0,0,0,0,0,0,0,0,0,0,0,0,0,0,0,0,0,0,0,0,0,0,0,0,0,0,0,0,0,0
2563,0,0,0,0,0,0,0,0,0,0,0,0,0,0,0,0,0,0,0,0,0,0,0,0,0,0,0,0,0,0,0,0,0,0,0,0,0,0,0,0,0,0,0,0,0,0,0,0,0,0,0,0,0,0,0,0,0,0,0,0,0,0,0,0,0,0,0,0,0,0,0,0,0,0,0,0,0,0,0,0,0,0,0,0,0,0,0,0,0,0,0,0,0,0,0,0,0,0,0,0,0,0,0,0,0,0,0,0,0,0,0,0,0,0,0,0,0,0,0,0,0,0,0,0,0,0,0,0,0,0,0,0,0,0,0,0,0,0,0,0,0,0,0,0,0,0,0,0,0,0,0,0,0,0,0,0,0,0,0,0,0,0,0,0,0,0,0,0,0,0,0,0,0,0,0,0,0,0,0,0,0,0,0,0,0,0,0,0,0,0,0,0,0,0,0,0,0,0,0,0
2564,84691.8961336593,65587.6843936346,38295.2327374044,123447.7727581831,57473.4268325033,76671.0027737651,37086.4560072392,34623.6759883069,118572.9609534785,24722.3664150260,85104.4318171479,66754.6231582379,60363.0407918054,14062.0022262006,44501.8253925719,40082.1285145739,93262.8363768780,39438.7466003656,46720.6048799700,59301.3595055964,17426.3892793073,43526.2941514743,17538.1703966172,76018.2651108936,24660.4572257782,103776.0045428172,61758.8578428947,76823.0387399430,30840.9585858216,60890.6508667904,42935.1968431669,62627.1749425417,68857.3482380365,97714.5479716496,75999.1422192428,33668.6652968002,89981.5044548249,11056.7860452024,46601.7102791388,26988.6115206202,34522.2153836547,109859.7812371458,44544.3631967283,20194.5562778614,29912.6021786178,50865.5110521473,89851.6723485312,106370.7346362475,38872.1882395837,75072.6762299379,37588.6882134016,25188.3780924818,52015.5872070782,70825.4157298023,22020.2831025174,19727.8335972793,64699.8796797129,53726.5317992914,65372.9956497437,50088.9481530786,87188.0218109409,35744.1217401639,32125.4661955646,80364.7575598036,61256.4694733675,29100.8856546513,17520.5238791581,52517.9219637330,65780.4545612924,94730.8873734793,52236.0762999076,59138.7640817418,70271.6151476672,17639.6964275062,83883.4982488439,39786.8524809527,59802.6954391354,97909.3472706253,27435.8234676990,77088.7739167621,32553.9538768577,78464.3122506941,39810.0024200513,74894.3996642953,51831.1549075179,103011.2162262310,25895.4290094784,56431.3513955132,39070.9515262887,32029.0540950713,47508.4521335377,43963.2192352911,68352.5353636175,81123.4539178522,46782.4038027358,54522.6965061291,93722.4891886579,52156.4174184109,32409.2553923392,68664.0974445432,36556.5082181876,4300.0442957254,57531.3354661267,28349.5758565098,87746.1895171387,11586.4223643619,39139.4508751197,76251.1162921212,16378.9137288296,17597.7454666773,94407.6949886031,70379.6026333585,110171.6166920820,21563.2298737205,45190.8233799934,86374.3692386390,49927.9726551157,11450.5924572296,68218.4593933841,25294.7259870474,44684.3345527508,5356.8853047285,84239.9136674417,32041.2976426480,50823.2619230587,25072.0614775398,20778.8957498684,39305.2234000487,84778.1468670228,28498.6364511393,58871.2574316185,34991.2555755865,38637.5596908830,60283.3848941565,97055.1228062226,37738.9807999111,65552.0013613089,22737.2866236190,104395.4615780966,55253.0821471178,71181.9767444368,25765.9407677200,20369.0664220892,38773.1382763946,54740.1877402815,52549.8518305921,28205.9619848898,43276.5021935121,7815.6340367735,99116.8619507459,31083.0929088580,42474.8164544989,63073.8314214937,65457.4418918611,61245.8189677384,53308.3824890206,80888.2263665805,58187.6383182014,30441.3938427902,23388.4310975901,40780.8009790829,20939.6542422899,89392.5209733866,45861.3954048734,123585.3873584849,34967.1166003878,48092.0141569577,76045.8984480954,65566.8246879419,72115.2368737190,75496.4504011530,27342.0042753616,48493.7453232452,38059.3194561277,71555.5271499885,55633.4254949701,45740.4679382658,89454.6862216425,71781.9493378694,12609.6699443208,82977.6045614802,31033.8588745383,61088.2200146964,78679.4074679377,70010.4481281804,73317.1244703464,16835.9361664417,92359.0348467841,89046.3725506933,81359.2671955423,80011.6020602268,39999.2880158228,60563.4796578319,16320.1946606336,80260.1865422611,65896.4465207503,14414.7674555858,48850.4421218889,34011.2483210115,25746.6460600128
2565,0,0,0,0,0,0,0,0,0,0,0,0,0,0,0,0,0,0,0,0,0,0,0,0,0,0,0,0,0,0,0,0,0,0,0,0,0,0,0,0,0,0,0,0,0,0,0,0,0,0,0,0,0,0,0,0,0,0,0,0,0,0,0,0,0,0,0,0,0,0,0,0,0,0,0,0,0,0,0,0,0,0,0,0,0,0,0,0,0,0,0,0,0,0,0,0,0,0,0,0,0,0,0,0,0,0,0,0,0,0,0,0,0,0,0,0,0,0,0,0,0,0,0,0,0,0,0,0,0,0,0,0,0,0,0,0,0,0,0,0,0,0,0,0,0,0,0,0,0,0,0,0,0,0,0,0,0,0,0,0,0,0,0,0,0,0,0,0,0,0,0,0,0,0,0,0,0,0,0,0,0,0,0,0,0,0,0,0,0,0,0,0,0,0,0,0,0,0,0,0
2566,64919.2612828132,77327.2375737469,44592.9999183545,107356.1232551318,47424.4481341303,64535.5762252668,56835.9245905163,15512.2288773832,99247.5229683228,31864.1584724285,68191.9019469420,69298.2408687963,41199.4304067182,20502.7552083779,36201.3787112471,55250.7551862706,73955.8670013683,23963.0184154980,54499.2120370829,44444.7558361551,36017.5322480436,41824.6933094641,9230.2228314471,62584.6786848372,18174.0598283029,83951.5788079210,45968.7067097167,57173.2287211181,24606.5909212883,51224.8957839869,27983.4541494120,70362.8778609433,49075.1594784585,79470.8488691189,57630.2833655045,32988.9095854699,75095.0939262773,21464.0695943519,26986.2584599073,41232.5448693311,52787.5198599282,91090.6407020686,33962.1238488270,1753.8229797659,18772.5996913960,62409.4795198745,70060.7362754202,86872.1814682933,43157.3937970042,59315.0952727078,48827.5204242012,44984.7462104139,34969.4115193164,55438.8852869904,25416.6045668941,20659.5304149154,51818.3478710756,40250.8985531571,47552.6257151144,44068.9523581433,68535.8840466688,25281.0023854604,32275.5593673190,60997.3242816281,41437.7649490788,14459.6671761052,30796.4525009638,46128.3015207565,52724.1098925581,74900.1441748856,35657.1588935630,63944.3577512579,51131.7940710985,12770.9314121909,64561.9880038665,21218.4066034940,69972.8719086621,78214.1250407640,16374.5318393095,57245.7125600196,40683.9789222461,64480.9294279032,33185.4666471929,57682.9799770242,33074.1172128560,83929.3567673741,43744.5191325933,43932.3659636228,19239.0049842055,26705.4050852539,34856.1438274417,39444.5659600947,57247.4650621655,66293.0789737265,32151.9771535281,62959.4250445890,77717.1969806503,42214.6419197072,48729.2670340443,53982.5241609457,25981.3308914427,23123.8794161763,69933.4793568121,16801.6577487213,69850.0813695591,14710.3467381417,22054.1329956159,56565.9646069107,24672.8297556608,17051.7776247254,75577.2570740330,50602.5634053310,90967.6999423750,0.5963074670,55553.4127095245,70517.8483657600,41049.1523828994,11084.8826911239,51619.9052746755,36507.4410188911,27292.8544746701,16353.8879216907,64574.4737672421,36410.3740666648,56333.1074216890,27516.3844132182,36862.5631675846,47487.6055668104,64936.1520481459,31695.3855517113,41679.1015316644,49021.0428799351,39650.9582632736,46119.5196010449,77233.3859823324,34621.2913629505,46032.1699913370,17125.7721885779,84681.4440702415,39717.1648441961,58844.2639810027,23786.0131466881,11846.9011264407,32588.9396596713,35273.9747938602,41191.9121165055,47217.6889406224,49109.3469886612,26861.1070238352,79693.4969579504,42710.4262570971,31718.8477201883,51874.6101325347,50913.4163059692,49671.9777212747,38939.8703865050,64698.4705220242,45718.5827960961,19176.8799648113,11297.2895280215,27702.5399627684,40419.9225624772,69831.2884881554,27006.0075340824,106927.8854185870,15569.8261656087,35404.5677556753,56873.4603926072,46940.1327984155,59318.9884080507,60894.9348474961,25542.5987293820,31013.2969545290,34904.8109906011,53758.9239969119,47446.4150904383,38824.0250883157,69631.6782490271,52266.0324979458,15439.8918347241,64030.2971439887,13451.3551045822,47556.0312201128,60834.5185891031,56500.6378856575,59218.7804184093,15175.1903293781,74189.5077719672,70004.4033585293,61710.3800674201,63009.8136064042,27033.3577338283,40949.3676859731,1433.9118880918,67205.9696242700,46053.5347157608,19610.0507469476,33953.0553027582,19244.5579496969,16229.2044848330
2567,0,0,0,0,0,0,0,0,0,0,0,0,0,0,0,0,0,0,0,0,0,0,0,0,0,0,0,0,0,0,0,0,0,0,0,0,0,0,0,0,0,0,0,0,0,0,0,0,0,0,0,0,0,0,0,0,0,0,0,0,0,0,0,0,0,0,0,0,0,0,0,0,0,0,0,0,0,0,0,0,0,0,0,0,0,0,0,0,0,0,0,0,0,0,0,0,0,0,0,0,0,0,0,0,0,0,0,0,0,0,0,0,0,0,0,0,0,0,0,0,0,0,0,0,0,0,0,0,0,0,0,0,0,0,0,0,0,0,0,0,0,0,0,0,0,0,0,0,0,0,0,0,0,0,0,0,0,0,0,0,0,0,0,0,0,0,0,0,0,0,0,0,0,0,0,0,0,0,0,0,0,0,0,0,0,0,0,0,0,0,0,0,0,0,0,0,0,0,0,0
2568,0,0,0,0,0,0,0,0,0,0,0,0,0,0,0,0,0,0,0,0,0,0,0,0,0,0,0,0,0,0,0,0,0,0,0,0,0,0,0,0,0,0,0,0,0,0,0,0,0,0,0,0,0,0,0,0,0,0,0,0,0,0,0,0,0,0,0,0,0,0,0,0,0,0,0,0,0,0,0,0,0,0,0,0,0,0,0,0,0,0,0,0,0,0,0,0,0,0,0,0,0,0,0,0,0,0,0,0,0,0,0,0,0,0,0,0,0,0,0,0,0,0,0,0,0,0,0,0,0,0,0,0,0,0,0,0,0,0,0,0,0,0,0,0,0,0,0,0,0,0,0,0,0,0,0,0,0,0,0,0,0,0,0,0,0,0,0,0,0,0,0,0,0,0,0,0,0,0,0,0,0,0,0,0,0,0,0,0,0,0,0,0,0,0,0,0,0,0,0,0
2569,77256.2768052495,81623.4417922037,26369.1866940990,125784.3185758066,65264.9678927844,61367.3286707698,48152.1774226915,27619.7638834849,115096.4176655769,39630.0431874155,86474.0994799326,81117.1883203625,58041.1672754760,19009.6556629455,28751.2408121856,55821.8272987398,90043.9624875139,42635.0021861400,62291.8385356882,45594.9637481266,32184.2326077642,55794.0772411536,23643.3873843649,81220.9800253293,10067.4494893180,97793.9133657838,64605.0844647253,72520.9165592014,40236.6919989721,45141.8380248817,30185.5333574174,78311.8550323534,61843.7473134536,96918.0090812117,75146.2832208368,18013.7283592381,93759.9580601248,23235.5048512701,43310.5939668135,42998.4797068234,48770.8005434328,107916.1990549041,51761.8650626091,15077.8023011863,30011.7989897973,66900.6952252618,84432.4941664633,102372.8281946516,53380.1665666594,77916.9457968082,53574.9750477702,36586.2161724208,53438.2144518039,57148.3494086324,9085.0320471348,31718.3631560004,70357.2505823444,58816.9556363112,65566.2433067443,60301.7720240046,85666.5214406258,21137.3946275060,44800.9680392231,71309.5576766455,56116.5742143474,18414.0121872673,33488.6774576345,36483.4982299230,50970.1129869975,87786.0578571122,40148.8651083206,74125.5005214431,67822.4320608435,17342.1645660442,80724.0067249808,39271.8097053212,75786.4649440837,93080.2953968161,33632.1613888533,70950.0844911656,47983.0621503303,63862.7614315347,49403.7963209351,75906.6965598406,50622.1680259507,100350.1434157382,40806.7852682370,41604.5989547926,34865.1600270047,16134.8174007572,33080.5026406072,27941.3961695595,52842.8817509381,84968.0745943628,50802.9865650237,70277.0987950288,96226.7986947897,36598.8845090628,47918.7564234885,72666.6745720728,43562.7875000575,17787.3192117336,73552.7806910360,24570.4854500046,87624.9225486783,22641.7625233097,28665.1465524558,68444.5133225499,31081.7629192376,3075.2889889880,92432.8639480158,65420.2948210165,107120.8881381087,22262.7695091925,61139.9018566427,89074.6860787977,58400.3923020691,16553.1135837503,70085.3817082596,41153.7322575932,45754.7346083023,16377.1107870501,79742.5202784455,46367.3352620945,65909.4599910349,38296.2962117485,36619.8861591057,54866.6919539054,78599.1682465855,14152.1759427536,60036.9685780290,50967.6344001348,51937.6264874448,64779.6501868818,91188.0473660378,49136.5645719595,62025.2052463631,31713.9556383781,99389.1069323382,58389.9922684099,77325.8334161336,9728.3873706404,17552.4489941039,22820.5191849774,51687.0633710278,59332.8345813959,41783.8167737695,58339.4860818826,24077.3773162262,95458.9776951495,47059.8767678274,27498.7641782017,70077.4479326796,51387.6106228438,45973.5309876160,39529.9666788729,83205.5064283826,64153.9006099500,17031.0075701213,27448.0468166838,46065.8731703496,34045.1679348528,85311.2549557038,44624.1687289531,125179.2190045285,33038.4568729050,53791.7406941654,73421.7561084865,64350.6715636439,57096.2398810860,79578.6330510331,38816.5351721105,37558.7733684591,22085.1276043627,71723.7867943908,39709.1010904337,55337.0807130866,82455.9036028187,68143.8855518726,21045.3825939200,80838.0635965444,22559.9076620622,46597.4518786038,78709.0074992235,75131.5171047269,58849.6793104595,26884.9372962044,91733.0451002043,86609.9352594900,73271.0572131701,81284.7414861246,26242.2890464215,56779.4890000215,15753.9503230882,65238.5637271524,59906.2119106801,27540.9250489338,35636.0304533060,22258.4783245840,17755.2066447023
2570,0,0,0,0,0,0,0,0,0,0,0,0,0,0,0,0,0,0,0,0,0,0,0,0,0,0,0,0,0,0,0,0,0,0,0,0,0,0,0,0,0,0,0,0,0,0,0,0,0,0,0,0,0,0,0,0,0,0,0,0,0,0,0,0,0,0,0,0,0,0,0,0,0,0,0,0,0,0,0,0,0,0,0,0,0,0,0,0,0,0,0,0,0,0,0,0,0,0,0,0,0,0,0,0,0,0,0,0,0,0,0,0,0,0,0,0,0,0,0,0,0,0,0,0,0,0,0,0,0,0,0,0,0,0,0,0,0,0,0,0,0,0,0,0,0,0,0,0,0,0,0,0,0,0,0,0,0,0,0,0,0,0,0,0,0,0,0,0,0,0,0,0,0,0,0,0,0,0,0,0,0,0,0,0,0,0,0,0,0,0,0,0,0,0,0,0,0,0,0,0
2571,0,0,0,0,0,0,0,0,0,0,0,0,0,0,0,0,0,0,0,0,0,0,0,0,0,0,0,0,0,0,0,0,0,0,0,0,0,0,0,0,0,0,0,0,0,0,0,0,0,0,0,0,0,0,0,0,0,0,0,0,0,0,0,0,0,0,0,0,0,0,0,0,0,0,0,0,0,0,0,0,0,0,0,0,0,0,0,0,0,0,0,0,0,0,0,0,0,0,0,0,0,0,0,0,0,0,0,0,0,0,0,0,0,0,0,0,0,0,0,0,0,0,0,0,0,0,0,0,0,0,0,0,0,0,0,0,0,0,0,0,0,0,0,0,0,0,0,0,0,0,0,0,0,0,0,0,0,0,0,0,0,0,0,0,0,0,0,0,0,0,0,0,0,0,0,0,0,0,0,0,0,0,0,0,0,0,0,0,0,0,0,0,0,0,0,0,0,0,0,0
2572,0,0,0,0,0,0,0,0,0,0,0,0,0,0,0,0,0,0,0,0,0,0,0,0,0,0,0,0,0,0,0,0,0,0,0,0,0,0,0,0,0,0,0,0,0,0,0,0,0,0,0,0,0,0,0,0,0,0,0,0,0,0,0,0,0,0,0,0,0,0,0,0,0,0,0,0,0,0,0,0,0,0,0,0,0,0,0,0,0,0,0,0,0,0,0,0,0,0,0,0,0,0,0,0,0,0,0,0,0,0,0,0,0,0,0,0,0,0,0,0,0,0,0,0,0,0,0,0,0,0,0,0,0,0,0,0,0,0,0,0,0,0,0,0,0,0,0,0,0,0,0,0,0,0,0,0,0,0,0,0,0,0,0,0,0,0,0,0,0,0,0,0,0,0,0,0,0,0,0,0,0,0,0,0,0,0,0,0,0,0,0,0,0,0,0,0,0,0,0,0
2573,0,0,0,0,0,0,0,0,0,0,0,0,0,0,0,0,0,0,0,0,0,0,0,0,0,0,0,0,0,0,0,0,0,0,0,0,0,0,0,0,0,0,0,0,0,0,0,0,0,0,0,0,0,0,0,0,0,0,0,0,0,0,0,0,0,0,0,0,0,0,0,0,0,0,0,0,0,0,0,0,0,0,0,0,0,0,0,0,0,0,0,0,0,0,0,0,0,0,0,0,0,0,0,0,0,0,0,0,0,0,0,0,0,0,0,0,0,0,0,0,0,0,0,0,0,0,0,0,0,0,0,0,0,0,0,0,0,0,0,0,0,0,0,0,0,0,0,0,0,0,0,0,0,0,0,0,0,0,0,0,0,0,0,0,0,0,0,0,0,0,0,0,0,0,0,0,0,0,0,0,0,0,0,0,0,0,0,0,0,0,0,0,0,0,0,0,0,0,0,0
2574,0,0,0,0,0,0,0,0,0,0,0,0,0,0,0,0,0,0,0,0,0,0,0,0,0,0,0,0,0,0,0,0,0,0,0,0,0,0,0,0,0,0,0,0,0,0,0,0,0,0,0,0,0,0,0,0,0,0,0,0,0,0,0,0,0,0,0,0,0,0,0,0,0,0,0,0,0,0,0,0,0,0,0,0,0,0,0,0,0,0,0,0,0,0,0,0,0,0,0,0,0,0,0,0,0,0,0,0,0,0,0,0,0,0,0,0,0,0,0,0,0,0,0,0,0,0,0,0,0,0,0,0,0,0,0,0,0,0,0,0,0,0,0,0,0,0,0,0,0,0,0,0,0,0,0,0,0,0,0,0,0,0,0,0,0,0,0,0,0,0,0,0,0,0,0,0,0,0,0,0,0,0,0,0,0,0,0,0,0,0,0,0,0,0,0,0,0,0,0,0
2575,0,0,0,0,0,0,0,0,0,0,0,0,0,0,0,0,0,0,0,0,0,0,0,0,0,0,0,0,0,0,0,0,0,0,0,0,0,0,0,0,0,0,0,0,0,0,0,0,0,0,0,0,0,0,0,0,0,0,0,0,0,0,0,0,0,0,0,0,0,0,0,0,0,0,0,0,0,0,0,0,0,0,0,0,0,0,0,0,0,0,0,0,0,0,0,0,0,0,0,0,0,0,0,0,0,0,0,0,0,0,0,0,0,0,0,0,0,0,0,0,0,0,0,0,0,0,0,0,0,0,0,0,0,0,0,0,0,0,0,0,0,0,0,0,0,0,0,0,0,0,0,0,0,0,0,0,0,0,0,0,0,0,0,0,0,0,0,0,0,0,0,0,0,0,0,0,0,0,0,0,0,0,0,0,0,0,0,0,0,0,0,0,0,0,0,0,0,0,0,0
2576,0,0,0,0,0,0,0,0,0,0,0,0,0,0,0,0,0,0,0,0,0,0,0,0,0,0,0,0,0,0,0,0,0,0,0,0,0,0,0,0,0,0,0,0,0,0,0,0,0,0,0,0,0,0,0,0,0,0,0,0,0,0,0,0,0,0,0,0,0,0,0,0,0,0,0,0,0,0,0,0,0,0,0,0,0,0,0,0,0,0,0,0,0,0,0,0,0,0,0,0,0,0,0,0,0,0,0,0,0,0,0,0,0,0,0,0,0,0,0,0,0,0,0,0,0,0,0,0,0,0,0,0,0,0,0,0,0,0,0,0,0,0,0,0,0,0,0,0,0,0,0,0,0,0,0,0,0,0,0,0,0,0,0,0,0,0,0,0,0,0,0,0,0,0,0,0,0,0,0,0,0,0,0,0,0,0,0,0,0,0,0,0,0,0,0,0,0,0,0,0
2577,0,0,0,0,0,0,0,0,0,0,0,0,0,0,0,0,0,0,0,0,0,0,0,0,0,0,0,0,0,0,0,0,0,0,0,0,0,0,0,0,0,0,0,0,0,0,0,0,0,0,0,0,0,0,0,0,0,0,0,0,0,0,0,0,0,0,0,0,0,0,0,0,0,0,0,0,0,0,0,0,0,0,0,0,0,0,0,0,0,0,0,0,0,0,0,0,0,0,0,0,0,0,0,0,0,0,0,0,0,0,0,0,0,0,0,0,0,0,0,0,0,0,0,0,0,0,0,0,0,0,0,0,0,0,0,0.0000000000,0,0,0,0,0,0,0,0,0,0,0,0,0,0,0,0,0,0,0,0,0,0,0,0,0,0,0,0,0,0,0,0,0,0,0,0,0,0,0,0,0,0,0,0,0,0,0,0,0,0,0,0,0,0,0,0,0,0,0,0,0,0,0,0
2578,0,0,0,0,0,0,0,0,0,0,0,0,0,0,0,0,0,0,0,0,0,0,0,0,0,0,0,0,0,0,0,0,0,0,0,0,0,0,0,0,0,0,0,0,0,0,0,0,0,0,0,0,0,0,0,0,0,0,0,0,0,0,0,0,0,0,0,0,0,0,0,0,0,0,0,0,0,0,0,0,0,0,0,0,0,0,0,0,0,0,0,0,0,0,0,0,0,0,0,0,0,0,0,0,0,0,0,0,0,0,0,0,0,0,0,0,0,0,0,0,0,0,0,0,0,0,0,0,0,0,0,0,0,0,0,0,0,0,0,0,0,0,0,0,0,0,0,0,0,0,0,0,0,0,0,0,0,0,0,0,0,0,0,0,0,0,0,0,0,0,0,0,0,0,0,0,0,0,0,0,0,0,0,0,0,0,0,0,0,0,0,0,0,0,0,0,0,0,0,0
2579,0,0,0,0,0,0,0,0,0,0,0,0,0,0,0,0,0,0,0,0,0,0,0,0,0,0,0,0,0,0,0,0,0,0,0,0,0,0,0,0,0,0,0,0,0,0,0,0,0,0,0,0,0,0,0,0,0,0,0,0,0,0,0,0,0,0,0,0,0,0,0,0,0,0,0,0,0,0,0,0,0,0,0,0,0,0,0,0,0,0,0,0,0,0,0,0,0,0,0,0,0,0,0,0,0,0,0,0,0,0,0,0,0,0,0,0,0,0,0,0,0,0,0,0,0,0,0,0,0,0,0,0,0,0,0,0,0,0,0,0,0,0,0,0,0,0,0,0,0,0,0,0,0,0,0,0,0,0,0,0,0,0,0,0,0,0,0,0,0,0,0,0,0,0,0,0,0,0,0,0,0,0,0,0,0,0,0,0,0,0,0,0,0,0,0,0,0,0,0,0
2580,0,0,0,0,0,0,0,0,0,0,0,0,0,0,0,0,0,0,0,0,0,0,0,0,0,0,0,0,0,0,0,0,0,0,0,0,0,0,0,0,0,0,0,0,0,0,0,0,0,0,0,0,0,0,0,0,0,0,0,0,0,0,0,0,0,0,0,0,0,0,0,0,0,0,0,0,0,0,0,0,0,0,0,0,0,0,0,0,0,0,0,0,0,0,0,0,0,0,0,0,0,0,0,0,0,0,0,0,0,0,0,0,0,0,0,0,0,0,0,0,0,0,0,0,0,0,0,0,0,0,0,0,0,0,0,0,0,0,0,0,0,0,0,0,0,0,0,0,0,0,0,0,0,0,0,0,0,0,0,0,0,0,0,0,0,0,0,0,0,0,0,0,0,0,0,0,0,0,0,0,0,0,0,0,0,0,0,0,0,0,0,0,0,0,0,0,0,0,0,0
2581,0,0,0,0,0,0,0,0,0,0,0,0,0,0,0,0,0,0,0,0,0,0,0,0,0,0,0,0,0,0,0,0,0,0,0,0,0,0,0,0,0,0,0,0,0,0,0,0,0,0,0,0,0,0,0,0,0,0,0,0,0,0,0,0,0,0,0,0,0,0,0,0,0,0,0,0,0,0,0,0,0,0,0,0,0,0,0,0,0,0,0,0,0,0,0,0,0,0,0,0,0,0,0,0,0,0,0,0,0,0,0,0,0,0,0,0,0,0,0,0,0,0,0,0,0,0,0,0,0,0,0,0,0,0,0,0,0,0,0,0,0,0,0,0,0,0,0,0,0,0,0,0,0,0,0,0,0,0,0,0,0,0,0,0,0,0,0,0,0,0,0,0,0,0,0,0,0,0,0,0,0,0,0,0,0,0,0,0,0,0,0,0,0,0,0,0,0,0,0,0
2582,0,0,0,0,0,0,0,0,0,0,0,0,0,0,0,0,0,0,0,0,0,0,0,0,0,0,0,0,0,0,0,0,0,0,0,0,0,0,0,0,0,0,0,0,0,0,0,0,0,0,0,0,0,0,0,0,0,0,0,0,0,0,0,0,0,0,0,0,0,0,0,0,0,0,0,0,0,0,0,0,0,0,0,0,0,0,0,0,0,0,0,0,0,0,0,0,0,0,0,0,0,0,0,0,0,0,0,0,0,0,0,0,0,0,0,0,0,0,0,0,0,0,0,0,0,0,0,0,0,0,0,0,0,0,0,0,0,0,0,0,0,0,0,0,0,0,0,0,0,0,0,0,0,0,0,0,0,0,0,0,0,0,0,0,0,0,0,0,0,0,0,0,0,0,0,0,0,0,0,0,0,0,0,0,0,0,0,0,0,0,0,0,0,0,0,0,0,0,0,0
2583,0,0,0,0,0,0,0,0,0,0,0,0,0,0,0,0,0,0,0,0,0,0,0,0,0,0,0,0,0,0,0,0,0,0,0,0,0,0,0,0,0,0,0,0,0,0,0,0,0,0,0,0,0,0,0,0,0,0,0,0,0,0,0,0,0,0,0,0,0,0,0,0,0,0,0,0,0,0,0,0,0,0,0,0,0,0,0,0,0,0,0,0,0,0,0,0,0,0,0,0,0,0,0,0,0,0,0,0,0,0,0,0,0,0,0,0,0,0,0,0,0,0,0,0,0,0,0,0,0,0,0,0,0,0,0,0,0,0,0,0,0,0,0,0,0,0,0,0,0,0,0,0,0,0,0,0,0,0,0,0,0,0,0,0,0,0,0,0,0,0,0,0,0,0,0,0,0,0,0,0,0,0,0,0,0,0,0,0,0,0,0,0,0,0,0,0,0,0,0,0
2584,0,0,0,0,0,0,0,0,0,0,0,0,0,0,0,0,0,0,0,0,0,0,0,0,0,0,0,0,0,0,0,0,0,0,0,0,0,0,0,0,0,0,0,0,0,0,0,0,0,0,0,0,0,0,0,0,0,0,0,0,0,0,0,0,0,0,0,0,0,0,0,0,0,0,0,0,0,0,0,0,0,0,0,0,0,0,0,0,0,0,0,0,0,0,0,0,0,0,0,0,0,0,0,0,0,0,0,0,0,0,0,0,0,0,0,0,0,0,0,0,0,0,0,0,0,0,0,0,0,0,0,0,0,0,0,0,0,0,0,0,0,0,0,0,0,0,0,0,0,0,0,0,0,0,0,0,0,0,0,0,0,0,0,0,0,0,0,0,0,0,0,0,0,0,0,0,0,0,0,0,0,0,0,0,0,0,0,0,0,0,0,0,0,0,0,0,0,0,0,0
2585,0,0,0,0,0,0,0,0,0,0,0,0,0,0,0,0,0,0,0,0,0,0,0,0,0,0,0,0,0,0,0,0,0,0,0,0,0,0,0,0,0,0,0,0,0,0,0,0,0,0,0,0,0,0,0,0,0,0,0,0,0,0,0,0,0,0,0,0,0,0,0,0,0,0,0,0,0,0,0,0,0,0,0,0,0,0,0,0,0,0,0,0,0,0,0,0,0,0,0,0,0,0,0,0,0,0,0,0,0,0,0,0,0,0,0,0,0,0,0,0,0,0,0,0,0,0,0,0,0,0,0,0,0,0,0,0,0,0,0,0,0,0,0,0,0,0,0,0,0,0,0,0,0,0,0,0,0,0,0,0,0,0,0,0,0,0,0,0,0,0,0,0,0,0,0,0,0,0,0,0,0,0,0,0,0,0,0,0,0,0,0,0,0,0,0,0,0,0,0,0
2586,0,0,0,0,0,0,0,0,0,0,0,0,0,0,0,0,0,0,0,0,0,0,0,0,0,0,0,0,0,0,0,0,0,0,0,0,0,0,0,0,0,0,0,0,0,0,0,0,0,0,0,0,0,0,0,0,0,0,0,0,0,0,0,0,0,0,0,0,0,0,0,0,0,0,0,0,0,0,0,0,0,0,0,0,0,0,0,0,0,0.0000000000,0,0,0,0,0,0,0,0,0,0,0,0,0,0,0,0,0,0,0,0,0,0,0,0,0,0,0,0,0,0,0,0,0,0,0,0,0,0,0,0,0,0,0,0,0,0,0,0,0,0,0,0,0,0,0,0,0,0,0,0,0,0,0,0,0,0,0,0,0,0,0,0,0,0,0,0,0,0,0,0,0,0,0,0,0,0,0,0,0,0,0,0,0,0,0,0,0,0,0,0,0,0,0,0,0,0,0,0,0,0
2587,0,0,0,0,0,0,0,0,0,0,0,0,0,0,0,0,0,0,0,0,0,0,0,0,0,0,0,0,0,0,0,0,0,0,0,0,0,0,0,0,0,0,0,0,0,0,0,0,0,0,0,0,0,0,0,0,0,0,0,0,0,0,0,0,0,0,0,0,0,0,0,0,0,0,0,0,0,0,0,0,0,0,0,0,0,0,0,0,0,0,0,0,0,0,0,0,0,0,0,0,0,0,0,0,0,0,0,0,0,0,0,0,0,0,0,0,0,0,0,0,0,0,0,0,0,0,0,0,0,0,0,0,0,0,0,0,0,0,0,0,0,0,0,0,0,0,0,0,0,0,0,0,0,0,0,0,0,0,0,0,0,0,0,0,0,0,0,0,0,0,0,0,0,0,0,0,0,0,0,0,0,0,0,0,0,0,0,0,0,0,0,0,0,0,0,0,0,0,0,0
2588,0,0,0,0,0,0,0,0,0,0,0,0,0,0,0,0,0,0,0,0,0,0,0,0,0,0,0,0,0,0,0,0,0,0,0,0,0,0,0,0,0,0,0,0,0,0,0,0,0,0,0,0,0,0,0,0,0,0,0,0,0,0,0,0,0,0,0,0,0,0,0,0,0,0,0,0,0,0,0,0,0,0,0,0,0,0,0,0,0,0,0,0,0,0,0,0,0,0,0,0,0,0,0,0,0,0,0,0,0,0,0,0,0,0,0,0,0,0,0,0,0,0,0,0,0,0,0,0,0,0,0,0,0,0,0,0,0,0,0,0,0,0,0,0,0,0,0,0,0,0,0,0,0,0,0,0,0,0,0,0,0,0,0,0,0,0,0,0,0,0,0,0,0,0,0,0,0,0,0,0,0,0,0,0,0,0,0,0,0,0,0,0,0,0,0,0,0,0,0,0
2589,0,0,0,0,0,0,0,0,0,0,0,0,0,0,0,0,0,0,0,0,0,0,0,0,0,0,0,0,0,0,0,0,0,0,0,0,0,0,0,0,0,0,0,0,0,0,0,0,0,0,0,0,0,0,0,0,0,0,0,0,0,0,0,0,0,0,0,0,0,0,0,0,0,0,0,0,0,0,0,0,0,0,0,0,0,0,0,0,0,0,0,0,0,0,0,0,0,0,0,0,0,0,0,0,0,0,0,0,0,0,0,0,0,0,0,0,0,0,0,0,0,0,0,0,0,0,0,0,0,0,0,0,0,0,0,0,0,0,0,0,0,0,0,0,0,0,0,0,0,0,0,0,0,0,0,0,0,0,0,0,0,0,0,0,0,0,0,0,0,0,0,0,0,0,0,0,0,0,0,0,0,0,0,0,0,0,0,0,0,0,0,0,0,0,0,0,0,0,0,0
2590,0,0,0,0,0,0,0,0,0,0,0,0,0,0,0,0,0,0,0,0,0,0,0,0,0,0,0,0,0,0,0,0,0,0,0,0,0,0,0,0,0,0,0,0,0,0,0,0,0,0,0,0,0,0,0,0,0,0,0,0,0,0,0,0,0,0,0,0,0,0,0,0,0,0,0,0,0,0,0,0,0,0,0,0,0,0,0,0,0,0,0,0,0,0,0,0,0,0,0,0,0,0,0,0,0,0,0,0,0,0,0,0,0,0,0,0,0,0,0,0,0,0,0,0,0,0,0,0,0,0,0,0,0,0,0,0,0,0,0,0,0,0,0,0,0,0,0,0,0,0,0,0,0,0,0,0,0,0,0,0,0,0,0,0,0,0,0,0,0,0,0,0,0,0,0,0,0,0,0,0,0,0,0,0,0,0,0,0,0,0,0,0,0,0,0,0,0,0,0,0
2591,0,0,0,0,0,0,0,0,0,0,0,0,0,0,0,0,0,0,0,0,0,0,0,0,0,0,0,0,0,0,0,0,0,0,0,0,0,0,0,0,0,0,0,0,0,0,0,0,0,0,0,0,0,0,0,0,0,0,0,0,0,0,0,0,0,0,0,0,0,0,0,0,0,0,0,0,0,0,0,0,0,0,0,0,0,0,0,0,0,0,0,0,0,0,0,0,0,0,0,0,0,0,0,0,0,0,0,0,0,0,0,0,0,0,0,0,0,0,0,0,0,0,0,0,0,0,0,0,0,0,0,0,0,0,0,0,0,0,0,0,0,0,0,0,0,0,0,0,0,0,0,0,0,0,0,0,0,0,0,0,0,0,0,0,0,0,0,0,0,0,0,0,0,0,0,0,0,0,0,0,0,0,0,0,0,0,0,0,0,0,0,0,0,0,0,0,0,0,0,0
2592,0,0,0,0,0,0,0,0,0,0,0,0,0,0,0,0,0,0,0,0,0,0,0,0,0,0,0,0,0,0,0,0,0,0,0,0,0,0,0,0,0,0,0,0,0,0,0,0,0,0,0,0,0,0,0,0,0,0,0,0,0,0,0,0,0,0,0,0,0,0,0,0,0,0,0,0,0,0,0,0,0,0,0,0,0,0,0,0,0,0,0,0,0,0,0,0,0,0,0,0,0,0,0,0,0,0,0,0,0,0,0,0,0,0,0,0,0,0,0,0,0,0,0,0,0,0,0,0,0,0,0,0,0,0,0,0,0,0,0,0,0,0,0,0,0,0,0,0,0,0,0,0,0,0,0,0,0,0,0,0,0,0,0,0,0,0,0,0,0,0,0,0,0,0,0,0,0,0,0,0,0,0,0,0,0,0,0,0,0,0,0,0,0,0,0,0,0,0,0,0
2593,0,0,0,0,0,0,0,0,0,0,0,0,0,0,0,0,0,0,0,0,0,0,0,0,0,0,0,0,0,0,0,0,0,0,0,0,0,0,0,0,0,0,0,0,0,0,0,0,0,0,0,0,0,0,0,0,0,0,0,0,0,0,0,0,0,0,0,0,0,0,0,0,0,0,0,0,0,0,0,0,0,0,0,0,0,0,0,0,0,0,0,0,0,0,0,0,0,0,0,0,0,0,0,0,0,0,0,0,0,0,0,0,0,0,0,0,0,0,0,0,0,0,0,0,0,0,0,0,0,0,0,0,0,0,0,0,0,0,0,0,0,0,0,0,0,0,0,0,0,0,0,0,0,0,0,0,0,0,0,0,0,0,0,0,0,0,0,0,0,0,0,0,0,0,0,0,0,0,0,0,0,0,0,0,0,0,0,0,0,0,0,0,0,0,0,0,0,0,0,0
2594,0,0,0,0,0,0,0,0,0,0,0,0,0,0,0,0,0,0,0,0,0,0,0,0,0,0,0,0,0,0,0,0,0,0,0,0,0,0,0,0,0,0,0,0,0,0,0,0,0,0,0,0,0,0,0,0,0,0,0,0,0,0,0,0,0,0,0,0,0,0,0,0,0,0,0,0,0,0,0,0,0,0,0,0,0,0,0,0,0,0,0,0,0,0,0,0,0,0,0,0,0,0,0,0,0,0,0,0,0,0,0,0,0,0,0,0,0,0,0,0,0,0,0,0,0,0,0,0,0,0,0,0,0,0,0,0,0,0,0,0,0,0,0,0,0,0,0,0,0,0,0,0,0,0,0,0,0,0,0,0,0,0,0,0,0,0,0,0,0,0,0,0,0,0,0,0,0,0,0,0,0,0,0,0,0,0,0,0,0,0,0,0,0,0,0,0,0,0,0,0
2595,0,0,0,0,0,0,0,0,0,0,0,0,0,0,0,0,0,0,0,0,0,0,0,0,0,0,0,0,0,0,0,0,0,0,0,0,0,0,0,0,0,0,0,0,0,0,0,0,0,0,0,0,0,0,0,0,0,0,0,0,0,0,0,0,0,0,0,0,0,0,0,0,0,0,0,0,0,0,0,0,0,0,0,0,0,0,0,0,0,0,0,0,0,0,0,0,0,0,0,0,0,0,0,0,0,0,0,0,0,0,0,0,0,0,0,0,0,0,0,0,0,0,0,0,0,0,0,0,0,0,0,0,0,0,0,0,0,0,0,0,0,0,0,0,0,0,0,0,0,0,0,0,0,0,0,0,0,0,0,0,0,0,0,0,0,0,0,0,0,0,0,0,0,0,0,0,0,0,0,0,0,0,0,0,0,0,0,0,0,0,0,0,0,0,0,0,0,0,0,0
2596,0,0,0,0,0,0,0,0,0,0,0,0,0,0,0,0,0,0,0,0,0,0,0,0,0,0,0,0,0,0,0,0,0,0,0,0,0,0,0,0,0,0,0,0,0,0,0,0,0,0,0,0,0,0,0,0,0,0,0,0,0,0,0,0,0,0,0,0,0,0,0,0,0,0,0,0,0,0,0,0,0,0,0,0,0,0,0,0,0,0,0,0,0,0,0,0,0,0,0,0,0,0,0,0,0,0,0,0,0,0,0,0,0,0,0,0,0,0,0,0,0,0,0,0,0,0,0,0,0,0,0,0,0,0,0,0,0,0,0,0,0,0,0,0,0,0,0,0,0,0,0,0,0,0,0,0,0,0,0,0,0,0,0,0,0,0,0,0,0,0,0,0,0,0,0,0,0,0,0,0,0,0,0,0,0,0,0,0,0,0,0,0,0,0,0,0,0,0,0,0
2597,0,0,0,0,0,0,0,0,0,0,0,0,0,0,0,0,0,0,0,0,0,0,0,0,0,0,0,0,0,0,0,0,0,0,0,0,0,0,0,0,0,0,0,0,0,0,0,0,0,0,0,0,0,0,0,0,0,0,0,0,0,0,0,0,0,0,0,0,0,0,0,0,0,0,0,0,0,0,0,0,0,0,0,0,0,0,0,0,0,0,0,0,0,0,0,0,0,0,0,0,0,0,0,0,0,0,0,0,0,0,0,0,0,0,0,0,0,0,0,0,0,0,0,0,0,0,0,0,0,0,0,0,0,0,0,0,0,0,0,0,0,0,0,0,0,0,0,0,0,0,0,0,0,0,0,0,0,0,0,0,0,0,0,0,0,0,0,0,0,0,0,0,0,0,0,0,0,0,0,0,0,0,0,0,0,0,0,0,0,0,0,0,0,0,0,0,0,0,0,0
2598,0,0,0,0,0,0,0,0,0,0,0,0,0,0,0,0,0,0,0,0,0,0,0,0,0,0,0,0,0,0,0,0,0,0,0,0,0,0,0,0,0,0,0,0,0,0,0,0,0,0,0,0,0,0,0,0,0,0,0,0,0,0,0,0,0,0,0,0,0,0,0,0,0,0,0,0,0,0,0,0,0,0,0,0,0,0,0,0,0,0,0,0,0,0,0,0,0,0,0,0,0,0,0,0,0,0,0,0,0,0,0,0,0,0,0,0,0,0,0,0,0,0,0,0,0,0,0,0,0,0,0,0,0,0,0,0,0,0,0,0,0,0,0,0,0,0,0,0,0,0,0,0,0,0,0,0,0,0,0,0,0,0,0,0,0,0,0,0,0,0,0,0,0,0,0,0,0,0,0,0,0,0,0,0,0,0,0,0,0,0,0,0,0,0,0,0,0,0,0,0
2599,0,0,0,0,0,0,0,0,0,0,0,0,0,0,0,0,0,0,0,0,0,0,0,0,0,0,0,0,0,0,0,0,0,0,0,0,0,0,0,0,0,0,0,0,0,0,0,0,0,0,0,0,0,0,0,0,0,0,0,0,0,0,0,0,0,0,0,0,0,0,0,0,0,0,0,0,0,0,0,0,0,0,0,0,0,0,0,0,0,0,0,0,0,0,0,0,0,0,0,0,0,0,0,0,0,0,0,0,0,0,0,0,0,0,0,0,0,0,0,0,0,0,0,0,0,0,0,0,0,0,0,0,0,0,0,0,0,0,0,0,0,0,0,0,0,0,0,0,0,0,0,0,0,0,0,0,0,0,0,0,0,0,0,0,0,0,0,0,0,0,0,0,0,0,0,0,0,0,0,0,0,0,0,0,0,0,0,0,0,0,0,0,0,0,0,0,0,0,0,0
2600,0,0,0,0,0,0,0,0,0,0,0,0,0,0,0,0,0,0,0,0,0,0,0,0,0,0,0,0,0,0,0,0,0,0,0,0,0,0,0,0,0,0,0,0,0,0,0,0,0,0,0,0,0,0,0,0,0,0,0,0,0,0,0,0,0,0,0,0,0,0,0,0,0,0,0,0,0,0,0,0,0,0,0,0,0,0,0,0,0,0,0,0,0,0,0,0,0,0,0,0,0,0,0,0,0,0,0,0,0,0,0,0,0,0,0,0,0,0,0,0,0,0,0,0,0,0,0,0,0,0,0,0,0,0,0,0,0,0,0,0,0,0,0,0,0,0,0,0,0,0,0,0,0,0,0,0,0,0,0,0,0,0,0,0,0,0,0,0,0,0,0,0,0,0,0,0,0,0,0,0,0,0,0,0,0,0,0,0,0,0,0,0,0,0,0,0,0,0,0,0
2601,0,0,0,0,0,0,0,0,0,0,0,0,0,0,0,0,0,0,0,0,0,0,0,0,0,0,0,0,0,0,0,0,0,0,0,0,0,0,0,0,0,0,0,0,0,0,0,0,0,0,0,0,0,0,0,0,0,0,0,0,0,0,0,0,0,0,0,0,0,0,0,0,0,0,0,0,0,0,0,0,0,0,0,0,0,0,0,0,0,0,0,0,0,0,0,0,0,0,0,0,0,0,0,0,0,0,0,0,0,0,0,0,0,0,0,0,0,0,0,0,0,0,0,0,0,0,0,0,0,0,0,0,0,0,0,0,0,0,0,0,0,0,0,0,0,0,0,0,0,0,0,0,0,0,0,0,0,0,0,0,0,0,0,0,0,0,0,0,0,0,0,0,0,0,0,0,0,0,0,0,0,0,0,0,0,0,0,0,0,0,0,0,0,0,0,0,0,0,0,0
2602,48346.2804420234,106214.8122076805,44991.5517929235,110214.8366237659,66331.2850480125,36386.9481594960,79992.4150987238,16364.4968596012,90186.9910637289,60754.5411598133,71651.7021697108,96239.7806949369,40268.4483524730,40937.2639828882,18111.1889510261,83383.9997256293,66691.1533859418,40931.8883108698,83226.6643202469,15548.5102736195,61897.0532107589,68048.7591692816,37950.5000452560,74599.4268669296,22145.4389131250,69970.0315071772,55752.1642794363,48766.8912650136,50615.3131456228,26342.1178029310,164.9966347882,98938.7238737246,34639.6987510704,77243.8440760990,57361.3258028182,29373.8840369239,82964.6169214302,48899.6115044665,28271.9588655312,69485.1858786433,78991.6363838825,85676.0818893040,54580.3294044135,25551.1089841483,30238.2542981224,91285.5429299626,57966.7594155354,77159.4611652603,71463.6667537046,66946.2066764622,77679.7265415390,68229.6518932899,44396.1477310302,26687.5465035572,32858.0330662000,49406.8161037686,66170.2200186159,55685.6155841001,51255.5688768657,67319.1145979037,65558.0152082861,12972.8301154863,60009.4806057785,40741.1357941029,33174.9585179108,15466.9640809115,59029.1032380387,27125.8323487812,24342.4476170714,59075.4935526223,11136.4167356718,91869.7935284337,48019.4578464310,32861.1952155555,58167.7884824876,32056.8592207701,98847.3711015021,67044.7059587679,41550.0237656769,44296.6164603991,69557.6516498277,35613.7556345048,57445.5239514107,61598.9254167434,37126.6324958513,77312.8655740270,70309.1031881657,16563.0036455567,22809.8881814058,21444.0439803055,13654.8686686907,26087.8009432934,30182.7237858957,75160.2452898052,47691.6523558296,91703.6586940235,82721.3531846887,18759.7159566375,76306.3910115495,64753.8465935843,48515.7093701835,47329.3132411536,98764.7384296497,23387.6537610095,69888.6243261138,43323.3002605062,9641.6244874639,39507.2047636498,53446.0025488080,29340.1783354049,71011.4151579482,41325.5028880463,83151.3268038054,30744.9325276613,84450.0667801703,76577.1584073454,62161.0971787774,36395.8939564538,58307.3278534333,65253.7394378325,38639.3348166741,42343.0038294462,55021.2037841939,64946.9361211589,84606.2898250053,56093.9750672712,64370.8125759516,76318.2131616173,51350.2620933262,34199.5953711356,48783.9489813222,77439.1545802160,67173.6248049264,59207.1782241054,63759.5550175099,60807.0700392602,41099.2445832660,44897.2482551092,72831.4982836110,51460.8041762927,73137.2203124930,26329.1563394934,24230.9854008953,20649.5044737782,34060.8098458806,59479.2124926636,72517.2086711199,77595.3079713088,52787.5796582210,71087.2643835973,71484.5528743510,11911.9093951297,68714.3307948440,22022.8115226322,22716.9411787552,13453.1572316019,70561.3785741171,61675.6811238770,15044.9151487100,36043.9430857461,46946.2317342343,64975.6785598934,60866.2133764754,33321.0165684841,108271.0887391715,27093.9368231183,53105.8386165249,52555.6719839362,47491.6365478599,30912.9583350438,70876.1056168914,53289.4173445224,784.1756269707,26303.3709606346,56358.9695364550,25330.2712819210,62021.8250973082,53882.2197856975,46083.1596651042,38262.1306873716,60062.4132720937,15578.6708579986,19057.9145803182,62164.5344223541,69131.5175527154,30353.2107096711,44011.1322124394,72735.1795237292,64817.7868621265,43719.8844261631,66824.8835015358,6732.0875966002,36372.2057434728,30658.5536657386,38561.8610164302,34713.8048859172,48434.4302602976,784.1756269707,12611.0653052346,19759.6795767683
2603,0,0,0,0,0,0,0,0,0,0,0,0,0,0,0,0,0,0,0,0,0,0,0,0,0,0,0,0,0,0,0,0,0,0,0,0,0,0,0,0,0,0,0,0,0,0,0,0,0,0,0,0,0,0,0,0,0,0,0,0,0,0,0,0,0,0,0,0,0,0,0,0,0,0,0,0,0,0,0,0,0,0,0,0,0,0,0,0,0,0,0,0,0,0,0,0,0,0,0,0,0,0,0,0,0,0,0,0,0,0,0,0,0,0,0,0,0,0,0,0,0,0,0,0,0,0,0,0,0,0,0,0,0,0,0,0,0,0,0,0,0,0,0,0,0,0,0,0,0,0,0,0,0,0,0,0,0,0,0,0,0,0,0,0,0,0,0,0,0,0,0,0,0,0,0,0,0,0,0,0,0,0,0,0,0,0,0,0,0,0,0,0,0,0,0,0,0,0,0,0
2604,0,0,0,0,0,0,0,0,0,0,0,0,0,0,0,0,0,0,0,0,0,0,0,0,0,0,0,0,0,0,0,0,0,0,0,0,0,0,0,0,0,0,0,0,0,0,0,0,0,0,0,0,0,0,0,0,0,0,0,0,0,0,0,0,0,0,0,0,0,0,0,0,0,0,0,0,0,0,0,0,0,0,0,0,0,0,0,0,0,0,0,0,0,0,0,0,0,0,0,0,0,0,0,0,0,0,0,0,0,0,0,0,0,0,0,0,0,0,0,0,0,0,0,0,0,0,0,0,0,0,0,0,0,0,0,0,0,0,0,0,0,0,0,0,0,0,0,0,0,0,0,0,0,0,0,0,0,0,0,0,0,0,0,0,0,0,0,0,0,0,0,0,0,0,0,0,0,0,0,0,0,0,0,0,0,0,0,0,0,0,0,0,0,0,0,0,0,0,0,0
2605,0,0,0,0,0,0,0,0,0,0,0,0,0,0,0,0,0,0,0,0,0,0,0,0,0,0,0,0,0,0,0,0,0,0,0,0,0,0,0,0,0,0,0,0,0,0,0,0,0,0,0,0,0,0,0,0,0,0,0,0,0,0,0,0,0,0,0,0,0,0,0,0,0,0,0,0,0,0,0,0,0,0,0,0,0,0,0,0,0,0,0,0,0,0,0,0,0,0,0,0,0,0,0,0,0,0,0,0,0,0,0,0,0,0,0,0,0,0,0,0,0,0,0,0,0,0,0,0,0,0,0,0,0,0,0,0,0,0,0,0,0,0,0,0,0,0,0,0,0,0,0,0,0,0,0,0,0,0,0,0,0,0,0,0,0,0,0,0,0,0,0,0,0,0,0,0,0,0,0,0,0,0,0,0,0,0,0,0,0,0,0,0,0,0,0,0,0,0,0,0
2606,0,0,0,0,0,0,0,0,0,0,0,0,0,0,0,0,0,0,0,0,0,0,0,0,0,0,0,0,0,0,0,0,0,0,0,0,0,0,0,0,0,0,0,0,0,0,0,0,0,0,0,0,0,0,0,0,0,0,0,0,0,0,0,0,0,0,0,0,0,0,0,0,0,0,0,0,0,0,0,0,0,0,0,0,0,0,0,0,0,0,0,0,0,0,0,0,0,0,0,0,0,0,0,0,0,0,0,0,0,0,0,0,0,0,0,0,0,0,0,0,0,0,0,0,0,0,0,0,0,0,0,0,0,0,0,0,0,0,0,0,0,0,0,0,0,0,0,0,0,0,0,0,0,0,0,0,0,0,0,0,0,0,0,0,0,0,0,0,0,0,0,0,0,0,0,0,0,0,0,0,0,0,0,0,0,0,0,0,0,0,0,0,0,0,0,0,0,0,0,0
2607,0,0,0,0,0,0,0,0,0,0,0,0,0,0,0,0,0,0,0,0,0,0,0,0,0,0,0,0,0,0,0,0,0,0,0,0,0,0,0,0,0,0,0,0,0,0,0,0,0,0,0,0,0,0,0,0,0,0,0,0,0,0,0,0,0,0,0,0,0,0,0,0,0,0,0,0,0,0,0,0,0,0,0,0,0,0,0,0,0,0,0,0,0,0,0,0,0,0,0,0,0,0,0,0,0,0,0,0,0,0,0,0,0,0,0,0,0,0,0,0,0,0,0,0,0,0,0,0,0,0,0,0,0,0,0,0,0,0,0,0,0,0,0,0,0,0,0,0,0,0,0,0,0,0,0,0,0,0,0,0,0,0,0,0,0,0,0,0,0,0,0,0,0,0,0,0,0,0,0,0,0,0,0,0,0,0,0,0,0,0,0,0,0,0,0,0,0,0,0,0
2608,0,0,0,0,0,0,0,0,0,0,0,0,0,0,0,0,0,0,0,0,0,0,0,0,0,0,0,0,0,0,0,0,0,0,0,0,0,0,0,0,0,0,0,0,0,0,0,0,0,0,0,0,0,0,0,0,0,0,0,0,0,0,0,0,0,0,0,0,0,0,0,0,0,0,0,0,0,0,0,0,0,0,0,0,0,0,0,0,0,0,0,0,0,0,0,0,0,0,0,0,0,0,0,0,0,0,0,0,0,0,0,0,0,0,0,0,0,0,0,0,0,0,0,0,0,0,0,0,0,0,0,0,0,0,0,0,0,0,0,0,0,0,0,0,0,0,0,0,0,0,0,0,0,0,0,0,0,0,0,0,0,0,0,0,0,0,0,0,0,0,0,0,0,0,0,0,0,0,0,0,0,0,0,0,0,0,0,0,0,0,0,0,0,0,0,0,0,0,0,0
2609,0,0,0,0,0,0,0,0,0,0,0,0,0,0,0,0,0,0,0,0,0,0,0,0,0,0,0,0,0,0,0,0,0,0,0,0,0,0,0,0,0,0,0,0,0,0,0,0,0,0,0,0,0,0,0,0,0,0,0,0,0,0,0,0,0,0,0,0,0,0,0,0,0,0,0,0,0,0,0,0,0,0,0,0,0,0,0,0,0,0,0,0,0,0,0,0,0,0,0,0,0,0,0,0,0,0,0,0,0,0,0,0,0,0,0,0,0,0,0,0,0,0,0,0,0,0,0,0,0,0,0,0,0,0,0,0,0,0,0,0,0,0,0,0,0,0,0,0,0,0,0,0,0,0,0,0,0,0,0,0,0,0,0,0,0,0,0,0,0,0,0,0,0,0,0,0,0,0,0,0,0,0,0,0,0,0,0,0,0,0,0,0,0,0,0,0,0,0,0,0
2610,0,0,0,0,0,0,0,0,0,0,0,0,0,0,0,0,0,0,0,0,0,0,0,0,0,0,0,0,0,0,0,0,0,0,0,0,0,0,0,0,0,0,0,0,0,0,0,0,0,0,0,0,0,0,0,0,0,0,0,0,0,0,0,0,0,0,0,0,0,0,0,0,0,0,0,0,0,0,0,0,0,0,0,0,0,0,0,0,0,0,0,0,0,0,0,0,0,0,0,0,0,0,0,0,0,0,0,0,0,0,0,0,0,0,0,0,0,0,0,0,0,0,0,0,0,0,0,0,0,0,0,0,0,0,0,0,0,0,0,0,0,0,0,0,0,0,0,0,0,0,0,0,0,0,0,0,0,0,0,0,0,0,0,0,0,0,0,0,0,0,0,0,0,0,0,0,0,0,0,0,0,0,0,0,0,0,0,0,0,0,0,0,0,0,0,0,0,0,0,0
2611,68124.5177978423,117094.1938922871,31196.0226192307,134428.6457664607,88464.1426838707,28163.2142944615,80274.9936919640,37976.2040752918,111737.2977246142,73737.4606484232,96063.5622492003,113427.6908815819,64692.0405015136,45420.0332091789,16006.4854508966,91330.3942858508,89486.6450809457,62849.9247823512,96773.0993542303,23439.1873552340,67431.6209843942,86080.0780791723,53118.5176124126,98548.2902082071,27748.1107233739,89881.8851153305,79776.1979458276,71901.3042323801,68745.6339101834,18003.6198237214,23104.7753829829,112859.8220693473,56773.9719137136,100996.5817064543,81642.9109648374,20221.3558522002,107365.3737064132,58341.9583036479,52437.0578126274,78526.0419901725,83427.1224985172,108556.2642884350,75798.3022435439,39444.5976833028,50418.1367562478,102293.4222477520,79383.5393311650,98797.6580746920,86584.0020376836,91296.5094285850,88830.7594173140,69792.0334612017,68208.8736305606,31670.7054983811,31113.8793777537,63905.5133669264,89583.0130145526,78629.5983935047,75687.5996396550,87510.3653160777,89368.3894223658,19136.0412805324,76335.6635600164,58724.6189893356,57113.4834449464,30545.6501536264,68801.7425739552,747.3300240360,21424.7406811288,78515.8363900119,27742.3715536509,107543.3885223651,72166.1484156198,41622.6091673822,81455.5736292831,54876.8433843961,110979.0200840904,88441.2018056972,60049.1296239217,66196.8099506515,82455.7050381770,33462.8955697267,76892.8844642765,86040.8227557422,61363.9281960032,100019.2106464894,75990.7549024613,15042.3653516780,45998.6331634521,19539.0952679794,15477.4868570080,18150.0435097146,19230.6472388198,99470.4467521758,70354.2915947578,105002.9085574347,107153.8829932934,3588.7219647170,83345.1727803228,88774.2608465906,68693.1847512934,53315.4958133011,109065.8781207690,42678.6244589715,94062.1020750888,55692.7617360286,30181.1527125325,59850.6246018086,65375.4438952520,34004.8576401825,94397.0879783462,64607.4236239131,105332.1304638134,47447.4095891061,96287.4603772527,101016.3240900373,83344.1846436786,48415.3244080764,82658.9562767931,76260.8490081023,61852.8923079766,51265.0752829886,77536.4370630927,79609.3956937074,99608.6067682159,70883.0810073690,72170.1637077754,89416.0923060810,72485.4263251862,27281.2591621316,72992.1219845547,86513.9874284324,83730.5980250525,82758.5621815868,84236.5360735231,78857.3626778090,65202.1513934541,61348.1389672764,93699.1726623276,75091.1104609660,96659.7000881422,25866.7839175644,33854.2943954467,12774.4241413525,58502.5859283291,81685.4592402424,76166.0776984683,92140.8078470613,59624.0173673661,93322.0280773263,82318.6725037896,13794.0175458191,91545.4804689244,25498.4985496206,14799.6300359690,20190.9578285707,94996.3284702465,84621.5761862547,25118.8769968351,53626.1949828282,68426.7255126996,68460.4688159206,83331.9507290463,57124.3404891296,132309.7772387599,49017.1033101598,75331.1887546873,76424.9373417523,71911.4495051346,25541.6018894778,95054.2274299138,69676.4745215242,30801.2054947412,14774.1455435204,80793.4033780990,678.2752665397,82168.9693000009,73716.5727501713,69824.1757142849,45623.1685146942,83810.1425314674,34435.0162729668,20000.4717386174,86518.6081863910,92921.1916869584,29623.7281939900,58410.5084808041,96679.1003526767,88203.3642183813,63036.8877294361,91259.0386192684,19840.9219362064,60647.8048082219,44066.5638499941,32984.7613726717,57882.1850093939,61043.5840010241,21753.3383343600,27183.1005196511,35446.2437783385
2612,104093.1447754620,38779.1736172768,61462.4136680666,127524.5271536523,56800.6485612154,103517.6030081900,27452.9927667165,57224.9201235415,131735.3549563792,15692.3730197276,92681.1103588033,47816.1086478096,75235.9274483930,33290.0507353595,71552.9341147966,13458.5028749199,107029.3997846914,50465.1722901446,24335.7801276046,85254.2414363890,13361.5566947006,35103.4301301975,34182.9407794296,77938.8674726485,51597.5670349133,120759.9783541262,69235.3902839959,92872.1245567441,34446.7098979146,87934.1789848441,68653.0742414291,38527.7368480453,88510.5967808294,107832.2439154735,87542.2812028545,60116.8201368377,93279.9653872961,21093.4681220976,64214.5263997925,2681.9420036035,15515.1060716670,121127.7100755467,47658.6517200891,44424.7638219557,47364.7570880228,24450.1987204573,106635.2679568130,120657.3734330571,23772.9466487533,81107.9667090581,12690.2853242576,21821.4498843015,63004.3964523667,96609.2547713078,48333.4934514438,25091.7077999131,67051.1076353435,58727.4284338314,76387.0171301734,45502.9824467079,98924.6634408181,62508.5587704756,26818.0628882678,101697.1861477866,79363.1960323385,54520.9792574008,11035.1038829402,79473.9411709959,92381.1171666318,113200.0636513544,77221.3688307229,38436.8268211270,84420.8707073893,37927.4818534988,98054.3586636643,55465.3575287779,33906.4541460569,113615.4243507396,38295.2728412911,95329.6797457649,14691.8748413464,104861.9986028177,39417.2196636409,83810.8067390176,66324.1871252839,115577.7093601418,9359.3266507363,83096.5501626404,58702.7829999067,59079.0984677150,74045.6704495608,70799.2472736166,95312.6485237524,84968.7415435335,54871.3865523510,30388.8886540505,98918.8611066076,79157.6471940861,8857.7239932994,73431.3822011386,42417.0743036971,25339.4737492126,30610.8486776641,49672.8719164167,97418.4489604042,27164.5134749250,63659.2419483334,96404.1966164891,17988.6179074190,44653.8999042910,106395.5282136787,87626.2509987558,123012.0306273894,41407.6591712716,20105.3574815050,91732.2114913010,49276.0605795834,33592.5554435112,76468.0007775329,8451.4535599981,57434.6655022766,27988.7836412717,100124.9225916303,20650.2032732675,30520.5318915430,22504.8679783572,9985.8997228685,18197.5678745797,102707.2727790840,54211.4128398531,69248.3337958250,15632.6643803989,28433.0157662025,65266.4946890205,114119.4704732101,33668.5720159240,81435.9623631925,31747.7452738386,120098.3347798000,63193.3826390687,71870.4330850542,52730.7997450108,46702.7447933384,65812.9883859847,71088.2240385479,54722.6777884463,15639.7714167483,24304.8664276538,19009.9906922175,113220.1870753814,7879.3704615974,69306.1124495243,63117.5808384759,91582.4402284695,88114.3726543052,79398.6417116289,87278.9916683994,60901.0798503848,56903.1452303003,39021.2012195359,48280.9634928475,17091.5563630934,104489.3582705952,61275.0871705239,128882.8837861141,53174.5687701338,53129.9749892682,89998.1072848580,78501.0709809396,98812.1756748980,79430.1898890401,28140.8266486295,72794.7197582066,64818.5146662284,82010.4954741531,82684.7351144534,43621.1046711156,108171.9573085189,87331.4415236443,33169.9932205049,95827.5654879675,55074.3347164709,87526.8314684582,88750.8679437960,72691.8913740835,99651.6279032623,28606.8912411804,102507.0171963759,101955.8798667428,101616.6564759039,88112.6949040426,66331.5906047893,77182.4151706569,39415.5713962804,106931.2789944749,84611.3887646216,22898.1058282992,74679.8196146463,59588.4629610302,50262.7672548328
2613,0,0,0,0,0,0,0,0,0,0,0,0,0,0,0,0,0,0,0,0,0,0,0,0,0,0,0,0,0,0,0,0,0,0,0,0,0,0,0,0,0,0,0,0,0,0,0,0,0,0,0,0,0,0,0,0,0,0,0,0,0,0,0,0,0,0,0,0,0,0,0,0,0,0,0,0,0,0,0,0,0,0,0,0,0,0,0,0,0,0,0,0,0,0,0,0,0,0,0,0,0,0,0,0,0,0,0,0,0,0,0,0,0,0,0,0,0,0,0,0,0,0,0,0,0,0,0,0,0,0,0,0,0,0,0,0,0,0,0,0,0,0,0,0,0,0,0,0,0,0,0,0,0,0,0,0,0,0,0,0,0,0,0,0,0,0,0,0,0,0,0,0,0,0,0,0,0,0,0,0,0,0,0,0,0,0,0,0,0,0,0,0,0,0,0,0,0,0,0,0
2614,0,0,0,0,0,0,0,0,0,0,0,0,0,0,0,0,0,0,0,0,0,0,0,0,0,0,0,0,0,0,0,0,0,0,0,0,0,0,0,0,0,0,0,0,0,0,0,0,0,0,0,0,0,0,0,0,0,0,0,0,0,0,0,0,0,0,0,0,0,0,0,0,0,0,0,0,0,0,0,0,0,0,0,0,0,0,0,0,0,0,0,0,0,0,0,0,0,0,0,0,0,0,0,0,0,0,0,0,0,0,0,0,0,0,0,0,0,0,0,0,0,0,0,0,0,0,0,0,0,0,0,0,0,0,0,0,0,0,0,0,0,0,0,0,0,0,0,0,0,0,0,0,0,0,0,0,0,0,0,0,0,0,0,0,0,0,0,0,0,0,0,0,0,0,0,0,0,0,0,0,0,0,0,0,0,0,0,0,0,0,0,0,0,0,0,0,0,0,0,0
2615,0,0,0,0,0,0,0,0,0,0,0,0,0,0,0,0,0,0,0,0,0,0,0,0,0,0,0,0,0,0,0,0,0,0,0,0,0,0,0,0,0,0,0,0,0,0,0,0,0,0,0,0,0,0,0,0,0,0,0,0,0,0,0,0,0,0,0,0,0,0,0,0,0,0,0,0,0,0,0,0,0,0,0,0,0,0,0,0,0,0,0,0,0,0,0,0,0,0,0,0,0,0,0,0,0,0,0,0,0,0,0,0,0,0,0,0,0,0,0,0,0,0,0,0,0,0,0,0,0,0,0,0,0,0,0,0,0,0,0,0,0,0,0,0,0,0,0,0,0,0,0,0,0,0,0,0,0,0,0,0,0,0,0,0,0,0,0,0,0,0,0,0,0,0,0,0,0,0,0,0,0,0,0,0,0,0,0,0,0,0,0,0,0,0,0,0,0,0,0,0
2616,0,0,0,0,0,0,0,0,0,0,0,0,0,0,0,0,0,0,0,0,0,0,0,0,0,0,0,0,0,0,0,0,0,0,0,0,0,0,0,0,0,0,0,0,0,0,0,0,0,0,0,0,0,0,0,0,0,0,0,0,0,0,0,0,0,0,0,0,0,0,0,0,0,0,0,0,0,0,0,0,0,0,0,0,0,0,0,0,0,0,0,0,0,0,0,0,0,0,0,0,0,0,0,0,0,0,0,0,0,0,0,0,0,0,0,0,0,0,0,0,0,0,0,0,0,0,0,0,0,0,0,0,0,0,0,0,0,0,0,0,0,0,0,0,0,0,0,0,0,0,0,0,0,0,0,0,0,0,0,0,0,0,0,0,0,0,0,0,0,0,0,0,0,0,0,0,0,0,0,0,0,0,0,0,0,0,0,0,0,0,0,0,0,0,0,0,0,0,0,0
2617,0,0,0,0,0,0,0,0,0,0,0,0,0,0,0,0,0,0,0,0,0,0.0000000000,0,0,0,0,0,0,0,0,0,0,0,0,0,0,0,0,0,0,0,0,0,0,0,0,0,0,0,0,0,0,0,0,0,0,0,0,0,0,0,0,0,0,0,0,0,0,0,0,0,0,0,0,0,0,0,0,0,0,0,0,0,0,0,0,0,0,0,0,0,0,0,0,0,0,0,0,0,0,0,0,0,0,0,0,0,0,0,0,0,0,0,0,0,0,0,0,0,0,0,0,0,0,0,0,0,0,0,0,0,0,0,0,0,0,0,0,0,0,0,0,0,0,0,0,0,0,0,0,0,0,0,0,0,0,0,0,0,0,0,0,0,0,0,0,0,0,0,0,0,0,0,0,0,0,0,0,0,0,0,0,0,0,0,0,0,0,0,0,0,0,0,0,0,0,0,0,0,0
2618,0,0,0,0,0,0,0,0,0,0,0,0,0,0,0,0,0,0,0,0,0,0,0,0,0,0,0,0,0,0,0,0,0,0,0,0,0,0,0,0,0,0,0,0,0,0,0,0,0,0,0,0,0,0,0,0,0,0,0,0,0,0,0,0,0,0,0,0,0,0,0,0,0,0,0,0,0,0,0,0,0,0,0,0,0,0,0,0,0,0,0,0,0,0,0,0,0,0,0,0,0,0,0,0,0,0,0,0,0,0,0,0,0,0,0,0,0,0,0,0,0,0,0,0,0,0,0,0,0,0,0,0,0,0,0,0,0,0,0,0,0,0,0,0,0,0,0,0,0,0,0,0,0,0,0,0,0,0,0,0,0,0,0,0,0,0,0,0,0,0,0,0,0,0,0,0,0,0,0,0,0,0,0,0,0,0,0,0,0,0,0,0,0,0,0,0,0,0,0,0
2619,0,0,0,0,0,0,0,0,0,0,0,0,0,0,0,0,0,0,0,0,0,0,0,0,0,0,0,0,0,0,0,0,0,0,0,0,0,0,0,0,0,0,0,0,0,0,0,0,0,0,0,0,0,0,0,0,0,0,0,0,0,0,0,0,0,0,0,0,0,0,0,0,0,0,0,0,0,0,0,0,0,0,0,0,0,0,0,0,0,0,0,0,0,0,0,0,0,0,0,0,0,0,0,0,0,0,0,0,0,0,0,0,0,0,0,0,0,0,0,0,0,0,0,0,0,0,0,0,0,0,0,0,0,0,0,0,0,0,0,0,0,0,0,0,0,0,0,0,0,0,0,0,0,0,0,0,0,0,0,0,0,0,0,0,0,0,0,0,0,0,0,0,0,0,0,0,0,0,0,0,0,0,0,0,0,0,0,0,0,0,0,0,0,0,0,0,0,0,0,0
2620,0,0,0,0,0,0,0,0,0,0,0,0,0,0,0,0,0,0,0,0,0,0,0,0,0,0,0,0,0,0,0,0,0,0,0,0,0,0,0,0,0,0,0,0,0,0,0,0,0,0,0,0,0,0,0,0,0,0,0,0,0,0,0,0,0,0,0,0,0,0,0,0,0,0,0,0,0,0,0,0,0,0,0,0,0,0,0,0,0,0,0,0,0,0,0,0,0,0,0,0,0,0,0,0,0,0,0,0,0,0,0,0,0,0,0,0,0,0,0,0,0,0,0,0,0,0,0,0,0,0,0,0,0,0,0,0,0,0,0,0,0,0,0,0,0,0,0,0,0,0,0,0,0,0,0,0,0,0,0,0,0,0,0,0,0,0,0,0,0,0,0,0,0,0,0,0,0,0,0,0,0,0,0,0,0,0,0,0,0,0,0,0,0,0,0,0,0,0,0,0
2621,0,0,0,0,0,0,0,0,0,0,0,0,0,0,0,0,0,0,0,0,0,0,0,0,0,0,0,0,0,0,0,0,0,0,0,0,0,0,0,0,0,0,0,0,0,0,0,0,0,0,0,0,0,0,0,0,0,0,0,0,0,0,0,0,0,0,0,0,0,0,0,0,0,0,0,0,0,0,0,0,0,0,0,0,0,0,0,0,0,0,0,0,0,0,0,0,0,0,0,0,0,0,0,0,0,0,0,0,0,0,0,0,0,0,0,0,0,0,0,0,0,0,0,0,0,0,0,0,0,0,0,0,0,0,0,0,0,0,0,0,0,0,0,0,0,0,0,0,0,0,0,0,0,0,0,0,0,0,0,0,0,0,0,0,0,0,0,0,0,0.0000000000,0,0,0,0,0,0,0,0,0,0,0,0,0,0,0,0,0,0,0,0,0,0,0,0,0,0,0,0,0,0
2622,0,0,0,0,0,0,0,0,0,0,0,0,0,0,0,0,0,0,0,0,0,0,0,0,0,0,0,0,0,0,0,0,0,0,0,0,0,0,0,0,0,0,0,0,0,0,0,0,0,0,0,0,0,0,0,0,0,0,0,0,0,0,0,0,0,0,0,0,0,0,0,0,0,0,0,0,0,0,0,0,0,0,0,0,0,0,0,0,0,0,0,0,0,0,0,0,0,0,0,0,0,0,0,0,0,0,0,0,0,0,0,0,0,0,0,0,0,0,0,0,0,0,0,0,0,0,0,0,0,0,0,0,0,0,0,0,0,0,0,0,0,0,0,0,0,0,0,0,0,0,0,0,0,0,0,0,0,0,0,0,0,0,0,0,0,0,0,0,0,0,0,0,0,0,0,0,0,0,0,0,0,0,0,0,0,0,0,0,0,0,0,0,0,0,0,0,0,0,0,0
2623,0,0,0,0,0,0,0,0,0,0,0,0,0,0,0,0,0,0,0,0,0,0,0,0,0,0,0,0,0,0,0,0,0,0,0,0,0,0,0,0,0,0,0,0,0,0,0,0,0,0,0,0,0,0,0,0,0,0,0,0,0,0,0,0,0,0,0,0,0,0,0,0,0,0,0,0,0,0,0,0,0,0,0,0,0,0,0,0,0,0,0,0,0,0,0,0,0,0,0,0,0,0,0,0,0,0,0,0,0,0,0,0,0,0,0,0,0,0,0,0,0,0,0,0,0,0,0,0,0,0,0,0,0,0,0,0,0,0,0,0,0,0,0,0,0,0,0,0,0,0,0,0,0,0,0,0,0,0,0,0,0,0,0,0,0,0,0,0,0,0,0,0,0,0,0,0,0,0,0,0,0,0,0,0,0,0,0,0,0,0,0,0,0,0,0,0,0,0,0,0
2624,0,0,0,0,0,0,0,0,0,0,0,0,0,0,0,0,0,0,0,0,0,0,0,0,0,0,0,0,0,0,0,0,0,0,0,0,0,0,0,0,0,0,0,0,0,0,0,0,0,0,0,0,0,0,0,0,0,0,0,0,0,0,0,0,0,0,0,0,0,0,0,0,0,0,0,0,0,0,0,0,0,0,0,0,0,0,0,0,0,0,0,0,0,0,0,0,0,0,0,0,0,0,0,0,0,0,0,0,0,0,0,0,0,0,0,0,0,0,0,0,0,0,0,0,0,0,0,0,0,0,0,0,0,0,0,0,0,0,0,0,0,0,0,0,0,0,0,0,0,0,0,0,0,0,0,0,0,0,0,0,0,0,0,0,0,0,0,0,0,0,0,0,0,0,0,0,0,0,0,0,0,0,0,0,0,0,0,0,0,0,0,0,0,0,0,0,0,0,0,0
2625,0,0,0,0,0,0,0,0,0,0,0,0,0,0,0,0,0,0,0,0,0,0,0,0,0,0,0,0,0,0,0,0,0,0,0,0,0,0,0,0,0,0,0,0,0,0,0,0,0,0,0,0,0,0,0,0,0,0,0,0,0,0,0,0,0,0,0,0,0,0,0,0,0,0,0,0,0,0,0,0,0,0,0,0,0,0,0,0,0,0,0,0,0,0,0,0,0,0,0,0,0,0,0,0,0,0,0,0,0,0,0,0,0,0,0,0,0,0,0,0,0,0,0,0,0,0,0,0,0,0,0,0,0,0,0,0,0,0,0,0,0,0,0,0,0,0,0,0,0,0,0,0,0,0,0,0,0,0,0,0,0,0,0,0,0,0,0,0,0,0,0,0,0,0,0,0,0,0,0,0,0,0,0,0,0,0,0,0,0,0,0,0,0,0,0,0,0,0,0,0
2626,0,0,0,0,0,0,0,0,0,0,0,0,0,0,0,0,0,0,0,0,0,0,0,0,0,0,0,0,0,0,0,0,0,0,0,0,0,0,0,0,0,0,0,0,0,0,0,0,0,0,0,0,0,0,0,0,0,0,0,0,0,0,0,0,0,0,0,0,0,0,0,0,0,0,0,0,0,0,0,0,0,0,0,0,0,0,0,0,0,0,0,0,0,0,0,0,0,0,0,0,0,0,0,0,0,0,0,0,0,0,0,0,0,0,0,0,0,0,0,0,0,0,0,0,0,0,0,0,0,0,0,0,0,0,0,0,0,0,0,0,0,0,0,0,0,0,0,0,0,0,0,0,0,0,0,0,0,0,0,0,0,0,0,0,0,0,0,0,0,0,0,0,0,0,0,0,0,0,0,0,0,0,0,0,0,0,0,0,0,0,0,0,0,0,0,0,0,0,0,0
2627,0,0,0,0,0,0,0,0,0,0,0,0,0,0,0,0,0,0,0,0,0,0,0,0,0,0,0,0,0,0,0,0,0,0,0,0,0,0,0,0,0,0,0,0,0,0,0,0,0,0,0,0,0,0,0,0,0,0,0,0,0,0,0,0,0,0,0,0,0,0,0,0,0,0,0,0,0,0,0,0,0,0,0,0,0,0,0,0,0,0,0,0,0,0,0,0,0,0,0,0,0,0,0,0,0,0,0,0,0,0,0,0,0,0,0,0,0,0,0,0,0,0,0,0,0,0,0,0,0,0,0,0,0,0,0,0,0,0,0,0,0,0,0,0,0,0,0,0,0,0,0,0,0,0,0,0,0,0,0,0,0,0,0,0,0,0,0,0,0,0,0,0,0,0,0,0,0,0,0,0,0,0,0,0,0,0,0,0,0,0,0,0,0,0,0,0,0,0,0,0
2628,108463.3609182479,54522.3229434446,46131.2874159574,142312.8390909507,72823.6182093940,96480.3296630706,7017.7028768021,58418.3412244614,141203.7400774201,31709.8275311788,105364.9182043640,68170.5693514883,83116.1293875195,26244.6523350580,63574.0619715523,26978.1133826678,115957.4702585131,60286.4449399810,44564.3021209402,81254.1916451867,10065.4513454037,53236.1467087530,39419.8760807129,93272.3637109886,45710.5645987399,127285.7729461809,81628.3814727156,100032.7320736024,47304.0611490221,79641.6606972037,65449.7722024626,57808.8299077333,92621.5822825975,119167.6992537820,97808.2944363899,49277.7567931858,108173.2510843237,23860.2118542444,69911.7644145446,21470.2352106979,14947.2204999259,131821.6842608702,61631.0977951791,43934.8466928266,52836.8630506931,42118.5413478811,113281.6744074313,129277.9794422171,43316.4059080952,94478.3589130406,32692.1414417544,249.1160862962,73229.1292325206,92819.2565835417,38285.1261818901,35573.6325306922,81988.2574331412,72168.2891606990,86845.0811288890,62716.7093808434,109171.3280772170,56835.6795837691,43092.1629568101,104145.7113653615,84795.0777698929,52197.6309494194,21755.2869963021,69559.5524667428,86521.7689330705,118434.0157618685,75152.7221024653,58714.2548523700,92911.4993387491,34838.0681819406,106639.5522563559,62437.2414089038,51823.1017334010,121141.0295483497,47524.1394140012,100719.5359069217,34329.6920801805,99462.4351284725,54589.0046071947,95629.4523154796,74344.1775644689,125383.6615774245,11551.9684458103,77187.7950245521,62689.3934537892,51038.0545610720,68775.5126389735,60589.8376838000,87736.9263731638,99499.3488064984,66550.3088235332,49898.9077382267,112934.6272372740,71616.9580066888,19137.6942032516,87327.9094739458,54724.5153813635,20571.2805807520,46338.3172165860,52087.7916275063,108939.6854714425,31878.6280522812,62488.8451130594,100052.0415436828,28154.0244908629,38196.7839588819,116532.8188547082,93811.6830804546,132667.6657056310,44873.3649499581,39538.2731870043,105590.3796489403,65042.8647146235,34878.3095267153,88561.7885340786,26354.2015273339,66419.5349261302,27210.8010467376,107452.2137573336,38716.7446592408,50875.7032161965,36798.1218251408,16185.1117607764,38551.8051279131,108387.8627222625,42426.1313791980,79975.0180476194,25907.4062352209,46780.2388582669,78886.8709726294,120560.7069526752,50046.0654794549,88639.4614499794,41355.7518554005,127649.9392533073,75195.5380376180,87650.0437279244,44291.0536929206,43015.5270001930,57216.7849658111,77839.2406260297,69415.6489318493,10326.8723966247,44584.6139758247,17258.1576531966,121940.5319334670,28187.6905488789,63104.1569565819,78997.1315668342,87086.1124626357,81233.9348387196,75189.1976690797,100544.7301626064,75522.4629799760,52413.4665240319,45340.2140137654,60023.6207340634,5843.5064953267,112436.9878360126,68560.0467394242,143066.4399834186,58232.4281022342,66369.2431197610,98677.2255291118,87756.1552102699,92500.0606127346,93839.0021325917,41682.1362114711,71808.9349609347,54603.0663156406,92890.4294232525,73698.7676539165,59771.7353300345,113174.7580369880,94833.3046715277,29394.9264278109,105312.8887102338,54657.5536130883,82263.1567561984,99944.5397600463,87586.5437552610,94498.6007605334,36061.1214560952,113783.4694512828,111446.3228527323,105165.2342974739,100451.1907502694,61845.7682511057,83789.1169569929,40099.6771746633,100604.3404721386,89552.0244624419,30758.8639378712,71130.1436415825,56862.2828551726,49328.6480152124
2629,0,0,0,0,0,0,0,0,0,0,0,0,0,0,0,0,0,0,0,0,0,0,0,0,0,0,0,0,0,0,0,0,0,0,0,0,0,0,0,0,0,0,0,0,0,0,0,0,0,0,0,0,0,0,0,0,0,0,0,0,0,0,0,0,0,0,0,0,0,0,0,0,0,0,0,0,0,0,0,0,0,0,0,0,0,0,0,0,0,0,0,0,0,0,0,0,0,0,0,0,0,0,0,0,0,0,0,0,0,0,0,0,0,0,0,0,0,0,0,0,0,0,0,0,0,0,0,0,0,0,0,0,0,0,0,0,0,0,0,0,0,0,0,0,0,0,0,0,0,0,0,0,0,0,0,0,0,0,0,0,0,0,0,0,0,0,0,0,0,0,0,0,0,0,0,0,0,0,0,0,0,0,0,0,0,0,0,0,0,0,0,0,0,0,0,0,0,0,0,0
2630,0,0,0,0,0,0,0,0,0,0,0,0,0,0,0,0,0,0,0,0,0,0,0,0,0,0,0,0,0,0,0,0,0,0,0,0,0,0,0,0,0,0,0,0,0,0,0,0,0,0,0,0,0,0,0,0,0,0,0,0,0,0,0,0,0,0,0,0,0,0,0,0,0,0,0,0,0,0,0,0,0,0,0,0,0,0,0,0,0,0,0,0,0,0,0,0,0,0,0,0,0,0,0,0,0,0,0,0,0,0,0,0,0,0,0,0,0,0,0,0,0,0,0,0,0,0,0,0,0,0,0,0,0,0,0,0,0,0,0,0,0,0,0,0,0,0,0,0,0,0,0,0,0,0,0,0,0,0,0,0,0,0,0,0,0,0,0,0,0,0,0,0,0,0,0,0,0,0,0,0,0,0,0,0,0,0,0,0,0,0,0,0,0,0,0,0,0,0,0,0
2631,0,0,0,0,0,0,0,0,0,0,0,0,0,0,0,0,0,0,0,0,0,0,0,0,0,0,0,0,0,0,0,0,0,0,0,0,0,0,0,0,0,0,0,0,0,0,0,0,0,0,0,0,0,0,0,0,0,0,0,0,0,0,0,0,0,0,0,0,0,0,0,0,0,0,0,0,0,0,0,0,0,0,0,0,0,0,0,0,0,0,0,0,0,0,0,0,0,0,0,0,0,0,0,0,0,0,0,0,0,0,0,0,0,0,0,0,0,0,0,0,0,0,0,0,0,0,0,0,0,0,0,0,0,0,0,0,0,0,0,0,0,0,0,0,0,0,0,0,0,0,0,0,0,0,0,0,0,0,0,0,0,0,0,0,0,0,0,0,0,0,0,0,0,0,0,0,0,0,0,0,0,0,0,0,0,0,0,0,0,0,0,0,0,0,0,0,0,0,0,0
2632,0,0,0,0,0,0,0,0,0,0,0,0,0,0,0,0,0,0,0,0,0,0,0,0,0,0,0,0,0,0,0,0,0,0,0,0,0,0,0,0,0,0,0,0,0,0,0,0,0,0,0,0,0,0,0,0,0,0,0,0,0,0,0,0,0,0,0,0,0,0,0,0,0,0,0,0,0,0,0,0,0,0,0,0,0,0,0,0,0,0,0,0,0,0,0,0,0,0,0,0,0,0,0,0,0,0,0,0,0,0,0,0,0,0,0,0,0,0,0,0,0,0,0,0,0,0,0,0,0,0,0,0,0,0,0,0,0,0,0,0,0,0,0,0,0,0,0,0,0,0,0,0,0,0,0,0,0,0,0,0,0,0,0,0,0,0,0,0,0,0,0,0,0,0,0,0,0,0,0,0,0,0,0,0,0,0,0,0,0,0,0,0,0,0,0,0,0,0,0,0
2633,0,0,0,0,0,0,0,0,0,0,0,0,0,0,0,0,0,0,0,0,0,0,0,0,0,0,0,0,0,0,0,0,0,0,0,0,0,0,0,0,0,0,0,0,0,0,0,0,0,0,0,0,0,0,0,0,0,0,0,0,0,0,0,0,0,0,0,0,0,0,0,0,0,0,0,0,0,0,0,0,0,0,0,0,0,0,0,0,0,0,0,0,0,0,0,0,0,0,0,0,0,0,0,0,0,0,0,0,0,0,0,0,0,0,0,0,0,0,0,0,0,0,0,0,0,0,0,0,0,0,0,0,0,0,0,0,0,0,0,0,0,0,0,0,0,0,0,0,0,0,0,0,0,0,0,0,0,0,0,0,0,0,0,0,0,0,0,0,0,0,0,0,0,0,0,0,0,0,0,0,0,0,0,0,0,0,0,0,0,0,0,0,0,0,0,0,0,0,0,0
2634,0,0,0,0,0,0,0,0,0,0,0,0,0,0,0,0,0,0,0,0,0,0,0,0,0,0,0,0,0,0,0,0,0,0,0,0,0,0,0,0,0,0,0,0,0,0,0,0,0,0,0,0,0,0,0,0,0,0,0,0,0,0,0,0,0,0,0,0,0,0,0,0,0,0,0,0,0,0,0,0,0,0,0,0,0,0,0,0,0,0,0,0,0,0,0,0,0,0,0,0,0,0,0,0,0,0,0,0,0,0,0,0,0,0,0,0,0,0,0,0,0,0,0,0,0,0,0,0,0,0,0,0,0,0,0,0,0,0,0,0,0,0,0,0,0,0,0,0,0,0,0,0,0,0,0,0,0,0,0,0,0,0,0,0,0,0,0,0,0,0,0,0,0,0,0,0,0,0,0,0,0,0,0,0,0,0,0,0,0,0,0,0,0,0,0,0,0,0,0,0
2635,0,0,0,0,0,0,0,0,0,0,0,0,0,0,0,0,0,0,0,0,0,0,0,0,0,0,0,0,0,0,0,0,0,0,0,0,0,0,0,0,0,0,0,0,0,0,0,0,0,0,0,0,0,0,0,0,0,0,0,0,0,0,0,0,0,0,0,0,0,0,0,0,0,0,0,0,0,0,0,0,0,0,0,0,0,0,0,0,0,0,0,0,0,0,0,0,0,0,0,0,0,0,0,0,0,0,0,0,0,0,0,0,0,0,0,0,0,0,0,0,0,0,0,0,0,0,0,0,0,0,0,0,0,0,0,0,0,0,0,0,0,0,0,0,0,0,0,0,0,0,0,0,0,0,0,0,0,0,0,0,0,0,0,0,0,0,0,0,0,0,0,0,0,0,0,0,0,0,0,0,0,0,0,0,0,0,0,0,0,0,0,0,0,0,0,0,0,0,0,0
2636,0,0,0,0,0,0,0,0,0,0,0,0,0,0,0,0,0,0,0,0,0,0,0,0,0,0,0,0,0,0,0,0,0,0,0,0,0,0,0,0,0,0,0,0,0,0,0,0,0,0,0,0,0,0,0,0,0,0,0,0,0,0,0,0,0,0,0,0,0,0,0,0,0,0,0,0,0,0,0,0,0,0,0,0,0,0,0,0,0,0,0,0,0,0,0,0,0,0,0,0,0,0,0,0,0,0,0,0,0,0,0,0,0,0,0,0,0,0,0,0,0,0,0,0,0,0,0,0,0,0,0,0,0,0,0,0,0,0,0,0,0,0,0,0,0,0,0,0,0,0,0,0,0,0,0,0,0,0,0,0,0,0,0,0,0,0,0,0,0,0,0,0,0,0,0,0,0,0,0,0,0,0,0,0,0,0,0,0,0,0,0,0,0,0,0,0,0,0,0,0
2637,0,0,0,0,0,0,0,0,0,0,0,0,0,0,0,0,0,0,0,0,0,0,0,0,0,0,0,0,0,0,0,0,0,0,0,0,0,0,0,0,0,0,0,0,0,0,0,0,0,0,0,0,0,0,0,0,0,0,0,0,0,0,0,0,0,0,0,0,0,0,0,0,0,0,0,0,0,0,0,0,0,0,0,0,0,0,0,0,0,0,0,0,0,0,0,0,0,0,0,0,0,0,0,0,0,0,0,0,0,0,0,0,0,0,0,0,0,0,0,0,0,0,0,0,0,0,0,0,0,0,0,0,0,0,0,0,0,0,0,0,0,0,0,0,0,0,0,0,0,0,0,0,0,0,0,0,0,0,0,0,0,0,0,0,0,0,0,0,0,0,0,0,0,0,0,0,0,0,0,0,0,0,0,0,0,0,0,0,0,0,0,0,0,0,0,0,0,0,0,0
2638,0,0,0,0,0,0,0,0,0,0,0,0,0,0,0,0,0,0,0,0,0,0,0,0,0,0,0,0,0,0,0,0,0,0,0,0,0,0,0,0,0,0,0,0,0,0,0,0,0,0,0,0,0,0,0,0,0,0,0,0,0,0,0,0,0,0,0,0,0,0,0,0,0,0,0,0,0,0,0,0,0,0,0,0,0,0,0,0,0,0,0,0,0,0,0,0,0,0,0,0,0,0,0,0,0,0,0,0,0,0,0,0,0,0,0,0,0,0,0,0,0,0,0,0,0,0,0,0,0,0,0,0,0,0,0,0,0,0,0,0,0,0,0,0,0,0,0,0,0,0,0,0,0,0,0,0,0,0,0,0,0,0,0,0,0,0,0,0,0,0,0,0,0,0,0,0,0,0,0,0,0,0,0,0,0,0,0,0,0,0,0,0,0,0,0,0,0,0,0,0
2639,0,0,0,0,0,0,0,0,0,0,0,0,0,0,0,0,0,0,0,0,0,0,0,0,0,0,0,0,0,0,0,0,0,0,0,0,0,0,0,0,0,0,0,0,0,0,0,0,0,0,0,0,0,0,0,0,0,0,0,0,0,0,0,0,0,0,0,0,0,0,0,0,0,0,0,0,0,0,0,0,0,0,0,0,0,0,0,0,0,0,0,0,0,0,0,0,0,0,0,0,0,0,0,0,0,0,0,0,0,0,0,0,0,0,0,0,0,0,0,0,0,0,0,0,0,0,0,0,0,0,0,0,0,0,0,0,0,0,0,0,0,0,0,0,0,0,0,0,0,0,0,0,0,0,0,0,0,0,0,0,0,0,0,0,0,0,0,0,0,0,0,0,0,0,0,0,0,0,0,0,0,0,0,0,0,0,0,0,0,0,0,0,0,0,0,0,0,0,0,0
2640,0,0,0,0,0,0,0,0,0,0,0,0,0,0,0,0,0,0,0,0,0,0,0,0,0,0,0,0,0,0,0,0,0,0,0,0,0,0,0,0,0,0,0,0,0,0,0,0,0,0,0,0,0,0,0,0,0,0,0,0,0,0,0,0,0,0,0,0,0,0,0,0,0,0,0,0,0,0,0,0,0,0,0,0,0,0,0,0,0,0,0,0,0,0,0,0,0,0,0,0,0,0,0,0,0,0,0,0,0,0,0,0,0,0,0,0,0,0,0,0,0,0,0,0,0,0,0,0,0,0,0,0,0,0,0,0,0,0,0,0,0,0,0,0,0,0,0,0,0,0,0,0,0,0,0,0,0,0,0,0,0,0,0,0,0,0,0,0,0,0,0,0,0,0,0,0,0,0,0,0,0,0,0,0,0,0,0,0,0,0,0,0,0,0,0,0,0,0,0,0
2641,0,0,0,0,0,0,0,0,0,0,0,0,0,0,0,0,0,0,0,0,0,0,0,0,0,0,0,0,0,0,0,0,0,0,0,0,0,0,0,0,0,0,0,0,0,0,0,0,0,0,0,0,0,0,0,0,0,0,0,0,0,0,0,0,0,0,0,0,0,0,0,0,0,0,0,0,0,0,0,0,0,0,0,0,0,0,0,0,0,0,0,0,0,0,0,0,0,0,0,0,0,0,0,0,0,0,0,0,0,0,0,0,0,0,0,0,0,0,0,0,0,0,0,0,0,0,0,0,0,0,0,0,0,0,0,0,0,0,0,0,0,0,0,0,0,0,0,0,0,0,0,0,0,0,0,0,0,0,0,0,0,0,0,0,0,0,0,0,0,0,0,0,0,0,0,0,0,0,0,0,0,0,0,0,0,0,0,0,0,0,0,0,0,0,0,0,0,0,0,0
2642,0,0,0,0,0,0,0,0,0,0,0,0,0,0,0,0,0,0,0,0,0,0,0,0,0,0,0,0,0,0,0,0,0,0,0,0,0,0,0,0,0,0,0,0,0,0,0,0,0,0,0,0,0,0,0,0,0,0,0,0,0,0,0,0,0,0,0,0,0,0,0,0,0,0,0,0,0,0,0,0,0,0,0,0,0,0,0,0,0,0,0,0,0,0,0,0,0,0,0,0,0,0,0,0,0,0,0,0,0,0,0,0,0,0,0,0,0,0,0,0,0,0,0,0,0,0,0,0,0,0,0,0,0,0,0,0,0,0,0,0,0,0,0,0,0,0,0,0,0,0,0,0,0,0,0,0,0,0,0,0,0,0,0,0,0,0,0,0,0,0,0,0,0,0,0,0,0,0,0,0,0,0,0,0,0,0,0,0,0,0,0,0,0,0,0,0,0,0,0,0
2643,0,0,0,0,0,0,0,0,0,0,0,0,0,0,0,0,0,0,0,0,0,0,0,0,0,0,0,0,0,0,0,0,0,0,0,0,0,0,0,0,0,0,0,0,0,0,0,0,0,0,0,0,0,0,0,0,0,0,0,0,0,0,0,0,0,0,0,0,0,0,0,0,0,0,0,0,0,0,0,0,0,0,0,0,0,0,0,0,0,0,0,0,0,0,0,0,0,0,0,0,0,0,0,0,0,0,0,0,0,0,0,0,0,0,0,0,0,0,0,0,0,0,0,0,0,0,0,0,0,0,0,0,0,0,0,0,0,0,0,0,0,0,0,0,0,0,0,0,0,0,0,0,0,0,0,0,0,0,0,0,0,0,0,0,0,0,0,0,0,0,0,0,0,0,0,0,0,0,0,0,0,0,0,0,0,0,0,0,0,0,0,0,0,0,0,0,0,0,0,0
2644,0,0,0,0,0,0,0,0,0,0,0,0,0,0,0,0,0,0,0,0,0,0,0,0,0,0,0,0,0,0,0,0,0,0,0,0,0,0,0,0,0,0,0,0,0,0,0,0,0,0,0,0,0,0,0,0,0,0,0,0,0,0,0,0,0,0,0,0,0,0,0,0,0,0,0,0,0,0,0,0,0,0,0,0,0,0,0,0,0,0,0,0,0,0,0,0,0,0,0,0,0,0,0,0,0,0,0,0,0,0,0,0,0,0,0,0,0,0,0,0,0,0,0,0,0,0,0,0,0,0,0,0,0,0,0,0,0,0,0,0,0,0,0,0,0,0,0,0,0,0,0,0,0,0,0,0,0,0,0,0,0,0,0,0,0,0,0,0,0,0,0,0,0,0,0,0,0,0,0,0,0,0,0,0,0,0,0,0,0,0,0,0,0,0,0,0,0,0,0,0
2645,0,0,0,0,0,0,0,0,0,0,0,0,0,0,0,0,0,0,0,0,0,0,0,0,0,0,0,0,0,0,0,0,0,0,0,0,0,0,0,0,0,0,0,0,0,0,0,0,0,0,0,0,0,0,0,0,0,0,0,0,0,0,0,0,0,0,0,0,0,0,0,0,0,0,0,0,0,0,0,0,0,0,0,0,0,0,0,0,0,0,0,0,0,0,0,0,0,0,0,0,0,0,0,0,0,0,0,0,0,0,0,0,0,0,0,0,0,0,0,0,0,0,0,0,0,0,0,0,0,0,0,0,0,0,0,0,0,0,0,0,0,0,0,0,0,0,0,0,0,0,0,0,0,0,0,0,0,0,0,0,0,0,0,0,0,0,0,0,0,0,0,0,0,0,0,0,0,0,0,0,0,0,0,0,0,0,0,0,0,0,0,0,0,0,0,0,0,0,0,0
2646,0,0,0,0,0,0,0,0,0,0,0,0,0,0,0,0,0,0,0,0,0,0,0,0,0,0,0,0,0,0,0,0,0,0,0,0,0,0,0,0,0,0,0,0,0,0,0,0,0,0,0,0,0,0,0,0,0,0,0,0,0,0,0,0,0,0,0,0,0,0,0,0,0,0,0,0,0,0,0,0,0,0,0,0,0,0,0,0,0,0,0,0,0,0,0,0,0,0,0,0,0,0,0,0,0,0,0,0,0,0,0,0,0,0,0,0,0,0,0,0,0,0,0,0,0,0,0,0,0,0,0,0,0,0,0,0,0,0,0,0,0,0,0,0,0,0,0,0,0,0,0,0,0,0,0,0,0,0,0,0,0,0,0,0,0,0,0,0,0,0,0,0,0,0,0,0,0,0,0,0,0,0,0,0,0,0,0,0,0,0,0,0,0,0,0,0,0,0,0,0
2647,53658.8836280456,82304.5519835427,56652.1660050758,93980.7068693824,38618.6325435712,64787.9627698439,69060.3891121137,12358.0437025185,85802.8704816817,37481.2638908337,54668.0849964854,68183.8889350779,27613.8128786945,34228.3103164815,41905.2085516672,63466.3475294430,60491.8354657968,13045.0776562324,57848.7551008126,43077.8715349048,47413.0178314319,39944.6614191983,16834.9724162478,50812.8128968204,28432.9959205341,71498.9258534181,33175.1473278074,44158.2560188677,22997.5032187522,54441.2587683570,28748.9777358102,72790.0201078718,37985.1181001524,65700.6652802688,43860.2371415946,43342.3620034353,62355.7334482950,32434.0757886191,14084.6528826579,49678.0519942863,63377.1795982184,77384.2269644861,26136.9204023190,16747.5893524053,524.5606473040,67819.8875176964,57443.1139456709,73593.7195699883,45264.3936112331,46318.8109267331,54842.7050067972,57427.2528438153,21718.8439219759,52640.7535423964,37916.5266178179,25958.6991720533,40713.7349635311,29307.0648918218,33855.7613030773,38667.2480345769,54794.9152351048,31169.1474110951,33374.2960663521,51295.6767213132,29194.0659299245,20103.9087820784,39832.9398417399,52164.4118797521,52724.5906517815,63105.5815835798,32879.1669086858,64676.1899888226,37542.2548021939,25122.4070595896,51107.1923513214,14650.3082183225,74103.9907992400,65267.0130710462,14340.2090308809,45234.9838344018,45546.3632318130,62858.0132009544,28910.4768686011,44110.1462127620,19317.1553514817,70330.0908873732,54302.2660010198,45200.6467544960,10167.3083670062,35697.4113419404,37028.6045076586,47237.5598219415,58835.7608469297,53675.5710733066,20915.0088061355,66227.2558198529,64471.1703944629,45968.8338249926,58020.7036161233,41655.7187987315,19881.2370124949,36022.2765189558,75631.1563034136,14682.7937388929,56102.7148605606,24500.3937080909,21136.1403844105,45861.8913958141,32553.9886546452,29755.2984338865,61879.7294943131,38003.8867851481,77437.3407744425,19070.9040712506,60541.5726726350,57375.2444371463,33731.4626129592,21333.2707597042,38320.6743365508,43697.6474697645,14084.3775494386,28957.7046556981,51579.2999824512,39528.7845929845,58030.0705323979,31327.5440900593,46707.8119151847,51668.3930874950,52807.1863281246,43565.6586383354,28234.4767373289,56797.2113018595,40015.2601717351,34361.9702213304,64777.7717215336,32848.6842616860,32805.8450138313,19727.6399516764,71772.8539272245,27275.3070057192,47858.6535670536,34815.5593189437,23290.9007006257,40180.6914305133,21990.3265720869,31859.1762304162,58599.8529657716,51609.5316474979,38695.7635931308,66333.4722891812,49475.0529904330,36131.5209901558,41949.5828352272,49411.4306935030,51339.7658362200,38716.8604697874,51458.0804340760,35198.5343312331,26075.4190141604,11521.4041995681,18623.0842393718,52424.1995003735,56642.4488565268,13254.5542547777,93385.6674768669,2569.1402312514,25533.9761821619,43308.1037819117,33181.2718061233,59186.3951608688,48478.8693387255,27095.3723982302,27376.9385708313,43906.5029610336,40049.4748897069,52107.1045568220,33366.8305254069,57957.1857058408,39025.6650286060,29072.6270601434,50362.6737587491,15473.2347999551,47437.5427239544,47103.5867130877,44829.4497239718,57723.1652426194,21944.9509669048,60420.4113716307,56379.4028408038,51074.3842829819,49478.9285401477,30263.4752800519,27908.4807657414,17404.3358514298,66437.6134167650,34258.9162726061,27738.2114750289,33740.6851081690,22669.4908428040,16323.3655100304
2648,0,0,0,0,0,0,0,0,0,0,0,0,0,0,0,0,0,0,0,0,0,0,0,0,0,0,0,0,0,0,0,0,0,0,0,0,0,0,0,0,0,0,0,0,0,0,0,0,0,0,0,0,0,0,0,0,0,0,0,0,0,0,0,0,0,0,0,0,0,0,0,0,0,0,0,0,0,0,0,0,0,0,0,0,0,0,0,0,0,0,0,0,0,0,0,0,0,0,0,0,0,0,0,0,0,0,0,0,0,0,0,0,0,0,0,0,0,0,0,0,0,0,0,0,0,0,0,0,0,0,0,0,0,0,0,0,0,0,0,0,0,0,0,0,0,0,0,0,0,0,0,0,0,0,0,0,0,0,0,0,0,0,0,0,0,0,0,0,0,0,0,0,0,0,0,0,0,0,0,0,0,0,0,0,0,0,0,0,0,0,0,0,0,0,0,0,0,0,0,0
2649,0,0,0,0,0,0,0,0,0,0,0,0,0,0,0,0,0,0,0,0,0,0,0,0,0,0,0,0,0,0,0,0,0,0,0,0,0,0,0,0,0,0,0,0,0,0,0,0,0,0,0,0,0,0,0,0,0,0,0,0,0,0,0,0,0,0,0,0,0,0,0,0,0,0,0,0,0,0,0,0,0,0,0,0,0,0,0,0,0,0,0,0,0,0,0,0,0,0,0,0,0,0,0,0,0,0,0,0,0,0,0,0,0,0,0,0,0,0,0,0,0,0,0,0,0,0,0,0,0,0,0,0,0,0,0,0,0,0,0,0,0,0,0,0,0,0,0,0,0,0,0,0,0,0,0,0,0,0,0,0,0,0,0,0,0,0,0,0,0,0,0,0,0,0,0,0,0,0,0,0,0,0,0,0,0,0,0,0,0,0,0,0,0,0,0,0,0,0,0,0
2650,0,0,0,0,0,0,0,0,0,0,0,0,0,0,0,0,0,0,0,0,0,0,0,0,0,0,0,0,0,0,0,0,0,0,0,0,0,0,0,0,0,0,0,0,0,0,0,0,0,0,0,0,0,0,0,0,0,0,0,0,0,0,0,0,0,0,0,0,0,0,0,0,0,0,0,0,0,0,0,0,0,0,0,0,0,0,0,0,0,0,0,0,0,0,0,0,0,0,0,0,0,0,0,0,0,0,0,0,0,0,0,0,0,0,0,0,0,0,0,0,0,0,0,0,0,0,0,0,0,0,0,0,0,0,0,0,0,0,0,0,0,0,0,0,0,0,0,0,0,0,0,0,0,0,0,0,0,0,0,0,0,0,0,0,0,0,0,0,0,0,0,0,0,0,0,0,0,0,0,0,0,0,0,0,0,0,0,0,0,0,0,0,0,0,0,0,0,0,0,0
2651,0,0,0,0,0,0,0,0,0,0,0,0,0,0,0,0,0,0,0,0,0,0,0,0,0,0,0,0,0,0,0,0,0,0,0,0,0,0,0,0,0,0,0,0,0,0,0,0,0,0,0,0,0,0,0,0,0,0,0,0,0,0,0,0,0,0,0,0,0,0,0,0,0,0,0,0,0,0,0,0,0,0,0,0,0,0,0,0,0,0,0,0,0,0,0,0,0,0,0,0,0,0,0,0,0,0,0,0,0,0,0,0,0,0,0,0,0,0,0,0,0,0,0,0,0,0,0,0,0,0,0,0,0,0,0,0,0,0,0,0,0,0,0,0,0,0,0,0,0,0,0,0,0,0,0,0,0,0,0,0,0,0,0,0,0,0,0,0,0,0,0,0,0,0,0,0,0,0,0,0,0,0,0,0,0,0,0,0,0,0,0,0,0,0,0,0,0,0,0,0
2652,0,0,0,0,0,0,0,0,0,0,0,0,0,0,0,0,0,0,0,0,0,0,0,0,0,0,0,0,0,0,0,0,0,0,0,0,0,0,0,0,0,0,0,0,0,0,0,0,0,0,0,0,0,0,0,0,0,0,0,0,0,0,0,0,0,0,0,0,0,0,0,0,0,0,0,0,0,0,0,0,0,0,0,0,0,0,0,0,0,0,0,0,0,0,0,0,0,0,0,0,0,0,0,0,0,0,0,0,0,0,0,0,0,0,0,0,0,0,0,0,0,0,0,0,0,0,0,0,0,0,0,0,0,0,0,0,0,0,0,0,0,0,0,0,0,0,0,0,0,0,0,0,0,0,0,0,0,0,0,0,0,0,0,0,0,0,0,0,0,0,0,0,0,0,0,0,0,0,0,0,0,0,0,0,0,0,0,0,0,0,0,0,0,0,0,0,0,0,0,0
2653,0,0,0,0,0,0,0,0,0,0,0,0,0,0,0,0,0,0,0,0,0,0,0,0,0,0,0,0,0,0,0,0,0,0,0,0,0,0,0,0,0,0,0,0,0,0,0,0,0,0,0,0,0,0,0,0,0,0,0,0,0,0,0,0,0,0,0,0,0,0,0,0,0,0,0,0,0,0,0,0,0,0,0,0,0,0,0,0,0,0,0,0,0,0,0,0,0,0,0,0,0,0,0,0,0,0,0,0,0,0,0,0,0,0,0,0,0,0,0,0,0,0,0,0,0,0,0,0,0,0,0,0,0,0,0,0,0,0,0,0,0,0,0,0,0,0,0,0,0,0,0,0,0,0,0,0,0,0,0,0,0,0,0,0,0,0,0,0,0,0,0,0,0,0,0,0,0,0,0,0,0,0,0,0,0,0,0,0,0,0,0,0,0,0,0,0,0,0,0,0
2654,0,0,0,0,0,0,0,0,0,0,0,0,0,0,0,0,0,0,0,0,0,0,0,0,0,0,0,0,0,0,0,0,0,0,0,0,0,0,0,0,0,0,0,0,0,0,0,0,0,0,0,0,0,0,0,0,0,0,0,0,0,0,0,0,0,0,0,0,0,0,0,0,0,0,0,0,0,0,0,0,0,0,0,0,0,0,0,0,0,0,0,0,0,0,0,0,0,0,0,0,0,0,0,0,0,0,0,0,0,0,0,0,0,0,0,0,0,0,0,0,0,0,0,0,0,0,0,0,0,0,0,0,0,0,0,0,0,0,0,0,0,0,0,0,0,0,0,0,0,0,0,0,0,0,0,0,0,0,0,0,0,0,0,0,0,0,0,0,0,0,0,0,0,0,0,0,0,0,0,0,0,0,0,0,0,0,0,0,0,0,0,0,0,0,0,0,0,0,0,0
2655,0,0,0,0,0,0,0,0,0,0,0,0,0,0,0,0,0,0,0,0,0,0,0,0,0,0,0,0,0,0,0,0,0,0,0,0,0,0,0,0,0,0,0,0,0,0,0,0,0,0,0,0,0,0,0,0,0,0,0,0,0,0,0,0,0,0,0,0,0,0,0,0,0,0,0,0,0,0,0,0,0,0,0,0,0,0,0,0,0,0,0,0,0,0,0,0,0,0,0,0,0,0,0,0,0,0,0,0,0,0,0,0,0,0,0,0,0,0,0,0,0,0,0,0,0,0,0,0,0,0,0,0,0,0,0,0,0,0,0,0,0,0,0,0,0,0,0,0,0,0,0,0,0,0,0,0,0,0,0,0,0,0,0,0,0,0,0,0,0,0,0,0,0,0,0,0,0,0,0,0,0,0,0,0,0,0,0,0,0,0,0,0,0,0,0,0,0,0,0,0
2656,0,0,0,0,0,0,0,0,0,0,0,0,0,0,0,0,0,0,0,0,0,0,0,0,0,0,0,0,0,0,0,0,0,0,0,0,0,0,0,0,0,0,0,0,0,0,0,0,0,0,0,0,0,0,0,0,0,0,0,0,0,0,0,0,0,0,0,0,0,0,0,0,0,0,0,0,0,0,0,0,0,0,0,0,0,0,0,0,0,0,0,0,0,0,0,0,0,0,0,0,0,0,0,0,0,0,0,0,0,0,0,0,0,0,0,0,0,0,0,0,0,0,0,0,0,0,0,0,0,0,0,0,0,0,0,0,0,0,0,0,0,0,0,0,0,0,0,0,0,0,0,0,0,0,0,0,0,0,0,0,0,0,0,0,0,0,0,0,0,0,0,0,0,0,0,0,0,0,0,0,0,0,0,0,0,0,0,0,0,0,0,0,0,0,0,0,0,0,0,0
2657,0,0,0,0,0,0,0,0,0,0,0,0,0,0,0,0,0,0,0,0,0,0,0,0,0,0,0,0,0,0,0,0,0,0,0,0,0,0,0,0,0,0,0,0,0,0,0,0,0,0,0,0,0,0,0,0,0,0,0,0,0,0,0,0,0,0,0,0,0,0,0,0,0,0,0,0,0,0,0,0,0,0,0,0,0,0,0,0,0,0,0,0,0,0,0,0,0,0,0,0,0,0,0,0,0,0,0,0,0,0,0,0,0,0,0,0,0,0,0,0,0,0,0,0,0,0,0,0,0,0,0,0,0,0,0,0,0,0,0,0,0,0,0,0,0,0,0,0,0,0,0,0,0,0,0,0,0,0,0,0,0,0,0,0,0,0,0,0,0,0,0,0,0,0,0,0,0,0,0,0,0,0,0,0,0,0,0,0,0,0,0,0,0,0.0000000000,0,0,0,0,0,0
2658,0,0,0,0,0,0,0,0,0,0,0,0,0,0,0,0,0,0,0,0,0,0,0,0,0,0,0,0,0,0,0,0,0,0,0,0,0,0,0,0,0,0,0,0,0,0,0,0,0,0,0,0,0,0,0,0,0,0,0,0,0,0,0,0,0,0,0,0,0,0,0,0,0,0,0,0,0,0,0,0,0,0,0,0,0,0,0,0,0,0,0,0,0,0,0,0,0,0,0,0,0,0,0,0,0,0,0,0,0,0,0,0,0,0,0,0,0,0,0,0,0,0,0,0,0,0,0,0,0,0,0,0,0,0,0,0,0,0,0,0,0,0,0,0,0,0,0,0,0,0,0,0,0,0,0,0,0,0,0,0,0,0,0,0,0,0,0,0,0,0,0,0,0,0,0,0,0,0,0,0,0,0,0,0,0,0,0,0,0,0,0,0,0,0,0,0,0,0,0,0
2659,0,0,0,0,0,0,0,0,0,0,0,0,0,0,0,0,0,0,0,0,0,0,0,0,0,0,0,0,0,0,0,0,0,0,0,0,0,0,0,0,0,0,0,0,0,0,0,0,0,0,0,0,0,0,0,0,0,0,0,0,0,0,0,0,0,0,0,0,0,0,0,0,0,0,0,0,0,0,0,0,0,0,0,0,0,0,0,0,0,0,0,0,0,0,0,0,0,0,0,0,0,0,0,0,0,0,0,0,0,0,0,0,0,0,0,0,0,0,0,0,0,0,0,0,0,0,0,0,0,0,0,0,0,0,0,0,0,0,0,0,0,0,0,0,0,0,0,0,0,0,0,0,0,0,0,0,0,0,0,0,0,0,0,0,0,0,0,0,0,0,0,0,0,0,0,0,0,0,0,0,0,0,0,0,0,0,0,0,0,0,0,0,0,0,0,0,0,0,0,0
2660,0,0,0,0,0,0,0,0,0,0,0,0,0,0,0,0,0,0,0,0,0,0,0,0,0,0,0,0,0,0,0,0,0,0,0,0,0,0,0,0,0,0,0,0,0,0,0,0,0,0,0,0,0,0,0,0,0,0,0,0,0,0,0,0,0,0,0,0,0,0,0,0,0,0,0,0,0,0,0,0,0,0,0,0,0,0,0,0,0,0,0,0,0,0,0,0,0,0,0,0,0,0,0,0,0,0,0,0,0,0,0,0,0,0,0,0,0,0,0,0,0,0,0,0,0,0,0,0,0,0,0,0,0,0,0,0,0,0,0,0,0,0,0,0,0,0,0,0,0,0,0,0,0,0,0,0,0,0,0,0,0,0,0,0,0,0,0,0,0,0,0,0,0,0,0,0,0,0,0,0,0,0,0,0,0,0,0,0,0,0,0,0,0,0,0,0,0,0,0,0
2661,0,0,0,0,0,0,0,0,0,0,0,0,0,0,0,0,0,0,0,0,0,0,0,0,0,0,0,0,0,0,0,0,0,0,0,0,0,0,0,0,0,0,0,0,0,0,0,0,0,0,0,0,0,0,0,0,0,0,0,0,0,0,0,0,0,0,0,0,0,0,0,0,0,0,0,0,0,0,0,0,0,0,0,0,0,0,0,0,0,0,0,0,0,0,0,0,0,0,0,0,0,0,0,0,0,0,0,0,0,0,0,0,0,0,0,0,0,0,0,0,0,0,0,0,0,0,0,0,0,0,0,0,0,0,0,0,0,0,0,0,0,0,0,0,0,0,0,0,0,0,0,0,0,0,0,0,0,0,0,0,0,0,0,0,0,0,0,0,0,0,0,0,0,0,0,0,0,0,0,0,0,0,0,0,0,0,0,0,0,0,0,0,0,0,0,0,0,0,0,0
2662,0,0,0,0,0,0,0,0,0,0,0,0,0,0,0,0,0,0,0,0,0,0,0,0,0,0,0,0,0,0,0,0,0,0,0,0,0,0,0,0,0,0,0,0,0,0,0,0,0,0,0,0,0,0,0,0,0,0,0,0,0,0,0,0,0,0,0,0,0,0,0,0,0,0,0,0,0,0,0,0,0,0,0,0,0,0,0,0,0,0,0,0,0,0,0,0,0,0,0,0,0,0,0,0,0,0,0,0,0,0,0,0,0,0,0,0,0,0,0,0,0,0,0,0,0,0,0,0,0,0,0,0,0,0,0,0,0,0,0,0,0,0,0,0,0,0,0,0,0,0,0,0,0,0,0,0,0,0,0,0,0,0,0,0,0,0,0,0,0,0,0,0,0,0,0,0,0,0,0,0,0,0,0,0,0,0,0,0,0,0,0,0,0,0,0,0,0,0,0,0
2663,0,0,0,0,0,0,0,0,0,0,0,0,0,0,0,0,0,0,0,0,0,0,0,0,0,0,0,0,0,0,0,0,0,0,0,0,0,0,0,0,0,0,0,0,0,0,0,0,0,0,0,0,0,0,0,0,0,0,0,0,0,0,0,0,0,0,0,0,0,0,0,0,0,0,0,0,0,0,0,0,0,0,0,0,0,0,0,0,0,0,0,0,0,0,0,0,0,0,0,0,0,0,0,0,0,0,0,0,0,0,0,0,0,0,0,0,0,0,0,0,0,0,0,0,0,0,0,0,0,0,0,0,0,0,0,0,0,0,0,0,0,0,0,0,0,0,0,0,0,0,0,0,0,0,0,0,0,0,0,0,0,0,0,0,0,0,0,0,0,0,0,0,0,0,0,0,0,0,0,0,0,0,0,0,0,0,0,0,0,0,0,0,0,0,0,0,0,0,0,0
2664,0,0,0,0,0,0,0,0,0,0,0,0,0,0,0,0,0,0,0,0,0,0,0,0,0,0,0,0,0,0,0,0,0,0,0,0,0,0,0,0,0,0,0,0,0,0,0,0,0,0,0,0,0,0,0,0,0,0,0,0,0,0,0,0,0,0,0,0,0,0,0,0,0,0,0,0,0,0,0,0,0,0,0,0,0,0,0,0,0,0,0,0,0,0,0,0,0,0,0,0,0,0,0,0,0,0,0,0,0,0,0,0,0,0,0,0,0,0,0,0,0,0,0,0,0,0,0,0,0,0,0,0,0,0,0,0,0,0,0,0,0,0,0,0,0,0,0,0,0,0,0,0,0,0,0,0,0,0,0,0,0,0,0,0,0,0,0,0,0,0,0,0,0,0,0,0,0,0,0,0,0,0,0,0,0,0,0,0,0,0,0,0,0,0,0,0,0,0,0,0
2665,55683.7628657430,139362.5106447890,58675.1516164350,129851.9872425158,98533.2803784131,734.5263262472,106953.7757437072,50381.5663349597,99262.4587448346,94267.3376510079,94867.0373157816,130371.8772268397,65757.8951098589,69969.4363622344,31814.9971748877,115150.4464576495,81056.1173468874,73944.3497817248,117033.8869144969,19487.3136912396,92104.4996048422,102152.6743155280,71737.1779564218,103149.1220380473,50503.1367734630,75621.0399235975,84687.0576414206,65858.2799193462,84761.2076017964,16994.8463377605,34686.3623026527,132876.3628689194,50373.0328687930,95058.8400969107,79703.3486892755,47389.2039587347,108339.2539874234,80882.1473716013,58435.2300678878,101623.3422366382,108773.6790675874,99350.6994972514,87754.9910698457,58583.1469220132,64269.4767797738,124402.5268030147,68598.8280746929,87110.6461293268,105506.8820206588,93509.6079095177,110754.7056430089,95987.2410520701,74567.3566460184,17830.9112769806,57164.0913741863,83192.6924943779,96466.8280002024,87136.5044675855,77386.1982513816,100861.3828680250,84293.4572999267,39405.7064645444,94144.3963186675,45128.3021412220,55639.2264463777,48238.0834113360,91349.9837853308,28667.0508248649,9839.7523440665,64410.9555433515,29923.9770724940,126011.5904537631,70012.6232456518,63961.4816634340,75023.0438124387,64597.6447081355,132361.8419124555,76902.4422342384,75699.5340008311,57830.8353924865,103122.7054786447,4837.1934873235,91341.6449375269,86344.3281977900,66185.7653581363,90741.3009654130,100727.8919840375,18821.4541265465,55490.7154041668,44267.9581757675,27949.2157592628,36665.1614467004,17308.5719990285,101782.7865517723,79775.8481292387,125490.4380443406,106042.3063713862,23750.1221118621,107543.2912667519,93345.1728738402,82283.5498154382,77475.2020644874,131665.4502355946,57552.8339968581,90615.5158383388,76381.6402031779,41689.9489687017,49579.9876905639,86531.2044518036,57841.4063398676,87429.4218419512,59830.1717524495,94499.8434256354,64726.8399004300,117802.5553228694,101197.3493772595,95230.2828621953,69140.8499546632,85242.3661963846,98158.2372787274,70337.6246480133,73903.0832549118,69309.9177136494,98888.0452964911,118672.4862853711,90002.0036350251,95846.7837483332,109982.1920757881,61846.1424377199,54425.5198976593,77230.8196783689,109677.6634969496,101332.5893276207,89410.2970583200,71320.8450524076,94930.4579912964,63481.1983063303,78984.4121896450,80818.3978138853,81769.7717268173,102994.2410135490,51015.4348526492,55208.4700590956,38266.9858942570,61137.6502313877,91749.0748396295,101731.3344950800,111573.6399298109,83547.6105943833,83253.0263671354,104389.3768249999,32665.9458037687,99990.5035884953,13658.6225769386,14072.1706276395,23893.7781885419,95610.7606413639,92951.4915782841,45023.1057159862,70185.4504884479,80108.1219558599,93978.9874530885,74498.5012893286,64189.9715499442,126659.7471821556,60579.2636334357,85510.4898023291,72518.8221329253,72282.9357703807,2347.1864773463,98519.2239608361,87409.3666692947,35483.1171837417,41951.0246146103,80951.7397023071,23383.3090401176,95638.6072803037,60703.7567720385,65997.8400278408,68865.2952934177,78833.7538836510,49588.7899572914,15108.0473667110,84972.5847168750,98379.0837994176,6549.2740183655,77704.9646885557,91812.7221443614,81608.8921061295,50610.3506143097,90848.9643106751,35797.9727987626,60507.0003673523,63730.8932759052,1202.8723009541,53743.7530210082,81672.5646762539,28966.0896128855,43304.0312808609,53117.0996348164
2666,0,0,0,0,0,0,0,0,0,0,0,0,0,0,0,0,0,0,0,0,0,0,0,0,0,0,0,0,0,0,0,0,0,0,0,0,0,0,0,0,0,0,0,0,0,0,0,0,0,0,0,0,0,0,0,0,0,0,0,0,0,0,0,0,0,0,0,0,0,0,0,0,0,0,0,0,0,0,0,0,0,0,0,0,0,0,0,0,0,0,0,0,0,0,0,0,0,0,0,0,0,0,0,0,0,0,0,0,0,0,0,0,0,0,0,0,0,0,0,0,0,0,0,0,0,0,0,0,0,0,0,0,0,0,0,0,0,0,0,0,0,0,0,0,0,0,0,0,0,0,0,0,0,0,0,0,0,0,0,0,0,0,0,0,0,0,0,0,0,0,0,0,0,0,0,0,0,0,0,0,0,0,0,0,0,0,0,0,0,0,0,0,0,0,0,0,0,0,0,0
2667,0,0,0,0,0,0,0,0,0,0,0,0,0,0,0,0,0,0,0,0,0,0,0,0,0,0,0,0,0,0,0,0,0,0,0,0,0,0,0,0,0,0,0,0,0,0,0,0,0,0,0,0,0,0,0,0,0,0,0,0,0,0,0,0,0,0,0,0,0,0,0,0,0,0,0,0,0,0,0,0,0,0,0,0,0,0,0,0,0,0,0,0,0,0,0,0,0,0,0,0,0,0,0,0,0,0,0,0,0,0,0,0,0,0,0,0,0,0,0,0,0,0,0,0,0,0,0,0,0,0,0,0,0,0,0,0,0,0,0,0,0,0,0,0,0,0,0,0,0,0,0,0,0,0,0,0,0,0,0,0,0,0,0,0,0,0,0,0,0,0,0,0,0,0,0,0,0,0,0,0,0,0,0,0,0,0,0,0,0,0,0,0,0,0,0,0,0,0,0,0
2668,0,0,0,0,0,0,0,0,0,0,0,0,0,0,0,0,0,0,0,0,0,0,0,0,0,0,0,0,0,0,0,0,0,0,0,0,0,0,0,0,0,0,0,0,0,0,0,0,0,0,0,0,0,0,0,0,0,0,0,0,0,0,0,0,0,0,0,0,0,0,0,0,0,0,0,0,0,0,0,0,0,0,0,0,0,0,0,0,0,0,0,0,0,0,0,0,0,0,0,0,0,0,0,0,0,0,0,0,0,0,0,0,0,0,0,0,0,0,0,0,0,0,0,0,0,0,0,0,0,0,0,0,0,0,0,0,0,0,0,0,0,0,0,0,0,0,0,0,0,0,0,0,0,0,0,0,0,0,0,0,0,0,0,0,0,0,0,0,0,0,0,0,0,0,0,0,0,0,0,0,0,0,0,0,0,0,0,0,0,0,0,0,0,0,0,0,0,0,0,0
2669,0,0,0,0,0,0,0,0,0,0,0,0,0,0,0,0,0,0,0,0,0,0,0,0,0,0,0,0,0,0,0,0,0,0,0,0,0,0,0,0,0,0,0,0,0,0,0,0,0,0,0,0,0,0,0,0,0,0,0,0,0,0,0,0,0,0,0,0,0,0,0,0,0,0,0,0,0,0,0,0,0,0,0,0,0,0,0,0,0,0,0,0,0,0,0,0,0,0,0,0,0,0,0,0,0,0,0,0,0,0,0,0,0,0,0,0,0,0,0,0,0,0,0,0,0,0,0,0,0,0,0,0,0,0,0,0,0,0,0,0,0,0,0,0,0,0,0,0,0,0,0,0,0,0,0,0,0,0,0,0,0,0,0,0,0,0,0,0,0,0,0,0,0,0,0,0,0,0,0,0,0,0,0,0,0,0,0,0,0,0,0,0,0,0,0,0,0,0,0,0
2670,0,0,0,0,0,0,0,0,0,0,0,0,0,0,0,0,0,0,0,0,0,0,0,0,0,0,0,0,0,0,0,0,0,0,0,0,0,0,0,0,0,0,0,0,0,0,0,0,0,0,0,0,0,0,0,0,0,0,0,0,0,0,0,0,0,0,0,0,0,0,0,0,0,0,0,0,0,0,0,0,0,0,0,0,0,0,0,0,0,0,0,0,0,0,0,0,0,0,0,0,0,0,0,0,0,0,0,0,0,0,0,0,0,0,0,0,0,0,0,0,0,0,0,0,0,0,0,0,0,0,0,0,0,0,0,0,0,0,0,0,0,0,0,0,0,0,0,0,0,0,0,0,0,0,0,0,0,0,0,0,0,0,0,0,0,0,0,0,0,0,0,0,0,0,0,0,0,0,0,0,0,0,0,0,0,0,0,0,0,0,0,0,0,0,0,0,0,0,0,0
2671,0,0,0,0,0,0,0,0,0,0,0,0,0,0,0,0,0,0,0,0,0,0,0,0,0,0,0,0,0,0,0,0,0,0,0,0,0,0,0,0,0,0,0,0,0,0,0,0,0,0,0,0,0,0,0,0,0,0,0,0,0,0,0,0,0,0,0,0,0,0,0,0,0,0,0,0,0,0,0,0,0,0,0,0,0,0,0,0,0,0,0,0,0,0,0,0,0,0,0,0,0,0,0,0,0,0,0,0,0,0,0,0,0,0,0,0,0,0,0,0,0,0,0,0,0,0,0,0,0,0,0,0,0,0,0,0,0,0,0,0,0,0,0,0,0,0,0,0,0,0,0,0,0,0,0,0,0,0,0,0,0,0,0,0,0,0,0,0,0,0,0,0,0,0,0,0,0,0,0,0,0,0,0,0,0,0,0,0,0,0,0,0,0,0,0,0,0,0,0,0
2672,0,0,0,0,0,0,0,0,0,0,0,0,0,0,0,0,0,0,0,0,0,0,0,0,0,0,0,0,0,0,0,0,0,0,0,0,0,0,0,0,0,0,0,0,0,0,0,0,0,0,0,0,0,0,0,0,0,0,0,0,0,0,0,0,0,0,0,0,0,0,0,0,0,0,0,0,0,0,0,0,0,0,0,0,0,0,0,0,0,0,0,0,0,0,0,0,0,0,0,0,0,0,0,0,0,0,0,0,0,0,0,0,0,0,0,0,0,0,0,0,0,0,0,0,0,0,0,0,0,0,0,0,0,0,0,0,0,0,0,0,0,0,0,0,0,0,0.0000000000,0,0,0,0,0,0,0,0,0,0,0,0,0,0,0,0,0,0,0,0,0,0,0,0,0,0,0,0,0,0,0,0,0,0,0,0,0,0,0,0,0,0,0,0,0,0,0,0,0,0,0,0,0
2673,0,0,0,0,0,0,0,0,0,0,0,0,0,0,0,0,0,0,0,0,0,0,0,0,0,0,0,0,0,0,0,0,0,0,0,0,0,0,0,0,0,0,0,0,0,0,0,0,0,0,0,0,0,0,0,0,0,0,0,0,0,0,0,0,0,0,0,0,0,0,0,0,0,0,0,0,0,0,0,0,0,0,0,0,0,0,0,0,0,0,0,0,0,0,0,0,0,0,0,0,0,0,0,0,0,0,0,0,0,0,0,0,0,0,0,0,0,0,0,0,0,0,0,0,0,0,0,0,0,0,0,0,0,0,0,0,0,0,0,0,0,0,0,0,0,0,0,0,0,0,0,0,0,0,0,0,0,0,0,0,0,0,0,0,0,0,0,0,0,0,0,0,0,0,0,0,0,0,0,0,0,0,0,0,0,0,0,0,0,0,0,0,0,0,0,0,0,0,0,0
2674,0,0,0,0,0,0,0,0,0,0,0,0,0,0,0,0,0,0,0,0,0,0,0,0,0,0,0,0,0,0,0,0,0,0,0,0,0,0,0,0,0,0,0,0,0,0,0,0,0,0,0,0,0,0,0,0,0,0,0,0,0,0,0,0,0,0,0,0,0,0,0,0,0,0,0,0,0,0,0,0,0,0,0,0,0,0,0,0,0,0,0,0,0,0,0,0,0,0,0,0,0,0,0,0,0,0,0,0,0,0,0,0,0,0,0,0,0,0,0,0,0,0,0,0,0,0,0,0,0,0,0,0,0,0,0,0,0,0,0,0,0,0,0,0,0,0,0,0,0,0,0,0,0,0,0,0,0,0,0,0,0,0,0,0,0,0,0,0,0,0,0,0,0,0,0,0,0,0,0,0,0,0,0,0,0,0,0,0,0,0,0,0,0,0,0,0,0,0,0,0
2675,0,0,0,0,0,0,0,0,0,0,0,0,0,0,0,0,0,0,0,0,0,0,0,0,0,0,0,0,0,0,0,0,0,0,0,0,0,0,0,0,0,0,0,0,0,0,0,0,0,0,0,0,0,0,0,0,0,0,0,0,0,0,0,0,0,0,0,0,0,0,0,0,0,0,0,0,0,0,0,0,0,0,0,0,0,0,0,0,0,0,0,0,0,0,0,0,0,0,0,0,0,0,0,0,0,0,0,0,0,0,0,0,0,0,0,0,0,0,0,0,0,0,0,0,0,0,0,0,0,0,0,0,0,0,0,0,0,0,0,0,0,0,0,0,0,0,0,0,0,0,0,0,0,0,0,0,0,0,0,0,0,0,0,0,0,0,0,0,0,0,0,0,0,0,0,0,0,0,0,0,0,0,0,0,0,0,0,0,0,0,0,0,0,0,0,0,0,0,0,0
2676,0,0,0,0,0,0,0,0,0,0,0,0,0,0,0,0,0,0,0,0,0,0,0,0,0,0,0,0,0,0,0,0,0,0,0,0,0,0,0,0,0,0,0,0,0,0,0,0,0,0,0,0,0,0,0,0,0,0,0,0,0,0,0,0,0,0,0,0,0,0,0,0,0,0,0,0,0,0,0,0,0,0,0,0,0,0,0,0,0,0,0,0,0,0,0,0,0,0,0,0,0,0,0,0,0,0,0,0,0,0,0,0,0,0,0,0,0,0,0,0,0,0,0,0,0,0,0,0,0,0,0,0,0,0,0,0,0,0,0,0,0,0,0,0,0,0,0,0,0,0,0,0,0,0,0,0,0,0,0,0,0,0,0,0,0,0,0,0,0,0,0,0,0,0,0,0,0,0,0,0,0,0,0,0,0,0,0,0,0,0,0,0,0,0,0,0,0,0,0,0
2677,0,0,0,0,0,0,0,0,0,0,0,0,0,0,0,0,0,0,0,0,0,0,0,0,0,0,0,0,0,0,0,0,0,0,0,0,0,0,0,0,0,0,0,0,0,0,0,0,0,0,0,0,0,0,0,0,0,0,0,0,0,0,0,0,0,0,0,0,0,0,0,0,0,0,0,0,0,0,0,0,0,0,0,0,0,0,0,0,0,0,0,0,0,0,0,0,0,0,0,0,0,0,0,0,0,0,0,0,0,0,0,0,0,0,0,0,0,0,0,0,0,0,0,0,0,0,0,0,0,0,0,0,0,0,0,0,0,0,0,0,0,0,0,0,0,0,0,0,0,0,0,0,0,0,0,0,0,0,0,0,0,0,0,0,0,0,0,0,0,0,0,0,0,0,0,0,0,0,0,0,0,0,0,0,0,0,0,0,0,0,0,0,0,0,0,0,0,0,0,0
2678,0,0,0,0,0,0,0,0,0,0,0,0,0,0,0,0,0,0,0,0,0,0,0,0,0,0,0,0,0,0,0,0,0,0,0,0,0,0,0,0,0,0,0,0,0,0,0,0,0,0,0,0,0,0,0,0,0,0,0,0,0,0,0,0,0,0,0,0,0,0,0,0,0,0,0,0,0,0,0,0,0,0,0,0,0,0,0,0,0,0,0,0,0,0,0,0,0,0,0,0,0,0,0,0,0,0,0,0,0,0,0,0,0,0,0,0,0,0,0,0,0,0,0,0,0,0,0,0,0,0,0,0,0,0,0,0,0,0,0,0,0,0,0,0,0,0,0,0,0,0,0,0,0,0,0,0,0,0,0,0,0,0,0,0,0,0,0,0,0,0,0,0,0,0,0,0,0,0,0,0,0,0,0,0,0,0,0,0,0,0,0,0,0,0,0,0,0,0,0,0
2679,0,0,0,0,0,0,0,0,0,0,0,0,0,0,0,0,0,0,0,0,0,0,0,0,0,0,0,0,0,0,0,0,0,0,0,0,0,0,0,0,0,0,0,0,0,0,0,0,0,0,0,0,0,0,0,0,0,0,0,0,0,0,0,0,0,0,0,0,0,0,0,0,0,0,0,0,0,0,0,0,0,0,0,0,0,0,0,0,0,0,0,0,0,0,0,0,0,0,0,0,0,0,0,0,0,0,0,0,0,0,0,0,0,0,0,0,0,0,0,0,0,0,0,0,0,0,0,0,0,0,0,0,0,0,0,0,0,0,0,0,0,0,0,0,0,0,0,0,0,0,0,0,0,0,0,0,0,0,0,0,0,0,0,0,0,0,0,0,0,0,0,0,0,0,0,0,0,0,0,0,0,0,0,0,0,0,0,0,0,0,0,0,0,0,0,0,0,0,0,0
2680,0,0,0,0,0,0,0,0,0,0,0,0,0,0,0,0,0,0,0,0,0,0,0,0,0,0,0,0,0,0,0,0,0,0,0,0,0,0,0,0,0,0,0,0,0,0,0,0,0,0,0,0,0,0,0,0,0,0,0,0,0,0,0,0,0,0,0,0,0,0,0,0,0,0,0,0,0,0,0,0,0,0,0,0,0,0,0,0,0,0,0,0,0,0,0,0,0,0,0,0,0,0,0,0,0,0,0,0,0,0,0,0,0,0,0,0,0,0,0,0,0,0,0,0,0,0,0,0,0,0,0,0,0,0,0,0,0,0,0,0,0,0,0,0,0,0,0,0,0,0,0,0,0,0,0,0,0,0,0,0,0,0,0,0,0,0,0,0,0,0,0,0,0,0,0,0,0,0,0,0,0,0,0,0,0,0,0,0,0,0,0,0,0,0,0,0,0,0,0,0
2681,50694.1947469448,99141.1597451237,43952.9033738366,107992.0651657121,60402.0242902135,43427.2518366883,74383.6459481401,15202.3312677765,90849.3755019843,53649.7596196435,68907.6754927519,89239.1843768791,37721.5054419321,35288.4711601432,21097.4626877056,76593.4001958142,66588.3152424950,34811.3974262930,76083.5894432451,22666.6629630036,55581.9495465689,61089.0596041703,30821.1965423736,70034.8954717513,17893.7355287563,71836.6004938371,51318.6317183698,48599.7535061017,43613.9763639428,32316.5320385024,11475.9776560506,91792.6936231121,35863.3451894066,75965.5214064781,55239.9096452020,28455.3229333244,79368.6440922077,42186.2925690766,24263.8886346344,62645.3622781349,72680.4873380670,85318.1466960455,48247.8250408324,18713.8809066457,23434.9488260986,84223.5763339508,59096.1720574245,77875.4561933687,64323.7399171665,63187.2885317004,70634.4069689585,62520.7537716170,39688.5078715587,33642.0713703735,29320.8369757200,42271.2591605405,61041.4481356823,50188.6489565243,48014.5492416214,60734.1643227155,64294.0842315642,12196.1726848931,52895.9876772021,44206.6663692260,32299.0531655725,11092.8020905541,52177.8847890443,31077.5787306490,31415.5243582828,61365.5779479062,24230.4461321014,84761.6993062003,46360.7266567334,26663.5638120876,57668.0856129544,26406.7056206026,91727.8740122967,68047.3561121134,34549.9932284420,45374.6034374433,62440.7135989897,42750.8831314865,50666.7432361698,58569.8544635430,33194.2831533331,77181.9355362913,63884.1943390731,23262.7286371311,17441.2453832306,19987.2826717237,14896.9352937238,28015.3327937492,36908.0755573768,71256.4347287807,41994.9257275240,84561.1289562108,79765.2302595376,23983.9138447187,69655.2011214040,60300.2451313372,41853.1493099871,41186.0470523223,91733.4402292412,16335.0454398415,67937.5736904866,36343.3833953864,466.3271988664,41808.1672815761,46431.6123496981,24373.4007207822,70250.4814260520,41165.4987428763,83409.3524988192,23598.8481369941,77355.8840235692,73307.3944015866,55844.0137221014,29544.7805357839,54584.2655823896,58255.7885993989,33315.7464297880,35815.3535319374,55344.1331177499,57800.5945478051,77470.7977823460,48948.2805281927,57708.0745582303,69187.5814947621,52804.4438619110,32000.7246247870,44709.6532040760,70559.0528557364,60083.7325136056,54202.0110133629,65394.8305837099,53830.4886156387,39666.3493496064,37762.9284588835,74105.1956247050,46535.3816075294,68108.0158375478,23275.7156877321,18427.3881206830,21501.5836959569,31216.4099054012,53567.8938694155,66387.2536509572,70450.1577191818,46394.8813510543,71419.7475220205,64477.4156107593,14829.0111655544,63164.9125800282,29149.5219314784,29345.8031891748,17383.7944495541,67250.4465237158,56189.8191597435,11050.6656486681,28934.2280388160,40674.4845031966,58961.5969846666,61137.8101465216,28631.4146725443,106398.6840483353,20865.5626227228,47185.0766333569,51356.0851995250,44877.3254819134,38002.4646421116,66679.2444951362,46167.4616212452,11047.0676473901,26644.6135813113,53517.0760912156,30309.1664844662,55409.3245977450,56066.5558761604,45196.4208171653,32124.2805757225,58950.1775559832,11261.8303088151,26148.0076915672,59758.0211686117,64374.0861995395,37491.8424659831,36891.0139710460,71199.4918938660,64120.8079768399,46447.7350720457,63919.1301362018,8757.0579867950,34597.9785480051,23746.3885462096,45697.9172768209,34905.0914029215,41396.9655599688,12316.9203414459,6315.7818853637,12872.6391522730
2682,0,0,0,0,0,0,0,0,0,0,0,0,0,0,0,0,0,0,0,0,0,0,0,0,0,0,0,0,0,0,0,0,0,0,0,0,0,0,0,0,0,0,0,0,0,0,0,0,0,0,0,0,0,0,0,0,0,0,0,0,0,0,0,0,0,0,0,0,0,0,0,0,0,0,0,0,0,0,0,0,0,0,0,0,0,0,0,0,0,0,0,0,0,0,0,0,0,0,0,0,0,0,0,0,0,0,0,0,0,0,0,0,0,0,0,0,0,0,0,0,0,0,0,0,0,0,0,0,0,0,0,0,0,0,0,0,0,0,0,0,0,0,0,0,0,0,0,0,0,0,0,0,0,0,0,0,0,0,0,0,0,0,0,0,0,0,0,0,0,0,0,0,0,0,0,0,0,0,0,0,0,0,0,0,0,0,0,0,0,0,0,0,0,0,0,0,0,0,0,0
2683,0,0,0,0,0,0,0,0,0,0,0,0,0,0,0,0,0,0,0,0,0,0,0,0,0,0,0,0,0,0,0,0,0,0,0,0,0,0,0,0,0,0,0,0,0,0,0,0,0,0,0,0,0,0,0,0,0,0,0,0,0,0,0,0,0.0000000000,0,0,0,0,0,0,0,0,0,0,0,0,0,0,0,0,0,0,0,0,0,0,0,0,0,0,0,0,0,0,0,0,0,0,0,0,0,0,0,0,0,0,0,0,0,0,0,0,0,0,0,0,0,0,0,0,0,0,0,0,0,0,0,0,0,0,0,0,0,0,0,0,0,0,0,0,0,0,0,0,0,0,0,0,0,0,0,0,0,0,0,0,0,0,0,0,0,0,0,0,0,0,0,0,0,0,0,0,0,0,0,0,0,0,0,0,0,0,0,0,0,0,0,0,0,0,0,0,0,0,0,0,0,0,0
2684,0,0,0.0000000000,0,0,0,0,0,0,0,0,0,0,0,0,0,0,0,0,0,0,0,0,0,0,0,0,0,0,0,0,0,0,0,0,0,0,0,0,0,0,0,0,0,0,0,0,0,0,0,0,0,0,0,0,0,0,0,0,0,0,0,0,0,0,0,0,0,0,0,0,0,0,0,0,0,0,0,0,0,0,0,0,0,0,0,0,0,0,0,0,0,0,0,0,0,0,0,0,0,0,0,0,0,0,0,0,0,0,0,0,0,0,0,0,0,0,0,0,0,0,0,0,0,0,0,0,0,0,0,0,0,0,0,0,0,0,0,0,0,0,0,0,0,0,0,0,0,0,0,0,0,0,0,0,0,0,0,0,0,0,0,0,0,0,0,0,0,0,0,0,0,0,0,0,0,0,0,0,0,0,0,0,0,0,0,0,0,0,0,0,0,0,0,0,0,0,0,0,0
2685,0,0,0,0,0,0,0,0,0,0,0,0,0,0,0,0,0,0,0,0,0,0,0,0,0,0,0,0,0,0,0,0,0,0,0,0,0,0,0,0,0,0,0,0,0,0,0,0,0,0,0,0,0,0,0,0,0,0,0,0,0,0,0,0,0,0,0,0,0,0,0,0,0,0,0,0,0,0,0,0,0,0,0,0,0,0,0,0,0,0,0,0,0,0,0,0,0,0,0,0,0,0,0,0,0,0,0,0,0,0,0,0,0,0,0,0,0,0,0,0,0,0,0,0,0,0,0,0,0,0,0,0,0,0,0,0,0,0,0,0,0,0,0,0,0,0,0,0,0,0,0,0,0,0,0,0,0,0,0,0,0,0,0,0,0,0,0,0,0,0,0,0,0,0,0,0,0,0,0,0,0,0,0,0,0,0,0,0,0,0,0,0,0,0,0,0,0,0,0,0
2686,0,0,0,0,0,0,0,0,0,0,0,0,0,0,0,0,0,0,0,0,0,0,0,0,0,0,0,0,0,0,0,0,0,0,0,0,0,0,0,0,0,0,0,0,0,0,0,0,0,0,0,0,0,0,0,0,0,0,0,0,0,0,0,0,0,0,0,0,0,0,0,0,0,0,0,0,0,0,0,0,0,0,0,0,0,0,0,0,0,0,0,0,0,0,0,0,0,0,0,0,0,0,0,0,0,0,0,0,0,0,0,0,0,0,0,0,0,0,0,0,0,0,0,0,0,0,0,0,0,0,0,0,0,0,0,0,0,0,0,0,0,0,0,0,0,0,0,0,0,0,0,0,0,0,0,0,0,0,0,0,0,0,0,0,0,0,0,0,0,0,0,0,0,0,0,0,0,0,0,0,0,0,0,0,0,0,0,0,0,0,0,0,0,0,0,0,0,0,0,0
2687,54585.4064617081,92539.7657855107,42852.4860774161,107475.7273857441,56005.1612261352,49713.7973182312,68735.6092433976,8841.8476135187,93066.1748545860,47059.6759180438,68099.0799719789,83159.1486741594,37633.4127556404,29829.2089658630,24518.6827284572,70075.6027621552,68305.7416180214,30417.0160889057,69554.7132696531,29243.9789588424,49405.3738791324,55119.2065290473,24258.5159720005,67253.1556703639,14789.2684430626,75164.3082786502,48875.2022281500,50493.5471910612,37600.7671907669,37633.8342582839,12924.9468065647,85311.1499233479,39175.9564557704,76530.8376768605,55212.5452826860,28028.0311015986,77592.5307210196,35740.3669065408,23175.9273219718,56107.0942196342,66478.0734715283,86666.7106232078,43365.0444928315,12256.2856901715,18052.6966449611,77620.2456459671,61937.8837726636,80212.5531966438,57898.0641248342,61364.4658590316,64030.1580259296,56823.1566866003,37122.5675129999,40243.8116508434,26221.1767193150,35720.2793544770,57662.1585875907,46450.1502075392,46956.5030753756,55398.8619798791,64978.6171880892,13902.1216654386,46581.4107501049,48967.9328830089,33998.6957766441,9017.8757460068,45638.4367597318,34777.0648895986,37771.5860207439,65104.6464368911,20604.4776182590,78443.8225165578,46935.4684100959,20768.1469143264,59131.5950446741,22977.8954481853,85150.0323460987,70699.3158486342,28579.2223015799,48365.1041870155,55860.3190370132,49306.9589445084,45054.9597913524,57577.0057748415,31748.6235770891,78786.8317458459,57609.9369495521,29295.3090314668,15097.5963429395,19707.9761334405,20481.3510052520,30166.7997445968,42856.6930573554,69204.9642474419,38095.8693306704,78029.1060314774,78655.2521010971,28899.5757870378,63221.1515933228,57727.9495331364,36492.3163277803,35205.7412768033,85129.5684910431,10456.0986605746,67928.1147646359,29753.7514023234,11934.2253106972,45793.2193888443,39830.9350728054,19927.4152546825,71342.9273627551,43217.9195283278,85316.0374845836,17120.7380340881,70760.6066367052,71918.5309926035,50932.9110144377,23029.4351944100,52900.4010623817,51657.5026463432,30113.1244638640,29528.9502765034,57557.3893536069,51313.8776338096,71062.7503095332,42443.5085727978,51276.1460926857,62624.7099541303,55981.9020639046,30152.7673457917,42791.6404073090,63999.6211728585,53830.3020755791,51039.3666240800,68586.1262481698,47841.8132151234,40613.4446042417,31386.2987956533,76935.8552847293,43571.2501157100,64795.8852153585,21039.2725615257,13266.1504824081,23180.3205989290,31056.7927194643,49244.2367525662,60333.1850873780,63984.5002843519,40180.8483035577,73474.9256663805,57876.9565771836,18807.4304397771,59245.9240530253,35720.1576413635,35255.5019355956,23835.2694127569,65869.2522082418,52405.8556670124,17020.9259052264,22682.8398865791,35957.9598605451,53018.9923046070,63237.3402520735,26443.5678561264,106229.7503850428,16751.0408857643,42908.1461401066,52272.6363332998,44537.3291215005,44371.1902816102,64340.3077500512,39831.3660629662,23387.1855463046,27491.5730939611,52787.5372293124,34856.0671913731,50052.3739642055,59774.4962652934,46515.4964812199,26219.5170848068,59838.3379627237,3468.6867588498,32541.3979318650,59387.0990378746,61411.7071418305,44045.4327808443,30314.1625213698,71560.3229931211,65330.9052204728,50669.9097572552,62993.3367167410,13116.2948719347,35379.7099777302,17203.8045942688,52155.8479754380,37426.0247704248,34793.3799133995,18802.9589467635,1936.7208393792,5885.8926909603
2688,0,0,0,0,0,0,0,0,0,0,0,0,0,0,0,0,0,0,0,0,0,0,0,0,0,0,0,0,0,0,0,0,0,0,0,0,0,0,0,0,0,0,0,0,0,0,0,0,0,0,0,0,0,0,0,0,0,0,0,0,0,0,0,0,0,0,0,0,0,0,0,0,0,0,0,0,0,0,0,0,0,0,0,0,0,0,0,0,0,0,0,0,0,0,0,0,0,0,0,0,0,0,0,0,0,0,0,0,0,0,0,0,0,0,0,0,0,0,0,0,0,0,0,0,0,0,0,0,0,0,0,0,0,0,0,0,0,0,0,0,0,0,0,0,0,0,0,0,0,0,0,0,0,0,0,0,0,0,0,0,0,0,0,0,0,0,0,0,0,0,0,0,0,0,0,0,0,0,0,0,0,0,0,0,0,0,0,0,0,0,0,0,0,0,0,0,0,0,0,0
2689,0,0,0,0,0,0,0,0,0,0,0,0,0,0,0,0,0,0,0,0,0,0,0,0,0,0,0,0,0,0,0,0,0,0,0,0,0,0,0,0,0,0,0,0,0,0,0,0,0,0,0,0,0,0,0,0,0,0,0,0,0,0,0,0,0,0,0,0,0,0,0,0,0,0,0,0,0,0,0,0,0,0,0,0,0,0,0,0,0,0,0,0,0,0,0,0,0,0,0,0,0,0,0,0,0,0,0,0,0,0,0,0,0,0,0,0,0,0,0,0,0,0,0,0,0,0,0,0,0,0,0,0,0,0,0,0,0,0,0,0,0,0,0,0,0,0,0,0,0,0,0,0,0,0,0,0,0,0,0,0,0,0,0,0,0,0,0,0,0,0,0,0,0,0,0,0,0,0,0,0,0,0,0,0,0,0,0,0,0,0,0,0,0,0,0,0,0,0,0,0
2690,0,0,0,0,0,0,0,0,0,0,0,0,0,0,0,0,0,0,0,0,0,0,0,0,0,0,0,0,0,0,0,0,0,0,0,0,0,0,0,0,0,0,0,0,0,0,0,0,0,0,0,0,0,0,0,0,0,0,0,0,0,0,0,0,0,0,0,0,0,0,0,0,0,0,0,0,0,0,0,0,0,0,0,0,0,0,0,0,0,0,0,0,0,0,0,0,0,0,0,0,0,0,0,0,0,0,0,0,0,0,0,0,0,0,0,0,0,0,0,0,0,0,0,0,0,0,0,0,0,0,0,0,0,0,0,0,0,0,0,0,0,0,0,0,0,0,0,0,0,0,0,0,0,0,0,0,0,0,0,0,0,0,0,0,0,0,0,0,0,0,0,0,0,0,0,0,0,0,0,0,0,0.0000000000,0,0,0,0,0,0,0,0,0,0,0,0,0,0,0,0,0,0
2691,0,0,0,0,0,0,0,0,0,0,0,0,0,0,0,0,0,0,0,0,0,0,0,0,0,0,0,0,0,0,0,0,0,0,0,0,0,0,0,0,0,0,0,0,0,0,0,0,0,0,0,0,0,0,0,0,0,0,0,0,0,0,0,0,0,0,0,0,0,0,0,0,0,0,0,0,0,0,0,0,0,0,0,0,0,0,0,0,0,0,0,0,0,0,0,0,0,0,0,0,0,0,0,0,0,0,0,0,0,0,0,0,0,0,0,0,0,0,0,0,0,0,0,0,0,0,0,0,0,0,0,0,0,0,0,0,0,0,0,0,0,0,0,0,0,0,0,0,0,0,0,0,0,0,0,0,0,0,0,0,0,0,0,0,0,0,0,0,0,0,0,0,0,0,0,0,0,0,0,0,0,0,0,0,0,0,0,0,0,0,0,0,0,0,0,0,0,0,0,0
2692,0,0,0,0,0,0,0,0,0,0,0,0,0,0,0,0,0,0,0,0,0,0,0,0,0,0,0,0,0,0,0,0,0,0,0,0,0,0,0,0,0,0,0,0,0,0,0,0,0,0,0,0,0,0,0,0,0,0,0,0,0,0,0,0,0,0,0,0,0,0,0,0,0,0,0,0,0,0,0,0,0,0,0,0,0,0,0,0,0,0,0,0,0,0,0,0,0,0,0,0,0,0,0,0,0,0,0,0,0,0,0,0,0,0,0,0,0,0,0,0,0,0,0,0,0,0,0,0,0,0,0,0,0,0,0,0,0,0,0,0,0,0,0,0,0,0,0,0,0,0,0,0,0,0,0,0,0,0,0,0,0,0,0,0,0,0,0,0,0,0,0,0,0,0,0,0,0,0,0,0,0,0,0,0,0,0,0,0,0,0,0,0,0,0,0,0,0,0,0,0
2693,0,0,0,0,0,0,0,0,0,0,0,0,0,0,0,0,0,0,0,0,0,0,0,0,0,0,0,0,0,0,0,0,0,0,0,0,0,0,0,0,0,0,0,0,0,0,0,0,0,0,0,0,0,0,0,0,0,0,0,0,0,0,0,0,0,0,0,0,0,0,0,0,0,0,0,0,0,0,0,0,0,0,0,0,0,0,0,0,0,0,0,0,0,0,0,0,0,0,0,0,0,0,0,0,0,0,0,0,0,0,0,0,0,0,0,0,0,0,0,0,0,0,0,0,0,0,0,0,0,0,0,0,0,0,0,0,0,0,0,0,0,0,0,0,0,0,0,0,0,0,0,0,0,0,0,0,0,0,0,0,0,0,0,0,0,0,0,0,0,0,0,0,0,0,0,0,0,0,0,0,0,0,0,0,0,0,0,0,0,0,0,0,0,0,0,0,0,0,0,0
2694,0,0,0,0,0,0,0,0,0,0,0,0,0,0,0,0,0,0,0,0,0,0,0,0,0,0,0,0,0,0,0,0,0,0,0,0,0,0,0,0,0,0,0,0,0,0,0,0,0,0,0,0,0,0,0,0,0,0,0,0,0,0,0,0,0,0,0,0,0,0,0,0,0,0,0,0,0,0,0,0,0,0,0,0,0,0,0,0,0,0,0,0,0,0,0,0,0,0,0,0,0,0,0,0,0,0,0,0,0,0,0,0,0,0,0,0,0,0,0,0,0,0,0,0,0,0,0,0,0,0,0,0,0,0,0,0,0,0,0,0,0,0,0,0,0,0,0,0,0,0,0,0,0,0,0,0,0,0,0,0,0,0,0,0,0,0,0,0,0,0,0,0,0,0,0,0,0,0,0,0,0,0,0,0,0,0,0,0,0,0,0,0,0,0,0,0,0,0,0,0
2695,0,0,0,0,0,0,0,0,0,0,0,0,0,0,0,0,0,0,0,0,0,0,0,0,0,0,0,0,0,0,0,0,0,0,0,0,0,0,0,0,0,0,0,0,0,0,0,0,0,0,0,0,0,0,0,0,0,0,0,0,0,0,0,0,0,0,0,0,0,0,0,0,0,0,0,0,0,0,0,0,0,0,0,0,0,0,0,0,0,0,0,0,0,0,0,0,0,0,0,0,0,0,0,0,0,0,0,0,0,0,0,0,0,0,0,0,0,0,0,0,0,0,0,0,0,0,0,0,0,0,0,0,0,0,0,0,0,0,0,0,0,0,0,0,0,0,0,0,0,0,0,0,0,0,0,0,0,0,0,0,0,0,0,0,0,0,0,0,0,0,0,0,0,0,0,0,0,0,0,0,0,0,0,0,0,0,0,0,0,0,0,0,0,0,0,0,0,0,0,0
2696,0,0,0,0,0,0,0,0,0,0,0,0,0,0,0,0,0,0,0,0,0,0,0,0,0,0,0,0,0,0,0,0,0,0,0,0,0,0,0,0,0,0,0,0,0,0,0,0,0,0,0,0,0,0,0,0,0,0,0,0,0,0,0,0,0,0,0,0,0,0,0,0,0,0,0,0,0,0,0,0,0,0,0,0,0,0,0,0,0,0,0,0,0,0,0,0,0,0,0,0,0,0,0,0,0,0,0,0,0,0,0,0,0,0,0,0,0,0,0,0,0,0,0,0,0,0,0,0,0,0,0,0,0,0,0,0,0,0,0,0,0,0,0,0,0,0,0,0,0,0,0,0,0,0,0,0,0,0,0,0,0,0,0,0,0,0,0,0,0,0,0,0,0,0,0,0,0,0,0,0,0,0,0,0,0,0,0,0,0,0,0,0,0,0,0,0,0,0,0,0
2697,0,0,0,0,0,0,0,0,0,0,0,0,0,0,0,0,0,0,0,0,0,0,0,0,0,0,0,0,0,0,0,0,0,0,0,0,0,0,0,0,0,0,0,0,0,0,0,0,0,0,0,0,0,0,0,0,0,0,0,0,0,0,0,0,0,0,0,0,0,0,0,0,0,0,0,0,0,0,0,0,0,0,0,0,0,0,0,0,0,0,0,0,0,0,0,0,0,0,0,0,0,0,0,0,0,0,0,0,0,0,0,0,0,0,0,0,0,0,0,0,0,0,0,0,0,0,0,0,0,0,0,0,0,0,0,0,0,0,0,0,0,0,0,0,0,0,0,0,0,0,0,0,0,0,0,0,0,0,0,0,0,0,0,0,0,0,0,0,0,0,0,0,0,0,0,0,0,0,0,0,0,0,0,0,0,0,0,0,0,0,0,0,0,0,0,0,0,0,0,0
2698,0,0,0,0,0,0,0,0,0,0,0,0,0,0,0,0,0,0,0,0,0,0,0,0,0,0,0,0,0,0,0,0,0,0,0,0,0,0,0,0,0,0,0,0,0,0,0,0,0,0,0,0,0,0,0,0,0,0,0,0,0,0,0,0,0,0,0,0,0,0,0,0,0,0,0,0,0,0,0,0,0,0,0,0,0,0,0,0,0,0,0,0,0,0,0,0,0,0,0,0,0,0,0,0,0,0,0,0,0,0,0,0,0,0,0,0,0,0,0,0,0,0,0,0,0,0,0,0,0,0,0,0,0.0000000000,0,0,0,0,0,0,0,0,0,0,0,0,0,0,0,0,0,0,0,0,0,0,0,0,0,0,0,0,0,0,0,0,0,0,0,0,0,0,0,0,0,0,0,0,0,0,0,0,0,0,0,0,0,0,0,0,0,0,0,0,0,0,0,0,0,0,0
2699,0,0,0,0,0,0,0,0,0,0,0,0,0,0,0,0,0,0,0,0,0,0,0,0,0,0,0,0,0,0,0,0,0,0,0,0,0,0,0,0,0,0,0,0,0,0,0,0,0,0,0,0,0,0,0,0,0,0,0,0,0,0,0,0,0,0,0,0,0,0,0,0,0,0,0,0,0,0,0,0,0,0,0,0,0,0,0,0,0,0,0,0,0,0,0,0,0,0,0,0,0,0,0,0,0,0,0,0,0,0,0,0,0,0,0,0,0,0,0,0,0,0,0,0,0,0,0,0,0,0,0,0,0,0,0,0,0,0,0,0,0,0,0,0,0,0,0,0,0,0,0,0,0,0,0,0,0,0,0,0,0,0,0,0,0,0,0,0,0,0,0,0,0,0,0,0,0,0,0,0,0,0,0,0,0,0,0,0,0,0,0,0,0,0,0,0,0,0,0,0
2700,0,0,0,0,0,0,0,0,0,0,0,0,0,0,0,0,0,0,0,0,0,0,0,0,0,0,0,0,0,0,0,0,0,0,0,0,0,0,0,0,0,0,0,0,0,0,0,0,0,0,0,0,0,0,0,0,0,0,0,0,0,0,0,0,0,0,0,0,0,0,0,0,0,0,0,0,0,0,0,0,0,0,0,0,0,0,0,0,0,0,0,0,0,0,0,0,0,0,0,0,0,0,0,0,0,0,0,0,0,0,0,0,0,0,0,0,0,0,0,0,0,0,0,0,0,0,0,0,0,0,0,0,0,0,0,0,0,0,0,0,0,0,0,0,0,0,0,0,0,0,0,0,0,0,0,0,0,0,0,0,0,0,0,0,0,0,0,0,0,0,0,0,0,0,0,0,0,0,0,0,0,0,0,0,0,0,0,0,0,0,0,0,0,0,0,0,0,0,0,0
2701,0,0,0,0,0,0,0,0,0,0,0,0,0,0,0,0,0,0,0,0,0,0,0,0,0,0,0,0,0,0,0,0,0,0,0,0,0,0,0,0,0,0,0,0,0,0,0,0,0,0,0,0,0,0,0,0,0,0,0,0,0,0,0,0,0,0,0,0,0,0,0,0,0,0,0,0,0,0,0,0,0,0,0,0,0,0,0,0,0,0,0,0,0,0,0,0,0,0,0,0,0,0,0,0,0,0,0,0,0,0,0,0,0,0,0,0,0,0,0,0,0,0,0,0,0,0,0,0,0,0,0,0,0,0,0,0,0,0,0,0,0,0,0,0,0,0,0,0,0,0,0,0,0,0,0,0,0,0,0,0,0,0,0,0,0,0,0,0,0,0,0,0,0,0,0,0,0,0,0,0,0,0,0,0,0,0,0,0,0,0,0,0,0,0,0,0,0,0,0,0
2702,0,0,0,0,0,0,0,0,0,0,0,0,0,0,0,0,0,0,0,0,0,0,0,0,0,0,0,0,0,0,0,0,0,0,0,0,0,0,0,0,0,0,0,0,0,0,0,0,0,0,0,0,0,0,0,0,0,0,0,0,0,0,0,0,0,0,0,0,0,0,0,0,0,0,0,0,0,0,0,0,0,0,0,0,0,0,0,0,0,0,0,0,0,0,0,0,0,0,0,0,0,0,0,0,0,0,0,0,0,0,0,0,0,0,0,0,0,0,0,0,0,0,0,0,0,0,0,0,0,0,0,0,0,0,0,0,0,0,0,0,0,0,0,0,0,0,0,0,0,0,0,0,0,0,0,0,0,0,0,0,0,0,0,0,0,0,0,0,0,0,0,0,0,0,0,0,0,0,0,0,0,0,0,0,0,0,0,0,0,0,0,0,0,0,0,0,0,0,0,0
2703,0,0,0,0,0,0,0,0,0,0,0,0,0,0,0,0,0,0,0,0,0,0,0,0,0,0,0,0,0,0,0,0,0,0,0,0,0,0,0,0,0,0,0,0,0,0,0,0,0,0,0,0,0,0,0,0,0,0,0,0,0,0,0,0,0,0,0,0,0,0,0,0,0,0,0,0,0,0,0,0,0,0,0,0,0,0,0,0,0,0,0,0,0,0,0,0,0,0,0,0,0,0,0,0,0,0,0,0,0,0,0,0,0,0,0,0,0,0,0,0,0,0,0,0,0,0,0,0,0,0,0,0,0,0,0,0,0,0,0,0,0,0,0,0,0,0,0,0,0,0,0,0,0,0,0,0,0,0,0,0,0,0,0,0,0,0,0,0,0,0,0,0,0,0,0,0,0,0,0,0,0,0,0,0,0,0,0,0,0,0,0,0,0,0,0,0,0,0,0,0
2704,0,0,0,0,0,0,0,0,0,0,0,0,0,0,0,0,0,0,0,0,0,0,0,0,0,0,0,0,0,0,0,0,0,0,0,0,0,0,0,0,0,0,0,0,0,0,0,0,0,0,0,0,0,0,0,0,0,0,0,0,0,0,0,0,0,0,0,0,0,0,0,0,0,0,0,0,0,0,0,0,0,0,0,0,0,0,0,0,0,0,0,0,0,0,0,0,0,0,0,0,0,0,0,0,0,0,0,0,0,0,0,0,0,0,0,0,0,0,0,0,0,0,0,0,0,0,0,0,0,0,0,0,0,0,0,0,0,0,0,0,0,0,0,0,0,0,0,0,0,0,0,0,0,0,0,0,0,0,0,0,0,0,0,0,0,0,0,0,0,0,0,0,0,0,0,0,0,0,0,0,0,0,0,0,0,0,0,0,0,0,0,0,0,0,0,0,0,0,0,0
2705,0,0,0,0,0,0,0,0,0,0,0,0,0,0,0,0,0,0,0,0,0,0,0,0,0,0,0,0,0,0,0,0,0,0,0,0,0,0,0,0,0,0,0,0,0,0,0,0,0,0,0,0,0,0,0,0,0,0,0,0,0,0,0,0,0,0,0,0,0,0,0,0,0,0,0,0,0,0,0,0,0,0,0,0,0,0,0,0,0,0,0,0,0,0,0,0,0,0,0,0,0,0,0,0,0,0,0,0,0,0,0,0,0,0,0,0,0,0,0,0,0,0,0,0,0,0,0,0,0,0,0,0,0,0,0,0,0,0,0,0,0,0,0,0,0,0,0,0,0,0,0,0,0,0,0,0,0,0,0,0,0,0,0,0,0,0,0,0,0,0,0,0,0,0,0,0,0,0,0,0,0,0,0,0,0,0,0,0,0,0,0,0,0,0,0,0,0,0,0,0
2706,0,0,0,0,0,0,0,0,0,0,0,0,0,0,0,0,0,0,0,0,0,0,0,0,0,0,0,0,0,0,0,0,0,0,0,0,0,0,0,0,0,0,0,0,0,0,0,0,0,0,0,0,0,0,0,0,0,0,0,0,0,0,0,0,0,0,0,0,0,0,0,0,0,0,0,0,0,0,0,0,0,0,0,0,0,0,0,0,0,0,0,0,0,0,0,0,0,0,0,0,0,0,0,0,0,0,0,0,0,0,0,0,0,0,0,0,0,0,0,0,0,0,0,0,0,0,0,0,0,0,0,0,0,0,0,0,0,0,0,0,0,0,0,0,0,0,0,0,0,0,0,0,0,0,0,0,0,0,0,0,0,0,0,0,0,0,0,0,0,0,0,0,0,0,0,0,0,0,0,0,0,0,0,0,0,0,0,0,0,0,0,0,0,0,0,0,0,0,0,0
2707,65657.2842845492,78396.2456416216,42197.6379142293,109485.0845206130,49850.0666639618,63112.9692628382,56145.1790745594,15645.4211418463,100712.1733776766,33096.8633862412,70258.6938693203,71230.7569482241,42814.8553960072,18958.2949842422,34198.9690942546,55754.2609344435,75448.8552834495,26304.7861967838,55915.9092470020,43389.2009866563,35748.9938435003,43926.1729246275,10946.1518929066,64941.6029892708,15818.6740373008,85004.8754211483,48202.7573174525,58477.7162387268,26824.9113925024,49449.7212764103,26818.1862881611,71854.8111149974,49834.1445109917,81291.5626102696,59453.3573810869,30580.6008004410,77356.2549534759,21560.1685822825,28402.8460059322,41772.9445759017,52679.5223682030,92764.9670223904,36384.9876272486,171.2260338400,13634.0741101288,63450.4666161709,71192.3324922567,88254.0568070971,44817.2725168111,61525.1269445571,49826.0781929675,44243.3861985879,37101.0254114413,54535.0609836291,23040.6902722780,22174.3369027766,54207.1228504294,42636.1734167691,49515.8715552759,46400.3822201603,70267.5657541034,23370.3798068965,34155.3480265850,61371.6788437125,42545.2961790145,12940.2350853137,31305.1370160426,44035.4872891236,51394.5159803855,75761.5919010458,34939.6822403467,65681.0120551146,52731.0790636666,10404.2879101818,66059.1408377638,23151.1074794538,71205.8653105413,79456.9817444106,18736.6735984047,58215.7116380920,41950.2316814287,63342.2373712837,35497.5099590849,59724.7865791611,34867.1993444068,85506.0707287305,43695.8556487315,42474.2986448076,20382.0902245704,24406.5868995574,33353.6611983447,37199.0006356198,55664.4753976394,68567.8781509329,34507.5552162185,64352.2332192569,79878.8387744298,40419.7478510665,49005.6531118932,56284.6020700885,28390.5747393448,22314.4658407255,70895.0559754096,18834.6864187694,71755.3245822043,15445.5715780332,21360.3487681764,57193.4985761281,25574.1942416011,14681.1181842483,77247.6145933694,51776.3201136012,92491.0112372372,2719.8663032858,56699.5570165925,72702.5408937433,43456.2076346714,11661.8221534196,53756.3726121898,37375.5323905564,29415.8889142542,15855.4250712241,65856.5331747704,37988.6947296200,57974.7986473537,29111.3565277650,37079.4393400660,48814.5442440630,65919.4837063056,29281.1642891880,43764.4379938857,49658.3987797688,41546.7251719585,48464.8387358503,78297.3136371993,36757.7996724349,47451.9490819803,19126.3912294177,85901.4898600146,41989.8187991993,61242.1030608167,21365.8632959373,16008.2303541445,30394.0903465932,36758.7558860707,43617.0862424052,46879.9977903024,50677.9367061957,26523.1094917220,81123.2324780423,43607.2565679829,29928.1926720480,54296.8517950358,49828.3013542324,48116.4896959018,37758.2836509504,66857.2102838934,48124.9658928482,17238.5394794740,12151.1138119889,30120.8139896600,39887.7610702826,71187.7369658497,28802.8248018011,108991.4389412387,17246.2350394743,37818.4554759215,58448.2853888278,48720.7170353626,57974.9096506674,63191.9233115475,27462.3908594675,30527.1089224241,32572.0653886101,55711.3385906567,45506.7292311000,41171.8490641993,70470.1963734028,53675.8114998754,14112.3615562955,65677.5730259358,12779.7061289420,46278.6716440578,62763.7862849994,58860.9387272131,58084.1038408324,16633.1843876856,76032.7895664664,71610.2867031947,62300.6822775557,65072.2968680816,25490.7665583223,42313.8979371651,1269.1798954298,65924.8459298389,47010.5035244236,20591.1570686664,32836.2509678249,17894.9368399547,12775.4129990595
2708,0,0,0,0,0,0,0,0,0,0,0,0,0,0,0,0,0,0,0,0,0,0,0,0,0,0,0,0,0,0,0,0,0,0,0,0,0,0,0,0,0,0,0,0,0,0,0,0,0,0,0,0,0,0,0,0,0,0,0,0,0,0,0,0,0,0,0,0,0,0,0,0,0,0,0,0,0,0,0,0,0,0,0,0,0,0,0,0,0,0,0,0,0,0,0,0,0,0,0,0,0,0,0,0,0,0,0,0,0,0,0,0,0,0,0,0,0,0,0,0,0,0,0,0,0,0,0,0,0,0,0,0,0,0,0,0,0,0,0,0,0,0,0,0,0,0,0,0,0,0,0,0,0,0,0,0,0,0,0,0,0,0,0,0,0,0,0,0,0,0,0,0,0,0,0,0,0,0,0,0,0,0,0,0,0,0,0,0,0,0,0,0,0,0,0,0,0,0,0,0
2709,0,0,0,0,0,0,0,0,0,0,0,0,0,0,0,0,0,0,0,0,0,0,0,0,0,0,0,0,0,0,0,0,0,0,0,0,0,0,0,0,0,0,0,0,0,0,0,0,0,0,0,0,0,0,0,0,0,0,0,0,0,0,0,0,0,0,0,0,0,0,0,0,0,0,0,0,0,0,0,0,0,0,0,0,0,0,0,0,0,0,0,0,0,0,0,0,0,0,0,0,0,0,0,0,0,0,0,0,0,0,0,0,0,0,0,0,0,0,0,0,0,0,0,0,0,0,0,0,0,0,0,0,0,0,0,0,0,0,0,0,0,0,0,0,0,0,0,0,0,0,0,0,0,0,0,0,0,0,0,0,0,0,0,0,0,0,0,0,0,0,0,0,0,0,0,0,0,0,0,0,0,0,0,0,0,0,0,0,0,0,0,0,0,0,0,0,0,0,0,0
2710,0,0,0,0,0,0,0,0,0,0,0,0,0,0,0,0,0,0,0,0,0,0,0,0,0,0,0,0,0,0,0,0,0,0,0,0,0,0,0,0,0,0,0,0,0,0,0,0,0,0,0,0,0,0,0,0,0,0,0,0,0,0,0,0,0,0,0,0,0,0,0,0,0,0,0,0,0,0,0,0,0,0,0,0,0,0,0,0,0,0,0,0,0,0,0,0,0,0,0,0,0,0,0,0,0,0,0,0,0,0,0,0,0,0,0,0,0,0,0,0,0,0,0,0,0,0,0,0,0,0,0,0,0,0,0,0,0,0,0,0,0,0,0,0,0,0,0,0,0,0,0,0,0,0,0,0,0,0,0,0,0,0,0,0,0,0,0,0,0,0,0,0,0,0,0,0,0,0,0,0,0,0,0,0,0,0,0,0,0,0,0,0,0,0,0,0,0,0,0,0
2711,0,0,0,0,0,0,0,0,0,0,0,0,0,0,0,0,0,0,0,0,0,0,0,0,0,0,0,0,0,0,0,0,0,0,0,0,0,0,0,0,0,0,0,0,0,0,0,0,0,0,0,0,0,0,0,0,0,0,0,0,0,0,0,0,0,0,0,0,0,0,0,0,0,0,0,0,0,0,0,0,0,0,0,0,0,0,0,0,0,0,0,0,0,0,0,0,0,0,0,0,0,0,0,0,0,0,0,0,0,0,0,0,0,0,0,0,0,0,0,0,0,0,0,0,0,0,0,0,0,0,0,0,0,0,0,0,0,0,0,0,0,0,0,0,0,0,0,0,0,0,0,0,0,0,0,0,0,0,0,0,0,0,0,0,0,0,0,0,0,0,0,0,0,0,0,0,0,0,0,0,0,0,0,0,0,0,0,0,0,0,0,0,0,0,0,0,0,0,0,0
2712,0,0,0,0,0,0,0,0,0,0,0,0,0,0,0,0,0,0,0,0,0,0,0,0,0,0,0,0,0,0,0,0,0,0,0,0,0,0,0,0,0,0,0,0,0,0,0,0,0,0,0,0,0,0,0,0,0,0,0,0,0,0,0,0,0,0,0,0,0,0,0,0,0,0,0,0,0,0,0,0,0,0,0,0,0,0,0,0,0,0,0,0,0,0,0,0,0,0,0,0,0,0,0,0,0,0,0,0,0,0,0,0,0,0,0,0,0,0,0,0,0,0,0,0,0,0,0,0,0,0,0,0,0,0,0,0,0,0,0,0,0,0,0,0,0,0,0,0,0,0,0,0,0,0,0,0,0,0,0,0,0,0,0,0,0,0,0,0,0,0,0,0,0,0,0,0,0,0,0,0,0,0,0,0,0,0,0,0,0,0,0,0,0,0,0,0,0,0,0,0
2713,0,0,0,0,0,0,0,0,0,0,0,0,0,0,0,0,0,0,0,0,0,0,0,0,0,0,0,0,0,0,0,0,0,0,0,0,0,0,0,0,0,0,0,0,0,0,0,0,0,0,0,0,0,0,0,0,0,0,0,0,0,0,0,0,0,0,0,0,0,0,0,0,0,0,0,0,0,0,0,0,0,0,0,0,0,0,0,0,0,0,0,0,0,0,0,0,0,0,0,0,0,0,0,0,0,0,0,0,0,0,0,0,0,0,0,0,0,0,0,0,0,0,0,0,0,0,0,0,0,0,0,0,0,0,0,0,0,0,0,0,0,0,0,0,0,0,0,0,0,0,0,0,0,0,0,0,0,0,0,0,0,0,0,0,0,0,0,0,0,0,0,0,0,0,0,0,0,0,0,0,0,0,0,0,0,0,0,0,0,0,0,0,0,0,0,0,0,0,0,0
2714,0,0,0,0,0,0,0,0,0,0,0,0,0,0,0,0,0,0,0,0,0,0,0,0,0,0,0,0,0,0,0,0,0,0,0,0,0,0,0,0,0,0,0,0,0,0,0,0,0,0,0,0,0,0,0,0,0,0,0,0,0,0,0,0,0,0,0,0,0,0,0,0,0,0,0,0,0,0,0,0,0,0,0,0,0,0,0,0,0,0,0,0,0,0,0,0,0,0,0,0,0,0,0,0,0,0,0,0,0,0,0,0,0,0,0,0,0,0,0,0,0,0,0,0,0,0,0,0,0,0,0,0,0,0,0,0,0,0,0,0,0,0,0,0,0,0,0,0,0,0,0,0,0,0,0,0,0,0,0,0,0,0,0,0,0,0,0,0,0,0,0,0,0,0,0,0,0,0,0,0,0,0,0,0,0,0,0,0,0,0,0,0,0,0,0,0,0,0,0,0
2715,0,0,0,0,0,0,0,0,0,0,0,0,0,0,0,0,0,0,0,0,0,0,0,0,0,0,0,0,0,0,0,0,0,0,0,0,0,0,0,0,0,0,0,0,0,0,0,0,0,0,0,0,0,0,0,0,0,0,0,0,0,0,0,0,0,0,0,0,0,0,0,0,0,0,0,0,0,0,0,0,0,0,0,0,0,0,0,0,0,0,0,0,0,0,0,0,0,0,0,0,0,0,0,0,0,0,0,0,0,0,0,0,0,0,0,0,0,0,0,0,0,0,0,0,0,0,0,0,0,0,0,0,0,0,0,0,0,0,0,0,0,0,0,0,0,0,0,0,0,0,0,0,0,0,0,0,0,0,0,0,0,0,0,0,0,0,0,0,0,0,0,0,0,0,0,0,0,0,0,0,0,0,0,0,0,0,0,0,0,0,0,0,0,0,0,0,0,0,0,0
2716,0,0,0,0,0,0,0,0,0,0,0,0,0,0,0,0,0,0,0,0,0,0,0,0,0,0,0,0,0,0,0,0,0,0,0,0,0,0,0,0,0,0,0,0,0,0,0,0,0,0,0,0,0,0,0,0,0,0,0,0,0,0,0,0,0,0,0,0,0,0,0,0,0,0,0,0,0,0,0,0,0,0,0,0,0,0,0,0,0,0,0,0,0,0,0,0,0,0,0,0,0,0,0,0,0,0,0,0,0,0,0,0,0,0,0,0,0,0,0,0,0,0,0,0,0,0,0,0,0,0,0,0,0,0,0,0,0,0,0,0,0,0,0,0,0,0,0,0,0,0,0,0,0,0,0,0,0,0,0,0,0,0,0,0,0,0,0,0,0,0,0,0,0,0,0,0,0,0,0,0,0,0,0,0,0,0,0,0,0,0,0,0,0,0,0,0,0,0,0,0
2717,0,0,0,0,0,0,0,0,0,0,0,0,0,0,0,0,0,0,0,0,0,0,0,0,0,0,0,0,0,0,0,0,0,0,0,0,0,0,0,0,0,0,0,0,0,0,0,0,0,0,0,0,0,0,0,0,0,0,0,0,0,0,0,0,0,0,0,0,0,0,0,0,0,0,0,0,0,0,0,0,0,0,0,0,0,0,0,0,0,0,0,0,0,0,0,0,0,0,0,0,0,0,0,0,0,0,0,0,0,0,0,0,0,0,0,0,0,0,0,0,0,0,0,0,0,0,0,0,0,0,0,0,0,0,0,0,0,0,0,0,0,0,0,0,0,0,0,0,0,0,0,0,0,0,0,0,0,0,0,0,0,0,0,0,0,0,0,0,0,0,0,0,0,0,0,0,0,0,0,0,0,0,0,0,0,0,0,0,0,0,0,0,0,0,0,0,0,0,0,0
2718,0,0,0,0,0,0,0,0,0,0,0,0,0,0,0,0,0,0,0,0,0,0,0,0,0,0,0,0,0,0,0,0,0,0,0,0,0,0,0,0,0,0,0,0,0,0,0,0,0,0,0,0,0,0,0,0,0,0,0,0,0,0,0,0,0,0,0,0,0,0,0,0,0,0,0,0,0,0,0,0,0,0,0,0,0,0,0,0,0,0,0,0,0,0,0,0,0,0,0,0,0,0,0,0,0,0,0,0,0,0,0,0,0,0,0,0,0,0,0,0,0,0,0,0,0,0,0,0,0,0,0,0,0,0,0,0,0,0,0,0,0,0,0,0,0,0,0,0,0,0,0,0,0,0,0,0,0,0,0,0,0,0,0,0,0,0,0,0,0,0,0,0,0,0,0,0,0,0,0,0,0,0,0,0,0,0,0,0,0,0,0,0,0,0,0,0,0,0,0,0
2719,0,0,0,0,0,0,0,0,0,0,0,0,0,0,0,0,0,0,0,0,0,0,0,0,0,0,0,0,0,0,0,0,0,0,0,0,0,0,0,0,0,0,0,0,0,0,0,0,0,0,0,0,0,0,0,0,0,0,0,0,0,0,0,0,0,0,0,0,0,0,0,0,0,0,0,0,0,0,0,0,0,0,0,0,0,0,0,0,0,0,0,0,0,0,0,0,0,0,0,0,0,0,0,0,0,0,0,0,0,0,0,0,0,0,0,0,0,0,0,0,0,0,0,0,0,0,0,0,0,0,0,0,0,0,0,0,0,0,0,0,0,0,0,0,0,0,0,0,0,0,0,0,0,0,0,0,0,0,0,0,0,0,0,0,0,0,0,0,0,0,0,0,0,0,0,0,0,0,0,0,0,0,0,0,0,0,0,0,0,0,0,0,0,0,0,0,0,0,0,0
2720,0,0,0,0,0,0,0,0,0,0,0,0,0,0,0,0,0,0,0,0,0,0,0,0,0,0,0,0,0,0,0,0,0,0,0,0,0,0,0,0,0,0,0,0,0,0,0,0,0,0,0,0,0,0,0,0,0,0,0,0,0,0,0,0,0,0,0,0,0,0,0,0,0,0,0,0,0,0,0,0,0,0,0,0,0,0,0,0,0,0,0,0,0,0,0,0,0,0,0,0,0,0,0,0,0,0,0,0,0,0,0,0,0,0,0,0,0,0,0,0,0,0,0,0,0,0,0,0,0,0.0000000000,0,0,0,0,0,0,0,0,0,0,0,0,0,0,0,0,0,0,0,0,0,0,0,0,0,0,0,0,0,0,0,0,0,0,0,0,0,0,0,0,0,0,0,0,0,0,0,0,0,0,0,0,0,0,0,0,0,0,0,0,0,0,0,0,0,0,0,0,0,0
2721,0,0,0,0,0,0,0,0,0,0,0,0,0,0,0,0,0,0,0,0,0,0,0,0,0,0,0,0,0,0,0,0,0,0,0,0,0,0,0,0,0,0,0,0,0,0,0,0,0,0,0,0,0,0,0,0,0,0,0,0,0,0,0,0,0,0,0,0,0,0,0,0,0,0,0,0,0,0,0,0,0,0,0,0,0,0,0,0,0,0,0,0,0,0,0,0,0,0,0,0,0,0,0,0,0,0,0,0,0,0,0,0,0,0,0,0,0,0,0,0,0,0,0,0,0,0,0,0,0,0,0,0,0,0,0,0,0,0,0,0,0,0,0,0,0,0,0,0,0,0,0,0,0,0,0,0,0,0,0,0,0,0,0,0,0,0,0,0,0,0,0,0,0,0,0,0,0,0,0,0,0,0,0,0,0,0,0,0,0,0,0,0,0,0,0,0,0,0,0,0
2722,0,0,0,0,0,0,0,0,0,0,0,0,0,0,0,0,0,0,0,0,0,0,0,0,0,0,0,0,0,0,0,0,0,0,0,0,0,0,0,0,0,0,0,0,0,0,0,0,0,0,0,0,0,0,0,0,0,0,0,0,0,0,0,0,0,0,0,0,0,0,0,0,0,0,0,0,0,0,0,0,0,0,0,0,0,0,0,0,0,0,0,0,0,0,0,0,0,0,0,0,0,0,0,0,0,0,0,0,0,0,0,0,0,0,0,0,0,0,0,0,0,0,0,0,0,0,0,0,0,0,0,0,0,0,0,0,0,0,0,0,0,0,0,0,0,0,0,0,0,0,0,0,0,0,0,0,0,0,0,0,0,0,0,0,0,0,0,0,0,0,0,0,0,0,0,0,0,0,0,0,0,0,0,0,0,0,0,0,0,0,0,0,0,0,0,0,0,0,0,0
2723,0,0,0,0,0,0,0,0,0,0,0,0,0,0,0,0,0,0,0,0,0,0,0,0,0,0,0,0,0,0,0,0,0,0,0,0,0,0,0,0,0,0,0,0,0,0,0,0,0,0,0,0,0,0,0,0,0,0,0,0,0,0,0,0,0,0,0,0,0,0,0,0,0,0,0,0,0,0,0,0,0,0,0,0,0,0,0,0,0,0,0,0,0,0,0,0,0,0,0,0,0,0,0,0,0,0,0,0,0,0,0,0,0,0,0,0,0,0,0,0,0,0,0,0,0,0,0,0,0,0,0,0,0,0,0,0,0,0,0,0,0,0,0,0,0,0,0,0,0,0,0,0,0,0,0,0,0,0,0,0,0,0,0,0,0,0,0,0,0,0,0,0,0,0,0,0,0,0,0,0,0,0,0,0,0,0,0,0,0,0,0,0,0,0,0,0,0,0,0,0
2724,0,0,0,0,0,0,0,0,0,0,0,0,0,0,0,0,0,0,0,0,0,0,0,0,0,0,0,0,0,0,0,0,0,0,0,0,0,0,0,0,0,0,0,0,0,0,0,0,0,0,0,0,0,0,0,0,0,0,0,0,0,0,0,0,0,0,0,0,0,0,0,0,0,0,0,0,0,0,0,0,0,0,0,0,0,0,0,0,0,0,0,0,0,0,0,0,0,0,0,0,0,0,0,0,0,0,0,0,0,0,0,0,0,0,0,0,0,0,0,0,0,0,0,0,0,0,0,0,0,0,0,0,0,0,0,0,0,0,0,0,0,0,0,0,0,0,0,0,0,0,0,0,0,0,0,0,0,0,0,0,0,0,0,0,0,0,0,0,0,0,0,0,0,0,0,0,0,0,0,0,0,0,0,0,0,0,0,0,0,0,0,0,0,0,0,0,0,0,0,0
2725,0,0,0,0,0,0,0,0,0,0,0,0,0,0,0,0,0,0,0,0,0,0,0,0,0,0,0,0,0,0,0,0,0,0,0,0,0,0,0,0,0,0,0,0,0,0,0,0,0,0,0,0,0,0,0,0,0,0,0,0,0,0,0,0,0,0,0,0,0,0,0,0,0,0,0,0,0,0,0,0,0,0,0,0,0,0,0,0,0,0,0,0,0,0,0,0,0,0,0,0,0,0,0,0,0,0,0,0,0,0,0,0,0,0,0,0,0,0,0,0,0,0,0,0,0,0,0,0,0,0,0,0,0,0,0,0,0,0,0,0,0,0,0,0,0,0,0,0,0,0,0,0,0,0,0,0,0,0,0,0,0,0,0,0,0,0,0,0,0,0,0,0,0,0,0,0,0,0,0,0,0,0,0,0,0,0,0,0,0,0,0,0,0,0,0,0,0,0,0,0
2726,0,0,0,0,0,0,0,0,0,0,0,0,0,0,0,0,0,0,0,0,0,0,0,0,0,0,0,0,0,0,0,0,0,0,0,0,0,0,0,0,0,0,0,0,0,0,0,0,0,0,0,0,0,0,0,0,0,0,0,0,0,0,0,0,0,0,0,0,0,0,0,0,0,0,0,0,0,0,0,0,0,0,0,0,0,0,0,0,0,0,0,0,0,0,0,0,0,0,0,0,0,0,0,0,0,0,0,0,0,0,0,0,0,0,0,0,0,0,0,0,0,0,0,0,0,0,0,0,0,0,0,0,0,0,0,0,0,0,0,0,0,0,0,0,0,0,0,0,0,0,0,0,0,0,0,0,0,0,0,0,0,0,0,0,0,0,0,0,0,0,0,0,0,0,0,0,0,0,0,0,0,0,0,0,0,0,0,0,0,0,0,0,0,0,0,0,0,0,0,0
2727,0,0,0,0,0,0,0,0,0,0,0,0,0,0,0,0,0,0,0,0,0,0,0,0,0,0,0,0,0,0,0,0,0,0,0,0,0,0,0,0,0,0,0,0,0,0,0,0,0,0,0,0,0,0,0,0,0,0,0,0,0,0,0,0,0,0,0,0,0,0,0,0,0,0,0,0,0,0,0,0,0,0,0,0,0,0,0,0,0,0,0,0,0,0,0,0,0,0,0,0,0,0,0,0,0,0,0,0,0,0,0,0,0,0,0,0,0,0,0,0,0,0,0,0,0,0,0,0,0,0,0,0,0,0,0,0,0,0,0,0,0,0,0,0,0,0,0,0,0,0,0,0,0,0,0,0,0,0,0,0,0,0,0,0,0,0,0,0,0,0,0,0,0,0,0,0,0,0,0,0,0,0,0,0,0,0,0,0,0,0,0,0,0,0,0,0,0,0,0,0
2728,0,0,0,0,0,0,0,0,0,0,0,0,0,0,0,0,0,0,0,0,0,0,0,0,0,0,0,0,0,0,0,0,0,0,0,0,0,0,0,0,0,0,0,0,0,0,0,0,0,0,0,0,0,0,0,0,0,0,0,0,0,0,0,0,0,0,0,0,0,0,0,0,0,0,0,0,0,0,0,0,0,0,0,0,0,0,0,0,0,0,0,0,0,0,0,0,0,0,0,0,0,0,0,0,0,0,0,0,0,0,0,0,0,0,0,0,0,0,0,0,0,0,0,0,0,0,0,0,0,0,0,0,0,0,0,0,0,0,0,0,0,0,0,0,0,0,0,0,0,0,0,0,0,0,0,0,0,0,0,0,0,0,0,0,0,0,0,0,0,0,0,0,0,0,0,0,0,0,0,0,0,0,0,0,0,0,0,0,0,0,0,0,0,0,0,0,0,0,0,0
2729,0,0,0,0,0,0,0,0,0,0,0,0,0,0,0,0,0,0,0,0,0,0,0,0,0,0,0,0,0,0,0,0,0,0,0,0,0,0,0,0,0,0,0,0,0,0,0,0,0,0,0,0,0,0,0,0,0,0,0,0,0,0,0,0,0,0,0,0,0,0,0,0,0,0,0,0,0,0,0,0,0,0,0,0,0,0,0,0,0,0,0,0,0,0,0,0,0,0,0,0,0,0,0,0,0,0,0,0,0,0,0,0,0,0,0,0,0,0,0,0,0,0,0,0,0,0,0,0,0,0,0,0,0,0,0,0,0,0,0,0,0,0,0,0,0,0,0,0,0,0,0,0,0,0,0,0,0,0,0,0,0,0,0,0,0,0,0,0,0,0,0,0,0,0,0,0,0,0,0,0,0,0,0,0,0,0,0,0,0,0,0,0,0,0,0,0,0,0,0,0
2730,0,0,0,0,0,0,0,0,0,0,0,0,0,0,0,0,0,0,0,0,0,0,0,0,0,0,0,0,0,0,0,0,0,0,0,0,0,0,0,0,0,0,0,0,0,0,0,0,0,0,0,0,0,0,0,0,0,0,0,0,0,0,0,0,0,0,0,0,0,0,0,0,0,0,0,0,0,0,0,0,0,0,0,0,0,0,0,0,0,0,0,0,0,0,0,0,0,0,0,0,0,0,0,0,0,0,0,0,0,0,0,0,0,0,0,0,0,0,0,0,0,0,0,0,0,0,0,0,0,0,0,0,0,0,0,0,0,0,0,0,0,0,0,0,0,0,0,0,0,0,0,0,0,0,0,0,0,0,0,0,0,0,0,0,0,0,0,0,0,0,0,0,0,0,0,0,0,0,0,0,0,0,0,0,0,0,0,0,0,0,0,0,0,0,0,0,0,0,0,0
2731,0,0,0,0,0,0,0,0,0,0,0,0,0,0,0,0,0,0,0,0,0,0,0,0,0,0,0,0,0,0,0,0,0,0,0,0,0,0,0,0,0,0,0,0,0,0,0,0,0,0,0,0,0,0,0,0,0,0,0,0,0,0,0,0,0,0,0,0,0,0,0,0,0,0,0,0,0,0,0,0,0,0,0,0,0,0,0,0,0,0,0,0,0,0,0,0,0,0,0,0,0,0,0,0,0,0,0,0,0,0,0,0,0,0,0,0,0,0,0,0,0,0,0,0,0,0,0,0,0,0,0,0,0,0,0,0,0,0,0,0,0,0,0,0,0,0,0,0,0,0,0,0,0,0,0,0,0,0,0,0,0,0,0,0,0,0,0,0,0,0,0,0,0,0,0,0,0,0,0,0,0,0,0,0,0,0,0,0,0,0,0,0,0,0,0,0,0,0,0,0
2732,0,0,0,0,0,0,0,0,0,0,0,0,0,0,0,0,0,0,0,0,0,0,0,0,0,0,0,0,0,0,0,0,0,0,0,0,0,0,0,0,0,0,0,0,0,0,0,0,0,0,0,0,0,0,0,0,0,0,0,0,0,0,0,0,0,0,0,0,0,0,0,0,0,0,0,0,0,0,0,0,0,0,0,0,0,0,0,0,0,0,0,0,0,0,0,0,0,0,0,0,0,0,0,0,0,0,0,0,0,0,0,0,0,0,0,0,0,0,0,0,0,0,0,0,0,0,0,0,0,0,0,0,0,0,0,0,0,0,0,0,0,0,0,0,0,0,0,0,0,0,0,0,0,0,0,0,0,0,0,0,0,0,0,0,0,0,0,0,0,0,0,0,0,0,0,0,0,0,0,0,0,0,0,0,0,0,0,0,0,0,0,0,0,0,0,0,0,0,0,0
2733,0,0,0,0,0,0,0,0,0,0,0,0,0,0,0,0,0,0,0,0,0,0,0,0,0,0,0,0,0,0,0,0,0,0,0,0,0,0,0,0,0,0,0,0,0,0,0,0,0,0,0,0,0,0,0,0,0,0,0,0,0,0,0,0,0,0,0,0,0,0,0,0,0,0,0,0,0,0,0,0,0,0,0,0,0,0,0,0,0,0,0,0,0,0,0,0,0,0,0,0,0,0,0,0,0,0,0,0,0,0,0,0,0,0,0,0,0,0,0,0,0,0,0,0,0,0,0,0,0,0,0,0,0,0,0,0,0,0,0,0,0,0,0,0,0,0,0,0,0,0,0,0,0,0,0,0,0,0,0,0,0,0,0,0,0,0,0,0,0,0,0,0,0,0,0,0,0,0,0,0,0,0,0,0,0,0,0,0,0,0,0,0,0,0,0,0,0,0,0,0
2734,0,0,0,0,0,0,0,0,0,0,0,0,0,0,0,0,0,0,0,0,0,0,0,0,0,0,0,0,0,0,0,0,0,0,0,0,0,0,0,0,0,0,0,0,0,0,0,0,0,0,0,0,0,0,0,0,0,0,0,0,0,0,0,0,0,0,0,0,0,0,0,0,0,0,0,0,0,0,0,0,0,0,0,0,0,0,0,0,0,0,0,0,0,0,0,0,0,0,0,0,0,0,0,0,0,0,0,0,0,0,0,0,0,0,0,0,0,0,0,0,0,0,0,0,0,0,0,0,0,0,0,0,0,0,0,0,0,0,0,0,0,0,0,0,0,0,0,0,0,0,0,0,0,0,0,0,0,0,0,0,0,0,0,0,0,0,0,0,0,0,0,0,0,0,0,0,0,0,0,0,0,0,0,0,0,0,0,0,0,0,0,0,0,0,0,0,0,0,0,0
2735,0,0,0,0,0,0,0,0,0,0,0,0,0,0,0,0,0,0,0,0,0,0,0,0,0,0,0,0,0,0,0,0,0,0,0,0,0,0,0,0,0,0,0,0,0,0,0,0,0,0,0,0,0,0,0,0,0,0,0,0,0,0,0,0,0,0,0,0,0,0,0,0,0,0,0,0,0,0,0,0,0,0,0,0,0,0,0,0,0,0,0,0,0,0,0,0,0,0,0,0,0,0,0,0,0,0,0,0,0,0,0,0,0,0,0,0,0,0,0,0,0,0,0,0,0,0,0,0,0,0,0,0,0,0,0,0,0,0,0,0,0,0,0,0,0,0,0,0,0,0,0,0,0,0,0,0,0,0,0,0,0,0,0,0,0,0,0,0,0,0,0,0,0,0,0,0,0,0,0,0,0,0,0,0,0,0,0,0,0,0,0,0,0,0,0,0,0,0,0,0
2736,0,0,0,0,0,0,0,0,0,0,0,0,0,0,0,0,0,0,0,0,0,0,0,0,0,0,0,0,0,0,0,0,0,0,0,0,0,0,0,0,0,0,0,0,0,0,0,0,0,0,0,0,0,0,0,0,0,0,0,0,0,0,0,0,0,0,0,0,0,0,0,0,0,0,0,0,0,0,0,0,0,0,0,0,0,0,0,0,0,0,0,0,0,0,0,0,0,0,0,0,0,0,0,0,0,0,0,0,0,0,0,0,0,0,0,0,0,0,0,0,0,0,0,0,0,0,0,0,0,0,0,0,0,0,0,0,0,0,0,0,0,0,0,0,0,0,0,0,0,0,0,0,0,0,0,0,0,0,0,0,0,0,0,0,0,0,0,0,0,0,0,0,0,0,0,0,0,0,0,0,0,0,0,0,0,0,0,0,0,0,0,0,0,0,0,0,0,0,0,0
2737,0,0,0,0,0,0,0,0,0,0,0,0,0,0,0,0,0,0,0,0,0,0,0,0,0,0,0,0,0,0,0,0,0,0,0,0,0,0,0,0,0,0,0,0,0,0,0,0,0,0,0,0,0,0,0,0,0,0,0,0,0,0,0,0,0,0,0,0,0,0,0,0,0,0,0,0,0,0,0,0,0,0,0,0,0,0,0,0,0,0,0,0,0,0,0,0,0,0,0,0,0,0,0,0,0,0,0,0,0,0,0,0,0,0,0,0,0,0,0,0,0,0,0,0,0,0,0,0,0,0,0,0,0,0,0,0,0,0,0,0,0,0,0,0,0,0,0,0,0,0,0,0,0,0,0,0,0,0,0,0,0,0,0,0,0,0,0,0,0,0,0,0,0,0,0,0,0,0,0,0,0,0,0,0,0,0,0,0,0,0,0,0,0,0,0,0,0,0,0,0
2738,113404.9279870721,21685.8539118441,79613.4215654025,125688.0477449925,55823.2488603258,119477.1240259019,39553.3524333453,70370.5057548512,135999.2332410562,24201.4652495494,94403.0366841499,33731.2810829219,82627.2913972396,50838.2719190960,88277.6087817088,16569.5544145664,112344.3778876505,57752.9899400792,10911.3514330973,100144.6820540605,31433.1381419059,32769.6466729809,46976.7916580378,76731.6813027729,68121.5960234561,127956.8503468160,72357.0257725235,100212.6304866350,40754.5858778800,104539.0210417872,83578.2842771441,20940.7873699114,98442.3001915531,110649.6895841218,92130.9079441058,77757.1612241576,92117.2566158006,37270.3490313219,73980.8636092029,17729.1942393355,25751.8601954037,124332.0279217055,50601.1619129052,59220.9903093759,58513.1449584846,12387.1208152384,114036.3151847299,125956.6380634680,20242.4501919221,82435.9573093525,6936.1380619258,38000.8764386162,68877.1475399502,111192.4959937673,65997.0576095009,35881.0398191799,67004.0940253285,61293.2290473119,81254.2988582699,43542.7888513779,103149.9493632288,78629.0716076403,30268.3516450376,112471.3432246074,88612.6656481391,69571.1568877927,26792.3403891929,96677.4808369506,107985.7134443987,121628.0981243486,91349.0755618732,23768.6692542553,90864.1510750936,54192.4067349371,103943.8715816033,64811.3574527993,15779.5948848655,120079.7702746314,47571.6965413203,104072.4930618318,16037.2138681358,120095.5708073579,41806.6380032080,86873.3882850975,74060.8718915002,119821.3394038422,25363.5148694926,98867.8160077630,70028.0177119423,76055.1187478077,89729.9235164317,88173.3385092721,111573.4248232842,84609.3904070720,59844.9478083820,13209.5320056767,98773.4674718159,95614.9893507454,17988.8919821882,74452.0823858634,48060.9809062639,42942.1892199154,21562.8107731851,62590.3342772613,100325.4986582992,41359.8111056936,77774.5352202874,106450.6655910538,31199.6706913727,61595.8362724667,110523.6959767662,95966.2957623978,127250.5803238639,54410.9023813703,7162.5152340355,92022.4881502119,49429.4016957352,48541.8120801697,79547.8203286655,19530.3786592889,64901.7464515988,44361.6701688724,107102.7863033643,22940.7644400600,17799.6720771438,30223.1643716851,24669.4971532833,11263.2417000379,111015.5567531897,72083.2319237028,74214.4434424942,10998.7088991725,27152.4031073386,67128.1625602683,121524.6938590215,35190.1663273990,89148.8158452164,41787.7225142745,126402.0422836396,67153.1470575295,70282.8336024138,69953.5484371673,62672.8163056856,82821.4982339634,79648.2120558157,55950.1591479449,30258.8459489975,15839.6132328939,36693.6937909205,118584.7553720888,13329.0294033456,85457.5226625106,61897.1865707598,106589.7005007806,104197.0753513823,94507.8128385400,88485.4295468466,61721.8084037501,72751.1627339643,50464.6013285925,53833.6345442717,34335.2241146726,110790.9637315856,69954.8755181385,127833.0671754252,64134.3987280023,56438.0121281435,96059.1886697196,84470.2081882023,114523.5393414612,79471.5146704719,35055.3990490836,86485.4508870115,82265.3402081844,86178.8745708500,99578.5617559614,43833.0524699215,116894.9757114615,94560.1164097747,49972.7135742590,100917.0516021783,69196.8038640917,102949.5963782709,92312.9474060319,72383.1045258896,114839.9538191236,40891.0081205831,105532.9154708312,106857.4612600100,111604.9215872006,90407.3448177341,81883.6255744480,85577.4624940272,54062.9262086447,122555.1718216462,94045.9362458850,36179.2727258047,89598.0557875525,74605.6946281258,64897.8074172491
2739,0,0,0,0,0,0,0,0,0,0,0,0,0,0,0,0,0,0,0,0,0,0,0,0,0,0,0,0,0,0,0,0,0,0,0,0,0,0,0,0,0,0,0,0,0,0,0,0,0,0,0,0,0,0,0,0,0,0,0,0,0,0,0,0,0,0,0,0,0,0,0,0,0,0,0,0,0,0,0,0,0,0,0,0,0,0,0,0,0,0,0,0,0,0,0,0,0,0,0,0,0,0,0,0,0,0,0,0,0,0,0,0,0,0,0,0,0,0,0,0,0,0,0,0,0,0,0,0,0,0,0,0,0,0,0,0,0,0,0,0,0,0,0,0,0,0,0,0,0,0,0,0,0,0,0,0,0,0,0,0,0,0,0,0,0,0,0,0,0,0,0,0,0,0,0,0,0,0,0,0,0,0,0,0,0,0,0,0,0,0,0,0,0,0,0,0,0,0,0,0
2740,50532.4202039016,142099.3636075834,64786.8698280011,125576.5736450098,98008.5417259146,10719.7905024779,111697.6685606413,51641.3067073851,93603.0122102256,96713.6089977293,91624.3883952237,131449.3891474873,63588.0030891353,74004.0743728541,36791.5093576028,118566.1200008615,76364.4709962567,74094.0833952052,119210.7691109118,20486.5864444336,95983.3783202141,103204.7576061697,73938.4415293871,101191.4439047867,54362.0389362668,69805.7090098742,83058.7386233324,61960.7063210926,86016.4350964773,23242.9260181519,36889.8340824352,134882.7513353531,46849.9131415008,90749.0622747100,76502.6228960592,52759.3397373109,105458.8186644998,84109.9351820602,57738.5594803289,104853.1671125714,112841.4208766725,94319.4157595714,87872.8686162687,61236.5811573721,65376.8439866862,127150.6394164671,63573.3640543908,81686.2879125794,107356.6719639159,91089.6718566426,113517.9224334982,100508.0029381086,73496.9701320684,16283.2046686999,61916.7211555150,85396.2308474873,95155.8682660253,86371.3343423194,75101.5338884328,101176.8453649762,80299.4350608600,43144.9839097829,95779.8286391574,39990.7313888944,53160.2949892257,50900.3361207175,94472.6745124499,34882.6734095508,13231.1441791827,58750.8689991918,30390.1652579792,127572.5220315451,66949.5440896726,67379.4966835412,70860.1126889838,64637.0074888880,134821.5666821244,71607.9325783322,77011.4486395796,53577.8133086572,105531.3421444589,430.1082612139,92073.2065754334,83568.7546844865,64940.5533852949,85767.4092352438,104578.7279937058,22553.6865276589,55791.8786276234,48854.3664587666,31275.3329694934,42428.5151472351,15290.1879754209,99286.4512499756,79374.1674977024,127688.8378924233,102700.8396002100,28846.3854519868,111143.6404041695,91501.1786595634,82923.1218531862,81287.3129656284,134552.9350279982,59135.1778400829,86908.2553044577,79096.8749960713,43250.6983415217,45112.4078654015,89254.6352998698,61830.9590300301,82977.8343978427,56390.1285907681,89183.0041499705,66719.7540870121,120384.3004135216,98203.5129265078,95223.2250831154,71988.5076568468,83033.1234651250,101005.5009267122,69905.0357999262,77250.8865609251,64838.6764305274,100906.2055389986,120463.6470559007,92068.4935362744,99325.0219374274,112305.3785219726,56971.7988763486,59711.8497164884,75574.1710309688,112879.6679442421,102830.7549658398,88140.3214995489,65812.4724160070,96063.6053112494,60686.6783084121,80781.2285756043,75217.9133638228,80634.2723695035,101466.7075402560,55554.3785569834,58551.2614996011,43259.3370097564,59498.5240980407,91313.4021405443,105928.1302525646,113529.5502255525,87215.8936828637,78190.3674836414,107245.8608938271,36654.8011366757,99030.3171081443,14002.9193623946,19147.2980054155,25946.6257217248,92782.8556667694,92053.7463457888,48371.8247679175,71856.2881121984,80284.1284869455,98194.5948646757,69808.1509578399,63568.6994363173,122177.4214196556,61214.5916762543,85201.1008545553,68985.6472519604,69781.1589099001,11844.0140826573,96338.3775428882,89107.1425561782,35903.1870499101,47397.1965620431,78228.6703117137,29510.8631642062,96048.7204446384,55327.9881547441,62625.3696793663,72477.8513793079,74941.4246788527,51565.4386772354,17695.6570260705,81780.5036954652,96688.3729828723,1198.7889744180,79992.2911920834,87772.5666855034,77311.5204719907,45588.2165071678,87840.5381074176,38873.1848536693,58193.4683012974,66392.6606675950,3112.7801705561,50663.4351441114,84294.5996758684,30897.2231476241,45851.9632049786,55570.9021412496
2741,0,0,0,0,0,0,0,0,0,0,0,0,0,0,0,0,0,0,0,0,0,0,0,0,0,0,0,0,0,0,0,0,0,0,0,0,0,0,0,0,0,0,0,0,0,0,0,0,0,0,0,0,0,0,0,0,0,0,0,0,0,0,0,0,0,0,0,0,0,0,0,0,0,0,0,0,0,0,0,0,0,0,0,0,0,0,0,0,0,0,0,0,0,0,0,0,0,0,0,0,0,0,0,0,0,0,0,0,0,0,0,0,0,0,0,0,0,0,0,0,0,0,0,0,0,0,0,0,0,0,0,0,0,0,0,0,0,0,0,0,0,0,0,0,0,0,0,0,0,0,0,0,0,0,0,0,0,0,0,0,0,0,0,0,0,0,0,0,0,0,0,0,0,0,0,0,0,0,0,0,0,0,0,0,0,0,0,0,0,0,0,0,0,0,0,0,0,0,0,0
2742,0,0,0,0,0,0,0,0,0,0,0,0,0,0,0,0,0,0,0,0,0,0,0,0,0,0,0,0,0,0,0,0,0,0,0,0,0,0,0,0,0,0,0,0,0,0,0,0,0,0,0,0,0,0,0,0,0,0,0,0,0,0,0,0,0,0,0,0,0,0,0,0,0,0,0,0,0,0,0,0,0,0,0,0,0,0,0,0,0,0,0,0,0,0,0,0,0,0,0,0,0,0,0,0,0,0,0,0,0,0,0,0,0,0,0,0,0,0,0,0,0,0,0,0,0,0,0,0,0,0,0,0,0,0,0,0,0,0,0,0,0,0,0,0,0,0,0,0,0,0,0,0,0,0,0,0,0,0,0,0,0,0,0,0,0,0,0,0,0,0,0,0,0,0,0,0,0,0,0,0,0,0,0,0,0,0,0,0,0,0,0,0,0,0,0,0,0,0,0,0
2743,0,0,0,0,0,0,0,0,0,0,0,0,0,0,0,0,0,0,0,0,0,0,0,0,0,0,0,0,0,0,0,0,0,0,0,0,0,0,0,0,0,0,0,0,0,0,0,0,0,0,0,0,0,0,0,0,0,0,0,0,0,0,0,0,0,0,0,0,0,0,0,0,0,0,0,0,0,0,0,0,0,0,0,0,0,0,0,0,0,0,0,0,0,0,0,0,0,0,0,0,0,0,0,0,0,0,0,0,0,0,0,0,0,0,0,0,0,0,0,0,0,0,0,0,0,0,0,0,0,0,0,0,0,0,0,0,0,0,0,0,0,0,0,0,0,0,0,0,0,0,0,0,0,0,0,0,0,0,0,0,0,0,0,0,0,0,0,0,0,0,0,0,0,0,0,0,0,0,0,0,0,0,0,0,0,0,0,0,0,0,0,0,0,0,0,0,0,0,0,0
2744,0,0,0,0,0,0,0,0,0,0,0,0,0,0,0,0,0,0,0,0,0,0,0,0,0,0,0,0,0,0,0,0,0,0,0,0,0,0,0,0,0,0,0,0,0,0,0,0,0,0,0,0,0,0,0,0,0,0,0,0,0,0,0,0,0,0,0,0,0,0,0,0,0,0,0,0,0,0,0,0,0,0,0,0,0,0,0,0,0,0,0,0,0,0,0,0,0,0,0,0,0,0,0,0,0,0,0,0,0,0,0,0,0,0,0,0,0,0,0,0,0,0,0,0,0,0,0,0,0,0,0,0,0,0,0,0,0,0,0,0,0,0,0,0,0,0,0,0,0,0,0,0,0,0,0,0,0,0,0,0,0,0,0,0,0,0,0,0,0,0,0,0,0,0,0,0,0,0,0,0,0,0,0,0,0,0,0,0,0,0,0,0,0,0,0,0,0,0,0,0
2745,0,0,0,0,0,0,0,0,0,0,0,0,0,0,0,0,0,0,0,0,0,0,0,0,0,0,0,0,0,0,0,0,0,0,0,0,0,0,0,0,0,0,0,0,0,0,0,0,0,0,0,0,0,0,0,0,0,0,0,0,0,0,0,0,0,0,0,0,0,0,0,0,0,0,0,0,0,0,0,0,0,0,0,0,0,0,0,0,0,0,0,0,0,0,0,0,0,0,0,0,0,0,0.0000000000,0,0,0,0,0,0,0,0,0,0,0,0,0,0,0,0,0,0,0,0,0,0,0,0,0,0,0,0,0,0,0,0,0,0,0,0,0,0,0,0,0,0,0,0,0,0,0,0,0,0,0,0,0,0,0,0,0,0,0,0,0,0,0,0,0,0,0,0,0,0,0,0,0,0,0,0,0,0,0,0,0,0,0,0,0,0,0,0,0,0,0,0,0,0,0,0,0
2746,0,0,0,0,0,0,0,0,0,0,0,0,0,0,0,0,0,0,0,0,0,0,0,0,0,0,0,0,0,0,0,0,0,0,0,0,0,0,0,0,0,0,0,0,0,0,0,0,0,0,0,0,0,0,0,0,0,0,0,0,0,0,0,0,0,0,0,0,0,0,0,0,0,0,0,0,0,0,0,0,0,0,0,0,0,0,0,0,0,0,0,0,0,0,0,0,0,0,0,0,0,0,0,0,0,0,0,0,0,0,0,0,0,0,0,0,0,0,0,0,0,0,0,0,0,0,0,0,0,0,0,0,0,0,0,0,0,0,0,0,0,0,0,0,0,0,0,0,0,0,0,0,0,0,0,0,0,0,0,0,0,0,0,0,0,0,0,0,0,0,0,0,0,0,0,0,0,0,0,0,0,0,0,0,0,0,0,0,0,0,0,0,0,0,0,0,0,0,0,0
2747,0,0,0,0,0,0,0,0,0,0,0,0,0,0,0,0,0,0,0,0,0,0,0,0,0,0,0,0,0,0,0,0,0,0,0,0,0,0,0,0,0,0,0,0,0,0,0,0,0,0,0,0,0,0,0,0,0,0,0,0,0,0,0,0,0,0,0,0,0,0,0,0,0,0,0,0,0,0,0,0,0,0,0,0,0,0,0,0,0,0,0,0,0,0,0,0,0,0,0,0,0,0,0,0,0,0,0,0,0,0,0,0,0,0,0,0,0,0,0,0,0,0,0,0,0,0,0,0,0,0,0,0,0,0,0,0,0,0,0,0,0,0,0,0,0,0,0,0,0,0,0,0,0,0,0,0,0,0,0,0,0,0,0,0,0,0,0,0,0,0,0,0,0,0,0,0,0,0,0,0,0,0,0,0,0,0,0,0,0,0,0,0,0,0,0,0,0,0,0,0
2748,0,0,0,0,0,0,0,0,0,0,0,0,0,0,0,0,0,0,0,0,0,0,0,0,0,0,0,0,0,0,0,0,0,0,0,0,0,0,0,0,0,0,0,0,0,0,0,0,0,0,0,0,0,0,0,0,0,0,0,0,0,0,0,0,0,0,0,0,0,0,0,0,0,0,0,0,0,0,0,0,0,0,0,0,0,0,0,0,0,0,0,0,0,0,0,0,0,0,0,0,0,0,0,0,0,0,0,0,0,0,0,0,0,0,0,0,0,0,0,0,0,0,0,0,0,0,0,0,0,0,0,0,0,0,0,0,0,0,0,0,0,0,0,0,0,0,0,0,0,0,0,0,0,0,0,0,0,0,0,0,0,0,0,0,0,0,0,0,0,0,0,0,0,0,0,0,0,0,0,0,0,0,0,0,0,0,0,0,0,0,0,0,0,0,0,0,0,0,0,0
2749,0,0,0,0,0,0,0,0,0,0,0,0,0,0,0,0,0,0,0,0,0,0,0,0,0,0,0,0,0,0,0,0,0,0,0,0,0,0,0,0,0,0,0,0,0,0,0,0,0,0,0,0,0,0,0,0,0,0,0,0,0,0,0,0,0,0,0,0,0,0,0,0,0,0,0,0,0,0,0,0,0,0,0,0,0,0,0,0,0,0,0,0,0,0,0,0,0,0,0,0,0,0,0,0,0,0,0,0,0,0,0,0,0,0,0,0,0,0,0,0,0,0,0,0,0,0,0,0,0,0,0,0,0,0,0,0,0,0,0,0,0,0,0,0,0,0,0,0,0,0,0,0,0,0,0,0,0,0,0,0,0,0,0,0,0,0,0,0,0,0,0,0,0,0,0,0,0,0,0,0,0,0,0,0,0,0,0,0,0,0,0,0,0,0,0,0,0,0,0,0
2750,64401.8306391740,71583.3279794871,84308.2538493183,74081.4129528370,15884.4773909248,93226.6623899769,79667.5686579289,42618.0450066494,80673.3804897489,38256.2587938026,39217.6809504804,46322.2898666487,32696.7129838861,56118.5794356600,72507.0181137341,63010.2789806975,57716.7112171843,17593.7313177243,47020.6714967385,71243.4126952284,58292.5360774179,23138.9529529407,34964.7886132935,25017.7292963612,57621.9440467796,74852.3095251202,17155.5476887329,48413.7059713176,21141.7643189491,84562.7754220920,58755.1133217962,57507.1566668865,52278.3998368931,55222.7126142306,37368.6584814252,72649.7679854434,39862.8999486446,46240.2454218661,32626.7231043575,52545.2123482557,69315.1328181980,68892.1286195856,7930.6987927077,44533.8143694182,30404.4838688800,59882.6165970792,61632.0917282034,71144.1057471855,35201.0130337300,27399.3088587987,50757.0293583011,70092.1515704014,18419.4563095842,79069.2149448877,65088.4330482202,33069.8586321517,13672.8008543977,6247.7168566822,27202.2409507257,14118.1018003670,47989.4937847861,61731.8540840564,27113.7849490528,66998.4494080517,42113.0740064095,50496.7425027058,46897.7278013070,82765.8576412272,81362.8532200164,70510.4460808383,60803.2004935832,46935.3331009951,38287.7401921398,49603.1373108561,50021.6496554029,26299.7580009050,62378.2466583902,66331.8984163264,24568.6183943017,54580.3024209148,41474.0789900112,89884.9192785884,14444.9317658123,31465.4086581631,26776.4723169751,64550.0591577083,61561.7656311722,74769.5480437086,35565.7563141118,65624.5356823532,67162.1366718969,77644.2477502663,88211.4421839097,31288.9884251116,10941.2114478928,53680.4146636204,45098.7582299785,76339.5734134958,61242.4958440722,19602.0740134338,14807.1842531728,53701.0739278548,67311.7140075065,38113.3980773695,44885.3650792563,39724.8134946874,51091.6819075854,59690.3158502756,40192.2131179384,56760.7342382879,55264.9288751105,46375.5414698219,71946.0730561147,36138.1406705512,52874.2254381400,37888.1812095517,9652.9023466651,42429.1186671289,24196.5844996360,45394.6660688000,20410.9881254621,47546.4836111865,54389.6333505219,34079.5165911054,43517.8919224266,31921.0710184658,53693.4652481939,44201.0931564899,60214.8455455101,71531.9868261345,20920.7278561644,56456.7605370106,28291.9175889760,11720.8808814146,68863.1895318360,20669.4993428024,39009.6059233772,28580.3944794457,72368.8968321478,13239.1980767645,19882.3951408547,63577.4113556381,51592.8095675050,70580.6101409575,33108.4256636013,142.7473501182,67569.3073684665,40401.9043139239,52694.7951923379,63901.0729530618,48471.3225750210,66694.1655008704,12065.4211338549,77135.9574389871,80922.5733855506,67815.4602456897,33560.0389846995,7191.5896050091,56420.2180619221,30567.9527021753,12290.6269072600,64261.1593177109,57106.0544973586,26787.7785676912,75148.5767556424,31511.2199172189,7623.4553361714,42640.8752924997,31678.0661795959,87520.7089679008,25674.9518585273,26689.1598386299,55288.4814926466,73919.2027878846,31264.2378787661,82593.1205675921,11717.6712229466,66522.7917944752,42978.6628748380,51018.4699627746,46334.3116841725,46067.2546506449,76201.6631789393,36994.6671635880,19252.8882080117,85067.9047937347,34495.7486622667,50092.5036030259,52026.6245030650,64243.9640616672,35014.9402589551,60762.5353720909,37457.1849732992,42311.9972451419,94066.5391273787,47195.9036340848,38388.5948408349,63108.6393077585,53268.8014714712,46191.2763271048
2751,0,0,0,0,0,0,0,0,0,0,0,0,0,0,0,0,0,0,0,0,0,0,0,0,0,0,0,0,0,0,0,0,0,0,0,0,0,0,0,0,0,0,0,0,0,0,0,0,0,0,0,0,0,0,0,0,0,0,0,0,0,0,0,0,0,0,0,0,0,0,0,0,0,0,0,0,0,0,0,0,0,0,0,0,0,0,0,0,0,0,0,0,0,0,0,0,0,0,0,0,0,0,0,0,0,0,0,0,0,0,0,0,0,0,0,0,0,0,0,0,0,0,0,0,0,0,0,0,0,0,0,0,0,0,0,0,0,0,0,0,0,0,0,0,0,0,0,0,0,0,0,0,0,0,0,0,0,0,0,0,0,0,0,0,0,0,0,0,0,0,0,0,0,0,0,0,0,0,0,0,0,0,0,0,0,0,0,0,0,0,0,0,0,0,0,0,0,0,0,0
2752,0,0,0,0,0,0,0,0,0,0,0,0,0,0,0,0,0,0,0,0,0,0,0,0,0,0,0,0,0,0,0,0,0,0,0,0,0,0,0,0,0,0,0,0,0,0,0,0,0,0,0,0,0,0,0,0,0,0,0,0,0,0,0,0,0,0,0,0,0,0,0,0,0,0,0,0,0,0,0,0,0,0,0,0,0,0,0,0,0,0,0,0,0,0,0,0,0,0,0,0,0,0,0,0,0,0,0,0,0,0,0,0,0,0,0,0,0,0,0,0,0,0,0,0,0,0,0,0,0,0,0,0,0,0,0,0,0,0,0,0,0,0,0,0,0,0,0,0,0,0,0,0,0,0,0,0,0,0,0,0,0,0,0,0,0,0,0,0,0,0,0,0,0,0,0,0,0,0,0,0,0,0,0,0,0,0,0,0,0,0,0,0,0,0,0,0,0,0,0,0
2753,0,0,0,0,0,0,0,0,0,0,0,0,0,0,0,0,0,0,0,0,0,0,0,0,0,0,0,0,0,0,0,0,0,0,0,0,0,0,0,0,0,0,0,0,0,0,0,0,0,0,0,0,0,0,0,0,0,0,0,0,0,0,0,0,0,0,0,0,0,0,0,0,0,0,0,0,0,0,0,0,0,0,0,0,0,0,0,0,0,0,0,0,0,0,0,0,0,0,0,0,0,0,0,0,0,0,0,0,0,0,0,0,0,0,0,0,0,0,0,0,0,0,0,0,0,0,0,0,0,0,0,0,0,0,0,0,0,0,0,0,0,0,0,0,0,0,0,0,0,0,0,0,0,0,0,0,0,0,0,0,0,0,0,0,0,0,0,0,0,0,0,0,0,0,0,0,0,0,0,0,0,0,0,0,0,0,0,0,0,0,0,0,0,0,0,0,0,0,0,0
2754,0,0,0,0,0,0,0,0,0,0,0,0,0,0,0,0,0,0,0,0,0,0,0,0,0,0,0,0,0,0,0,0,0,0,0,0,0,0,0,0,0,0,0,0,0,0,0,0,0,0,0,0,0,0,0,0,0,0,0,0,0,0,0,0,0,0,0,0,0,0,0,0,0,0,0,0,0,0,0,0,0,0,0,0,0,0,0,0,0,0,0,0,0,0,0,0,0,0,0,0,0,0,0,0,0,0,0,0,0,0,0,0,0,0,0,0,0,0,0,0,0,0,0,0,0,0,0,0,0,0,0,0,0,0,0,0,0,0,0,0,0,0,0,0,0,0,0,0,0,0,0,0,0,0,0,0,0,0,0,0,0,0,0,0,0,0,0,0,0,0,0,0,0,0,0,0,0,0,0,0,0,0,0,0,0,0,0,0,0,0,0,0,0,0,0,0,0,0,0,0
2755,0,0,0,0,0,0,0,0,0,0,0,0,0,0,0,0,0,0,0,0,0,0,0,0,0,0,0,0,0,0,0,0,0,0,0,0,0,0,0,0,0,0,0,0,0,0,0,0,0,0,0,0,0,0,0,0,0,0,0,0,0,0,0,0,0,0,0,0,0,0,0,0,0,0,0,0,0,0,0,0,0,0,0,0,0,0,0,0,0,0,0,0,0,0,0,0,0,0,0,0,0,0,0,0,0,0,0,0,0,0,0,0,0,0,0,0,0,0,0,0,0,0,0,0,0,0,0,0,0,0,0,0,0,0,0,0,0,0,0,0,0,0,0,0,0,0,0,0,0,0,0,0,0,0,0,0,0,0,0,0,0,0,0,0,0,0,0,0,0,0,0,0,0,0,0,0,0,0,0,0,0,0,0,0,0,0,0,0,0,0,0,0,0,0,0,0,0,0,0,0
2756,0,0,0,0,0,0,0,0,0,0,0,0,0,0,0,0,0,0,0,0,0,0,0,0,0,0,0,0,0,0,0,0,0,0,0,0,0,0,0,0,0,0,0,0,0,0,0,0,0,0,0,0,0,0,0,0,0,0,0,0,0,0,0,0,0,0,0,0,0,0,0,0,0,0,0,0,0,0,0,0,0,0,0,0,0,0,0,0,0,0,0,0,0,0,0,0,0,0,0,0,0,0,0,0,0,0,0,0,0,0,0,0,0,0,0,0,0,0,0,0,0,0,0,0,0,0,0,0,0,0,0,0,0,0,0,0,0,0,0,0,0,0,0,0,0,0,0,0,0,0,0,0,0,0,0,0,0,0,0,0,0,0,0,0,0,0,0,0,0,0,0,0,0,0,0,0,0,0,0,0,0,0,0,0,0,0,0,0,0,0,0,0,0,0,0,0,0,0,0,0
2757,0,0,0,0,0,0,0,0,0,0,0,0,0,0,0,0,0,0,0,0,0,0,0,0,0,0,0,0,0,0,0,0,0,0,0,0,0,0,0,0,0,0,0,0,0,0,0,0,0,0,0,0,0,0,0,0,0,0,0,0,0,0,0,0,0,0,0,0,0,0,0,0,0,0,0,0,0,0,0,0,0,0,0,0,0,0,0,0,0,0,0,0,0,0,0,0,0,0,0,0,0,0,0,0,0,0,0,0,0,0,0,0,0,0,0,0,0,0,0,0,0,0,0,0,0,0,0,0,0,0,0,0,0,0,0,0,0,0,0,0,0,0,0,0,0,0,0,0,0,0,0,0,0,0,0,0,0,0,0,0,0,0,0,0,0,0,0,0,0,0,0,0,0,0,0,0,0,0,0,0,0,0,0,0,0,0,0,0,0,0,0,0,0,0,0,0,0,0,0,0
2758,0,0,0,0,0,0,0,0,0,0,0,0,0,0,0,0,0,0,0,0,0,0,0,0,0,0,0,0,0,0,0,0,0,0,0,0,0,0,0,0,0,0,0,0,0,0,0,0,0,0,0,0,0,0,0,0,0,0,0,0,0,0,0,0,0,0,0,0,0,0,0,0,0,0,0,0,0,0,0,0,0,0,0,0,0,0,0,0,0,0,0,0,0,0,0,0,0,0,0,0,0,0,0,0,0,0,0,0,0,0,0,0,0,0,0,0,0,0,0,0,0,0,0,0,0,0,0,0,0,0,0,0,0,0,0,0,0,0,0,0,0,0,0,0,0,0,0,0,0,0,0,0,0,0,0,0,0,0,0,0,0,0,0,0,0,0,0,0,0,0,0,0,0,0,0,0,0,0,0,0,0,0,0,0,0,0,0,0,0,0,0,0,0,0,0,0,0,0,0,0
2759,0,0,0,0,0,0,0,0,0,0,0,0,0,0,0,0,0,0,0,0,0,0,0,0,0,0,0,0,0,0,0,0,0,0,0,0,0,0,0,0,0,0,0,0,0,0,0,0,0,0,0,0,0,0,0,0,0,0,0,0,0,0,0,0,0,0,0,0,0,0,0,0,0,0,0,0,0,0,0,0,0,0,0,0,0,0,0,0,0,0,0,0,0,0,0,0,0,0,0,0,0,0,0,0,0,0,0,0,0,0,0,0,0,0,0,0,0,0,0,0,0,0,0,0,0,0,0,0,0,0,0,0,0,0,0,0,0,0,0,0,0,0,0,0,0,0,0,0,0,0,0,0,0,0,0,0,0,0,0,0,0,0,0,0,0,0,0,0,0,0,0,0,0,0,0,0,0,0,0,0,0,0,0,0,0,0,0,0,0,0,0,0,0,0,0,0,0,0,0,0
2760,0,0,0,0,0,0,0,0,0,0,0,0,0,0,0,0,0,0,0,0,0,0,0,0,0,0,0,0,0,0,0,0,0,0,0,0,0,0,0,0,0,0,0,0,0,0,0,0,0,0,0,0,0,0,0,0,0,0,0,0,0,0,0,0,0,0,0,0,0,0,0,0,0,0,0,0,0,0,0,0,0,0,0,0,0,0,0,0,0,0,0,0,0,0,0,0,0,0,0,0,0,0,0,0,0,0,0,0,0,0,0,0,0,0,0,0,0,0,0,0,0,0,0,0,0,0,0,0,0,0,0,0,0,0,0,0,0,0,0,0,0,0,0,0,0,0,0,0,0,0,0,0,0,0,0,0,0,0,0,0,0,0,0,0,0,0,0,0,0,0,0,0,0,0,0,0,0,0,0,0,0,0,0,0,0,0,0,0,0,0,0,0,0,0,0,0,0,0,0,0
2761,0,0,0,0,0,0,0,0,0,0,0,0,0,0,0,0,0,0,0,0,0,0,0,0,0,0,0,0,0,0,0,0,0,0,0,0,0,0,0,0,0,0,0,0,0,0,0,0,0,0,0,0,0,0,0,0,0,0,0,0,0,0,0,0,0,0,0,0,0,0,0,0,0,0,0,0,0,0,0,0,0,0,0,0,0,0,0,0,0,0,0,0,0,0,0,0,0,0,0,0,0,0,0,0,0,0,0,0,0,0,0,0,0,0,0,0,0,0,0,0,0,0,0,0,0,0,0,0,0,0,0,0,0,0,0,0,0,0,0,0,0,0,0,0,0,0,0,0,0,0,0,0,0,0,0,0,0,0,0,0,0,0,0,0,0,0,0,0,0,0,0,0,0,0,0,0,0,0,0,0,0,0,0,0,0,0,0,0,0,0,0,0,0,0,0,0,0,0,0,0
2762,0,0,0,0,0,0,0,0,0,0,0,0,0,0,0,0,0,0,0,0,0,0,0,0,0,0,0,0,0,0,0,0,0,0,0,0,0,0,0,0,0,0,0,0,0,0,0,0,0,0,0,0,0,0,0,0,0,0,0,0,0,0,0,0,0,0,0,0,0,0,0,0,0,0,0,0,0,0,0,0,0,0,0,0,0,0,0,0,0,0,0,0,0,0,0,0,0,0,0,0,0,0,0,0,0,0,0,0,0,0,0,0,0,0,0,0,0,0,0,0,0,0,0,0,0,0,0,0,0,0,0,0,0,0,0,0,0,0,0,0,0,0,0,0,0,0,0,0,0,0,0,0,0,0,0,0,0,0,0,0,0,0,0,0,0,0,0,0,0,0,0,0,0,0,0,0,0,0,0,0,0,0,0,0,0,0,0,0,0,0,0,0,0,0,0,0,0,0,0,0
2763,0,0,0,0,0,0,0,0,0,0,0,0,0,0,0,0,0,0,0,0,0,0,0,0,0,0,0,0,0,0,0,0,0,0,0,0,0,0,0,0,0,0,0,0,0,0,0,0,0,0,0,0,0,0,0,0,0,0,0,0,0,0,0,0,0,0,0,0,0,0,0,0,0,0,0,0,0,0,0,0,0,0,0,0,0,0,0,0,0,0,0,0,0,0,0,0,0,0,0,0,0,0,0,0,0,0,0,0,0,0,0,0,0,0,0,0,0,0,0,0,0,0,0,0,0,0,0,0,0,0,0,0,0,0,0,0,0,0,0,0,0,0,0,0,0,0,0,0,0,0,0,0,0,0,0,0,0,0,0,0,0,0,0,0,0,0,0,0,0,0,0,0,0,0,0,0,0,0,0,0,0,0,0,0,0,0,0,0,0,0,0,0,0,0,0,0,0,0,0,0
2764,0,0,0,0,0,0,0,0,0,0,0,0,0,0,0,0,0,0,0,0,0,0,0,0,0,0,0,0,0,0,0,0,0,0,0,0,0,0,0,0,0,0,0,0,0,0,0,0,0,0,0,0,0,0,0,0,0,0,0,0,0,0,0,0,0,0,0,0,0,0,0,0,0,0,0,0,0,0,0,0,0,0,0,0,0,0,0,0,0,0,0,0,0,0,0,0,0,0,0,0,0,0,0,0,0,0,0,0,0,0,0,0,0,0,0,0,0,0,0,0,0,0,0,0,0,0,0,0,0,0,0,0,0,0,0,0,0,0,0,0,0,0,0,0,0,0,0,0,0,0,0,0,0,0,0,0,0,0,0,0,0,0,0,0,0,0,0,0,0,0,0,0,0,0,0,0,0,0,0,0,0,0,0,0,0,0,0,0,0,0,0,0,0,0,0,0,0,0,0,0
2765,0,0,0,0,0,0,0,0,0,0,0,0,0,0,0,0,0,0,0,0,0,0,0,0,0,0,0,0,0,0,0,0,0,0,0,0,0,0,0,0,0,0,0,0,0,0,0,0,0,0,0,0,0,0,0,0,0,0,0,0,0,0,0,0,0,0,0,0,0,0,0,0,0,0,0,0,0,0,0,0,0,0,0,0,0,0,0,0,0,0,0,0,0,0,0,0,0,0,0,0,0,0,0,0,0,0,0,0,0,0,0,0,0,0,0,0,0,0,0,0,0,0,0,0,0,0,0,0,0,0,0,0,0,0,0,0,0,0,0,0,0,0,0,0,0,0,0,0,0,0,0,0,0,0,0,0,0,0,0,0,0,0,0,0,0,0,0,0,0,0,0,0,0,0,0,0,0,0,0,0,0,0,0,0,0,0,0,0,0,0,0,0,0,0,0,0,0,0,0,0
2766,0,0,0,0,0,0,0,0,0,0,0,0,0,0,0,0,0,0,0,0,0,0,0,0,0,0,0,0,0,0,0,0,0,0,0,0,0,0,0,0,0,0,0,0,0,0,0,0,0,0,0,0,0,0,0,0,0,0,0,0,0,0,0,0,0,0,0,0,0,0,0,0,0,0,0,0,0,0,0,0,0,0,0,0,0,0,0,0,0,0,0,0,0,0,0,0,0,0,0,0,0,0,0,0,0,0,0,0,0,0,0,0,0,0,0,0,0,0,0,0,0,0,0,0,0,0,0,0,0,0,0,0,0,0,0,0,0,0,0,0,0,0,0,0,0,0,0,0,0,0,0,0,0,0,0,0,0,0,0,0,0,0,0,0,0,0,0,0,0,0,0,0,0,0,0,0,0,0,0,0,0,0,0,0,0,0,0,0,0,0,0,0,0,0,0,0,0,0,0,0
2767,0,0,0,0,0,0,0,0,0,0,0,0,0,0,0,0,0,0,0,0,0,0,0,0,0,0,0,0,0,0,0,0,0,0,0,0,0,0,0,0,0,0,0,0,0,0,0,0,0,0,0,0,0,0,0,0,0,0,0,0,0,0,0,0,0,0,0,0,0,0,0,0,0,0,0,0,0,0,0,0,0,0,0,0,0,0,0,0,0,0,0,0,0,0,0,0,0,0,0,0,0,0,0,0,0,0,0,0,0,0,0,0,0,0,0,0,0,0,0,0,0,0,0,0,0,0,0,0,0,0,0,0,0,0,0,0,0,0,0,0,0,0,0,0,0,0,0,0,0,0,0,0,0,0,0,0,0,0,0,0,0,0,0,0,0,0,0,0,0,0,0,0,0,0,0,0,0,0,0,0,0,0,0,0,0,0,0,0,0,0,0,0,0,0,0,0,0,0,0,0
2768,0,0,0,0,0,0,0,0,0,0,0,0,0,0,0,0,0,0,0,0,0,0,0,0,0,0,0,0,0,0,0,0,0,0,0,0,0,0,0,0,0,0,0,0,0,0,0,0,0,0,0,0,0,0,0,0,0,0,0,0,0,0,0,0,0,0,0,0,0,0,0,0,0,0,0,0,0,0,0,0,0,0,0,0,0,0,0,0,0,0,0,0,0,0,0,0,0,0,0,0,0,0,0,0,0,0,0,0,0,0,0,0,0,0,0,0,0,0,0,0,0,0,0,0,0,0,0,0,0,0,0,0,0,0,0,0,0,0,0,0,0,0,0,0,0,0,0,0,0,0,0,0,0,0,0,0,0,0,0,0,0,0,0,0,0,0,0,0,0,0,0,0,0,0,0,0,0,0,0,0,0,0,0,0,0,0,0,0,0,0,0,0,0,0,0,0,0,0,0,0
2769,0,0,0,0,0,0,0,0,0,0,0,0,0,0,0,0,0,0,0,0,0,0,0,0,0,0,0,0,0,0,0,0,0,0,0,0,0,0,0,0,0,0,0,0,0,0,0,0,0,0,0,0,0,0,0,0,0,0,0,0,0,0,0,0,0,0,0,0,0,0,0,0,0,0,0,0,0,0,0,0,0,0,0,0,0,0,0,0,0,0,0,0,0,0,0,0,0,0,0,0,0,0,0,0,0,0,0,0,0,0,0,0,0,0,0,0,0,0,0,0,0,0,0,0,0,0,0,0,0,0,0,0,0,0,0,0,0,0,0,0,0,0,0,0,0,0,0,0,0,0,0,0,0,0,0,0,0,0,0,0,0,0,0,0,0,0,0,0,0,0,0,0,0,0,0,0,0,0,0,0,0,0,0,0,0,0,0,0,0,0,0,0,0,0,0,0,0,0,0,0
2770,0,0,0,0,0,0,0,0,0,0,0,0,0,0,0,0,0,0,0,0,0,0,0,0,0,0,0,0,0,0,0,0,0,0,0,0,0,0,0,0,0,0,0,0,0,0,0,0,0,0,0,0,0,0,0,0,0,0,0,0,0,0,0,0,0,0,0,0,0,0,0,0,0,0,0,0,0,0,0,0,0,0,0,0,0,0,0,0,0,0,0,0,0,0,0,0,0,0,0,0,0,0,0,0,0,0,0,0,0,0,0,0,0,0,0,0,0,0,0,0,0,0,0,0,0,0,0,0,0,0,0,0,0,0,0,0,0,0,0,0,0,0,0,0,0,0,0,0,0,0,0,0,0,0,0,0,0,0,0,0,0,0,0,0,0,0,0,0,0,0,0,0,0,0,0,0,0,0,0,0,0,0,0,0,0,0,0,0,0,0,0,0,0,0,0,0,0,0,0,0
2771,103044.4420416783,31077.6284928468,74360.5476376237,117324.0642701141,46811.5888049836,110681.0241689353,41641.3955450379,60641.4417003742,126053.9348099454,14562.7807045852,84890.2461139622,32634.7950629392,72279.2806978563,44118.8479675082,80175.8519394894,17949.0317143775,102210.3912506694,47388.3060569334,9729.9428185523,90865.4234672513,27819.6842699535,23762.6997292725,37422.7470181241,67967.6617025935,60025.8331854513,117651.3515271968,62458.3826495052,89880.4967678471,30388.5497525191,96251.6414980315,74394.6261411944,25445.8922025151,88113.9368671264,100936.2513017499,82059.3510597490,70800.4960836162,83416.7998586505,29680.0994497962,63672.4333348675,14128.3617499736,28319.5650703238,114566.0010768961,40588.8760326483,50203.0106808654,48431.1299888289,16440.1862673535,103710.0103697177,115842.0461255625,11014.9109254999,72971.7588844052,7224.6837346645,37033.9389420066,58599.0509776365,101750.4979879474,59201.0444992409,26087.1362695786,57816.0157092416,51434.7462146649,71116.5857801263,34675.8986458868,93158.6477535266,70136.3537688162,19949.9592999549,102193.6981195189,78259.9965308450,60552.0325465548,19840.2108967184,88999.6916361108,99022.6500241641,111266.2266653145,81810.6322677984,23446.0631950188,80581.2882273856,46110.2831560471,93730.5849806925,54493.4396813885,23575.8994356363,109827.3553103148,37321.9706076663,93706.4484029747,7488.8566772991,110906.6293305876,31786.9447625471,77044.6858283569,63697.9619288854,109857.0514595178,24415.2894079150,90035.1006899237,59909.2555016742,68279.2800724577,80893.1317012391,80751.7525039747,103000.0206826611,75620.2934281072,49620.1016180040,17364.2560815409,89778.7663314689,87253.8432243156,19408.1011059125,65024.1177139198,37732.1299166856,36529.7580788268,24267.8148641987,52859.9991801589,90568.3606592303,32471.9907766122,68302.7411155862,96122.9960657263,22433.5131324081,53954.8790404086,100562.8609777967,85601.3476851591,117298.1205341040,44796.1200810477,9212.3971610502,82875.3719685200,40008.3000047232,39794.5385812070,69688.5443168168,11958.7761753611,54538.5729664540,36616.0011448240,96797.8429022734,12586.8231263132,15353.6419909439,20053.4715295111,20456.4445335335,2672.0175936785,100653.9097629496,65627.1761720007,64043.6186618644,12427.8347902646,17578.8411800944,57455.0972531793,111202.4106404333,25210.2080443161,78794.1983973823,31704.2761401649,116170.5299555349,57090.4968198624,61603.1881017511,62502.6505254330,54246.9421982915,75022.3949359947,69283.8508013605,46333.4046837539,30466.1265089062,9299.2008972180,30672.3812610309,108452.6859174031,7449.9036295932,76936.2325921891,53025.7520063032,97338.0526998702,95532.5210975078,85350.6193236941,79077.7360309936,52256.6613651250,64134.1434120174,40514.1645338032,43532.8392963577,32214.0610635916,100544.6926269833,59598.0604248654,119204.6748463408,53988.2917626259,46413.7992165304,85817.3297319010,74217.8281476088,105597.1845839897,70337.5470681317,24724.1284363075,76825.6761799686,74981.9970371290,76154.8859442100,91566.3419342662,34312.3035947673,106529.1313673113,84229.4037845946,42424.3648773688,90794.2950194603,59791.0248705429,93909.6574006798,82408.3179821158,63309.6054996963,105644.5804728008,31331.8993087279,95764.8616054183,96770.7613683919,101270.6933869636,80749.3733466725,73021.5995509307,75211.3586593573,45058.2651096876,113556.9695653260,83696.6767423961,27133.2811595903,80377.9439614219,65526.7009786168,55737.9378599324
2772,0,0,0,0,0,0,0,0,0,0,0,0,0,0,0,0,0,0,0,0,0,0,0,0,0,0,0,0,0,0,0,0,0,0,0,0,0,0,0,0,0,0,0,0,0,0,0,0,0,0,0,0,0,0,0,0,0,0,0,0,0,0,0,0,0,0,0,0,0,0,0,0,0,0,0,0,0,0,0,0,0,0,0,0,0,0,0,0,0,0,0,0,0,0,0,0,0,0,0,0,0,0,0,0,0,0,0,0,0,0,0,0,0,0,0,0,0,0,0,0,0,0,0,0,0,0,0,0,0,0,0,0,0,0,0,0,0,0,0,0,0,0,0,0,0,0,0,0,0,0,0,0,0,0,0,0,0,0,0,0,0,0,0,0,0,0,0,0,0,0,0,0,0,0,0,0,0,0,0,0,0,0,0,0,0,0,0,0,0,0,0,0,0,0,0,0,0,0,0,0
2773,0,0,0,0,0,0,0,0,0,0,0,0,0,0,0,0,0,0,0,0,0,0,0,0,0,0,0,0,0,0,0,0,0,0,0,0,0,0,0,0,0,0,0,0,0,0,0,0,0,0,0,0,0,0,0,0,0,0,0,0,0,0,0,0,0,0,0,0,0,0,0,0,0,0,0,0,0,0,0,0,0,0,0,0,0,0,0,0,0,0,0,0,0,0,0,0,0,0,0,0,0,0,0,0,0,0,0,0,0,0,0,0,0,0,0,0,0,0,0,0,0,0,0,0,0,0,0,0,0,0,0,0,0,0,0,0,0,0,0,0,0,0,0,0,0,0,0,0,0,0,0,0,0,0,0,0,0,0,0,0,0,0,0,0,0,0,0,0,0,0,0,0,0,0,0,0,0,0,0,0,0,0,0,0,0,0,0,0,0,0,0,0,0,0,0,0,0,0,0,0
2774,0,0,0,0,0,0,0,0,0,0,0,0,0,0,0,0,0,0,0,0,0,0,0,0,0,0,0,0,0,0,0,0,0,0,0,0,0,0,0,0,0,0,0,0,0,0,0,0,0,0,0,0,0,0,0,0,0,0,0,0,0,0,0,0,0,0,0,0,0,0,0,0,0,0,0,0,0,0,0,0,0,0,0,0,0,0,0,0,0,0,0,0,0,0,0,0,0,0,0,0,0,0,0,0,0,0,0,0,0,0,0,0,0,0,0,0,0,0,0,0,0,0,0,0,0,0,0,0,0,0,0,0,0,0,0,0,0,0,0,0,0,0,0,0,0,0,0,0,0,0,0,0,0,0,0,0,0,0,0,0,0,0,0,0,0,0,0,0,0,0,0,0,0,0,0,0,0,0,0,0,0,0,0,0,0,0,0,0,0,0,0,0,0,0,0,0,0,0,0,0
2775,0,0,0,0,0,0,0,0,0,0,0,0,0,0,0,0,0,0,0,0,0,0,0,0,0,0,0,0,0,0,0,0,0,0,0,0,0,0,0,0,0,0,0,0,0,0,0,0,0,0,0,0,0,0,0,0,0,0,0,0,0,0,0,0,0,0,0,0,0,0,0,0,0,0,0,0,0,0,0,0,0,0,0,0,0,0,0,0,0,0,0,0,0,0,0,0,0,0,0,0,0,0,0,0,0,0,0,0,0,0,0,0,0,0,0,0,0,0,0,0,0,0,0,0,0,0,0,0,0,0,0,0,0,0,0,0,0,0,0,0,0,0,0,0,0,0,0,0,0,0,0,0,0,0,0,0,0,0,0,0,0,0,0,0,0,0,0,0,0,0,0,0,0,0,0,0,0,0,0,0,0,0,0,0,0,0,0,0,0,0,0,0,0,0,0,0,0,0,0,0
2776,0,0,0,0,0,0,0,0,0,0,0,0,0,0,0,0,0,0,0,0,0,0,0,0,0,0,0,0,0,0,0,0,0,0,0,0,0,0,0,0,0,0,0,0,0,0,0,0,0,0,0,0,0,0,0,0,0,0,0,0,0,0,0,0,0,0,0,0,0,0,0,0,0,0,0,0,0,0,0,0,0,0,0,0,0,0,0,0,0,0,0,0,0,0,0,0,0,0,0,0,0,0,0,0,0,0,0,0,0,0,0,0,0,0,0,0,0,0,0,0,0,0,0,0,0,0,0,0,0,0,0,0,0,0,0,0,0,0,0,0,0,0,0,0,0,0,0,0,0,0,0,0,0,0,0,0,0,0,0,0,0,0,0,0,0,0,0,0,0,0,0,0,0,0,0,0,0,0,0,0,0,0,0,0,0,0,0,0,0,0,0,0,0,0,0,0,0,0,0,0
2777,0,0,0,0,0,0,0,0,0,0,0,0,0,0,0,0,0,0,0,0,0,0,0,0,0,0,0,0,0,0,0,0,0,0,0,0,0,0,0,0,0,0,0,0,0,0,0,0,0,0,0,0,0,0,0,0,0,0,0,0,0,0,0,0,0,0,0,0,0,0,0,0,0,0,0,0,0,0,0,0,0,0,0,0,0,0,0,0,0,0,0,0,0,0,0,0,0,0,0,0,0,0,0,0,0,0,0,0,0,0,0,0,0,0,0,0,0,0,0,0,0,0,0,0,0,0,0,0,0,0,0,0,0,0,0,0,0,0,0,0,0,0,0,0,0,0,0,0,0,0,0,0,0,0,0,0,0,0,0,0,0,0,0,0,0,0,0,0,0,0,0,0,0,0,0,0,0,0,0,0,0,0,0,0,0,0,0,0,0,0,0,0,0,0,0,0,0,0,0,0
2778,0,0,0,0,0,0,0,0,0,0,0,0,0,0,0,0,0,0,0,0,0,0,0,0,0,0,0,0,0,0,0,0,0,0,0,0,0,0,0,0,0,0,0,0,0,0,0,0,0,0,0,0,0,0,0,0,0,0,0,0,0,0,0,0,0,0,0,0,0,0,0,0,0,0,0,0,0,0,0,0,0,0,0,0,0,0,0,0,0,0,0,0,0,0,0,0,0,0,0,0,0,0,0,0,0,0,0,0,0,0,0,0,0,0,0,0,0,0,0,0,0,0,0,0,0,0,0,0,0,0,0,0,0,0,0,0,0,0,0,0,0,0,0,0,0,0,0,0,0,0,0,0,0,0,0,0,0,0,0,0,0,0,0,0,0,0,0,0,0,0,0,0,0,0,0,0,0,0,0,0,0,0,0,0,0,0,0,0,0,0,0,0,0,0,0,0,0,0,0,0
2779,0,0,0,0,0,0,0,0,0,0,0,0,0,0,0,0,0,0,0,0,0,0,0,0,0,0,0,0,0,0,0,0,0,0,0,0,0,0,0,0,0,0,0,0,0,0,0,0,0,0,0,0,0,0,0,0,0,0,0,0,0,0,0,0,0,0,0,0,0,0,0,0,0,0,0,0,0,0,0,0,0,0,0,0,0,0,0,0,0,0,0,0,0,0,0,0,0,0,0,0,0,0,0,0,0,0,0,0,0,0,0,0,0,0,0,0,0,0,0,0,0,0,0,0,0,0,0,0,0,0,0,0,0,0,0,0,0,0,0,0,0,0,0,0,0,0,0,0,0,0,0,0,0,0,0,0,0,0,0,0,0,0,0,0,0,0,0,0,0,0,0,0,0,0,0,0,0,0,0,0,0,0,0,0,0,0,0,0,0,0,0,0,0,0,0,0,0,0,0,0
2780,0,0,0,0,0,0,0,0,0,0,0,0,0,0,0,0,0,0,0,0,0,0,0,0,0,0,0,0,0,0,0,0,0,0,0,0,0,0,0,0,0,0,0,0,0,0,0,0,0,0,0,0,0,0,0,0,0,0,0,0,0,0,0,0,0,0,0,0,0,0,0,0,0,0,0,0,0,0,0,0,0,0,0,0,0,0,0,0,0,0,0,0,0,0,0,0,0,0,0,0,0,0,0,0,0,0,0,0,0,0,0,0,0,0,0,0,0,0,0,0,0,0,0,0,0,0,0,0,0,0,0,0,0,0,0,0,0,0,0,0,0,0,0,0,0,0,0,0,0,0,0,0,0,0,0,0,0,0,0,0,0,0,0,0,0,0,0,0,0,0,0,0,0,0,0,0,0,0,0,0,0,0,0,0,0,0,0,0,0,0,0,0,0,0,0,0,0,0,0,0
2781,0,0,0,0,0,0,0,0,0,0,0,0,0,0,0,0,0,0,0,0,0,0,0,0,0,0,0,0,0,0,0,0,0,0,0,0,0,0,0,0,0,0,0,0,0,0,0,0,0,0,0,0,0,0,0,0,0,0,0,0,0,0,0,0,0,0,0,0,0,0,0,0,0,0,0,0,0,0,0,0,0,0,0,0,0,0,0,0,0,0,0,0,0,0,0,0,0,0,0,0,0,0,0,0,0,0,0,0,0,0,0,0,0,0,0,0,0,0,0,0,0,0,0,0,0,0,0,0,0,0,0,0,0,0,0,0,0,0,0,0,0,0,0,0,0,0,0,0,0,0,0,0,0,0,0,0,0,0,0,0,0,0,0,0,0,0,0,0,0,0,0,0,0,0,0,0,0,0,0,0,0,0,0,0,0,0,0,0,0,0,0,0,0,0,0,0,0,0,0,0
2782,0,0,0,0,0,0,0,0,0,0,0,0,0,0,0,0,0,0,0,0,0,0,0,0,0,0,0,0,0,0,0,0,0,0,0,0,0,0,0,0,0,0,0,0,0,0,0,0,0,0,0,0,0,0,0,0,0,0,0,0,0,0,0,0,0,0,0,0,0,0,0,0,0,0,0,0,0,0,0,0,0,0.0000000000,0,0,0,0,0,0,0,0,0,0,0,0,0,0,0,0,0,0,0,0,0,0,0,0,0,0,0,0,0,0,0,0,0,0,0,0,0,0,0,0,0,0,0,0,0,0,0,0,0,0,0,0,0,0,0,0,0,0,0,0,0,0,0,0,0,0,0,0,0,0,0,0,0,0,0,0,0,0,0,0,0,0,0,0,0,0,0,0,0,0,0,0,0,0,0,0,0,0,0,0,0,0,0,0,0,0,0,0,0,0,0,0,0,0,0,0,0,0
2783,0,0,0,0,0,0,0,0,0,0,0,0,0,0,0,0,0,0,0,0,0,0,0,0,0,0,0,0,0,0,0,0,0,0,0,0,0,0,0,0,0,0,0,0,0,0,0,0,0,0,0,0,0,0,0,0,0,0,0,0,0,0,0,0,0,0,0,0,0,0,0,0,0,0,0,0,0,0,0,0,0,0,0,0,0,0,0,0,0,0,0,0,0,0,0,0,0,0,0,0,0,0,0,0,0,0,0,0,0,0,0,0,0,0,0,0,0,0,0,0,0,0,0,0,0,0,0,0,0,0,0,0,0,0,0,0,0,0,0,0,0,0,0,0,0,0,0,0,0,0,0,0,0,0,0,0,0,0,0,0,0,0,0,0,0,0,0,0,0,0,0,0,0,0,0,0,0,0,0,0,0,0,0,0,0,0,0,0,0,0,0,0,0,0,0,0,0,0,0,0
2784,0,0,0,0,0,0,0,0,0,0,0,0,0,0,0,0,0,0,0,0,0,0,0,0,0,0,0,0,0,0,0,0,0,0,0,0,0,0,0,0,0,0,0,0,0,0,0,0,0,0,0,0,0,0,0,0,0,0,0,0,0,0,0,0,0,0,0,0,0,0,0,0,0,0,0,0,0,0,0,0,0,0,0,0,0,0,0,0,0,0,0,0,0,0,0,0,0,0,0,0,0,0,0,0,0,0,0,0,0,0,0,0,0,0,0,0,0,0,0,0,0,0,0,0,0,0,0,0,0,0,0,0,0,0,0,0,0,0,0,0,0,0,0,0,0,0,0,0,0,0,0,0,0,0,0,0,0,0,0,0,0,0,0,0,0,0,0,0,0,0,0,0,0,0,0,0,0,0,0,0,0,0,0,0,0,0,0,0,0,0,0,0,0,0,0,0,0,0,0,0
2785,110722.1043626760,30499.1844533097,69292.3342443391,129813.9190743565,59063.8937399385,111883.2883606792,29413.9585864481,64916.3971991483,136578.6037725427,20693.9492969595,96377.6007205466,43597.7008225666,81082.2623479274,41682.2429359578,79972.0351288411,2208.0783018359,112217.9601280674,56081.8679521089,19792.6317349895,93435.7773544373,20977.0068407252,36289.4089678365,41608.6247537382,80299.9441451092,59997.7250986428,126684.6093576475,73369.9568826303,98774.3178776446,39394.7531787252,96350.5841538323,76821.0343058687,31927.5108724592,95307.1276288813,112037.3638958304,92376.5197827545,68462.0589159217,95747.6034793308,29366.4651635280,70855.6768494429,8612.5515899015,15713.2141857156,125527.2173298121,51473.8213105679,52504.6578922794,54366.3936662764,16602.3650945479,112600.8209555833,125875.9129806311,23752.8944207543,84579.0259200225,8264.6569532688,27019.5370524002,68191.8619547688,104738.6433135172,56682.1268083352,31610.7228983820,69831.5144534825,62534.2881496862,81272.8848070100,47144.2793291923,103662.3369730538,70873.5168288456,30245.5146795885,108799.7116426548,85896.1811753675,62688.8249710386,19024.3091341299,87884.1815007415,100694.3700380470,119545.8929326174,85224.3255416781,33772.4095242477,89956.5081128885,46281.5962160088,103433.4965416054,61899.6673753995,26270.8192849262,119255.4895573401,44511.3492244765,101740.6104869199,15769.2264085251,113122.1136761784,42829.3643471045,88015.2680082204,72247.1160234660,120374.8814318893,14386.8257364509,91428.9141525638,65840.0337050555,67501.5324144765,82358.7354724037,79193.1797675304,103707.0735380917,87742.7995678924,59623.5004175877,24089.4489067555,101852.8023938234,87563.7397682247,11062.3220384423,76721.4189258639,47263.3230208599,33734.4373365407,22277.9332113973,57261.7409580688,101622.4108316291,34957.5117180161,71631.6012983962,103260.0862662402,25242.9121088945,53075.1797422421,111120.4021623340,93870.6533819123,127826.0112826234,48968.8807660958,13807.8543950846,94820.6845296854,51922.3968545576,41657.3913114707,80636.5482979765,13838.9121801901,63189.6034141266,36333.9191929440,105917.6334511724,23102.8708237073,26654.9862327400,27619.1873552113,14886.5471850968,15765.4943460724,108986.4019074899,62469.2315562403,74126.7827344255,269.9839383161,29794.8652927376,68844.1930946624,120104.8447325154,36530.3441563164,87430.0052765744,38137.2835399768,125693.9860626653,67619.4333455731,74019.0356586380,61146.2043325254,55028.2129823614,74234.7504496255,77339.8885708632,57914.9204001261,19374.9541668920,22032.4428258441,27404.4253599538,118445.1102045954,8823.0134266372,77679.3641549457,65347.6006229184,99792.5472773646,96488.7781247536,87616.8772808435,90733.4717560355,63993.5926136589,65224.2827036849,46042.4260959743,53183.4808189339,23417.6052474195,110044.2147746315,67511.0199419093,131521.2210007145,60156.3778744653,57178.7415487722,95412.5588480738,83827.5827109793,107144.1600072785,82343.5209437627,33151.0358409905,80680.6403740878,73203.7350191187,86650.8718533261,91107.1649893173,46184.2433887935,114609.0020141567,93172.2032748730,41578.2595959255,100891.8327304173,63024.1600174124,95808.1480940070,93182.1376673150,75406.4434906256,107900.7919460452,35775.8042466172,106778.3598023657,106968.9369288600,108465.6449873285,92024.6772093624,74615.6509830676,83404.5369426525,47435.8934853003,115254.2457267233,91227.4384336044,30312.9289244151,82854.8528904777,67760.0109998598,58324.4676981102
2786,0,0,0,0,0,0,0,0,0,0,0,0,0,0,0,0,0,0,0,0,0,0,0,0,0,0,0,0,0,0,0,0,0,0,0,0,0,0,0,0,0,0,0,0,0,0,0,0,0,0,0,0,0,0,0,0,0,0,0,0,0,0,0,0,0,0,0,0,0,0,0,0,0,0,0,0,0,0,0,0,0,0,0,0,0,0,0,0,0,0,0,0,0,0,0,0,0,0,0,0,0,0,0,0,0,0,0,0,0,0,0,0,0,0,0,0,0,0,0,0,0,0,0,0,0,0,0,0,0,0,0,0,0,0,0,0,0,0,0,0,0,0,0,0,0,0,0,0,0,0,0,0,0,0,0,0,0,0,0,0,0,0,0,0,0,0,0,0,0,0,0,0,0,0,0,0,0,0,0,0,0,0,0,0,0,0,0,0,0,0,0,0,0,0,0,0,0,0,0,0
2787,0,0,0,0,0,0,0,0,0,0,0,0,0,0,0,0,0,0,0,0,0,0,0,0,0,0,0,0,0,0,0,0,0,0,0,0,0,0,0,0,0,0,0,0,0,0,0,0,0,0,0,0,0,0,0,0,0,0,0,0,0,0,0,0,0,0,0,0,0,0,0,0,0,0,0,0,0,0,0,0,0,0,0,0,0,0,0,0,0,0,0,0,0,0,0,0,0,0,0,0,0,0,0,0,0,0,0,0,0,0,0,0,0,0,0,0,0,0,0,0,0,0,0,0,0,0,0,0,0,0,0,0,0,0,0,0,0,0,0,0,0,0,0,0,0,0,0,0,0,0,0,0,0,0,0,0,0,0,0,0,0,0,0,0,0,0,0,0,0,0,0,0,0,0,0,0,0,0,0,0,0,0,0,0,0,0,0,0,0,0,0,0,0,0,0,0,0,0,0,0
2788,0,0,0,0,0,0,0,0,0,0,0,0,0,0,0,0,0,0,0,0,0,0,0,0,0,0,0,0,0,0,0,0,0,0,0,0,0,0,0,0,0,0,0,0,0,0,0,0,0,0,0,0,0,0,0,0,0,0,0,0,0,0,0,0,0,0,0,0,0,0,0,0,0,0,0,0,0,0,0,0,0,0,0,0,0,0,0,0,0,0,0,0,0,0,0,0,0,0,0,0,0,0,0,0,0,0,0,0,0,0,0,0,0,0,0,0,0,0,0,0,0,0,0,0,0,0,0,0,0,0,0,0,0,0,0,0,0,0,0,0,0,0,0,0,0,0,0,0,0,0,0,0,0,0,0,0,0,0,0,0,0,0,0,0,0,0,0,0,0,0,0,0,0,0,0,0,0,0,0,0,0,0,0,0,0,0,0,0,0,0,0,0,0,0,0,0,0,0,0,0
2789,0,0,0,0,0,0,0,0,0,0,0,0,0,0,0,0,0,0,0,0,0,0,0,0,0,0,0,0,0,0,0,0,0,0,0,0,0,0,0,0,0,0,0,0,0,0,0,0,0,0,0,0,0,0,0,0,0,0,0,0,0,0,0,0,0,0,0,0,0,0,0,0,0,0,0,0,0,0,0,0,0,0,0,0,0,0,0,0,0,0,0,0,0,0,0,0,0,0,0,0,0,0,0,0,0,0,0,0,0,0,0,0,0,0,0,0,0,0,0,0,0,0,0,0,0,0,0,0,0,0,0,0,0,0,0,0,0,0,0,0,0,0,0,0,0,0,0,0,0,0,0,0,0,0,0,0,0,0,0,0,0,0,0,0,0,0,0,0,0,0,0,0,0,0,0,0,0,0,0,0,0,0,0,0,0,0,0,0,0,0,0,0,0,0,0,0,0,0,0,0
2790,0,0,0,0,0,0,0,0,0,0,0,0,0,0,0,0,0,0,0,0,0,0,0,0,0,0,0,0,0,0,0,0,0,0,0,0,0,0,0,0,0,0,0,0,0,0,0,0,0,0,0,0,0,0,0,0,0,0,0,0,0,0,0,0,0,0,0,0,0,0,0,0,0,0,0,0,0,0,0,0,0,0,0,0,0,0,0,0,0,0,0,0,0,0,0,0,0,0,0,0,0,0,0,0,0,0,0,0,0,0,0,0,0,0,0,0,0,0,0,0,0,0,0,0,0,0,0,0,0,0,0,0,0,0,0,0,0,0,0,0,0,0,0,0,0,0,0,0,0,0,0,0,0,0,0,0,0,0,0,0,0,0,0,0,0,0,0,0,0,0,0,0,0,0,0,0,0,0,0,0,0,0,0,0,0,0,0,0,0,0,0,0,0,0,0,0,0,0,0,0
2791,0,0,0,0,0,0,0,0,0,0,0,0,0,0,0,0,0,0,0,0,0,0,0,0,0,0,0,0,0,0,0,0,0,0,0,0,0,0,0,0,0,0,0,0,0,0,0,0,0,0,0,0,0,0,0,0,0,0,0,0,0,0,0,0,0,0,0,0,0,0,0,0,0,0,0,0,0,0,0,0,0,0,0,0,0,0,0,0,0,0,0,0,0,0,0,0,0,0,0,0,0,0,0,0,0,0,0,0,0,0,0,0,0,0,0,0,0,0,0,0,0,0,0,0,0,0,0,0,0,0,0,0,0,0,0,0,0,0,0,0,0,0,0,0,0,0,0,0,0,0,0,0,0,0,0,0,0,0,0,0,0,0,0,0,0,0,0,0,0,0,0,0,0,0,0,0,0,0,0,0,0,0,0,0,0,0,0,0,0,0,0,0,0,0,0,0,0,0,0,0
2792,0,0,0,0,0,0,0,0,0,0,0,0,0,0,0,0,0,0,0,0,0.0000000000,0,0,0,0,0,0,0,0,0,0,0,0,0,0,0,0,0,0,0,0,0,0,0,0,0,0,0,0,0,0,0,0,0,0,0,0,0,0,0,0,0,0,0,0,0,0,0,0,0,0,0,0,0,0,0,0,0,0,0,0,0,0,0,0,0,0,0,0,0,0,0,0,0,0,0,0,0,0,0,0,0,0,0,0,0,0,0,0,0,0,0,0,0,0,0,0,0,0,0,0,0,0,0,0,0,0,0,0,0,0,0,0,0,0,0,0,0,0,0,0,0,0,0,0,0,0,0,0,0,0,0,0,0,0,0,0,0,0,0,0,0,0,0,0,0,0,0,0,0,0,0,0,0,0,0,0,0,0,0,0,0,0,0,0,0,0,0,0,0,0,0,0,0,0,0,0,0,0,0
2793,0,0,0,0,0,0,0,0,0,0,0,0,0,0,0,0,0,0,0,0,0,0,0,0,0,0,0,0,0,0,0,0,0,0,0,0,0,0,0,0,0,0,0,0,0,0,0,0,0,0,0,0,0,0,0,0,0,0,0,0,0,0,0,0,0,0,0,0,0,0,0,0,0,0,0,0,0,0,0,0,0,0,0,0,0,0,0,0,0,0,0,0,0,0,0,0,0,0,0,0,0,0,0,0,0,0,0,0,0,0,0,0,0,0,0,0,0,0,0,0,0,0,0,0,0,0,0,0,0,0,0,0,0,0,0,0,0,0,0,0,0,0,0,0,0,0,0,0,0,0,0,0,0,0,0,0,0,0,0,0,0,0,0,0,0,0,0,0,0,0,0,0,0,0,0,0,0,0,0,0,0,0,0,0,0,0,0,0,0,0,0,0,0,0,0,0,0,0,0,0
2794,103368.5141450432,34709.5762747778,67122.9333146944,122847.8317284878,52034.7242073549,106530.6768057965,33682.2790242596,58308.2206300947,129021.3590589242,13200.0559602962,88975.7841303709,41020.4687539933,73559.1392930338,37776.0107863084,75168.6272315692,13655.3270806548,104646.5724864045,48545.6755445676,17670.5074259732,87500.6040439148,19694.6528891690,29616.3064639185,34876.4504229941,73270.5758156729,55024.9762439875,119158.7418535562,65873.9052920941,91252.1421904511,31825.1396561042,91452.3484306111,70894.4408995213,32436.8089939973,88028.5657697988,104547.6252540641,84814.7528157401,64686.2655519454,88695.7990136877,24156.1126728407,63543.4174868088,10333.9601444512,20835.7160555076,118012.9103327247,44006.1435860066,46504.0866468939,47262.5341494163,19834.8117555472,105084.0702642428,118304.4926497629,17598.6527086687,77220.6581520769,8569.8461313660,28625.8299088245,60621.4328974342,98671.1703804139,52944.7165233541,24415.3878028342,62647.4772347279,55083.4259606010,73706.8209256645,40324.1856575142,96108.8059250454,65612.1398158410,22782.9505200215,101658.1921714441,78527.6215034890,56814.0084658292,13659.6045722578,83542.6163531176,95126.7409888340,112103.6609964545,78964.3978776854,31701.1764008077,82397.7138361076,41112.7210685688,95864.9881556817,54529.9071412924,28739.6108484574,111699.8788935459,37119.1243731231,94323.6517337634,8809.9118861077,107359.9147033940,35420.7111697528,80516.9534984257,64741.2098861976,112819.2666859643,16054.6584492376,85954.7526621241,58780.2240671190,62922.6021784113,76830.0028665619,75048.5366937022,98552.5915031795,80581.4506042724,52058.5100919514,24239.5230044611,94652.7482681006,82548.0145517182,12001.1215257273,69400.8650184456,39692.2891799138,29922.6611970145,26890.9446133773,50579.6689602043,94129.5598007962,28693.8152045954,65359.3650455520,96000.5753914572,18639.6582491718,48461.7549723620,103569.0536074765,86415.2354953529,120269.9970515662,42304.3847355173,14275.2203415110,87570.3086392980,44744.9828902473,35722.8910575616,73139.8582911478,6817.2988904345,55664.9975364352,31248.8095282850,98379.1936942173,15805.1022858134,23726.6164168735,20083.2832878457,12413.0013504185,11394.5132698016,101531.8894906880,59120.0440737104,66559.8569294361,13242.1975906466,22986.7376064784,61446.8209626363,112589.3218955575,29231.6092602935,79927.0376835073,30832.8877236382,118134.4152634903,60082.8158272833,67059.8121492529,56822.1622583665,49661.9750189635,69688.7605461843,69898.0353060320,50593.8019441298,22202.8769180454,17550.3816618042,23747.4278917370,110873.6564971705,34.7069968663,72441.3818426940,58343.5364325392,93914.7122122462,91211.2325874055,81783.5541112097,83383.5872082545,56709.3295044348,59785.8093103163,38988.1089765963,45612.5030683926,23843.9963382955,102483.6128498628,60075.5967968226,124431.7298094122,53022.6510411387,49681.3002255557,87846.1047911756,76259.0672276165,101639.7824272878,75133.8709706838,25589.9334945032,74259.4843719205,69150.9793646552,79101.5269553856,86455.9731238147,39015.7469298527,107193.1145052841,85643.3516582611,36839.1694965052,93321.8206151090,56748.9996371114,90138.8492423940,85655.8103662100,68250.7787721851,102114.2057767467,28901.7546455166,99277.1925584887,99400.7052269696,101199.3604923234,84577.2047147447,69008.3231180884,75950.5872228452,41365.5210484289,109701.8442747106,83882.5999908726,23722.9809524934,76927.9674614153,61872.1902640888,52255.8044841061
2795,84199.7438722568,53702.7329257422,55713.4710500443,111803.8673722636,42740.4932453499,87755.4511670901,42335.5663728513,38393.8005691953,112664.4831323714,8498.0571043606,75158.7043359204,49662.8967315703,55549.9985084056,24330.5581194614,57558.6801256055,32746.3434782400,87721.1702129940,31118.1591605210,31548.5272547335,68054.9510800155,20515.3027681647,26201.9605484252,14948.9572673707,62839.1909794110,37529.6784418930,100973.3434139248,51423.3791116871,73121.9536118404,16795.4128752363,73481.9508262969,51528.1478397484,47620.2283812959,68649.8876058953,89524.3222782911,68649.0289078127,49506.5169161279,77669.9291072161,10077.4930081824,44315.1999774586,18977.7879397098,33839.7703114470,102534.0328690601,31128.0571109924,27278.3637942324,27570.1209895435,38779.2826148081,86842.6456091276,101293.3757114076,21864.4990203999,64075.2036744220,25208.4708983605,32264.5621889912,43944.7574843348,79065.2816454376,38431.4943383597,6442.8604984477,51522.7564027107,41694.7566124005,57521.3651395956,33753.6416101954,80068.1688955587,47313.1246814094,14811.7159035812,81994.1492145358,59460.7791963689,37631.2983263956,9845.1366095628,66693.1085080050,76103.2556582477,93305.3220451276,59228.7507150632,42657.8168663074,64911.4635573913,23834.8008235949,78620.0190903195,35579.4582558195,46501.1711207072,93975.8322177051,18581.4522581481,75431.0853293566,17333.0968102918,88053.9222565492,24464.3911757592,65694.4979916187,46621.1956165848,96594.1901455186,25103.3807214501,67109.2352865437,39015.2384457470,46019.0515369319,57967.8894355980,58756.5761936440,80111.5185611886,68989.6270009877,36491.5667186707,39882.9644483830,82463.2700496345,64461.2234875818,27521.5869372391,56838.5514564353,24347.8088881870,18507.9046923856,46321.6399512287,30649.3223182406,79180.3087757142,9620.6280354128,45647.3623091470,76566.1756067269,1869.3676853952,32069.2369060703,87517.7928363913,67757.1995755003,103990.1860842778,22388.4023290078,31972.5413254300,75129.8226369487,34958.5092746448,16961.8523632744,58490.6875646318,13138.0982958617,37892.8272248530,15382.4451168103,80419.3862828677,14862.3058543744,34513.9899194114,7684.3867552696,17061.3035729309,24272.8559286781,82824.5749208749,45205.9837678284,50462.6482650201,26131.4848073517,21131.2871783459,48409.8013238606,94313.6800485237,21010.0228963691,61660.2690050830,11997.1774760771,100476.4821790112,45083.8373390479,57347.0559741761,40694.2879055252,31524.5011693355,52684.6043972715,51230.3665597684,38959.1575895405,30531.6220176353,26971.3772640267,15433.5296046082,93867.0670784455,19214.5445362534,54088.0639549437,48787.3890687475,74513.3720353034,72625.9622834866,62477.4959395235,70176.5854598469,45036.4110247981,41269.7778274666,19229.9346153457,29875.0561411800,26454.8729410436,84916.5184576623,41436.4233932809,112598.8658981703,33373.5018143413,35901.1923656469,70561.1232454145,59184.7154132551,82674.4798536886,63329.5637094433,11373.8108698789,54417.9155943776,53203.5092517413,63373.1673209027,68976.2513916116,30032.9651302868,88270.5701483205,67621.1485167417,21127.5028148881,76665.1973417364,37068.4976656538,71002.9318127007,70303.4679119938,57103.7190262510,82793.6062278679,8969.9523304728,84152.1455784603,82816.5733669586,81777.4405132486,70340.8019868637,50095.9994476544,57326.9886154308,22131.8020844990,90645.2750845192,64713.6379573540,3404.6623284423,57531.1896179065,42619.7636451295,32850.4490796758
2796,0,0,0,0,0,0,0,0,0,0,0,0,0,0,0,0,0,0,0,0,0,0,0,0,0,0,0,0,0,0,0,0,0,0,0,0,0,0,0,0,0,0,0,0,0,0,0,0,0,0,0,0,0,0,0,0,0,0,0,0,0,0,0,0,0,0,0,0,0,0,0,0,0,0,0,0,0,0,0,0,0,0,0,0,0,0,0,0,0,0,0,0,0,0,0,0,0,0,0,0,0,0,0,0,0,0,0,0,0,0,0,0,0,0,0,0,0,0,0,0,0,0,0,0,0,0,0,0,0,0,0,0,0,0,0,0,0,0,0,0,0,0,0,0,0,0,0,0,0,0,0,0,0,0,0,0,0,0,0,0,0,0,0,0,0,0,0,0,0,0,0,0,0,0,0,0,0,0,0,0,0,0,0,0,0,0,0,0,0,0,0,0,0,0,0,0,0,0,0,0
2797,0,0,0,0,0,0,0,0,0,0,0,0,0,0,0,0,0,0,0,0,0,0,0,0,0,0,0,0,0,0,0,0,0,0,0,0,0,0,0,0,0,0,0,0,0,0,0,0,0,0,0,0,0,0,0,0,0,0,0,0,0,0,0,0,0,0,0,0,0,0,0,0,0,0,0,0,0,0,0,0,0,0,0,0,0,0,0,0,0,0,0,0,0,0,0,0,0,0,0,0,0,0,0,0,0,0,0,0,0,0,0,0,0,0,0,0,0,0,0,0,0,0,0,0,0,0,0,0,0,0,0,0,0,0,0,0,0,0,0,0,0,0,0,0,0,0,0,0,0,0,0,0,0,0,0,0,0,0,0,0,0,0,0,0,0,0,0,0,0,0,0,0,0,0,0,0,0,0,0,0,0,0,0,0,0,0,0,0,0,0,0,0,0,0,0,0,0,0,0,0
2798,0,0,0,0,0,0,0,0,0,0,0,0,0,0,0,0,0,0,0,0,0,0,0,0,0,0,0,0,0,0,0,0,0,0,0,0,0,0,0,0,0,0,0,0,0,0,0,0,0,0,0,0,0,0,0,0,0,0,0,0,0,0,0,0,0,0,0,0,0,0,0,0,0,0,0,0,0,0,0,0,0,0,0,0,0,0,0,0,0,0,0,0,0,0,0,0,0,0,0,0,0,0,0,0,0,0,0,0,0,0,0,0,0,0,0,0,0,0,0,0,0,0,0,0,0,0,0,0,0,0,0,0,0,0,0,0,0,0,0,0,0,0,0,0,0,0,0,0,0,0,0,0,0,0,0,0,0,0,0,0,0,0,0,0,0,0,0,0,0,0,0,0,0,0,0,0,0,0,0,0,0,0,0,0,0,0,0,0,0,0,0,0,0,0,0,0,0,0,0,0
2799,51070.0373122285,84886.7621477158,57331.2449204311,92928.4627197126,39554.3268422890,62977.0366556651,71441.4029370011,17757.0068000299,83722.2120959016,40122.1549669165,53529.0549876820,70297.3592484821,25629.6179242001,36068.9276668861,41174.9907190714,66112.3492523158,58419.0634413168,13945.9719590165,60373.2099364995,41155.1694628946,49879.5885517922,42090.9043550640,19373.0620387674,50706.7360774103,28892.8018364744,69079.4663976188,32676.2523085039,41868.9497444022,25355.6419143055,53147.3840228556,27355.0257126972,75230.1862312024,35370.9182590661,64066.1383461677,42235.9565979572,43609.1627730366,61756.4897576444,34903.1849261889,11679.8581333836,52315.6100876268,65933.1488422538,75539.1073991178,27487.7510840016,17982.9770316309,3025.1605035304,70428.4501536944,55051.6236043682,71423.8902895132,47742.2735636661,45618.2362050419,57476.8385169719,59760.4931661116,21019.2453516917,50476.9435079538,38854.1281576881,28607.4925676773,40927.9288222370,29703.2917611132,32535.7787778949,40322.7163368521,53022.0654485412,30650.6484419521,35839.3082906229,48646.5508167767,26690.9159754026,19949.3104759969,42443.5188924030,51402.3880280551,50932.5920928299,60576.6350033031,30859.5404290798,66990.4242168732,35562.3533175823,26791.3786933506,49026.1104389268,12769.9493474296,76651.1095919394,62969.0496886512,16853.0136615996,42720.7219707576,48158.9845739898,60801.0043179239,30861.2415258439,42940.9759905514,17648.7696104248,68360.7721600298,56852.2087182474,43655.0182382655,5572.9763467747,35733.1998951451,35723.3301920067,46875.2541853304,57250.5152815265,53166.7999760440,21365.1280932985,68733.7964884686,63552.0078161426,44834.4899065223,60640.0941715251,41349.8361623830,21732.6271119473,38225.1362387122,78244.8340775261,15892.4306030095,54619.3139484683,27014.4539704336,19687.5484066777,43233.6333334166,35186.3688679889,30845.6641156018,60023.0381407093,35588.7701756310,75412.4543087414,13414.9714674211,63140.7391114465,56543.8048981646,35072.8721557430,23528.1769385025,37437.0030442614,46346.8027297405,13603.6089385035,31197.2827306932,49289.1397250478,42084.1825976709,60442.0887153279,33938.2803130192,49292.3986599962,54245.5795815562,50317.9382394537,44253.3312345524,27279.8511421661,59445.7093769150,42384.5288747677,34373.9731289393,62355.4869138873,35066.0683011814,30589.0947910136,22358.7494025408,69465.8690969539,27040.4706081776,48067.2751878552,35351.2252700704,24162.5593106667,39851.0882141937,19784.9262497267,32732.7788245344,61082.4569870051,54094.8666095646,41091.7040250550,64201.7976837175,52122.5016598694,35237.9199327278,42543.8045184428,47428.1390277328,49810.6855427478,37002.3554274042,50572.1913687383,35668.2014177161,25895.2114283726,14155.8418436338,19863.3981177748,54822.9146765169,54427.4417926246,11605.3519753310,92184.7344114180,0.0000000000,26356.5550528067,41306.9558767854,31483.5686849001,57343.1987187244,48093.3354562465,29632.3048255050,25315.4688683762,43842.8216289081,38685.6716078937,51085.0283093081,35070.1456374876,55410.8789757753,36821.8304049694,30995.0314657091,48466.7078375914,14982.8621105365,45661.6299615741,45677.2459572084,44796.4708269442,55701.1080820831,24571.3557639263,58824.4571437559,54434.6419313088,48446.0384243704,48343.3797800028,29267.6760215408,25606.5695371635,19249.5260812600,64479.9859336548,31701.5998527671,30351.5024157728,32092.0169904276,21955.5431531781,16698.2097535729
2800,0,0,0,0,0,0,0,0,0,0,0,0,0,0,0,0,0,0,0,0,0,0,0,0,0,0,0,0,0,0,0,0,0,0,0,0,0,0,0,0,0,0,0,0,0,0,0,0,0,0,0,0,0,0,0,0,0,0,0,0,0,0,0,0,0,0,0,0,0,0,0,0,0,0,0,0,0,0,0,0,0,0,0,0,0,0,0,0,0,0,0,0,0,0,0,0,0,0,0,0,0,0,0,0,0,0,0,0,0,0,0,0,0,0,0,0,0,0,0,0,0,0,0,0,0,0,0,0,0,0,0,0,0,0,0,0,0,0,0,0,0,0,0,0,0,0,0,0,0,0,0,0,0,0,0,0,0,0,0,0,0,0,0,0,0,0,0,0,0,0,0,0,0,0,0,0,0,0,0,0,0,0,0,0,0,0,0,0,0,0,0,0,0,0,0,0,0,0,0,0
2801,0,0,0,0,0,0,0,0,0,0,0,0,0,0,0,0,0,0,0,0,0,0,0,0,0,0,0,0,0,0,0,0,0,0,0,0,0,0,0,0,0,0,0,0,0,0,0,0,0,0,0,0,0,0,0,0,0,0,0,0,0,0,0,0,0,0,0,0,0,0,0,0,0,0,0,0,0,0,0,0,0,0,0,0,0,0,0,0,0,0,0,0,0,0,0,0,0,0,0,0,0,0,0,0,0,0,0,0,0,0,0,0,0,0,0,0,0,0,0,0,0,0,0,0,0,0,0,0,0,0,0,0,0,0,0,0,0,0,0,0,0,0,0,0,0,0,0,0,0,0,0,0,0,0,0,0,0,0,0,0,0,0,0,0,0,0,0,0,0,0,0,0,0,0,0,0,0,0,0,0,0,0,0,0,0,0,0,0,0,0,0,0,0,0,0,0,0,0,0,0
2802,80700.4399768717,63719.5683012396,43973.3610978560,116844.9701856825,50621.7779113540,77503.4785765799,41388.0914766928,31594.5897298777,113117.7995101311,20188.4255513505,78713.7704512961,61717.5523283581,54955.6063904366,12592.0860435219,46329.2982478995,39850.0541396845,87837.6905985960,33064.1907439750,43047.2498708975,58855.7740679619,19997.9920111278,37340.1224938147,11374.0559058479,69211.0160804876,26158.7459123117,99137.2487448384,55236.5280309052,71819.4659515852,24010.8477295979,62514.2747996950,42249.7234500319,59122.8632890370,64866.7213417969,91686.8286182969,70084.1877475567,37484.6584281311,83265.8685286164,4831.3696191458,41728.9328351379,25996.2833763522,36675.0102533681,104047.0338412304,37691.7874940342,18077.6844249080,24622.7228988991,48788.6527074995,85104.5880711616,101102.8494050156,33920.7575497018,68496.2650453854,35185.6743560649,29779.8030916825,45815.6038677993,70204.9856493367,26375.5971400498,13208.2668321264,57881.3357979875,46973.9371040473,59303.0311527743,43428.9670460319,81364.8396931059,36580.8194220140,26022.2852636741,77077.9619120524,56700.6974608714,28116.6524342411,15601.6764348188,55116.1178367907,66165.2768203887,90482.2807374897,50898.2221051004,54650.9571726571,64793.7064083902,12220.5265382727,78495.4619177415,34274.2883943425,57208.6853235312,92927.3877119549,20777.9992008862,72687.1101251785,28706.3198292518,78532.1629058853,33032.4765367867,68606.0889538067,46245.7500981929,97396.6971956097,27635.4230637552,56951.1611166183,34749.1906792132,34393.7657175740,47842.8060586753,46970.6273556813,69524.6558202564,74416.3715004369,40189.6908492082,51193.7088969065,87143.1171535560,53568.2223439957,32899.7882064034,61969.6843180982,29729.5858878634,10270.3981009374,55919.0904400047,24525.8073465186,81617.0375897355,6688.3147859336,37396.4497214682,72483.5008359891,11660.0258643351,20176.6812844058,88658.7397356114,65646.4632188231,104631.1561073813,16804.9032358288,42517.4015114611,79785.8311339049,43093.3552005987,6698.2680224324,61815.3329431652,22550.9606203933,38660.7965236991,1948.6085249070,79238.5527977805,26922.7161818895,46449.2661442692,19164.4403942242,20958.7769319385,35647.7923080843,80324.5234523827,33165.3836695704,52656.0848592024,34007.7992842862,32870.5354806116,53564.1791387645,92413.0598761816,31257.9764016899,60426.7167917777,15882.3336733915,99436.9631092653,48725.8982868683,64336.3358772016,28792.1325634912,20627.3813932135,41129.4683882769,49625.1176239392,45700.1559362723,31228.7090791987,38882.9253072149,10227.1744927193,93784.3297919838,28726.7703517774,43410.1950713274,56215.9994044628,65199.6414443052,62175.9106672663,53021.7106699098,74365.9677951917,51362.6105953960,30759.7099144760,17338.7008696972,34076.1523179108,24765.4618467037,84232.5271947682,40395.8656052863,117079.8873236633,30058.0308603905,41308.8565989437,70567.3017989233,59815.9478224345,72652.3865397291,68777.5273618735,20791.5357879524,46635.1444658871,41313.3867675626,65448.2944352042,57697.1384311652,38983.9862102533,85261.5011300982,66624.3391966429,18143.9659940447,77326.9681601766,28880.2042860878,61235.9312721787,72560.6580520504,63216.6217947245,73307.1933350568,9977.9679155478,86314.9853917811,83437.1764500305,77654.9413121186,73655.3575277378,40056.3041554996,55579.9137093469,13214.8052683965,80737.3776628147,61569.0237395079,8269.0324995967,48278.5518606495,33185.1692236368,23920.4038279030
2803,0,0,0,0,0,0,0,0,0,0,0,0,0,0,0,0,0,0,0,0,0,0,0,0,0,0,0,0,0,0,0,0,0,0,0,0,0,0,0,0,0,0,0,0,0,0,0,0,0,0,0,0,0,0,0,0,0,0,0,0,0,0,0,0,0,0,0,0,0,0,0,0,0,0,0,0,0,0,0,0,0,0,0,0,0,0,0,0,0,0,0,0,0,0,0,0,0,0,0,0,0,0,0,0,0,0,0,0,0,0,0,0,0,0,0,0,0,0,0,0,0,0,0,0,0,0,0,0,0,0,0,0,0,0,0,0,0,0,0,0,0,0,0,0,0,0,0,0,0,0,0,0,0,0,0,0,0,0,0,0,0,0,0,0,0,0,0,0,0,0,0,0,0,0,0,0,0,0,0,0,0,0,0,0,0,0,0,0,0,0,0,0,0,0,0,0,0,0,0,0
2804,0,0,0,0,0,0,0,0,0,0,0,0,0,0,0,0,0,0,0,0,0,0,0,0,0,0,0,0,0,0,0,0,0,0,0,0,0,0,0,0,0,0,0,0,0,0,0,0,0,0,0,0,0,0,0,0,0,0,0,0,0,0,0,0,0,0,0,0,0,0,0,0,0,0,0,0,0,0,0,0,0,0,0,0,0,0,0,0,0,0,0,0,0,0,0,0,0,0,0,0,0,0,0,0,0,0,0,0,0,0,0,0,0,0,0,0,0,0,0,0,0,0,0,0,0,0,0,0,0,0,0,0,0,0,0,0,0,0,0,0,0,0,0,0,0,0,0,0,0,0,0,0,0,0,0,0,0,0,0,0,0,0,0,0,0,0,0,0,0,0,0,0,0,0,0,0,0,0,0,0,0,0,0,0,0,0,0,0,0,0,0,0,0,0,0,0,0,0,0,0
2805,0,0,0,0,0,0,0,0,0,0,0,0,0,0,0,0,0,0,0,0,0,0,0,0,0,0,0,0,0,0,0,0,0,0,0,0,0,0,0,0,0,0,0,0,0,0,0,0,0,0,0,0,0,0,0,0,0,0,0,0,0,0,0,0,0,0,0,0,0,0,0,0,0,0,0,0,0,0,0,0,0,0,0,0,0,0,0,0,0,0,0,0,0,0,0,0,0,0,0,0,0,0,0,0,0,0,0,0,0,0,0,0,0,0,0,0,0,0,0,0,0,0,0,0,0,0,0,0,0,0,0,0,0,0,0,0,0,0,0,0,0,0,0,0,0,0,0,0,0,0,0,0,0,0,0,0,0,0,0,0,0,0,0,0,0,0,0,0,0,0,0,0,0,0,0,0,0,0,0,0,0,0,0,0,0,0,0,0,0,0,0,0,0,0,0,0,0,0,0,0
2806,0,0,0,0,0,0,0,0,0,0,0,0,0,0,0,0,0,0,0,0,0,0,0,0,0,0,0,0,0,0,0,0,0,0,0,0,0,0,0,0,0,0,0,0,0,0,0,0,0,0,0,0,0,0,0,0,0,0,0,0,0,0,0,0,0,0,0,0,0,0,0,0,0,0,0,0,0,0,0,0,0,0,0,0,0,0,0,0,0,0,0,0,0,0,0,0,0,0,0,0,0,0,0,0,0,0,0,0,0,0,0,0,0,0,0,0,0,0,0,0,0,0,0,0,0,0,0,0,0,0,0,0,0,0,0,0,0,0,0,0,0,0,0,0,0,0,0,0,0,0,0,0,0,0,0,0,0,0,0,0,0,0,0,0,0,0,0,0,0,0,0,0,0,0,0,0,0,0,0,0,0,0,0,0,0,0,0,0,0,0,0,0,0,0,0,0,0,0,0,0
2807,0,0,0,0,0,0,0,0,0,0,0,0,0,0,0,0,0,0,0,0,0,0,0,0,0,0,0,0,0,0,0,0,0,0,0,0,0,0,0,0,0,0,0,0,0,0,0,0,0,0,0,0,0,0,0,0,0,0,0,0,0,0,0,0,0,0,0,0,0,0,0,0,0,0,0,0,0,0,0,0,0,0,0,0,0,0,0,0,0,0,0,0,0,0,0,0,0,0,0,0,0,0,0,0,0,0,0,0,0,0,0,0,0,0,0,0,0,0,0,0,0,0,0,0,0,0,0,0,0,0,0,0,0,0,0,0,0,0,0,0,0,0,0,0,0,0,0,0,0,0,0,0,0,0,0,0,0,0,0,0,0,0,0,0,0,0,0,0,0,0,0,0,0,0,0,0,0,0,0,0,0,0,0,0,0,0,0,0,0,0,0,0,0,0,0,0,0,0,0,0
2808,0,0,0,0,0,0,0,0,0,0,0,0,0,0,0,0,0,0,0,0,0,0,0,0,0,0,0,0,0,0,0,0,0,0,0,0,0,0,0,0,0,0,0,0,0,0,0,0,0,0,0,0,0,0,0,0,0,0,0,0,0,0,0,0,0,0,0,0,0,0,0,0,0,0,0,0,0,0,0,0,0,0,0,0,0,0,0,0,0,0,0,0,0,0,0,0,0,0,0,0,0,0,0,0,0,0,0,0,0,0,0,0,0,0,0,0,0,0,0,0,0,0,0,0,0,0,0,0,0,0,0,0,0,0,0,0,0,0,0,0,0,0,0,0,0,0,0,0,0,0,0,0,0,0,0,0,0,0,0,0,0,0,0,0,0,0,0,0,0,0,0,0,0,0,0,0,0,0,0,0,0,0,0,0,0,0,0,0,0,0,0,0,0,0,0,0,0,0,0,0
2809,0,0,0,0,0,0,0,0,0,0,0,0,0,0,0,0,0,0,0,0,0,0,0,0,0,0,0,0,0,0,0,0,0,0,0,0,0,0,0,0,0,0,0,0,0,0,0,0,0,0,0,0,0,0,0,0,0,0,0,0,0,0,0,0,0,0,0,0,0,0,0,0,0,0,0,0,0,0,0,0,0,0,0,0,0,0,0,0,0,0,0,0,0,0,0,0,0,0,0,0,0,0,0,0,0,0,0,0,0,0,0,0,0,0,0,0,0,0,0,0,0,0,0,0,0,0,0,0,0,0,0,0,0,0,0,0,0,0,0,0,0,0,0,0,0,0,0,0,0,0,0,0,0,0,0,0,0,0,0,0,0,0,0,0,0,0,0,0,0,0,0,0,0,0,0,0,0,0,0,0,0,0,0,0,0,0,0,0,0,0,0,0,0,0,0,0,0,0,0,0
2810,0,0,0,0,0,0,0,0,0,0,0,0,0,0,0,0,0,0,0,0,0,0,0,0,0,0,0,0,0,0,0,0,0,0,0,0,0,0,0,0,0,0,0,0,0,0,0,0,0,0,0,0,0,0,0,0,0,0,0,0,0,0,0,0,0,0,0,0,0,0,0,0,0,0,0,0,0,0,0,0,0,0,0,0,0,0,0,0,0,0,0,0,0,0,0,0,0,0,0,0,0,0,0,0,0,0,0,0,0,0,0,0,0,0,0,0,0,0,0,0,0,0,0,0,0,0,0,0,0,0,0,0,0,0,0,0,0,0,0,0,0,0,0,0,0,0,0,0,0,0,0,0,0,0,0,0,0,0,0,0,0,0,0,0,0,0,0,0,0,0,0,0,0,0,0,0,0,0,0,0,0,0,0,0,0,0,0,0,0,0,0,0,0,0,0,0,0,0,0,0
2811,0,0,0,0,0,0,0,0,0,0,0,0,0,0,0,0,0,0,0,0,0,0,0,0,0,0,0,0,0,0,0,0,0,0,0,0,0,0,0,0,0,0,0,0,0,0,0,0,0,0,0,0,0,0,0,0,0,0,0,0,0,0,0,0,0,0,0,0,0,0,0,0,0,0,0,0,0,0,0,0,0,0,0,0,0,0,0,0,0,0,0,0,0,0,0,0,0,0,0,0,0,0,0,0,0,0,0,0,0,0,0,0,0,0,0,0,0,0,0,0,0,0,0,0,0,0,0,0,0,0,0,0,0,0,0,0,0,0,0,0,0,0,0,0,0,0,0,0,0,0,0,0,0,0,0,0,0,0,0,0,0,0,0,0,0,0,0,0,0,0,0,0,0,0,0,0,0,0,0,0,0,0,0,0,0,0,0,0,0,0,0,0,0,0,0,0,0,0,0,0
2812,81405.2451270710,51459.2093469513,72852.3149540756,96777.0417488712,26121.6554143349,96823.2103914128,57391.4459744717,44335.5056956071,103260.1720911486,15603.9293729982,62572.8522344084,35908.7658134058,50043.5910926760,41765.6659011065,69742.8508651392,39672.3231512542,79400.1448856815,25731.3141243711,26304.1648027929,75566.1879759427,37123.1532668674,5347.6548850006,24813.9753468142,47196.1428489508,50933.6729073507,95100.5028470082,39732.7099634524,67477.5507384016,9974.6712101571,84561.3524267765,60054.3182040891,40146.0173104502,67049.9705761025,78334.5898436040,59236.6262608824,64678.9172785171,62533.7250932045,28343.0237221931,43134.6928120383,29420.0796978516,46262.6927055904,91900.4567885791,17811.2372261716,38359.7647215881,30612.3265407685,38191.4392703862,81258.8152740013,93025.7278890712,13414.9090958920,50785.2077679869,27668.1862351352,48859.8495039688,36002.3488909828,85526.2003485978,54551.4938869035,15816.7810904501,36330.9535999220,28786.3947821241,48305.7254315008,15662.3866592405,70351.8609993969,58810.2137897417,2206.3902689556,81534.9118932659,56912.5763337614,47722.2214086333,25377.2176250674,79617.3947063481,84789.8792656442,89143.8093311971,65617.5887317222,31711.3196332137,57975.5645563134,38763.2201167217,70982.7270838938,34055.0024369726,42636.8120480923,87138.7609125786,18949.0920523856,71854.2207442528,18153.2816191217,95556.3336736902,18102.8646477704,54360.3722041515,41761.0650077704,87057.8007278245,38999.8266156719,76547.3569753821,41174.7394762642,59664.9443856354,67709.6943511937,72570.5462534950,90116.1372890524,54264.8032291067,26900.5849368105,34243.7896590472,68279.1411522989,75605.5868148416,37975.3209820788,42960.4172444365,15594.1843197646,36736.7224315867,45955.8210448637,37068.9261742837,67935.3183969499,24879.5819113179,52928.2218998184,75016.4572816781,20257.0458940085,47121.2542345936,77767.1580131025,63634.1231232181,94502.6510395960,30534.1774579796,30866.2178433084,61157.2421593255,18530.4755863163,30878.2711544121,46986.8771482957,22361.4250279646,32696.0519820184,32505.3307736807,74255.5833895903,10710.2015102194,25276.8824243254,10773.1747312538,31482.0786928622,21774.1717561305,78544.7035815335,61413.9167350051,41252.3606109297,33077.1340526737,8080.1543470924,35039.7446692916,88725.3357662830,661.9109804883,56618.1366762231,16458.9445660399,93446.2082925841,34270.3829363545,41176.8796245942,55442.4026057874,44469.8997698843,65901.2725289402,47689.7017033868,24155.6073064476,45221.5206032467,19619.3606109286,33671.4929316181,85641.9582738065,25086.0556337339,65137.4082216205,32423.8560706528,81998.4218317014,82513.8418745691,70717.7220060053,56945.5765747911,30287.6063743881,52717.8822936130,24597.7306659039,21091.0854136206,43039.6636851459,77846.1834976889,38365.7689593633,98169.4122024164,35301.6556888993,23615.3909157287,63113.6628740891,51538.4976792592,91357.8476475186,48764.7950768295,8471.9553909355,60202.6975495672,67562.1148951836,53340.5699558737,80974.8182137574,12914.5871106229,84563.9162067509,61825.5188389786,37686.2634471315,67979.2788911910,45222.6670048145,79505.0114551033,59653.9975594493,41963.9538492909,90362.5349391259,20412.9141361135,73114.4337618894,73948.6938247520,80059.4692913599,58249.4269366818,60088.2848841835,53409.7173750688,33978.7830481852,98895.8230373475,62371.2407701874,20936.0190797506,65646.5729950642,52097.3928469331,42664.3583147650
2813,0,0,0,0,0,0,0,0,0,0,0,0,0,0,0,0,0,0,0,0,0,0,0,0,0,0,0,0,0,0,0,0,0,0,0,0,0,0,0,0,0,0,0,0,0,0,0,0,0,0,0,0,0,0,0,0,0,0,0,0,0,0,0,0,0,0,0,0,0,0,0,0,0,0,0,0,0,0,0,0,0,0,0,0,0,0,0,0,0,0,0,0,0,0,0,0,0,0,0,0,0,0,0,0,0,0,0,0,0,0,0,0,0,0,0,0,0,0,0,0,0,0,0,0,0,0,0,0,0,0,0,0,0,0,0,0,0,0,0,0,0,0,0,0,0,0,0,0,0,0,0,0,0,0,0,0,0,0,0,0,0,0,0,0,0,0,0,0,0,0,0,0,0,0,0,0,0,0,0,0,0,0,0,0,0,0,0,0,0,0,0,0,0,0,0,0,0,0,0,0
2814,0,0,0,0,0,0,0,0,0,0,0,0,0,0,0,0,0,0,0,0,0,0,0,0,0,0,0,0,0,0,0,0,0,0,0,0,0,0,0,0,0,0,0,0,0,0,0,0,0,0,0,0,0,0,0,0,0,0,0,0,0,0,0,0,0,0,0,0,0,0,0,0,0,0,0,0,0,0,0,0,0,0,0,0,0,0,0,0,0,0,0,0,0,0,0,0,0,0,0,0,0,0,0,0,0,0,0,0,0,0,0,0,0,0,0,0,0,0,0,0,0,0,0,0,0,0,0,0,0,0,0,0,0,0,0,0,0,0,0,0,0,0,0,0,0,0,0,0,0,0,0,0,0,0,0,0,0,0,0,0,0,0,0,0,0,0,0,0,0,0,0,0,0,0,0,0,0,0,0,0,0,0,0,0,0,0,0,0,0,0,0,0,0,0,0,0,0,0,0,0
2815,0,0,0,0,0,0,0,0,0,0,0,0,0,0,0,0,0,0,0,0,0,0,0,0,0,0,0,0,0,0,0,0,0,0,0,0,0,0,0,0,0,0,0,0,0,0,0,0,0,0,0,0,0,0,0,0,0,0,0,0,0,0,0,0,0,0,0,0,0,0,0,0,0,0,0,0,0,0,0,0,0,0,0,0,0,0,0,0,0,0,0,0,0,0,0,0,0,0,0,0,0,0,0,0,0,0,0,0,0,0,0,0,0,0,0,0,0,0,0,0,0,0,0,0,0,0,0,0,0.0000000000,0,0,0,0,0,0,0,0,0,0,0,0,0,0,0,0,0,0,0,0,0,0,0,0,0,0,0,0,0,0,0,0,0,0,0,0,0,0,0,0,0,0,0,0,0,0,0,0,0,0,0,0,0,0,0,0,0,0,0,0,0,0,0,0,0,0,0,0,0,0,0
2816,0,0,0,0,0,0,0,0,0,0,0,0,0,0,0,0,0,0,0,0,0,0,0,0,0,0,0,0,0,0,0,0,0,0,0,0,0,0,0,0,0,0,0,0,0,0,0,0,0,0,0,0,0,0,0,0,0,0,0,0,0,0,0,0,0,0,0,0,0,0,0,0,0,0,0,0,0,0,0,0,0,0,0,0,0,0,0,0,0,0,0,0,0,0,0,0,0,0,0,0,0,0,0,0,0,0,0,0,0,0,0,0,0,0,0,0,0,0,0,0,0,0,0,0,0,0,0,0,0,0,0,0,0,0,0,0,0,0,0,0,0,0,0,0,0,0,0,0,0,0,0,0,0,0,0,0,0,0,0,0,0,0,0,0,0,0,0,0,0,0,0,0,0,0,0,0,0,0,0,0,0,0,0,0,0,0,0,0,0,0,0,0,0,0,0,0,0,0,0,0
2817,0,0,0,0,0,0,0,0,0,0,0,0,0,0,0,0,0,0,0,0,0,0,0,0,0,0,0,0,0,0,0,0,0,0,0,0,0,0,0,0,0,0,0,0,0,0,0,0,0,0,0,0,0,0,0,0,0,0,0,0,0,0,0,0,0,0,0,0,0,0,0,0,0,0,0,0,0,0,0,0,0,0,0,0,0,0,0,0,0,0,0,0,0,0,0,0,0,0,0,0,0,0,0,0,0,0,0,0,0,0,0,0,0,0,0,0,0,0,0,0,0,0,0,0,0,0,0,0,0,0,0,0,0,0,0,0,0,0,0,0,0,0,0,0,0,0,0,0,0,0,0,0,0,0,0,0,0,0,0,0,0,0,0,0,0,0,0,0,0,0,0,0,0,0,0,0,0,0,0,0,0,0,0,0,0,0,0,0,0,0,0,0,0,0,0,0,0,0,0,0
2818,0,0,0,0,0,0,0,0,0,0,0,0,0,0,0,0,0,0,0,0,0,0,0,0,0,0,0,0,0,0,0,0,0,0,0,0,0,0,0,0,0,0,0,0,0,0,0,0,0,0,0,0,0,0,0,0,0,0,0,0,0,0,0,0,0,0,0,0,0,0,0,0,0,0,0,0,0,0,0,0,0,0,0,0,0,0,0,0,0,0,0,0,0,0,0,0,0,0,0,0,0,0,0,0,0,0,0,0,0,0,0,0,0,0,0,0,0,0,0,0,0,0,0,0,0,0,0,0,0,0,0,0,0,0,0,0,0,0,0,0,0,0,0,0,0,0,0,0,0,0,0,0,0,0,0,0,0,0,0,0,0,0,0,0,0,0,0,0,0,0,0,0,0,0,0,0,0,0,0,0,0,0,0,0,0,0,0,0,0,0,0,0,0,0,0,0,0,0,0,0
2819,0,0,0,0,0,0,0,0,0,0,0,0,0,0,0,0,0,0,0,0,0,0,0,0,0,0,0,0,0,0,0,0,0,0,0,0,0,0,0,0,0,0,0,0,0,0,0,0,0,0,0,0,0,0,0,0,0,0,0,0,0,0,0,0,0,0,0,0,0,0,0,0,0,0,0,0,0,0,0,0,0,0,0,0,0,0,0,0,0,0,0,0,0,0,0,0,0,0,0,0,0,0,0,0,0,0,0,0,0,0,0,0,0,0,0,0,0,0,0,0,0,0,0,0,0,0,0,0,0,0,0,0,0,0,0,0,0,0,0,0,0,0,0,0,0,0,0,0,0,0,0,0,0,0,0,0,0,0,0,0,0,0,0,0,0,0,0,0,0,0,0,0,0,0,0,0,0,0,0,0,0,0,0,0,0,0,0,0,0,0,0,0,0,0,0,0,0,0,0,0
2820,0,0,0,0,0,0,0,0,0,0,0,0,0,0,0,0,0,0,0,0,0,0,0,0,0,0,0,0,0,0,0,0,0,0,0,0,0,0,0,0,0,0,0,0,0,0,0,0,0,0,0,0,0,0,0,0,0,0,0,0,0,0,0,0,0,0,0,0,0,0,0,0,0,0,0,0,0,0,0,0,0,0,0,0,0,0,0,0,0,0,0,0,0,0,0,0,0,0,0,0,0,0,0,0,0,0,0,0,0,0,0,0,0,0,0,0,0,0,0,0,0,0,0,0,0,0,0,0,0,0,0,0,0,0,0,0,0,0,0,0,0,0,0,0,0,0,0,0,0,0,0,0,0,0,0,0,0,0,0,0,0,0,0,0,0,0,0,0,0,0,0,0,0,0,0,0,0,0,0,0,0,0,0,0,0,0,0,0,0,0,0,0,0,0,0,0,0,0,0,0
2821,0,0,0,0,0,0,0,0,0,0,0,0,0,0,0,0,0,0,0,0,0,0,0,0,0,0,0,0,0,0,0,0,0,0,0,0,0,0,0,0,0,0,0,0,0,0,0,0,0,0,0,0,0,0,0,0,0,0,0,0,0,0,0,0,0,0,0,0,0,0,0,0,0,0,0,0,0,0,0,0,0,0,0,0,0,0,0,0,0,0,0,0,0,0,0,0,0,0,0,0,0,0,0,0,0,0,0,0,0,0,0,0,0,0,0,0,0,0,0,0,0,0,0,0,0,0,0,0,0,0,0,0,0,0,0,0,0,0,0,0,0,0,0,0,0,0,0,0,0,0,0,0,0,0,0,0,0,0,0,0,0,0,0,0,0,0,0,0,0,0,0,0,0,0,0,0,0,0,0,0,0,0,0,0,0,0,0,0,0,0,0,0,0,0,0,0,0,0,0,0
2822,0,0,0,0,0,0,0,0,0,0,0,0,0,0,0,0,0,0,0,0,0,0,0,0,0,0,0,0,0,0,0,0,0,0,0,0,0,0,0,0,0,0,0,0,0,0,0,0,0,0,0,0,0,0,0,0,0,0,0,0,0,0,0,0,0,0,0,0,0,0,0,0,0,0,0,0,0,0,0,0,0,0,0,0,0,0,0,0,0,0,0,0,0,0,0,0,0,0,0,0,0,0,0,0,0,0,0,0,0,0,0,0,0,0,0,0,0,0,0,0,0,0,0,0,0,0,0,0,0,0,0,0,0,0,0,0,0,0,0,0,0,0,0,0,0,0,0,0,0,0,0,0,0,0,0,0,0,0,0,0,0,0,0,0,0,0,0,0,0,0,0,0,0,0,0,0,0,0,0,0,0,0,0,0,0,0,0,0,0,0,0,0,0,0,0,0,0,0,0,0
2823,0,0,0,0,0,0,0,0,0,0,0,0,0,0,0,0,0,0,0,0,0,0,0,0,0,0,0,0,0,0,0,0,0,0,0,0,0,0,0,0,0,0,0,0,0,0,0,0,0,0,0,0,0,0,0,0,0,0,0,0,0,0,0,0,0,0,0,0,0,0,0,0,0,0,0,0,0,0,0,0,0,0,0,0,0,0,0,0,0,0,0,0,0,0,0,0,0,0,0,0,0,0,0,0,0,0,0,0,0,0,0,0,0,0,0,0,0,0,0,0,0,0,0,0,0,0,0,0,0,0,0,0,0,0,0,0,0,0,0,0,0,0,0,0,0,0,0,0,0,0,0,0,0,0,0,0,0,0,0,0,0,0,0,0,0,0,0,0,0,0,0,0,0,0,0,0,0,0,0,0,0,0,0,0,0,0,0,0,0,0,0,0,0,0,0,0,0,0,0,0
2824,0,0,0,0,0,0,0,0,0,0,0,0,0,0,0,0,0,0,0,0,0,0,0,0,0,0,0,0,0,0,0,0,0,0,0,0,0,0,0,0,0,0,0,0,0,0,0,0,0,0,0,0,0,0,0,0,0,0,0,0,0,0,0,0,0,0,0,0,0,0,0,0,0,0,0,0,0,0,0,0,0,0,0,0,0,0,0,0,0,0,0,0,0,0,0,0,0,0,0,0,0,0,0,0,0,0,0,0,0,0,0,0,0,0,0,0,0,0,0,0,0,0,0,0,0,0,0,0,0,0,0,0,0,0,0,0,0,0,0,0,0,0,0,0,0,0,0,0,0,0,0,0,0,0,0,0,0,0,0,0,0,0,0,0,0,0,0,0,0,0,0,0,0,0,0,0,0,0,0,0,0,0,0,0,0,0,0,0,0,0,0,0,0,0,0,0,0,0,0,0
2825,0,0,0,0,0,0,0,0,0,0,0,0,0,0,0,0,0,0,0,0,0,0,0,0,0,0,0,0,0,0,0,0,0,0,0,0,0,0,0,0,0,0,0,0,0,0,0,0,0,0,0,0,0,0,0,0,0,0,0,0,0,0,0,0,0,0,0,0,0,0,0,0,0,0,0,0,0,0,0,0,0,0,0,0,0,0,0,0,0,0,0,0,0,0,0,0,0,0,0,0,0,0,0,0,0,0,0,0,0,0,0,0,0,0,0,0,0,0,0,0,0,0,0,0,0,0,0,0,0,0,0,0,0,0,0,0,0,0,0,0,0,0,0,0,0,0,0,0,0,0,0,0,0,0,0,0,0,0,0,0,0,0,0,0,0,0,0,0,0,0,0,0,0,0,0,0,0,0,0,0,0,0,0,0,0,0,0,0,0,0,0,0,0,0,0,0,0,0,0,0
2826,0,0,0,0,0,0,0,0,0,0,0,0,0,0,0,0,0,0,0,0,0,0,0,0,0,0,0,0,0,0.0000000000,0,0,0,0,0,0,0,0,0,0,0,0,0,0,0,0,0,0,0,0,0,0,0,0,0,0,0,0,0,0,0,0,0,0,0,0,0,0,0,0,0,0,0,0,0,0,0,0,0,0,0,0,0,0,0,0,0,0,0,0,0,0,0,0,0,0,0,0,0,0,0,0,0,0,0,0,0,0,0,0,0,0,0,0,0,0,0,0,0,0,0,0,0,0,0,0,0,0,0,0,0,0,0,0,0,0,0,0,0,0,0,0,0,0,0,0,0,0,0,0,0,0,0,0,0,0,0,0,0,0,0,0,0,0,0,0,0,0,0,0,0,0,0,0,0,0,0,0,0,0,0,0,0,0,0,0,0,0,0,0,0,0,0,0,0,0,0,0,0,0
2827,0,0,0,0,0,0,0,0,0,0,0,0,0,0,0,0,0,0,0,0,0,0,0,0,0,0,0,0,0,0,0,0,0,0,0,0,0,0,0,0,0,0,0,0,0,0,0,0,0,0,0,0,0,0,0,0,0,0,0,0,0,0,0,0,0,0,0,0,0,0,0,0,0,0,0,0,0,0,0,0,0,0,0,0,0,0,0,0,0,0,0,0,0,0,0,0,0,0,0,0,0,0,0,0,0,0,0,0,0,0,0,0,0,0,0,0,0,0,0,0,0,0,0,0,0,0,0,0,0,0,0,0,0,0,0,0,0,0,0,0,0,0,0,0,0,0,0,0,0,0,0,0,0,0,0,0,0,0,0,0,0,0,0,0,0,0,0,0,0,0,0,0,0,0,0,0,0,0,0,0,0,0,0,0,0,0,0,0,0,0,0,0,0,0,0,0,0,0,0,0
2828,0,0,0,0,0,0,0,0,0,0,0,0,0,0,0,0,0,0,0,0,0,0,0,0,0,0,0,0,0,0,0,0,0,0,0,0,0,0,0,0,0,0,0,0,0,0,0,0,0,0,0,0,0,0,0,0,0,0,0,0,0,0,0,0,0,0,0,0,0,0,0,0,0,0,0,0,0,0,0,0,0,0,0,0,0,0,0,0,0,0,0,0,0,0,0,0,0,0,0,0,0,0,0,0,0,0,0,0,0,0,0,0,0,0,0,0,0,0,0,0,0,0,0,0,0,0,0,0,0,0,0,0,0,0,0,0,0,0,0,0,0,0,0,0,0,0,0,0,0,0,0,0,0,0,0,0,0,0,0,0,0,0,0,0,0,0,0,0,0,0,0,0,0,0,0,0,0,0,0,0,0,0,0,0,0,0,0,0,0,0,0,0,0,0,0,0,0,0,0,0
2829,0,0,0,0,0,0,0,0,0,0,0,0,0,0,0,0,0,0,0,0,0,0,0,0,0,0,0,0,0,0,0,0,0,0,0,0,0,0,0,0,0,0,0,0,0,0,0,0,0,0,0,0,0,0,0,0,0,0,0,0,0,0,0,0,0,0,0,0,0,0,0,0,0,0,0,0,0,0,0,0,0,0,0,0,0,0,0,0,0,0,0,0,0,0,0,0,0,0,0,0,0,0,0,0,0,0,0,0,0,0,0,0,0,0,0,0,0,0,0,0,0,0,0,0,0,0,0,0,0,0,0,0,0,0,0,0,0,0,0,0,0,0,0,0,0,0,0,0,0,0,0,0,0,0,0,0,0,0,0,0,0,0,0,0,0,0,0,0,0,0,0,0,0,0,0,0,0,0,0,0,0,0,0,0,0,0,0,0,0,0,0,0,0,0,0,0,0,0,0,0
2830,0,0,0,0,0,0,0,0,0,0,0,0,0,0,0,0,0,0,0,0,0,0,0,0,0,0,0,0,0,0,0,0,0,0,0,0,0,0,0,0,0,0,0,0,0,0,0,0,0,0,0,0,0,0,0,0,0,0,0,0,0,0,0,0,0,0,0,0,0,0,0,0,0,0,0,0,0,0,0,0,0,0,0,0,0,0,0,0,0,0,0,0,0,0,0,0,0,0,0,0,0,0,0,0,0,0,0,0,0,0,0,0,0,0,0,0,0,0,0,0,0,0,0,0,0,0,0,0,0,0,0,0,0,0,0,0,0,0,0,0,0,0,0,0,0,0,0,0,0,0,0,0,0,0,0,0,0,0,0,0,0,0,0,0,0,0,0,0,0,0,0,0,0,0,0,0,0,0,0,0,0,0,0,0,0,0,0,0,0,0,0,0,0,0,0,0,0,0,0,0
2831,0,0,0,0,0,0,0,0,0,0,0,0,0,0,0,0,0,0,0,0,0,0,0,0,0,0,0,0,0,0,0,0,0,0,0,0,0,0,0,0,0,0,0,0,0,0,0,0,0,0,0,0,0,0,0,0,0,0,0,0,0,0,0,0,0,0,0,0,0,0,0,0,0,0,0,0,0,0,0,0,0,0,0,0,0,0,0,0,0,0,0,0,0,0,0,0,0,0,0,0,0,0,0,0,0,0,0,0,0,0,0,0,0,0,0,0,0,0,0,0,0,0,0,0,0,0,0,0,0,0,0,0,0,0,0,0,0,0,0,0,0,0,0,0,0,0,0,0,0,0,0,0,0,0,0,0,0,0,0,0,0,0,0,0,0,0,0,0,0,0,0,0,0,0,0,0,0,0,0,0,0,0,0,0,0,0,0,0,0,0,0,0,0,0,0,0,0,0,0,0
2832,0,0,0,0,0,0,0,0,0,0,0,0,0,0,0,0,0,0,0,0,0,0,0,0,0,0,0,0,0,0,0,0,0,0,0,0,0,0,0,0,0,0,0,0,0,0,0,0,0,0,0,0,0,0,0,0,0,0,0,0,0,0,0,0,0,0,0,0,0,0,0,0,0,0,0,0,0,0,0,0,0,0,0,0,0,0,0,0,0,0,0,0,0,0,0,0,0,0,0,0,0,0,0,0,0,0,0,0,0,0,0,0,0,0,0,0,0,0,0,0,0,0,0,0,0,0,0,0,0,0,0,0,0,0,0,0,0,0,0,0,0,0,0,0,0,0,0,0,0,0,0,0,0,0,0,0,0,0,0,0,0,0,0,0,0,0,0,0,0,0,0,0,0,0,0,0,0,0,0,0,0,0,0,0,0,0,0,0,0,0,0,0,0,0,0,0,0,0,0,0
2833,0,0,0,0,0,0,0,0,0,0,0,0,0,0,0,0,0,0,0,0,0,0,0,0,0,0,0,0,0,0,0,0,0,0,0,0,0,0,0,0,0,0,0,0,0,0,0,0,0,0,0,0,0,0,0,0,0,0,0,0,0,0,0,0,0,0,0,0,0,0,0,0,0,0,0,0,0,0,0,0,0,0,0,0,0,0,0,0,0,0,0,0,0,0,0,0,0,0,0,0,0,0,0,0,0,0,0,0,0,0,0,0,0,0,0,0,0,0,0,0,0,0,0,0,0,0,0,0,0,0,0,0,0,0,0,0,0,0,0,0,0,0,0,0,0,0,0,0,0,0,0,0,0,0,0,0,0,0,0,0,0,0,0,0,0,0,0,0,0,0,0,0,0,0,0,0,0,0,0,0,0,0,0,0,0,0,0,0,0,0,0,0,0,0,0,0,0,0,0,0
2834,0,0,0,0,0,0,0,0,0,0,0,0,0,0,0,0,0,0,0,0,0,0,0,0,0,0,0,0,0,0,0,0,0,0,0,0,0,0,0,0,0,0,0,0,0,0,0,0,0,0,0,0,0,0,0,0,0,0,0,0,0,0,0,0,0,0,0,0,0,0,0,0,0,0,0,0,0,0,0,0,0,0,0,0,0,0,0,0,0,0,0,0,0,0,0,0,0,0,0,0,0,0,0,0,0,0,0,0,0,0,0,0,0,0,0,0,0,0,0,0,0,0,0,0,0,0,0,0,0,0,0,0,0,0,0,0,0,0,0,0,0,0,0,0,0,0,0,0,0,0,0,0,0,0,0,0,0,0,0,0,0,0,0,0,0,0,0,0,0,0,0,0,0,0,0,0,0,0,0,0,0,0,0,0,0,0,0,0,0,0,0,0,0,0,0,0,0,0,0,0
2835,0,0,0,0,0,0,0,0,0,0,0,0,0,0,0,0,0,0,0,0,0,0,0,0,0,0,0,0,0,0,0,0,0,0,0,0,0,0,0,0,0,0,0,0,0,0,0,0,0,0,0,0,0,0,0,0,0,0,0,0,0,0,0,0,0,0,0,0,0,0,0,0,0,0,0,0,0,0,0,0,0,0,0,0,0,0,0,0,0,0,0,0,0,0,0,0,0,0,0,0,0,0,0,0,0,0,0,0,0,0,0,0,0,0,0,0,0,0,0,0,0,0,0,0,0,0,0,0,0,0,0,0,0,0,0,0,0,0,0,0,0,0,0,0,0,0,0,0,0,0,0,0,0,0,0,0,0,0,0,0,0,0,0,0,0,0,0,0,0,0,0,0,0,0,0,0,0,0,0,0,0,0,0,0,0,0,0,0,0,0,0,0,0,0,0,0,0,0,0,0
2836,0,0,0,0,0,0,0,0,0,0,0,0,0,0,0,0,0,0,0,0,0,0,0,0,0,0,0,0,0,0,0,0,0,0,0,0,0,0,0,0,0,0,0,0,0,0,0,0,0,0,0,0,0,0,0,0,0,0,0,0,0,0,0,0,0,0,0,0,0,0,0,0,0,0,0,0,0,0,0,0,0,0,0,0,0,0,0,0,0,0,0,0,0,0,0,0,0,0,0,0,0,0,0,0,0,0,0,0,0,0,0,0,0,0,0,0,0,0,0,0,0,0,0,0,0,0,0,0,0,0,0,0,0,0,0,0,0,0,0,0,0,0,0,0,0,0,0,0,0,0,0,0,0,0,0,0,0,0,0,0,0,0,0,0,0,0,0,0,0,0,0,0,0,0,0,0,0,0,0,0,0,0,0,0,0,0,0,0,0,0,0,0,0,0,0,0,0,0,0,0
2837,0,0,0,0,0,0,0,0,0,0,0,0,0,0,0,0,0,0,0,0,0,0,0,0,0,0,0,0,0,0,0,0,0,0,0,0,0,0,0,0,0,0,0,0,0,0,0,0,0,0,0,0,0,0,0,0,0,0,0,0,0,0,0,0,0,0,0,0,0,0,0,0,0,0,0,0,0,0,0,0,0,0,0,0,0,0,0,0,0,0,0,0,0,0,0,0,0,0,0,0,0,0,0,0,0,0,0,0,0,0,0,0,0,0,0,0,0,0,0,0,0,0,0,0,0,0,0,0,0,0,0,0,0,0,0,0,0,0,0,0,0,0,0,0,0,0,0,0,0,0,0,0,0,0,0,0,0,0,0,0,0,0,0,0,0,0,0,0,0,0,0,0,0,0,0,0,0,0,0,0,0,0,0,0,0,0,0,0,0,0,0,0,0,0,0,0,0,0,0,0
2838,0,0,0,0,0,0,0,0,0,0,0,0,0,0,0,0,0,0,0,0,0,0,0,0,0,0,0,0,0,0,0,0,0,0,0,0,0,0,0,0,0,0,0,0,0,0,0,0,0,0,0,0,0,0,0,0,0,0,0,0,0,0,0,0,0,0,0,0,0,0,0,0,0,0,0,0,0,0,0,0,0,0,0,0,0,0,0,0,0,0,0,0,0,0,0,0,0,0,0,0,0,0,0,0,0,0,0,0,0,0,0,0,0,0,0,0,0,0,0,0,0,0,0,0,0,0,0,0,0,0,0,0,0,0,0,0,0,0,0,0,0,0,0,0,0,0,0,0,0,0,0,0,0,0,0,0,0,0,0,0,0,0,0,0,0,0,0,0,0,0,0,0,0,0,0,0,0,0,0,0,0,0,0,0,0,0,0,0,0,0,0,0,0,0,0,0,0,0,0,0
2839,0,0,0,0,0,0,0,0,0,0,0,0,0,0,0,0,0,0,0,0,0,0,0,0,0,0,0,0,0,0,0,0,0,0,0,0,0,0,0,0,0,0,0,0,0,0,0,0,0,0,0,0,0,0,0,0,0,0,0,0,0,0,0,0,0,0,0,0,0,0,0,0,0,0,0,0,0,0,0,0,0,0,0,0,0,0,0,0,0,0,0,0,0,0,0,0,0,0,0,0,0,0,0,0,0,0,0,0,0,0,0,0,0,0,0,0,0,0,0,0,0,0,0,0,0,0,0,0,0,0,0,0,0,0,0,0,0,0,0,0,0,0,0,0,0,0,0,0,0,0,0,0,0,0,0,0,0,0,0,0,0,0,0,0,0,0,0,0,0,0,0,0,0,0,0,0,0,0,0,0,0,0,0,0,0,0,0,0,0,0,0,0,0,0,0,0,0,0,0,0
2840,0,0,0,0,0,0,0,0,0,0,0,0,0,0,0,0,0,0,0,0,0,0,0,0,0,0,0,0,0,0,0,0,0,0,0,0,0,0,0,0,0,0,0,0,0,0,0,0,0,0,0,0,0,0,0,0,0,0,0,0,0,0,0,0,0,0,0,0,0,0,0,0,0,0,0,0,0,0,0,0,0,0,0,0,0,0,0,0,0,0,0,0,0,0,0,0,0,0,0,0,0,0,0,0,0,0,0,0,0,0,0,0,0,0,0,0,0,0,0,0,0,0,0,0,0,0,0,0,0,0,0,0,0,0,0,0,0,0,0,0,0,0,0,0,0,0,0,0,0,0,0,0,0,0,0,0,0,0,0,0,0,0,0,0,0,0,0,0,0,0,0,0,0,0,0,0,0,0,0,0,0,0,0,0,0,0,0,0,0,0,0,0,0,0,0,0,0,0,0,0
2841,100828.5967068909,32107.2277920651,78301.6225378124,111922.0905912782,41776.5159702332,111761.5877894225,47746.1952245486,60637.7277044172,122051.9700843598,16134.6466698015,80323.2239696846,27351.8962616157,69573.8051523295,47466.1011790792,82088.7726921595,23686.2495092553,98596.3666989173,45058.1895836705,8176.1596279449,91406.9518645153,33011.4251888726,18695.0179153298,38025.8324134567,62771.3512825117,62086.1982908356,114592.0074909350,58415.0161631522,87009.0050332408,28347.3456891578,97915.0529443721,75144.1388489675,23166.4173777408,86251.7129708906,96602.2488146762,78320.0010000822,73708.5417058562,78188.9864714810,32714.0170707108,62027.3052750225,19819.4361075611,34454.0396096760,110298.2932815635,36806.8792738123,51374.6333105284,47754.9975604326,18701.3922997265,100780.9983994568,112173.9071038933,8178.7624183725,68354.0810548810,10939.1346943154,42778.3543463040,55510.5858440335,102020.8715410662,62314.0925820491,26569.3379146734,52933.3759532453,47340.6532796271,67544.7305041410,29514.3217657186,89251.2898558414,71724.1902835587,17539.4451124390,100582.5670395826,76210.5307290594,61613.3929165248,23778.9553042270,91246.1356787645,99943.0570389492,108671.2640153205,82006.1646092936,18807.3400432584,77460.9645300063,48348.4675909889,90339.9211932641,52844.5488075158,23594.8035909815,106551.7888362610,36217.6985828733,91328.4008450053,7966.4941520338,111506.0417266052,28069.6347131793,72878.7905139273,61228.7862990521,105893.0309268681,30311.0907966902,91143.4731378885,59027.7377667438,70559.0640736483,82038.7018234437,83247.9664559337,104348.3235987991,70584.6179663403,46359.4825113115,15825.5584376707,84752.0540943266,88881.1366778087,25541.4866559989,60369.3360879885,35045.8991054942,40215.5657365118,26426.1761421339,52924.1398272042,86294.7303354630,34142.0549645166,68676.8721455836,94246.8102142061,24647.2282446405,56478.9091804591,96596.9072377944,83129.1684536037,113310.9800210136,45166.8297686565,11485.0390264603,77965.2304781464,35351.0750189179,41456.5381650454,65574.5081822201,16165.6303342144,52117.6933616885,39330.8055885319,93757.1104412047,11062.1656850338,9334.7426910237,19819.3656868724,25674.2025137693,5719.3715475310,98068.7922225436,68915.8764452773,60572.5638090874,18518.1138661598,13198.5977187885,53085.7933786428,108240.5991046549,21466.6711970338,76144.2524168849,31301.8450920396,112818.5708438680,53367.9338766106,56348.2153200169,65097.9261327280,56042.8390278247,77237.2154979046,67061.2638660983,41901.1108753367,36452.9742551223,2475.2620273751,34733.1143808101,104829.8398548363,13119.3256873082,78451.6594949904,47890.9203810977,97894.0349538305,96808.5194282056,86079.5474481252,74402.1598745090,47643.0788450968,65634.1972739596,40280.2952243940,40625.2083118088,37755.6407796949,97255.6631144721,57568.8498469358,113946.4658778726,53069.4004038063,42636.1007436780,82529.8072556528,70986.6972910234,106540.7028393243,65413.2326217767,23438.7627707905,76843.7987376010,77619.3212424813,72323.4536643412,93508.3831664468,29775.3596208950,104067.5615239034,81357.8316377261,45186.6581913898,87162.4338622011,60329.8169561450,94753.7871595184,78357.5942442208,58333.6805034791,106250.0943354729,32076.5951794778,91504.4653298203,93051.8691903928,99336.4605216996,76350.5156728041,74181.8515603528,72855.5144182186,46318.4871647279,114391.5883553270,81669.6056821514,28783.3134631997,81046.3710845073,66471.6781189281,56662.5420012272
2842,0,0,0,0,0,0,0,0,0,0,0,0,0,0,0,0,0,0,0,0,0,0,0,0,0,0,0,0,0,0,0,0,0,0,0,0,0,0,0,0,0,0,0,0,0,0,0,0,0,0,0,0,0,0,0,0,0,0,0,0,0,0,0,0,0,0,0,0,0,0,0,0,0,0,0,0,0,0,0,0,0,0,0,0,0,0,0,0,0,0,0,0,0,0,0,0,0,0,0,0,0,0,0,0,0,0,0,0,0,0,0,0,0,0,0,0,0,0,0,0,0,0,0,0,0,0,0,0,0,0,0,0,0,0,0,0,0,0,0,0,0,0,0,0,0,0,0,0,0,0,0,0,0,0,0,0,0,0,0,0,0,0,0,0,0,0,0,0,0,0,0,0,0,0,0,0,0,0,0,0,0,0,0,0,0,0,0,0,0,0,0,0,0,0,0,0,0,0,0,0
2843,0,0,0,0,0,0,0,0,0,0,0,0,0,0,0,0,0,0,0,0,0,0,0,0,0,0,0,0,0,0,0,0,0,0,0,0,0,0,0,0,0,0,0,0,0,0,0,0,0,0,0,0,0,0,0,0,0,0,0,0,0,0,0,0,0,0,0,0,0,0,0,0,0,0,0,0,0,0,0,0,0,0,0,0,0,0,0,0,0,0,0,0,0,0,0,0,0,0,0,0,0,0,0,0,0,0,0,0,0,0,0,0,0,0,0,0,0,0,0,0,0,0,0,0,0,0,0,0,0,0,0,0,0,0,0,0,0,0,0,0,0,0,0,0,0,0,0,0,0,0,0,0,0,0,0,0,0,0,0,0,0,0,0,0,0,0,0,0,0,0,0,0,0,0,0,0,0,0,0,0,0,0,0,0,0,0,0,0,0,0,0,0,0,0,0,0,0,0,0,0
2844,0,0,0,0,0,0,0,0,0,0,0,0,0,0,0,0,0,0,0,0,0,0,0,0,0,0,0,0,0,0,0,0,0,0,0,0,0,0,0,0,0,0,0,0,0,0,0,0,0,0,0,0,0,0,0,0,0,0,0,0,0,0,0,0,0,0,0,0,0,0,0,0,0,0,0,0,0,0,0,0,0,0,0,0,0,0,0,0,0,0,0,0,0,0,0,0,0,0,0,0,0,0,0,0,0,0,0,0,0,0,0,0,0,0,0,0,0,0,0,0,0,0,0,0,0,0,0,0,0,0,0,0,0,0,0,0,0,0,0,0,0,0,0,0,0,0,0,0,0,0,0,0,0,0,0,0,0,0,0,0,0,0,0,0,0,0,0,0,0,0,0,0,0,0,0,0,0,0,0,0,0,0,0,0,0,0,0,0,0,0,0,0,0,0,0,0,0,0,0,0
2845,0,0,0,0,0,0,0,0,0,0,0,0,0,0,0,0,0,0,0,0,0,0,0,0,0,0,0,0,0,0,0,0,0,0,0,0,0,0,0,0,0,0,0,0,0,0,0,0,0,0,0,0,0,0,0,0,0,0,0,0,0,0,0,0,0,0,0,0,0,0,0,0,0,0,0,0,0,0,0,0,0,0,0,0,0,0,0,0,0,0,0,0,0,0,0,0,0,0,0,0,0,0,0,0,0,0,0,0,0,0,0,0,0,0,0,0,0,0,0,0,0,0,0,0,0,0,0,0,0,0,0,0,0,0,0,0,0,0,0,0,0,0,0,0,0,0,0,0,0,0,0,0,0,0,0,0,0,0,0,0,0,0,0,0,0,0,0,0,0,0,0,0,0,0,0,0,0,0,0,0.0000000000,0,0,0,0,0,0,0,0,0,0,0,0,0,0,0,0,0,0,0,0
2846,0,0,0,0,0,0,0,0,0,0,0,0,0,0,0,0,0,0,0,0,0,0,0,0,0,0,0,0,0,0,0,0,0,0,0,0,0,0,0,0,0,0,0,0,0,0,0,0,0,0,0,0,0,0,0,0,0,0,0,0,0,0,0,0,0,0,0,0,0,0,0,0,0,0,0,0,0,0,0,0,0,0,0,0,0,0,0,0,0,0,0,0,0,0,0,0,0,0,0,0,0,0,0,0,0,0,0,0,0,0,0,0,0,0,0,0,0,0,0,0,0,0,0,0,0,0,0,0,0,0,0,0,0,0,0,0,0,0,0,0,0,0,0,0,0,0,0,0,0,0,0,0,0,0,0,0,0,0,0,0,0,0,0,0,0,0,0,0,0,0,0,0,0,0,0,0,0,0,0,0,0,0,0,0,0,0,0,0,0,0,0,0,0,0,0,0,0,0,0,0
2847,0,0,0,0,0,0,0,0,0,0,0,0,0,0,0,0,0,0,0,0,0,0,0,0,0,0,0,0,0,0,0,0,0,0,0,0,0,0,0,0,0,0,0,0,0,0,0,0,0,0,0,0,0,0,0,0,0,0,0,0,0,0,0,0,0,0,0,0,0,0,0,0,0,0,0,0,0,0,0,0,0,0,0,0,0,0,0,0,0,0,0,0,0,0,0,0,0,0,0,0,0,0,0,0,0,0,0,0,0,0,0,0,0,0,0,0,0,0,0,0,0,0,0,0,0,0,0,0,0,0,0,0,0,0,0,0,0,0,0,0,0,0,0,0,0,0,0,0,0,0,0,0,0,0,0,0,0,0,0,0,0,0,0,0,0,0,0,0,0,0,0,0,0,0,0,0,0,0,0,0,0,0,0,0,0,0,0,0,0,0,0,0,0,0,0,0,0,0,0,0
2848,0,0,0,0,0,0,0,0,0,0,0,0,0,0,0,0,0,0,0,0,0,0,0,0,0,0,0,0,0,0,0,0,0,0,0,0,0,0,0,0.0000000000,0,0,0,0,0,0,0,0,0,0,0,0,0,0,0,0,0,0,0,0,0,0,0,0,0,0,0,0,0,0,0,0,0,0,0,0,0,0,0,0,0,0,0,0,0,0,0,0,0,0,0,0,0,0,0,0,0,0,0,0,0,0,0,0,0,0,0,0,0,0,0,0,0,0,0,0,0,0,0,0,0,0,0,0,0,0,0,0,0,0,0,0,0,0,0,0,0,0,0,0,0,0,0,0,0,0,0,0,0,0,0,0,0,0,0,0,0,0,0,0,0,0,0,0,0,0,0,0,0,0,0,0,0,0,0,0,0,0,0,0,0,0,0,0,0,0,0,0,0,0,0,0,0,0,0,0,0,0,0,0
2849,0,0,0,0,0,0,0,0,0,0,0,0,0,0,0,0,0,0,0,0,0,0,0,0,0,0,0,0,0,0,0,0,0,0,0,0,0,0,0,0,0,0,0,0,0,0,0,0,0,0,0,0,0,0,0,0,0,0,0,0,0,0,0,0,0,0,0,0,0,0,0,0,0,0,0,0,0,0,0,0,0,0,0,0,0,0,0,0,0,0,0,0,0,0,0,0,0,0,0,0,0,0,0,0,0,0,0,0,0,0,0,0,0,0,0,0,0,0,0,0,0,0,0,0,0,0,0,0,0,0,0,0,0,0,0,0,0,0,0,0,0,0,0,0,0,0,0,0,0,0,0,0,0,0,0,0,0,0,0,0,0,0,0,0,0,0,0,0,0,0,0,0,0,0,0,0,0,0,0,0,0,0,0,0,0,0,0,0,0,0,0,0,0,0,0,0,0,0,0,0
2850,0,0,0,0,0,0,0,0,0,0,0,0,0,0,0,0,0,0,0,0,0,0,0,0,0,0,0,0,0,0,0,0,0,0,0,0,0,0,0,0,0,0,0,0,0,0,0,0,0,0,0,0,0,0,0,0,0,0,0,0,0,0,0,0,0,0,0,0,0,0,0,0,0,0,0,0,0,0,0,0,0,0,0,0,0,0,0,0,0,0,0,0,0,0,0,0,0,0,0,0,0,0,0,0,0,0,0,0,0,0,0,0,0,0,0,0,0,0,0,0,0,0,0,0,0,0,0,0,0,0,0,0,0,0,0,0,0,0,0,0,0,0,0,0,0,0,0,0,0,0,0,0,0,0,0,0,0,0,0,0,0,0,0,0,0,0,0,0,0,0,0,0,0,0,0,0,0,0,0,0,0,0,0,0,0,0,0,0,0,0,0,0,0,0,0,0,0,0,0,0
2851,0,0,0,0,0,0,0,0,0,0,0,0,0,0,0,0,0,0,0,0,0,0,0,0,0,0,0,0,0,0,0,0,0,0,0,0,0,0,0,0,0,0,0,0,0,0,0,0,0,0,0,0,0,0,0,0,0,0,0,0,0,0,0,0,0,0,0,0,0,0,0,0,0,0,0,0,0,0,0,0,0,0,0,0,0,0,0,0,0,0,0,0,0,0,0,0,0,0,0,0,0,0,0,0,0,0,0,0,0,0,0,0,0,0,0,0,0,0,0,0,0,0,0,0,0,0,0,0,0,0,0,0,0,0,0,0,0,0,0,0,0,0,0,0,0,0,0,0,0,0,0,0,0,0,0,0,0,0,0,0,0,0,0,0,0,0,0,0,0,0,0,0,0,0,0,0,0,0,0,0,0,0,0,0,0,0,0,0,0,0,0,0,0,0,0,0,0,0,0,0
2852,0,0,0,0,0,0,0,0,0,0,0,0,0,0,0,0,0,0,0,0,0,0,0,0,0,0,0,0,0,0,0,0,0,0,0,0,0,0,0,0,0,0,0,0,0,0,0,0,0,0,0,0,0,0,0,0,0,0,0,0,0,0,0,0,0,0,0,0,0,0,0,0,0,0,0,0,0,0,0,0,0,0,0,0,0,0,0,0,0,0,0,0,0,0,0,0,0,0,0,0,0,0,0,0,0,0,0,0,0,0,0,0,0,0,0,0,0,0,0,0,0,0,0,0,0,0,0,0,0,0,0,0,0,0,0,0,0,0,0,0,0,0,0,0,0,0,0,0,0,0,0,0,0,0,0,0,0,0,0,0,0,0,0,0,0,0,0,0,0,0,0,0,0,0,0,0,0,0,0,0,0,0,0,0,0,0,0,0,0,0,0,0,0,0,0,0,0,0,0,0
2853,0,0,0,0,0,0,0,0,0,0,0,0,0,0,0,0,0,0,0,0,0,0,0,0,0,0,0,0,0,0,0,0,0,0,0,0,0,0,0,0,0,0,0,0,0,0,0,0,0,0,0,0,0,0,0,0,0,0,0,0,0,0,0,0,0,0,0,0,0,0,0,0,0,0,0,0,0,0,0,0,0,0,0,0,0,0,0,0,0,0,0,0,0,0,0,0,0,0,0,0,0,0,0,0,0,0,0,0,0,0,0,0,0,0,0,0,0,0,0,0,0,0,0,0,0,0,0,0,0,0,0,0,0,0,0,0,0,0,0,0,0,0,0,0,0,0,0,0,0,0,0,0,0,0,0,0,0,0,0,0,0,0,0,0,0,0,0,0,0,0,0,0,0,0,0,0,0,0,0,0,0,0,0,0,0,0,0,0,0,0,0,0,0,0,0,0,0,0,0,0
2854,0,0,0,0,0,0,0,0,0,0,0,0,0,0,0,0,0,0,0,0,0,0,0,0,0,0,0,0,0,0,0,0,0,0,0,0,0,0,0,0,0,0,0,0,0,0,0,0,0,0,0,0,0,0,0,0,0,0,0,0,0,0,0,0,0,0,0,0,0,0,0,0,0,0,0,0,0,0,0,0,0,0,0,0,0,0,0,0,0,0,0,0,0,0,0,0,0,0,0,0,0,0,0,0,0,0,0,0,0,0,0,0,0,0,0,0,0,0,0,0,0,0,0,0,0,0,0,0,0,0,0,0,0,0,0,0,0,0,0,0,0,0,0,0,0,0,0,0,0,0,0,0,0,0,0,0,0,0,0,0,0,0,0,0,0,0,0,0,0,0,0,0,0,0,0,0,0,0,0,0,0,0,0,0,0,0,0,0,0,0,0,0,0,0,0,0,0,0,0,0
2855,0,0,0,0,0,0,0,0,0,0,0,0,0,0,0,0,0,0,0,0,0,0,0,0,0,0,0,0,0,0,0,0,0,0,0,0,0,0,0,0,0,0,0,0,0,0,0,0,0,0,0,0,0,0,0,0,0,0,0,0,0,0,0,0,0,0,0,0,0,0,0,0,0,0,0,0,0,0,0,0,0,0,0,0,0,0,0,0,0,0,0,0,0,0,0,0,0,0,0,0,0,0,0,0,0,0,0,0,0,0,0,0,0,0,0,0,0,0,0,0,0,0,0,0,0,0,0,0,0,0,0,0,0,0,0,0,0,0,0,0,0,0,0,0,0,0,0,0,0,0,0,0,0,0,0,0,0,0,0,0,0,0,0,0,0,0,0,0,0,0,0,0,0,0,0,0,0,0,0,0,0,0,0,0,0,0,0,0,0,0,0,0,0,0,0,0,0,0,0,0
2856,0,0,0,0,0,0,0,0,0,0,0,0,0,0,0,0,0,0,0,0,0,0,0,0,0,0,0,0,0,0,0,0,0,0,0,0,0,0,0,0,0,0,0,0,0,0,0,0,0,0,0,0,0,0,0,0,0,0,0,0,0,0,0,0,0,0,0,0,0,0,0,0,0,0,0,0,0,0,0,0,0,0,0,0,0,0,0,0,0,0,0,0,0,0,0,0,0,0,0,0,0,0,0,0,0,0,0,0,0,0,0,0,0,0,0,0,0,0,0,0,0,0,0,0,0,0,0,0,0,0,0,0,0,0,0,0,0,0,0,0,0,0,0,0,0,0,0,0,0,0,0,0,0,0,0,0,0,0,0,0,0,0,0,0,0,0,0,0,0,0,0,0,0,0,0,0,0,0,0,0,0,0,0,0,0,0,0,0,0,0,0,0,0,0,0,0,0,0,0,0
2857,0,0,0,0,0,0,0,0,0,0,0,0,0,0,0,0,0,0,0,0,0,0,0,0,0,0,0,0,0,0,0,0,0,0,0,0,0,0,0,0,0,0,0,0,0,0,0,0,0,0,0,0,0,0,0,0,0,0,0,0,0,0,0,0,0,0,0,0,0,0,0,0,0,0,0,0,0,0,0,0,0,0,0,0,0,0,0,0,0,0,0,0,0,0,0,0,0,0,0,0,0,0,0,0,0,0,0,0,0,0,0,0,0,0,0,0,0,0,0,0,0,0,0,0,0,0,0,0,0,0,0,0,0,0,0,0,0,0,0,0,0,0,0,0,0,0,0,0,0,0,0,0,0,0,0,0,0,0,0,0,0,0,0,0,0,0,0,0,0,0,0,0,0,0,0,0,0,0,0,0,0,0,0,0,0,0,0,0,0,0,0,0,0,0,0,0,0,0,0,0
2858,0,0,0,0,0,0,0,0,0,0,0,0,0,0,0,0,0,0,0,0,0,0,0,0,0,0,0,0,0,0,0,0,0,0,0,0,0,0,0,0,0,0,0,0,0,0,0,0,0,0,0,0,0,0,0,0,0,0,0,0,0,0,0,0,0,0,0,0,0,0,0,0,0,0,0,0,0,0,0,0,0,0,0,0,0,0,0,0,0,0,0,0,0,0,0,0,0,0,0,0,0,0,0,0,0,0,0,0,0,0,0,0,0,0,0,0,0,0,0,0,0,0,0,0,0,0,0,0,0,0,0,0,0,0,0,0,0,0,0,0,0,0,0,0,0,0,0,0,0,0,0,0,0,0,0,0,0,0,0,0,0,0,0,0,0,0,0,0,0,0,0,0,0,0,0,0,0,0,0,0,0,0,0,0,0,0,0,0,0,0,0,0,0,0,0,0,0,0,0,0
2859,97599.2884749643,37132.6453791729,69455.2831903401,114940.8139443548,44134.4312339555,104613.3493330786,41107.7411047348,54583.5759234495,121816.6514206181,8466.4801104007,81340.1218768823,36143.5737734880,67159.9216819743,38764.5951718928,74246.3313513560,20904.1552308986,97667.6977559054,42158.7485426664,15021.3280928374,84769.0403680386,24485.5007775298,21717.5431078338,31331.7120850113,65374.1507307476,54122.4762286242,112673.5808377469,58434.7129058836,84822.2826119911,25179.3677006170,90270.5664360985,68300.5176982824,31070.2331494605,82526.0174535012,97077.1908226538,77670.4112432481,65230.2191366951,80807.4368623286,24108.5693161691,58039.4959749366,12342.5997063162,28641.1864318253,110610.2241053779,36511.2051940610,44127.2003485045,42516.6272227379,22381.5183347890,98665.1478679287,111322.2120680725,10140.4739900739,69529.0748241861,9533.0668630660,34864.3365695555,53788.8445996860,95659.6926360341,53727.3227602722,20025.6412518145,54810.9955146146,47541.2107247660,66622.5871526864,32399.5324477663,88890.7756960804,64129.8504575920,15336.4243982079,96490.2426036866,72772.0593061030,54471.6467113962,14895.5247695230,83171.6291652330,92939.8045124523,106010.6041737281,75726.5198961675,27681.7065607753,75710.7778259070,40243.5455398890,89027.1588711740,48890.0105838479,29659.7714348294,105010.3110687935,31588.8305296262,88355.6254491010,1840.6250915701,104810.9613597112,27813.7061660885,73076.7724101768,58467.0523106217,105608.1317339764,22937.5274816045,83966.8441126321,54024.3701146687,62450.3205469137,74826.6237881249,75008.5503584070,96964.4799835895,72735.3631285660,44997.5895135835,23146.6976820991,86828.7894164244,81262.4257210475,19889.9673256029,61668.3617956055,32815.7431673109,31398.1563439336,30147.2849823563,46800.1617697187,86669.7530722839,26439.2300570056,62211.5051722544,90531.0273153148,16485.3595626705,48200.4187789698,96333.1455313857,80314.7915494616,113059.0144952178,38713.8505384429,15273.4625704285,79778.6410365286,36900.8179739897,33774.0157730490,65698.3995833498,7357.6512892737,49319.2110867463,30909.7025241573,91837.4776151478,8061.7974828404,19338.6854857700,14221.5933613330,17265.2809019644,7598.4848496709,95405.9863039048,60259.2038282073,59497.7544933743,14332.7688215890,15071.6775028495,53808.6523061762,106168.4341897162,21477.6508361418,73623.8882374169,25786.1098119683,111400.9154766561,52798.0134590090,59147.4637835512,56785.6874444389,48271.4011329902,69176.7903771777,63901.6955456480,42862.0985367665,29272.7978994581,12032.5535639626,25851.5586513040,103906.5051730980,7721.6667271070,70919.8874677528,50438.5800186240,91241.7186868335,89485.1252306419,79256.8115956326,75681.9761834890,48942.5298133156,58108.8377280569,34520.3985854549,38703.4744130285,29557.5704196560,95752.1767051586,54149.2892147988,116558.2821183547,48126.3515826211,42260.5813123617,81054.1066259372,69445.8782273984,99516.7815982661,67314.0182785109,19225.1900872516,70757.5657075343,69291.9944118949,71867.4220053325,85649.3339497716,31164.6583973047,101205.6505771106,79183.0892591330,36752.3540430634,86290.1812738611,53695.8069259604,87821.5132749226,78306.3719654862,60400.3275914868,99548.8798089094,25239.0417052663,91838.9500534074,92327.0056984419,95697.9893783609,77017.9718794168,66954.3953702182,69883.8311670360,38987.4589214658,107470.0763383872,78188.5803619151,21083.8364443064,74282.3871736911,59439.7842012379,49647.4810177359
2860,0,0,0,0,0,0,0,0,0,0,0,0,0,0,0,0,0,0,0,0,0,0,0,0,0,0,0,0,0,0,0,0,0,0,0,0,0,0,0,0,0,0,0,0,0,0,0,0,0,0,0,0,0,0,0,0,0,0,0,0,0,0,0,0,0,0,0,0,0,0,0,0,0,0,0,0,0,0,0,0,0,0,0,0,0,0,0,0,0,0,0,0,0,0,0,0,0,0,0,0,0,0,0,0,0,0,0,0,0,0,0,0,0,0,0,0,0,0,0,0,0,0,0,0,0,0,0,0,0,0,0,0,0,0,0,0,0,0,0,0,0,0,0,0,0,0,0,0,0,0,0,0,0,0,0,0,0,0,0,0,0,0,0,0,0,0,0,0,0,0,0,0,0,0,0,0,0,0,0,0,0,0,0,0,0,0,0,0,0,0,0,0,0,0,0,0,0,0,0,0
2861,0,0,0,0,0,0,0,0,0,0,0,0,0,0,0,0,0,0,0,0,0,0,0,0,0,0,0,0,0,0,0,0,0,0,0,0,0,0,0,0,0,0,0,0,0,0,0,0,0,0,0,0,0,0,0,0,0,0,0,0,0,0,0,0,0,0,0,0,0,0,0,0,0,0,0,0,0,0,0,0,0,0,0,0,0,0,0,0,0,0,0,0,0,0,0,0,0,0,0,0,0,0,0,0,0,0,0,0,0,0,0,0,0,0,0,0,0,0,0,0,0,0,0,0,0,0,0,0,0,0,0,0,0,0,0,0,0,0,0,0,0,0,0,0,0,0,0,0,0,0,0,0,0,0,0,0,0,0,0,0,0,0,0,0,0,0,0,0,0,0,0,0,0,0,0,0,0,0,0,0,0,0,0,0,0,0,0,0,0,0,0,0,0,0,0,0,0,0,0,0
2862,0,0,0,0,0,0,0,0,0,0,0,0,0,0,0,0,0,0,0,0,0,0,0,0,0,0,0,0,0,0,0,0,0,0,0,0,0,0,0,0,0,0,0,0,0,0,0,0,0,0,0,0,0,0,0,0,0,0,0,0,0,0,0,0,0,0,0,0,0,0,0,0,0,0,0,0,0,0,0,0,0,0,0,0,0,0,0,0,0,0,0,0,0,0,0,0,0,0,0,0,0,0,0,0,0,0,0,0,0,0,0,0,0,0,0,0,0,0,0,0,0,0,0,0,0,0,0,0,0,0,0,0,0,0,0,0,0,0,0,0,0,0,0,0,0,0,0,0,0,0,0,0,0,0,0,0,0,0,0,0,0,0,0,0,0,0,0,0,0,0,0,0,0,0,0,0,0,0,0,0,0,0,0,0,0,0,0,0,0,0,0,0,0,0,0,0,0,0,0,0
2863,0,0,0,0,0,0,0,0,0,0,0,0,0,0,0,0,0,0,0,0,0,0,0,0,0,0,0,0,0,0,0,0,0,0,0,0,0,0,0,0,0,0,0,0,0,0,0,0,0,0,0,0,0,0,0,0,0,0,0,0,0,0,0,0,0,0,0,0,0,0,0,0,0,0,0,0,0,0,0,0,0,0,0,0,0,0,0,0,0,0,0,0,0,0,0,0,0,0,0,0,0,0,0,0,0,0,0,0,0,0,0,0,0,0,0,0,0,0,0,0,0,0,0,0,0,0,0,0,0,0,0,0,0,0,0,0,0,0,0,0,0,0,0,0,0,0,0,0,0,0,0,0,0,0,0,0,0,0,0,0,0,0,0,0,0,0,0,0,0,0,0,0,0,0,0,0,0,0,0,0,0,0,0,0,0,0,0,0,0,0,0,0,0,0,0,0,0,0,0,0
2864,0,0,0,0,0,0,0,0,0,0,0,0,0,0,0,0,0,0,0,0,0,0,0,0,0,0,0,0,0,0,0,0,0,0,0,0,0,0,0,0,0,0,0,0,0,0,0,0,0,0,0,0,0,0,0,0,0,0,0,0,0,0,0,0,0,0,0,0,0,0,0,0,0,0,0,0,0,0,0,0,0,0,0,0,0,0,0,0,0,0,0,0,0,0,0,0,0,0,0,0,0,0,0,0,0,0,0,0,0,0,0,0,0,0,0,0,0,0,0,0,0,0,0,0,0,0,0,0,0,0,0,0,0,0,0,0,0,0,0,0,0,0,0,0,0,0,0,0,0,0,0,0,0,0,0,0,0,0,0,0,0,0,0,0,0,0,0,0,0,0,0,0,0,0,0,0,0,0,0,0,0,0,0,0,0,0,0,0,0,0,0,0,0,0,0,0,0,0,0,0
2865,0,0,0,0,0,0,0,0,0,0,0,0,0,0,0,0,0,0,0,0,0,0,0,0,0,0,0,0,0,0,0,0,0,0,0,0,0,0,0,0,0,0,0,0,0,0,0,0,0,0,0,0,0,0,0,0,0,0,0,0,0,0,0,0,0,0,0,0,0,0,0,0,0,0,0,0,0,0,0,0,0,0,0,0,0,0,0,0,0,0,0,0,0,0,0,0,0,0,0,0,0,0,0,0,0,0,0,0,0,0,0,0,0,0,0,0,0,0,0,0,0,0,0,0,0,0,0,0,0,0,0,0,0,0,0,0,0,0,0,0,0,0,0,0,0,0,0,0,0,0,0,0,0,0,0,0,0,0,0,0,0,0,0,0,0,0,0,0,0,0,0,0,0,0,0,0,0,0,0,0,0,0,0,0,0,0,0,0,0,0,0,0,0,0,0,0,0,0,0,0
2866,0,0,0,0,0,0,0,0,0,0,0,0,0,0,0,0,0,0,0,0,0,0,0,0,0,0,0,0,0,0,0,0,0,0,0,0,0,0,0,0,0,0,0,0,0,0,0,0,0,0,0,0,0,0,0,0,0,0,0,0,0,0,0,0,0,0,0,0,0,0,0,0,0,0,0,0,0,0,0,0,0,0,0,0,0,0,0,0,0,0,0,0,0,0,0,0,0,0,0,0,0,0,0,0,0,0,0,0,0,0,0,0,0,0,0,0,0,0,0,0,0,0,0,0,0,0,0,0,0,0,0,0,0,0,0,0,0,0,0,0,0,0,0,0,0,0,0,0,0,0,0,0,0,0,0,0,0,0,0,0,0,0,0,0,0,0,0,0,0,0,0,0,0,0,0,0,0,0,0,0,0,0,0,0,0,0,0,0,0,0,0,0,0,0,0,0,0,0,0,0
2867,95459.1795503079,49500.7334344948,51909.5939493290,124676.4590289455,54983.8957896877,92602.9012514964,29281.6936102363,47279.4425045820,125435.9224745365,14240.7171483102,88213.3838647246,54265.6638871774,67912.4293810523,22551.7073349881,60623.1303102074,24186.3757286663,100382.2113634019,43926.2968164345,32234.9622200421,74542.8854270477,14989.9071336470,35873.4931326806,25034.7091179541,75497.7222277713,40663.3558902763,113033.0109548090,64479.6360807189,85317.3968390330,29744.1250871368,77000.8977226136,57974.4013857548,47638.2759433495,79709.9753735742,102533.8366385187,81541.9958102451,49462.8080532686,90481.3446935359,10448.8809898217,55828.3327974495,10852.9558560642,21550.6529318246,115481.0385688935,43972.4078164800,33937.8850090270,38652.0408848999,34886.8320620025,98912.7330615414,113896.6654128210,27322.2775125547,77093.5420037190,21950.0559998911,19598.6902412986,56831.0898600419,85954.6266971063,37692.1201329423,18390.7817620886,64245.6992864658,54678.0695447181,70441.8093865468,44991.0776630442,92958.6364858979,51598.6875074436,25350.3332584090,92413.7968053997,70999.0365619435,43865.4424393801,4182.2860758577,68626.0408019876,81515.6900497370,104923.2972379814,66752.1203709808,45665.4009086206,77454.6114015426,27039.6807966206,91200.2295762726,47523.7361385375,44043.1387548431,106309.5078043265,31203.0583480704,87040.9470272829,19114.2671718961,94050.1439057156,36760.0538934711,78737.6106907693,58997.3152478034,109419.3112628676,12505.0730665998,72213.7487600648,49610.7398607220,48170.8296235434,63185.2525443275,60005.3050511415,84379.8864158960,81858.8675573845,49537.1689119399,39443.5232564656,95429.2813164698,68221.5258926203,17033.1400588232,69790.8380124329,37395.6082921212,14631.3837684333,41408.1388909929,39951.7799549305,92204.5860547095,17502.7661219630,53262.7977677422,87483.6830152035,10686.8891426692,33731.1369877206,100392.8345092473,79620.0517866398,116791.8542010863,31841.3199274066,29629.3186918900,88108.7488930940,47204.6370408644,23216.3089060737,71544.1738859288,10801.5392536884,50513.2769101290,17130.2401278824,92678.4876644978,21709.4768667859,37359.4279115832,18957.9438644864,7681.3951362478,25071.5090592328,94566.8990409844,43784.2007179322,63419.2728080854,18852.0863613325,29648.1210270232,61384.2212665763,106335.6219990932,32260.2274896494,73837.3740107840,24705.9738750098,112824.3080980699,58137.4850225838,69828.7210216202,41871.3158329402,35842.9155829791,54913.8378534224,63212.1240837816,51674.8086025701,17524.2760303949,30153.9188079732,10867.7831659115,106487.7343019923,15606.6689096076,58388.1640098575,61164.1126008930,80832.6999399233,77194.0006820844,68646.1419832561,83206.0877633650,57810.4773946363,46041.2350919610,30475.3357200605,42926.5056445993,13751.7614280258,97349.1757378840,53547.3903849929,125562.2788346719,44397.5003240589,48895.0964328483,83155.4768051652,71895.8539829239,87927.2153016063,76210.6089173355,23930.7054068700,62497.2421220542,54053.1224895719,76344.6222609688,71774.8584371848,41938.1424895115,99788.4105981055,79904.3140162545,22233.8674100125,89430.5932238007,44741.6281208748,76696.7170056302,83304.2541605105,69861.3047114064,88853.4354692261,20228.9221441754,97157.6730758809,95584.9030161179,92685.7703947464,83396.9293363079,55507.8047239211,69289.9654374289,29062.4940767651,96053.8755577505,76091.3410820204,14414.6250014327,63985.3403850248,48918.0310884681,39778.2101081697
2868,0,0,0,0,0,0,0,0,0,0,0,0,0,0,0,0,0,0,0,0,0,0,0,0,0,0,0,0,0,0,0,0,0,0,0,0,0,0,0,0,0,0,0,0,0,0,0,0,0,0,0,0,0,0,0,0,0,0,0,0,0,0,0,0,0,0,0,0,0,0,0,0,0,0,0,0,0,0,0,0,0,0,0,0,0,0,0,0,0,0,0,0,0,0,0,0,0,0,0,0,0,0,0,0,0,0,0,0,0,0,0,0,0,0,0,0,0,0,0,0,0,0,0,0,0,0,0,0,0,0,0,0,0,0,0,0,0,0,0,0,0,0,0,0,0,0,0,0,0,0,0,0,0,0,0,0,0,0,0,0,0,0,0,0,0,0,0,0,0,0,0,0,0,0,0,0,0,0,0,0,0,0,0,0,0,0,0,0,0,0,0,0,0,0,0,0,0,0,0,0
2869,0,0,0,0,0,0,0,0,0,0,0,0,0,0,0,0,0,0,0,0,0,0,0,0,0,0,0,0,0,0,0,0,0,0,0,0,0,0,0,0,0,0,0,0,0,0,0,0,0,0,0,0,0,0,0,0,0,0,0,0,0,0,0,0,0,0,0,0,0,0,0,0,0,0,0,0,0,0,0,0,0,0,0,0,0,0,0,0,0,0,0,0,0,0,0,0,0,0,0,0,0,0,0,0,0,0,0,0,0,0,0,0,0,0,0,0,0,0,0,0,0,0,0,0,0,0,0,0,0,0,0,0,0,0,0,0,0,0,0,0,0,0,0,0,0,0,0,0,0,0,0,0,0,0,0,0,0,0,0,0,0,0,0,0,0,0,0,0,0,0,0,0,0,0,0,0,0,0,0,0,0,0,0,0,0,0,0,0,0,0,0,0,0,0,0,0,0,0,0,0
2870,0,0,0,0,0,0,0,0,0,0,0,0,0,0,0,0,0,0,0,0,0,0,0,0,0,0,0,0,0,0,0,0,0,0,0,0,0,0,0,0,0,0,0,0,0,0,0,0,0,0,0,0,0,0,0,0,0,0,0,0,0,0,0,0,0,0,0,0,0,0,0,0,0,0,0,0,0,0,0,0,0,0,0,0,0,0,0,0,0,0,0,0,0,0,0,0,0,0,0,0,0,0,0,0,0,0,0,0,0,0,0,0,0,0,0,0,0,0,0,0,0,0,0,0,0,0,0,0,0,0,0,0,0,0,0,0,0,0,0,0,0,0,0,0,0,0,0,0,0,0,0,0,0,0,0,0,0,0,0,0,0,0,0,0,0,0,0,0,0,0,0,0,0,0,0,0,0,0,0,0,0,0,0,0,0,0,0,0,0,0,0,0,0,0,0,0,0,0,0,0
2871,0,0,0,0,0,0,0,0,0,0,0,0,0,0,0,0,0,0,0,0,0,0,0,0,0,0,0,0,0,0,0,0,0,0,0,0,0,0,0,0,0,0,0,0,0,0,0,0,0,0,0,0,0,0,0,0,0,0,0,0,0,0,0,0,0,0,0,0,0,0,0,0,0,0,0,0,0,0,0,0,0,0,0,0,0,0,0,0,0,0,0,0,0,0,0,0,0,0,0,0,0,0,0,0,0,0,0,0,0,0,0,0,0,0,0,0,0,0,0,0,0,0,0,0,0,0,0,0,0,0,0,0,0,0,0,0,0,0,0,0,0,0,0,0,0,0,0,0,0,0,0,0,0,0,0,0,0,0,0,0,0,0,0,0,0,0,0,0,0,0,0,0,0,0,0,0,0,0,0,0,0,0,0,0,0,0,0,0,0,0,0,0,0,0,0,0,0,0,0,0
2872,0,0,0,0,0,0,0,0,0,0,0,0,0,0,0,0,0,0,0,0,0,0,0,0,0,0,0,0,0,0,0,0,0,0,0,0,0,0,0,0,0,0,0,0,0,0,0,0,0,0,0,0,0,0,0,0,0,0,0,0,0,0,0,0,0,0,0,0,0,0,0,0,0,0,0,0,0,0,0,0,0,0,0,0,0,0,0,0,0,0,0,0,0,0,0,0,0,0,0,0,0,0,0,0,0,0,0,0,0,0,0,0,0,0,0,0,0,0,0,0,0,0,0,0,0,0,0,0,0,0,0,0,0,0,0,0,0,0,0,0,0,0,0,0,0,0,0,0,0,0,0,0,0,0,0,0,0,0,0,0,0,0,0,0,0,0,0,0,0,0,0,0,0,0,0,0,0,0,0,0,0,0,0,0,0,0,0,0,0,0,0,0,0,0,0,0,0,0,0,0
2873,38862.1995910752,98531.7482557900,89431.4005600626,60600.4329687275,31326.9557427853,80110.3906374223,99476.3217793661,40554.5160891037,55361.6598792686,60890.4886120538,21164.6124567275,72939.8679629094,11647.5114897903,67793.7451892088,68858.3456909730,87324.3618025051,31094.5800403665,26581.1086928306,73664.0568128186,59399.8394126595,77368.3134762125,49991.4691076549,47955.5698917087,26304.3173793631,60884.6778110952,47651.2104640837,10931.7913862509,21823.2958466333,41996.7540151725,76310.7938794052,52617.8692421841,84705.8033848510,30107.8925375617,32385.3987190027,11156.6539517899,74971.0678467388,31773.5167755946,63035.2268365351,23879.0810381095,75212.0755143438,91227.5776532384,45045.5894768500,30747.1982752481,50494.3852045604,36108.4411468068,86228.1930790963,34536.3766747749,44728.0593163203,61281.6354145206,16160.3777386177,75868.8494776071,88523.8752717240,13630.0937659755,63843.7697010246,71313.7116997532,52111.3794861859,23137.9473969351,20955.3475641635,0.0000000000,41269.3082062430,22561.7972569347,59968.1366307381,51324.1238974667,43689.5793911172,21955.2903678856,51075.6211701798,67356.1854797595,78355.3651540371,69435.1095840587,43730.0531089032,49972.8564063061,74117.9880643943,11674.0023078093,58925.6239734451,22895.9033045937,26364.9969155179,89369.4396663020,39201.1629572200,39367.4553616597,29273.5650889306,66160.1789272925,74669.7314461609,39483.2142557353,10621.3646412724,15247.2041224481,39191.0204203487,82619.0553378850,65501.7687726861,31917.4964131328,66656.7044030378,60408.7736935639,76029.4510771161,77420.4314121049,24471.0718936970,21650.1858387771,80678.7141018107,31773.3295530623,69831.5348846237,84098.4910489749,17113.6336768320,34048.5415600752,68445.9211097671,93846.8342370669,41071.2887160648,22390.8009374155,55128.5491417575,46128.2547902680,36067.0837458683,59840.4861697775,63377.2793554161,30026.3095891351,21800.2188971296,46628.5931519837,44598.7653293999,79012.3699680764,25343.2346685513,33969.0813860178,54214.4501764007,7953.1717314259,68168.6418626365,20688.7869220723,61393.5426233320,27271.7458329626,58723.7899844702,70597.5959823961,53946.5659565183,74564.9959526696,70022.8154141234,33787.3993424552,76432.8974626303,8947.6984505436,80527.5880622478,54374.2914658290,17603.5321966963,41688.9497290170,46100.2170486437,15164.9290884088,45752.2192679418,45347.4168884769,14238.6464215723,27841.0346754577,67374.3224014031,56630.3011011322,69411.9901382095,17229.1486817396,27241.8814080003,87964.3296673273,66941.5509789701,69742.3339637264,37336.6201351790,72457.3497414270,62492.0993432781,28814.7762691330,63962.3346923009,71179.6074250775,58151.9727495512,19310.0769684803,23618.8485200432,56611.8212545718,42018.1774973439,28139.5743998657,83011.1943994051,29939.6823185010,21018.3275915326,59669.9601970775,32535.7787778949,24938.8170925715,15452.8474942346,10383.3060981300,74567.3636146628,21243.5912836443,48309.0474054034,45460.0095203758,74234.1575732560,9131.6060160914,76419.5662948298,38624.4565362806,40141.3782303698,16878.4866574233,62532.0138774551,19680.4222420719,45772.2720650937,64964.7861627314,13328.0499508724,22635.8261694928,70650.1813707945,50789.5112728867,27011.9603198474,25706.3696488431,39803.2049032202,16037.6139346338,56568.5406402929,16916.5601744007,51110.5185049436,79505.4777211190,25297.3899480965,56269.2522762405,54647.2163122364,51299.9984340556,48845.5830139752
2874,0,0,0,0,0,0,0,0,0,0,0,0,0,0,0,0,0,0,0,0,0,0,0,0,0,0,0,0,0,0,0,0,0,0,0,0,0,0,0,0,0,0,0,0,0,0,0,0,0,0,0,0,0,0,0,0,0,0,0,0,0,0,0,0,0,0,0,0,0,0,0,0,0,0,0,0,0,0,0,0,0,0,0,0,0,0,0,0,0,0,0,0,0,0,0,0,0,0,0,0,0,0,0,0,0,0,0,0,0,0,0,0,0,0,0,0,0,0,0,0,0,0,0,0,0,0,0,0,0,0,0,0,0,0,0,0,0,0,0,0,0,0,0,0,0,0,0,0,0,0,0,0,0,0,0,0,0,0,0,0,0,0,0,0,0,0,0,0,0,0,0,0,0,0,0,0,0,0,0,0,0,0,0,0,0,0,0,0,0,0,0,0,0,0,0,0,0,0,0,0
2875,107497.4221250631,29517.2620547342,71902.2829081325,124185.4179227115,53545.2011985465,111697.8326975659,35188.9983958719,63169.9139416718,131988.5048517836,17401.6313502249,91280.5670767147,38081.8053982947,77277.0731900090,42883.0697988226,80363.4058146144,10373.4630492923,107870.5744248955,52254.5413250309,14260.0568705708,92577.2635538592,23979.4233327916,30600.5581598467,39724.3425806287,74750.5867536515,60219.5337783479,122823.5874865304,68540.0339601365,94953.6589215312,35319.9934080864,96646.4207454926,75980.8933216525,27904.7441909231,92289.7665726275,107145.3500211473,87859.8961587086,69801.2273149589,90203.9910265159,29350.9349456341,67784.7007546156,9994.2281700889,21621.2384909832,120712.3696446628,46612.1069359013,51593.9866815433,51796.3024623174,14643.5881553639,108796.8935567503,121524.6515558910,17929.3425928439,79413.2894128476,3459.1348342551,31735.8633996927,63984.7722571413,103709.5287083037,58045.7031580165,28961.1654688403,64445.0427549655,57595.9330170389,76820.9752675450,41500.4714888842,99063.9892412684,70794.1639219261,25511.7382645515,106080.9016122273,82652.0238273536,61920.7866067838,18850.2343463635,88721.6159229432,100269.8614675180,116042.7471246724,83952.1727781728,28405.1859825683,85893.0871589889,46305.2831474402,99227.4605572586,58691.9621136411,23664.2953960754,115196.8240286170,41296.2043198931,98334.5936180605,10683.8593061663,112467.6154733996,37863.1716815462,83172.5068827300,68541.7342559586,115780.3571015558,18923.8986579427,91112.2117955657,63331.6505407539,68110.9290950999,81983.1597371733,80210.2002492564,103736.5399334221,82310.0464222221,55200.2297945386,19770.9466905220,96451.1863068131,87739.7582043415,12828.6519468419,71503.8646955874,43008.7250643042,34997.4982270363,21740.6318601233,55414.9965682754,96748.2331991799,33752.5487534446,70352.9815171191,100282.0575525045,23636.2888494441,53648.1912222986,106500.5722632571,90341.2247417339,123230.3260118567,47166.5861569562,9492.2369320245,89485.1142423778,46567.2703085361,40842.0374087761,75797.6341358706,11820.8238715441,59409.5420495844,36443.6174100739,101996.5092851461,18153.2382999175,20936.0831054410,23985.8883801172,16955.5863969639,9730.9229069402,105446.9871904761,64162.7007708888,69698.6922678989,9382.5859435095,24234.9438671002,63773.4529633151,116302.0593135098,31407.2093603346,83715.7938436115,35192.5299562469,121593.4062942078,62965.5689258563,68421.1415255186,61993.0368533835,54841.5032536563,74876.7511880993,73878.9978379653,52733.6509408740,24559.8851265848,16003.5880705165,28769.2862539771,114109.6035910645,5251.7637263740,77623.5527467535,59796.5890239222,99002.1559122783,96387.3440426272,86884.8605376923,85546.7974884911,58743.5933838416,64954.9933269663,43594.1096488567,48902.1774079765,27479.3272501084,105943.1962710168,64089.1985029821,125992.3777646454,57512.0605636790,52389.4552669497,91250.1665474342,79642.5870769523,106790.2282410052,76970.0496129470,29256.7286673521,79189.8122554739,74301.6500275456,82040.6203509000,91649.0237516200,40838.8265397805,111196.6938245237,89320.5676871504,42026.8783970607,96490.9440689130,61750.1766086518,95267.5777482677,88441.5503637523,69981.1986267030,107218.4006130330,33690.2554595899,101927.7418186670,102523.8432194421,105467.5324092650,87032.5975410798,74153.6783914518,79892.5115818439,46446.1457485381,114844.2827780316,88043.3856139985,28690.3338968407,82011.1877956706,66972.6398817974,57322.6800633869
2876,0,0,0,0,0,0,0,0,0,0,0,0,0,0,0,0,0,0,0,0,0,0,0,0,0,0,0,0,0,0,0,0,0,0,0,0,0,0,0,0,0,0,0,0,0,0,0,0,0,0,0,0,0,0,0,0,0,0,0,0,0,0,0,0,0,0,0,0,0.0000000000,0,0,0,0,0,0,0,0,0,0,0,0,0,0,0,0,0,0,0,0,0,0,0,0,0,0,0,0,0,0,0,0,0,0,0,0,0,0,0,0,0,0,0,0,0,0,0,0,0,0,0,0,0,0,0,0,0,0,0,0,0,0,0,0,0,0,0,0,0,0,0,0,0,0,0,0,0,0,0,0,0,0,0,0,0,0,0,0,0,0,0,0,0,0,0,0,0,0,0,0,0,0,0,0,0,0,0,0,0,0,0,0,0,0,0,0,0,0,0,0,0,0,0,0,0,0,0,0,0,0,0
2877,0,0,0,0,0,0,0,0,0,0,0,0,0,0,0,0,0,0,0,0,0,0,0,0,0,0,0,0,0,0,0,0,0,0,0,0,0,0,0,0,0,0,0,0,0,0,0,0,0,0,0,0,0,0,0,0,0,0,0,0,0,0,0,0,0,0,0,0,0,0,0,0,0,0,0,0,0,0,0,0,0,0,0,0,0,0,0,0,0,0,0,0,0,0,0,0,0,0,0,0,0,0,0,0,0,0,0,0,0,0,0,0,0,0,0,0,0,0,0,0,0,0,0,0,0,0,0,0,0,0,0,0,0,0,0,0,0,0,0,0,0,0,0,0,0,0,0,0,0,0,0,0,0,0,0,0,0,0,0,0,0,0,0,0,0,0,0,0,0,0,0,0,0,0,0,0,0,0,0,0,0,0,0,0,0,0,0,0,0,0,0,0,0,0,0,0,0,0,0,0
2878,0,0,0,0,0,0,0,0,0,0,0,0,0,0,0,0,0,0,0,0,0,0,0,0,0,0,0,0,0,0,0,0,0,0,0,0,0,0,0,0,0,0,0,0,0,0,0,0,0,0,0,0,0,0,0,0,0,0,0,0,0,0,0,0,0,0,0,0,0,0,0,0,0,0,0,0,0,0,0,0,0,0,0,0,0,0,0,0,0,0,0,0,0,0,0,0,0,0,0,0,0,0,0,0,0,0,0,0,0,0,0,0,0,0,0,0,0,0,0,0,0,0,0,0,0,0,0,0,0,0,0,0,0,0,0,0,0,0,0,0,0,0,0,0,0,0,0,0,0,0,0,0,0,0,0,0,0,0,0,0,0,0,0,0,0,0,0,0,0,0,0,0,0,0,0,0,0,0,0,0,0,0,0,0,0,0,0,0,0,0,0,0,0,0,0,0,0,0,0,0
2879,0,0,0,0,0,0,0,0,0,0,0,0,0,0,0,0,0,0,0,0,0,0,0,0,0,0,0,0,0,0,0,0,0,0,0,0,0,0,0,0,0,0,0,0,0,0,0,0,0,0,0,0,0,0,0,0,0,0,0,0,0,0,0,0,0,0,0,0,0,0,0,0,0,0,0,0,0,0,0,0,0,0,0,0,0,0,0,0,0,0,0,0,0,0,0,0,0,0,0,0,0,0,0,0,0,0,0,0,0,0,0,0,0,0,0,0,0,0,0,0,0,0,0,0,0,0,0,0,0,0,0,0,0,0,0,0,0,0,0,0,0,0,0,0,0,0,0,0,0,0,0,0,0,0,0,0,0,0,0,0,0,0,0,0,0,0,0,0,0,0,0,0,0,0,0,0,0,0,0,0,0,0,0,0,0,0,0,0,0,0,0,0,0,0,0,0,0,0,0,0
2880,0,0,0,0,0,0,0,0,0,0,0,0,0,0,0,0,0,0,0,0,0,0,0,0,0,0,0,0,0,0,0,0,0,0,0,0,0,0,0,0,0,0,0,0,0,0,0,0,0,0,0,0,0,0,0,0,0,0,0,0,0,0,0,0,0,0,0,0,0,0,0,0,0,0,0,0,0,0,0,0,0,0,0,0,0,0,0,0,0,0,0,0,0,0,0,0,0,0,0,0,0,0,0,0,0,0,0,0,0,0,0,0,0,0,0,0,0,0,0,0,0,0,0,0,0,0,0,0,0,0,0,0,0,0,0,0,0,0,0,0,0,0,0,0,0,0,0,0,0,0,0,0,0,0,0,0,0,0,0,0,0,0,0,0,0,0,0,0,0,0,0,0,0,0,0,0,0,0,0,0,0,0,0,0,0,0,0,0,0,0,0,0,0,0,0,0,0,0,0,0
2881,0,0,0,0,0,0,0,0,0,0,0,0,0,0,0,0,0,0,0,0,0,0,0,0,0,0,0,0,0,0,0,0,0,0,0,0,0,0,0,0,0,0,0,0,0,0,0,0,0,0,0,0,0,0,0,0,0,0,0,0,0,0,0,0,0,0,0,0,0,0,0,0,0,0,0,0,0,0,0,0,0,0,0,0,0,0,0,0,0,0,0,0,0,0,0,0,0,0,0,0,0,0,0,0,0,0,0,0,0,0,0,0,0,0,0,0,0,0,0,0,0,0,0,0,0,0,0,0,0,0,0,0,0,0,0,0,0,0,0,0,0,0,0,0,0,0,0,0,0,0,0,0,0,0,0,0,0,0,0,0,0,0,0,0,0,0,0,0,0,0,0,0,0,0,0,0,0,0,0,0,0,0,0,0,0,0,0,0,0,0,0,0,0,0,0,0,0,0,0,0
2882,22669.2801497765,112705.4888580108,89499.1652736496,64209.1324916262,47336.7258244285,69571.1996828382,108008.2183027232,41085.0071126155,46807.3360693420,72329.9043283264,28143.7935887115,88686.3688346021,12007.1020180463,72862.7980407346,64812.4529724118,99116.0193361511,21586.6571089843,36936.2853895806,87595.8049374099,50788.6402431353,86107.0168222809,64451.2185073227,55534.4846747453,41033.6185058048,61722.5298041401,33700.8013758370,27095.7462018414,9528.8916849847,53803.2854139550,68927.5869729139,48517.3812639699,99597.2019848267,16645.1752753184,30537.4153779973,13077.9753206661,74144.0887731594,42246.6519772043,71214.5128331377,25503.3615436028,86171.3581016732,101300.3378515956,39729.0964004785,44871.9000898351,54060.5637890658,42115.8245827520,99722.2409125800,19731.7452972030,34442.0759935321,74871.3979734892,29459.8029925206,88448.0623742036,96494.7405989088,25572.4977939197,52708.7040197402,73034.3320547592,62212.2139252333,39296.3764664697,36342.0337688906,16204.4453701153,56582.7224792254,18868.2317225862,57853.7763077917,64040.8053204441,28320.4167001021,13553.2179489919,51438.5467863780,77299.1074638386,73237.5112682794,60109.9506171001,28052.8497227675,42987.9724005605,89277.3332695623,3948.2656047630,63404.0537367348,12247.9063074665,32514.2474086115,103659.5365168486,26426.7176393227,48984.9910698942,13221.2415434747,78653.7881251856,63065.1401393772,53214.9105892684,20971.7354757951,20935.9815756183,31898.6718453176,92367.6268549034,58130.3399356134,33721.7658960881,65653.4519856914,55078.4096487215,72758.5414207677,68409.5648863539,37059.6472297413,34791.5792385082,95027.9071720565,39239.0164490796,63924.3191906531,94950.2644422547,32743.8973018398,46253.0800872563,75174.6685860182,107485.3395154922,44497.4489706203,24032.8057866236,63171.7976725967,43732.0172118491,20790.8849847923,69726.1532547696,65934.9320317204,24524.7788163210,14219.5524566000,38664.0958117138,50366.3640583265,92381.1495958093,34881.8007147428,49228.1435861845,60479.1651386997,23158.4542880792,79413.3440598138,29841.8985569641,68113.0091573284,12902.4774166083,71405.8961041061,85156.4139557720,65400.3710004269,84459.7486087429,83249.3208330355,17760.5184047778,77045.7835749202,21564.5693728560,92273.8813181236,68113.8645323539,33747.7169279199,27217.6082144385,59694.2514285113,11614.4997779038,55566.5733969358,32936.8999840925,29242.3901516384,43552.4340601853,67963.0189450873,58936.2837573142,66857.3558233788,17201.5976162927,42716.8003898398,97152.6146111604,80841.8443143590,77671.5350218643,27228.8230180530,84330.7105672783,58610.6042940107,45019.1949927902,54152.3671941650,63142.6353449952,51108.1057864200,29799.0744660762,39665.0777687700,56054.7215754067,49687.4627864573,40486.3062554290,91353.2869555433,17521.8489090145,26408.7741251621,61836.0262027457,36985.2574868444,39340.4224191550,5767.9386693273,10881.0022061288,64348.4219490708,35439.5458128678,59922.5187415067,39812.3852509475,72248.4440620457,16156.1683326659,70320.6437200967,53363.1742514299,24099.3466499796,1373.1584311323,67899.6089952382,13349.0058021047,46410.0326810371,56352.8660486994,18336.5272003346,38280.7389311507,59696.0254969558,59672.2937109036,26185.5383602868,18422.1689186239,23940.2741684755,24576.1411168962,53274.9173387670,11697.7187547775,56145.8869015439,68123.7475310996,13230.3890934271,65478.1047781998,48758.1974897016,50061.8736830682,50758.9579671958
2883,0,0,0,0,0,0,0,0,0,0,0,0,0,0,0,0,0,0,0,0,0,0,0,0,0,0,0,0,0,0,0,0,0,0,0,0,0,0,0,0,0,0,0,0,0,0,0,0,0,0,0,0,0,0,0,0,0,0,0,0,0,0,0,0,0,0,0,0,0,0,0,0,0,0,0,0,0,0,0,0,0,0,0,0,0,0,0,0,0,0,0,0,0,0,0,0,0,0,0,0,0,0,0,0,0,0,0,0,0,0,0,0,0,0,0,0,0,0,0,0,0,0,0,0,0,0,0,0,0,0,0,0,0,0,0,0,0,0,0,0,0,0,0,0,0,0,0,0,0,0,0,0,0,0,0,0,0,0,0,0,0,0,0,0,0,0,0,0,0,0,0,0,0,0,0,0,0,0,0,0,0,0,0,0,0,0,0,0,0,0,0,0,0,0,0,0,0,0,0,0
2884,0,0,0,0,0,0,0,0,0,0,0,0,0,0,0,0,0,0,0,0,0,0,0,0,0,0,0,0,0,0,0,0,0,0,0,0,0,0,0,0,0,0,0,0,0,0,0,0,0,0,0,0,0,0,0,0,0,0,0,0,0,0,0,0,0,0,0,0,0,0,0,0,0,0,0,0,0,0,0,0,0,0,0,0,0,0,0,0,0,0,0,0,0,0,0,0,0,0,0,0,0,0,0,0,0,0,0,0,0,0,0,0,0,0,0,0,0,0,0,0,0,0,0,0,0,0,0,0,0,0,0,0,0,0,0,0,0,0,0,0,0,0,0,0,0,0,0,0,0,0,0,0.0000000000,0,0,0,0,0,0,0,0,0,0,0,0,0,0,0,0,0,0,0,0,0,0,0,0,0,0,0,0,0,0,0,0,0,0,0,0,0,0,0,0,0,0,0,0,0,0,0,0
2885,0,0,0,0,0,0,0,0,0,0,0,0,0,0,0,0,0,0,0,0,0,0,0,0,0,0,0,0,0,0,0,0,0,0,0,0,0,0,0,0,0,0,0,0,0,0,0,0,0,0,0,0,0,0,0,0,0,0,0,0,0,0,0,0,0,0,0,0,0,0,0,0,0,0,0,0,0,0,0,0,0,0,0,0,0,0,0,0,0,0,0,0,0,0,0,0,0,0,0,0,0,0,0,0,0,0,0,0,0,0,0,0,0,0,0,0,0,0,0,0,0,0,0,0,0,0,0,0,0,0,0,0,0,0,0,0,0,0,0,0,0,0,0,0,0,0,0,0,0,0,0,0,0,0,0,0,0,0,0,0,0,0,0,0,0,0,0,0,0,0,0,0,0,0,0,0,0,0,0,0,0,0,0,0,0,0,0,0,0,0,0,0,0,0,0,0,0,0,0,0
2886,0,0,0,0,0,0,0,0,0,0,0,0,0,0,0,0,0,0,0,0,0,0,0,0,0,0,0,0,0,0,0,0,0,0,0,0,0,0,0,0,0,0,0,0,0,0,0,0,0,0,0,0,0,0,0,0,0,0,0,0,0,0,0,0,0,0,0,0,0,0,0,0,0,0,0,0,0,0,0,0,0,0,0,0,0,0,0,0,0,0,0,0,0,0,0,0,0,0,0,0,0,0,0,0,0,0,0,0,0,0,0,0,0,0,0,0,0,0,0,0,0,0,0,0,0,0,0,0,0,0,0,0,0,0,0,0,0,0,0,0,0,0,0,0,0,0,0,0,0,0,0,0,0,0,0,0,0,0,0,0,0,0,0,0,0,0,0,0,0,0,0,0,0,0,0,0,0,0,0,0,0,0,0,0,0,0,0,0,0,0,0,0,0,0,0,0,0,0,0,0
2887,0,0,0,0,0,0,0,0,0,0,0,0,0,0,0,0,0,0,0,0,0,0,0,0,0,0,0,0,0,0,0,0,0,0,0,0,0,0,0,0,0,0,0,0,0,0,0,0,0,0,0,0,0,0,0,0,0,0,0,0,0,0,0,0,0,0,0,0,0,0,0,0,0,0,0,0,0,0,0,0,0,0,0,0,0,0,0,0,0,0,0,0,0,0,0,0,0,0,0,0,0,0,0,0,0,0,0,0,0,0,0,0,0,0,0,0,0,0,0,0,0,0,0,0,0,0,0,0,0,0,0,0,0,0,0,0,0,0,0,0,0,0,0,0,0,0,0,0,0,0,0,0,0,0,0,0,0,0,0,0,0,0,0,0,0,0,0,0,0,0,0,0,0,0,0,0,0,0,0,0,0,0,0,0,0,0,0,0,0,0,0,0,0,0,0,0,0,0,0,0
2888,0,0,0,0,0,0,0,0,0,0,0,0,0,0,0,0,0,0,0,0,0,0,0,0,0,0,0,0,0,0,0,0,0,0,0,0,0,0,0,0,0,0,0,0,0,0,0,0,0,0,0,0,0,0,0,0,0,0,0,0,0,0,0,0,0,0,0,0,0,0,0,0,0,0,0,0,0,0,0,0,0,0,0,0,0,0,0,0,0,0,0,0,0,0,0,0,0,0,0,0,0,0,0,0,0,0,0,0,0,0,0,0,0,0,0,0,0,0,0,0,0,0,0,0,0,0,0,0,0,0,0,0,0,0,0,0,0,0,0,0,0,0,0,0,0,0,0,0,0,0,0,0,0,0,0,0,0,0,0,0,0,0,0,0,0,0,0,0,0,0,0,0,0,0,0,0,0,0,0,0,0,0,0,0,0,0,0,0,0,0,0,0,0,0,0,0,0,0,0,0
2889,0,0,0,0,0,0,0,0,0,0,0,0,0,0,0,0,0,0,0,0,0,0,0,0,0,0,0,0,0,0,0,0,0,0,0,0,0,0,0,0,0,0,0,0,0,0,0,0,0,0,0,0,0,0,0,0,0,0,0,0,0,0,0,0,0,0,0,0,0,0,0,0,0,0,0,0,0,0,0,0,0,0,0,0,0,0,0,0,0,0,0,0,0,0,0,0,0,0,0,0,0,0,0,0,0,0,0,0,0,0,0,0,0,0,0,0,0,0,0,0,0,0,0,0,0,0,0,0,0,0,0,0,0,0,0,0,0,0,0,0,0,0,0,0,0,0,0,0,0,0,0,0,0,0,0,0,0,0,0,0,0,0,0,0,0,0,0,0,0,0,0,0,0,0,0,0,0,0,0,0,0,0,0,0,0,0,0,0,0,0,0,0,0,0,0,0,0,0,0,0
2890,0,0,0,0,0,0,0,0,0,0,0,0,0,0,0,0,0,0,0,0,0,0,0,0,0,0,0,0,0,0,0,0,0,0,0,0,0,0,0,0,0,0,0,0,0,0,0,0,0,0,0,0,0,0,0,0,0,0,0,0,0,0,0,0,0,0,0,0,0,0,0,0,0,0,0,0,0,0,0,0,0,0,0,0,0,0,0,0,0,0,0,0,0,0,0,0,0,0,0,0,0,0,0,0,0,0,0,0,0,0,0,0,0,0,0,0,0,0,0,0,0,0,0,0,0,0,0,0,0,0,0,0,0,0,0,0,0,0,0,0,0,0,0,0,0,0,0,0,0,0,0,0,0,0,0,0,0,0,0,0,0,0,0,0,0,0,0,0,0,0,0,0,0,0,0,0,0,0,0,0,0,0,0,0,0,0,0,0,0,0,0,0,0,0,0,0,0,0,0,0
2891,0,0,0,0,0,0,0,0,0,0,0,0,0,0,0,0,0,0,0,0,0,0,0,0,0,0,0,0,0,0,0,0,0,0,0,0,0,0,0,0,0,0,0,0,0,0,0,0,0,0,0,0,0,0,0,0,0,0,0,0,0,0,0,0,0,0,0,0,0,0,0,0,0,0,0,0,0,0,0,0,0,0,0,0,0,0,0,0,0,0,0,0,0,0,0,0,0,0,0,0,0,0,0,0,0,0,0,0,0,0,0,0,0,0,0,0,0,0,0,0,0,0,0,0,0,0,0,0,0,0,0,0,0,0,0,0,0,0,0,0,0,0,0,0,0,0,0,0,0,0,0,0,0,0,0,0,0,0,0,0,0,0,0,0,0,0,0,0,0,0,0,0,0,0,0,0,0,0,0,0,0,0,0,0,0,0,0,0,0,0,0,0,0,0,0,0,0,0,0,0
2892,0,0,0,0,0,0,0,0,0,0,0,0,0,0,0,0,0,0,0,0,0,0,0,0,0,0,0,0,0,0,0,0,0,0,0,0,0,0,0,0,0,0,0,0,0,0,0,0,0,0,0,0,0,0,0,0,0,0,0,0,0,0,0,0,0,0,0,0,0,0,0,0,0,0,0,0,0,0,0,0,0,0,0,0,0,0,0,0,0,0,0,0,0,0,0,0,0,0,0,0,0,0,0,0,0,0,0,0,0,0,0,0,0,0,0,0,0,0,0,0,0,0,0,0,0,0,0,0,0,0,0,0,0,0,0,0,0,0,0,0,0,0,0,0,0,0,0,0,0,0,0,0,0,0,0,0,0,0,0,0,0,0,0,0,0,0,0,0,0,0,0,0,0,0,0,0,0,0,0,0,0,0,0,0,0,0,0,0,0,0,0,0,0,0,0,0,0,0,0,0
2893,0,0,0,0,0,0,0,0,0,0,0,0,0,0,0,0,0,0,0,0,0,0,0,0,0,0,0,0,0,0,0,0,0,0,0,0,0,0,0,0,0,0,0,0,0,0,0,0,0,0,0,0,0,0,0,0,0,0,0,0,0,0,0,0,0,0,0,0,0,0,0,0,0,0,0,0,0,0,0,0,0,0,0,0,0,0,0,0,0,0,0,0,0,0,0,0,0,0,0,0,0,0,0,0,0,0,0,0,0,0,0,0,0,0,0,0,0,0,0,0,0,0,0,0,0,0,0,0,0,0,0,0,0,0,0,0,0,0,0,0,0,0,0,0,0,0,0,0,0,0,0,0,0,0,0,0,0,0,0,0,0,0,0,0,0,0,0,0,0,0,0,0,0,0,0,0,0,0,0,0,0,0,0,0,0,0,0,0,0,0,0,0,0,0,0,0,0,0,0,0
2894,0,0,0,0,0,0,0,0,0,0,0,0,0,0,0,0,0,0,0,0,0,0,0,0,0,0,0,0,0,0,0,0,0,0,0,0,0,0,0,0,0,0,0,0,0,0,0,0,0,0,0,0,0,0,0,0,0,0,0,0,0,0,0,0,0,0,0,0,0,0,0,0,0,0,0,0,0,0,0,0,0,0,0,0,0,0,0,0,0,0,0,0,0,0,0,0,0,0,0,0,0,0,0,0,0,0,0,0,0,0,0,0,0,0,0,0,0,0,0,0,0,0,0,0,0,0,0,0,0,0,0,0,0,0,0,0,0,0,0,0,0,0,0,0,0,0,0,0,0,0,0,0,0,0,0,0,0,0,0,0,0,0,0,0,0,0,0,0,0,0,0,0,0,0,0,0,0,0,0,0,0,0,0,0,0,0,0,0,0,0,0,0,0,0,0,0,0,0,0,0
2895,0,0,0,0,0,0,0,0,0,0,0,0,0,0,0,0,0,0,0,0,0,0,0,0,0,0,0,0,0,0,0,0,0,0,0,0,0,0,0,0,0,0,0,0,0,0,0,0,0,0,0,0,0,0,0,0,0,0,0,0,0,0,0,0,0,0,0,0,0,0,0,0,0,0,0,0,0,0,0,0,0,0,0,0,0,0,0,0,0,0,0,0,0,0,0,0,0,0,0,0,0,0,0,0,0,0,0,0,0,0,0,0,0,0,0,0,0,0,0,0,0,0,0,0,0,0,0,0,0,0,0,0,0,0,0,0,0,0,0,0,0,0,0,0,0,0,0,0,0,0,0,0,0,0,0,0,0,0,0,0,0,0,0,0,0,0,0,0,0,0,0,0,0,0,0,0,0,0,0,0,0,0,0,0,0,0,0,0,0,0,0,0,0,0,0,0,0,0,0,0
2896,0,0,0,0,0,0,0,0,0,0,0,0,0,0,0,0,0,0,0,0,0,0,0,0,0,0,0,0,0,0,0,0,0,0,0,0,0,0,0,0,0,0,0,0,0,0,0,0,0,0,0,0,0,0,0,0,0,0,0,0,0,0,0,0,0,0,0,0,0,0,0,0,0,0,0,0,0,0,0,0,0,0,0,0,0,0,0,0,0,0,0,0,0,0,0,0,0,0,0,0,0,0,0,0,0,0,0,0,0,0,0,0,0,0,0,0,0,0,0,0,0,0,0,0,0,0,0,0,0,0,0,0,0,0,0,0,0,0,0,0,0,0,0,0,0,0,0,0,0,0,0,0,0,0,0,0,0,0,0,0,0,0,0,0,0,0,0,0,0,0,0,0,0,0,0,0,0,0,0,0,0,0,0,0,0,0,0,0,0,0,0,0,0,0,0,0,0,0,0,0
2897,0,0,0,0,0,0,0,0,0,0,0,0,0,0,0,0,0,0,0,0,0,0,0,0,0,0,0,0,0,0,0,0,0,0,0,0,0,0,0,0,0,0,0,0,0,0,0,0,0,0,0,0,0,0,0,0,0,0,0,0,0,0,0,0,0,0,0,0,0,0,0,0,0,0,0,0,0,0,0,0,0,0,0,0,0,0,0,0,0,0,0,0,0,0,0,0,0,0,0,0,0,0,0,0,0,0,0,0,0,0,0,0,0,0,0,0,0,0,0,0,0,0,0,0,0,0,0,0,0,0,0,0,0,0,0,0,0,0,0,0,0,0,0,0,0,0,0,0,0,0,0,0,0,0,0,0,0,0,0,0,0,0,0,0,0,0,0,0,0,0,0,0,0,0,0,0,0,0,0,0,0,0,0,0,0,0,0,0,0,0,0,0,0,0,0,0,0,0,0,0
2898,0,0,0,0,0,0,0,0,0,0,0,0,0,0,0,0,0,0,0,0,0,0,0,0,0,0,0,0,0,0,0,0,0,0,0,0,0,0,0,0,0,0,0,0,0,0,0,0,0,0,0,0,0,0,0,0,0,0,0,0,0,0,0,0,0,0,0,0,0,0,0,0,0,0,0,0,0,0,0,0,0,0,0,0,0,0,0,0,0,0,0,0,0,0,0,0,0,0,0,0,0,0,0,0,0,0,0,0,0,0,0,0,0,0,0,0,0,0,0,0,0,0,0,0,0,0,0,0,0,0,0,0,0,0,0,0,0,0,0,0,0,0,0,0,0,0,0,0,0,0,0,0,0,0,0,0,0,0,0,0,0,0,0,0,0,0,0,0,0,0,0,0,0,0,0,0,0,0,0,0,0,0,0,0,0,0,0,0,0,0,0,0,0,0,0,0,0,0,0,0
2899,0,0,0,0,0,0,0,0,0,0,0,0,0,0,0,0,0,0,0,0,0,0,0,0,0,0,0,0,0,0,0,0,0,0,0,0,0,0,0,0,0,0,0,0,0,0,0,0,0,0,0,0,0,0,0,0,0,0,0,0,0,0,0,0,0,0,0,0,0,0,0,0,0,0,0,0,0,0,0,0,0,0,0,0,0,0,0,0,0,0,0,0,0,0,0,0,0,0,0,0,0,0,0,0,0,0,0,0,0,0,0,0,0,0,0,0,0,0,0,0,0,0,0,0,0,0,0,0,0,0,0,0,0,0,0,0,0,0,0,0,0,0,0,0,0,0,0,0,0,0,0,0,0,0,0,0,0,0,0,0,0,0,0,0,0,0,0,0,0,0,0,0,0,0,0,0,0,0,0,0,0,0,0,0,0,0,0,0,0,0,0,0,0,0,0,0,0,0,0,0
2900,0,0,0,0,0,0,0,0,0,0,0,0,0,0,0,0,0,0,0,0,0,0,0,0,0,0,0,0,0,0,0,0,0,0,0,0,0,0,0,0,0,0,0,0,0,0,0,0,0,0,0,0,0,0,0,0,0,0,0,0,0,0,0,0,0,0,0,0,0,0,0,0,0,0,0,0,0,0,0,0,0,0,0,0,0,0,0,0,0,0,0,0,0,0,0,0,0,0,0,0,0,0,0,0,0,0,0,0,0,0,0,0,0,0,0,0,0,0,0,0,0,0,0,0,0,0,0,0,0,0,0,0,0,0,0,0,0,0,0,0,0,0,0,0,0,0,0,0,0,0,0,0,0,0,0,0,0,0,0,0,0,0,0,0,0,0,0,0,0,0,0,0,0,0,0,0,0,0,0,0,0,0,0,0,0,0,0,0,0,0,0,0,0,0,0,0,0,0,0,0
2901,0,0,0,0,0,0,0,0,0,0,0,0,0,0,0,0,0,0,0,0,0,0,0,0,0,0,0,0,0,0,0,0,0,0,0,0,0,0,0,0,0,0,0,0,0,0,0,0,0,0,0,0,0,0,0,0,0,0,0,0,0,0,0,0,0,0,0,0,0,0,0,0,0,0,0,0,0,0,0,0,0,0,0,0,0,0,0,0,0,0,0,0,0,0,0,0,0,0,0,0,0,0,0,0,0,0,0,0,0,0,0,0,0,0,0,0,0,0,0,0,0,0,0,0,0,0,0,0,0,0,0,0,0,0,0,0,0,0,0,0,0,0,0,0,0,0,0,0,0,0,0,0,0,0,0,0,0,0,0,0,0,0,0,0,0,0,0,0,0,0,0,0,0,0,0,0,0,0,0,0,0,0,0,0,0,0,0,0,0,0,0,0,0,0,0,0,0,0,0,0
2902,0,0,0,0,0,0,0,0,0,0,0,0,0,0,0,0,0,0,0,0,0,0,0,0,0,0,0,0,0,0,0,0,0,0,0,0,0,0,0,0,0,0,0,0,0,0,0,0,0,0,0,0,0,0,0,0,0,0,0,0,0,0,0,0,0,0,0,0,0,0,0,0,0,0,0,0,0,0,0,0,0,0,0,0,0,0,0,0,0,0,0,0,0,0,0,0,0,0,0,0,0,0,0,0,0,0,0,0,0,0,0,0,0,0,0,0,0,0,0,0,0,0,0,0,0,0,0,0,0,0,0,0,0,0,0,0,0,0,0,0,0,0,0,0,0,0,0,0,0,0,0,0,0,0,0,0,0,0,0,0,0,0,0,0,0,0,0,0,0,0,0,0,0,0,0,0,0,0,0,0,0,0,0,0,0,0,0,0,0,0,0,0,0,0,0,0,0,0,0,0
2903,0,0,0,0,0,0,0,0,0,0,0,0,0,0,0,0,0,0,0,0,0,0,0,0,0,0,0,0,0,0,0,0,0,0,0,0,0,0,0,0,0,0,0,0,0,0,0,0,0,0,0,0,0,0,0,0,0,0,0,0,0,0,0,0,0,0,0,0,0,0,0,0,0,0,0,0,0,0,0,0,0,0,0,0,0,0,0,0,0,0,0,0,0,0,0,0,0,0,0,0,0,0,0,0,0,0,0,0,0,0,0,0,0,0,0,0,0,0,0,0,0,0,0,0,0,0,0,0,0,0,0,0,0,0,0,0,0,0,0,0,0,0,0,0,0,0,0,0,0,0,0,0,0,0,0,0,0,0,0,0,0,0,0,0,0,0,0,0,0,0,0,0,0,0,0,0,0,0,0,0,0,0,0,0,0,0,0,0,0,0,0,0,0,0,0,0,0,0,0,0
2904,0,0,0,0,0,0,0,0,0,0,0,0,0,0,0,0,0,0,0,0,0,0,0,0,0,0,0,0,0,0,0,0,0,0,0,0,0,0,0,0,0,0,0,0,0,0,0,0,0,0,0,0,0,0,0,0,0,0,0,0,0,0,0,0,0,0,0,0,0,0,0,0,0,0,0,0,0,0,0,0,0,0,0,0,0,0,0,0,0,0,0,0,0,0,0,0,0,0,0,0,0,0,0,0,0,0,0,0,0,0,0,0,0,0,0,0,0,0,0,0,0,0,0,0,0,0,0,0,0,0,0,0,0,0,0,0,0,0,0,0,0,0,0,0,0,0,0,0,0,0,0,0,0,0,0,0,0,0,0,0,0,0,0,0,0,0,0,0,0,0,0,0,0,0,0,0,0,0,0,0,0,0,0,0,0,0,0,0,0,0,0,0,0,0,0,0,0,0,0,0
2905,0,0,0,0,0,0,0,0,0,0,0,0,0,0,0,0,0,0,0,0,0,0,0,0,0,0,0,0,0,0,0,0,0,0,0,0,0,0,0,0,0,0,0,0,0,0,0,0,0,0,0,0,0,0,0,0,0,0,0,0,0,0,0,0,0,0,0,0,0,0,0,0,0,0,0,0,0,0,0,0,0,0,0,0,0,0,0,0,0,0,0,0,0,0,0,0,0,0,0,0,0,0,0,0,0,0,0,0,0,0,0,0,0,0,0,0,0,0,0,0,0,0,0,0,0,0,0,0,0,0,0,0,0,0,0,0,0,0,0,0,0,0,0,0,0,0,0,0,0,0,0,0,0,0,0,0,0,0,0,0,0,0,0,0,0,0,0,0,0,0,0,0,0,0,0,0,0,0,0,0,0,0,0,0,0,0,0,0,0,0,0,0,0,0,0,0,0,0,0,0
2906,0,0,0,0,0,0,0,0,0,0,0,0,0,0,0,0,0,0,0,0,0,0,0,0,0,0,0,0,0,0,0,0,0,0,0,0,0,0,0,0,0,0,0,0,0,0,0,0,0,0,0,0,0,0,0,0,0,0,0,0,0,0,0,0,0,0,0,0,0,0,0,0,0,0,0,0,0,0,0,0,0,0,0,0,0,0,0,0,0,0,0,0,0,0,0,0,0,0,0,0,0,0,0,0,0,0,0,0,0,0,0,0,0,0,0,0,0,0,0,0,0,0,0,0,0,0,0,0,0,0,0,0,0,0,0,0,0,0,0,0,0,0,0,0,0,0,0,0,0,0,0,0,0,0,0,0,0,0,0,0,0,0,0,0,0,0,0,0,0,0,0,0,0,0,0,0,0,0,0,0,0,0,0,0,0,0,0,0,0,0,0,0,0,0,0,0,0,0,0,0
2907,0,0,0,0,0,0,0,0,0,0,0,0,0,0,0,0,0,0,0,0,0,0,0,0,0,0,0,0,0,0,0,0,0,0,0,0,0,0,0,0,0,0,0,0,0,0,0,0,0,0,0,0,0,0,0,0,0,0,0,0,0,0,0,0,0,0,0,0,0,0,0,0,0,0,0,0,0,0,0,0,0,0,0,0,0,0,0,0,0,0,0,0,0,0,0,0,0,0,0,0,0,0,0,0,0,0,0,0,0,0,0,0,0,0,0,0,0,0,0,0,0,0,0,0,0,0,0,0,0,0,0,0,0,0,0,0,0,0,0,0,0,0,0,0,0,0,0,0,0,0,0,0,0,0,0,0,0,0,0,0,0,0,0,0,0,0,0,0,0,0,0,0,0,0,0,0,0,0,0,0,0,0,0,0,0,0,0,0,0,0,0,0,0,0,0,0,0,0,0,0
2908,0,0,0,0,0,0,0,0,0,0,0,0,0,0,0,0,0,0,0,0,0,0,0,0,0,0,0,0,0,0,0,0,0,0,0,0,0,0,0,0,0,0,0,0,0,0,0,0,0,0,0,0,0,0,0,0,0,0,0,0,0,0,0,0,0,0,0,0,0,0,0,0,0,0,0,0,0,0,0,0,0,0,0,0,0,0,0,0,0,0,0,0,0,0,0,0,0,0,0,0,0,0,0,0,0,0,0,0,0,0,0,0,0,0,0,0,0,0,0,0,0,0,0,0,0,0,0,0,0,0,0,0,0,0,0,0,0,0,0,0,0,0,0,0,0,0,0,0,0,0,0,0,0,0,0,0,0,0,0,0,0,0,0,0,0,0,0,0,0,0,0,0,0,0,0,0,0,0,0,0,0,0,0,0,0,0,0,0,0,0,0,0,0,0,0,0,0,0,0,0
2909,0,0,0,0,0,0,0,0,0,0,0,0,0,0,0,0,0,0,0,0,0,0,0,0,0,0,0,0,0,0,0,0,0,0,0,0,0,0,0,0,0,0,0,0,0,0,0,0,0,0,0,0,0,0,0,0,0,0,0,0,0,0,0,0,0,0,0,0,0,0,0,0,0,0,0,0,0,0,0,0,0,0,0,0,0,0,0,0,0,0,0,0,0,0,0,0,0,0.0000000000,0,0,0,0,0,0,0,0,0,0,0,0,0,0,0,0,0,0,0,0,0,0,0,0,0,0,0,0,0,0,0,0,0,0,0,0,0,0,0,0,0,0,0,0,0,0,0,0,0,0,0,0,0,0,0,0,0,0,0,0,0,0,0,0,0,0,0,0,0,0,0,0,0,0,0,0,0,0,0,0,0,0,0,0,0,0,0,0,0,0,0,0,0,0,0,0,0,0,0,0,0,0
2910,0,0,0,0,0,0,0,0,0,0,0,0,0,0,0,0,0,0,0,0,0,0,0,0,0,0,0,0,0,0,0,0,0,0,0,0,0,0,0,0,0,0,0,0,0,0,0,0,0,0,0,0,0,0,0,0,0,0,0,0,0,0,0,0,0,0,0,0,0,0,0,0,0,0,0,0,0,0,0,0,0,0,0,0,0,0,0,0,0,0,0,0,0,0,0,0,0,0,0,0,0,0,0,0,0,0,0,0,0,0,0,0,0,0,0,0,0,0,0,0,0,0,0,0,0,0,0,0,0,0,0,0,0,0,0,0,0,0,0,0,0,0,0,0,0,0,0,0,0,0,0,0,0,0,0,0,0,0,0,0,0,0,0,0,0,0,0,0,0,0,0,0,0,0,0,0,0,0,0,0,0,0,0,0,0,0,0,0,0,0,0,0,0,0,0,0,0,0,0,0
2911,0,0,0,0,0,0,0,0,0,0,0,0,0,0,0,0,0,0,0,0,0,0,0,0,0,0,0,0,0,0,0,0,0,0,0,0,0,0,0,0,0,0,0,0,0,0,0,0,0,0,0,0,0,0,0,0,0,0,0,0,0,0,0,0,0,0,0,0,0,0,0,0,0,0,0,0,0,0,0,0,0,0,0,0,0,0,0,0,0,0,0,0,0,0,0,0,0,0,0,0,0,0,0,0,0,0,0,0,0,0,0,0,0,0,0,0,0,0,0,0,0,0,0,0,0,0,0,0,0,0,0,0,0,0,0,0,0,0,0,0,0,0,0,0,0,0,0,0,0,0,0,0,0,0,0,0,0,0,0,0,0,0,0,0,0,0,0,0,0,0,0,0,0,0,0,0,0,0,0,0,0,0,0,0,0,0,0,0,0,0,0,0,0,0,0,0,0,0,0,0
2912,0,0,0,0,0,0,0,0,0,0,0,0,0,0,0,0,0,0,0,0,0,0,0,0,0,0,0,0,0,0,0,0,0,0,0,0,0,0,0,0,0,0,0,0,0,0,0,0,0,0,0,0,0,0,0,0,0,0,0,0,0,0,0,0,0,0,0,0,0,0,0,0,0,0,0,0,0,0,0,0,0,0,0,0,0,0,0,0,0,0,0,0,0,0,0,0,0,0,0,0,0,0,0,0,0,0,0,0,0,0,0,0,0,0,0,0,0,0,0,0,0,0,0,0,0,0,0,0,0,0,0,0,0,0,0,0,0,0,0,0,0,0,0,0,0,0,0,0,0,0,0,0,0,0,0,0,0,0,0,0,0,0,0,0,0,0,0,0,0,0,0,0,0,0,0,0,0,0,0,0,0,0,0,0,0,0,0,0,0,0,0,0,0,0,0,0,0,0,0,0
2913,0,0,0,0,0,0,0,0,0,0,0,0,0,0,0,0,0,0,0,0,0,0,0,0,0,0,0,0,0,0,0,0,0,0,0,0,0,0,0,0,0,0,0,0,0,0,0,0,0,0,0,0.0000000000,0,0,0,0,0,0,0,0,0,0,0,0,0,0,0,0,0,0,0,0,0,0,0,0,0,0,0,0,0,0,0,0,0,0,0,0,0,0,0,0,0,0,0,0,0,0,0,0,0,0,0,0,0,0,0,0,0,0,0,0,0,0,0,0,0,0,0,0,0,0,0,0,0,0,0,0,0,0,0,0,0,0,0,0,0,0,0,0,0,0,0,0,0,0,0,0,0,0,0,0,0,0,0,0,0,0,0,0,0,0,0,0,0,0,0,0,0,0,0,0,0,0,0,0,0,0,0,0,0,0,0,0,0,0,0,0,0,0,0,0,0,0,0,0,0,0,0,0
2914,0,0,0,0,0,0,0,0,0,0,0,0,0,0,0,0,0,0,0,0,0,0,0,0,0,0,0,0,0,0,0,0,0,0,0,0,0,0,0,0,0,0,0,0,0,0,0,0,0,0,0,0,0,0,0,0,0,0,0,0,0,0,0,0,0,0,0,0,0,0,0,0,0,0,0,0,0,0,0,0,0,0,0,0,0,0,0,0,0,0,0,0,0,0,0,0,0,0,0,0,0,0,0,0,0,0,0,0,0,0,0,0,0,0,0,0,0,0,0,0,0,0,0,0,0,0,0,0,0,0,0,0,0,0,0,0,0,0,0,0,0,0,0,0,0,0,0,0,0,0,0,0,0,0,0,0,0,0,0,0,0,0,0,0,0,0,0,0,0,0,0,0,0,0,0,0,0,0,0,0,0,0,0,0,0,0,0,0,0,0,0,0,0,0,0,0,0,0,0,0
2915,0,0,0,0,0,0,0,0,0,0,0,0,0,0,0,0,0,0,0,0,0,0,0,0,0,0,0,0,0,0,0,0,0,0,0,0,0,0,0,0,0,0,0,0,0,0,0,0,0,0,0,0,0,0,0,0,0,0,0,0,0,0,0,0,0,0,0,0,0,0,0,0,0,0,0,0,0,0,0,0,0,0,0,0,0,0,0,0,0,0,0,0,0,0,0,0,0,0,0,0,0,0,0,0,0,0,0,0,0,0,0,0,0,0,0,0,0,0,0,0,0,0,0,0,0,0,0,0,0,0,0,0,0,0,0,0,0,0,0,0,0,0,0,0,0,0,0,0,0,0,0,0,0,0,0,0,0,0,0,0,0,0,0,0,0,0,0,0,0,0,0,0,0,0,0,0,0,0,0,0,0,0,0,0,0,0,0,0,0,0,0,0,0,0,0,0,0,0,0,0
2916,0,0,0,0,0,0,0,0,0,0,0,0,0,0,0,0,0,0,0,0,0,0,0,0,0,0,0,0,0,0,0,0,0,0,0,0,0,0,0,0,0,0,0,0,0,0,0,0,0,0,0,0,0,0,0,0,0,0,0,0,0,0,0,0,0,0,0,0,0,0,0,0,0,0,0,0,0,0,0,0,0,0,0,0,0,0,0,0,0,0,0,0,0,0,0,0,0,0,0,0,0,0,0,0,0,0,0,0,0,0,0,0,0,0,0,0,0,0,0.0000000000,0,0,0,0,0,0,0,0,0,0,0,0,0,0,0,0,0,0,0,0,0,0,0,0,0,0,0,0,0,0,0,0,0,0,0,0,0,0,0,0,0,0,0,0,0,0,0,0,0,0,0,0,0,0,0,0,0,0,0,0,0,0,0,0,0,0,0,0,0,0,0,0,0,0,0,0,0,0,0,0,0
2917,0,0,0,0,0,0,0,0,0,0,0,0,0,0,0,0,0,0,0,0,0,0,0,0,0,0,0,0,0,0,0,0,0,0,0,0,0,0,0,0,0,0,0,0,0,0,0,0,0,0,0,0,0,0,0,0,0,0,0,0,0,0,0,0,0,0,0,0,0,0,0,0,0,0,0,0,0,0,0,0,0,0,0,0,0,0,0,0,0,0,0,0,0,0,0,0,0,0,0,0,0,0,0,0,0,0,0,0,0,0,0,0,0,0,0,0,0,0,0,0,0,0,0,0,0,0,0,0,0,0,0,0,0,0,0,0,0,0,0,0,0,0,0,0,0,0,0,0,0,0,0,0,0,0,0,0,0,0,0,0,0,0,0,0,0,0,0,0,0,0,0,0,0,0,0,0,0,0,0,0,0,0,0,0,0,0,0,0,0,0,0,0,0,0,0,0,0,0,0,0
2918,0,0,0,0,0,0,0,0,0,0,0,0,0,0,0,0,0,0,0,0,0,0,0,0,0,0,0,0,0,0,0,0,0,0,0,0,0,0,0,0,0,0,0,0,0,0,0,0,0,0,0,0,0,0,0,0,0,0,0,0,0,0,0,0,0,0,0,0,0,0,0,0,0,0,0,0,0,0,0,0,0,0,0,0,0,0,0,0,0,0,0,0,0,0,0,0,0,0,0,0,0,0,0,0,0,0,0,0,0,0,0,0,0,0,0,0,0,0,0,0,0,0,0,0,0,0,0,0,0,0,0,0,0,0,0,0,0,0,0,0,0,0,0,0,0,0,0,0,0,0,0,0,0,0,0,0,0,0,0,0,0,0,0,0,0,0,0,0,0,0,0,0,0,0,0,0,0,0,0,0,0,0,0,0,0,0,0,0,0,0,0,0,0,0,0,0,0,0,0,0
2919,0,0,0,0,0,0,0,0,0,0,0,0,0,0,0,0,0,0,0,0,0,0,0,0,0,0,0,0,0,0,0,0,0,0,0,0,0,0,0,0,0,0,0,0,0,0,0,0,0,0,0,0,0,0,0,0,0,0,0,0,0,0,0,0,0,0,0,0,0,0,0,0,0,0,0,0,0,0,0,0,0,0,0,0,0,0,0,0,0,0,0,0,0,0,0,0,0,0,0,0,0,0,0,0,0,0,0,0,0,0,0,0,0,0,0,0,0,0,0,0,0,0,0,0,0,0,0,0,0,0,0,0,0,0,0,0,0,0,0,0,0,0,0,0,0,0,0,0,0,0,0,0,0,0,0,0,0,0,0,0,0,0,0,0,0,0,0,0,0,0,0,0,0,0,0,0,0,0,0,0,0,0,0,0,0,0,0,0,0,0,0,0,0,0,0,0,0,0,0,0
2920,0,0,0,0,0,0,0,0,0,0,0,0,0,0,0,0,0,0,0,0,0,0,0,0,0,0,0,0,0,0,0,0,0,0,0,0,0,0,0,0,0,0,0,0,0,0,0,0,0,0,0,0,0,0,0,0,0,0,0,0,0,0,0,0,0,0,0,0,0,0,0,0,0,0,0,0,0,0,0,0,0,0,0,0,0,0,0,0,0,0,0,0,0,0,0,0,0,0,0,0,0,0,0,0,0,0,0,0,0,0,0,0,0,0,0,0,0,0,0,0,0,0,0,0,0,0,0,0,0,0,0,0,0,0,0,0,0,0,0,0,0,0,0,0,0,0,0,0,0,0,0,0,0,0,0,0,0,0,0,0,0,0,0,0,0,0,0,0,0,0,0,0,0,0,0,0,0,0,0,0,0,0,0,0,0,0,0,0,0,0,0,0,0,0,0,0,0,0,0,0
2921,0,0,0,0,0,0,0,0,0,0,0,0,0,0,0,0,0,0,0,0,0,0,0,0,0,0,0,0,0,0,0,0,0,0,0,0,0,0,0,0,0,0,0,0,0,0,0,0,0,0,0,0,0,0,0,0,0,0,0,0,0,0,0,0,0,0,0,0,0,0,0,0,0,0,0,0,0,0,0,0,0,0,0,0,0,0,0,0,0,0,0,0,0,0,0,0,0,0,0,0,0,0,0,0,0,0,0,0,0,0,0,0,0,0,0,0,0,0,0,0,0,0,0,0,0,0,0,0,0,0,0,0,0,0,0,0,0,0,0,0,0,0,0,0,0,0,0,0,0,0,0,0,0,0,0,0,0,0,0,0,0,0,0,0,0,0,0,0,0,0,0,0,0,0,0,0,0,0,0,0,0,0,0,0,0,0,0,0,0,0,0,0,0,0,0,0,0,0,0,0
2922,0,0,0,0,0,0,0,0,0,0,0,0,0,0,0,0,0,0,0,0,0,0,0,0,0,0,0,0,0,0,0,0,0,0,0,0,0,0,0,0,0,0,0,0,0,0,0,0,0,0,0,0,0,0,0,0,0,0,0,0,0,0,0,0,0,0,0,0,0,0,0,0,0,0,0,0,0,0,0,0,0,0,0,0,0,0,0,0,0,0,0,0,0,0,0,0,0,0,0,0,0,0,0,0,0,0,0,0,0,0,0,0,0,0,0,0,0,0,0,0,0,0,0,0,0,0,0,0,0,0,0,0,0,0,0,0,0,0,0,0,0,0,0,0,0,0,0,0,0,0,0,0,0,0,0,0,0,0,0,0,0,0,0,0,0,0,0,0,0,0,0,0,0,0,0,0,0,0,0,0,0,0,0,0,0,0,0,0,0,0,0,0,0,0,0,0,0,0,0,0
2923,67662.5590821444,66530.5572839645,79427.0736778391,80663.3641980720,12272.5301592089,92198.9860949657,73081.2602367341,40357.8015319515,86454.5781051675,31681.3892377186,45576.5206675173,43661.6984167426,35765.3523930940,50466.4910414459,69564.8366931212,56692.2551036975,62990.9468228537,15803.1937253235,41635.1505144431,70254.0281651348,51755.3437708519,18043.7364036747,29607.9079737402,31477.4343116307,53533.1992942292,79493.3100490957,22820.5268510762,52426.2064819589,14774.6498931274,82461.1109932084,56729.4375471655,53166.9418482164,54575.4615726511,61334.3901052202,42682.8901162275,68445.7822044214,46432.0257317906,39974.0090166861,32903.4928685668,46000.3475832722,62749.9597538259,74931.2663564112,1513.9223797087,40297.8648153867,27182.9252657121,54278.3974236524,65960.9065437315,76540.8715987822,29388.0753831627,33854.3937690222,44597.9715086402,63565.1704323032,21170.9701509151,78797.3055182117,60253.2363099901,26695.4807898553,20185.2019203963,11792.4294155109,32031.4716760415,22968.2832488659,53610.5148108973,58618.7861420622,20634.3947569044,69339.6508694088,44282.1113804486,47223.9356023750,40323.1476828557,79816.9297856435,80202.4519219667,74454.8121006697,59835.4935969825,43011.3542167784,42504.0022084056,44499.9767490529,54916.0527756892,25238.1385389279,57395.6805069838,71203.2397646537,19431.8158276410,57882.8232397184,35170.0952588316,89450.8313231753,15963.5155187126,37400.4690811886,28641.3023957190,70274.9154306258,54970.8185148199,73077.5622534546,34248.4736489601,61814.2815490368,65043.5524121569,74169.8794836866,86665.9406013262,37878.8188809166,12130.3439953443,48719.8193293696,51680.1085232859,73969.7402602565,54726.9349536849,26137.4737896423,19042.2853125279,47618.9245010013,61845.5558305619,34930.5384308570,50945.8434682928,33759.9468985338,49078.9790145451,62269.9014309051,33686.8921238514,52012.0848738552,60977.2661818771,49598.3537848252,77704.6659523596,31749.6906261206,47136.2395528906,44453.9835370653,10379.2868878899,37047.9702187686,30042.5808416515,38842.7577368672,20735.0072357255,41681.8430954047,58792.7993184157,27729.1731476401,38742.3666722852,25330.9474215668,47103.1843721968,38283.2491768041,63986.8561891192,66844.9319658071,25234.6060678839,50080.0746628986,22452.6453752088,18048.7733022591,73319.6481532768,14441.3932474840,42294.3411393923,22625.5113954001,77378.5189069053,17795.8949806513,26073.1263474018,59242.0316971318,47302.4752207330,67135.7441436644,35000.3082263065,7612.5326110444,60979.2654882180,34920.9844493615,46343.9643467767,69216.0470176657,42058.7211425456,64001.3635023232,17742.5374711280,76363.6947629886,79233.2467424047,66371.2074617057,40024.8019572813,13765.0475146700,53027.3689259292,25818.3176014799,9631.5088128610,57728.3229545319,61920.1676172556,27222.4720022233,81738.8252987160,29422.6045955690,7137.5653475023,47263.7520329563,35909.1987222267,86525.9842432936,32266.4409801288,20133.5503975276,54266.1336352301,70101.7687806539,36672.7279315131,80041.5022310221,6343.0566383104,70208.7349496484,46851.8766706539,45480.4577374254,51559.6094975601,43192.6753671629,74960.8232506696,42777.4572975910,25799.6059831819,84487.9414538063,28508.1709253223,56134.5255652034,57412.4873422227,67043.9865689799,41229.4249213654,58224.5591313411,40013.1587119860,37547.1632839308,93406.0650732504,49587.6909189934,32082.8553969938,61499.8268820433,50470.0882472396,42627.6514304158
2924,0,0,0,0,0,0,0,0,0,0,0,0,0,0,0,0,0,0,0,0,0,0,0,0,0,0,0,0,0,0,0,0,0,0,0,0,0,0,0,0,0,0,0,0,0,0,0,0,0,0,0,0,0,0,0,0,0,0,0,0,0,0,0,0,0,0,0,0,0,0,0,0,0,0,0,0,0,0,0,0,0,0,0,0,0,0,0,0,0,0,0,0,0,0,0,0,0,0,0,0,0,0,0,0,0,0,0,0,0,0,0,0,0,0,0,0,0,0,0,0,0,0,0,0,0,0,0,0,0,0,0,0,0,0,0,0,0,0,0,0,0,0,0,0,0,0,0,0,0,0,0,0,0,0,0,0,0,0,0,0,0,0,0,0,0,0,0,0,0,0,0,0,0,0,0,0,0,0,0,0,0,0,0,0,0,0,0,0,0,0,0,0,0,0,0,0,0,0,0,0
2925,0,0,0,0,0,0,0,0,0,0,0,0,0,0,0,0,0,0,0,0,0,0,0,0,0,0,0,0,0,0,0,0,0,0,0,0,0,0,0,0,0,0,0,0,0,0,0,0,0,0,0,0,0,0,0,0,0,0,0,0,0,0,0,0,0,0,0,0,0,0,0,0,0,0,0,0,0,0,0,0,0,0,0,0,0,0,0,0,0,0,0,0,0,0,0,0,0,0,0,0,0,0,0,0,0,0,0,0,0,0,0,0,0,0,0,0,0,0,0,0,0,0,0,0,0,0,0,0,0,0,0,0,0,0,0,0,0,0,0,0,0,0,0,0,0,0,0,0,0,0,0,0,0,0,0,0,0,0,0,0,0,0,0,0,0,0,0,0,0,0,0,0,0,0,0,0,0,0,0,0,0,0,0,0,0,0,0,0,0,0,0,0,0,0,0,0,0,0,0,0
2926,0,0,0,0,0,0,0,0,0,0,0,0,0,0,0,0,0,0,0,0,0,0,0,0,0,0,0,0,0,0,0,0,0,0,0,0,0,0,0,0,0,0,0,0,0,0,0,0,0,0,0,0,0,0,0,0,0,0,0,0,0,0,0,0,0,0,0,0,0,0,0,0,0,0,0,0,0,0,0,0,0,0,0,0,0,0,0,0,0,0,0,0,0,0,0,0,0,0,0,0,0,0,0,0,0,0,0,0,0,0,0,0,0,0,0,0,0,0,0,0,0,0,0,0,0,0,0,0,0,0,0,0,0,0,0,0,0,0,0,0,0,0,0,0,0,0,0,0,0,0,0,0,0,0,0,0,0,0,0,0,0,0,0,0,0,0,0,0,0,0,0,0,0,0,0,0,0,0,0,0,0,0,0,0,0,0,0,0,0,0,0,0,0,0,0,0,0,0,0,0
2927,0,0,0,0,0,0,0,0,0,0,0,0,0,0,0,0,0,0,0,0,0,0,0,0,0,0,0,0,0,0,0,0,0,0,0,0,0,0,0,0,0,0,0,0,0,0,0,0,0,0,0,0,0,0,0,0,0,0,0,0,0,0,0,0,0,0,0,0,0,0,0,0,0,0,0,0,0,0,0,0,0,0,0,0,0,0,0,0,0,0,0,0,0,0,0,0,0,0,0,0,0,0,0,0,0,0,0,0,0,0,0,0,0,0,0,0,0,0,0,0,0,0,0,0,0,0,0,0,0,0,0,0,0,0,0,0,0,0,0,0,0,0,0,0,0,0,0,0,0,0,0,0,0,0,0,0,0,0,0,0,0,0,0,0,0,0,0,0,0,0,0,0,0,0,0,0,0,0,0,0,0,0,0,0,0,0,0,0,0,0,0,0,0,0,0,0,0,0,0,0
2928,0,0,0,0,0,0,0,0,0,0,0,0,0,0,0,0,0,0,0,0,0,0,0,0,0,0,0,0,0,0,0,0,0,0,0,0,0,0,0,0,0,0,0,0,0,0,0,0,0,0,0,0,0,0,0,0,0,0,0,0,0,0,0,0,0,0,0,0,0,0,0,0,0,0,0,0,0,0,0,0,0,0,0,0,0,0,0,0,0,0,0,0,0,0,0,0,0,0,0,0,0,0,0,0,0,0,0,0,0,0,0,0,0,0,0,0,0,0,0,0,0,0,0,0,0,0,0,0,0,0,0,0,0,0,0,0,0,0,0,0,0,0,0,0,0,0,0,0,0,0,0,0,0,0,0,0,0,0,0,0,0,0,0,0,0,0,0,0,0,0,0,0,0,0,0,0,0,0,0,0,0,0,0,0,0,0,0,0,0,0,0,0,0,0,0,0,0,0,0,0
2929,0,0,0,0,0,0,0,0,0,0,0,0,0,0,0,0,0,0,0,0,0,0,0,0,0,0,0,0,0,0,0,0,0,0,0,0,0,0,0,0,0,0,0,0,0,0,0,0,0,0,0,0,0,0,0,0,0,0,0,0,0,0,0,0,0,0,0,0,0,0,0,0,0,0,0,0,0,0,0,0,0,0,0,0,0,0,0,0,0,0,0,0,0,0,0,0,0,0,0,0,0,0,0,0,0,0,0,0,0,0,0,0,0,0,0,0,0,0,0,0,0,0,0,0,0,0,0,0,0,0,0,0,0,0,0,0,0,0,0,0,0,0,0,0,0,0,0,0,0,0,0,0,0,0,0,0,0,0,0,0,0,0,0,0,0,0,0,0,0,0,0,0,0,0,0,0,0,0,0,0,0,0,0,0,0,0,0,0,0,0,0,0,0,0,0,0,0,0,0,0
2930,0,0,0,0,0,0,0,0,0,0,0,0,0,0,0,0,0,0,0,0,0,0,0,0,0,0,0,0,0,0,0,0,0,0,0,0,0,0,0,0,0,0,0,0,0,0,0,0,0,0,0,0,0,0,0,0,0,0,0,0,0,0,0,0,0,0,0,0,0,0,0,0,0,0,0,0,0,0,0,0,0,0,0,0,0,0,0,0,0,0,0,0,0,0,0,0,0,0,0,0,0,0,0,0,0,0,0,0,0,0,0,0,0,0,0,0,0,0,0,0,0,0,0,0,0,0,0,0,0,0,0,0,0,0,0,0,0,0,0,0,0,0,0,0,0,0,0,0,0,0,0,0,0,0,0,0,0,0,0,0,0,0,0,0,0,0,0,0,0,0,0,0,0,0,0,0,0,0,0,0,0,0,0,0,0,0,0,0,0,0,0,0,0,0,0,0,0,0,0,0
2931,0,0,0,0,0,0,0,0,0,0,0,0,0,0,0,0,0,0,0,0,0,0,0,0,0,0,0,0,0,0,0,0,0,0,0,0,0,0,0,0,0,0,0,0,0,0,0,0,0,0,0,0,0,0,0,0,0,0,0,0,0,0,0,0,0,0,0,0,0,0,0,0,0,0,0,0,0,0,0,0,0,0,0,0,0,0,0,0,0,0,0,0,0,0,0,0,0,0,0,0,0,0,0,0,0,0,0,0,0,0,0,0,0,0,0,0,0,0,0,0,0,0,0,0,0,0,0,0,0,0,0,0,0,0,0,0,0,0,0,0,0,0,0,0,0,0,0,0,0,0,0,0,0,0,0,0,0,0,0,0,0,0,0,0,0,0,0,0,0,0,0,0,0,0,0,0,0,0,0,0,0,0,0,0,0,0.0000000000,0,0,0,0,0,0,0,0,0,0,0,0,0,0
2932,0,0,0,0,0,0,0,0,0,0,0,0,0,0,0,0,0,0,0,0,0,0,0,0,0,0,0,0,0,0,0,0,0,0,0,0,0,0,0,0,0,0,0,0,0,0,0,0,0,0,0,0,0,0,0,0,0,0,0,0,0,0,0,0,0,0,0,0,0,0,0,0,0,0,0,0,0,0,0,0,0,0,0,0,0,0,0,0,0,0,0,0,0,0,0,0,0,0,0,0,0,0,0,0,0,0,0,0,0,0,0,0,0,0,0,0,0,0,0,0,0,0,0,0,0,0,0,0,0,0,0,0,0,0,0,0,0,0,0,0,0,0,0,0,0,0,0,0,0,0,0,0,0,0,0,0,0,0,0,0,0,0,0,0,0,0,0,0,0,0,0,0,0,0,0,0,0,0,0,0,0,0,0,0,0,0,0,0,0,0,0,0,0,0,0,0,0,0,0,0
2933,0,0,0,0,0,0,0,0,0,0,0,0,0,0,0,0,0,0,0,0,0,0,0,0,0,0,0,0,0,0,0,0,0,0,0,0,0,0,0,0,0,0,0,0,0,0,0,0,0,0,0,0,0,0,0,0,0,0,0,0,0,0,0,0,0,0,0,0,0,0,0,0,0,0,0,0,0,0,0,0,0,0,0,0,0,0,0,0,0,0,0,0,0,0,0,0,0,0,0,0,0,0,0,0,0,0,0,0,0,0,0,0,0,0,0,0,0,0,0,0,0,0,0,0,0,0,0,0,0,0,0,0,0,0,0,0,0,0,0,0,0,0,0,0,0,0,0,0,0,0,0,0,0,0,0,0,0,0,0,0,0,0,0,0,0,0,0,0,0,0,0,0,0,0,0,0,0,0,0,0,0,0,0,0,0,0,0,0,0,0,0,0,0,0,0,0,0,0,0,0
2934,107492.5208713175,35502.1609217202,64344.7652921307,129430.7271426682,58622.0280766639,107149.9295823347,26962.7361661742,60862.4641284709,134582.0607453481,18334.6998866904,95100.7058314856,46808.4670920959,78389.4777148277,36730.9204558469,75118.7047598236,8684.3791455625,109984.2544992496,53518.4327412664,23026.0662538444,88933.8701535197,16033.7085580870,36400.8497003330,37754.3475376394,79835.0347215677,55204.2724104800,123956.5309983927,71793.4090289679,96052.6245327326,37224.6151788997,91507.6099712750,72333.8237301632,36315.0350180503,91951.5766622902,110446.2626278934,90366.2287776182,63478.0048667929,95233.6561760576,24768.8544396072,67602.3542595827,6589.4784630364,13988.3168994237,123816.7153808330,50058.5093468914,48105.8581261266,50840.5822931499,21491.1187905989,109840.4934711712,123627.1462478282,24444.4419879175,83433.6157583323,11094.3090509101,22951.9829205591,65928.6311732999,100291.0221665584,51700.5779344684,28381.4861290818,69095.3504000263,61148.6279881817,79220.4336568210,47040.3196410415,101721.9149542820,66144.1139567641,28964.8922761004,105219.2429964308,82727.7364370245,58202.0693804515,14690.6631203668,82948.4976115620,96037.7613625585,116521.1983600832,80899.8046117455,37182.5140474253,87479.6174298723,41573.1599958639,101068.6858032617,58786.0924818079,31099.8520263551,116720.5010674026,41524.3377484643,98664.8614290856,15614.6234336158,108531.5430465949,41634.7422219685,86408.9729564717,69495.6599522090,118403.1316722111,10139.8736803197,86746.7004647360,62221.0354673359,62614.9230095708,77703.3324425771,74237.2656833388,98921.8276631612,87033.2974080505,57631.6675708092,28299.4604414795,101056.6722663406,82752.8262010903,5914.2751118173,75680.1490309764,45184.2978224519,28789.4411396197,27277.7430437164,53289.2905962591,100026.2156863124,30807.1651601448,67334.8324836356,99862.9758171374,21480.4760591981,48212.6515425781,109192.0729501183,90909.5303913552,125845.9389630424,45014.7208192199,17926.6778592613,93923.2339886398,51228.9225044077,37272.1457525013,79046.4400144004,11053.8634965297,60543.1803896968,31641.8256454151,103273.8789472425,22320.8744432378,29585.0772395662,25275.0387790644,9921.1889477618,17700.9390499003,106006.1030773870,57468.1375326976,72072.3976766365,8948.6776687332,29749.0146876769,67612.5785115675,117332.9884181165,35639.8436548736,84639.7636856195,35017.2538661633,123191.1299554110,65849.3720948011,73674.6524582564,56224.2172647145,50358.9073882109,69337.0632523017,74365.4270320945,56902.4461671547,15854.4566308262,24007.0115857848,22463.6463755445,116189.5560492685,8216.7764092937,72935.5354969497,64939.2112576397,95259.4866517779,91741.5849626416,83075.1245261557,89604.2177638288,63055.2116346451,60559.5275237858,42493.9831380453,51082.4625345651,18867.3541851003,107563.8482236975,64540.5027319322,130924.6700453932,56649.4659223130,55630.4764939752,93020.1043049924,81486.6452769626,102461.7260317159,81542.4023072454,30911.4181179534,76462.4350709054,68240.7967053000,84762.6851944488,86217.9989896275,45521.8696292426,111518.2392474185,90490.0717702336,36769.7508910554,98735.3374568794,58747.2374304623,91192.5001716279,91434.1246537595,74718.9893156096,103323.2461512257,32104.4868203768,105141.9008011217,104849.3048340009,105074.7803205449,90608.0175607263,69997.7202529732,80454.1270342495,43092.8562104310,110584.0045259372,88001.5451950744,26449.9442112680,78360.0656319718,63269.2482124377,53943.3785402525
2935,0,0,0,0,0,0,0,0,0,0,0,0,0,0,0,0,0,0,0,0,0,0,0,0,0,0,0,0,0,0,0,0,0,0,0,0,0,0,0,0,0,0,0,0,0,0,0,0,0,0,0,0,0,0,0,0,0,0,0,0,0,0,0,0,0,0,0,0,0,0,0,0,0,0,0,0,0,0,0,0,0,0,0,0,0,0,0,0,0,0,0,0,0,0,0,0,0,0,0,0,0,0,0,0,0,0,0,0,0,0,0,0,0,0,0,0,0,0,0,0,0,0,0,0,0,0,0,0,0,0,0,0,0,0,0,0,0,0,0,0,0,0,0,0,0,0,0,0,0,0,0,0,0,0,0,0,0,0,0,0,0,0,0,0,0,0,0,0,0,0,0,0,0,0,0,0,0,0,0,0,0,0,0,0,0,0,0,0,0,0,0,0,0,0,0,0,0,0,0,0
2936,0,0,0,0,0,0,0,0,0,0,0,0,0,0,0,0,0,0,0,0,0,0,0,0,0,0,0,0,0,0,0,0,0,0,0,0,0,0,0,0,0,0,0,0,0,0,0,0,0,0,0,0,0,0,0,0,0,0,0,0,0,0,0,0,0,0,0,0,0,0,0,0,0,0,0,0,0,0,0,0,0,0,0,0,0,0,0,0,0,0,0,0,0,0,0,0,0,0,0,0,0,0,0,0,0,0,0,0,0,0,0,0,0,0,0,0,0,0,0,0,0,0,0,0,0,0,0,0,0,0,0,0,0,0,0,0,0,0,0,0,0,0,0,0,0,0,0,0,0,0,0,0,0,0,0,0,0,0,0,0,0,0,0,0,0,0,0,0,0,0,0,0,0,0,0,0,0,0,0,0,0,0,0,0,0,0,0,0,0,0,0,0,0,0,0,0,0,0,0,0
2937,0,0,0,0,0,0,0,0,0,0,0,0,0,0,0,0,0,0,0,0,0,0,0,0,0,0,0,0,0,0,0,0,0,0,0,0,0,0,0,0,0,0,0,0,0,0,0,0,0,0,0,0,0,0,0,0,0,0,0,0,0,0,0,0,0,0,0,0,0,0,0,0,0,0,0,0,0,0,0,0,0,0,0,0,0,0,0,0,0,0,0,0,0,0,0,0,0,0,0,0,0,0,0,0,0,0,0,0,0,0,0,0,0,0,0,0,0,0,0,0,0,0,0,0,0,0,0,0,0,0,0,0,0,0,0,0,0,0,0,0,0,0,0,0,0,0,0,0,0,0,0,0,0,0,0,0,0,0,0,0,0,0,0,0,0,0,0,0,0,0,0,0,0,0,0,0,0,0,0,0,0,0,0,0,0,0,0,0,0,0,0,0,0,0,0,0,0,0,0,0
2938,0,0,0,0,0,0,0,0,0,0,0,0,0,0,0,0,0,0,0,0,0,0,0,0,0,0,0,0,0,0,0,0,0,0,0,0,0,0,0,0,0,0,0,0,0,0,0,0,0,0,0,0,0,0,0,0,0,0,0,0,0,0,0,0,0,0,0,0,0,0,0,0,0,0,0,0,0,0,0,0,0,0,0,0,0,0,0,0,0,0,0,0,0,0,0,0,0,0,0,0,0,0,0,0,0,0,0,0,0,0,0,0,0,0,0,0,0,0,0,0,0,0,0,0,0,0,0,0,0,0,0,0,0,0,0,0,0,0,0,0,0,0,0,0,0,0,0,0,0,0,0,0,0,0,0,0,0,0,0,0,0,0,0,0,0,0,0,0,0,0,0,0,0,0,0,0,0,0,0,0,0,0,0,0,0,0,0,0,0,0,0,0,0,0,0,0,0,0,0,0
2939,0,0,0,0,0,0,0,0,0,0,0,0,0,0,0,0,0,0,0,0,0,0,0,0,0,0,0,0,0,0,0,0,0,0,0,0,0,0,0,0,0,0,0,0,0,0,0,0,0,0,0,0,0,0,0,0,0,0,0,0,0,0,0,0,0,0,0,0,0,0,0,0,0,0,0,0,0,0,0,0,0,0,0,0,0,0,0,0,0,0,0,0,0,0,0,0,0,0,0,0,0,0,0,0,0,0,0,0,0,0,0,0,0,0,0,0,0,0,0,0,0,0,0,0,0,0,0,0,0,0,0,0,0,0,0,0,0,0,0,0,0,0,0,0,0,0,0,0,0,0,0,0,0,0,0,0,0,0,0,0,0,0,0,0,0,0,0,0,0,0,0,0,0,0,0,0,0,0,0,0,0,0,0,0,0,0,0,0,0,0,0,0,0,0,0,0,0,0,0,0
2940,0,0,0,0,0,0,0,0,0,0,0,0,0,0,0,0,0,0,0,0,0,0,0,0,0,0,0,0,0,0,0,0,0,0,0,0,0,0,0,0,0,0,0,0,0,0,0,0,0,0,0,0,0,0,0,0,0,0,0,0,0,0,0,0,0,0,0,0,0,0,0,0,0,0,0,0,0,0,0,0,0,0,0,0,0,0,0,0,0,0,0,0,0,0,0,0,0,0,0,0,0,0,0,0,0,0,0,0,0,0,0,0,0,0,0,0,0,0,0,0,0,0,0,0,0,0,0,0,0,0,0,0,0,0,0,0,0,0,0,0,0,0,0,0,0,0,0,0,0,0,0,0,0,0,0,0,0,0,0,0,0,0,0,0,0,0,0,0,0,0,0,0,0,0,0,0,0,0,0,0,0,0,0,0,0,0,0,0,0,0,0,0,0,0,0,0,0,0,0,0
2941,0,0,0,0,0,0,0,0,0,0,0,0,0,0,0,0,0,0,0,0,0,0,0,0,0,0,0,0,0,0,0,0,0,0,0,0,0,0,0,0,0,0,0,0,0,0,0,0,0,0,0,0,0,0,0,0,0,0,0,0,0,0,0,0,0,0,0,0,0,0,0,0,0,0,0,0,0,0,0,0,0,0,0,0,0,0,0,0,0,0,0,0,0,0,0,0,0,0,0,0,0,0,0,0,0,0,0,0,0,0,0,0,0,0,0,0,0,0,0,0,0,0,0,0,0,0,0,0,0,0,0,0,0,0,0,0,0,0,0,0,0,0,0,0,0,0,0,0,0,0,0,0,0,0,0,0,0,0,0,0,0.0000000000,0,0,0,0,0,0,0,0,0,0,0,0,0,0,0,0,0,0,0,0,0,0,0,0,0,0,0,0,0,0,0,0,0,0,0,0,0,0,0
2942,0,0,0,0,0,0,0,0,0,0,0,0,0,0,0,0,0,0,0,0,0,0,0,0,0,0,0,0,0,0,0,0,0,0,0,0,0,0,0,0,0,0,0,0,0,0,0,0,0,0,0,0,0,0,0,0,0,0,0,0,0,0,0,0,0,0,0,0,0,0,0,0,0,0,0,0,0,0,0,0,0,0,0,0,0,0,0,0,0,0,0,0,0,0,0,0,0,0,0,0,0,0,0,0,0,0,0,0,0,0,0,0,0,0,0,0,0,0,0,0,0,0,0,0,0,0,0,0,0,0,0,0,0,0,0,0,0,0,0,0,0,0,0,0,0,0,0,0,0,0,0,0,0,0,0,0,0,0,0,0,0,0,0,0,0,0,0,0,0,0,0,0,0,0,0,0,0,0,0,0,0,0,0,0,0,0,0,0,0,0,0,0,0,0,0,0,0,0,0,0
2943,40755.6727152047,95434.8822536164,86715.8392584989,63358.2296605550,29045.9470784186,79452.2788272786,96026.6429243417,38064.8760948711,58802.2777802678,57455.8483226041,23937.0628401552,70414.4513393213,11259.3797917552,64570.1943005126,66871.4867588724,83922.0291250338,34427.3960470028,23136.3852555023,70502.8336432522,58404.6673538161,73919.6874906877,46919.7373970929,44589.9129525722,26441.1797013486,58169.8267340232,50617.0633828719,9152.9659646658,24152.0624243516,38562.2215953227,74933.3557313799,50767.8171738829,81790.5164311528,30826.8158902367,35784.5087833296,14612.5414160114,72428.0309889228,33510.7764715807,59613.6317198720,21633.4050100848,71766.2816515502,87767.1577763914,48502.0938400992,27548.7435063916,47490.4974067544,32935.9971536247,83000.9933668291,37271.0233954986,48076.5042498933,58048.6436303224,17447.7307343727,72522.2874345630,85094.0325986229,10185.1131867256,63433.0714629480,68437.4665471528,48649.4332650011,21782.1437394680,18150.6355484034,374.7908780463,38478.0675289160,26022.3762818108,57706.7749978619,47967.3930812396,44877.6136880879,21909.6850931048,48495.7236829609,63893.8809774898,76515.8742048996,68532.1326645801,46217.2518087941,48722.0302479250,71291.8593442229,13968.7520500152,55783.0518442656,26042.1837538222,23302.7539319567,86293.6358285998,42305.8390737733,35921.3201422666,31021.0687425750,62798.3320347656,74324.5779288482,36236.8793259376,13348.0877182622,12757.1761824380,42639.9731065498,79156.7478865258,64186.4423244443,29379.5830251001,64178.1147372768,58718.9142903789,73870.3995421291,76399.4580313823,25702.9758706885,18255.1523377793,77611.3400535350,34197.3255436059,68188.4578162494,80652.0422622167,16777.4593599441,30622.4527375556,65094.8356464260,90646.8964565086,38157.8420533875,25708.9855842188,51722.4520482503,44048.1698908545,37287.8830780818,56378.7578001379,60428.9843861911,33485.3374324681,23175.6125588105,50074.0326397484,41392.4075618540,75761.8114102230,27475.5452561286,31139.2499618855,50925.9748598216,8814.9998812805,64729.9815729475,17374.0557336649,58054.6402872201,30036.2071844934,55372.6083136049,67575.3516344290,50507.9035176510,71102.6997304531,66745.4660703437,36059.2779094668,73681.9325638954,2605.9789375827,77119.4410432745,51157.3577242655,15629.1007194709,44532.5532743875,42845.6212795983,16085.7318661960,42295.4566272927,48521.0854327282,11195.0633791036,27158.1004188172,64661.7238069148,53744.8052224940,67165.2327475833,15834.2691170570,24508.0112452793,84505.1581775297,63768.3693574536,66325.3906689773,40669.0203721797,69052.7645042803,60516.7638657480,27108.8329394797,63212.7016580027,69971.6370885476,56826.1764476523,21417.0345423831,21403.3481841923,54127.1179034894,38664.7549194435,24708.2616032518,79571.3401971973,33018.1931700691,18222.9451985257,62611.1654835466,29593.0345933509,21778.8263047169,18371.3345149905,12426.3588113522,73853.9557664187,21841.2377577354,44872.4796869418,43998.0966273616,71871.8106223072,15775.4354167949,74778.3837360737,35609.3076104746,42404.3915335857,18886.8152635681,59295.2387281209,23042.1603586552,43201.7321287569,63925.9139983283,16643.6973556549,22119.2743135647,70148.4457176689,47353.3754023474,30404.9473859451,29103.9456381526,41310.9221302197,18753.7560822638,54535.1688163426,16752.2184643172,47943.7393381073,79075.7729156422,25844.2112442696,52818.8507470610,53119.1803953764,48966.9453550955,46063.2792007917
2944,0,0,0,0,0,0,0,0,0,0,0,0,0,0,0,0,0,0,0,0,0,0,0,0,0,0,0,0,0,0,0,0,0,0,0,0,0,0,0,0,0,0,0,0,0,0,0,0,0,0,0,0,0,0,0,0,0,0,0,0,0,0,0,0,0,0,0,0,0,0,0,0,0,0,0,0,0,0,0,0,0,0,0,0,0,0,0,0,0,0,0,0,0,0,0,0,0,0,0,0,0,0,0,0,0,0,0,0,0,0,0,0,0,0,0,0,0,0,0,0,0,0,0,0,0,0,0,0,0,0,0,0,0,0,0,0,0,0,0,0,0,0,0,0,0,0,0,0,0,0,0,0,0,0,0,0,0,0,0,0,0,0,0,0,0,0,0,0,0,0,0,0,0,0,0,0,0,0,0,0,0,0,0,0,0,0,0,0,0,0,0,0,0,0,0,0,0,0,0,0
2945,0,0,0,0,0,0,0,0,0,0,0,0,0,0,0,0,0,0,0,0,0,0,0,0,0,0,0,0,0,0,0,0,0,0,0,0,0,0,0,0,0,0,0,0,0,0,0,0,0,0,0,0,0,0,0,0,0,0,0,0,0,0,0,0,0,0,0,0,0,0,0,0,0,0,0,0,0,0,0,0,0,0,0,0,0,0,0,0,0,0,0,0,0,0,0,0,0,0,0,0,0,0,0,0,0,0,0,0,0,0,0,0,0,0,0,0,0,0,0,0,0,0,0,0,0,0,0,0,0,0,0,0,0,0,0,0,0,0,0,0,0,0,0,0,0,0,0,0,0,0,0,0,0,0,0,0,0,0,0,0,0,0,0,0,0,0,0,0,0,0,0,0,0,0,0,0,0,0,0,0,0,0,0,0,0,0,0,0,0,0,0,0,0,0,0,0,0,0,0,0
2946,0,0,0,0,0,0,0,0,0,0,0,0,0,0,0,0,0,0,0,0,0,0,0,0,0,0,0,0,0,0,0,0,0,0,0,0,0,0,0,0,0,0,0,0,0,0,0,0,0,0,0,0,0,0,0,0,0,0,0,0,0,0,0,0,0,0,0,0,0,0,0,0,0,0,0,0,0,0,0,0,0,0,0,0,0,0,0,0,0,0,0,0,0,0,0,0,0,0,0,0,0,0,0,0,0,0,0,0,0,0,0,0,0,0,0,0,0,0,0,0,0,0,0,0,0,0,0,0,0,0,0,0,0,0,0,0,0,0,0,0,0,0,0,0,0,0,0,0,0,0,0,0,0,0,0,0,0,0,0,0,0,0,0,0,0,0,0,0,0,0,0,0,0,0,0,0,0,0,0,0,0,0,0,0,0,0,0,0,0,0,0,0,0,0,0,0,0,0,0,0
2947,70629.1156103469,62639.2493906774,65211.8458033625,94580.8296256656,27180.3324821566,84763.0827991818,59747.5719440307,32156.1155884659,95948.3335600643,20416.2555134200,57748.9224830633,47863.4683732676,40126.5799518525,35570.5679508311,58666.9519766488,47144.9210152304,71301.8267695882,15099.6892772181,37725.6457226224,63374.7469928828,37886.5483045292,19697.2434375784,15282.0995669102,46059.5740190666,40810.4903404258,85700.3461003887,34022.7964246855,57811.1044618203,4259.8939578609,72984.5214410961,48082.6916513721,52239.3198915529,55786.5187829600,72295.4430335554,51760.8065531682,55287.8328193185,60573.0136654104,25162.0097505471,31479.1185477549,34623.4088440765,50694.5277923259,85450.5296877122,14298.2439380145,27708.7494015422,18354.7484664116,48655.8384739590,71652.7451676821,84947.5029118511,24904.1089110843,46681.9127903040,36600.9420010821,49554.2439649825,27245.0736524703,73251.2591092388,46212.5771271978,12237.9543197669,34694.8562983085,24376.1651446974,40604.3579973332,21503.9491558582,63152.9856938914,47642.1857286549,13034.1583709501,70042.1511311744,45858.5975866198,36326.6902801733,27063.9944023139,68733.8841678391,72709.0964477596,78936.9976498860,53366.6307524667,43998.2713782603,48908.0393803237,30250.7586906063,62421.8779678122,22293.7016527180,54102.1689687123,78206.3384801229,8258.3356026957,61310.3595012368,26842.1258647614,83325.5172091047,21113.2013449237,48375.4964210771,31394.5455929382,79793.1105374938,42256.0245398501,64628.7672159728,28939.9076533346,49430.7096775896,55916.5082748569,62197.4733097631,78246.5307365999,51815.0035932356,19205.5971707907,45957.8898941317,65129.3035575732,64113.0545119841,43505.7248057727,39546.8173610002,13865.7460255580,32632.6043701960,56512.5283383435,25082.0973474919,61916.1477437274,18750.2348911480,40826.2429575812,63792.7383104292,19790.3226506389,38191.2056227895,70622.5900102857,53244.3540580623,87225.7434458105,19346.4968074348,41268.6811695333,57782.1040386195,19790.1029985397,22515.6241938986,41126.7496622497,27634.2818314967,22254.7967895374,26689.2651907363,64898.1780572466,19925.1969280874,37419.4271277489,13451.4364275060,34202.3082513579,32147.3535307628,68331.2978882917,52960.1145087951,33472.0064492033,40304.0495932596,19345.6706617975,31093.8004189656,79158.7961354568,12434.0754491936,46561.8122831463,7638.3093507264,84645.6831158532,27727.2799149857,40954.6261982822,45984.7519074519,34362.9152011280,55327.4958706404,36872.6430623825,22313.9862664932,47884.3628455387,31263.2445748997,31688.2724801351,77510.3004197508,32328.3741096169,53723.7139891814,32747.2210085351,69788.7817552076,70654.6555412645,58630.1359120878,52770.9714465321,28157.9646428328,41658.9358271352,13138.7539531837,12573.6503796327,43786.9493241242,68997.2297528642,27189.7835871827,95258.4707083237,23039.0511242460,18577.0690438019,54386.2391496125,42823.5715832932,79257.1856281342,46146.5896356868,12689.9889363852,47933.6232686323,57576.1518408067,46287.1154569619,69716.0585771097,16429.2735045747,74149.0020117682,52186.2483193946,30694.6224086776,60057.5422548408,33381.1403736706,67416.7016773595,53118.3668562199,40168.6761404888,78144.3138280307,13498.1235097317,66938.3052233692,66178.4768992449,68916.5768592665,52953.1339820578,48436.2910721957,42824.4089181034,24024.9461557485,86726.5540220328,51303.1730526395,17365.4803277018,53568.3336426195,40433.4716755536,31337.3222815663
2948,0,0,0,0,0,0,0,0,0,0,0,0,0,0,0,0,0,0,0,0,0,0,0,0,0,0,0,0,0,0,0,0,0,0,0,0,0,0,0,0,0,0,0,0,0,0,0,0,0,0,0,0,0,0,0,0,0,0,0,0,0,0,0,0,0,0,0,0,0,0,0,0,0,0,0,0,0,0,0,0,0,0,0,0,0,0,0,0,0,0,0,0,0,0,0,0,0,0,0,0,0,0,0,0,0,0,0,0,0,0,0,0,0,0,0,0,0,0,0,0,0,0,0,0,0,0,0,0,0,0,0,0,0,0,0,0,0,0,0,0,0,0,0,0,0,0,0,0,0,0,0,0,0,0,0,0,0,0,0,0,0,0,0,0,0,0,0,0,0,0,0,0,0,0,0,0,0,0,0,0,0,0,0,0,0,0,0,0,0,0,0,0,0,0,0,0,0,0,0,0
2949,0,0,0,0,0,0,0,0,0,0,0,0,0,0,0,0,0,0,0,0,0,0,0,0,0,0,0,0,0,0,0,0,0,0,0,0,0,0,0,0,0,0,0,0,0,0,0,0,0,0,0,0,0,0,0,0,0,0,0,0,0,0,0,0,0,0,0,0,0,0,0,0,0,0,0,0,0,0,0,0,0,0,0,0,0,0,0,0,0,0,0,0,0,0,0,0,0,0,0,0,0,0,0,0,0,0,0,0,0,0,0,0,0,0,0,0,0,0,0,0,0,0,0,0,0,0,0,0,0,0,0,0,0,0,0,0,0,0,0,0,0,0,0,0,0,0,0,0,0,0,0,0,0,0,0,0,0,0,0,0,0,0,0,0,0,0,0,0,0,0,0,0,0,0,0,0,0,0,0,0,0,0,0,0,0,0,0,0,0,0,0,0,0,0,0,0,0,0,0,0
2950,0,0,0,0,0,0,0,0,0,0,0,0,0,0,0,0,0,0,0,0,0,0,0,0,0,0,0,0,0,0,0,0,0,0,0,0,0,0,0,0,0,0,0,0,0,0,0,0,0,0,0,0,0,0,0,0,0,0,0,0,0,0,0,0,0,0,0,0,0,0,0,0,0,0,0,0,0,0,0,0,0,0,0,0,0,0,0,0,0,0,0,0,0,0,0,0,0,0,0,0,0,0,0,0,0,0,0,0,0,0,0,0,0,0,0,0,0,0,0,0,0,0,0,0,0,0,0,0,0,0,0,0,0,0,0,0,0,0,0,0,0,0,0,0,0,0,0,0,0,0,0,0,0,0,0,0,0,0,0,0,0,0,0,0,0,0,0,0,0,0,0,0,0,0,0,0,0,0,0,0,0,0,0,0,0,0,0,0,0,0,0,0,0,0,0,0,0,0,0,0
2951,0,0,0,0,0,0,0,0,0,0,0,0,0,0,0,0,0,0,0,0,0,0,0,0,0,0,0,0,0,0,0,0,0,0,0,0,0,0,0,0,0,0,0,0,0,0,0,0,0,0,0,0,0,0,0,0,0,0,0,0,0,0,0,0,0,0,0,0,0,0,0,0,0,0,0,0,0,0,0,0,0,0,0,0,0,0,0,0,0,0,0,0,0,0,0,0,0,0,0,0,0,0,0,0,0,0,0,0,0,0,0,0,0,0,0,0,0,0,0,0,0,0,0,0,0,0,0,0,0,0,0,0,0,0,0,0,0,0,0,0,0,0,0,0,0,0,0,0,0,0,0,0,0,0,0,0,0,0,0,0,0,0,0,0,0,0,0,0,0.0000000000,0,0,0,0,0,0,0,0,0,0,0,0,0,0,0,0,0,0,0,0,0,0,0,0,0,0,0,0,0,0,0
2952,0,0,0,0,0,0,0,0,0,0,0,0,0,0,0,0,0,0,0,0,0,0,0,0,0,0,0,0,0,0,0,0,0,0,0,0,0,0,0,0,0,0,0,0,0,0,0,0,0,0,0,0,0,0,0,0,0,0,0,0,0,0,0,0,0,0,0,0,0,0,0,0,0,0,0,0,0,0,0,0,0,0,0,0,0,0,0,0,0,0,0,0,0,0,0,0,0,0,0,0,0,0,0,0,0,0,0,0,0,0,0,0,0,0,0,0,0,0,0,0,0,0,0,0,0,0,0,0,0,0,0,0,0,0,0,0,0,0,0,0,0,0,0,0,0,0,0,0,0,0,0,0,0,0,0,0,0,0,0,0,0,0,0,0,0,0,0,0,0,0,0,0,0,0,0,0,0,0,0,0,0,0,0,0,0,0,0,0,0,0,0,0,0,0,0,0,0,0,0,0
2953,0,0,0,0,0,0,0,0,0,0,0,0,0,0,0,0,0,0,0,0,0,0,0,0,0,0,0,0,0,0,0,0,0,0,0,0,0,0,0,0,0,0,0,0,0,0,0,0,0,0,0,0,0,0,0,0,0,0,0,0,0,0,0,0,0,0,0,0,0,0,0,0,0,0,0,0,0,0,0,0,0,0,0,0,0,0,0,0,0,0,0,0,0,0,0,0,0,0,0,0,0,0,0,0,0,0,0,0,0,0,0,0,0,0,0,0,0,0,0,0,0,0,0,0,0,0,0,0,0,0,0,0,0,0,0,0,0,0,0,0,0,0,0,0,0,0,0,0,0,0,0,0,0,0,0,0,0,0,0,0,0,0,0,0,0,0,0,0,0,0,0,0,0,0,0,0,0,0,0,0,0,0,0,0,0,0,0,0,0,0,0,0,0,0,0,0,0,0,0,0
2954,0,0,0,0,0,0,0,0,0,0,0,0,0,0,0,0,0,0,0,0,0,0,0,0,0,0,0,0,0,0,0,0,0,0,0,0,0,0,0,0,0,0,0,0,0,0,0,0,0,0,0,0,0,0,0,0,0,0,0,0,0,0,0,0,0,0,0,0,0,0,0,0,0,0,0,0,0,0,0,0,0,0,0,0,0,0,0,0,0,0,0,0,0,0,0,0,0,0,0,0,0,0,0,0,0,0,0,0,0,0,0,0,0,0,0,0,0,0,0,0,0,0,0,0,0,0,0,0,0,0,0,0,0,0,0,0,0,0,0,0,0,0,0,0,0,0,0,0,0,0,0,0,0,0,0,0,0,0,0,0,0,0,0,0,0,0,0,0,0,0,0,0,0,0,0,0,0,0,0,0,0,0,0,0,0,0,0,0,0,0,0,0,0,0,0,0,0,0,0,0
2955,0,0,0,0,0,0,0,0,0,0,0,0,0,0,0,0,0,0,0,0,0,0,0,0,0,0,0,0,0,0,0,0,0,0,0,0,0,0,0,0,0,0,0,0,0,0,0,0,0,0,0,0,0,0,0,0,0,0,0,0,0,0,0,0,0,0,0,0,0,0,0,0,0,0,0,0,0,0,0,0,0,0,0,0,0,0,0,0,0,0,0,0,0,0,0,0,0,0,0,0,0,0,0,0,0,0,0,0,0,0,0,0,0,0,0,0,0,0,0,0,0,0,0,0,0,0,0,0,0,0,0,0,0,0,0,0,0,0,0,0,0,0,0,0,0,0,0,0,0,0,0,0,0,0,0,0,0,0,0,0,0,0,0,0,0,0,0,0,0,0,0,0,0,0,0,0,0,0,0,0,0,0,0,0,0,0,0,0,0,0,0,0,0,0,0,0,0,0,0,0
2956,0,0,0,0,0,0,0,0,0,0,0,0,0,0,0,0,0,0,0,0,0,0,0,0,0,0,0,0,0,0,0,0,0,0,0,0,0,0,0,0,0,0,0,0,0,0,0,0,0,0,0,0,0,0,0,0,0,0,0,0,0,0,0,0,0,0,0,0,0,0,0,0,0,0,0,0,0,0,0,0,0,0,0,0,0,0,0,0,0,0,0,0,0,0,0,0,0,0,0,0,0,0,0,0,0,0,0,0,0,0,0,0,0,0,0,0,0,0,0,0,0,0,0,0,0,0,0,0,0,0,0,0,0,0,0,0,0,0,0,0,0,0,0,0,0,0,0,0,0,0,0,0,0,0,0,0,0,0,0,0,0,0,0,0,0,0,0,0,0,0,0,0,0,0,0,0,0,0,0,0,0,0,0,0,0,0,0,0,0,0,0,0,0,0,0,0,0,0,0,0
2957,0,0,0,0,0,0,0,0,0,0,0,0,0,0,0,0,0,0,0,0,0,0,0,0,0,0,0,0,0,0,0,0,0,0,0,0,0,0,0,0,0,0,0,0,0,0,0,0,0,0,0,0,0,0,0,0,0,0,0,0,0,0,0,0,0,0,0,0,0,0,0,0,0,0,0,0,0,0,0,0,0,0,0,0,0,0,0,0,0,0,0,0,0,0,0,0,0,0,0,0,0,0,0,0,0,0,0,0,0,0,0,0,0,0,0,0,0,0,0,0,0,0,0,0,0,0,0,0,0,0,0,0,0,0,0,0,0,0,0,0,0,0,0,0,0,0,0,0,0,0,0,0,0,0,0,0,0,0,0,0,0,0,0,0,0,0,0,0,0,0,0,0,0,0,0,0,0,0,0,0,0,0,0,0,0,0,0,0,0,0,0,0,0,0,0,0,0,0,0,0
2958,0,0,0,0,0,0,0,0,0,0,0,0,0,0,0,0,0,0,0,0,0,0,0,0,0,0,0,0,0,0,0,0,0,0,0,0,0,0,0,0,0,0,0,0,0,0,0,0,0,0,0,0,0,0,0,0,0,0,0,0,0,0,0,0,0,0,0,0,0,0,0,0,0,0,0,0,0,0,0,0,0,0,0,0,0,0,0,0,0,0,0,0,0,0,0,0,0,0,0,0,0,0,0,0,0,0,0,0,0,0,0,0,0,0,0,0,0,0,0,0,0,0,0,0,0,0,0,0,0,0,0,0,0,0,0,0,0,0,0,0,0,0,0,0,0,0,0,0,0,0,0,0,0,0,0,0,0,0,0,0,0,0,0,0,0,0,0,0,0,0,0,0,0,0,0,0,0,0,0,0,0,0,0,0,0,0,0,0,0,0,0,0,0,0,0,0,0,0,0,0
2959,0,0,0,0,0,0,0,0,0,0,0,0,0,0,0,0,0,0,0,0,0,0,0,0,0,0,0,0,0,0,0,0,0,0,0,0,0,0,0,0,0,0,0,0,0,0,0,0,0,0,0,0,0,0,0,0,0,0,0,0,0,0,0,0,0,0,0,0,0,0,0,0,0,0,0,0,0,0,0,0,0,0,0,0,0,0,0,0,0,0,0,0,0,0,0,0,0,0,0,0,0,0,0,0,0,0,0,0,0,0,0,0,0,0,0,0,0,0,0,0,0,0,0,0,0,0,0,0,0,0,0,0,0,0,0,0,0,0,0,0,0,0,0,0,0,0,0,0,0,0,0,0,0,0,0,0,0,0,0,0,0,0,0,0,0,0,0,0,0,0,0,0,0,0,0,0,0,0,0,0,0,0,0,0,0,0,0,0,0,0,0,0,0,0,0,0,0,0,0,0
2960,0,0,0,0,0,0,0,0,0,0,0,0,0,0,0,0,0,0,0,0,0,0,0,0,0,0,0,0,0,0,0,0,0,0,0,0,0,0,0,0,0,0,0,0,0,0,0,0,0,0,0,0,0,0,0,0,0,0,0,0,0,0,0,0,0,0,0,0,0,0,0,0,0,0,0,0,0,0,0,0,0,0,0,0,0,0,0,0,0,0,0,0,0,0,0,0,0,0,0,0,0,0,0,0,0,0,0,0,0,0,0,0,0,0,0,0,0,0,0,0,0,0,0,0,0,0,0,0,0,0,0,0,0,0,0,0,0,0,0,0,0,0,0,0,0,0,0,0,0,0,0,0,0,0,0,0,0,0,0,0,0,0,0,0,0,0,0,0,0,0,0,0,0,0,0,0,0,0,0,0,0,0,0,0,0,0,0,0,0,0,0,0,0,0,0,0,0,0,0,0
2961,0,0,0,0,0,0,0,0,0,0,0,0,0,0,0,0,0,0,0,0,0,0,0,0,0,0,0,0,0,0,0,0,0,0,0,0,0,0,0,0,0,0,0,0,0,0,0,0,0,0,0,0,0,0,0,0,0,0,0,0,0,0,0,0,0,0,0,0,0,0,0,0,0,0,0,0,0,0,0,0,0,0,0,0,0,0,0,0,0,0,0,0,0,0,0,0,0,0,0,0,0,0,0,0,0,0,0,0,0,0,0,0,0,0,0,0,0,0,0,0,0,0,0,0,0,0,0,0,0,0,0,0,0,0,0,0,0,0,0,0,0,0,0,0,0,0,0,0,0,0,0,0,0,0,0,0,0,0,0,0,0,0,0,0,0,0,0,0,0,0,0,0,0,0,0,0,0,0,0,0,0,0,0,0,0,0,0,0,0,0,0,0,0,0,0,0,0,0,0,0
2962,0,0,0,0,0,0,0,0,0,0,0,0,0,0,0,0,0,0,0,0,0,0,0,0,0,0,0,0,0,0,0,0,0,0,0,0,0,0,0,0,0,0,0,0,0,0,0,0,0,0,0,0,0,0,0,0,0,0,0,0,0,0,0,0,0,0,0,0,0,0,0,0,0,0,0,0,0,0,0,0,0,0,0,0,0,0,0,0,0,0,0,0,0,0,0,0,0,0,0,0,0,0,0,0,0,0,0,0,0,0,0,0,0,0,0,0,0,0,0,0,0,0,0,0,0,0,0,0,0,0,0,0,0,0,0,0,0,0,0,0,0,0,0,0,0,0,0,0,0,0,0,0,0,0,0,0,0,0,0,0,0,0,0,0,0,0,0,0,0,0,0,0,0,0,0,0,0,0,0,0,0,0,0,0,0,0,0,0,0,0,0,0,0,0,0,0,0,0,0,0
2963,0,0,0,0,0,0,0,0,0,0,0,0,0,0,0,0,0,0,0,0,0,0,0,0,0,0,0,0,0,0,0,0,0,0,0,0,0,0,0,0,0,0,0,0,0,0,0,0,0,0,0,0,0,0,0,0,0,0,0,0,0,0,0,0,0,0,0,0,0,0,0,0,0,0,0,0,0,0,0,0,0,0,0,0,0,0,0,0,0,0,0,0,0,0,0,0,0,0,0,0,0,0,0,0,0,0,0,0,0,0,0,0,0,0,0,0,0,0,0,0,0,0,0,0,0,0,0,0,0,0,0,0,0,0,0,0,0,0,0,0,0,0,0,0,0,0,0,0,0,0,0,0,0,0,0,0,0,0,0,0,0,0,0,0,0,0,0,0,0,0,0,0,0,0,0,0,0,0,0,0,0,0,0,0,0,0,0,0,0,0,0,0,0,0,0,0,0,0,0,0
2964,70802.0160301138,63698.3026128122,80696.3267546437,81730.5469237373,11827.2273041468,95019.9021074326,72102.7244797283,42945.9782783234,88890.8013153976,30422.9453473078,47504.0059984526,40470.5928060181,38902.7365117528,51194.1489171589,71837.3753368626,54743.5961858167,65674.8236582614,18726.3689106451,38928.3643681321,73102.8315596110,51098.5485740739,15155.6633334521,30733.5231299357,32250.2665300832,55334.6843538150,82396.5239311721,25270.8390508937,55454.4765255337,14928.4702076918,85004.1314145367,59336.1491495532,50125.2122762259,57765.4447354764,63524.1807723111,45334.5154508145,70145.4082861164,47466.0697753327,39993.6826476538,36018.1414529324,44554.7064199144,61376.4016139535,77183.5595315956,5548.7492791884,42080.8637138486,29534.6317201975,51696.7361503848,68934.6319878601,79177.6612845277,26927.6743764683,35644.9986651602,42453.0527109775,62924.3183248380,24305.8781313896,81777.9524976609,61594.8963669128,26609.6247305456,21191.4334878520,14199.1686719704,34836.0980042819,16785.5911578457,56127.9518796539,60848.5485503916,19055.6730345203,72530.1952471261,47472.8377705694,49425.7816152118,39508.3648529291,82070.4867988131,83002.3451402982,77507.0312263469,62702.5388959096,39890.1336362366,45482.5045204128,45713.7545836832,57731.8634405606,28197.1581448022,54533.5129677148,74035.9103112078,20892.7346324368,61014.2454073635,33212.2824624888,92395.8087854986,13181.2139812793,39718.9265038963,31832.6884864052,72741.5035557316,53845.0544461282,75750.7801985990,37107.2147657953,63730.7618657885,67606.0019106772,76215.3538906085,89363.8777083777,39098.4387202726,15313.4571855786,45843.9710836073,53078.2418336325,76438.2486426610,53171.1910160568,27774.6809968948,11285.2044619371,47877.4359758027,59191.6294331654,37231.7755868880,53177.1747251123,34243.7519438558,51708.9192301338,65453.1109521224,33210.1982800319,53437.2519919816,63447.9874671018,52733.2375169778,80153.0550183429,33511.8461336957,44634.5298120161,45947.6477448990,8086.6543663941,38088.2041191119,32410.3530858389,37439.2039679814,23889.8808763285,42230.3795766130,61745.4186145437,25853.5150908712,35796.6703749188,24418.4411832734,46096.1609369535,35910.0335623805,67062.1118287203,68265.7029086322,28151.8512977032,48225.5712355603,20005.4321217670,20027.7445335967,76267.4559303074,12417.3361144375,45417.1398526115,23249.8564894369,80168.2431848624,20608.4098989097,26487.6952961722,60892.0774749651,49020.0875473617,69207.5750678846,38192.5082171647,8967.9295107211,59954.5710557781,32256.1151316513,46184.5539097229,71885.8595133858,40274.4764982654,66376.6121611110,17852.4360799685,79252.3041907801,81899.8521855923,69118.3413418218,41791.3025912350,15078.0606731770,55158.3479872005,27431.3819419130,12537.2857640460,57075.9166855409,64765.6171006100,30365.3041399242,83012.7161970873,32121.5907140110,10134.2561157343,50151.7090215739,38874.2630317552,89358.4592728526,33570.5911471957,19578.0220697790,57130.7825576230,71996.0540218164,39276.1997505094,82440.1497038545,7809.3794986800,73299.1497707901,49899.3329709885,46335.4776960727,54255.7306365229,45564.8095344893,77746.9735264271,45197.0144051892,26837.5396673685,87408.4741753650,29012.5051567245,58381.7867686849,60045.7117315417,70217.9350104723,43322.0830446258,60666.2747334272,43190.2310995592,39035.6685599401,96304.9614996517,52774.5734419901,32082.8694125337,64212.5359277240,52842.2625427110,44726.2973926761
2965,0,0,0,0,0,0,0,0,0,0,0,0,0,0,0,0,0,0,0,0,0,0,0,0,0,0,0,0,0,0,0,0,0,0,0,0,0,0,0,0,0,0,0,0,0,0,0,0,0,0,0,0,0,0,0,0,0,0,0,0,0,0,0,0,0,0,0,0,0,0,0,0,0,0,0,0,0,0,0,0,0,0,0,0,0,0,0,0,0,0,0,0,0,0,0,0,0,0,0,0,0,0,0,0,0,0,0,0,0,0,0,0,0,0,0,0,0,0,0,0,0,0,0,0,0,0,0,0,0,0,0,0,0,0,0,0,0,0,0,0,0,0,0,0,0,0,0,0,0,0,0,0,0,0,0,0,0,0,0,0,0,0,0,0,0,0,0,0,0,0,0,0,0,0,0,0,0,0,0,0,0,0,0,0,0,0,0,0,0,0,0,0,0,0,0,0,0,0,0,0
2966,0,0,0,0,0,0,0,0,0,0,0,0,0,0,0,0,0,0,0,0,0,0,0,0,0,0,0,0,0,0,0,0,0,0,0,0,0,0,0,0,0,0,0,0,0,0,0,0,0,0,0,0,0,0,0,0,0,0,0,0,0,0,0,0,0,0,0,0,0,0,0,0,0,0,0,0,0,0,0,0,0,0,0,0,0,0,0,0,0,0,0,0,0,0,0,0,0,0,0,0,0,0,0,0,0,0,0,0,0,0,0,0,0,0,0,0,0,0,0,0,0,0,0,0,0,0,0,0,0,0,0,0,0,0,0,0,0,0,0,0,0,0,0,0,0,0,0,0,0,0,0,0,0,0,0,0,0,0,0,0,0,0,0,0,0,0,0,0,0,0,0,0,0,0,0,0,0,0,0,0,0,0,0,0,0,0,0,0,0,0,0,0,0,0,0,0,0,0,0,0
2967,0,0,0,0,0,0,0,0,0,0,0,0,0,0,0,0,0,0,0,0,0,0,0,0,0,0,0,0,0,0,0,0,0,0,0,0,0,0,0,0,0,0,0,0,0,0,0,0,0,0,0,0,0,0,0,0,0,0,0,0,0,0,0,0,0,0,0,0,0,0,0,0,0,0,0,0,0,0,0,0,0,0,0,0,0,0,0,0,0,0,0,0,0,0,0,0,0,0,0,0,0,0,0,0,0,0,0,0,0,0,0,0,0,0,0,0,0,0,0,0,0,0,0,0,0,0,0,0,0,0,0,0,0,0,0,0,0,0,0,0,0,0,0,0,0,0,0,0,0,0,0,0,0,0,0,0,0,0,0,0,0,0,0,0,0,0,0,0,0,0,0,0,0,0,0,0,0,0,0,0,0,0,0,0,0,0,0,0,0,0,0,0,0,0,0,0,0,0,0,0
2968,0,0,0,0,0,0,0,0,0,0,0,0,0,0,0,0,0,0,0,0,0,0,0,0,0,0,0,0,0,0,0,0,0,0,0,0,0,0,0,0,0,0,0,0,0,0,0,0,0,0,0,0,0,0,0,0,0,0,0,0,0,0,0,0,0,0,0,0,0,0,0,0,0,0,0,0,0,0,0,0,0,0,0,0,0,0,0,0,0,0,0,0,0,0,0,0,0,0,0,0,0,0,0,0,0,0,0,0,0,0,0,0,0,0,0,0,0,0,0,0,0,0,0,0,0,0,0,0,0,0,0,0,0,0,0,0,0,0,0,0,0,0,0,0,0,0,0,0,0,0,0,0,0,0,0,0,0,0,0,0,0,0,0,0,0,0,0,0,0,0,0,0,0,0,0,0,0,0,0,0,0,0,0,0,0,0,0,0,0,0,0,0,0,0,0,0,0,0,0,0
2969,0,0,0,0,0,0,0,0,0,0,0,0,0,0,0,0,0,0,0,0,0,0,0,0,0,0,0,0,0,0,0,0,0,0,0,0,0,0,0,0,0,0,0,0,0,0,0,0,0,0,0,0,0,0,0,0,0,0,0,0,0,0,0,0,0,0,0,0,0,0,0,0,0,0,0,0,0,0,0,0,0,0,0,0,0,0,0,0,0,0,0,0,0,0,0,0,0,0,0,0,0,0,0,0,0,0,0,0,0,0,0,0,0,0,0,0,0,0,0,0,0,0,0,0,0,0,0,0,0,0,0,0,0,0,0,0,0,0,0,0,0,0,0,0,0,0,0,0,0,0,0,0,0,0,0,0,0,0,0,0,0,0,0,0,0,0,0,0,0,0,0,0,0,0,0,0,0,0,0,0,0,0,0,0,0,0,0,0,0,0,0,0,0,0,0,0,0,0,0,0
2970,0,0,0,0,0,0,0,0,0,0,0,0,0,0,0,0,0,0,0,0,0,0,0,0,0,0,0,0,0,0,0,0,0,0,0,0,0,0,0,0,0,0,0,0,0,0,0,0,0,0,0,0,0,0,0,0,0,0,0,0,0,0,0,0,0,0,0,0,0,0,0,0,0,0,0,0,0,0,0,0,0,0,0,0,0,0,0,0,0,0,0,0,0,0,0,0,0,0,0,0,0,0,0,0,0,0,0,0,0,0,0,0,0,0,0,0,0,0,0,0,0,0,0,0,0,0,0,0,0,0,0,0,0,0,0,0,0,0,0,0,0,0,0,0,0,0,0,0,0,0,0,0,0,0,0,0,0,0,0,0,0,0,0,0,0,0,0,0,0,0,0,0,0,0,0,0,0,0,0,0,0,0,0,0,0,0,0,0,0,0,0,0,0,0,0,0,0,0,0,0
2971,0,0,0,0,0,0,0,0,0,0,0,0,0,0,0,0,0,0,0,0,0,0,0,0,0,0,0,0,0,0,0,0,0,0,0,0,0,0,0,0,0,0,0,0,0,0,0,0,0,0,0,0,0,0,0,0,0,0,0,0,0,0,0,0,0,0,0,0,0,0,0,0,0,0,0,0,0,0,0,0,0,0,0,0,0,0,0,0,0,0,0,0,0,0,0,0,0,0,0,0,0,0,0,0,0,0,0,0,0,0,0,0,0,0,0,0,0,0,0,0,0,0,0,0,0,0,0,0,0,0,0,0,0,0,0,0,0,0,0,0,0,0,0,0,0,0,0,0,0,0,0,0,0,0,0,0,0,0,0,0,0,0,0,0,0,0,0,0,0,0,0,0,0,0,0,0,0,0,0,0,0,0,0,0,0,0,0,0,0,0,0,0,0,0,0,0,0,0,0,0
2972,0,0,0,0,0,0,0,0,0,0,0,0,0,0,0,0,0,0,0,0,0,0,0,0,0,0,0,0,0,0,0,0,0,0,0,0,0,0,0,0,0,0,0,0,0,0,0,0,0,0,0,0,0,0,0,0,0,0,0,0,0,0,0,0,0,0,0,0,0,0,0,0,0,0,0,0,0,0,0,0,0,0,0,0,0,0,0,0,0,0,0,0,0,0,0,0,0,0,0,0,0,0,0,0,0,0,0,0,0,0,0,0,0,0,0,0,0,0,0,0,0,0,0,0,0,0,0,0,0,0,0,0,0,0,0,0,0,0,0,0,0,0,0,0,0,0,0,0,0,0,0,0,0,0,0,0,0,0,0,0,0,0,0,0,0,0,0,0,0,0,0,0,0,0,0,0,0,0,0,0,0,0,0,0,0,0,0,0,0,0,0,0,0,0,0,0,0,0,0,0
2973,64270.2392752655,87340.0548751184,34958.4208498932,115119.1855871330,59097.7289475395,53822.7131593000,59763.2506478966,14957.8288683308,102448.5849637515,42603.2948832998,75675.8598479231,81543.3378973460,46101.8328485023,20658.3952954158,23889.5652567433,63401.9768328767,77532.9730089547,34376.8292867439,65613.8126729781,35372.5266990865,41420.3348203547,54279.6677290580,21232.0057488404,72700.5567460648,5468.8308453119,84830.9151445459,55018.9864765935,59849.7530540455,37107.8996666542,39427.4559577417,18937.8457438029,81643.8575109113,48860.0853104243,85107.9013641602,63513.3670796219,21494.1938093143,84146.4430124610,28935.2822773842,31364.7124854825,49684.4620400615,58505.2284073582,95672.0300506108,45798.9930683166,15128.8261919974,21125.4914917094,72384.3672078165,71536.9282803994,89652.9264681143,54895.5816894451,68018.5204319950,58741.5427226196,47917.6767074434,43412.5832892611,46860.4618733025,17044.4570836627,32185.8173896685,62413.2112435261,50887.8972348888,54542.7259298702,56459.0284864568,73682.1341952572,13237.0007558265,44453.3538002226,58478.2843743138,43381.8309068756,9777.1395207340,39337.4904209540,33678.3690572508,42425.3572491074,74795.4661946235,28380.1663907851,75821.2716150086,55695.5758698604,12393.7188005933,68276.6650016039,28917.5601273533,80520.4718971710,80244.2578966655,28744.8195542528,58007.2942617346,51447.0072158450,54840.5641277439,45621.0764595810,65085.1367978019,39333.8121642085,87937.0882802258,49876.6037872684,33228.5411857213,22900.6842774694,14397.0524350682,24107.2512406746,26979.3613052560,46016.7781988549,75523.9472076664,42537.1731545193,73986.9265996761,85882.4075576434,30391.8297857566,56088.4079078558,63566.7638938406,38066.0789479764,26828.2356014563,79616.8028148794,13966.5738475181,76150.2909092352,24516.0449170005,15929.3214972588,55467.1846464138,34593.4832626172,10240.2314158764,80254.7102563919,52658.0572469359,94587.2024393355,15948.3778363810,65888.0180211608,78920.6371978250,53094.4928728470,17190.9488236261,59808.6722277011,46125.9544281054,35901.7138678783,22107.2451263656,66999.5209087399,47984.8188060808,68006.9373783132,39165.6049696757,44206.1005068469,58383.0315351647,65641.3528944081,21906.6731152303,49640.0702375422,57720.6622570539,51848.2300939148,56220.8052423183,78238.9707497066,47099.7581312122,49630.2850741477,29481.5693028902,86517.3556626794,49188.9819089572,69539.1551443997,12951.0503190755,6062.6692925612,20089.9760493960,39605.6283483574,52620.6093616023,52019.0048437512,60624.3348526682,32361.9647990085,82826.5249741968,52350.5408178728,19976.9432821108,63125.3362290716,41617.1960972662,38571.1707425832,29433.4560671470,72930.6631009910,56634.0010172689,7540.9491404186,22170.1968278123,39021.3078567745,44499.3665217720,72627.2338179928,33558.5958023905,114170.2221538894,22400.3604288150,46545.1657762263,61181.5378215861,52729.9932819560,48918.5827443268,70376.1420649328,37788.5820059930,25110.6882802752,22684.0319489818,60574.7165456012,35247.0005600437,51178.2810497466,69465.3417427757,55659.7060934713,17763.8586332597,68687.1685546295,17331.1631359985,37512.6447295255,67396.8839871318,66692.9599523333,49633.7118625608,26650.3139670150,80023.8474221444,74327.7805117876,60317.4642507081,70508.3615076530,16321.1742097260,44373.7605665131,12252.2972370395,56997.8872281587,47009.7752061449,29876.1047355030,24870.9053094554,9965.6444656346,5628.0258765709
2974,0,0,0,0,0,0,0,0,0,0,0,0,0,0,0,0,0,0,0,0,0,0,0,0,0,0,0,0,0,0,0,0,0,0,0,0,0,0,0,0,0,0,0,0,0,0,0,0,0,0,0,0,0,0,0,0,0,0,0,0,0,0,0,0,0,0,0,0,0,0,0,0,0,0,0,0,0,0,0,0,0,0,0,0,0,0,0,0,0,0,0,0,0,0,0,0,0,0,0,0,0,0,0,0,0,0,0,0,0,0,0,0,0,0,0,0,0,0,0,0,0,0,0,0,0,0,0,0,0,0,0,0,0,0,0,0,0,0,0,0,0,0,0,0,0,0,0,0,0,0,0,0,0,0,0,0,0,0,0,0,0,0,0,0,0,0,0,0,0,0,0,0,0,0,0,0,0,0,0,0,0,0,0,0,0,0,0,0,0,0,0,0,0,0,0,0,0,0,0,0
2975,0,0,0,0,0,0,0,0,0,0,0,0,0,0,0,0,0,0,0,0,0,0,0,0,0,0,0,0,0,0,0,0,0,0,0,0,0,0,0,0,0,0,0,0,0,0,0,0,0,0,0,0,0,0,0,0,0,0,0,0,0,0,0,0,0,0,0,0,0,0,0,0,0,0,0,0,0,0,0,0,0,0,0,0,0,0,0,0,0,0,0,0,0,0,0,0,0,0,0,0,0,0,0,0,0,0,0,0,0,0,0,0,0,0,0,0,0,0,0,0,0,0,0,0,0,0,0,0,0,0,0,0,0,0,0,0,0,0,0,0,0,0,0,0,0,0,0,0,0,0,0,0,0,0,0,0,0,0,0,0,0,0,0,0,0,0,0,0,0,0,0,0,0,0,0,0,0,0,0,0,0,0,0,0,0,0,0,0,0,0,0,0,0,0,0,0,0,0,0,0
2976,0,0,0,0,0,0,0,0,0,0,0,0,0,0,0,0,0,0,0,0,0,0,0,0,0,0,0,0,0,0,0,0,0,0,0,0,0,0,0,0,0,0,0,0,0,0,0,0,0,0,0,0,0,0,0,0,0,0,0,0,0,0,0,0,0,0,0,0,0,0,0,0,0,0,0,0,0,0,0,0,0,0,0,0,0,0,0,0,0,0,0,0,0,0,0,0,0,0,0,0,0,0,0,0,0,0,0,0,0,0,0,0,0,0,0,0,0,0,0,0,0,0,0,0,0,0,0,0,0,0,0,0,0,0,0,0,0,0,0,0,0,0,0,0,0,0,0,0,0,0,0,0,0,0,0,0,0,0,0,0,0,0,0,0,0,0,0,0,0,0,0,0,0,0,0,0,0,0,0,0,0,0,0,0,0,0,0,0,0,0,0,0,0,0,0,0,0,0,0,0
2977,0,0,0,0,0,0,0,0,0,0,0,0,0,0,0,0,0,0,0,0,0,0,0,0,0,0,0,0,0,0,0,0,0,0,0,0,0,0,0,0,0,0,0,0,0,0,0,0,0,0,0,0,0,0,0,0,0,0,0,0,0,0,0,0,0,0,0,0,0,0,0,0,0,0,0,0,0,0,0,0,0,0,0,0,0,0,0,0,0,0,0,0,0,0,0,0,0,0,0,0,0,0,0,0,0,0,0,0,0,0,0,0,0,0,0,0,0,0,0,0,0,0,0,0,0,0,0,0,0,0,0,0,0,0,0,0,0,0,0,0,0,0,0,0,0,0,0,0,0,0,0,0,0,0,0,0,0,0,0,0,0,0,0,0,0,0,0,0,0,0,0,0,0,0,0,0,0,0,0,0,0,0,0,0,0,0,0,0,0,0,0,0,0,0,0,0,0,0,0,0
2978,0,0,0,0,0,0,0,0,0,0,0,0,0,0,0,0,0,0,0,0,0,0,0,0,0,0,0,0,0,0,0,0,0,0,0,0,0,0,0,0,0,0,0,0,0,0,0,0,0,0,0,0,0,0,0,0,0,0,0,0,0,0,0,0,0,0,0,0,0,0,0,0,0,0,0,0,0,0,0,0,0,0,0,0,0,0,0,0,0,0,0,0,0,0,0,0,0,0,0,0,0,0,0,0,0,0,0,0,0,0,0,0,0,0,0,0,0,0,0,0,0,0,0,0,0,0,0,0,0,0,0,0,0,0,0,0,0,0,0,0,0,0,0,0,0,0,0,0,0,0,0,0,0,0,0,0,0,0,0,0,0,0,0,0,0,0,0,0,0,0,0,0,0,0,0,0,0,0,0,0,0,0,0,0,0,0,0,0,0,0,0,0,0,0,0,0,0,0,0,0
2979,0,0,0,0,0,0,0,0,0,0,0,0,0,0,0,0,0,0,0,0,0,0,0,0,0,0,0,0,0,0,0,0,0,0,0,0,0,0,0,0,0,0,0,0,0,0,0,0,0,0,0,0,0,0,0,0,0,0,0,0,0,0,0,0,0,0,0,0,0,0,0,0,0,0,0,0,0,0,0,0,0,0,0,0,0,0,0,0,0,0,0,0,0,0,0,0,0,0,0,0,0,0,0,0,0,0,0,0,0,0,0,0,0,0,0,0,0,0,0,0,0,0,0,0,0,0,0,0,0,0,0,0,0,0,0,0,0,0,0,0,0,0,0,0,0,0,0,0,0,0,0,0,0,0,0,0,0,0,0,0,0,0,0,0,0,0,0,0,0,0,0,0,0,0,0,0,0,0,0,0,0,0,0,0,0,0,0,0,0,0,0,0,0,0,0,0,0,0,0,0
2980,0,0,0,0,0,0,0,0,0,0,0,0,0,0,0,0,0,0,0,0,0,0,0,0,0,0,0,0,0,0,0,0,0,0,0,0,0,0,0,0,0,0,0,0,0,0,0,0,0,0,0,0,0,0,0,0,0,0,0,0,0,0,0,0,0,0,0,0,0,0,0,0,0,0,0,0,0,0,0,0,0,0,0,0,0,0,0,0,0,0,0,0,0,0,0,0,0,0,0,0,0,0,0,0,0,0,0,0,0,0,0,0,0,0,0,0,0,0,0,0,0,0,0,0,0,0,0,0,0,0,0,0,0,0,0,0,0,0,0,0,0,0,0,0,0,0,0,0,0,0,0,0,0,0,0,0,0,0,0,0,0,0,0,0,0,0,0,0,0,0,0,0,0,0,0,0,0,0,0,0,0,0,0,0,0,0,0,0,0,0,0,0,0,0,0,0,0,0,0,0
2981,28079.8583758353,119544.6325208341,104033.8646722980,50447.9349871512,50726.5722293762,82207.4305922543,119914.2058449524,55334.9867175024,34264.7612480777,82164.8547916255,19209.6336642886,92366.7576125122,24514.6501483852,86198.2469907461,79412.7263127265,108684.8914656017,9760.0084086279,47290.2155078634,94837.9495717649,64583.7914453577,97835.2752378824,71036.2921879615,67693.8715865535,38119.6089571139,76075.2084086739,28088.2478614333,30853.1011820744,13674.4793157832,63281.2879835759,82923.9044835000,63150.4829534042,105274.0155397064,29369.8097549749,16048.1609272813,6566.7461974604,88734.9212466321,33973.9142723503,83185.6155776825,39138.0242721600,96417.3630665433,112226.0932200735,25482.3644879121,52045.9671207460,67739.2949904573,54787.5537158236,107507.5945919287,17769.6656974254,23340.5604689974,82583.2336512582,26337.7765681613,97264.2583803210,108676.3446227601,34564.8365707350,65258.4446450614,87278.4987446654,72992.5729173880,40562.2324640588,41777.4474541554,21395.7767828980,61749.5268487724,7305.9246872377,72490.9269899308,72719.4688018645,37060.0013977945,28198.1333295165,65809.3655578665,88251.5257446378,87697.2759043003,73495.1724495226,27830.8171892660,57323.8001943254,94469.7479356494,14623.6295887064,76879.8263055027,7638.4236073848,44892.3432330454,110343.4096520689,19015.0168969817,59968.6364406440,21990.6975947160,87554.8680676927,75091.8182413269,60819.3104203350,18087.4715791479,32848.8777253914,18352.0313523444,103493.3859512235,72218.9663407527,47571.1687210555,80241.8397582800,69584.6203195354,87391.3235241601,81833.3095963623,31662.5481779721,43022.7778167596,101645.4361028399,28752.6746084655,78296.2516302697,105294.8869027364,32651.4474870448,55365.5684474122,87867.5703982461,115076.9509002351,58105.1260150055,12088.2417764994,75163.3747270723,58352.4182940410,30585.6599314777,80686.1030885104,79965.9431032281,10014.5495184676,20472.2500701896,25640.9599211648,63257.0890939638,100328.6788234175,26720.5141791257,54620.1785142401,73272.7657922412,24275.7197431049,89420.9189077621,40699.8701429240,80768.9269150486,12000.8609077570,80119.5663969716,91478.0452242022,75205.6820900590,95467.2756921319,91374.3022339727,21099.6373934978,91487.8015901294,28516.1082361250,101877.7621634279,75659.4826734227,37075.3900197601,23270.2158448842,67438.9675887873,20753.0358586856,66488.5355855299,24593.7095324837,35482.3746992259,42556.2241232486,82380.3058640579,72982.7976088727,81508.0422235624,30749.8147528591,47802.7777592344,108646.5861979073,88144.3476470022,89805.4240385706,15981.6194172625,93814.6248900047,73233.8274443385,46748.5463338261,67405.2146047676,76985.6836076233,65344.5482148609,23591.4614218463,43191.0026522071,70572.8168576073,61738.7038933641,49445.9404796356,103320.9637575272,10687.7214928371,38835.4687469442,47664.6550924738,50129.6485909487,46213.7269690994,9069.3991541042,19300.9778834042,77237.3248091841,32367.5928649275,69581.1818549390,54373.2066483357,86894.0630948288,16716.5731913959,84622.5260066510,59608.8436041007,26369.4162701068,15249.0308017202,81098.2003922272,1550.2168257070,60695.9175855964,70072.1777291637,12511.9431641702,37564.6776341512,72225.7143733162,71183.7767576535,12307.5243171311,8828.0601127998,31619.5901503244,18241.0180941194,67924.0489539499,25963.8215035796,69372.1032153768,80230.4309316550,27178.7852876623,76838.5976630627,63226.5751656117,64623.2881154967,64829.7600779282
2982,68743.0468482061,105362.2903515979,25038.1910390892,130057.0695933922,79433.6826295601,38446.7773106551,69525.6307919417,30176.0043103506,111069.0408357408,62185.5946460480,90986.6978917439,102329.7711087442,59785.5202671746,33747.2849156500,6680.1706754884,79647.0007112468,87557.4947001951,54072.2385079871,85190.6958931393,27375.8318521764,55831.4308313921,75334.3970776314,42143.1507607686,91227.1713388292,16262.0066705221,90508.0495390344,72762.9955324133,69601.0185538029,58217.8161546671,21551.1298943389,18922.6775957700,101277.0831666254,55513.0105382388,97725.2079623194,77261.0467776621,10472.0694982470,101227.4134185710,46630.2055513480,46215.9753282531,66795.6354539116,72015.3181950426,106507.6921442643,66382.4331604318,28680.2251819445,41107.7188115009,90566.9794136916,78800.0845601171,98041.4062956720,75229.6747630271,85008.8852508047,77117.9047819234,58710.3659572524,61021.8754930144,37936.0212062547,19835.5345883261,52628.9731511917,81616.3853270486,70328.2141412568,70051.1417611477,77479.9633731341,86032.3696638281,10172.0429216790,65267.2803224663,60378.0722891076,53734.3404858353,21000.7294513440,57077.6262323602,23042.7789065786,29428.4775260817,79427.8472101078,27181.6643771686,96188.6453770347,68231.4734337163,29997.7852250855,78936.7128796871,46963.8440974729,99279.7945913004,87889.8421230584,49795.3473228003,65166.1940574367,70858.7414251031,42314.8966814664,66688.1140860533,80627.4220066464,55090.9472951786,98181.7441183435,64417.3505952670,20672.0932403107,38763.6667913958,9527.6331886745,15056.2709900568,12373.4255213929,29635.7463276508,92972.6783637767,61946.1435442959,93381.5740285683,101818.0265499717,13733.4767371181,71695.5485687254,81660.3934375578,58897.3022166738,41617.6761070935,97333.5665523039,33381.6899457130,89933.3379898408,44217.8650041632,24021.4403289094,60013.2859059108,53774.0070831073,22275.9947153751,91713.7554151130,62145.4875122755,104055.6077517021,37020.4344092482,84591.3777342369,95296.9489724540,73814.8725461360,37007.1868967740,76452.3061480325,64562.0306663575,54097.6226127610,39561.6672261104,75922.6681812679,68226.7175421485,88182.5642311423,59583.1449875309,60459.3715155954,77814.1525355120,72118.5484683050,17223.3319899809,66452.2877199145,74787.8187366754,72650.5752604433,75023.2309419523,84423.4590110148,68182.2549484962,61424.8175530466,50494.1796149722,93600.2013471546,67550.8580526463,88755.9579011480,14195.8935767080,22578.1625668488,642.0526226100,53295.3587765291,72779.0768783817,64814.6150700297,80681.8481222581,47916.5750604524,91991.9136870564,70603.7837448886,9341.8789966504,83003.2923705101,31653.4732170468,23487.3883817635,22079.5643356369,89236.9066633894,76248.6823340640,15085.7172593766,43247.4276692533,59273.1952490155,57078.7724473621,81767.2495923639,50164.1884442319,128397.8803678431,40688.7197046156,66523.1249037607,73038.8074926731,66954.0404720640,34846.3753600843,88214.7632617034,58689.5417392568,28121.9620512796,11530.5346322038,75595.7369092294,15881.0011530660,72174.4950776547,74330.4231292538,66690.9943342781,33897.4275737953,80603.0283717578,25706.6723127258,26164.9300670364,81826.8742205906,85396.8315746383,37760.5934394491,47189.8352438984,93065.4438156179,85534.6497408042,63922.4054387825,85987.7918870310,14007.7519474006,56471.2202959972,32995.7335371987,42806.4793774592,55579.2501158964,49540.0092529594,20839.7885778063,19004.0544599092,25465.8137920760
2983,0,0,0,0,0,0,0.0000000000,0,0,0,0,0,0,0,0,0,0,0,0,0,0,0,0,0,0,0,0,0,0,0,0,0,0,0,0,0,0,0,0,0,0,0,0,0,0,0,0,0,0,0,0,0,0,0,0,0,0,0,0,0,0,0,0,0,0,0,0,0,0,0,0,0,0,0,0,0,0,0,0,0,0,0,0,0,0,0,0,0,0,0,0,0,0,0,0,0,0,0,0,0,0,0,0,0,0,0,0,0,0,0,0,0,0,0,0,0,0,0,0,0,0,0,0,0,0,0,0,0,0,0,0,0,0,0,0,0,0,0,0,0,0,0,0,0,0,0,0,0,0,0,0,0,0,0,0,0,0,0,0,0,0,0,0,0,0,0,0,0,0,0,0,0,0,0,0,0,0,0,0,0,0,0,0,0,0,0,0,0,0,0,0,0,0,0,0,0,0,0,0,0
2984,0,0,0,0,0,0,0,0,0,0,0,0,0,0,0,0,0,0,0,0,0,0,0,0,0,0,0,0,0,0,0,0,0,0,0,0,0,0,0,0,0,0,0,0,0,0,0,0,0,0,0,0,0,0,0,0,0,0,0,0,0,0,0,0,0,0,0,0,0,0,0,0,0,0,0,0,0,0,0,0,0,0,0,0,0,0,0,0,0,0,0,0,0,0,0,0,0,0,0,0,0,0,0,0,0,0,0,0,0,0,0,0,0,0,0,0,0,0,0,0,0,0,0,0,0,0,0,0,0,0,0,0,0,0,0,0,0,0,0,0,0,0,0,0,0,0,0,0,0,0,0,0,0,0,0,0,0,0,0,0,0,0,0,0,0,0,0,0,0,0,0,0,0,0,0,0,0,0,0,0,0,0,0,0,0,0,0,0,0,0,0,0,0,0,0,0,0,0,0,0
2985,0,0,0,0,0,0,0,0,0,0,0,0,0,0,0,0,0,0,0,0,0,0,0,0,0,0,0,0,0,0,0,0,0,0,0,0,0,0,0,0,0,0,0,0,0,0,0,0,0,0,0,0,0,0,0,0,0,0,0,0,0,0,0,0,0,0,0,0,0,0,0,0,0,0,0,0,0,0,0,0,0,0,0,0,0,0,0,0,0,0,0,0,0,0,0,0,0,0,0,0,0,0,0,0,0,0,0,0,0,0,0,0,0,0,0,0,0,0,0,0,0,0,0,0,0,0,0,0,0,0,0,0,0,0,0,0,0,0,0,0,0,0,0,0,0,0,0,0,0,0,0,0,0,0,0,0,0,0,0,0,0,0,0,0,0,0,0,0,0,0,0,0,0,0,0,0,0,0,0,0,0,0,0,0,0,0,0,0,0,0,0,0,0,0,0,0,0,0,0,0
2986,0,0,0,0,0,0,0,0,0,0,0,0,0,0,0,0,0,0,0,0,0,0,0,0,0,0,0,0,0,0,0,0,0,0,0,0,0,0,0,0,0,0,0,0,0,0,0,0,0,0,0,0,0,0,0,0,0,0,0,0,0,0,0,0,0,0,0,0,0,0,0,0,0,0,0,0,0,0,0,0,0,0,0,0,0,0,0,0,0,0,0,0,0,0,0,0,0,0,0,0,0,0,0,0,0,0,0,0,0,0,0,0,0,0,0,0,0,0,0,0,0,0,0,0,0,0,0,0,0,0,0,0,0,0,0,0,0,0,0,0,0,0,0,0,0,0,0,0,0,0,0,0,0,0,0,0,0,0,0,0,0,0,0,0,0,0,0,0,0,0,0,0,0,0,0,0,0,0,0,0,0,0,0,0,0,0,0,0,0,0,0,0,0,0,0,0,0,0,0,0
2987,0,0,0,0,0,0,0,0,0,0,0,0,0,0,0,0,0,0,0,0,0,0,0,0,0,0,0,0,0,0,0,0,0,0,0,0,0,0,0,0,0,0,0,0,0,0,0,0,0,0,0,0,0,0,0,0,0,0,0,0,0,0,0,0,0,0,0,0,0,0,0,0,0,0,0,0,0,0,0,0,0,0,0,0,0,0,0,0,0,0,0,0,0,0,0,0,0,0,0,0,0,0,0,0,0,0,0,0,0,0,0,0,0,0,0,0,0,0,0,0,0,0,0,0,0,0,0,0,0,0,0,0,0,0,0,0,0,0,0,0,0,0,0,0,0,0,0,0,0,0,0,0,0,0,0,0,0,0,0,0,0,0,0,0,0,0,0,0,0,0,0,0,0,0,0,0,0,0,0,0,0,0,0,0,0,0,0,0,0,0,0,0,0,0,0,0,0,0,0,0
2988,0,0,0,0,0,0,0,0,0,0,0,0,0,0,0,0,0,0,0,0,0,0,0,0,0,0,0,0,0,0,0,0,0,0,0,0,0,0,0,0,0,0,0,0,0,0,0,0,0,0,0,0,0,0,0,0,0,0,0,0,0,0,0,0,0,0,0,0,0,0,0,0,0,0,0,0,0,0,0,0,0,0,0,0,0,0,0,0,0,0,0,0,0,0,0,0,0,0,0,0,0,0,0,0,0,0,0,0,0,0,0,0,0,0,0,0,0,0,0,0,0,0,0,0,0,0,0,0,0,0,0,0,0,0,0,0,0,0,0,0,0,0,0,0,0,0,0,0,0,0,0,0,0,0,0,0,0,0,0,0,0,0,0,0,0,0,0,0,0,0,0,0,0,0,0,0,0,0,0,0,0,0,0,0,0,0,0,0,0,0,0,0,0,0,0,0,0,0,0,0
2989,0,0,0,0,0,0,0,0,0,0,0,0,0,0,0,0,0,0,0,0,0,0,0,0,0,0,0,0,0,0,0,0,0,0,0,0,0,0,0,0,0,0,0,0,0,0,0,0,0,0,0,0,0,0,0,0,0,0,0,0,0,0,0,0,0,0,0,0,0,0,0,0,0,0,0,0,0,0,0,0,0,0,0,0,0,0,0,0,0,0,0,0,0,0,0,0,0,0,0,0,0,0,0,0,0,0,0,0,0,0,0,0,0,0,0,0,0,0,0,0,0,0,0,0,0,0,0,0,0,0,0,0,0,0,0,0,0,0,0,0,0,0,0,0,0,0,0,0,0,0,0,0,0,0,0,0,0,0,0,0,0,0,0,0,0,0,0,0,0,0,0,0,0,0,0,0,0,0,0,0,0,0,0,0,0,0,0,0,0,0,0,0,0,0,0,0,0,0,0,0
2990,0,0,0,0,0,0,0,0,0,0,0,0,0,0,0,0,0,0,0,0,0,0,0,0,0,0,0,0,0,0,0,0,0,0,0,0,0,0,0,0,0,0,0,0,0,0,0,0,0,0,0,0,0,0,0,0,0,0,0,0,0,0,0,0,0,0,0,0,0,0,0,0,0,0,0,0,0,0,0,0,0,0,0,0,0,0,0,0,0,0,0,0,0,0,0,0,0,0,0,0,0,0,0,0,0,0,0,0,0,0,0,0,0,0,0,0,0,0,0,0,0,0,0,0,0,0,0,0,0,0,0,0,0,0,0,0,0,0,0,0,0,0,0,0,0,0,0,0,0,0,0,0,0,0,0,0,0,0,0,0,0,0,0,0,0,0,0,0,0,0,0,0,0,0,0,0,0,0,0,0,0,0,0,0,0,0,0,0,0,0,0,0,0,0,0,0,0,0,0,0
2991,0,0,0,0,0,0,0,0,0,0,0,0,0,0,0,0,0,0,0,0,0,0,0,0,0,0,0,0,0,0,0,0,0,0,0,0,0,0,0,0,0,0,0,0,0,0,0,0,0,0,0,0,0,0,0,0,0,0,0,0,0,0,0,0,0,0,0,0,0,0,0,0,0,0,0,0,0,0,0,0,0,0,0,0,0,0,0,0,0,0,0,0,0,0,0,0,0,0,0,0,0,0,0,0,0,0,0,0,0,0,0,0,0,0,0,0,0,0,0,0,0,0,0,0,0,0,0,0,0,0,0,0,0,0,0,0,0,0,0,0,0,0,0,0,0,0,0,0,0,0,0,0,0,0,0,0,0,0,0,0,0,0,0,0,0,0,0,0,0,0,0,0,0,0,0,0,0,0,0,0,0,0,0,0,0,0,0,0,0,0,0,0,0,0,0,0,0,0,0,0
2992,0,0,0,0,0,0,0,0,0,0,0,0,0,0,0,0,0,0,0,0,0,0,0,0,0,0,0,0,0,0,0,0,0,0,0,0,0,0,0,0,0,0,0,0,0,0,0,0,0,0,0,0,0,0,0,0,0,0,0,0,0,0,0,0,0,0,0,0,0,0,0,0,0,0,0,0,0,0,0,0,0,0,0,0,0,0,0,0,0,0,0,0,0,0,0,0,0,0,0,0,0,0,0,0,0,0,0,0,0,0,0,0,0,0,0,0,0,0,0,0,0,0,0,0,0,0,0,0,0,0,0,0,0,0,0,0,0,0,0,0,0,0,0,0,0,0,0,0,0,0,0,0,0,0,0,0,0,0,0,0,0,0,0,0,0,0,0,0,0,0,0,0,0,0,0,0,0,0,0,0,0,0,0,0,0,0,0,0,0,0,0,0,0,0,0,0,0,0,0,0
2993,0,0,0,0,0,0,0,0,0,0,0,0,0,0,0,0,0,0,0,0,0,0,0,0,0,0,0,0,0,0,0,0,0,0,0,0,0,0,0,0,0,0,0,0,0,0,0,0,0,0,0,0,0,0,0,0,0,0,0,0,0,0,0,0,0,0,0,0,0,0,0,0,0,0,0,0,0,0,0,0,0,0,0,0,0,0,0,0,0,0,0,0,0,0,0,0,0,0,0,0,0,0,0,0,0,0,0,0,0,0,0,0,0,0,0,0,0,0,0,0,0,0,0,0,0,0,0,0,0,0,0,0,0,0,0,0,0,0,0,0,0,0,0,0,0,0,0,0,0,0,0,0,0,0,0,0,0,0,0,0,0,0,0,0,0,0,0,0,0,0,0,0,0,0,0,0,0,0,0,0,0,0,0,0,0,0,0,0,0,0,0,0,0,0,0,0,0,0,0,0
2994,0,0,0,0,0,0,0,0,0,0,0,0,0,0,0,0,0,0,0,0,0,0,0,0,0,0,0,0,0,0,0,0,0,0,0,0,0,0,0,0,0,0,0,0,0,0,0,0,0,0,0,0,0,0,0,0,0,0,0,0,0,0,0,0,0,0,0,0,0,0,0,0,0,0,0,0,0,0,0,0,0,0,0,0,0,0,0,0,0,0,0,0,0,0,0,0,0,0,0,0,0,0,0,0,0,0,0,0,0,0,0,0,0,0,0,0,0,0,0,0,0,0,0,0,0,0,0,0,0,0,0,0,0,0,0,0,0,0,0,0,0,0,0,0,0,0,0,0,0,0,0,0,0,0,0,0,0,0,0,0,0,0,0,0,0,0,0,0,0,0,0,0,0,0,0,0,0,0,0,0,0,0,0,0,0,0,0,0,0,0,0,0,0,0,0,0,0,0,0,0
2995,0,0,0,0,0,0,0,0,0,0,0,0,0,0,0,0,0,0,0,0,0,0,0,0,0,0,0,0,0,0,0,0,0,0,0,0,0,0,0,0,0,0,0,0,0,0,0,0,0,0,0,0,0,0,0,0,0,0,0,0,0,0,0,0,0,0,0,0,0,0,0,0,0,0,0,0,0,0,0,0,0,0,0,0,0,0,0,0,0,0,0,0,0,0,0,0,0,0,0,0,0,0,0,0,0,0,0,0,0,0,0,0,0,0,0,0,0,0,0,0,0,0,0,0,0,0,0,0,0,0,0,0,0,0,0,0,0,0,0,0,0,0,0,0,0,0,0,0,0,0,0,0,0,0,0,0,0,0,0,0,0,0,0,0,0,0,0,0,0,0,0,0,0,0,0,0,0,0,0,0,0,0,0,0,0,0,0,0,0,0,0,0,0,0,0,0,0,0,0,0
2996,0,0,0,0,0,0,0,0,0,0,0,0,0,0,0,0,0,0,0,0,0,0,0,0,0,0,0,0,0,0,0,0,0,0,0,0,0,0,0,0,0,0,0,0,0,0,0,0,0,0,0,0,0,0,0,0,0,0,0,0,0,0,0,0,0,0,0,0,0,0,0,0,0,0,0,0,0,0,0,0,0,0,0,0,0,0,0,0,0,0,0,0,0,0,0,0,0,0,0,0,0,0,0,0,0,0,0,0,0,0,0,0,0,0,0,0,0,0,0,0,0,0,0,0,0,0,0,0,0,0,0,0,0,0,0,0,0,0,0,0,0,0,0,0,0,0,0,0,0,0,0,0,0,0,0,0,0,0,0,0,0,0,0,0,0,0,0,0,0,0,0,0,0,0,0,0,0,0,0,0,0,0,0,0,0,0,0,0,0,0,0,0,0,0,0,0,0,0,0,0
2997,0,0,0,0,0,0,0,0,0,0,0,0,0,0,0,0,0,0,0,0,0,0,0,0,0,0,0,0,0,0,0,0,0,0,0,0,0,0,0,0,0,0,0,0,0,0,0,0,0,0,0,0,0,0,0,0,0,0,0,0,0,0,0,0,0,0,0,0,0,0,0,0,0,0,0,0,0,0,0,0,0,0,0,0,0,0,0,0,0,0,0,0,0,0,0,0,0,0,0,0,0,0,0,0,0,0,0,0,0,0,0,0,0,0,0,0,0,0,0,0,0,0,0,0,0,0,0,0,0,0,0,0,0,0,0,0,0,0,0,0,0,0,0,0,0,0,0,0,0,0,0,0,0,0,0,0,0,0,0,0,0,0,0,0,0,0,0,0,0,0,0,0,0,0,0,0,0,0,0,0,0,0,0,0,0,0,0,0,0,0,0,0,0,0,0,0,0,0,0,0
2998,0,0,0,0,0,0,0,0,0,0,0,0,0,0,0,0,0,0,0,0,0,0,0,0,0,0,0,0,0,0,0,0,0,0,0,0,0,0,0,0,0,0,0,0,0,0,0,0,0,0,0,0,0,0,0,0,0,0,0,0,0,0,0,0,0,0,0,0,0,0,0,0,0,0,0,0,0,0,0,0,0,0,0,0,0,0,0,0,0,0,0,0,0,0,0,0,0,0,0,0,0,0,0,0,0,0,0,0,0,0,0,0,0,0,0,0,0,0,0,0,0,0,0,0,0,0,0,0,0,0,0,0,0,0,0,0,0,0,0,0,0,0,0,0,0,0,0,0,0,0,0,0,0,0,0,0,0,0,0,0,0,0,0,0,0,0,0,0,0,0,0,0,0,0,0,0,0,0,0,0,0,0,0,0,0,0,0,0,0,0,0,0,0,0,0,0,0,0,0,0
2999,0,0,0,0,0,0,0,0,0,0,0,0,0,0,0,0,0,0,0,0,0,0,0,0,0,0,0,0,0,0,0,0,0,0,0,0,0,0,0,0,0,0,0,0,0,0,0,0,0,0,0,0,0,0,0,0,0,0,0,0,0,0,0,0,0,0,0,0,0,0,0,0,0,0,0,0,0,0,0,0,0,0,0,0,0,0,0,0,0,0,0,0,0,0,0,0,0,0,0,0,0,0,0,0,0,0,0,0,0,0,0,0,0,0,0,0,0,0,0,0,0,0,0,0,0,0,0,0,0,0,0,0,0,0,0,0,0,0,0,0,0,0,0,0,0,0,0,0,0,0,0,0,0,0,0,0,0,0,0,0,0,0,0,0,0,0,0,0,0,0,0,0,0,0,0,0,0,0,0,0,0,0,0,0,0,0,0,0,0,0,0,0,0,0,0,0,0,0,0,0
3000,0,0,0,0,0,0,0,0,0,0,0,0,0,0,0,0,0,0,0,0,0,0,0,0,0,0,0,0,0,0,0,0,0,0,0,0,0,0,0,0,0,0,0,0,0,0,0,0,0,0,0,0,0,0,0,0,0,0,0,0,0,0,0,0,0,0,0,0,0,0,0,0,0,0,0,0,0,0,0,0,0,0,0,0,0,0,0,0,0,0,0,0,0,0,0,0,0,0,0,0,0,0,0,0,0,0,0,0,0,0,0,0,0,0,0,0,0,0,0,0,0,0,0,0,0,0,0,0,0,0,0,0,0,0,0,0,0,0,0,0,0,0,0,0,0,0,0,0,0,0,0,0,0,0,0,0,0,0,0,0,0,0,0,0,0,0,0,0,0,0,0,0,0,0,0,0,0,0,0,0,0,0,0,0,0,0,0,0,0,0,0,0,0,0,0,0,0,0,0,0
3001,0,0,0,0,0,0,0,0,0,0,0,0,0,0,0,0,0,0,0,0,0,0,0,0,0,0,0,0,0,0,0,0,0,0,0,0,0,0,0,0,0,0,0,0,0,0,0,0,0,0,0,0,0,0,0,0,0,0,0,0,0,0,0,0,0,0,0,0,0,0,0,0,0,0,0,0,0,0,0,0,0,0,0,0,0,0,0,0,0,0,0,0,0,0,0,0,0,0,0,0,0,0,0,0,0,0,0,0,0,0,0,0,0,0,0,0,0,0,0,0,0,0,0,0,0,0,0,0,0,0,0,0,0,0,0,0,0,0,0,0,0,0,0,0,0,0,0,0,0,0,0,0,0,0,0,0,0,0,0,0,0,0,0,0,0,0,0,0,0,0,0,0,0,0,0,0,0,0,0,0,0,0,0,0,0,0,0,0,0,0,0,0,0,0,0,0,0,0,0,0
3002,0,0,0,0,0,0,0,0,0,0,0,0,0,0,0,0,0,0,0,0,0,0,0,0,0,0,0,0,0,0,0,0,0,0,0,0,0,0,0,0,0,0,0,0,0,0,0,0,0,0,0,0,0,0,0,0,0,0,0,0,0,0,0,0,0,0,0,0,0,0,0,0.0000000000,0,0,0,0,0,0,0,0,0,0,0,0,0,0,0,0,0,0,0,0,0,0,0,0,0,0,0,0,0,0,0,0,0,0,0,0,0,0,0,0,0,0,0,0,0,0,0,0,0,0,0,0,0,0,0,0,0,0,0,0,0,0,0,0,0,0,0,0,0,0,0,0,0,0,0,0,0,0,0,0,0,0,0,0,0,0,0,0,0,0,0,0,0,0,0,0,0,0,0,0,0,0,0,0,0,0,0,0,0,0,0,0,0,0,0,0,0,0,0,0,0,0,0,0,0,0,0,0
3003,0,0,0,0,0,0,0,0,0,0,0,0,0,0,0,0,0,0,0,0,0,0,0,0,0,0,0,0,0,0,0,0,0,0,0,0,0,0,0,0,0,0,0,0,0,0,0,0,0,0,0,0,0,0,0,0,0,0,0,0,0,0,0,0,0,0,0,0,0,0,0,0,0,0,0,0,0,0,0,0,0,0,0,0,0,0,0,0,0,0,0,0,0,0,0,0,0,0,0,0,0,0,0,0,0,0,0,0,0,0,0,0,0,0,0,0,0,0,0,0,0,0,0,0,0,0,0,0,0,0,0,0,0,0,0,0,0,0,0,0,0,0,0,0,0,0,0,0,0,0,0,0,0,0,0,0,0,0,0,0,0,0,0,0,0,0,0,0,0,0,0,0,0,0,0,0,0,0,0,0,0,0,0,0,0,0,0,0,0,0,0,0,0,0,0,0,0,0,0,0
3004,0,0,0,0,0,0,0,0,0,0,0,0,0,0,0,0,0,0,0,0,0,0,0,0,0,0,0,0,0,0,0,0,0,0,0,0,0,0,0,0,0,0,0,0,0,0,0,0,0,0,0,0,0,0,0,0,0,0,0,0,0,0,0,0,0,0,0,0,0,0,0,0,0,0,0,0,0,0,0,0,0,0,0,0,0,0,0,0,0,0,0,0,0,0,0,0,0,0,0,0,0,0,0,0,0,0,0,0,0,0,0,0,0,0,0,0,0,0,0,0,0,0,0,0,0,0,0,0,0,0,0,0,0,0,0,0,0,0,0,0,0,0,0,0,0,0,0,0,0,0,0,0,0,0,0,0,0,0,0,0,0,0,0,0,0,0,0,0,0,0,0,0,0,0,0,0,0,0,0,0,0,0,0,0,0,0,0,0,0,0,0,0,0,0,0,0,0,0,0,0
3005,0,0,0,0,0,0,0,0,0,0,0,0,0,0,0,0,0,0,0,0,0,0,0,0,0,0,0,0,0,0,0,0,0,0,0,0,0,0,0,0,0,0,0,0,0,0,0,0,0,0,0,0,0,0,0,0,0,0,0,0,0,0,0,0,0,0,0,0,0,0,0,0,0,0,0,0,0,0,0,0,0,0,0,0,0,0,0,0,0,0,0,0,0,0,0,0,0,0,0,0,0,0,0,0,0,0,0,0,0,0,0,0,0,0,0,0,0,0,0,0,0,0,0,0,0,0,0,0,0,0,0,0,0,0,0,0,0,0,0,0,0,0,0,0,0,0,0,0,0,0,0,0,0,0,0,0,0,0,0,0,0,0,0,0,0,0,0,0,0,0,0,0,0,0,0,0,0,0,0,0,0,0,0,0,0,0,0,0,0,0,0,0,0,0,0,0,0,0,0,0
3006,0,0,0,0,0,0,0,0,0,0,0,0,0,0,0,0,0,0,0,0,0,0,0,0,0,0,0,0,0,0,0,0,0,0,0,0,0,0,0,0,0,0,0,0,0,0,0,0,0,0,0,0,0,0,0,0,0,0,0,0,0,0,0,0,0,0,0,0,0,0,0,0,0,0,0,0,0,0,0,0,0,0,0,0,0,0,0,0,0,0,0,0,0,0,0,0,0,0,0,0,0,0,0,0,0,0,0,0,0,0,0,0,0,0,0,0,0,0,0,0,0,0,0,0,0,0,0,0,0,0,0,0,0,0,0,0,0,0,0,0,0,0,0,0,0,0,0,0,0,0,0,0,0,0,0,0,0,0,0,0,0,0,0,0,0,0,0,0,0,0,0,0,0,0,0,0,0,0,0,0,0,0,0,0,0,0,0,0,0,0,0,0,0,0,0,0,0,0,0,0
3007,0,0,0,0,0,0,0,0,0,0,0,0,0,0,0,0,0,0,0,0,0,0,0,0,0,0,0,0,0,0,0,0,0,0,0,0,0,0,0,0,0,0,0,0,0,0,0,0,0,0,0,0,0,0,0,0,0,0,0,0,0,0,0,0,0,0,0,0,0,0,0,0,0,0,0,0,0,0,0,0,0,0,0,0,0,0,0,0,0,0,0,0,0,0,0,0,0,0,0,0,0,0,0,0,0,0,0,0,0,0,0,0,0,0,0,0,0,0,0,0,0,0,0,0,0,0,0,0,0,0,0,0,0,0,0,0,0,0,0,0,0,0,0,0,0,0,0,0,0,0,0,0,0,0,0,0,0,0,0,0,0,0,0,0,0,0,0,0,0,0,0,0,0,0,0,0,0,0,0,0,0,0,0,0,0,0,0,0,0,0,0,0,0,0,0,0,0,0,0,0
3008,0,0,0,0,0,0,0,0,0,0,0,0,0,0,0,0,0,0,0,0,0,0,0,0,0,0,0,0,0,0,0,0,0,0,0,0,0,0,0,0,0,0,0,0,0,0,0,0,0,0,0,0,0,0,0,0,0,0,0,0,0,0,0,0,0,0,0,0,0,0,0,0,0,0,0,0,0,0,0,0,0,0,0,0,0,0,0,0,0,0,0,0,0,0,0,0,0,0,0,0,0,0,0,0,0,0,0,0,0,0,0,0,0,0,0,0,0,0,0,0,0,0,0,0,0,0,0,0,0,0,0,0,0,0,0,0,0,0,0,0,0,0,0,0,0,0,0,0,0,0,0,0,0,0,0,0,0,0,0,0,0,0,0,0,0,0,0,0,0,0,0,0,0,0,0,0,0,0,0,0,0,0,0,0,0,0,0,0,0,0,0,0,0,0,0,0,0,0,0,0
3009,0,0,0,0,0,0,0,0,0,0,0,0,0,0,0,0,0,0,0,0,0,0,0,0,0,0,0,0,0,0,0,0,0,0,0,0,0,0,0,0,0,0,0,0,0,0,0,0,0,0,0,0,0,0,0,0,0,0,0,0,0,0,0,0,0,0,0,0,0,0,0,0,0,0,0,0,0,0,0,0,0,0,0,0,0,0,0,0,0,0,0,0,0,0,0,0,0,0,0,0,0,0,0,0,0,0,0,0,0,0,0,0,0,0,0,0,0,0,0,0,0,0,0,0,0,0,0,0,0,0,0,0,0,0,0,0,0,0,0,0,0,0,0,0,0,0,0,0,0,0,0,0,0,0,0,0,0,0,0,0,0,0,0,0,0,0,0,0,0,0,0,0,0,0,0,0,0,0,0,0,0,0,0,0,0,0,0,0,0,0,0,0,0,0,0,0,0,0,0,0
3010,0,0,0,0,0,0,0,0,0,0,0,0,0,0,0,0,0,0,0,0,0,0,0,0,0,0,0,0,0,0,0,0,0,0,0,0,0,0,0,0,0,0,0,0,0,0,0,0,0,0,0,0,0,0,0,0,0,0,0,0,0,0,0,0,0,0,0,0,0,0,0,0,0,0,0,0,0,0,0,0,0,0,0,0,0,0,0,0,0,0,0,0,0,0,0,0,0,0,0,0,0,0,0,0,0,0,0,0,0,0,0,0,0,0,0,0,0,0,0,0,0,0,0,0,0,0,0,0,0,0,0,0,0,0,0,0,0,0,0,0,0,0,0,0,0,0,0,0,0,0,0,0,0,0,0,0,0,0,0,0,0,0,0,0,0,0,0,0,0,0,0,0,0,0,0,0,0,0,0,0,0,0,0,0,0,0,0,0,0,0,0,0,0,0,0,0,0.0000000000,0,0,0
3011,0,0,0,0,0,0,0,0,0,0,0,0,0,0,0,0,0,0,0,0,0,0,0,0,0,0,0,0,0,0,0,0,0,0,0,0,0,0,0,0,0,0,0,0,0,0,0,0,0,0,0,0,0,0,0,0,0,0,0,0,0,0,0,0,0,0,0,0,0,0,0,0,0,0,0,0,0,0,0,0,0,0,0,0,0,0,0,0,0,0,0,0,0,0,0,0,0,0,0,0,0,0,0,0,0,0,0,0,0,0,0,0,0,0,0,0,0,0,0,0,0,0,0,0,0,0,0,0,0,0,0,0,0,0,0,0,0,0,0,0,0,0,0,0,0,0,0,0,0,0,0,0,0,0,0,0,0,0,0,0,0,0,0,0,0,0,0,0,0,0,0,0,0,0,0,0,0,0,0,0,0,0,0,0,0,0,0,0,0,0,0,0,0,0,0,0,0,0,0,0
3012,0,0,0,0,0,0,0,0,0,0,0,0,0,0,0,0,0,0,0,0,0,0,0,0,0,0,0,0,0,0,0,0,0,0,0,0,0,0,0,0,0,0,0,0,0,0,0,0,0,0,0,0,0,0,0,0,0,0,0,0,0,0,0,0,0,0,0,0,0,0,0,0,0,0,0,0,0,0,0,0,0,0,0,0,0,0,0,0,0,0,0,0,0,0,0,0,0,0,0,0,0,0,0,0,0,0,0,0,0,0,0,0,0,0,0,0,0,0,0,0,0,0,0,0,0,0,0,0,0,0,0,0,0,0,0,0,0,0,0,0,0,0,0,0,0,0,0,0,0,0,0,0,0,0,0,0,0,0,0,0,0,0,0,0,0,0,0,0,0,0,0,0,0,0,0,0,0,0,0,0,0,0,0,0,0,0,0,0,0,0,0,0,0,0,0,0,0,0,0,0
3013,0,0,0,0,0,0,0,0,0,0,0,0,0,0,0,0,0,0,0,0,0,0,0,0,0,0,0,0,0,0,0,0,0,0,0,0,0,0,0,0,0,0,0,0,0,0,0,0,0,0,0,0,0,0,0,0,0,0,0,0,0,0,0,0,0,0,0,0,0,0,0,0,0,0,0,0,0,0,0,0,0,0,0,0,0,0,0,0,0,0,0,0,0,0,0,0,0,0,0,0,0,0,0,0,0,0,0,0,0,0,0,0,0,0,0,0,0,0,0,0,0,0,0,0,0,0,0,0,0,0,0,0,0,0,0,0,0,0,0,0,0,0,0,0,0,0,0,0,0,0,0,0,0,0,0,0,0,0,0,0,0,0,0,0,0,0,0,0,0,0,0,0,0,0,0,0,0,0,0,0,0,0,0,0,0,0,0,0,0,0,0,0,0,0,0,0,0,0,0,0
3014,0,0,0,0,0,0,0,0,0,0,0,0,0,0,0,0,0,0,0,0,0,0,0,0,0,0,0,0,0,0,0,0,0,0,0,0,0,0,0,0,0,0,0,0,0,0,0,0,0,0,0,0,0,0,0,0,0,0,0,0,0,0,0,0,0,0,0,0,0,0,0,0,0,0,0,0,0,0,0,0,0,0,0,0,0,0,0,0,0,0,0,0,0,0,0,0,0,0,0,0,0,0,0,0,0,0,0,0,0,0,0,0,0,0,0,0,0,0,0,0,0,0,0,0,0,0,0,0,0,0,0,0,0,0,0,0,0,0,0,0,0,0,0,0,0,0,0,0,0,0,0,0,0,0,0,0,0,0,0,0,0,0,0,0,0,0,0,0,0,0,0,0,0,0,0,0,0,0,0,0,0,0,0,0,0,0,0,0,0,0,0,0,0,0,0,0,0,0,0,0
3015,0,0,0,0,0,0,0,0,0,0,0,0,0,0,0,0,0,0,0,0,0,0,0,0,0,0,0,0,0,0,0,0,0,0,0,0,0,0,0,0,0,0,0,0,0,0,0,0,0,0,0,0,0,0,0,0,0,0,0,0,0,0,0,0,0,0,0,0,0,0,0,0,0,0,0,0,0,0,0,0,0,0,0,0,0,0,0,0,0,0,0,0,0,0,0,0,0,0,0,0,0,0,0,0,0,0,0,0,0,0,0,0,0,0,0,0,0,0,0,0,0,0,0,0,0,0,0,0,0,0,0,0,0,0,0,0,0,0,0,0,0,0,0,0,0,0,0,0,0,0,0,0,0,0,0,0,0,0,0,0,0,0,0,0,0,0,0,0,0,0,0,0,0,0,0,0,0,0,0,0,0,0,0,0,0,0,0,0,0,0,0,0,0,0,0,0,0,0,0,0
3016,0,0,0,0,0,0,0,0,0,0,0,0,0,0,0,0,0,0,0,0,0,0,0,0,0,0,0,0,0,0,0,0,0,0,0,0,0,0,0,0,0,0,0,0,0,0,0,0,0,0,0,0,0,0,0,0,0,0,0,0,0,0,0,0,0,0,0,0,0,0,0,0,0,0,0,0,0,0,0,0,0,0,0,0,0,0,0,0,0,0,0,0,0,0,0,0,0,0,0,0,0,0,0,0,0,0,0,0,0,0,0,0,0,0,0,0,0,0,0,0,0,0,0,0,0,0,0,0,0,0,0,0,0,0,0,0,0,0,0,0,0,0,0,0,0,0,0,0,0,0,0,0,0,0,0,0,0,0,0,0,0,0,0,0,0,0,0,0,0,0,0,0,0,0,0,0,0,0,0,0,0,0,0,0,0,0,0,0,0,0,0,0,0,0,0,0,0,0,0,0
3017,0,0,0,0,0,0,0,0,0,0,0,0,0,0,0,0,0,0,0,0,0,0,0,0,0,0,0,0,0,0,0,0,0,0,0,0,0,0,0,0,0,0,0,0,0,0,0,0,0,0,0,0,0,0,0,0,0,0,0,0,0,0,0,0,0,0,0,0,0,0,0,0,0,0,0,0,0,0,0,0,0,0,0,0,0,0,0,0,0,0,0,0,0,0,0,0,0,0,0,0,0,0,0,0,0,0,0,0,0,0,0,0,0,0,0,0,0,0,0,0,0,0,0,0,0,0,0,0,0,0,0,0,0,0,0,0,0,0,0,0,0,0,0,0,0,0,0,0,0,0,0,0,0,0,0,0,0,0,0,0,0,0,0,0,0,0,0,0,0,0,0,0,0,0,0,0,0,0,0,0,0,0,0,0,0,0,0,0,0,0,0,0,0,0,0,0,0,0,0,0
3018,0,0,0,0,0,0,0,0,0,0,0,0,0,0,0,0,0,0,0,0,0,0,0,0,0,0,0,0,0,0,0,0,0,0,0,0,0,0,0,0,0,0,0,0,0,0,0,0,0,0,0,0,0,0,0,0,0,0,0,0,0,0,0,0,0,0,0,0,0,0,0,0,0,0,0,0,0,0,0,0,0,0,0,0,0,0,0,0,0,0,0,0,0,0,0,0,0,0,0,0,0,0,0,0,0,0,0,0,0,0,0,0,0,0,0,0,0,0,0,0,0,0,0,0,0,0,0,0,0,0,0,0,0,0,0,0,0,0,0,0,0,0,0,0,0,0,0,0,0,0,0,0,0,0,0,0,0,0,0,0,0,0,0,0,0,0,0,0,0,0,0,0,0,0,0,0,0,0,0,0,0,0,0,0,0,0,0,0,0,0,0,0,0,0,0,0,0,0,0,0
3019,0,0,0,0,0,0,0,0,0,0,0,0,0,0,0,0,0,0,0,0,0,0,0,0,0,0,0,0,0,0,0,0,0,0,0,0,0,0,0,0,0,0,0,0,0,0,0,0,0,0,0,0,0,0,0,0,0,0,0,0,0,0,0,0,0,0,0,0,0,0,0,0,0,0,0,0,0,0,0,0,0,0,0,0,0,0,0,0,0,0,0,0,0,0,0,0,0,0,0,0,0,0,0,0,0,0,0,0,0,0,0,0,0,0,0,0,0,0,0,0,0,0,0,0,0,0,0,0,0,0,0,0,0,0,0,0,0,0,0,0,0,0,0,0,0,0,0,0,0,0,0,0,0,0,0,0,0,0,0,0,0,0,0,0,0,0,0,0,0,0,0,0,0,0,0,0,0,0,0,0,0,0,0,0,0,0,0,0,0,0,0,0,0,0,0,0,0,0,0,0
3020,0,0,0,0,0,0,0,0,0,0,0,0,0,0,0,0,0,0,0,0,0,0,0,0,0,0,0,0,0,0,0,0,0,0,0,0,0,0,0,0,0,0,0,0,0,0,0,0,0,0,0,0,0,0,0,0,0,0,0,0,0,0,0,0,0,0,0,0,0,0,0,0,0,0,0,0,0,0,0,0,0,0,0,0,0,0,0,0,0,0,0,0,0,0,0,0,0,0,0,0,0,0,0,0,0,0,0,0,0,0,0,0,0,0,0,0,0,0,0,0,0,0,0,0,0,0,0,0,0,0,0,0,0,0,0,0,0,0,0,0,0,0,0,0,0,0,0,0,0,0,0,0,0,0,0,0,0,0,0,0,0,0,0,0,0,0,0,0,0,0,0,0,0,0,0,0,0,0,0,0,0,0,0,0,0,0,0,0,0,0,0,0,0,0,0,0,0,0,0,0
3021,0,0,0,0,0,0,0,0,0,0,0,0,0,0,0,0,0,0,0,0,0,0,0,0,0,0,0,0,0,0,0,0,0,0,0,0,0,0,0,0,0,0,0,0,0,0,0,0,0,0,0,0,0,0,0,0,0,0,0,0,0,0,0,0,0,0,0,0,0,0,0,0,0,0,0,0,0,0,0,0,0,0,0,0,0,0,0,0,0,0,0,0,0,0,0,0,0,0,0,0,0,0,0,0,0,0,0,0,0,0,0,0,0,0,0,0,0,0,0,0,0,0,0,0,0,0,0,0,0,0,0,0,0,0,0,0,0,0,0,0,0,0,0,0,0,0,0,0,0,0,0,0,0,0,0,0,0,0,0,0,0,0,0,0,0,0,0,0,0,0,0,0,0,0,0,0,0,0,0,0,0,0,0,0,0,0,0,0,0,0,0,0,0,0,0,0,0,0,0,0
3022,0,0,0,0,0,0,0,0,0,0,0,0,0,0,0,0,0,0,0,0,0,0,0,0,0,0,0,0,0,0,0,0,0,0,0,0,0,0,0,0,0,0,0,0,0,0,0,0,0,0,0,0,0,0,0,0,0,0,0,0,0,0,0,0,0,0,0,0,0,0,0,0,0,0,0,0,0,0,0,0,0,0,0,0,0,0,0,0,0,0,0,0,0,0,0,0,0,0,0,0,0,0,0,0,0,0,0,0,0,0,0,0,0,0,0,0,0,0,0,0,0,0,0,0,0,0,0,0,0,0,0,0,0,0,0,0,0,0,0,0,0,0,0,0,0,0,0,0,0,0,0,0,0,0,0,0,0,0,0,0,0,0,0,0,0,0,0,0,0,0,0,0,0,0,0,0,0,0,0,0,0,0,0,0,0,0,0,0,0,0,0,0,0,0,0,0,0,0,0,0
3023,0,0,0,0,0,0,0,0,0,0,0,0,0,0,0,0,0,0,0,0,0,0,0,0,0,0,0,0,0,0,0,0,0,0,0,0,0,0,0,0,0,0,0,0,0,0,0,0,0,0,0,0,0,0,0,0,0,0,0,0,0,0,0,0,0,0,0,0,0,0,0,0,0,0,0,0,0,0,0,0,0,0,0,0,0,0,0,0,0,0,0,0,0,0,0,0,0,0,0,0,0,0,0,0,0,0,0,0,0,0,0,0,0,0,0,0,0,0,0,0,0,0,0,0,0,0,0,0,0,0,0,0,0,0,0,0,0,0,0,0,0,0,0,0,0,0,0,0,0,0,0,0,0,0,0,0,0,0,0,0,0,0,0,0,0,0,0,0,0,0,0,0,0,0,0,0,0,0,0,0,0,0,0,0,0,0,0,0,0,0,0,0,0,0,0,0,0,0,0,0
3024,0,0,0,0,0,0,0,0,0,0,0,0,0,0,0,0,0,0,0,0,0,0,0,0,0,0,0,0,0,0,0,0,0,0,0,0,0,0,0,0,0,0,0,0,0,0,0,0,0,0,0,0,0,0,0,0,0,0,0,0,0,0,0,0,0,0,0,0,0,0,0,0,0,0,0,0,0,0,0,0,0,0,0,0,0,0,0,0,0,0,0,0,0,0,0,0,0,0,0,0,0,0,0,0,0,0,0,0,0,0,0,0,0,0,0,0,0,0,0,0,0,0,0,0,0,0,0,0,0,0,0,0,0,0,0,0,0,0,0,0,0,0,0,0,0,0,0,0,0,0,0,0,0,0,0,0,0,0,0,0,0,0,0,0,0,0,0,0,0,0,0,0,0,0,0,0,0,0,0,0,0,0,0,0,0,0,0,0,0,0,0,0,0,0,0,0,0,0,0,0
3025,0,0,0,0,0,0,0,0,0,0,0,0,0,0,0,0,0,0,0,0,0,0,0,0,0,0,0,0,0,0,0,0,0,0,0,0,0,0,0,0,0,0,0,0,0,0,0,0,0,0,0,0,0,0,0,0,0,0,0,0,0,0,0,0,0,0,0,0,0,0,0,0,0,0,0,0,0,0,0,0,0,0,0,0,0,0,0,0,0,0,0,0,0,0,0,0,0,0,0,0,0,0,0,0,0,0,0,0,0,0,0,0,0,0,0,0,0,0,0,0,0,0,0,0,0,0,0,0,0,0,0,0,0,0,0,0,0,0,0,0,0,0,0,0,0,0,0,0,0,0,0,0,0,0,0,0,0,0,0,0,0,0,0,0,0,0,0,0,0,0,0,0,0,0,0,0,0,0,0,0,0,0,0,0,0,0,0,0,0,0,0,0,0,0,0,0,0,0,0,0
3026,0,0,0,0,0,0,0,0,0,0,0,0,0,0,0,0,0,0,0,0,0,0,0,0,0,0,0,0,0,0,0,0,0,0,0,0,0,0,0,0,0,0,0,0,0,0,0,0,0,0,0,0,0,0,0,0,0,0,0,0,0,0,0,0,0,0,0,0,0,0,0,0,0,0,0,0,0,0,0,0,0,0,0,0,0,0,0,0,0,0,0,0,0,0,0,0,0,0,0,0,0,0,0,0,0,0,0,0,0,0,0,0,0,0,0,0,0,0,0,0,0,0,0,0,0,0,0,0,0,0,0,0,0,0,0,0,0,0,0,0,0,0,0,0,0,0,0,0,0,0,0,0,0,0,0,0,0,0,0,0,0,0,0,0,0,0,0,0,0,0,0,0,0,0,0,0,0,0,0,0,0,0,0,0,0,0,0,0,0,0,0,0,0,0,0,0,0,0,0,0
3027,0,0,0,0,0,0,0,0,0,0,0,0,0,0,0,0,0,0,0,0,0,0,0,0,0,0,0,0,0,0,0,0,0,0,0,0,0,0,0,0,0,0,0,0,0,0,0,0,0,0,0,0,0,0,0,0,0,0,0,0,0,0,0,0,0,0,0,0,0,0,0,0,0,0,0,0,0,0,0,0,0,0,0,0,0,0,0,0,0,0,0,0,0,0,0,0,0,0,0,0,0,0,0,0,0,0,0,0,0,0,0,0,0,0,0,0,0,0,0,0,0,0,0,0,0,0,0,0,0,0,0,0,0,0,0,0,0,0,0,0,0,0,0,0,0,0,0,0,0,0,0,0,0,0,0,0,0,0,0,0,0,0,0,0,0,0,0,0,0,0,0,0,0,0,0,0,0,0,0,0,0,0,0,0,0,0,0,0,0,0,0,0,0,0,0,0,0,0,0,0
3028,0,0,0,0,0,0,0,0,0,0,0,0,0,0,0,0,0,0,0,0,0,0,0,0,0,0,0,0,0,0,0,0,0,0,0,0,0,0,0,0,0,0,0,0,0,0,0,0,0,0,0,0,0,0,0,0,0,0,0,0,0,0,0,0,0,0,0,0,0,0,0,0,0,0,0,0,0,0,0,0,0,0,0,0,0,0,0,0,0,0,0,0,0,0,0,0,0,0,0,0,0,0,0,0,0,0,0,0,0,0,0,0,0,0,0,0,0,0,0,0,0,0,0,0,0,0,0,0,0,0,0,0,0,0,0,0,0,0,0,0,0,0,0,0,0,0,0,0,0,0,0,0,0,0,0,0,0,0,0,0,0,0,0,0,0,0,0,0,0,0,0,0,0,0,0,0,0,0,0,0,0,0,0,0,0,0,0,0,0,0,0,0,0,0,0,0,0,0,0,0
3029,0,0,0,0,0,0,0,0,0,0,0,0,0,0,0,0,0,0,0,0,0,0,0,0,0,0,0,0,0,0,0,0,0,0,0,0,0,0,0,0,0,0,0,0,0,0,0,0,0,0,0,0,0,0,0,0,0,0,0,0,0,0,0,0,0,0,0,0,0,0,0,0,0,0,0,0,0,0,0,0,0,0,0,0,0,0,0,0,0,0,0,0,0,0,0,0,0,0,0,0,0,0,0,0,0,0,0,0,0,0,0,0,0,0,0,0,0,0,0,0,0,0,0,0,0,0,0,0,0,0,0,0,0,0,0,0,0,0,0,0,0,0,0,0,0,0,0,0,0,0,0,0,0,0,0,0,0,0,0,0,0,0,0,0,0,0,0,0,0,0,0,0,0,0,0,0,0,0,0,0,0,0,0,0,0,0,0,0,0,0,0,0,0,0,0,0,0,0,0,0
3030,0,0,0,0,0,0,0,0,0,0,0,0,0,0,0,0,0,0,0,0,0,0,0,0,0,0,0,0,0,0,0,0,0,0,0,0,0,0,0,0,0,0,0,0,0,0,0,0,0,0,0,0,0,0,0,0,0,0,0,0,0,0,0,0,0,0,0,0,0,0,0,0,0,0,0,0,0,0,0,0,0,0,0,0,0,0,0,0,0,0,0,0,0,0,0,0,0,0,0,0,0,0,0,0,0,0,0,0,0,0,0,0,0,0,0,0,0,0,0,0,0,0,0,0,0,0,0,0,0,0,0,0,0,0,0,0,0,0,0,0,0,0,0,0,0,0,0,0,0,0,0,0,0,0,0,0,0,0,0,0,0,0,0,0,0,0,0,0,0,0,0,0,0,0,0,0,0,0,0,0,0,0,0,0,0,0,0,0,0,0,0,0,0,0,0,0,0,0,0,0
3031,0,0,0,0,0,0,0,0,0,0,0,0,0,0,0,0,0,0,0,0,0,0,0,0,0,0,0,0,0,0,0,0,0,0,0,0,0,0,0,0,0,0,0,0,0,0,0,0,0,0,0,0,0,0,0,0,0,0,0,0,0,0,0,0,0,0,0,0,0,0,0,0,0,0,0,0,0,0,0,0,0,0,0,0,0,0,0,0,0,0,0,0,0,0,0,0,0,0,0,0,0,0,0,0,0,0,0,0,0,0,0,0,0,0,0,0,0,0,0,0,0,0,0,0,0,0,0,0,0,0,0,0,0,0,0,0,0,0,0,0,0,0,0,0,0,0,0,0,0,0,0,0,0,0,0,0,0,0,0,0,0,0,0,0,0,0,0,0,0,0,0,0,0,0,0,0,0,0,0,0,0,0,0,0,0,0,0,0,0,0,0,0,0,0,0,0,0,0,0,0
3032,0,0,0,0,0,0,0,0,0,0,0,0,0,0,0,0,0,0,0,0,0,0,0,0,0,0,0,0,0,0,0,0,0,0,0,0,0,0,0,0,0,0,0,0,0,0,0,0,0,0,0,0,0,0,0,0,0,0,0,0,0,0,0,0,0,0,0,0,0,0,0,0,0,0,0,0,0,0,0,0,0,0,0,0,0,0,0,0,0,0,0,0,0,0,0,0,0,0,0,0,0,0,0,0,0,0,0,0,0,0,0,0,0,0,0,0,0,0,0,0,0,0,0,0,0,0,0,0,0,0,0,0,0,0,0,0,0,0,0,0,0,0,0,0,0,0,0,0,0,0,0,0,0,0,0,0,0,0,0,0,0,0,0,0,0,0,0,0,0,0,0,0,0,0,0,0,0,0,0,0,0,0,0,0,0,0,0,0,0,0,0,0,0,0,0,0,0,0,0,0
3033,0,0,0,0,0,0,0,0,0,0,0,0,0,0,0,0,0,0,0,0,0,0,0,0,0,0,0,0,0,0,0,0,0,0,0,0,0,0,0,0,0,0,0,0,0,0,0,0,0,0,0,0,0,0,0,0,0,0,0,0,0,0,0,0,0,0,0,0,0,0,0,0,0,0,0,0,0,0,0,0,0,0,0,0,0,0,0,0,0,0,0,0,0,0,0,0,0,0,0,0,0.0000000000,0,0,0,0,0,0,0,0,0,0,0,0,0,0,0,0,0,0,0,0,0,0,0,0,0,0,0,0,0,0,0,0,0,0,0,0,0,0,0,0,0,0,0,0,0,0,0,0,0,0,0,0,0,0,0,0,0,0,0,0,0,0,0,0,0,0,0,0,0,0,0,0,0,0,0,0,0,0,0,0,0,0,0,0,0,0,0,0,0,0,0,0,0,0,0,0,0,0,0
3034,0,0,0,0,0,0,0,0,0,0,0,0,0,0,0,0,0,0,0,0,0,0,0,0,0,0,0,0,0,0,0,0,0,0,0,0,0,0,0,0,0,0,0,0,0,0,0,0,0,0,0,0,0,0,0,0,0,0,0,0,0,0,0,0,0,0,0,0,0,0,0,0,0,0,0,0,0,0,0,0,0,0,0,0,0,0,0,0,0,0,0,0,0,0,0,0,0,0,0,0,0,0,0,0,0,0,0,0,0,0,0,0,0,0,0,0,0,0,0,0,0,0,0,0,0,0,0,0,0,0,0,0,0,0,0,0,0,0,0,0,0,0,0,0,0,0,0,0,0,0,0,0,0,0,0,0,0,0,0,0,0,0,0,0,0,0,0,0,0,0,0,0,0,0,0,0,0,0,0,0,0,0,0,0,0,0,0,0,0,0,0,0,0,0,0,0,0,0,0,0
3035,0,0,0,0,0,0,0,0,0,0,0,0,0,0,0,0,0,0,0,0,0,0,0,0,0,0,0,0,0,0,0,0,0,0,0,0,0,0,0,0,0,0,0,0,0,0,0,0,0,0,0,0,0,0,0,0,0,0,0,0,0,0,0,0,0,0,0,0,0,0,0,0,0,0,0,0,0,0,0,0,0,0,0,0,0,0,0,0,0,0,0,0,0,0,0,0,0,0,0,0,0,0,0,0,0,0,0,0,0,0,0,0,0,0,0,0,0,0,0,0,0,0,0,0,0,0,0,0,0,0,0,0,0,0,0,0,0,0,0,0,0,0,0,0,0,0,0,0,0,0,0,0,0,0,0,0,0,0,0,0,0,0,0,0,0,0,0,0,0,0,0,0,0,0,0,0,0,0,0,0,0,0,0,0,0,0,0,0,0,0,0,0,0,0,0,0,0,0,0,0
3036,0,0,0,0,0,0,0,0,0,0,0,0,0,0,0,0,0,0,0,0,0,0,0,0,0,0,0,0,0,0,0,0,0,0,0,0,0,0,0,0,0,0,0,0,0,0,0,0,0,0,0,0,0,0,0,0,0,0,0,0,0,0,0,0,0,0,0,0,0,0,0,0,0,0,0,0,0,0,0,0,0,0,0,0,0,0,0,0,0,0,0,0,0,0,0,0,0,0,0,0,0,0,0,0,0,0,0,0,0,0,0,0,0,0,0,0,0,0,0,0,0,0,0,0,0,0,0,0,0,0,0,0,0,0,0,0,0,0,0,0,0,0,0,0,0,0,0,0,0,0,0,0,0,0,0,0,0,0,0,0,0,0,0,0,0,0,0,0,0,0,0,0,0,0,0,0,0,0,0,0,0,0,0,0,0,0,0,0,0,0,0,0,0,0,0,0,0,0,0,0
3037,0,0,0,0,0,0,0,0,0,0,0,0,0,0,0,0,0,0,0,0,0,0,0,0,0,0,0,0,0,0,0,0,0,0,0,0,0,0,0,0,0,0,0,0,0,0,0,0,0,0,0,0,0,0,0,0,0,0,0,0,0,0,0,0,0,0,0,0,0,0,0,0,0,0,0,0,0,0,0,0,0,0,0,0,0,0,0,0,0,0,0,0,0,0,0,0,0,0,0,0,0,0,0,0,0,0,0,0,0,0,0,0,0,0,0,0,0,0,0,0,0,0,0,0,0,0,0,0,0,0,0,0,0,0,0,0,0,0,0,0,0,0,0,0,0,0,0,0,0,0,0,0,0,0,0,0,0,0,0,0,0,0,0,0,0,0,0,0,0,0,0,0,0,0,0,0,0,0,0,0,0,0,0,0,0,0,0,0,0,0,0,0,0,0,0,0,0,0,0,0
3038,0,0,0,0,0,0,0,0,0,0,0,0,0,0,0,0,0,0,0,0,0,0,0,0,0,0,0,0,0,0,0,0,0,0,0,0,0,0,0,0,0,0,0,0,0,0,0,0,0,0,0,0,0,0,0,0,0,0,0,0,0,0,0,0,0,0,0,0,0,0,0,0,0,0,0,0,0,0,0,0,0,0,0,0,0,0,0,0,0,0,0,0,0,0,0,0,0,0,0,0,0,0,0,0,0,0,0,0,0,0,0,0,0,0,0,0,0,0,0,0,0,0,0,0,0,0,0,0,0,0,0,0,0,0,0,0,0,0,0,0,0,0,0,0,0,0,0,0,0,0,0,0,0,0,0,0,0,0,0,0,0,0,0,0,0,0,0,0,0,0,0,0,0,0,0,0,0,0,0,0,0,0,0,0,0,0,0,0,0,0,0,0,0,0,0,0,0,0,0,0
3039,0,0,0,0,0,0,0,0,0,0,0,0,0,0,0,0,0,0,0,0,0,0,0,0,0,0,0,0,0,0,0,0,0,0,0,0,0,0,0,0,0,0,0,0,0,0,0,0,0,0,0,0,0,0,0,0,0,0,0,0,0,0,0,0,0,0,0,0,0,0,0,0,0,0,0,0,0,0,0,0,0,0,0,0,0,0,0,0,0,0,0,0,0,0,0,0,0,0,0,0,0,0,0,0,0,0,0,0,0,0,0,0,0,0,0,0,0,0,0,0,0,0,0,0,0,0,0,0,0,0,0,0,0,0,0,0,0,0,0,0,0,0,0,0,0,0,0,0,0,0,0,0,0,0,0,0,0,0,0,0,0,0,0,0,0,0,0,0,0,0,0,0,0,0,0,0,0,0,0,0,0,0,0,0,0,0,0,0,0,0,0,0,0,0,0,0,0,0,0,0
3040,0,0,0,0,0,0,0,0,0,0,0,0,0,0,0,0,0,0,0,0,0,0,0,0,0,0,0,0,0,0,0,0,0,0,0,0,0,0,0,0,0,0,0,0,0,0,0,0,0,0,0,0,0,0,0,0,0,0,0,0,0,0,0,0,0,0,0,0,0,0,0,0,0,0,0,0,0,0,0,0,0,0,0,0,0,0,0,0,0,0,0,0,0,0,0,0,0,0,0,0,0,0,0,0,0,0,0,0,0,0,0,0,0,0,0,0,0,0,0,0,0,0,0,0,0,0,0,0,0,0,0,0,0,0,0,0,0,0,0,0,0,0,0,0,0,0,0,0,0,0,0,0,0,0,0,0,0,0,0,0,0,0,0,0,0,0,0,0,0,0,0,0,0,0,0,0,0,0,0,0,0,0,0,0,0,0,0,0,0,0,0,0,0,0,0,0,0,0,0,0
3041,0,0,0,0,0,0,0,0,0,0,0,0,0,0,0,0,0,0,0,0,0,0,0,0,0,0,0,0,0,0,0,0,0,0,0,0,0,0,0,0,0,0,0,0,0,0,0,0,0,0,0,0,0,0,0,0,0,0,0,0,0,0,0,0,0,0,0,0,0,0,0,0,0,0,0,0,0,0,0,0,0,0,0,0,0,0,0,0,0,0,0,0,0,0,0,0,0,0,0,0,0,0,0,0,0,0,0,0,0,0,0,0,0,0,0,0,0,0,0,0,0,0,0,0,0,0,0,0,0,0,0,0,0,0,0,0,0,0,0,0,0,0,0,0,0,0,0,0,0,0,0,0,0,0,0,0,0,0,0,0,0,0,0,0,0,0,0,0,0,0,0,0,0,0,0,0,0,0,0,0,0,0,0,0,0,0,0,0,0,0,0,0,0,0,0,0,0,0,0,0
3042,0,0,0,0,0,0,0,0,0,0,0,0,0,0,0,0,0,0,0,0,0,0,0,0,0,0,0,0,0,0,0,0,0,0,0,0,0,0,0,0,0,0,0,0,0,0,0,0,0,0,0,0,0,0,0,0,0,0,0,0,0,0,0,0,0,0,0,0,0,0,0,0,0,0,0,0,0,0,0,0,0,0,0,0,0,0,0,0,0,0,0,0,0,0,0,0,0,0,0,0,0,0,0,0,0,0,0,0,0,0,0,0,0,0,0,0,0,0,0,0,0,0,0,0,0,0,0,0,0,0,0,0,0,0,0,0,0,0,0,0,0,0,0,0,0,0,0,0,0,0,0,0,0,0,0,0,0,0,0,0,0,0,0,0,0,0,0,0,0,0,0,0,0,0,0,0,0,0,0,0,0,0,0,0,0,0,0,0,0,0,0,0,0,0,0,0,0,0,0,0
3043,0,0,0,0,0,0,0,0,0,0,0,0,0,0,0,0,0,0,0,0,0,0,0,0,0,0,0,0,0,0,0,0,0,0,0,0,0,0,0,0,0,0,0,0,0,0,0,0,0,0,0,0,0,0,0,0,0,0,0,0,0,0,0,0,0,0,0,0,0,0,0,0,0,0,0,0,0,0,0,0,0,0,0,0,0,0,0,0,0,0,0,0,0,0,0,0,0,0,0,0,0,0,0,0,0,0,0,0,0,0,0,0,0,0,0,0,0,0,0,0,0,0,0,0,0,0,0,0,0,0,0,0,0,0,0,0,0,0,0,0,0,0,0,0,0,0,0,0,0,0,0,0,0,0,0,0,0,0,0,0,0,0,0,0,0,0,0,0,0,0,0,0,0,0,0,0,0,0,0,0,0,0,0,0,0,0,0,0,0,0,0,0,0,0,0,0,0,0,0,0
3044,0,0,0,0,0,0,0,0,0,0,0,0,0,0,0,0,0,0,0,0,0,0,0,0,0,0,0,0,0,0,0,0,0,0,0,0,0,0,0,0,0,0,0,0,0,0,0,0,0,0,0,0,0,0,0,0,0,0,0,0,0,0,0,0,0,0,0,0,0,0,0,0,0,0,0,0,0,0,0,0,0,0,0,0,0,0,0,0,0,0,0,0,0,0,0,0,0,0,0,0,0,0,0,0,0,0,0,0,0,0,0,0,0,0,0,0,0,0,0,0,0,0,0,0,0,0,0,0,0,0,0,0,0,0,0,0,0,0,0,0,0,0,0,0,0,0,0,0,0,0,0,0,0,0,0,0,0,0,0,0,0,0,0,0,0,0,0,0,0,0,0,0,0,0,0,0,0,0,0,0,0,0,0,0,0,0,0,0,0,0,0,0,0,0,0,0,0,0,0,0
3045,0,0,0,0,0,0,0,0,0,0,0,0,0,0,0,0,0,0,0,0,0,0,0,0,0,0,0,0,0,0,0,0,0,0,0,0,0,0,0,0,0,0,0,0,0,0,0,0,0,0,0,0,0,0,0,0,0,0,0,0,0,0,0,0,0,0,0,0,0,0,0,0,0,0,0,0,0,0,0,0,0,0,0,0,0,0,0,0,0,0,0,0,0,0,0,0,0,0,0,0,0,0,0,0,0,0,0,0,0,0,0,0,0,0,0,0,0,0,0,0,0,0,0,0,0,0,0,0,0,0,0,0,0,0,0,0,0,0,0,0,0,0,0,0,0,0,0,0.0000000000,0,0,0,0,0,0,0,0,0,0,0,0,0,0,0,0,0,0,0,0,0,0,0,0,0,0,0,0,0,0,0,0,0,0,0,0,0,0,0,0,0,0,0,0,0,0,0,0,0,0,0,0
3046,0,0,0,0,0,0,0,0,0,0,0,0,0,0,0,0,0,0,0,0,0,0,0,0,0,0,0,0,0,0,0,0,0,0,0,0,0,0,0,0,0,0,0,0,0,0,0,0,0,0,0,0,0,0,0,0,0,0,0,0,0,0,0,0,0,0,0,0,0,0,0,0,0,0,0,0,0,0,0,0,0,0,0,0,0,0,0,0,0,0,0,0,0,0,0,0,0,0,0,0,0,0,0,0,0,0,0,0,0,0,0,0,0,0,0,0,0,0,0,0,0,0,0,0,0,0,0,0,0,0,0,0,0,0,0,0,0,0,0,0,0,0,0,0,0,0,0,0,0,0,0,0,0,0,0,0,0,0,0,0,0,0,0,0,0,0,0,0,0,0,0,0,0,0,0,0,0,0,0,0,0,0,0,0,0,0,0,0,0,0,0,0,0,0,0,0,0,0,0,0
3047,0,0,0,0,0,0,0,0,0,0,0,0,0,0,0,0,0,0,0,0,0,0,0,0,0,0,0,0,0,0,0,0,0,0,0,0,0,0,0,0,0,0,0,0,0,0,0,0,0,0,0,0,0,0,0,0,0,0,0,0,0,0,0,0,0,0,0,0,0,0,0,0,0,0,0,0,0,0,0,0,0,0,0,0,0,0,0,0,0,0,0,0,0,0,0,0,0,0,0,0,0,0,0,0,0,0,0,0,0,0,0,0,0,0,0,0,0,0,0,0,0,0,0,0,0,0,0,0,0,0,0,0,0,0,0,0,0,0,0,0,0,0,0,0,0,0,0,0,0,0,0,0,0,0,0,0,0,0,0,0,0,0,0,0,0,0,0,0,0,0,0,0,0,0,0,0,0,0,0,0,0,0,0,0,0,0,0,0,0,0,0,0,0,0,0,0,0,0,0,0
3048,0,0,0,0,0,0,0,0,0,0,0,0,0,0,0,0,0,0,0,0,0,0,0,0,0,0,0,0,0,0,0,0,0,0,0,0,0,0,0,0,0,0,0,0,0,0,0,0,0,0,0,0,0,0,0,0,0,0,0,0,0,0,0,0,0,0,0,0,0,0,0,0,0,0,0,0,0,0,0,0,0,0,0,0,0,0,0,0,0,0,0,0,0,0,0,0,0,0,0,0,0,0,0,0,0,0,0,0,0,0,0,0,0,0,0,0,0,0,0,0,0,0,0,0,0,0,0,0,0,0,0,0,0,0,0,0,0,0,0,0,0,0,0,0,0,0,0,0,0,0,0,0,0,0,0,0,0,0,0,0,0,0,0,0,0,0,0,0,0,0,0,0,0,0,0,0,0,0,0,0,0,0,0,0,0,0,0,0,0,0,0,0,0,0,0,0,0,0,0,0
3049,0,0,0,0,0,0,0,0,0,0,0,0,0,0,0,0,0,0,0,0,0,0,0,0,0,0,0,0,0,0,0,0,0,0,0,0,0,0,0,0,0,0,0,0,0,0,0,0,0,0,0,0,0,0,0,0,0,0,0,0,0,0,0,0,0,0,0,0,0,0,0,0,0,0,0,0,0,0,0,0,0,0,0,0,0,0,0,0,0,0,0,0,0,0,0,0,0,0,0,0,0,0,0,0,0,0,0,0,0,0,0,0,0,0,0,0,0,0,0,0,0,0,0,0,0,0,0,0,0,0,0,0,0,0,0,0,0,0,0,0,0,0,0,0,0,0,0,0,0,0,0,0,0,0,0,0,0,0,0,0,0,0,0,0,0,0,0,0,0,0,0,0,0,0,0,0,0,0,0,0,0,0,0,0,0,0,0,0,0,0,0,0,0,0,0,0,0,0,0,0
3050,0,0,0,0,0,0,0,0,0,0,0,0,0,0,0,0,0,0,0,0,0,0,0,0,0,0,0,0,0,0,0,0,0,0,0,0,0,0,0,0,0,0,0,0,0,0,0,0,0,0,0,0,0,0,0,0,0,0,0,0,0,0,0,0,0,0,0,0,0,0,0,0,0,0,0,0,0,0,0,0,0,0,0,0,0,0,0,0,0,0,0,0,0,0,0,0,0,0,0,0,0,0,0,0,0,0,0,0,0,0,0,0,0,0,0,0,0,0,0,0,0,0,0,0,0,0,0,0,0,0,0,0,0,0,0,0,0,0,0,0,0,0,0,0,0,0,0,0,0,0,0,0,0,0,0,0,0,0,0,0,0,0,0,0,0,0,0,0,0,0,0,0,0,0,0,0,0,0,0,0,0,0,0,0,0,0,0,0,0,0,0,0,0,0,0,0,0,0,0,0
3051,0,0,0,0,0,0,0,0,0,0,0,0,0,0,0,0,0,0,0,0,0,0,0,0,0,0,0,0,0,0,0,0,0,0,0,0,0,0,0,0,0,0,0,0,0,0,0,0,0,0,0,0,0,0,0,0,0,0,0,0,0,0,0,0,0,0,0,0,0,0,0,0,0,0,0,0,0,0,0,0,0,0,0,0,0,0,0,0,0,0,0,0,0,0,0,0,0,0,0,0,0,0,0,0,0,0,0,0,0,0,0,0,0,0,0,0,0,0,0,0,0,0,0,0,0,0,0,0,0,0,0,0,0,0,0,0,0,0,0,0,0,0,0,0,0,0,0,0,0,0,0,0,0,0,0,0,0,0,0,0,0,0,0,0,0,0,0,0,0,0,0,0,0,0,0,0,0,0,0,0,0,0,0,0,0,0,0,0,0,0,0,0,0,0,0,0,0,0,0,0
3052,0,0,0,0,0,0,0,0,0,0,0,0,0,0,0,0,0,0,0,0,0,0,0,0,0,0,0,0,0,0,0,0,0,0,0,0,0,0,0,0,0,0,0,0,0,0,0,0,0,0,0,0,0,0,0,0,0,0,0,0,0,0,0,0,0,0,0,0,0,0,0,0,0,0,0,0,0,0,0,0,0,0,0,0,0,0,0,0,0,0,0,0,0,0,0,0,0,0,0,0,0,0,0,0,0,0,0,0,0,0,0,0,0,0,0,0,0,0,0,0,0,0,0,0,0,0,0,0,0,0,0,0,0,0,0,0,0,0,0,0,0,0,0,0,0,0,0,0,0,0,0,0,0,0,0,0,0,0,0,0,0,0,0,0,0,0,0,0,0,0,0,0,0,0,0,0,0,0,0,0,0,0,0,0,0,0,0,0,0,0,0,0,0,0,0,0,0,0,0,0
3053,0,0,0,0,0,0,0,0,0,0,0,0,0,0,0,0,0,0,0,0,0,0,0,0,0,0,0,0,0,0,0,0,0,0,0,0,0,0,0,0,0,0,0,0,0,0,0,0,0,0,0,0,0,0,0,0,0,0,0,0,0,0,0,0,0,0,0,0,0,0,0,0,0,0,0,0,0,0,0,0,0,0,0,0,0,0,0,0,0,0,0,0,0,0,0,0,0,0,0,0,0,0,0,0,0,0,0,0,0,0,0,0,0,0,0,0,0,0,0,0,0,0,0,0,0,0,0,0,0,0,0,0,0,0,0,0,0,0,0,0,0,0,0,0,0,0,0,0,0,0,0,0,0,0,0,0,0,0,0,0,0,0,0,0,0,0,0,0,0,0,0,0,0,0,0,0,0,0,0,0,0,0,0,0,0,0,0,0,0,0,0,0,0,0,0,0,0,0,0,0
3054,0,0,0,0,0,0,0,0,0,0,0,0,0,0,0,0,0,0,0,0,0,0,0,0,0,0,0,0,0,0,0,0,0,0,0,0,0,0,0,0,0,0,0,0,0,0,0,0,0,0,0,0,0,0,0,0,0,0,0,0,0,0,0,0,0,0,0,0,0,0,0,0,0,0,0,0,0,0,0,0,0,0,0,0,0,0,0,0,0,0,0,0,0,0,0,0,0,0,0,0,0,0,0,0,0,0,0,0,0,0,0,0,0,0,0,0,0,0,0,0,0,0,0,0,0,0,0,0,0,0,0,0,0,0,0,0,0,0,0,0,0,0,0,0,0,0,0,0,0,0,0,0,0,0,0,0,0,0,0,0,0,0,0,0,0,0,0,0,0,0,0,0,0,0,0,0,0,0,0,0,0,0,0,0,0,0,0,0,0,0,0,0,0,0,0,0,0,0,0,0
3055,0,0,0,0,0,0,0,0,0,0,0,0,0,0,0,0,0,0,0,0,0,0,0,0,0,0,0,0,0,0,0,0,0,0,0,0,0,0,0,0,0,0,0,0,0,0,0,0,0,0,0,0,0,0,0,0,0,0,0,0,0,0,0,0,0,0,0,0,0,0,0,0,0,0,0,0,0,0,0,0,0,0,0,0,0,0,0,0,0,0,0,0,0,0,0,0,0,0,0,0,0,0,0,0,0,0,0,0,0,0,0,0,0,0,0,0,0,0,0,0,0,0,0,0,0,0,0,0,0,0,0,0,0,0,0,0,0,0,0,0,0,0,0,0,0,0,0,0,0,0,0,0,0,0,0,0,0,0,0,0,0,0,0,0,0,0,0,0,0,0,0,0,0,0,0,0,0,0,0,0,0,0,0,0,0,0,0,0,0,0,0,0,0,0,0,0,0,0,0,0
3056,0,0,0,0,0,0,0,0,0,0,0,0,0,0,0,0,0,0,0,0,0,0,0,0,0,0,0,0,0,0,0,0,0,0,0,0,0,0,0,0,0,0,0,0,0,0,0,0,0,0,0,0,0,0,0,0,0,0,0,0,0,0,0,0,0,0,0,0,0,0,0,0,0,0,0,0,0,0,0,0,0,0,0,0,0,0,0,0,0,0,0,0,0,0,0,0,0,0,0,0,0,0,0,0,0,0,0,0,0,0,0,0,0,0,0,0,0,0,0,0,0,0,0,0,0,0,0,0,0,0,0,0,0,0,0,0,0,0,0,0,0,0,0,0,0,0,0,0,0,0,0,0,0,0,0,0,0,0,0,0,0,0,0,0,0,0,0,0,0,0,0,0,0,0,0,0,0,0,0,0,0,0,0,0,0,0,0,0,0,0,0,0,0,0,0,0,0,0,0,0
3057,0,0,0,0,0,0,0,0,0,0,0,0,0,0,0,0,0,0,0,0,0,0,0,0,0,0,0,0,0,0,0,0,0,0,0,0,0,0,0,0,0,0,0,0,0,0,0,0,0,0,0,0,0,0,0,0,0,0,0,0,0,0,0,0,0,0,0,0,0,0,0,0,0,0,0,0,0,0,0,0,0,0,0,0,0,0,0,0,0,0,0,0,0,0,0,0,0,0,0,0,0,0,0,0,0,0,0,0,0,0,0,0,0,0,0,0,0,0,0,0,0,0,0,0,0,0,0,0,0,0,0,0,0,0,0,0,0,0,0,0,0,0,0,0,0,0,0,0,0,0,0,0,0,0,0,0,0,0,0,0,0,0,0,0,0,0,0,0,0,0,0,0,0,0,0,0,0,0,0,0,0,0,0,0,0,0,0,0,0,0,0,0,0,0,0,0,0,0,0,0
3058,0,0,0,0,0,0,0,0,0,0,0,0,0,0,0,0,0,0,0,0,0,0,0,0,0,0,0,0,0,0,0,0,0,0,0,0,0,0,0,0,0,0,0,0,0,0,0,0,0,0,0,0,0,0,0,0,0,0,0,0,0,0,0,0,0,0,0,0,0,0,0,0,0,0,0,0,0,0,0,0,0,0,0,0,0,0,0,0,0,0,0,0,0,0,0,0,0,0,0,0,0,0,0,0,0,0,0,0,0,0,0,0,0,0,0,0,0,0,0,0,0,0,0,0,0,0,0,0,0,0,0,0,0,0,0,0,0,0,0,0,0,0,0,0,0,0,0,0,0,0,0,0,0,0,0,0,0,0,0,0,0,0,0,0,0,0,0,0,0,0,0,0,0,0,0,0,0,0,0,0,0,0,0,0,0,0,0,0,0,0,0,0,0,0,0,0,0,0,0,0
3059,0,0,0,0,0,0,0,0,0,0,0,0,0,0,0,0,0,0,0,0,0,0,0,0,0,0,0,0,0,0,0,0,0,0,0,0,0,0,0,0,0,0,0,0,0,0,0,0,0,0,0,0,0,0,0,0,0,0,0,0,0,0,0,0,0,0,0,0,0,0,0,0,0,0,0,0,0,0,0,0,0,0,0,0,0,0,0,0,0,0,0,0,0,0,0,0,0,0,0,0,0,0,0,0,0,0,0,0,0,0,0,0,0,0,0,0,0,0,0,0,0,0,0,0,0,0,0,0,0,0,0,0,0,0,0,0,0,0,0,0,0,0,0,0,0,0,0,0,0,0,0,0,0,0,0,0,0,0,0,0,0,0,0,0,0,0,0,0,0,0,0,0,0,0,0,0,0,0,0,0,0,0,0,0,0,0,0,0,0,0,0,0,0,0,0,0,0,0,0,0
3060,0,0,0,0,0,0,0,0,0,0,0,0,0,0,0,0,0,0,0,0,0,0,0,0,0,0,0,0,0,0,0,0,0,0,0,0,0,0,0,0,0,0,0,0,0,0,0,0,0,0,0,0,0,0,0,0,0,0,0,0,0,0,0,0,0,0,0,0,0,0,0,0,0,0,0,0,0,0,0,0,0,0,0,0,0,0,0,0,0,0,0,0,0,0,0,0,0,0,0,0,0,0,0,0,0,0,0,0,0,0,0,0,0,0,0,0,0,0,0,0,0,0,0,0,0,0,0,0,0,0,0,0,0,0,0,0,0,0,0,0,0,0,0,0,0,0,0,0,0,0,0,0,0,0,0,0,0,0,0,0,0,0,0,0,0,0,0,0,0,0,0,0,0,0,0,0,0,0,0,0,0,0,0,0,0,0,0,0,0,0,0,0,0,0,0,0,0,0,0,0
3061,0,0,0,0,0,0,0,0,0,0,0,0,0,0,0,0,0,0,0,0,0,0,0,0,0,0,0,0,0,0,0,0,0,0,0,0,0,0,0,0,0,0,0,0,0,0,0,0,0,0,0,0,0,0,0,0,0,0,0,0,0,0,0,0,0,0,0,0,0,0,0,0,0,0,0,0,0,0,0,0,0,0,0,0,0,0,0,0,0,0,0,0,0,0,0,0,0,0,0,0,0,0,0,0,0,0,0,0,0,0,0,0,0,0,0,0,0,0,0,0,0,0,0,0,0,0,0,0,0,0,0,0,0,0,0,0,0,0,0,0,0,0,0,0,0,0,0,0,0,0,0,0,0,0,0,0,0,0,0,0,0,0,0,0,0,0,0,0,0,0,0,0,0,0,0,0,0,0,0,0,0,0,0,0,0,0,0,0,0,0,0,0,0,0,0,0,0,0,0,0
3062,0,0,0,0,0,0,0,0,0,0,0,0,0,0,0,0,0,0,0,0,0,0,0,0,0,0,0,0,0,0,0,0,0,0,0,0,0,0,0,0,0,0,0,0,0,0,0,0,0,0,0,0,0,0,0,0,0,0,0,0,0,0,0,0,0,0,0,0,0,0,0,0,0,0,0,0,0,0,0,0,0,0,0,0,0,0,0,0,0,0,0,0,0,0,0,0,0,0,0,0,0,0,0,0,0,0,0,0,0,0,0,0,0,0,0,0,0,0,0,0,0,0,0,0,0,0,0,0,0,0,0,0,0,0,0,0,0,0,0,0,0,0,0,0,0,0,0,0,0,0,0,0,0,0,0,0,0,0,0,0,0,0,0,0,0,0,0,0,0,0,0,0,0,0,0,0,0,0,0,0,0,0,0,0,0,0,0,0,0,0,0,0,0,0,0,0,0,0,0,0
3063,0,0,0,0,0,0,0,0,0,0,0,0,0,0,0,0,0,0,0,0,0,0,0,0,0,0,0,0,0,0,0,0,0,0,0,0,0,0,0,0,0,0,0,0,0,0,0,0,0,0,0,0,0,0,0,0,0,0,0,0,0,0,0,0,0,0,0,0,0,0,0,0,0,0,0,0,0,0,0,0,0,0,0,0,0,0,0,0,0,0,0,0,0,0,0,0,0,0,0,0,0,0,0,0,0,0,0,0,0,0,0,0,0,0,0,0,0,0,0,0,0,0,0,0,0,0,0,0,0,0,0,0,0,0,0,0,0,0,0,0,0,0,0,0,0,0,0,0,0,0,0,0,0,0,0,0,0,0,0,0,0,0,0,0,0,0,0,0,0,0,0,0,0,0,0,0,0,0,0,0,0,0,0,0,0,0,0,0,0,0,0,0,0,0,0,0,0,0,0,0
3064,0,0,0,0,0,0,0,0,0,0,0,0,0,0,0,0,0,0,0,0,0,0,0,0,0,0,0,0,0,0,0,0,0,0,0,0,0,0,0,0,0,0,0,0,0,0,0,0,0,0,0,0,0,0,0,0,0,0,0,0,0,0,0,0,0,0,0,0,0,0,0,0,0,0,0,0,0,0,0,0,0,0,0,0,0,0,0,0,0,0,0,0,0,0,0,0,0,0,0,0,0,0,0,0,0,0,0,0,0,0,0,0,0,0,0,0,0,0,0,0,0,0,0,0,0,0,0,0,0,0,0,0,0,0,0,0,0,0,0,0,0,0,0,0,0,0,0,0,0,0,0,0,0,0,0,0,0,0,0,0,0,0,0,0,0,0,0,0,0,0,0,0,0,0,0,0,0,0,0,0,0,0,0,0,0,0,0,0,0,0,0,0,0,0,0,0,0,0,0,0
3065,0,0,0,0,0,0,0,0,0,0,0,0,0,0,0,0,0,0,0,0,0,0,0,0,0,0,0,0,0,0,0,0,0,0,0,0,0,0,0,0,0,0,0,0,0,0,0,0,0,0,0,0,0,0,0,0,0,0,0,0,0,0,0,0,0,0,0,0,0,0,0,0,0,0,0,0,0,0,0,0,0,0,0,0,0,0,0,0,0,0,0,0,0,0,0,0,0,0,0,0,0,0,0,0,0,0,0,0,0,0,0,0,0,0,0,0,0,0,0,0,0,0,0,0,0,0,0,0,0,0,0,0,0,0,0,0,0,0,0,0,0,0,0,0,0,0,0,0,0,0,0,0,0,0,0,0,0,0,0,0,0,0,0,0,0,0,0,0,0,0,0,0,0,0,0,0,0,0,0,0,0,0,0,0,0,0,0,0,0,0,0,0,0,0,0,0,0,0,0,0
3066,0,0,0,0,0,0,0,0,0,0,0,0,0,0,0,0,0,0,0,0,0,0,0,0,0,0,0,0,0,0,0,0,0,0,0,0,0,0,0,0,0,0,0,0,0,0,0,0,0,0,0,0,0,0,0,0,0,0,0,0,0,0,0,0,0,0,0,0,0,0,0,0,0,0,0,0,0,0,0,0,0,0,0,0,0,0,0,0,0,0,0,0,0,0,0,0,0,0,0,0,0,0,0,0,0,0,0,0,0,0,0,0,0,0,0,0,0,0,0,0,0,0,0,0,0,0,0,0,0,0,0,0,0,0,0,0,0,0,0,0,0,0,0,0,0,0,0,0,0,0,0,0,0,0,0,0,0,0,0,0,0,0,0,0,0,0,0,0,0,0,0,0,0,0,0,0,0,0,0,0,0,0,0,0,0,0,0,0,0,0,0,0,0,0,0,0,0,0,0,0
3067,0,0,0,0,0,0,0,0,0,0,0,0,0,0,0,0,0,0,0,0,0,0,0,0,0,0,0,0,0,0,0,0,0,0,0,0,0,0,0,0,0,0,0,0,0,0,0,0,0,0,0,0,0,0,0,0,0,0,0,0,0,0,0,0,0,0,0,0,0,0,0,0,0,0,0,0,0,0,0,0,0,0,0,0,0,0,0,0,0,0,0,0,0,0,0,0,0,0,0,0,0,0,0,0,0,0,0,0,0,0,0,0,0,0,0,0,0,0,0,0,0,0,0,0,0,0,0,0,0,0,0,0,0,0,0,0,0,0,0,0,0,0,0,0,0,0,0,0,0,0,0,0,0,0,0,0,0,0,0,0,0,0,0,0,0,0,0,0,0,0,0,0,0,0,0,0,0,0,0,0,0,0,0,0,0,0,0,0,0,0,0,0,0,0,0,0,0,0,0,0
3068,0,0,0,0,0,0,0,0,0,0,0,0,0,0,0,0,0,0,0,0,0,0,0,0,0,0,0,0,0,0,0,0,0,0,0,0,0,0,0,0,0,0,0,0,0,0,0,0,0,0,0,0,0,0,0,0,0,0,0,0,0,0,0,0,0,0,0,0,0,0,0,0,0,0,0,0,0,0,0,0,0,0,0,0,0,0,0,0,0,0,0,0,0,0,0,0,0,0,0,0,0,0,0,0,0,0,0,0,0,0,0,0,0,0,0,0,0,0,0,0,0,0,0,0,0,0,0,0,0,0,0,0,0,0,0,0,0,0,0,0,0,0,0,0,0,0,0,0,0,0,0,0,0,0,0,0,0,0,0,0,0,0,0,0,0,0,0,0,0,0,0,0,0,0,0,0,0,0,0,0,0,0,0,0,0,0,0,0,0,0,0,0,0,0,0,0,0,0,0,0
3069,0,0,0,0,0,0,0,0,0,0,0,0,0,0,0,0,0,0,0,0,0,0,0,0,0,0,0,0,0,0,0,0,0,0,0,0,0,0,0,0,0,0,0,0,0,0,0,0,0,0,0,0,0,0,0,0,0,0,0,0,0,0,0,0,0,0,0,0,0,0,0,0,0,0,0,0,0,0,0,0,0,0,0,0,0,0,0,0,0,0,0,0,0,0,0,0,0,0,0,0,0,0,0,0,0,0,0,0,0,0,0,0,0,0,0,0,0,0,0,0,0,0,0,0,0,0,0,0,0,0,0,0,0,0,0,0,0,0,0,0,0,0,0,0,0,0,0,0,0,0,0,0,0,0,0,0,0,0,0,0,0,0,0,0,0,0,0,0,0,0,0,0,0,0,0,0,0,0,0,0,0,0,0,0,0,0,0,0,0,0,0,0,0,0,0,0,0,0,0,0
3070,0,0,0,0,0,0,0,0,0,0,0,0,0,0,0,0,0,0,0,0,0,0,0,0,0,0,0,0,0,0,0,0,0,0,0,0,0,0,0,0,0,0,0,0,0,0,0,0,0,0,0,0,0,0,0,0,0,0,0,0,0,0,0,0,0,0,0,0,0,0,0,0,0,0,0,0,0,0,0,0,0,0,0,0,0,0,0,0,0,0,0,0,0,0,0,0,0,0,0,0,0,0,0,0,0,0,0,0,0,0,0,0,0,0,0,0,0,0,0,0,0,0,0,0,0,0,0,0,0,0,0,0,0,0,0,0,0,0,0,0,0,0,0,0,0,0,0,0,0,0,0,0,0,0,0,0,0,0,0,0,0,0,0,0,0,0,0,0,0,0,0,0,0,0,0,0,0,0,0,0,0,0,0,0,0,0,0,0,0,0,0,0,0,0,0,0,0,0,0,0
3071,0,0,0,0,0,0,0,0,0,0,0,0,0,0,0,0,0,0,0,0,0,0,0,0,0,0,0,0,0,0,0,0,0,0,0,0,0,0,0,0,0,0,0,0,0,0,0,0,0,0,0,0,0,0,0,0,0,0,0,0,0,0,0,0,0,0,0,0,0,0,0,0,0,0,0,0,0,0,0,0,0,0,0,0,0,0,0,0,0,0,0,0,0,0,0,0,0,0,0,0,0,0,0,0,0,0,0,0,0,0,0,0,0,0,0,0,0,0,0,0,0,0,0,0,0,0,0,0,0,0,0,0,0,0,0,0,0,0,0,0,0,0,0,0,0,0,0,0,0,0,0,0,0,0,0,0,0,0,0,0,0,0,0,0,0,0,0,0,0,0,0,0,0,0,0,0,0,0,0,0,0,0,0,0,0,0,0,0,0,0,0,0,0,0,0,0,0,0,0,0
3072,0,0,0,0,0,0,0,0,0,0,0,0,0,0,0,0,0,0,0,0,0,0,0,0,0,0,0,0,0,0,0,0,0,0,0,0,0,0,0,0,0,0,0,0,0,0,0,0,0,0,0,0,0,0,0,0.0000000000,0,0,0,0,0,0,0,0,0,0,0,0,0,0,0,0,0,0,0,0,0,0,0,0,0,0,0,0,0,0,0,0,0,0,0,0,0,0,0,0,0,0,0,0,0,0,0,0,0,0,0,0,0,0,0,0,0,0,0,0,0,0,0,0,0,0,0,0,0,0,0,0,0,0,0,0,0,0,0,0,0,0,0,0,0,0,0,0,0,0,0,0,0,0,0,0,0,0,0,0,0,0,0,0,0,0,0,0,0,0,0,0,0,0,0,0,0,0,0,0,0,0,0,0,0,0,0,0,0,0,0,0,0,0,0,0,0,0,0,0,0,0,0,0
3073,0,0,0,0,0,0,0,0,0,0,0,0,0,0,0,0,0,0,0,0,0,0,0,0,0,0,0,0,0,0,0,0,0,0,0,0,0,0,0,0,0,0,0,0,0,0,0,0,0,0,0,0,0,0,0,0,0,0,0,0,0,0,0,0,0,0,0,0,0,0,0,0,0,0,0,0,0,0,0,0,0,0,0,0,0,0,0,0,0,0,0,0,0,0,0,0,0,0,0,0,0,0,0,0,0,0,0,0,0,0,0,0,0,0,0,0,0,0,0,0,0,0,0,0,0,0,0,0,0,0,0,0,0,0,0,0,0,0,0,0,0,0,0,0,0,0,0,0,0,0,0,0,0,0,0,0,0,0,0,0,0,0,0,0,0,0,0,0,0,0,0,0,0,0,0,0,0,0,0,0,0,0,0,0,0,0,0,0,0,0,0,0,0,0,0,0,0,0,0,0
3074,0,0,0,0,0,0,0,0,0,0,0,0,0,0,0,0,0,0,0,0,0,0,0,0,0,0,0,0,0,0,0,0,0,0,0,0,0,0,0,0,0,0,0,0,0,0,0,0,0,0,0,0,0,0,0,0,0,0,0,0,0,0,0,0,0,0,0,0,0,0,0,0,0,0,0,0,0,0,0,0,0,0,0,0,0,0,0,0,0,0,0,0,0,0,0,0,0,0,0,0,0,0,0,0,0,0,0,0,0,0,0,0,0,0,0,0,0,0,0,0,0,0,0,0,0,0,0,0,0,0,0,0,0,0,0,0,0,0,0,0,0,0,0,0,0,0,0,0,0,0,0,0,0,0,0,0,0,0,0,0,0,0,0,0,0,0,0,0,0,0,0,0,0,0,0,0,0,0,0,0,0,0,0,0,0,0,0,0,0,0,0,0,0,0,0,0,0,0,0,0
3075,0,0,0,0,0,0,0,0,0,0,0,0,0,0,0,0,0,0,0,0,0,0,0,0,0,0,0,0,0,0,0,0,0,0,0,0,0,0,0,0,0,0,0,0,0,0,0,0,0,0,0,0,0,0,0,0,0,0,0,0,0,0,0,0,0,0,0,0,0,0,0,0,0,0,0,0,0,0,0,0,0,0,0,0,0,0,0,0,0,0,0,0,0,0,0,0,0,0,0,0,0,0,0,0,0,0,0,0,0,0,0,0,0,0,0,0,0,0,0,0,0,0,0,0,0,0,0,0,0,0,0,0,0,0,0,0,0,0,0,0,0,0,0,0,0,0,0,0,0,0,0,0,0,0,0,0,0,0,0,0,0,0,0,0,0,0,0,0,0,0,0,0,0,0,0,0,0,0,0,0,0,0,0,0,0,0,0,0,0,0,0,0,0,0,0,0,0,0,0,0
3076,0,0,0,0,0,0,0,0,0,0,0,0,0,0,0,0,0,0,0,0,0,0,0,0,0,0,0,0,0,0,0,0,0,0,0,0,0,0,0,0,0,0,0,0,0,0,0,0,0,0,0,0,0,0,0,0,0,0,0,0,0,0,0,0,0,0,0,0,0,0,0,0,0,0,0,0,0,0,0,0,0,0,0,0,0,0,0,0,0,0,0,0,0,0,0,0,0,0,0,0,0,0,0,0,0,0,0,0,0,0,0,0,0,0,0,0,0,0,0,0,0,0,0,0,0,0,0,0,0,0,0,0,0,0,0,0,0,0,0,0,0,0,0,0,0,0,0,0,0,0,0,0,0,0,0,0,0,0,0,0,0,0,0,0,0,0,0,0,0,0,0,0,0,0,0,0,0,0,0,0,0,0,0,0,0,0,0,0,0,0,0,0,0,0,0,0,0,0,0,0
3077,0,0,0,0,0,0,0,0,0,0,0,0,0,0,0,0,0,0,0,0,0,0,0,0,0,0,0,0,0,0,0,0,0,0,0,0,0,0,0,0,0,0,0,0,0,0,0,0,0,0,0,0,0,0,0,0,0,0,0,0,0,0,0,0,0,0,0,0,0,0,0,0,0,0,0,0,0,0,0,0,0,0,0,0,0,0,0,0,0,0,0,0,0,0,0,0,0,0,0,0,0,0,0,0,0,0,0,0,0,0,0,0,0,0,0,0,0,0,0,0,0,0,0,0,0,0,0,0,0,0,0,0,0,0,0,0,0,0,0,0,0,0,0,0,0,0,0,0,0,0,0,0,0,0,0,0,0,0,0,0,0,0,0,0,0,0,0,0,0,0,0,0,0,0,0,0,0,0,0,0,0,0,0,0,0,0,0,0,0,0,0,0,0,0,0,0,0,0,0,0
3078,0,0,0,0,0,0,0,0,0,0,0,0,0,0,0,0,0,0,0,0,0,0,0,0,0,0,0,0,0,0,0,0,0,0,0,0,0,0,0,0,0,0,0,0,0,0,0,0,0,0,0,0,0,0,0,0,0,0,0,0,0,0,0,0,0,0,0,0,0,0,0,0,0,0,0,0,0,0,0,0,0,0,0,0,0,0,0,0,0,0,0,0,0,0,0,0,0,0,0,0,0,0,0,0,0,0,0,0,0,0,0,0,0,0,0,0,0,0,0,0,0,0,0,0,0,0,0,0,0,0,0,0,0,0,0,0,0,0,0,0,0,0,0,0,0,0,0,0,0,0,0,0,0,0,0,0,0,0,0,0,0,0,0,0,0,0,0,0,0,0,0,0,0,0,0,0,0,0,0,0,0,0,0,0,0,0,0,0,0,0,0,0,0,0,0,0,0,0,0,0
3079,0,0,0,0,0,0,0,0,0,0,0,0,0,0,0,0,0,0,0,0,0,0,0,0,0,0,0,0,0,0,0,0,0,0,0,0,0,0,0,0,0,0,0,0,0,0,0,0,0,0,0,0,0,0,0,0,0,0,0,0,0,0,0,0,0,0,0,0,0,0,0,0,0,0,0,0,0,0,0,0,0,0,0,0,0,0,0,0,0,0,0,0,0,0,0,0,0,0,0,0,0,0,0,0,0,0,0,0,0,0,0,0,0,0,0,0,0,0,0,0,0,0,0,0,0,0,0,0,0,0,0,0,0,0,0,0,0,0,0,0,0,0,0,0,0,0,0,0,0,0,0,0,0,0,0,0,0,0,0,0,0,0,0,0,0,0,0,0,0,0,0,0,0,0,0,0,0,0,0,0,0,0,0,0,0,0,0,0,0,0,0,0,0,0,0,0,0,0,0,0
3080,0,0,0,0,0,0,0,0,0,0,0,0,0,0,0,0,0,0,0,0,0,0,0,0,0,0,0,0,0,0,0,0,0,0,0,0,0,0,0,0,0,0,0,0,0,0,0,0,0,0,0,0,0,0,0,0,0,0,0,0,0,0,0,0,0,0,0,0,0,0,0,0,0,0,0,0,0,0,0,0,0,0,0,0,0,0,0,0,0,0,0,0,0,0,0,0,0,0,0,0,0,0,0,0,0,0,0,0,0,0,0,0,0,0,0,0,0,0,0,0,0,0,0,0,0,0,0,0,0,0,0,0,0,0,0,0,0,0,0,0,0,0,0,0,0,0,0,0,0,0,0,0,0,0,0,0,0,0,0,0,0,0,0,0,0,0,0,0,0,0,0,0,0,0,0,0,0,0,0,0,0,0,0,0,0,0,0,0,0,0,0,0,0,0,0,0,0,0,0,0
3081,0,0,0,0,0,0,0,0,0,0,0,0,0,0,0,0,0,0,0,0,0,0,0,0,0,0,0,0,0,0,0,0,0,0,0,0,0,0,0,0,0,0,0,0,0,0,0,0,0,0,0,0,0,0,0,0,0,0,0,0,0,0,0,0,0,0,0,0,0,0,0,0,0,0,0,0,0,0,0,0,0,0,0,0,0,0,0,0,0,0,0,0,0,0,0,0,0,0,0,0,0,0,0,0,0,0,0,0,0,0,0,0,0,0,0,0,0,0,0,0,0,0,0,0,0,0,0,0,0,0,0,0,0,0,0,0,0,0,0,0,0,0,0,0,0,0,0,0,0,0,0,0,0,0,0,0,0,0,0,0,0,0,0,0,0,0,0,0,0,0,0,0,0,0,0,0,0,0,0,0,0,0,0,0,0,0,0,0,0,0,0,0,0,0,0,0,0,0,0,0
3082,0,0,0,0,0,0,0,0,0,0,0,0,0,0,0,0,0,0,0,0,0,0,0,0,0,0,0,0,0,0,0,0,0,0,0,0,0,0,0,0,0,0,0,0,0,0,0,0,0,0,0,0,0,0,0,0,0,0,0,0,0,0,0,0,0,0,0,0,0,0,0,0,0,0,0,0,0,0,0,0,0,0,0,0,0,0,0,0,0,0,0,0,0,0,0,0,0,0,0,0,0,0,0,0,0,0,0,0,0,0,0,0,0,0,0,0,0,0,0,0,0,0,0,0,0,0,0,0,0,0,0,0,0,0,0,0,0,0,0,0,0,0,0,0,0,0,0,0,0,0,0,0,0,0,0,0,0,0,0,0,0,0,0,0,0,0,0,0,0,0,0,0,0,0,0,0,0,0,0,0,0,0,0,0,0,0,0,0,0,0,0,0,0,0,0,0,0,0,0,0
3083,0,0,0,0,0,0,0,0,0,0,0,0,0,0,0,0,0,0,0,0,0,0,0,0,0,0,0,0,0,0,0,0,0,0,0,0,0,0,0,0,0,0,0,0,0,0,0,0,0,0,0,0,0,0,0,0,0,0,0,0,0,0,0,0,0,0,0,0,0,0,0,0,0,0,0,0,0,0,0,0,0,0,0,0,0,0,0,0,0,0,0,0,0,0,0,0,0,0,0,0,0,0,0,0,0,0,0,0,0,0,0,0,0,0,0,0,0,0,0,0,0,0,0,0,0,0,0,0,0,0,0,0,0,0,0,0,0,0,0,0,0,0,0,0,0,0,0,0,0,0,0,0,0,0,0,0,0,0,0,0,0,0,0,0,0,0,0,0,0,0,0,0,0,0,0,0,0,0,0,0,0,0,0,0,0,0,0,0,0,0,0,0,0,0,0,0,0,0,0,0
3084,0,0,0,0,0,0,0,0,0,0,0,0,0,0,0,0,0,0,0,0,0,0,0,0,0,0,0,0,0,0,0,0,0,0,0,0,0,0,0,0,0,0,0,0,0,0,0,0,0,0,0,0,0,0,0,0,0,0,0,0,0,0,0,0,0,0,0,0,0,0,0,0,0,0,0,0,0,0,0,0,0,0,0,0,0,0,0,0,0,0,0,0,0,0,0,0,0,0,0,0,0,0,0,0,0,0,0,0,0,0,0,0,0,0,0,0,0,0,0,0,0,0,0,0,0,0,0,0,0,0,0,0,0,0,0,0,0,0,0,0,0,0,0,0,0,0,0,0,0,0,0,0,0,0,0,0,0,0,0,0,0,0,0,0,0,0,0,0,0,0,0,0,0,0,0,0,0,0,0,0,0,0,0,0,0,0,0,0,0,0,0,0,0,0,0,0,0,0,0,0
3085,0,0,0,0,0,0,0,0,0,0,0,0,0,0,0,0,0,0,0,0,0,0,0,0,0,0,0,0,0,0,0,0,0,0,0,0,0,0,0,0,0,0,0,0,0,0,0,0,0,0,0,0,0,0,0,0,0,0,0,0,0,0,0,0,0,0,0,0,0,0,0,0,0,0,0,0,0,0,0,0,0,0,0,0,0,0,0,0,0,0,0,0,0,0,0,0,0,0,0,0,0,0,0,0,0,0,0,0,0,0,0,0,0,0,0,0,0,0,0,0,0,0,0,0,0,0,0,0,0,0,0,0,0,0,0,0,0,0,0,0,0,0,0,0,0,0,0,0,0,0,0,0,0,0,0,0,0,0,0,0,0,0,0,0,0,0,0,0,0,0,0,0,0,0,0,0,0,0,0,0,0,0,0,0,0,0,0,0,0,0,0,0,0,0,0,0,0,0,0,0
3086,0,0,0,0,0,0,0,0,0,0,0,0,0,0,0,0,0,0,0,0,0,0,0,0,0,0,0,0,0,0,0,0,0,0,0,0,0,0,0,0,0,0,0,0,0,0,0,0,0,0,0,0,0,0,0,0,0,0,0,0,0,0,0,0,0,0,0,0,0,0,0,0,0,0,0,0,0,0,0,0,0,0,0,0,0,0,0,0,0,0,0,0,0,0,0,0,0,0,0,0,0,0,0,0,0,0,0,0,0,0,0,0,0,0,0,0,0,0,0,0,0,0,0,0,0,0,0,0,0,0,0,0,0,0,0,0,0,0,0,0,0,0,0,0,0,0,0,0,0,0,0,0,0,0,0,0,0,0,0,0,0,0,0,0,0,0,0,0,0,0,0,0,0,0,0,0,0,0,0,0,0,0,0,0,0,0,0,0,0,0,0,0,0,0,0,0,0,0,0,0
3087,0,0,0,0,0,0,0,0,0,0,0,0,0,0,0,0,0,0,0,0,0,0,0,0,0,0,0,0,0,0,0,0,0,0,0,0,0,0,0,0,0,0,0,0,0,0,0,0,0,0,0,0,0,0,0,0,0,0,0,0,0,0,0,0,0,0,0,0,0,0,0,0,0,0,0,0,0,0,0,0,0,0,0,0,0,0,0,0,0,0,0,0,0,0,0,0,0,0,0,0,0,0,0,0,0,0,0,0,0,0,0,0,0,0,0,0,0,0,0,0,0,0,0,0,0,0,0,0,0,0,0,0,0,0,0,0,0,0,0,0,0,0,0,0,0,0,0,0,0,0,0,0,0,0,0,0,0,0,0,0,0,0,0,0,0,0,0,0,0,0,0,0,0,0,0,0,0,0,0,0,0,0,0,0,0,0,0,0,0,0,0,0,0,0,0,0,0,0,0,0
3088,0,0,0,0,0,0,0,0,0,0,0,0,0,0,0,0,0,0,0,0,0,0,0,0,0,0,0,0,0,0,0,0,0,0,0,0,0,0,0,0,0,0,0,0,0,0,0,0,0,0,0,0,0,0,0,0,0,0,0,0,0,0,0,0,0,0,0,0,0,0,0,0,0,0,0,0,0,0,0,0,0,0,0,0,0,0,0,0,0,0,0,0,0,0,0,0,0,0,0,0,0,0,0,0,0,0,0,0,0,0,0,0,0,0,0,0,0,0,0,0,0,0,0,0,0,0,0,0,0,0,0,0,0,0,0,0,0,0,0,0,0,0,0,0,0,0,0,0,0,0,0,0,0,0,0,0,0,0,0,0,0,0,0,0,0,0,0,0,0,0,0,0,0,0,0,0,0,0,0,0,0,0,0,0,0,0,0,0,0,0,0,0,0,0,0,0,0,0,0,0
3089,0,0,0,0,0,0,0,0,0,0,0,0,0,0,0,0,0,0,0,0,0,0,0,0,0,0,0,0,0,0,0,0,0,0,0,0,0,0,0,0,0,0,0,0,0,0,0,0,0,0,0,0,0,0,0,0,0,0,0,0,0,0,0,0,0,0,0,0,0,0,0,0,0,0,0,0,0,0,0,0,0,0,0,0,0,0,0,0,0,0,0,0,0,0,0,0,0,0,0,0,0,0,0,0,0,0,0,0,0,0,0,0,0,0,0,0,0,0,0,0,0,0,0,0,0,0,0,0,0,0,0,0,0,0,0,0,0,0,0,0,0,0,0,0,0,0,0,0,0,0,0,0,0,0,0,0,0,0,0,0,0,0,0,0,0,0,0,0,0,0,0,0,0,0,0,0,0,0,0,0,0,0,0,0,0,0,0,0,0,0,0,0,0,0,0,0,0,0,0,0
3090,0,0,0,0,0,0,0,0,0,0,0,0,0,0,0,0,0,0,0,0,0,0,0,0,0,0,0,0,0,0,0,0,0,0,0,0,0,0,0,0,0,0,0,0,0,0,0,0,0,0,0,0,0,0,0,0,0,0,0,0,0,0,0,0,0,0,0,0,0,0,0,0,0,0,0,0,0,0,0,0,0,0,0,0,0,0,0,0,0,0,0,0,0,0,0,0,0,0,0,0,0,0,0,0,0,0,0,0,0,0,0,0,0,0,0,0,0,0,0,0,0,0,0,0,0,0,0,0,0,0,0,0,0,0,0,0,0,0,0,0,0,0,0,0,0,0,0,0,0,0,0,0,0,0,0,0,0,0,0,0,0,0,0,0,0,0,0,0,0,0,0,0,0,0,0,0,0,0,0,0,0,0,0,0,0,0,0,0,0,0,0,0,0,0,0,0,0,0,0,0
3091,0,0,0,0,0,0,0,0,0,0,0,0,0,0,0,0,0,0,0,0,0,0,0,0,0,0,0,0,0,0,0,0,0,0,0,0,0,0,0,0,0,0,0,0,0,0,0,0,0,0,0,0,0,0,0,0,0,0,0,0,0,0,0,0,0,0,0,0,0,0,0,0,0,0,0,0,0,0,0,0,0,0,0,0,0,0,0,0,0,0,0,0,0,0,0,0,0,0,0,0,0,0,0,0,0,0,0,0,0,0,0,0,0,0,0,0,0,0,0,0,0,0,0,0,0,0,0,0,0,0,0,0,0,0,0,0,0,0,0,0,0,0,0,0,0,0,0,0,0,0,0,0,0,0,0,0,0,0,0,0,0,0,0,0,0,0,0,0,0,0,0,0,0,0,0,0,0,0,0,0,0,0,0,0,0,0,0,0,0,0,0,0,0,0,0,0,0,0,0,0
3092,0,0,0,0,0,0,0,0,0,0,0,0,0,0,0,0,0,0,0,0,0,0,0,0,0,0,0,0,0,0,0,0,0,0,0,0,0,0,0,0,0,0,0,0,0,0,0,0,0,0,0,0,0,0,0,0,0,0,0,0,0,0,0,0,0,0,0,0,0,0,0,0,0,0,0,0,0,0,0,0,0,0,0,0,0,0,0,0,0,0,0,0,0,0,0,0,0,0,0,0,0,0,0,0,0,0,0,0,0,0,0,0,0,0,0,0,0,0,0,0,0,0,0,0,0,0,0,0,0,0,0,0,0,0,0,0,0,0,0,0,0,0,0,0,0,0,0,0,0,0,0,0,0,0,0,0,0,0,0,0,0,0,0,0,0,0,0,0,0,0,0,0,0,0,0,0,0,0,0,0,0,0,0,0,0,0,0,0,0,0,0,0,0,0,0,0,0,0,0,0
3093,0,0,0,0,0,0,0,0,0,0,0,0,0,0,0,0,0,0,0,0,0,0,0,0,0,0,0,0,0,0,0,0,0,0,0,0,0,0,0,0,0,0,0,0,0,0,0,0,0,0,0,0,0,0,0,0,0,0,0,0,0,0,0,0,0,0,0,0,0,0,0,0,0,0,0,0,0,0,0,0,0,0,0,0,0,0,0,0,0,0,0,0,0,0,0,0,0,0,0,0,0,0,0,0,0,0,0,0,0,0,0,0,0,0,0,0,0,0,0,0,0,0,0,0,0,0,0,0,0,0,0,0,0,0,0,0,0,0,0,0,0,0,0,0,0,0,0,0,0,0,0,0,0,0,0,0,0,0,0,0,0,0,0,0,0,0,0,0,0,0,0,0,0,0,0,0,0,0,0,0,0,0,0,0,0,0,0,0,0,0,0,0,0,0,0,0,0,0,0,0
3094,0,0,0,0,0,0,0,0,0,0,0,0,0,0,0,0,0,0,0,0,0,0,0,0,0,0,0,0,0,0,0,0,0,0,0,0,0,0,0,0,0,0,0,0,0,0,0,0,0,0,0,0,0,0,0,0,0,0,0,0,0,0,0,0,0,0,0,0,0,0,0,0,0,0,0,0,0,0,0,0,0,0,0,0,0,0,0,0,0,0,0,0,0,0,0,0,0,0,0,0,0,0,0,0,0,0,0,0,0,0,0,0,0,0,0,0,0,0,0,0,0,0,0,0,0,0,0,0,0,0,0,0,0,0,0,0,0,0,0,0,0,0,0,0,0,0,0,0,0,0,0,0,0,0,0,0,0,0,0,0,0,0,0,0,0,0,0,0,0,0,0,0,0,0,0,0,0,0,0,0,0,0,0,0,0,0,0,0,0,0,0,0,0,0,0,0,0,0,0,0
3095,0,0,0,0,0,0,0,0,0,0,0,0,0,0,0,0,0,0,0,0,0,0,0,0,0,0,0,0,0,0,0,0,0,0,0,0,0,0,0,0,0,0,0,0,0,0,0,0,0,0,0,0,0,0,0,0,0,0,0,0,0,0,0,0,0,0,0,0,0,0,0,0,0,0,0,0,0,0,0,0,0,0,0,0,0,0,0,0,0,0,0,0,0,0,0,0,0,0,0,0,0,0,0,0,0,0,0,0,0,0,0,0,0,0,0,0,0,0,0,0,0,0,0,0,0,0,0,0,0,0,0,0,0,0,0,0,0,0,0,0,0,0,0,0,0,0,0,0,0,0,0,0,0,0,0,0,0,0,0,0,0,0,0,0,0,0,0,0,0,0,0,0,0,0,0,0,0,0,0,0,0,0,0,0,0,0,0,0,0,0,0,0,0,0,0,0,0,0,0,0
3096,0,0,0,0,0,0,0,0,0,0,0,0,0,0,0,0,0,0,0,0,0,0,0,0,0,0,0,0,0,0,0,0,0,0,0,0,0,0,0,0,0,0,0,0,0,0,0,0,0,0,0,0,0,0,0,0,0,0,0,0,0,0,0,0,0,0,0,0,0,0,0,0,0,0,0,0,0,0,0,0,0,0,0,0,0,0,0,0,0,0,0,0,0,0,0,0,0,0,0,0,0,0,0,0,0,0,0,0,0,0,0,0,0,0,0,0,0,0,0,0,0,0,0,0,0,0,0,0,0,0,0,0,0,0,0,0,0,0,0,0,0,0,0,0,0,0,0,0,0,0,0,0,0,0,0,0,0,0,0,0,0,0,0,0,0,0,0,0,0,0,0,0,0,0,0,0,0,0,0,0,0,0,0,0,0,0,0,0,0,0,0,0,0,0,0,0,0,0,0,0
3097,0,0,0,0,0,0,0,0,0,0,0,0,0,0,0,0,0,0,0,0,0,0,0,0,0,0,0,0,0,0,0,0,0,0,0,0,0,0,0,0,0,0,0,0,0,0,0,0,0,0,0,0,0,0,0,0,0,0,0,0,0,0,0,0,0,0,0,0,0,0,0,0,0,0,0,0,0,0,0,0,0,0,0,0,0,0,0,0,0,0,0,0,0,0,0,0,0,0,0,0,0,0,0,0,0,0,0,0,0,0,0,0,0,0,0,0,0,0,0,0,0,0,0,0,0,0,0,0,0,0,0,0,0,0,0,0,0,0,0,0,0,0,0,0,0,0,0,0,0,0,0,0,0,0,0,0,0,0,0,0,0,0,0,0,0,0,0,0,0,0,0,0,0,0,0,0,0,0,0,0,0,0,0,0,0,0,0,0,0,0,0,0,0,0,0,0,0,0,0,0
3098,0,0,0,0,0,0,0,0,0,0,0,0,0,0,0,0,0,0,0,0,0,0,0,0,0,0,0,0,0,0,0,0,0,0,0,0,0,0,0,0,0,0,0,0,0,0,0,0,0,0,0,0,0,0,0,0,0,0,0,0,0,0,0,0,0,0,0,0,0,0,0,0,0,0,0,0,0,0,0,0,0,0,0,0,0,0,0,0,0,0,0,0,0,0,0,0,0,0,0,0,0,0,0,0,0,0,0,0,0,0,0,0,0,0,0,0,0,0,0,0,0,0,0,0,0,0,0,0,0,0,0,0,0,0,0,0,0,0,0,0,0,0,0,0,0,0,0,0,0,0,0,0,0,0,0,0,0,0,0,0,0,0,0,0,0,0,0,0,0,0,0,0,0,0,0,0,0,0,0,0,0,0,0,0,0,0,0,0,0,0,0,0,0,0,0,0,0,0,0,0
3099,0,0,0,0,0,0,0,0,0,0,0,0,0,0,0,0,0,0,0,0,0,0,0,0,0,0,0,0,0,0,0,0,0,0,0,0,0,0,0,0,0,0,0,0,0,0,0,0,0,0,0,0,0,0,0,0,0,0,0,0,0,0,0,0,0,0,0,0,0,0,0,0,0,0,0,0,0,0,0,0,0,0,0,0,0,0,0,0,0,0,0,0,0,0,0,0,0,0,0,0,0,0,0,0,0,0,0,0,0,0,0,0,0,0,0,0,0,0,0,0,0,0,0,0,0,0,0,0,0,0,0,0,0,0,0,0,0,0,0,0,0,0,0,0,0,0,0,0,0,0,0,0,0,0,0,0,0,0,0,0,0,0,0,0,0,0,0,0,0,0,0,0,0,0,0,0,0,0,0,0,0,0,0,0,0,0,0,0,0,0,0,0,0,0,0,0,0,0,0,0
3100,0,0,0,0,0,0,0,0,0,0,0,0,0,0,0,0,0,0,0,0,0,0,0,0,0,0,0,0,0,0,0,0,0,0,0,0,0,0,0,0,0,0,0,0,0,0,0,0,0,0,0,0,0,0,0,0,0,0,0,0,0,0,0,0,0,0,0,0,0,0,0,0,0,0,0,0,0,0,0,0,0,0,0,0,0,0,0,0,0,0,0,0,0,0,0,0,0,0,0,0,0,0,0,0,0,0,0,0,0,0,0,0,0,0,0,0,0,0,0,0,0,0,0,0,0,0,0,0,0,0,0,0,0,0,0,0,0,0,0,0,0,0,0,0,0,0,0,0,0,0,0,0,0,0,0,0,0,0,0,0,0,0,0,0,0,0,0,0,0,0,0,0,0,0,0,0,0,0,0,0,0,0,0,0,0,0,0,0,0,0,0,0,0,0,0,0,0,0,0,0
3101,0,0,0,0,0,0,0,0,0,0,0,0,0,0,0,0,0,0,0,0,0,0,0,0,0,0,0,0,0,0,0,0,0,0,0,0,0,0,0,0,0,0,0,0,0,0,0,0,0,0,0,0,0,0,0,0,0,0,0,0,0,0,0,0,0,0,0,0,0,0,0,0,0,0,0,0,0,0,0,0,0,0,0,0,0,0,0,0,0,0,0,0,0,0,0,0,0,0,0,0,0,0,0,0,0,0,0,0,0,0,0,0,0,0,0,0,0,0,0,0,0,0,0,0,0,0,0,0,0,0,0,0,0,0,0,0,0,0,0,0,0,0,0,0,0,0,0,0,0,0,0,0,0,0,0,0,0,0,0,0,0,0,0,0,0,0,0,0,0,0,0,0,0,0,0,0,0,0,0,0,0,0,0,0,0,0,0,0,0,0,0,0,0,0,0,0,0,0,0,0
3102,0,0,0,0,0,0,0,0,0,0,0,0,0,0,0,0,0,0,0,0,0,0,0,0,0,0,0,0,0,0,0,0,0,0,0,0,0,0,0,0,0,0,0,0,0,0,0,0,0,0,0,0,0,0,0,0,0,0,0,0,0,0,0,0,0,0,0,0,0,0,0,0,0,0,0,0,0,0,0,0,0,0,0,0,0,0,0,0,0,0,0,0,0,0,0,0,0,0,0,0,0,0,0,0,0,0,0,0,0,0,0,0,0,0,0,0,0,0,0,0,0,0,0,0,0,0,0,0,0,0,0,0,0,0,0,0,0,0,0,0,0,0,0,0,0,0,0,0,0,0,0,0,0,0,0,0,0,0,0,0,0,0,0,0,0,0,0,0,0,0,0,0,0,0,0,0,0,0,0,0,0,0,0,0,0,0,0,0,0,0,0,0,0,0,0,0,0,0,0,0
3103,0,0,0,0,0,0,0,0,0,0,0,0,0,0,0,0,0,0,0,0,0,0,0,0,0,0,0,0,0,0,0,0,0,0,0,0,0,0,0,0,0,0,0,0,0,0,0,0,0,0,0,0,0,0,0,0,0,0,0,0,0,0,0,0,0,0,0,0,0,0,0,0,0,0,0,0,0,0,0,0,0,0,0,0,0,0,0,0,0,0,0,0,0,0,0,0,0,0,0,0,0,0,0,0,0,0,0,0,0,0,0,0,0,0,0,0,0,0,0,0,0,0,0,0,0,0,0,0,0,0,0,0,0,0,0,0,0,0,0,0,0,0,0,0,0,0,0,0,0,0,0,0,0,0,0,0,0,0,0,0,0,0,0,0,0,0,0,0,0,0,0,0,0,0,0,0,0,0,0,0,0,0,0,0,0,0,0,0,0,0,0,0,0,0,0,0,0,0,0,0
3104,0,0,0,0,0,0,0,0,0,0,0,0,0,0,0,0,0,0,0,0,0,0,0,0,0,0,0,0,0,0,0,0,0,0,0,0,0,0,0,0,0,0,0,0,0,0,0,0,0,0,0,0,0,0,0,0,0,0,0,0,0,0,0,0,0,0,0,0,0,0,0,0,0,0,0,0,0,0,0,0,0,0,0,0,0,0,0,0,0,0,0,0,0,0,0,0,0,0,0,0,0,0,0,0,0,0,0,0,0,0,0,0,0,0,0,0,0,0,0,0,0,0,0,0,0,0,0,0,0,0,0,0,0,0,0,0,0,0,0,0,0,0,0,0,0,0,0,0,0,0,0,0,0,0,0,0,0,0,0,0,0,0,0,0,0,0,0,0,0,0,0,0,0,0,0,0,0,0,0,0,0,0,0,0,0,0,0,0,0,0,0,0,0,0,0,0,0,0,0,0
3105,0,0,0,0,0,0,0,0,0,0,0,0,0,0,0,0,0,0,0,0,0,0,0,0,0,0,0,0,0,0,0,0,0,0,0,0,0,0,0,0,0,0,0,0,0,0,0,0,0,0,0,0,0,0,0,0,0,0,0,0,0,0,0,0,0,0,0,0,0,0,0,0,0,0,0,0,0,0,0,0,0,0,0,0,0,0,0,0,0,0,0,0,0,0,0,0,0,0,0,0,0,0,0,0,0,0,0,0,0,0,0,0,0,0,0,0,0,0,0,0,0,0,0,0,0,0,0,0,0,0,0,0,0,0,0,0,0,0,0,0,0,0,0,0,0,0,0,0,0,0,0,0,0,0,0,0,0,0,0,0,0,0,0,0,0,0,0,0,0,0,0,0,0,0,0,0,0,0,0,0,0,0,0,0,0,0,0,0,0,0,0,0,0,0,0,0,0,0,0,0
3106,0,0,0,0,0,0,0,0,0,0,0,0,0,0,0,0,0,0,0,0,0,0,0,0,0,0,0,0,0,0,0,0,0,0,0,0,0,0,0,0,0,0,0,0,0,0,0,0,0,0,0,0,0,0,0,0,0,0,0,0,0,0,0,0,0,0,0,0,0,0,0,0,0,0,0,0,0,0,0,0,0,0,0,0,0,0,0,0,0,0,0,0,0,0,0,0,0,0,0,0,0,0,0,0,0,0,0,0,0,0,0,0,0,0,0,0,0,0,0,0,0,0,0,0,0,0,0,0,0,0,0,0,0,0,0,0,0,0,0,0,0,0,0,0,0,0,0,0,0,0,0,0,0,0,0,0,0,0,0,0,0,0,0,0,0,0,0,0,0,0,0,0,0,0,0,0,0,0,0,0,0,0,0,0,0,0,0,0,0,0,0,0,0,0,0,0,0,0,0,0
3107,0,0,0,0,0,0,0,0,0,0,0,0,0,0,0,0,0,0,0,0,0,0,0,0,0,0,0,0,0,0,0,0,0,0,0,0,0,0,0,0,0,0,0,0,0,0,0,0,0,0,0,0,0,0,0,0,0,0,0,0,0,0,0,0,0,0,0,0,0,0,0,0,0,0,0,0,0,0,0,0,0,0,0,0,0,0,0,0,0,0,0,0,0,0,0,0,0,0,0,0,0,0,0,0,0,0,0,0,0,0,0,0,0,0,0,0,0,0,0,0,0,0,0,0,0,0,0,0,0,0,0,0,0,0,0,0,0,0,0,0,0,0,0,0,0,0,0,0,0,0,0,0,0,0,0,0,0,0,0,0,0,0,0,0,0,0,0,0,0,0,0,0,0,0,0,0,0,0,0,0,0,0,0,0,0,0,0,0,0,0,0,0,0,0,0,0,0,0,0,0
3108,0,0,0,0,0,0,0,0,0,0,0,0,0,0,0,0,0,0,0,0,0,0,0,0,0,0,0,0,0,0,0,0,0,0,0,0,0,0,0,0,0,0,0,0,0,0,0,0,0,0,0,0,0,0,0,0,0,0,0,0,0,0,0,0,0,0,0,0,0,0,0,0,0,0,0,0,0,0,0,0,0,0,0,0,0,0,0,0,0,0,0,0,0,0,0,0,0,0,0,0,0,0,0,0,0,0,0,0,0,0,0,0,0,0,0,0,0,0,0,0,0,0,0,0,0,0,0,0,0,0,0,0,0,0,0,0,0,0,0,0,0,0,0,0,0,0,0,0,0,0,0,0,0,0,0,0,0,0,0,0,0,0,0,0,0,0,0,0,0,0,0,0,0,0,0,0,0,0,0,0,0,0,0,0,0,0,0,0,0,0,0,0,0,0,0,0,0,0,0,0
3109,0,0,0,0,0,0,0,0,0,0,0,0,0,0,0,0,0,0,0,0,0,0,0,0,0,0,0,0,0,0,0,0,0,0,0,0,0,0,0,0,0,0,0,0,0,0,0,0,0,0,0,0,0,0,0,0,0,0,0,0,0,0,0,0,0,0,0,0,0,0,0,0,0,0,0,0,0,0,0,0,0,0,0,0,0,0,0,0,0,0,0,0,0,0,0,0,0,0,0,0,0,0,0,0,0,0,0,0,0,0,0,0,0,0,0,0,0,0,0,0,0,0,0,0,0,0,0,0,0,0,0,0,0,0,0,0,0,0,0,0,0,0,0,0,0,0,0,0,0,0,0,0,0,0,0,0,0,0,0,0,0,0,0,0,0,0,0,0,0,0,0,0,0,0,0,0,0,0,0,0,0,0,0,0,0,0,0,0,0,0,0,0,0,0,0,0,0,0,0,0
3110,0,0,0,0,0,0,0,0,0,0,0,0,0,0,0,0,0,0,0,0,0,0,0,0,0,0,0,0,0,0,0,0,0,0,0,0,0,0,0,0,0,0,0,0,0,0,0,0,0,0,0,0,0,0,0,0,0,0,0,0,0,0,0,0,0,0,0,0,0,0,0,0,0,0,0,0,0,0,0,0,0,0,0,0,0,0,0,0,0,0,0,0,0,0,0,0,0,0,0,0,0,0,0,0,0,0,0,0,0,0,0,0,0,0,0,0,0,0,0,0,0,0,0,0,0,0,0,0,0,0,0,0,0,0,0,0,0,0,0,0,0,0,0,0,0,0,0,0,0,0,0,0,0,0,0,0,0,0,0,0,0,0,0,0,0,0,0,0,0,0,0,0,0,0,0,0,0,0,0,0,0,0,0,0,0,0,0,0,0,0,0,0,0,0,0,0,0,0,0,0
3111,0,0,0,0,0,0,0,0,0,0,0,0,0,0,0,0,0,0,0,0,0,0,0,0,0,0,0,0,0,0,0,0,0,0,0,0,0,0,0,0,0,0,0,0,0,0,0,0,0,0,0,0,0,0,0,0,0,0,0,0,0,0,0,0,0,0,0,0,0,0,0,0,0,0,0,0,0,0,0,0,0,0,0,0,0,0,0,0,0,0,0,0,0,0,0,0,0,0,0,0,0,0,0,0,0,0,0,0,0,0,0,0,0,0,0,0,0,0,0,0,0,0,0,0,0,0,0,0,0,0,0,0,0,0,0,0,0,0,0,0,0,0,0,0,0,0,0,0,0,0,0,0,0,0,0,0,0,0,0,0,0,0,0,0,0,0,0,0,0,0,0,0,0,0,0,0,0,0,0,0,0,0,0,0,0,0,0,0,0,0,0,0,0,0,0,0,0,0,0,0
3112,0,0,0,0,0,0,0,0,0,0,0,0,0,0,0,0,0,0,0,0,0,0,0,0,0,0,0,0,0,0,0,0,0,0,0,0,0,0,0,0,0,0,0,0,0,0,0,0,0,0,0,0,0,0,0,0,0,0,0,0,0,0,0,0,0,0,0,0,0,0,0,0,0,0,0,0,0,0,0,0,0,0,0,0,0,0,0,0,0,0,0,0,0,0,0,0,0,0,0,0,0,0,0,0,0,0,0,0,0,0,0,0,0,0,0,0,0,0,0,0,0,0,0,0,0,0,0,0,0,0,0,0,0,0,0,0,0,0,0,0,0,0,0,0,0,0,0,0,0,0,0,0,0,0,0,0,0,0,0,0,0,0,0,0,0,0,0,0,0,0,0,0,0,0,0,0,0,0,0,0,0,0,0,0,0,0,0,0,0,0,0,0,0,0,0,0,0,0,0,0
3113,0,0,0,0,0,0,0,0,0,0,0,0,0,0,0,0,0,0,0,0,0,0,0,0,0,0,0,0,0,0,0,0,0,0,0,0,0,0,0,0,0,0,0,0,0,0,0,0,0,0,0,0,0,0,0,0,0,0,0,0,0,0,0,0,0,0,0,0,0,0,0,0,0,0,0,0,0,0,0,0,0,0,0,0,0,0,0,0,0,0,0,0,0,0,0,0,0,0,0,0,0,0,0,0,0,0,0,0,0,0,0,0,0,0,0,0,0,0,0,0,0,0,0,0,0,0,0,0,0,0,0,0,0,0,0,0,0,0,0,0,0,0,0,0,0,0,0,0,0,0,0,0,0,0,0,0,0,0,0,0,0,0,0,0,0,0,0,0,0,0,0,0,0,0,0,0,0,0,0,0,0,0,0,0,0,0,0,0,0,0,0,0,0,0,0,0,0,0,0,0
3114,0,0,0,0,0,0,0,0,0,0,0,0,0,0,0,0,0,0,0,0,0,0,0,0,0,0,0,0,0,0,0,0,0,0,0,0,0,0,0,0,0,0,0,0,0,0,0,0,0,0,0,0,0,0,0,0,0,0,0,0,0,0,0,0,0,0,0,0,0,0,0,0,0,0,0,0,0,0,0,0,0,0,0,0,0,0,0,0,0,0,0,0,0,0,0,0,0,0,0,0,0,0,0,0,0,0,0,0,0,0,0,0,0,0,0,0,0,0,0,0,0,0,0,0,0,0,0,0,0,0,0,0,0,0,0,0,0,0,0,0,0,0,0,0,0,0,0,0,0,0,0,0,0,0,0,0,0,0,0,0,0,0,0,0,0,0,0,0,0,0,0,0,0,0,0,0,0,0,0,0,0,0,0,0,0,0,0,0,0,0,0,0,0,0,0,0,0,0,0,0
3115,0,0,0,0,0,0,0,0,0,0,0,0,0,0,0,0,0,0,0,0,0,0,0,0,0,0,0,0,0,0,0,0,0,0,0,0,0,0,0,0,0,0,0,0,0,0,0,0,0,0,0,0,0,0,0,0,0,0,0,0,0,0,0,0,0,0,0,0,0,0,0,0,0,0,0,0,0,0,0,0,0,0,0,0,0,0,0,0,0,0,0,0,0,0,0,0,0,0,0,0,0,0,0,0,0,0,0,0,0,0,0,0,0,0,0,0,0,0,0,0,0,0,0,0,0,0,0,0,0,0,0,0,0,0,0,0,0,0,0,0,0,0,0,0,0,0,0,0,0,0,0,0,0,0,0,0,0,0,0,0,0,0,0,0,0,0,0,0,0,0,0,0,0,0,0,0,0,0,0,0,0,0,0,0,0,0,0,0,0,0,0,0,0,0,0,0,0,0,0,0
3116,0,0,0,0,0,0,0,0,0,0,0,0,0,0,0,0,0,0,0,0,0,0,0,0,0,0,0,0,0,0,0,0,0,0,0,0,0,0,0,0,0,0,0,0,0,0,0,0,0,0,0,0,0,0,0,0,0,0,0,0,0,0,0,0,0,0,0,0,0,0,0,0,0,0,0,0,0,0,0,0,0,0,0,0,0,0,0,0,0,0,0,0,0,0,0,0,0,0,0,0,0,0,0,0,0,0,0,0,0,0,0,0,0,0,0,0,0,0,0,0,0,0,0,0,0,0,0,0,0,0,0,0,0,0,0,0,0,0,0,0,0,0,0,0,0,0,0,0,0,0,0,0,0,0,0,0,0,0,0,0,0,0,0,0,0,0,0,0,0,0,0,0,0,0,0,0,0,0,0,0,0,0,0,0,0,0,0,0,0,0,0,0,0,0,0,0,0,0,0,0
3117,0,0,0,0,0,0,0,0,0,0,0,0,0,0,0,0,0,0,0,0,0,0,0,0,0,0,0,0,0,0,0,0,0,0,0,0,0,0,0,0,0,0,0,0,0,0,0,0,0,0,0,0,0,0,0,0,0,0,0,0,0,0,0,0,0,0,0,0,0,0,0,0,0,0,0,0,0,0,0,0,0,0,0,0,0,0,0,0,0,0,0,0,0,0,0,0,0,0,0,0,0,0,0,0,0,0,0,0,0,0,0,0,0,0,0,0,0,0,0,0,0,0,0,0,0,0,0,0,0,0,0,0,0,0,0,0,0,0,0,0,0,0,0,0,0,0,0,0,0,0,0,0,0,0,0,0,0,0,0,0,0,0,0,0,0,0,0,0,0,0,0,0,0,0,0,0,0,0,0,0,0,0,0,0,0,0,0,0,0,0,0,0,0,0,0,0,0,0,0,0
3118,0,0,0,0,0,0,0,0,0,0,0,0,0,0,0,0,0,0,0,0,0,0,0,0,0,0,0,0,0,0,0,0,0,0,0,0,0,0,0,0,0,0,0,0,0,0,0,0,0,0,0,0,0,0,0,0,0,0,0,0,0,0,0,0,0,0,0,0,0,0,0,0,0,0,0,0,0,0,0,0,0,0,0,0,0,0,0,0,0,0,0,0,0,0,0,0,0,0,0,0,0,0,0,0,0,0,0,0,0,0,0,0,0,0,0,0,0,0,0,0,0,0,0,0,0,0,0,0,0,0,0,0,0,0,0,0,0,0,0,0,0,0,0,0,0,0,0,0,0,0,0,0,0,0,0,0,0,0,0,0,0,0,0,0,0,0,0,0,0,0,0,0,0,0,0,0,0,0,0,0,0,0,0,0,0,0,0,0,0,0,0,0,0,0,0,0,0,0,0,0
3119,0,0,0,0,0,0,0,0,0,0,0,0,0,0,0,0,0,0,0,0,0,0,0,0,0,0,0,0,0,0,0,0,0,0,0,0,0,0,0,0,0,0,0,0,0,0,0,0,0,0,0,0,0,0,0,0,0,0,0,0,0,0,0,0,0,0,0,0,0,0,0,0,0,0,0,0,0,0,0,0,0,0,0,0,0,0,0,0,0,0,0,0,0,0,0,0,0,0,0,0,0,0,0,0,0,0,0,0,0,0,0,0,0,0,0,0,0,0,0,0,0,0,0,0,0,0,0,0,0,0,0,0,0,0,0,0,0,0,0,0,0,0,0,0,0,0,0,0,0,0,0,0,0,0,0,0,0,0,0,0,0,0,0,0,0,0,0,0,0,0,0,0,0,0,0,0,0,0,0,0,0,0,0,0,0,0,0,0,0,0,0,0,0,0,0,0,0,0,0,0
3120,0,0,0,0,0,0,0,0,0,0,0,0,0,0,0,0,0,0,0,0,0,0,0,0,0,0,0,0,0,0,0,0,0,0,0,0,0,0,0,0,0,0,0,0,0,0,0,0,0,0,0,0,0,0,0,0,0,0,0,0,0,0,0,0,0,0,0,0,0,0,0,0,0,0,0,0,0,0,0,0,0,0,0,0,0,0,0,0,0,0,0,0,0,0,0,0,0,0,0,0,0,0,0,0,0,0,0,0,0,0,0,0,0,0,0,0,0,0,0,0,0,0,0,0,0,0,0,0,0,0,0,0,0,0,0,0,0,0,0,0,0,0,0,0,0,0,0,0,0,0,0,0,0,0,0,0,0,0,0,0,0,0,0,0,0,0,0,0,0,0,0,0,0,0,0,0,0,0,0,0,0,0,0,0,0,0,0,0,0,0,0,0,0,0,0,0,0,0,0,0
3121,0,0,0,0,0,0,0,0,0,0,0,0,0,0,0,0,0,0,0,0,0,0,0,0,0,0,0,0,0,0,0,0,0,0,0,0,0,0,0,0,0,0,0,0,0,0,0,0,0,0,0,0,0,0,0,0,0,0,0,0,0,0,0,0,0,0,0,0,0,0,0,0,0,0,0,0,0,0,0,0,0,0,0,0,0,0,0,0,0,0,0,0,0,0,0,0,0,0,0,0,0,0,0,0,0,0,0,0,0,0,0,0,0,0,0,0,0,0,0,0,0,0,0,0,0,0,0,0,0,0,0,0,0,0,0,0,0,0,0,0,0,0,0,0,0,0,0,0,0,0,0,0,0,0,0,0,0,0,0,0,0,0,0,0,0,0,0,0,0,0,0,0,0,0,0,0,0,0,0,0,0,0,0,0,0,0,0,0,0,0,0,0,0,0,0,0,0,0,0,0
3122,0,0,0,0,0,0,0,0,0,0,0,0,0,0,0,0,0,0,0,0,0,0,0,0,0,0,0,0,0,0,0,0,0,0,0,0,0,0,0,0,0,0,0,0,0,0,0,0,0,0,0,0,0,0,0,0,0,0,0,0,0,0,0,0,0,0,0,0,0,0,0,0,0,0,0,0,0,0,0,0,0,0,0,0,0,0,0,0,0,0,0,0,0,0,0,0,0,0,0,0,0,0,0,0,0,0,0,0,0,0,0,0,0,0,0,0,0,0,0,0,0,0,0,0,0,0,0,0,0,0,0,0,0,0,0,0,0,0,0,0,0,0,0,0,0,0,0,0,0,0,0,0,0,0,0,0,0,0,0,0,0,0,0,0,0,0,0,0,0,0,0,0,0,0,0,0,0,0,0,0,0,0,0,0,0,0,0,0,0,0,0,0,0,0,0,0,0,0,0,0
3123,0,0,0,0,0,0,0,0,0,0,0,0,0,0,0,0,0,0,0,0,0,0,0,0,0,0,0,0,0,0,0,0,0,0,0,0,0,0,0,0,0,0,0,0,0,0,0,0,0,0,0,0,0,0,0,0,0,0,0,0,0,0,0,0,0,0,0,0,0,0,0,0,0,0,0,0,0,0,0,0,0,0,0,0,0,0,0,0,0,0,0,0,0,0,0,0,0,0,0,0,0,0,0,0,0,0,0,0,0,0,0,0,0,0,0,0,0,0,0,0,0,0,0,0,0,0,0,0,0,0,0,0,0,0,0,0,0,0,0,0,0,0,0,0,0,0,0,0,0,0,0,0,0,0,0,0,0,0,0,0,0,0,0,0,0,0,0,0,0,0,0,0,0,0,0,0,0,0,0,0,0,0,0,0,0,0,0,0,0,0,0,0,0,0,0,0,0,0,0,0
3124,0,0,0,0,0,0,0,0,0,0,0,0,0,0,0,0,0,0,0,0,0,0,0,0,0,0,0,0,0,0,0,0,0,0,0,0,0,0,0,0,0,0,0,0,0,0,0,0,0,0,0,0,0,0,0,0,0,0,0,0,0,0,0,0,0,0,0,0,0,0,0,0,0,0,0,0,0,0,0,0,0,0,0,0,0,0,0,0,0,0,0,0,0,0,0,0,0,0,0,0,0,0,0,0,0,0,0,0,0,0,0,0,0,0,0,0,0,0,0,0,0,0,0,0,0,0,0,0,0,0,0,0,0,0,0,0,0,0,0,0,0,0,0,0,0,0,0,0,0,0,0,0,0,0,0,0,0,0,0,0,0,0,0,0,0,0,0,0,0,0,0,0,0,0,0,0,0,0,0,0,0,0,0,0,0,0,0,0,0,0,0,0,0,0,0,0,0,0,0,0
3125,0,0,0,0,0,0,0,0,0,0,0,0,0,0,0,0,0,0,0,0,0,0,0,0,0,0,0,0,0,0,0,0,0,0,0,0,0,0,0,0,0,0,0,0,0,0,0,0,0,0,0,0,0,0,0,0,0,0,0,0,0,0,0,0,0,0,0,0,0,0,0,0,0,0,0,0,0,0,0,0,0,0,0,0,0,0,0,0,0,0,0,0,0,0,0,0,0,0,0,0,0,0,0,0,0,0,0,0,0,0,0,0,0,0,0,0,0,0,0,0,0,0,0,0,0,0,0,0,0,0,0,0,0,0,0,0,0,0,0,0,0,0,0,0,0,0,0,0,0,0,0,0,0,0,0,0,0,0,0,0,0,0,0,0,0,0,0,0,0,0,0,0,0,0,0,0,0,0,0,0,0,0,0,0,0,0,0,0,0,0,0,0,0,0,0,0,0,0,0,0
3126,0,0,0,0,0,0,0,0,0,0,0,0,0,0,0,0,0,0,0,0,0,0,0,0,0,0,0,0,0,0,0,0,0,0,0,0,0,0,0,0,0,0,0,0,0,0,0,0,0,0,0,0,0,0,0,0,0,0,0,0,0,0,0,0,0,0,0,0,0,0,0,0,0,0,0,0,0,0,0,0,0,0,0,0,0,0,0,0,0,0,0,0,0,0,0,0,0,0,0,0,0,0,0,0,0,0,0,0,0,0,0,0,0,0,0,0,0,0,0,0,0,0,0,0,0,0,0,0,0,0,0,0,0,0,0,0,0,0,0,0,0,0,0,0,0,0,0,0,0,0,0,0,0,0,0,0,0,0,0,0,0,0,0,0,0,0,0,0,0,0,0,0,0,0,0,0,0,0,0,0,0,0,0,0,0,0,0,0,0,0,0,0,0,0,0,0,0,0,0,0
3127,0,0,0,0,0,0,0,0,0,0,0,0,0,0,0,0,0,0,0,0,0,0,0,0,0,0,0,0,0,0,0,0,0,0,0,0,0,0,0,0,0,0,0,0,0,0,0,0,0,0,0,0,0,0,0,0,0,0,0,0,0,0,0,0,0,0,0,0,0,0,0,0,0,0,0,0,0,0,0,0,0,0,0,0,0,0,0,0,0,0,0,0,0,0,0,0,0,0,0,0,0,0,0,0,0,0,0,0,0,0,0,0,0,0,0,0,0,0,0,0,0,0,0,0,0,0,0,0,0,0,0,0,0,0,0,0,0,0,0,0,0,0,0,0,0,0,0,0,0,0,0,0,0,0,0,0,0,0,0,0,0,0,0,0,0,0,0,0,0,0,0,0,0,0,0,0,0,0,0,0,0,0,0,0,0,0,0,0,0,0,0,0,0,0,0,0,0,0,0,0
3128,0,0,0,0,0,0,0,0,0,0,0,0,0,0,0,0,0,0,0,0,0,0,0,0,0,0,0,0,0,0,0,0,0,0,0,0,0,0,0,0,0,0,0,0,0,0,0,0,0,0,0,0,0,0,0,0,0,0,0,0,0,0,0,0,0,0,0,0,0,0,0,0,0,0,0,0,0,0,0,0,0,0,0,0,0,0,0,0,0,0,0,0,0,0,0,0,0,0,0,0,0,0,0,0,0,0,0,0,0,0,0,0,0,0,0,0,0,0,0,0,0,0,0,0,0,0,0,0,0,0,0,0,0,0,0,0,0,0,0,0,0,0,0,0,0,0,0,0,0,0,0,0,0,0,0,0,0,0,0,0,0,0,0,0,0,0,0,0,0,0,0,0,0,0,0,0,0,0,0,0,0,0,0,0,0,0,0,0,0,0,0,0,0,0,0,0,0,0,0,0
3129,0,0,0,0,0,0,0,0,0,0,0,0,0,0,0,0,0,0,0,0,0,0,0,0,0,0,0,0,0,0,0,0,0,0,0,0,0,0,0,0,0,0,0,0,0,0,0,0,0,0,0,0,0,0,0,0,0,0,0,0,0,0,0,0,0,0,0,0,0,0,0,0,0,0,0,0,0,0,0,0,0,0,0,0,0,0,0,0,0,0,0,0,0,0,0,0,0,0,0,0,0,0,0,0,0,0,0,0,0,0,0,0,0,0,0,0,0,0,0,0,0,0,0,0,0,0,0,0,0,0,0,0,0,0,0,0,0,0,0,0,0,0,0,0,0,0,0,0,0,0,0,0,0,0,0,0,0,0,0,0,0,0,0,0,0,0,0,0,0,0,0,0,0,0,0,0,0,0,0,0,0,0,0,0,0,0,0,0,0,0,0,0,0,0,0,0,0,0,0,0
3130,0,0,0,0,0,0,0,0,0,0,0,0,0,0,0,0,0,0,0,0,0,0,0,0,0,0,0,0,0,0,0,0,0,0,0,0,0,0,0,0,0,0,0,0,0,0,0,0,0,0,0,0,0,0,0,0,0,0,0,0,0,0,0,0,0,0,0,0,0,0,0,0,0,0,0,0,0,0,0,0,0,0,0,0,0,0,0,0,0,0,0,0,0,0,0,0,0,0,0,0,0,0,0,0,0,0,0,0,0,0,0,0,0,0,0,0,0,0,0,0,0,0,0,0,0,0,0,0,0,0,0,0,0,0,0,0,0,0,0,0,0,0,0,0,0,0,0,0,0,0,0,0,0,0,0,0,0,0,0,0,0,0,0,0,0,0,0,0,0,0,0,0,0,0,0,0,0,0,0,0,0,0,0,0,0,0,0,0,0,0,0,0,0,0,0,0,0,0,0,0
3131,0,0,0,0,0,0,0,0,0,0,0,0,0,0,0,0,0,0,0,0,0,0,0,0,0,0,0,0,0,0,0,0,0,0,0,0,0,0,0,0,0,0,0,0,0,0.0000000000,0,0,0,0,0,0,0,0,0,0,0,0,0,0,0,0,0,0,0,0,0,0,0,0,0,0,0,0,0,0,0,0,0,0,0,0,0,0,0,0,0,0,0,0,0,0,0,0,0,0,0,0,0,0,0,0,0,0,0,0,0,0,0,0,0,0,0,0,0,0,0,0,0,0,0,0,0,0,0,0,0,0,0,0,0,0,0,0,0,0,0,0,0,0,0,0,0,0,0,0,0,0,0,0,0,0,0,0,0,0,0,0,0,0,0,0,0,0,0,0,0,0,0,0,0,0,0,0,0,0,0,0,0,0,0,0,0,0,0,0,0,0,0,0,0,0,0,0,0,0,0,0,0,0
3132,0,0,0,0,0,0,0,0,0,0,0,0,0,0,0,0,0,0,0,0,0,0,0,0,0,0,0,0,0,0,0,0,0,0,0,0,0,0,0,0,0,0,0,0,0,0,0,0,0,0,0,0,0,0,0,0,0,0,0,0,0,0,0,0,0,0,0,0,0,0,0,0,0,0,0,0,0,0,0,0,0,0,0,0,0,0,0,0,0,0,0,0,0,0,0,0,0,0,0,0,0,0,0,0,0,0,0,0,0,0,0,0,0,0,0,0,0,0,0,0,0,0,0,0,0,0,0,0,0,0,0,0,0,0,0,0,0,0,0,0,0,0,0,0,0,0,0,0,0,0,0,0,0,0,0,0,0,0,0,0,0,0,0,0,0,0,0,0,0,0,0,0,0,0,0,0,0,0,0,0,0,0,0,0,0,0,0,0,0,0,0,0,0,0,0,0,0,0,0,0
3133,0,0,0,0,0,0,0,0,0,0,0,0,0,0,0,0,0,0,0,0,0,0,0,0,0,0,0,0,0,0,0,0,0,0,0,0,0,0,0,0,0,0,0,0,0,0,0,0,0,0,0,0,0,0,0,0,0,0,0,0,0,0,0,0,0,0,0,0,0,0,0,0,0,0,0,0,0,0,0,0,0,0,0,0,0,0,0,0,0,0,0,0,0,0,0,0,0,0,0,0,0,0,0,0,0,0,0,0,0,0,0,0,0,0,0,0,0,0,0,0,0,0,0,0,0,0,0,0,0,0,0,0,0,0,0,0,0,0,0,0,0,0,0,0,0,0,0,0,0,0,0,0,0,0,0,0,0,0,0,0,0,0,0,0,0,0,0,0,0,0,0,0,0,0,0,0,0,0,0,0,0,0,0,0,0,0,0,0,0,0,0,0,0,0,0,0,0,0,0,0
3134,0,0,0,0,0,0,0,0,0,0,0,0,0,0,0,0,0,0,0,0,0,0,0,0,0,0,0,0,0,0,0,0,0,0,0,0,0,0,0,0,0,0,0,0,0,0,0,0,0,0,0,0,0,0,0,0,0,0,0,0,0,0,0,0,0,0,0,0,0,0,0,0,0,0,0,0,0,0,0,0,0,0,0,0,0,0,0,0,0,0,0,0,0,0,0,0,0,0,0,0,0,0,0,0,0,0,0,0,0,0,0,0,0,0,0,0,0,0,0,0,0,0,0,0,0,0,0,0,0,0,0,0,0,0,0,0,0,0,0,0,0,0,0,0,0,0,0,0,0,0,0,0,0,0,0,0,0,0,0,0,0,0,0,0,0,0,0,0,0,0,0,0,0,0,0,0,0,0,0,0,0,0,0,0,0,0,0,0,0,0,0,0,0,0,0,0,0,0,0,0
3135,0,0,0,0,0,0,0,0,0,0,0,0,0,0,0,0,0,0,0,0,0,0,0,0,0,0,0,0,0,0,0,0,0,0,0,0,0,0,0,0,0,0,0,0,0,0,0,0,0,0,0,0,0,0,0,0,0,0,0,0,0,0,0,0,0,0,0,0,0,0,0,0,0,0,0,0,0,0,0,0,0,0,0,0,0,0,0,0,0,0,0,0,0,0,0,0,0,0,0,0,0,0,0,0,0,0,0,0,0,0,0,0,0,0,0,0,0,0,0,0,0,0,0,0,0,0,0,0,0,0,0,0,0,0,0,0,0,0,0,0,0,0,0,0,0,0,0,0,0,0,0,0,0,0,0,0,0,0,0,0,0,0,0,0,0,0,0,0,0,0,0,0,0,0,0,0,0,0,0,0,0,0,0,0,0,0,0,0,0,0,0,0,0,0,0,0,0,0,0,0
3136,0,0,0,0,0,0,0,0,0,0,0,0,0,0,0,0,0,0,0,0,0,0,0,0,0,0,0,0,0,0,0,0,0,0,0,0,0,0,0,0,0,0,0,0,0,0,0,0,0,0,0,0,0,0,0,0,0,0,0,0,0,0,0,0,0,0,0,0,0,0,0,0,0,0,0,0,0,0,0,0,0,0,0,0,0,0,0,0,0,0,0,0,0,0,0,0,0,0,0,0,0,0,0,0,0,0,0,0,0,0,0,0,0,0,0,0,0,0,0,0,0,0,0,0,0,0,0,0,0,0,0,0,0,0,0,0,0,0,0,0,0,0,0,0,0,0,0,0,0,0,0,0,0,0,0,0,0,0,0,0,0,0,0,0,0,0,0,0,0,0,0,0,0,0,0,0,0,0,0,0,0,0,0,0,0,0,0,0,0,0,0,0,0,0,0,0,0,0,0,0
3137,0,0,0,0,0,0,0,0,0,0,0,0,0,0,0,0,0,0,0,0,0,0,0,0,0,0,0,0,0,0,0,0,0,0,0,0,0,0,0,0,0,0,0,0,0,0,0,0,0,0,0,0,0,0,0,0,0,0,0,0,0,0,0,0,0,0,0,0,0,0,0,0,0,0,0,0,0,0,0,0,0,0,0,0,0,0,0,0,0,0,0,0,0,0,0,0,0,0,0,0,0,0,0,0,0,0,0,0,0,0,0,0,0,0,0,0,0,0,0,0,0,0,0,0,0,0,0,0,0,0,0,0,0,0,0,0,0,0,0,0,0,0,0,0,0,0,0,0,0,0,0,0,0,0,0,0,0,0,0,0,0,0,0,0,0,0,0,0,0,0,0,0,0,0,0,0,0,0,0,0,0,0,0,0,0,0,0,0,0,0,0,0,0,0,0,0,0,0,0,0
3138,0,0,0,0,0,0,0,0,0,0,0,0,0,0,0,0,0,0,0,0,0,0,0,0,0,0,0,0,0,0,0,0,0,0,0,0,0,0,0,0,0,0,0,0,0,0,0,0,0,0,0,0,0,0,0,0,0,0,0,0,0,0,0,0,0,0,0,0,0,0,0,0,0,0,0,0,0,0,0,0,0,0,0,0,0,0,0,0,0,0,0,0,0,0,0,0,0,0,0,0,0,0,0,0,0,0,0,0,0,0,0,0,0,0,0,0,0,0,0,0,0,0,0,0,0,0,0,0,0,0,0,0,0,0,0,0,0,0,0,0,0,0,0,0,0,0,0,0,0,0,0,0,0,0,0,0,0,0,0,0,0,0,0,0,0,0,0,0,0,0,0,0,0,0,0,0,0,0,0,0,0,0,0,0,0,0,0,0,0,0,0,0,0,0,0,0,0,0,0,0
3139,0,0,0,0,0,0,0,0,0,0,0,0,0,0,0,0,0,0,0,0,0,0,0,0,0,0,0,0,0,0,0,0,0,0,0,0,0,0,0,0,0,0,0,0,0,0,0,0,0,0,0,0,0,0,0,0,0,0,0,0,0,0,0,0,0,0,0,0,0,0,0,0,0,0,0,0,0,0,0,0,0,0,0,0,0,0,0,0,0,0,0,0,0,0,0,0,0,0,0,0,0,0,0,0,0,0,0,0,0,0,0,0,0,0,0,0,0,0,0,0,0,0,0,0,0,0,0,0,0,0,0,0,0,0,0,0,0,0,0,0,0,0,0,0,0,0,0,0,0,0,0,0,0,0,0,0,0,0,0,0,0,0,0,0,0,0,0,0,0,0,0,0,0,0,0,0,0,0,0,0,0,0,0,0,0.0000000000,0,0,0,0,0,0,0,0,0,0,0,0,0,0,0
3140,0,0,0,0,0,0,0,0,0,0,0,0,0,0,0,0,0,0,0,0,0,0,0,0,0,0,0,0,0,0,0,0,0,0,0,0,0,0,0,0,0,0,0,0,0,0,0,0,0,0,0,0,0,0,0,0,0,0,0,0,0,0,0,0,0,0,0,0,0,0,0,0,0,0,0,0,0,0,0,0,0,0,0,0,0,0,0,0,0,0,0,0,0,0,0,0,0,0,0,0,0,0,0,0,0,0,0,0,0,0,0,0,0,0,0,0,0,0,0,0,0,0,0,0,0,0,0,0,0,0,0,0,0,0,0,0,0,0,0,0,0,0,0,0,0,0,0,0,0,0,0,0,0,0,0,0,0,0,0,0,0,0,0,0,0,0,0,0,0,0,0,0,0,0,0,0,0,0,0,0,0,0,0,0,0,0,0,0,0,0,0,0,0,0,0,0,0,0,0,0
3141,0,0,0,0,0,0,0,0,0,0,0,0,0,0,0,0,0,0,0,0,0,0,0,0,0,0,0,0,0,0,0,0,0,0,0,0,0,0,0,0,0,0,0,0,0,0,0,0,0,0,0,0,0,0,0,0,0,0,0,0,0,0,0,0,0,0,0,0,0,0,0,0,0,0,0,0,0,0,0,0,0,0,0,0,0,0,0,0,0,0,0,0,0,0,0,0,0,0,0,0,0,0,0,0,0,0,0,0,0,0,0,0,0,0,0,0,0,0,0,0,0,0,0,0,0,0,0,0,0,0,0,0,0,0,0,0,0,0,0,0,0,0,0,0,0,0,0,0,0,0,0,0,0,0,0,0,0,0,0,0,0,0,0,0,0,0,0,0,0,0,0,0,0,0,0,0,0,0,0,0,0,0,0,0,0,0,0,0,0,0,0,0,0,0,0,0,0,0,0,0
3142,0,0,0,0,0,0,0,0,0,0,0,0,0,0,0,0,0,0,0,0,0,0,0,0,0,0,0,0,0,0,0,0,0,0,0,0,0,0,0,0,0,0,0,0,0,0,0,0,0,0,0,0,0,0,0,0,0,0,0,0,0,0,0,0,0,0,0,0,0,0,0,0,0,0,0,0,0,0,0,0,0,0,0,0,0,0,0,0,0,0,0,0,0,0,0,0,0,0,0,0,0,0,0,0,0,0,0,0,0,0,0,0,0,0,0,0,0,0,0,0,0,0,0,0,0,0,0,0,0,0,0,0,0,0,0,0,0,0,0,0,0,0,0,0,0,0,0,0,0,0,0,0,0,0,0,0,0,0,0,0,0,0,0,0,0,0,0,0,0,0,0,0,0,0,0,0,0,0,0,0,0,0,0,0,0,0,0,0,0,0,0,0,0,0,0,0,0,0,0,0
3143,0,0,0,0,0,0,0,0,0,0,0,0,0,0,0,0,0,0,0,0,0,0,0,0,0,0,0,0,0,0,0,0,0,0,0,0,0,0,0,0,0,0,0,0,0,0,0,0,0,0,0,0,0,0,0,0,0,0,0,0,0,0,0,0,0,0,0,0,0,0,0,0,0,0,0,0,0,0,0,0,0,0,0,0,0,0,0,0,0,0,0,0,0,0,0,0,0,0,0,0,0,0,0,0,0,0,0,0,0,0,0,0,0,0,0,0,0,0,0,0,0,0,0,0,0,0,0,0,0,0,0,0,0,0,0,0,0,0,0,0,0,0,0,0,0,0,0,0,0,0,0,0,0,0,0,0,0,0,0,0,0,0,0,0,0,0,0,0,0,0,0,0,0,0,0,0,0,0,0,0,0,0,0,0,0,0,0,0,0,0,0,0,0,0,0,0,0,0,0,0
3144,0,0,0,0,0,0,0,0,0,0,0,0,0,0,0,0,0,0,0,0,0,0,0,0,0,0,0,0,0,0,0,0,0,0,0,0,0,0,0,0,0,0,0,0,0,0,0,0,0,0,0,0,0,0,0,0,0,0,0,0,0,0,0,0,0,0,0,0,0,0,0,0,0,0,0,0,0,0,0,0,0,0,0,0,0,0,0,0,0,0,0,0,0,0,0,0,0,0,0,0,0,0,0,0,0,0,0,0,0,0,0,0,0,0,0,0,0,0,0,0,0,0,0,0,0,0,0,0,0,0,0,0,0,0,0,0,0,0,0,0,0,0,0,0,0,0,0,0,0,0,0,0,0,0,0,0,0,0,0,0,0,0,0,0,0,0,0,0,0,0,0,0,0,0,0,0,0,0,0,0,0,0,0,0,0,0,0,0,0,0,0,0,0,0,0,0,0,0,0,0
3145,0,0,0,0,0,0,0,0,0,0,0,0,0,0,0,0,0,0,0,0,0,0,0,0,0,0,0,0,0,0,0,0,0,0,0,0,0,0,0,0,0,0,0,0,0,0,0,0,0,0,0,0,0,0,0,0,0,0,0,0,0,0,0,0,0,0,0,0,0,0,0,0,0,0,0,0,0,0,0,0,0,0,0,0,0,0,0,0,0,0,0,0,0,0,0,0,0,0,0,0,0,0,0,0,0,0,0,0,0,0,0,0,0,0,0,0,0,0,0,0,0,0,0,0,0,0,0,0,0,0,0,0,0,0,0,0,0,0,0,0,0,0,0,0,0,0,0,0,0,0,0,0,0,0,0,0,0,0,0,0,0,0,0,0,0,0,0,0,0,0,0,0,0,0,0,0,0,0,0,0,0,0,0,0,0,0,0,0,0,0,0,0,0,0,0,0,0,0,0,0
3146,0,0,0,0,0,0,0,0,0,0,0,0,0,0,0,0,0,0,0,0,0,0,0,0,0,0,0,0,0,0,0,0,0,0,0,0,0,0,0,0,0,0,0,0,0,0,0,0,0,0,0,0,0,0,0,0,0,0,0,0,0,0,0,0,0,0,0,0,0,0,0,0,0,0,0,0,0,0,0,0,0,0,0,0,0,0,0,0,0,0,0,0,0,0,0,0,0,0,0,0,0,0,0,0,0,0,0,0,0,0,0,0,0,0,0,0,0,0,0,0,0,0,0,0,0,0,0,0,0,0,0,0,0,0,0,0,0,0,0,0,0,0,0,0,0,0,0,0,0,0,0,0,0,0,0,0,0,0,0,0,0,0,0,0,0,0,0,0,0,0,0,0,0,0,0,0,0,0,0,0,0,0,0,0,0,0,0,0,0,0,0,0,0,0,0,0,0,0,0,0
3147,0,0,0,0,0,0,0,0,0,0,0,0,0,0,0,0,0,0,0,0,0,0,0,0,0,0,0,0,0,0,0,0,0,0,0,0,0,0,0,0,0,0,0,0,0,0,0,0,0,0,0,0,0,0,0,0,0,0,0,0,0,0,0,0,0,0,0,0,0,0,0,0,0,0,0,0,0,0,0,0,0,0,0,0,0,0,0,0,0,0,0,0,0,0,0,0,0,0,0,0,0,0,0,0,0,0,0,0,0,0,0,0,0,0,0,0,0,0,0,0,0,0,0,0,0,0,0,0,0,0,0,0,0,0,0,0,0,0,0,0,0,0,0,0,0,0,0,0,0,0,0,0,0,0,0,0,0,0,0,0,0,0,0,0,0,0,0,0,0,0,0,0,0,0,0,0,0,0,0,0,0,0,0,0,0,0,0,0,0,0,0,0,0,0,0,0,0,0,0,0
3148,0,0,0,0,0,0,0,0,0,0,0,0,0,0,0,0,0,0,0,0,0,0,0,0,0,0,0,0,0,0,0,0,0,0,0,0,0,0,0,0,0,0,0,0,0,0,0,0,0,0,0,0,0,0,0,0,0,0,0,0,0,0,0,0,0,0,0,0,0,0,0,0,0,0,0,0,0,0,0,0,0,0,0,0,0,0,0,0,0,0,0,0,0,0,0,0,0,0,0,0,0,0,0,0,0,0,0,0,0,0,0,0,0,0,0,0,0,0,0,0,0,0,0,0,0,0,0,0,0,0,0,0,0,0,0,0,0,0,0,0,0,0,0,0,0,0,0,0,0,0,0,0,0,0,0,0,0,0,0,0,0,0,0,0,0,0,0,0,0,0,0,0,0,0,0,0,0,0,0,0,0,0,0,0,0,0,0,0,0,0,0,0,0,0,0,0,0,0,0,0
3149,0,0,0,0,0,0,0,0,0,0,0,0,0,0,0,0,0,0,0,0,0,0,0,0,0,0,0,0,0,0,0,0,0,0,0,0,0,0,0,0,0,0,0,0,0,0,0,0,0,0,0,0,0,0,0,0,0,0,0,0,0,0,0,0,0,0,0,0,0,0,0,0,0,0,0,0,0,0,0,0,0,0,0,0,0,0,0,0,0,0,0,0,0,0,0,0,0,0,0,0,0,0,0,0,0,0,0,0,0,0,0,0,0,0,0,0,0,0,0,0,0,0,0,0,0,0,0,0,0,0,0,0,0,0,0,0,0,0,0,0,0,0,0,0,0,0,0,0,0,0,0,0,0,0,0,0,0,0,0,0,0,0,0,0,0,0,0,0,0,0,0,0,0,0,0,0,0,0,0,0,0,0,0,0,0,0,0,0,0,0,0,0,0,0,0,0,0,0,0,0
3150,0,0,0,0,0,0,0,0,0,0,0,0,0,0,0,0,0,0,0,0,0,0,0,0,0,0,0,0,0,0,0,0,0,0,0,0,0,0,0,0,0,0,0,0,0,0,0,0,0,0,0,0,0,0,0,0,0,0,0,0,0,0,0,0,0,0,0,0,0,0,0,0,0,0,0,0,0,0,0,0,0,0,0,0,0,0,0,0,0,0,0,0,0,0,0,0,0,0,0,0,0,0,0,0,0,0,0,0,0,0,0,0,0,0,0,0,0,0,0,0,0,0,0,0,0,0,0,0,0,0,0,0,0,0,0,0,0,0,0,0,0,0,0,0,0,0,0,0,0,0,0,0,0,0,0,0,0,0,0,0,0,0,0,0,0,0,0,0,0,0,0,0,0,0,0,0,0,0,0,0,0,0,0,0,0,0,0,0,0,0,0,0,0,0,0,0,0,0,0,0
3151,0,0,0,0,0,0,0,0,0,0,0,0,0,0,0,0,0,0,0,0,0,0,0,0,0,0,0,0,0,0,0,0,0,0,0,0,0,0,0,0,0,0,0,0,0,0,0,0,0,0,0,0,0,0,0,0,0,0,0,0,0,0,0,0,0,0,0,0,0,0,0,0,0,0,0,0,0,0,0,0,0,0,0,0,0,0,0,0,0,0,0,0,0,0,0,0,0,0,0,0,0,0,0,0,0,0,0,0,0,0,0,0,0,0,0,0,0,0,0,0,0,0,0,0,0,0,0,0,0,0,0,0,0,0,0,0,0,0,0,0,0,0,0,0,0,0,0,0,0,0,0,0,0,0,0,0,0,0,0,0,0,0,0,0,0,0,0,0,0,0,0,0,0,0,0,0,0,0,0,0,0,0,0,0,0,0,0,0,0,0,0,0,0,0,0,0,0,0,0,0
3152,0,0,0,0,0,0,0,0,0,0,0,0,0,0,0,0,0,0,0,0,0,0,0,0,0,0,0,0,0,0,0,0,0,0,0,0,0,0,0,0,0,0,0,0,0,0,0,0,0,0,0,0,0,0,0,0,0,0,0,0,0,0,0,0,0,0,0,0,0,0,0,0,0,0,0,0,0,0,0,0,0,0,0,0,0,0,0,0,0,0,0,0,0,0,0,0,0,0,0,0,0,0,0,0,0,0,0,0,0,0,0,0,0,0,0,0,0,0,0,0,0,0,0,0,0,0,0,0,0,0,0,0,0,0,0,0,0,0,0,0,0,0,0,0,0,0,0,0,0,0,0,0,0,0,0,0,0,0,0,0,0,0,0,0,0,0,0,0,0,0,0,0,0,0,0,0,0,0,0,0,0,0,0,0,0,0,0,0,0,0,0,0,0,0,0,0,0,0,0,0
3153,0,0,0,0,0,0,0,0,0,0,0,0,0,0,0,0,0,0,0,0,0,0,0,0,0,0,0,0,0,0,0,0,0,0,0,0,0,0,0,0,0,0,0,0,0,0,0,0,0,0,0,0,0,0,0,0,0,0,0,0,0,0,0,0,0,0,0,0,0,0,0,0,0,0,0,0,0,0,0,0,0,0,0,0,0,0,0,0,0,0,0,0,0,0,0,0,0,0,0,0,0,0,0,0,0,0,0,0,0,0,0,0,0,0,0,0,0,0,0,0,0,0,0,0,0,0,0,0,0,0,0,0,0,0,0,0,0,0,0,0,0,0,0,0,0,0,0,0,0,0,0,0,0,0,0,0,0,0,0,0,0,0,0,0,0,0,0,0,0,0,0,0,0,0,0,0,0,0,0,0,0,0,0,0,0,0,0,0,0,0,0,0,0,0,0,0,0,0,0,0
3154,0,0,0,0,0,0,0,0,0,0,0,0,0,0,0,0,0,0,0,0,0,0,0,0,0,0,0,0,0,0,0,0,0,0,0,0,0,0,0,0,0,0,0,0,0,0,0,0,0,0,0,0,0,0,0,0,0,0,0,0,0,0,0,0,0,0,0,0,0,0,0,0,0,0,0,0,0,0,0,0,0,0,0,0,0,0,0,0,0,0,0,0,0,0,0,0,0,0,0,0,0,0,0,0,0,0,0,0,0,0,0,0,0,0,0,0,0,0,0,0,0,0,0,0,0,0,0,0,0,0,0,0,0,0,0,0,0,0,0,0,0,0,0,0,0,0,0,0,0,0,0,0,0,0,0,0,0,0,0,0,0,0,0,0,0,0,0,0,0,0,0,0,0,0,0,0,0,0,0,0,0,0,0,0,0,0,0,0,0,0,0,0,0,0,0,0,0,0,0,0
3155,0,0,0,0,0,0,0,0,0,0,0,0,0,0,0,0,0,0,0,0,0,0,0,0,0,0,0,0,0,0,0,0,0,0,0,0,0,0,0,0,0,0,0,0,0,0,0,0,0,0,0,0,0,0,0,0,0,0,0,0,0,0,0,0,0,0,0,0,0,0,0,0,0,0,0,0,0,0,0,0,0,0,0,0,0,0,0,0,0,0,0,0,0,0,0,0,0,0,0,0,0,0,0,0,0,0,0,0,0,0,0,0,0,0,0,0,0,0,0,0,0,0,0,0,0,0,0,0,0,0,0,0,0,0,0,0,0,0,0,0,0,0,0,0,0,0,0,0,0,0,0,0,0,0,0,0,0,0,0,0,0,0,0,0,0,0,0,0,0,0,0,0,0,0,0,0,0,0,0,0,0,0,0,0,0,0,0,0,0,0,0,0,0,0,0,0,0,0,0,0
3156,0,0,0,0,0,0,0,0,0,0,0,0,0,0,0,0,0,0,0,0,0,0,0,0,0,0,0,0,0,0,0,0,0,0,0,0,0,0,0,0,0,0,0,0,0,0,0,0,0,0,0,0,0,0,0,0,0,0,0,0,0,0,0,0,0,0,0,0,0,0,0,0,0,0,0,0,0,0,0,0,0,0,0,0,0,0,0,0,0,0,0,0,0,0,0,0,0,0,0,0,0,0,0,0,0,0,0,0,0,0,0,0,0,0,0,0,0,0,0,0,0,0,0,0,0,0,0,0,0,0,0,0,0,0,0,0,0,0,0,0,0,0,0,0,0,0,0,0,0,0,0,0,0,0,0,0,0,0,0,0,0,0,0,0,0,0,0,0,0,0,0,0,0,0,0,0,0,0,0,0,0,0,0,0,0,0,0,0,0,0,0,0,0,0,0,0,0,0,0,0
3157,0,0,0,0,0,0,0,0,0,0,0,0,0,0,0,0,0,0,0,0,0,0,0,0,0,0,0,0,0,0,0,0,0,0,0,0,0,0,0,0,0,0,0,0,0,0,0,0,0,0,0,0,0,0,0,0,0,0,0,0,0,0,0,0,0,0,0,0,0,0,0,0,0,0,0,0,0,0,0,0,0,0,0,0,0,0,0,0,0,0,0,0,0,0,0,0,0,0,0,0,0,0,0,0,0,0,0,0,0,0,0,0,0,0,0,0,0,0,0,0,0,0,0,0,0,0,0,0,0,0,0,0,0,0,0,0,0,0,0,0,0,0,0,0,0,0,0,0,0,0,0,0,0,0,0,0,0,0,0,0,0,0,0,0,0,0,0,0,0,0,0,0,0,0,0,0,0,0,0,0,0,0,0,0,0,0,0,0,0,0,0,0,0,0,0,0,0,0,0,0
3158,0,0,0,0,0,0,0,0,0,0,0,0,0,0,0,0,0,0,0,0,0,0,0,0,0,0,0,0,0,0,0,0,0,0,0,0,0,0,0,0,0,0,0,0,0,0,0,0,0,0,0,0,0,0,0,0,0,0,0,0,0,0,0,0,0,0,0,0,0,0,0,0,0,0,0,0,0,0,0,0,0,0,0,0,0,0,0,0,0,0,0,0,0,0,0,0,0,0,0,0,0,0,0,0,0,0,0,0,0,0,0,0,0,0,0,0,0,0,0,0,0,0,0,0,0,0,0,0,0,0,0,0,0,0,0,0,0,0,0,0,0,0,0,0,0,0,0,0,0,0,0,0,0,0,0,0,0,0,0,0,0,0,0,0,0,0,0,0,0,0,0,0,0,0,0,0,0,0,0,0,0,0,0,0,0,0,0,0,0,0,0,0,0,0,0,0,0,0,0,0
3159,0,0,0,0,0,0,0,0,0,0,0,0,0,0,0,0,0,0,0,0,0,0,0,0,0,0,0,0,0,0,0,0,0,0,0,0,0,0,0,0,0,0,0,0,0,0,0,0,0,0,0,0,0,0,0,0,0,0,0,0,0,0,0,0,0,0,0,0,0,0,0,0,0,0,0,0,0,0,0,0,0,0,0,0,0,0,0,0,0,0,0,0,0,0,0,0,0,0,0,0,0,0,0,0,0,0,0,0,0,0,0,0,0,0,0,0,0,0,0,0,0,0,0,0,0,0,0,0,0,0,0,0,0,0,0,0,0,0,0,0,0,0,0,0,0,0,0,0,0,0,0,0,0,0,0,0,0,0,0,0,0,0,0,0,0,0,0.0000000000,0,0,0,0,0,0,0,0,0,0,0,0,0,0,0,0,0,0,0,0,0,0,0,0,0,0,0,0,0,0,0,0,0
3160,0,0,0,0,0,0,0,0,0,0,0,0,0,0,0,0,0,0,0,0,0,0,0,0,0,0,0,0,0,0,0,0,0,0,0,0,0,0,0,0,0,0,0,0,0,0,0,0,0,0,0,0,0,0,0,0,0,0,0,0,0,0,0,0,0,0,0,0,0,0,0,0,0,0,0,0,0,0,0,0,0,0,0,0,0,0,0,0,0,0,0,0,0,0,0,0,0,0,0,0,0,0,0,0,0,0,0,0,0,0,0,0,0,0,0,0,0,0,0,0,0,0,0,0,0,0,0,0,0,0,0,0,0,0,0,0,0,0,0,0,0,0,0,0,0,0,0,0,0,0,0,0,0,0,0,0,0,0,0,0,0,0,0,0,0,0,0,0,0,0,0,0,0,0,0,0,0,0,0,0,0,0,0,0,0,0,0,0,0,0,0,0,0,0,0,0,0,0,0,0
3161,0,0,0,0,0,0,0,0,0,0,0,0,0,0,0,0,0,0,0,0,0,0,0,0,0,0,0,0,0,0,0,0,0,0,0,0,0,0,0,0,0,0,0,0,0,0,0,0,0,0,0,0,0,0,0,0,0,0,0,0,0,0,0,0,0,0,0,0,0,0,0,0,0,0,0,0,0,0,0,0,0,0,0,0,0,0,0,0,0,0,0,0,0,0,0,0,0,0,0,0,0,0,0,0,0,0,0,0,0,0,0,0,0,0,0,0,0,0,0,0,0,0,0,0,0,0,0,0,0,0,0,0,0,0,0,0,0,0,0,0,0,0,0,0,0,0,0,0,0,0,0,0,0,0,0,0,0,0,0,0,0,0,0,0,0,0,0,0,0,0,0,0,0,0,0,0,0,0,0,0,0,0,0,0,0,0,0,0,0,0,0,0,0,0,0,0,0,0,0,0
3162,0,0,0,0,0,0,0,0,0,0,0,0,0,0,0,0,0,0,0,0,0,0,0,0,0,0,0,0,0,0,0,0,0,0,0,0,0,0,0,0,0,0,0,0,0,0,0,0,0,0,0,0,0,0,0,0,0,0,0,0,0,0,0,0,0,0,0,0,0,0,0,0,0,0,0,0,0,0,0,0,0,0,0,0,0,0,0,0,0,0,0,0,0,0,0,0,0,0,0,0,0,0,0,0,0,0,0,0,0,0,0,0,0,0,0.0000000000,0,0,0,0,0,0,0,0,0,0,0,0,0,0,0,0,0,0,0,0,0,0,0,0,0,0,0,0,0,0,0,0,0,0,0,0,0,0,0,0,0,0,0,0,0,0,0,0,0,0,0,0,0,0,0,0,0,0,0,0,0,0,0,0,0,0,0,0,0,0,0,0,0,0,0,0,0,0,0,0,0,0,0,0,0
3163,0,0,0,0,0,0,0,0,0,0,0,0,0,0,0,0,0,0,0,0,0,0,0,0,0,0,0,0,0,0,0,0,0,0,0,0,0,0,0,0,0,0,0,0,0,0,0,0,0,0,0,0,0,0,0,0,0,0,0,0,0,0,0,0,0,0,0,0,0,0,0,0,0,0,0,0,0,0,0,0,0,0,0,0,0,0,0,0,0,0,0,0,0,0,0,0,0,0,0,0,0,0,0,0,0,0,0,0,0,0,0,0,0,0,0,0,0,0,0,0,0,0,0,0,0,0,0,0,0,0,0,0,0,0,0,0,0,0,0,0,0,0,0,0,0,0,0,0,0,0,0,0,0,0,0,0,0,0,0,0,0,0,0,0,0,0,0,0,0,0,0,0,0,0,0,0,0,0,0,0,0,0,0,0,0,0,0,0,0,0,0,0,0,0,0,0,0,0,0,0
3164,0,0,0,0,0,0,0,0,0,0,0,0,0,0,0,0,0,0,0,0,0,0,0,0,0,0,0,0,0,0,0,0,0,0,0,0,0,0,0,0,0,0,0,0,0,0,0,0,0,0,0,0,0,0,0,0,0,0,0,0,0,0,0,0,0,0,0,0,0,0,0,0,0,0,0,0,0,0,0,0,0,0,0,0,0,0,0,0,0,0,0,0,0,0,0,0,0,0,0,0,0,0,0,0,0,0,0,0,0,0,0,0,0,0,0,0,0,0,0,0,0,0,0,0,0,0,0,0,0,0,0,0,0,0,0,0,0,0,0,0,0,0,0,0,0,0,0,0,0,0,0,0,0,0,0,0,0,0,0,0,0,0,0,0,0,0,0,0,0,0,0,0,0,0,0,0,0,0,0,0,0,0,0,0,0,0,0,0,0,0,0,0,0,0,0,0,0,0,0,0
3165,0,0,0,0,0,0,0,0,0,0,0,0,0,0,0,0,0,0,0,0,0,0,0,0,0,0,0,0,0,0,0,0,0,0,0,0,0,0,0,0,0,0,0,0,0,0,0,0,0,0,0,0,0,0,0,0,0,0,0,0,0,0,0,0,0,0,0,0,0,0,0,0,0,0,0,0,0,0,0,0,0,0,0,0,0,0,0,0,0,0,0,0,0,0,0,0,0,0,0,0,0,0,0,0,0,0,0,0,0,0,0,0,0,0,0,0,0,0,0,0,0,0,0,0,0,0,0,0,0,0,0,0,0,0,0,0,0,0,0,0,0,0,0,0,0,0,0,0,0,0,0,0,0,0,0,0,0,0,0,0,0,0,0,0,0,0,0,0,0,0,0,0,0,0,0,0,0,0,0,0,0,0,0,0,0,0,0,0,0,0,0,0,0,0,0,0,0,0,0,0
3166,0,0,0,0,0,0,0,0,0,0,0,0,0,0,0,0,0,0,0,0,0,0,0,0,0,0,0,0,0,0,0,0,0,0,0,0,0,0,0,0,0,0,0,0,0,0,0,0,0,0,0,0,0,0,0,0,0,0,0,0,0,0,0,0,0,0,0,0,0,0,0,0,0,0,0,0,0,0,0,0,0,0,0,0,0,0,0,0,0,0,0,0,0,0,0,0,0,0,0,0,0,0,0,0,0,0,0,0,0,0,0,0,0,0,0,0,0,0,0,0,0,0,0,0,0,0,0,0,0,0,0,0,0,0,0,0,0,0,0,0,0,0,0,0,0,0,0,0,0,0,0,0,0,0,0,0,0,0,0,0,0,0,0,0,0,0,0,0,0,0,0,0,0,0,0,0,0,0,0,0,0,0,0,0,0,0,0,0,0,0,0,0,0,0,0,0,0,0,0,0
3167,0,0,0,0,0,0,0,0,0,0,0,0,0,0,0,0,0,0,0,0,0,0,0,0,0,0,0,0,0,0,0,0,0,0,0,0,0,0,0,0,0,0,0,0,0,0,0,0,0,0,0,0,0,0,0,0,0,0,0,0,0,0,0,0,0,0,0,0,0,0,0,0,0,0,0,0,0,0,0,0,0,0,0,0,0,0,0,0,0,0,0,0,0,0,0,0,0,0,0,0,0,0,0,0,0,0,0,0,0,0,0,0,0,0,0,0,0,0,0,0,0,0,0,0,0,0,0,0,0,0,0,0,0,0,0,0,0,0,0,0,0,0,0,0,0,0,0,0,0,0,0,0,0,0,0,0,0,0,0,0,0,0,0,0,0,0,0,0,0,0,0,0,0,0,0,0,0,0,0,0,0,0,0,0,0,0,0,0,0,0,0,0,0,0,0,0,0,0,0,0
3168,0,0,0,0,0,0,0,0,0,0,0,0,0,0,0,0,0,0,0,0,0,0,0,0,0,0,0,0,0,0,0,0,0,0,0,0,0,0,0,0,0,0,0,0,0,0,0,0,0,0,0,0,0,0,0,0,0,0,0,0,0,0,0,0,0,0,0,0,0,0,0,0,0,0,0,0,0,0,0,0,0,0,0,0,0,0,0,0,0,0,0,0,0,0,0,0,0,0,0,0,0,0,0,0,0,0,0,0,0,0,0,0,0,0,0,0,0,0,0,0,0,0,0,0,0,0,0,0,0,0,0,0,0,0,0,0,0,0,0,0,0,0,0,0,0,0,0,0,0,0,0,0,0,0,0,0,0,0,0,0,0,0,0,0,0,0,0,0,0,0,0,0,0,0,0,0,0,0,0,0,0,0,0,0,0,0,0,0,0,0,0,0,0,0,0,0,0,0,0,0
3169,0,0,0,0,0,0,0,0,0,0,0,0,0,0,0,0,0,0,0,0,0,0,0,0,0,0,0,0,0,0,0,0,0,0,0,0,0,0,0,0,0,0,0,0,0,0,0,0,0,0,0,0,0,0,0,0,0,0,0,0,0,0,0,0,0,0,0,0,0,0,0,0,0,0,0,0,0,0,0,0,0,0,0,0,0,0,0,0,0,0,0,0,0,0,0,0,0,0,0,0,0,0,0,0,0,0,0,0,0,0,0,0,0,0,0,0,0,0,0,0,0,0,0,0,0,0,0,0,0,0,0,0,0,0,0,0,0,0,0,0,0,0,0,0,0,0,0,0,0,0,0,0,0,0,0,0,0,0,0,0,0,0,0,0,0,0,0,0,0,0,0,0,0,0,0,0,0,0,0,0,0,0,0,0,0,0,0,0,0,0,0,0,0,0,0,0,0,0,0,0
3170,0,0,0,0,0,0,0,0,0,0,0,0,0,0,0,0,0,0,0,0,0,0,0,0,0,0,0,0,0,0,0,0,0,0,0,0,0,0,0,0,0,0,0,0,0,0,0,0,0,0,0,0,0,0,0,0,0,0,0,0,0,0,0,0,0,0,0,0,0,0,0,0,0,0,0,0,0,0,0,0,0,0,0,0,0,0,0,0,0,0,0,0,0,0,0,0,0,0,0,0,0,0,0,0,0,0,0,0,0,0,0,0,0,0,0,0,0,0,0,0,0,0,0,0,0,0,0,0,0,0,0,0,0,0,0,0,0,0,0,0,0,0,0,0,0,0,0,0,0,0,0,0,0,0,0,0,0,0,0,0,0,0,0,0,0,0,0,0,0,0,0,0,0,0,0,0,0,0,0,0,0,0,0,0,0,0,0,0,0,0,0,0,0,0,0,0,0,0,0,0
3171,0,0,0,0,0,0,0,0,0,0,0,0,0,0,0,0,0,0,0,0,0,0,0,0,0,0,0,0,0,0,0,0,0,0,0,0,0,0,0,0,0,0,0,0,0,0,0,0,0,0,0,0,0,0,0,0,0,0,0,0,0,0,0,0,0,0,0,0,0,0,0,0,0,0,0,0,0,0,0,0,0,0,0,0,0,0,0,0,0,0,0,0,0,0,0,0,0,0,0,0,0,0,0,0,0,0,0,0,0,0,0,0,0,0,0,0,0,0,0,0,0,0,0,0,0,0,0,0,0,0,0,0,0,0,0,0,0,0,0,0,0,0,0,0,0,0,0,0,0,0,0,0,0,0,0,0,0,0,0,0,0,0,0,0,0,0,0,0,0,0,0,0,0,0,0,0,0,0,0,0,0,0,0,0,0,0,0,0,0,0,0,0,0,0,0.0000000000,0,0,0,0,0
3172,0,0,0,0,0,0,0,0,0,0,0,0,0,0,0,0,0,0,0,0,0,0,0,0,0,0,0,0,0,0,0,0,0,0,0,0,0,0,0,0,0,0,0,0,0,0,0,0,0,0,0,0,0,0,0,0,0,0,0,0,0,0,0,0,0,0,0,0,0,0,0,0,0,0,0,0,0,0,0,0,0,0,0,0,0,0,0,0,0,0,0,0,0,0,0,0,0,0,0,0,0,0,0,0,0,0,0,0,0,0,0,0,0,0,0,0,0,0,0,0,0,0,0,0,0,0,0,0,0,0,0,0,0,0,0,0,0,0,0,0,0,0,0,0,0,0,0,0,0,0,0,0,0,0,0,0,0,0,0,0,0,0,0,0,0,0,0,0,0,0,0,0,0,0,0,0,0,0,0,0,0,0,0,0,0,0,0,0,0,0,0,0,0,0,0,0,0,0,0,0
3173,0,0,0,0,0,0,0,0,0,0,0,0,0,0,0,0,0,0,0,0,0,0,0,0,0,0,0,0,0,0,0,0,0,0,0,0,0,0,0,0,0,0,0,0,0,0,0,0,0,0,0,0,0,0,0,0,0,0,0,0,0,0,0,0,0,0,0,0,0,0,0,0,0,0,0,0,0,0,0,0,0,0,0,0,0,0,0,0,0,0,0,0,0,0,0,0,0,0,0,0,0,0,0,0,0,0,0,0,0,0,0,0,0,0,0,0,0,0,0,0,0,0,0,0,0,0,0,0,0,0,0,0,0,0,0,0,0,0,0,0,0,0,0,0,0,0,0,0,0,0,0,0,0,0,0,0,0,0,0,0,0,0,0,0,0,0,0,0,0,0,0,0,0,0,0,0,0,0,0,0,0,0,0,0,0,0,0,0,0,0,0,0,0,0,0,0,0,0,0,0
3174,0,0,0,0,0,0,0,0,0,0,0,0,0,0,0,0,0,0,0,0,0,0,0,0,0,0,0,0,0,0,0,0,0,0,0,0,0,0,0,0,0,0,0,0,0,0,0,0,0,0,0,0,0,0,0,0,0,0,0,0,0,0,0,0,0,0,0,0,0,0,0,0,0,0,0,0,0,0,0,0,0,0,0,0,0,0,0,0,0,0,0,0,0,0,0,0,0,0,0,0,0,0,0,0,0,0,0,0,0,0,0,0,0,0,0,0,0,0,0,0,0,0,0,0,0,0,0,0,0,0,0,0,0,0,0,0,0,0,0,0,0,0,0,0,0,0,0,0,0,0,0,0,0,0,0,0,0,0,0,0,0,0,0,0,0,0,0,0,0,0,0,0,0,0,0,0,0,0,0,0,0,0,0,0,0,0,0,0,0,0,0,0,0,0,0,0,0,0,0,0
3175,0,0,0,0,0,0,0,0,0,0,0,0,0,0,0,0,0,0,0,0,0,0,0,0,0,0,0,0,0,0,0,0,0,0,0,0,0,0,0,0,0,0,0,0,0,0,0,0,0,0,0,0,0,0,0,0,0,0,0,0,0,0,0,0,0,0,0,0,0,0,0,0,0,0,0,0,0,0,0,0,0,0,0,0,0,0,0,0,0,0,0,0,0,0,0,0,0,0,0,0,0,0,0,0,0,0,0,0,0,0,0,0,0,0,0,0,0,0,0,0,0,0,0,0,0,0,0,0,0,0,0,0,0,0,0,0,0,0,0,0,0,0,0,0,0,0,0,0,0,0,0,0,0,0,0,0,0,0,0,0,0,0,0,0,0,0,0,0,0,0,0,0,0,0,0,0,0,0,0,0,0,0,0,0,0,0,0,0,0,0,0,0,0,0,0,0,0,0,0,0
3176,0,0,0,0,0,0,0,0,0,0,0,0,0,0,0,0,0,0,0,0,0,0,0,0,0,0,0,0,0,0,0,0,0,0,0,0,0,0,0,0,0,0,0,0,0,0,0,0,0,0,0,0,0,0,0,0,0,0,0,0,0,0,0,0,0,0,0,0,0,0,0,0,0,0,0,0,0,0,0,0,0,0,0,0,0,0,0,0,0,0,0,0,0,0,0,0,0,0,0,0,0,0,0,0,0,0,0,0,0,0,0,0,0,0,0,0,0,0,0,0,0,0,0,0,0,0,0,0,0,0,0,0,0,0,0,0,0,0,0,0,0,0,0,0,0,0,0,0,0,0,0,0,0,0,0,0,0,0,0,0,0,0,0,0,0,0,0,0,0,0,0,0,0,0,0,0,0,0,0,0,0,0,0,0,0,0,0,0,0,0,0,0,0,0,0,0,0,0,0,0
3177,0,0,0,0,0,0,0,0,0,0,0,0,0,0,0,0,0,0,0,0,0,0,0,0,0,0,0,0,0,0,0,0,0,0,0,0,0,0,0,0,0,0,0,0,0,0,0,0,0,0,0,0,0,0,0,0,0,0,0,0,0,0,0,0,0,0,0,0,0,0,0,0,0,0,0,0,0,0,0,0,0,0,0,0,0,0,0,0,0,0,0,0,0,0,0,0,0,0,0,0,0,0,0,0,0,0,0,0,0,0,0,0,0,0,0,0,0,0,0,0,0,0,0,0,0,0,0,0,0,0,0,0,0,0,0,0,0,0,0,0,0,0,0,0,0,0,0,0,0,0,0,0,0,0,0,0,0,0,0,0,0,0,0,0,0,0,0,0,0,0,0,0,0,0,0,0,0,0,0,0,0,0,0,0,0,0,0,0,0,0,0,0,0,0,0,0,0,0,0,0
3178,0,0,0,0,0,0,0,0,0,0,0,0,0,0,0,0,0,0,0,0,0,0,0,0,0,0,0,0,0,0,0,0,0,0,0,0,0,0,0,0,0,0,0,0,0,0,0,0,0,0,0,0,0,0,0,0,0,0,0,0,0,0,0,0,0,0,0,0,0,0,0,0,0,0,0,0,0,0,0,0,0,0,0,0,0,0,0,0,0,0,0,0,0,0,0,0,0,0,0,0,0,0,0,0,0,0,0,0,0,0,0,0,0,0,0,0,0,0,0,0,0,0,0,0,0,0,0,0,0,0,0,0,0,0,0,0,0,0,0,0,0,0,0,0,0,0,0,0,0,0,0,0,0,0,0,0,0,0,0,0,0,0,0,0,0,0,0,0,0,0,0,0,0,0,0,0,0,0,0,0,0,0,0,0,0,0,0,0,0,0,0,0,0,0,0,0,0,0,0,0
3179,0,0,0,0,0,0,0,0,0,0,0,0,0,0,0,0,0,0,0,0,0,0,0,0,0,0,0,0,0,0,0,0,0,0,0,0,0,0,0,0,0,0,0,0,0,0,0,0,0,0,0,0,0,0,0,0,0,0,0,0,0,0,0,0,0,0,0,0,0,0,0,0,0,0,0,0,0,0,0,0,0,0,0,0,0,0,0,0,0,0,0,0,0,0,0,0,0,0,0,0,0,0,0,0,0,0,0,0,0,0,0,0,0,0,0,0,0,0,0,0,0,0,0,0,0,0,0,0,0,0,0,0,0,0,0,0,0,0,0,0,0,0,0,0,0,0,0,0,0,0,0,0,0,0,0,0,0,0,0,0,0,0,0,0,0,0,0,0,0,0,0,0,0,0,0,0,0,0,0,0,0,0,0,0,0,0,0,0,0,0,0,0,0,0,0,0,0,0,0,0
3180,0,0,0,0,0,0,0,0,0,0,0,0,0,0,0,0,0,0,0,0,0,0,0,0,0,0,0,0,0,0,0,0,0,0,0,0,0,0,0,0,0,0,0,0,0,0,0,0,0,0,0,0,0,0,0,0,0,0,0,0,0,0,0,0,0,0,0,0,0,0,0,0,0,0,0,0,0,0,0,0,0,0,0,0,0,0,0,0,0,0,0,0,0,0,0,0,0,0,0,0,0,0,0,0,0,0,0,0,0,0,0,0,0,0,0,0,0,0,0,0,0,0,0,0,0,0,0,0,0,0,0,0,0,0,0,0,0,0,0,0,0,0,0,0,0,0,0,0,0,0,0,0,0,0,0,0,0,0,0,0,0,0,0,0,0,0,0,0,0,0,0,0,0,0,0,0,0,0,0,0,0,0,0,0,0,0,0,0,0,0,0,0,0,0,0,0,0,0,0,0
3181,0,0,0,0,0,0,0,0,0,0,0,0,0,0,0,0,0,0,0,0,0,0,0,0,0,0,0,0,0,0,0,0,0,0,0,0,0,0,0,0,0,0,0,0,0,0,0,0,0,0,0,0,0,0,0,0,0,0,0,0,0,0,0,0,0,0,0,0,0,0,0,0,0,0,0,0,0,0,0,0,0,0,0,0,0,0,0,0,0,0,0,0,0,0,0,0,0,0,0,0,0,0,0,0,0,0,0,0,0,0,0,0,0,0,0,0,0,0,0,0,0,0,0,0,0,0,0,0,0,0,0,0,0,0,0,0,0,0,0,0,0,0,0,0,0,0,0,0,0,0,0,0,0,0,0,0,0,0,0,0,0,0,0,0,0,0,0,0,0,0,0,0,0,0,0,0,0,0,0,0,0,0,0,0,0,0,0,0,0,0,0,0,0,0,0,0,0,0,0,0
3182,0,0,0,0,0,0,0,0,0,0,0,0,0,0,0,0,0,0,0,0,0,0,0,0,0,0,0,0,0,0,0,0,0,0,0,0,0,0,0,0,0,0,0,0,0,0,0,0,0,0,0,0,0,0,0,0,0,0,0,0,0,0,0,0,0,0,0,0,0,0,0,0,0,0,0,0,0,0,0,0,0,0,0,0,0,0,0,0,0,0,0,0,0,0,0,0,0,0,0,0,0,0,0,0,0,0,0,0,0,0,0,0,0,0,0,0,0,0,0,0,0,0,0,0,0,0,0,0,0,0,0,0,0,0,0,0,0,0,0,0,0,0,0,0,0,0,0,0,0,0,0,0,0,0,0,0,0,0,0,0,0,0,0,0,0,0,0,0,0,0,0,0,0,0,0,0,0,0,0,0,0,0,0,0,0,0,0,0,0,0,0,0,0,0,0,0,0,0,0,0
3183,0,0,0,0,0,0,0,0,0,0,0,0,0,0,0,0,0,0,0,0,0,0,0,0,0,0,0,0,0,0,0,0,0,0,0,0,0,0,0,0,0,0,0,0,0,0,0,0,0,0,0,0,0,0,0,0,0,0,0,0,0,0,0,0,0,0,0,0,0,0,0,0,0,0,0,0,0,0,0,0,0,0,0,0,0,0,0,0,0,0,0,0,0,0,0,0,0,0,0,0,0,0,0,0,0,0,0,0,0,0,0,0,0,0,0,0,0,0,0,0,0,0,0,0,0,0,0,0,0,0,0,0,0,0,0,0,0,0,0,0,0,0,0,0,0,0,0,0,0,0,0,0,0,0,0,0,0,0,0,0,0,0,0,0,0,0,0,0,0,0,0,0,0,0,0,0,0,0,0,0,0,0,0,0,0,0,0,0,0,0,0,0,0,0,0,0,0,0,0,0
3184,0,0,0,0,0,0,0,0,0,0,0,0,0,0,0,0,0,0,0,0,0,0,0,0,0,0,0,0,0,0,0,0,0,0,0,0,0,0,0,0,0,0,0,0,0,0,0,0,0,0,0,0,0,0,0,0,0,0,0,0,0,0,0,0,0,0,0,0,0,0,0,0,0,0,0,0,0,0,0,0,0,0,0,0,0,0,0,0,0,0,0,0,0,0,0,0,0,0,0,0,0,0,0,0,0,0,0,0,0,0,0,0,0,0,0,0,0,0,0,0,0,0,0,0,0,0,0,0,0,0,0,0,0,0,0,0,0,0,0,0,0,0,0,0,0,0,0,0,0,0,0,0,0,0,0,0,0,0,0,0,0,0,0,0,0,0,0,0,0,0,0,0,0,0,0,0,0,0,0,0,0,0,0,0,0,0,0,0,0,0,0,0,0,0,0,0,0,0,0,0
3185,0,0,0,0,0,0,0,0,0,0,0,0,0,0,0,0,0,0,0,0,0,0,0,0,0,0,0,0,0,0,0,0,0,0,0,0,0,0,0,0,0,0,0,0,0,0,0,0,0,0,0,0,0,0,0,0,0,0,0,0,0,0,0,0,0,0,0,0,0,0,0,0,0,0,0,0,0,0,0,0,0,0,0,0,0,0,0,0,0,0,0,0,0,0,0,0,0,0,0,0,0,0,0,0,0,0,0,0,0,0,0,0,0,0,0,0,0,0,0,0,0,0,0,0,0,0,0,0,0,0,0,0,0,0,0,0,0,0,0,0,0,0,0,0,0,0,0,0,0,0,0,0,0,0,0,0,0,0,0,0,0,0,0,0,0,0,0,0,0,0,0,0,0,0,0,0,0,0,0,0,0,0,0,0,0,0,0,0,0,0,0,0,0,0,0,0,0,0,0,0
3186,0,0,0,0,0,0,0,0,0,0,0,0,0,0,0,0,0,0,0,0,0,0,0,0,0,0,0,0,0,0,0,0,0,0,0,0,0,0,0,0,0,0,0,0,0,0,0,0,0,0,0,0,0,0,0,0,0,0,0,0,0,0,0,0,0,0,0,0,0,0,0,0,0,0,0,0,0,0,0,0,0,0,0,0,0,0,0,0,0,0,0,0,0,0,0,0,0,0,0,0,0,0,0,0,0,0,0,0,0,0,0,0,0,0,0,0,0,0,0,0,0,0,0,0,0,0,0,0,0,0,0,0,0,0,0,0,0,0,0,0,0,0,0,0,0,0,0,0,0,0,0,0,0,0,0,0,0,0,0,0,0,0,0,0,0,0,0,0,0,0,0,0,0,0,0,0,0,0,0,0,0,0,0,0,0,0,0,0,0,0,0,0,0,0,0,0,0,0,0,0
3187,0,0,0,0,0,0,0,0,0,0,0,0,0,0,0,0,0,0,0,0,0,0,0,0,0,0,0,0,0,0,0,0,0,0,0,0,0,0,0,0,0,0,0,0,0,0,0,0,0,0,0,0,0,0,0,0,0,0,0,0,0,0,0,0,0,0,0,0,0,0,0,0,0,0,0,0,0,0,0,0,0,0,0,0,0,0,0,0,0,0,0,0,0,0,0,0,0,0,0,0,0,0,0,0,0,0,0,0,0,0,0,0,0,0,0,0,0,0,0,0,0,0,0,0,0,0,0,0,0,0,0,0,0,0,0,0,0,0,0,0,0,0,0,0,0,0,0,0,0,0,0,0,0,0,0,0,0,0,0,0,0,0,0,0,0,0,0,0,0,0,0,0,0,0,0,0,0,0,0,0,0,0,0,0,0,0,0,0,0,0,0,0,0,0,0,0,0,0,0,0
3188,0,0,0,0,0,0,0,0,0,0,0,0,0,0,0,0,0,0,0,0,0,0,0,0,0,0,0,0,0,0,0,0,0,0,0,0,0,0,0,0,0,0,0,0,0,0,0,0,0,0,0,0,0,0,0,0,0,0,0,0,0,0,0,0,0,0,0,0,0,0,0,0,0,0,0,0,0,0,0,0,0,0,0,0,0,0,0,0,0,0,0,0,0,0,0,0,0,0,0,0,0,0,0,0,0,0,0,0,0,0,0,0,0,0,0,0,0,0,0,0,0,0,0,0,0,0,0,0,0,0,0,0,0,0,0,0,0,0,0,0,0,0,0,0,0,0,0,0,0,0,0,0,0,0,0,0,0,0,0,0,0,0,0,0,0,0,0,0,0,0,0,0,0,0,0,0,0,0,0,0,0,0,0,0,0,0,0,0,0,0,0,0,0,0,0,0,0,0,0,0
3189,0,0,0,0,0,0,0,0,0,0,0,0,0,0,0,0,0,0,0,0,0,0,0,0,0,0,0,0,0,0,0,0,0,0,0,0,0,0,0,0,0,0,0,0,0,0,0,0,0,0,0,0,0,0,0,0,0,0,0,0,0,0,0,0,0,0,0,0,0,0,0,0,0,0,0,0,0,0,0,0,0,0,0,0,0,0,0,0,0,0,0,0,0,0,0,0,0,0,0,0,0,0,0,0,0,0,0,0,0,0,0,0,0,0,0,0,0,0,0,0,0,0,0,0,0,0,0,0,0,0,0,0,0,0,0,0,0,0,0,0,0,0,0,0,0,0,0,0,0,0,0,0,0,0,0,0,0,0,0,0,0,0,0,0,0,0,0,0,0,0,0,0,0,0,0,0,0,0,0,0,0,0,0,0,0,0,0,0,0,0,0,0,0,0,0,0,0,0,0,0
3190,0,0,0,0,0,0,0,0,0,0,0,0,0,0,0,0,0,0,0,0,0,0,0,0,0,0,0,0,0,0,0,0,0,0,0,0,0,0,0,0,0,0,0,0,0,0,0,0,0,0,0,0,0,0,0,0,0,0,0,0,0,0,0,0,0,0,0,0,0,0,0,0,0,0,0,0,0,0,0,0,0,0,0,0,0,0,0,0,0,0,0,0,0,0,0,0,0,0,0,0,0,0,0,0,0,0,0,0,0,0,0,0,0,0,0,0,0,0,0,0,0,0,0,0,0,0,0,0,0,0,0,0,0,0,0,0,0,0,0,0,0,0,0,0,0,0,0,0,0,0,0,0,0,0,0,0,0,0,0,0,0,0,0,0,0,0,0,0,0,0,0,0,0,0,0,0,0,0,0,0,0,0,0,0,0,0,0,0,0,0,0,0,0,0,0,0,0,0,0,0
3191,0,0,0,0,0,0,0,0,0,0,0,0,0,0,0,0,0,0,0,0,0,0,0,0,0,0,0,0,0,0,0,0,0,0,0,0,0,0,0,0,0,0,0,0,0,0,0,0,0,0,0,0,0,0,0,0,0,0,0,0,0,0,0,0,0,0,0,0,0,0,0,0,0,0,0,0,0,0,0,0,0,0,0,0,0,0,0,0,0,0,0,0,0,0,0,0,0,0,0,0,0,0,0,0,0,0,0,0,0,0,0,0,0,0,0,0,0,0,0,0,0,0,0,0,0,0,0,0,0,0,0,0,0,0,0,0,0,0,0,0,0,0,0,0,0,0,0,0,0,0,0,0,0,0,0,0,0,0,0,0,0,0,0,0,0,0,0,0,0,0,0,0,0,0,0,0,0,0,0,0,0,0,0,0,0,0,0,0,0,0,0,0,0,0,0,0,0,0,0,0
3192,0,0,0,0,0,0,0,0,0,0,0,0,0,0,0,0,0,0,0,0,0,0,0,0,0,0,0,0,0,0,0,0,0,0,0,0,0,0,0,0,0,0,0,0,0,0,0,0,0,0,0,0,0,0,0,0,0,0,0,0,0,0,0,0,0,0,0,0,0,0,0,0,0,0,0,0,0,0,0,0,0,0,0,0,0,0,0,0,0,0,0,0,0,0,0,0,0,0,0,0,0,0,0,0,0,0,0,0,0,0,0,0,0,0,0,0,0,0,0,0,0,0,0,0,0,0,0,0,0,0,0,0,0,0,0,0,0,0,0,0,0,0,0,0,0,0,0,0,0,0,0,0,0,0,0,0,0,0,0,0,0,0,0,0,0,0,0,0,0,0,0,0,0,0,0,0,0,0,0,0,0,0,0,0,0,0,0,0,0,0,0,0,0,0,0,0,0,0,0,0
3193,0,0,0,0,0,0,0,0,0,0,0,0,0,0,0,0,0,0,0,0,0,0,0,0,0,0,0,0,0,0,0,0,0,0,0,0,0,0,0,0,0,0,0,0,0,0,0,0,0,0,0,0,0,0,0,0,0,0,0,0,0,0,0,0,0,0,0,0,0,0,0,0,0,0,0,0,0,0,0,0,0,0,0,0,0,0,0,0,0,0,0,0,0,0,0,0,0,0,0,0,0,0,0,0,0,0,0,0,0,0,0,0,0,0,0,0,0,0,0,0,0,0,0,0,0,0,0,0,0,0,0,0,0,0,0,0,0,0,0,0,0,0,0,0,0,0,0,0,0,0,0,0,0,0,0,0,0,0,0,0,0,0,0,0,0,0,0,0,0,0,0,0,0,0,0,0,0,0,0,0,0,0,0,0,0,0,0,0,0,0,0,0,0,0,0,0,0,0,0,0
3194,0,0,0,0,0,0,0,0,0,0,0,0,0,0,0,0,0,0,0,0,0,0,0,0,0,0,0,0,0,0,0,0,0,0,0,0,0,0,0,0,0,0,0,0,0,0,0,0,0,0,0,0,0,0,0,0,0,0,0,0,0,0,0,0,0,0,0,0,0,0,0,0,0,0,0,0,0,0,0,0,0,0,0,0,0,0,0,0,0,0,0,0,0,0,0,0,0,0,0,0,0,0,0,0,0,0,0,0,0,0,0,0,0,0,0,0,0,0,0,0,0,0,0,0,0,0,0,0,0,0,0,0,0,0,0,0,0,0,0,0,0,0,0,0,0,0,0,0,0,0,0,0,0,0,0,0,0,0,0,0,0,0,0,0,0,0,0,0,0,0,0,0,0,0,0,0,0,0,0,0,0,0,0,0,0,0,0,0,0,0,0,0,0,0,0,0,0,0,0,0
3195,0,0,0,0,0,0,0,0,0,0,0,0,0,0,0,0,0,0,0,0,0,0,0,0,0,0,0,0,0,0,0,0,0,0,0,0,0,0,0,0,0,0,0,0,0,0,0,0,0,0,0,0,0,0,0,0,0,0,0,0,0,0,0,0,0,0,0,0,0,0,0,0,0,0,0,0,0,0,0,0,0,0,0,0,0,0,0,0,0,0,0,0,0,0,0,0,0,0,0,0,0,0,0,0,0,0,0,0,0,0,0,0,0,0,0,0,0,0,0,0,0,0,0,0,0,0,0,0,0,0,0,0,0,0,0,0,0,0,0,0,0,0,0,0,0,0,0,0,0,0,0,0,0,0,0,0,0,0,0,0,0,0,0,0,0,0,0,0,0,0,0,0,0,0,0,0,0,0,0,0,0,0,0,0,0,0,0,0,0,0,0,0,0,0,0,0,0,0,0,0
3196,0,0,0,0,0,0,0,0,0,0,0,0,0,0,0,0,0,0,0,0,0,0,0,0,0,0,0,0,0,0,0,0,0,0,0,0,0,0,0,0,0,0,0,0,0,0,0,0,0,0,0,0,0,0,0,0,0,0,0,0,0,0,0,0,0,0,0,0,0,0,0,0,0,0,0,0,0,0,0,0,0,0,0,0,0,0,0,0,0,0,0,0,0,0,0,0,0,0,0,0,0,0,0,0,0,0,0,0,0,0,0,0,0,0,0,0,0,0,0,0,0,0,0,0,0,0,0,0,0,0,0,0,0,0,0,0,0,0,0,0,0,0,0,0,0,0,0,0,0,0,0,0,0,0,0,0,0,0,0,0,0,0,0,0,0,0,0,0,0,0,0,0,0,0,0,0,0,0,0,0,0,0,0,0,0,0,0,0,0,0,0,0,0,0,0,0,0,0,0,0
3197,0,0,0,0,0,0,0,0,0,0,0,0,0,0,0,0,0,0,0,0,0,0,0,0,0,0,0,0,0,0,0,0,0,0,0,0,0,0,0,0,0,0,0,0,0,0,0,0,0,0,0,0,0,0,0,0,0,0,0,0,0,0,0,0,0,0,0,0,0,0,0,0,0,0,0,0,0,0,0,0,0,0,0,0,0,0,0,0,0,0,0,0,0,0,0,0,0,0,0,0,0,0,0,0,0,0,0,0,0,0,0,0,0,0,0,0,0,0,0,0,0,0,0,0,0,0,0,0,0,0,0,0,0,0,0,0,0,0,0,0,0,0,0,0,0,0,0,0,0,0,0,0,0,0,0,0,0,0,0,0,0,0,0,0,0,0,0,0,0,0,0,0,0,0,0,0,0,0,0,0,0,0,0,0,0,0,0,0,0,0,0,0,0,0,0,0,0,0,0,0
3198,0,0,0,0,0,0,0,0,0,0,0,0,0,0,0,0,0,0,0,0,0,0,0,0,0,0,0,0,0,0,0,0,0,0,0,0,0,0,0,0,0,0,0,0,0,0,0,0,0,0,0,0,0,0,0,0,0,0,0,0,0,0,0,0,0,0,0,0,0,0,0,0,0,0,0,0,0,0,0,0,0,0,0,0,0,0,0,0,0,0,0,0,0,0,0,0,0,0,0,0,0,0,0,0,0,0,0,0,0,0,0,0,0,0,0,0,0,0,0,0,0,0,0,0,0,0,0,0,0,0,0,0,0,0,0,0,0,0,0,0,0,0,0,0,0,0,0,0,0,0,0,0,0,0,0,0,0,0,0,0,0,0,0,0,0,0,0,0,0,0,0,0,0,0,0,0,0,0,0,0,0,0,0,0,0,0,0,0,0,0,0,0,0,0,0,0,0,0,0,0
3199,0,0,0,0,0,0,0,0,0,0,0,0,0,0,0,0,0,0,0,0,0,0,0,0,0,0,0,0,0,0,0,0,0,0,0,0,0,0,0,0,0,0,0,0,0,0,0,0,0,0,0,0,0,0,0,0,0,0,0,0,0,0,0,0,0,0,0,0,0,0,0,0,0,0,0,0,0,0,0,0,0,0,0,0,0,0,0,0,0,0,0,0,0,0,0,0,0,0,0,0,0,0,0,0,0,0,0,0,0,0,0,0,0,0,0,0,0,0,0,0,0,0,0,0,0,0,0,0,0,0,0,0,0,0,0,0,0,0,0,0,0,0,0,0,0,0,0,0,0,0,0,0,0,0,0,0,0,0,0,0,0,0,0,0,0,0,0,0,0,0,0,0,0,0,0,0,0,0,0,0,0,0,0,0,0,0,0,0,0,0,0,0,0,0,0,0,0,0,0,0
3200,0,0,0,0,0,0,0,0,0,0,0,0,0,0,0,0,0,0,0,0,0,0,0,0,0,0,0,0,0,0,0,0,0,0,0,0,0,0,0,0,0,0,0,0,0,0,0,0,0,0,0,0,0,0,0,0,0,0,0,0,0,0,0,0,0,0,0,0,0,0,0,0,0,0,0,0,0,0,0,0,0,0,0,0,0,0,0,0,0,0,0,0,0,0,0,0,0,0,0,0,0,0,0,0,0,0,0,0,0,0,0,0,0,0,0,0,0,0,0,0,0,0,0,0,0,0,0,0,0,0,0,0,0,0,0,0,0,0,0,0,0,0,0,0,0,0,0,0,0,0,0,0,0,0,0,0,0,0,0,0,0,0,0,0,0,0,0,0,0,0,0,0,0,0,0,0,0,0,0,0,0,0,0,0,0,0,0,0,0,0,0,0,0,0,0,0,0,0,0,0
3201,0,0,0,0,0,0,0,0,0,0,0,0,0,0,0,0,0,0,0,0,0,0,0,0,0,0,0,0,0,0,0,0,0,0,0,0,0,0,0,0,0,0,0,0,0,0,0,0,0,0,0,0,0,0,0,0,0,0,0,0,0,0,0,0,0,0,0,0,0,0,0,0,0,0,0,0,0,0,0,0,0,0,0,0,0,0,0,0,0,0,0,0,0,0,0,0,0,0,0,0,0,0,0,0,0,0,0,0,0,0,0,0,0,0,0,0,0,0,0,0,0,0,0,0,0,0,0,0,0,0,0,0,0,0,0,0,0,0,0,0,0,0,0,0,0,0,0,0,0,0,0,0,0,0,0,0,0,0,0,0,0,0,0,0,0,0,0,0,0,0,0,0,0,0,0,0,0,0,0,0,0,0,0,0,0,0,0,0,0,0,0,0,0,0,0,0,0,0,0,0
3202,0,0,0,0,0,0,0,0,0,0,0,0,0,0,0,0,0,0,0,0,0,0,0,0,0,0,0,0,0,0,0,0,0,0,0,0,0,0,0,0,0,0,0,0,0,0,0,0,0,0,0,0,0,0,0,0,0,0,0,0,0,0,0,0,0,0,0,0,0,0,0,0,0,0,0,0,0,0,0,0,0,0,0,0,0,0,0,0,0,0,0,0,0,0,0,0,0,0,0,0,0,0,0,0,0,0,0,0,0,0,0,0,0,0,0,0,0,0,0,0,0,0,0,0,0,0,0,0,0,0,0,0,0,0,0,0,0,0,0,0,0,0,0,0,0,0,0,0,0,0,0,0,0,0,0,0,0,0,0,0,0,0,0,0,0,0,0,0,0,0,0,0,0,0,0,0,0,0,0,0,0,0,0,0,0,0,0,0,0,0,0,0,0,0,0,0,0,0,0,0
3203,0,0,0,0,0,0,0,0,0,0,0,0,0,0,0,0,0,0,0,0,0,0,0,0,0,0,0,0,0,0,0,0,0,0,0,0,0,0,0,0,0,0,0,0,0,0,0,0,0,0,0,0,0,0,0,0,0,0,0,0,0,0,0,0,0,0,0,0,0,0,0,0,0,0,0,0,0,0,0,0,0,0,0,0,0,0,0,0,0,0,0,0,0,0,0,0,0,0,0,0,0,0,0,0,0,0,0,0,0,0,0,0,0,0,0,0,0,0,0,0,0,0,0,0,0,0,0,0,0,0,0,0,0,0,0,0,0,0,0,0,0,0,0,0,0,0,0,0,0,0,0,0,0,0,0,0,0,0,0,0,0,0,0,0,0,0,0,0,0,0,0,0,0,0,0,0,0,0,0,0,0,0,0,0,0,0,0,0,0,0,0,0,0,0,0,0,0,0,0,0
3204,0,0,0,0,0,0,0,0,0,0,0,0,0,0,0,0,0,0,0,0,0,0,0,0,0,0,0,0,0,0,0,0,0,0,0,0,0,0,0,0,0,0,0,0,0,0,0,0,0,0,0,0,0,0,0,0,0,0,0,0,0,0,0,0,0,0,0,0,0,0,0,0,0,0,0,0,0,0,0,0,0,0,0,0,0,0,0,0,0,0,0,0,0,0,0,0,0,0,0,0,0,0,0,0,0,0,0,0,0,0,0,0,0,0,0,0,0,0,0,0,0,0,0,0,0,0,0,0,0,0,0,0,0,0,0,0,0,0,0,0,0,0,0,0,0,0,0,0,0,0,0,0,0,0,0,0,0,0,0,0,0,0,0,0,0,0,0,0,0,0,0,0,0,0,0,0,0,0,0,0,0,0,0,0,0,0,0,0,0,0,0,0,0,0,0,0,0,0,0,0
3205,0,0,0,0,0,0,0,0,0,0,0,0,0,0,0,0,0,0,0,0,0,0,0,0,0,0,0,0,0,0,0,0,0,0,0,0,0,0,0,0,0,0,0,0,0,0,0,0,0,0,0,0,0,0,0,0,0,0,0,0,0,0,0,0,0,0,0,0,0,0,0,0,0,0,0,0,0,0,0,0,0,0,0,0,0,0,0,0,0,0,0,0,0,0,0,0,0,0,0,0,0,0,0,0,0,0,0,0,0,0,0,0,0,0,0,0,0,0,0,0,0,0,0,0,0,0,0,0,0,0,0,0,0,0,0,0,0,0,0,0,0,0,0,0,0,0,0,0,0,0,0,0,0,0,0,0,0,0,0,0,0,0,0,0,0,0,0,0,0,0,0,0,0,0,0,0,0,0,0,0,0,0,0,0,0,0,0,0,0,0,0,0,0,0,0,0,0,0,0,0
3206,0,0,0,0,0,0,0,0,0,0,0,0,0,0,0,0,0,0,0,0,0,0,0,0,0,0,0,0,0,0,0,0,0,0,0,0,0,0,0,0,0,0,0,0,0,0,0,0,0,0,0,0,0,0,0,0,0,0,0,0,0,0,0,0,0,0,0,0,0,0,0,0,0,0,0,0,0,0,0,0,0,0,0,0,0,0,0,0,0,0,0,0,0,0,0,0,0,0,0,0,0,0,0,0,0,0,0,0,0,0,0,0,0,0,0,0,0,0,0,0,0,0,0,0,0,0,0,0,0,0,0,0,0,0,0,0,0,0,0,0,0,0,0,0,0,0,0,0,0,0,0,0,0,0,0,0,0,0,0,0,0,0,0,0,0,0,0,0,0,0,0,0,0,0,0,0,0,0,0,0,0,0,0,0,0,0,0,0,0,0,0,0,0,0,0,0,0,0,0,0
3207,0,0,0,0,0,0,0,0,0,0,0,0,0,0,0,0,0,0,0,0,0,0,0,0,0,0,0,0,0,0,0,0,0,0,0,0,0,0,0,0,0,0,0,0,0,0,0,0,0,0,0,0,0,0,0,0,0,0,0,0,0,0,0,0,0,0,0,0,0,0,0,0,0,0,0,0,0,0,0,0,0,0,0,0,0,0,0,0,0,0,0,0,0,0,0,0,0,0,0,0,0,0,0,0,0,0,0,0,0,0,0,0,0,0,0,0,0,0,0,0,0,0,0,0,0,0,0,0,0,0,0,0,0,0,0,0,0,0,0,0,0,0,0,0,0,0,0,0,0,0,0,0,0,0,0,0,0,0,0,0,0,0,0,0,0,0,0,0,0,0,0,0,0,0,0,0,0,0,0,0,0,0,0,0,0,0,0,0,0,0,0,0,0,0,0,0,0,0,0,0
3208,0,0,0,0,0,0,0,0,0,0,0,0,0,0,0,0,0,0,0,0,0,0,0,0,0,0,0,0,0,0,0,0,0,0,0,0,0,0,0,0,0,0,0,0,0,0,0,0,0,0,0,0,0,0,0,0,0,0,0,0,0,0,0,0,0,0,0,0,0,0,0,0,0,0,0,0,0,0,0,0,0,0,0,0,0,0,0,0,0,0,0,0,0,0,0,0,0,0,0,0,0,0,0,0,0,0,0,0,0,0,0,0,0,0,0,0,0,0,0,0,0,0,0,0,0,0,0,0,0,0,0,0,0,0,0,0,0,0,0,0,0,0,0,0,0,0,0,0,0,0,0,0,0,0,0,0,0,0,0,0,0,0,0,0,0,0,0,0,0,0,0,0,0,0,0,0,0,0,0,0,0,0,0,0,0,0,0,0,0,0,0,0,0,0,0,0,0,0,0,0
3209,0,0,0,0,0,0,0,0,0,0,0,0,0,0,0,0,0,0,0,0,0,0,0,0,0,0,0,0,0,0,0,0,0,0,0,0,0,0,0,0,0,0,0,0,0,0,0,0,0,0,0,0,0,0,0,0,0,0,0,0,0,0,0,0,0,0,0,0,0,0,0,0,0,0,0,0,0,0,0,0,0,0,0,0,0,0,0,0,0,0,0,0,0,0,0,0,0,0,0,0,0,0,0,0,0,0,0,0,0,0,0,0,0,0,0,0,0,0,0,0,0,0,0,0,0,0,0,0,0,0,0,0,0,0,0,0,0,0,0,0,0,0,0,0,0,0,0,0,0,0,0,0,0,0,0,0,0,0,0,0,0,0,0,0,0,0,0,0,0,0,0,0,0,0,0,0,0,0,0,0,0,0,0,0,0,0,0,0,0,0,0,0,0,0,0,0,0,0,0,0
3210,0,0,0,0,0,0,0,0,0,0,0,0,0,0,0,0,0,0,0,0,0,0,0,0,0,0,0,0,0,0,0,0,0,0,0,0,0,0,0,0,0,0,0,0,0,0,0,0,0,0,0,0,0,0,0,0,0,0,0,0,0,0,0,0,0,0,0,0,0,0,0,0,0,0,0,0,0,0,0,0,0,0,0,0,0,0,0,0,0,0,0,0,0,0,0,0,0,0,0,0,0,0,0,0,0,0,0,0,0,0,0,0,0,0,0,0,0,0,0,0,0,0,0,0,0,0,0,0,0,0,0,0,0,0,0,0,0,0,0,0,0,0,0,0,0,0,0,0,0,0,0,0,0,0,0,0,0,0,0,0,0,0,0,0,0,0,0,0,0,0,0,0,0,0,0,0,0,0,0,0,0,0,0,0,0,0,0,0,0,0,0,0,0,0,0,0,0,0,0,0
3211,0,0,0,0,0,0,0,0,0,0,0,0,0,0,0,0,0,0,0,0,0,0,0,0,0,0,0,0,0,0,0,0,0,0,0,0,0,0,0,0,0,0,0,0,0,0,0,0,0,0,0,0,0,0,0,0,0,0,0,0,0,0,0,0,0,0,0,0,0,0,0,0,0,0,0,0,0,0,0,0,0,0,0,0,0,0,0,0,0,0,0,0,0,0,0,0,0,0,0,0,0,0,0,0,0,0,0,0,0,0,0,0,0,0,0,0,0,0,0,0,0,0,0,0,0,0,0,0,0,0,0,0,0,0,0,0,0,0,0,0,0,0,0,0,0,0,0,0,0,0,0,0,0,0,0,0,0,0,0,0,0,0,0,0,0,0,0,0,0,0,0,0,0,0,0,0,0,0,0,0,0,0,0,0,0,0,0,0,0,0,0,0,0,0,0,0,0,0,0,0
3212,0,0,0,0,0,0,0,0,0,0,0,0,0,0,0,0,0,0,0,0,0,0,0,0,0,0,0,0,0,0,0,0,0,0,0,0,0,0,0,0,0,0,0,0,0,0,0,0,0,0,0,0,0,0,0,0,0,0,0,0,0,0,0,0,0,0,0,0,0,0,0,0,0,0,0,0,0,0,0,0,0,0,0,0,0,0,0,0,0,0,0,0,0,0,0,0,0,0,0,0,0,0,0,0,0,0,0,0,0,0,0,0,0,0,0,0,0,0,0,0,0,0,0,0,0,0,0,0,0,0,0,0,0,0,0,0,0,0,0,0,0,0,0,0,0,0,0,0,0,0,0,0,0,0,0,0,0,0,0,0,0,0,0,0,0,0,0,0,0,0,0,0,0,0,0,0,0,0,0,0,0,0,0,0,0,0,0,0,0,0,0,0,0,0,0,0,0,0,0,0
3213,0,0,0,0,0,0,0,0,0,0,0,0,0,0,0,0,0,0,0,0,0,0,0,0,0,0,0,0,0,0,0,0,0,0,0,0,0,0,0,0,0,0,0,0,0,0,0,0,0,0,0,0,0,0,0,0,0,0,0,0,0,0,0,0,0,0,0,0,0,0,0,0,0,0,0,0,0,0,0,0,0,0,0,0,0,0,0,0,0,0,0,0,0,0,0,0,0,0,0,0,0,0,0,0,0,0,0,0,0,0,0,0,0,0,0,0,0,0,0,0,0,0,0,0,0,0,0,0,0,0,0,0,0,0,0,0,0,0,0,0,0,0,0,0,0,0,0,0,0,0,0,0,0,0,0,0,0,0,0,0,0,0,0,0,0,0,0,0,0,0,0,0,0,0,0,0,0,0,0,0,0,0,0,0,0,0,0,0,0,0,0,0,0,0,0,0,0,0,0,0
3214,0,0,0,0,0,0,0,0,0,0,0,0,0,0,0,0,0,0,0,0,0,0,0,0,0,0,0,0,0,0,0,0,0,0,0,0,0,0,0,0,0,0,0,0,0,0,0,0,0,0,0,0,0,0,0,0,0,0,0,0,0,0,0,0,0,0,0,0,0,0,0,0,0,0,0,0,0,0,0,0,0,0,0,0,0,0,0,0,0,0,0,0,0,0,0,0,0,0,0,0,0,0,0,0,0,0,0,0,0,0,0,0,0,0,0,0,0,0,0,0,0,0,0,0,0,0,0,0,0,0,0,0,0,0,0,0,0,0,0,0,0,0,0,0,0,0,0,0,0,0,0,0,0,0,0,0,0,0,0,0,0,0,0,0,0,0,0,0,0,0,0,0,0,0,0,0,0,0,0,0,0,0,0,0,0,0,0,0,0,0,0,0,0,0,0,0,0,0,0,0
3215,0,0,0,0,0,0,0,0,0,0,0,0,0,0,0,0,0,0,0,0,0,0,0,0,0,0,0,0,0,0,0,0,0,0,0,0,0,0,0,0,0,0,0,0,0,0,0,0,0,0,0,0,0,0,0,0,0,0,0,0,0,0,0,0,0,0,0,0,0,0,0,0,0,0,0,0,0,0,0,0,0,0,0,0,0,0,0,0,0,0,0,0,0,0,0,0,0,0,0,0,0,0,0,0,0,0,0,0,0,0,0,0,0,0,0,0,0,0,0,0,0,0,0,0,0,0,0,0,0,0,0,0,0,0,0,0,0,0,0,0,0,0,0,0,0,0,0,0,0,0,0,0,0,0,0,0,0,0,0,0,0,0,0,0,0,0,0,0,0,0,0,0,0,0,0,0,0,0,0,0,0,0,0,0,0,0,0,0,0,0,0,0,0,0,0,0,0,0,0,0
3216,0,0,0,0,0,0,0,0,0,0,0,0,0,0,0,0,0,0,0,0,0,0,0,0,0,0,0,0,0,0,0,0,0,0,0,0,0,0,0,0,0,0,0,0,0,0,0,0,0,0,0,0,0,0,0,0,0,0,0,0,0,0,0,0,0,0,0,0,0,0,0,0,0,0,0,0,0,0,0,0,0,0,0,0,0,0,0,0,0,0,0,0,0,0,0,0,0,0,0,0,0,0,0,0,0,0,0,0,0,0,0,0,0,0,0,0,0,0,0,0,0,0,0,0,0,0,0,0,0,0,0,0,0,0,0,0,0,0,0,0,0,0,0,0,0,0,0,0,0,0,0,0,0,0,0,0,0,0,0,0,0,0,0,0,0,0,0,0,0,0,0,0,0,0,0,0,0,0,0,0,0,0,0,0,0,0,0,0,0,0,0,0,0,0,0,0,0,0,0,0
3217,0,0,0,0,0,0,0,0,0,0,0,0,0,0,0,0,0,0,0,0,0,0,0,0,0,0,0,0,0,0,0,0,0,0,0,0,0,0,0,0,0,0,0,0,0,0,0,0,0,0,0,0,0,0,0,0,0,0,0,0,0,0,0,0,0,0,0,0,0,0,0,0,0,0,0,0,0,0,0,0,0,0,0,0,0,0,0,0,0,0,0,0,0,0,0,0,0,0,0,0,0,0,0,0,0,0,0,0,0,0,0,0,0,0,0,0,0,0,0,0,0,0,0,0,0,0,0,0,0,0,0,0,0,0,0,0,0,0,0,0,0,0,0,0,0,0,0,0,0,0,0,0,0,0,0,0,0,0,0,0,0,0,0,0,0,0,0,0,0,0,0,0,0,0,0,0,0,0,0,0,0,0,0,0,0,0,0,0,0,0,0,0,0,0,0,0,0,0,0,0
3218,0,0,0,0,0,0,0,0,0,0,0,0,0,0,0,0,0,0,0,0,0,0,0,0,0,0,0,0,0,0,0,0,0,0,0,0,0,0,0,0,0,0,0,0,0,0,0,0,0,0,0,0,0,0,0,0,0,0,0,0,0,0,0,0,0,0,0,0,0,0,0,0,0,0,0,0,0,0,0,0,0,0,0,0,0,0,0,0,0,0,0,0,0,0,0,0,0,0,0,0,0,0,0,0,0,0,0,0,0,0,0,0,0,0,0,0,0,0,0,0,0,0,0,0,0,0,0,0,0,0,0,0,0,0,0,0,0,0,0,0,0,0,0,0,0,0,0,0,0,0,0,0,0,0,0,0,0,0,0,0,0,0,0,0,0,0,0,0,0,0,0,0,0,0,0,0,0,0,0,0,0,0,0,0,0,0,0,0,0,0,0,0,0,0,0,0,0,0,0,0
3219,0,0,0,0,0,0,0,0,0,0,0,0,0,0,0,0,0,0,0,0,0,0,0,0,0,0,0,0,0,0,0,0,0,0,0,0,0,0,0,0,0,0,0,0,0,0,0,0,0,0,0,0,0,0,0,0,0,0,0,0,0,0,0,0,0,0,0,0,0,0,0,0,0,0,0,0,0,0,0,0,0,0,0,0,0,0,0,0,0,0,0,0,0,0,0,0,0,0,0,0,0,0,0,0,0,0,0,0,0,0,0,0,0,0,0,0,0,0,0,0,0,0,0,0,0,0,0,0,0,0,0,0,0,0,0,0,0,0,0,0,0,0,0,0,0,0,0,0,0,0,0,0,0,0,0,0,0,0,0,0,0,0,0,0,0,0,0,0,0,0,0,0,0,0,0,0,0,0,0,0,0,0,0,0,0,0,0,0,0,0,0,0,0,0,0,0,0,0,0,0
3220,0,0,0,0,0,0,0,0,0,0,0,0,0,0,0,0,0,0,0,0,0,0,0,0,0,0,0,0,0,0,0,0,0,0,0,0,0,0,0,0,0,0,0,0,0,0,0,0,0,0,0,0,0,0,0,0,0,0,0,0,0,0,0,0,0,0,0,0,0,0,0,0,0,0,0,0,0,0,0,0,0,0,0,0,0,0,0,0,0,0,0,0,0,0,0,0,0,0,0,0,0,0,0,0,0,0,0,0,0,0,0,0,0,0,0,0,0,0,0,0,0,0,0,0,0,0,0,0,0,0,0,0,0,0,0,0,0,0,0,0,0,0,0,0,0,0,0,0,0,0,0,0,0,0,0,0,0,0,0,0,0,0,0,0,0,0,0,0,0,0,0,0,0,0,0,0,0,0,0,0,0,0,0,0,0,0,0,0,0,0,0,0,0,0,0,0,0,0,0,0
3221,0,0,0,0,0,0,0,0,0,0,0,0,0,0,0,0,0,0,0,0,0,0,0,0,0,0,0,0,0,0,0,0,0,0,0,0,0,0,0,0,0,0,0,0,0,0,0,0,0,0,0,0,0,0,0,0,0,0,0,0,0,0,0,0,0,0,0,0,0,0,0,0,0,0,0,0,0,0,0,0,0,0,0,0,0,0,0,0,0,0,0,0,0,0,0,0,0,0,0,0,0,0,0,0,0,0,0,0,0,0,0,0,0,0,0,0,0,0,0,0,0,0,0,0,0,0,0,0,0,0,0,0,0,0,0,0,0,0,0,0,0,0,0,0,0,0,0,0,0,0,0,0,0,0,0,0,0,0,0,0,0,0,0,0,0,0,0,0,0,0,0,0,0,0,0,0,0,0,0,0,0,0,0,0,0,0,0,0,0,0,0,0,0,0,0,0,0,0,0,0
3222,0,0,0,0,0,0,0,0,0,0,0,0,0,0,0,0,0,0,0,0,0,0,0,0,0,0,0,0,0,0,0,0,0,0,0,0,0,0,0,0,0,0,0,0,0,0,0,0,0,0,0,0,0,0,0,0,0,0,0,0,0,0,0,0,0,0,0,0,0,0,0,0,0,0,0,0,0,0,0,0,0,0,0,0,0,0,0,0,0,0,0,0,0,0,0,0,0,0,0,0,0,0,0,0,0,0,0,0,0,0,0,0,0,0,0,0,0,0,0,0,0,0,0,0,0,0,0,0,0,0,0,0,0,0,0,0,0,0,0,0,0,0,0,0,0,0,0,0,0,0,0,0,0,0,0,0,0,0,0,0,0,0,0,0,0,0,0,0,0,0,0,0,0,0,0,0,0,0,0,0,0,0,0,0,0,0,0,0,0,0,0,0,0,0,0,0,0,0,0,0
3223,0,0,0,0,0,0,0,0,0,0,0,0,0,0,0,0,0,0,0,0,0,0,0,0,0,0,0,0,0,0,0,0,0,0,0,0,0,0,0,0,0,0,0,0,0,0,0,0,0,0,0,0,0,0,0,0,0,0,0,0,0,0,0,0,0,0,0,0,0,0,0,0,0,0,0,0,0,0,0,0,0,0,0,0,0,0,0,0,0,0,0,0,0,0,0,0,0,0,0,0,0,0,0,0,0,0,0,0,0,0,0,0,0,0,0,0,0,0,0,0,0,0,0,0,0,0,0,0,0,0,0,0,0,0,0,0,0,0,0,0,0,0,0,0,0,0,0,0,0,0,0,0,0,0,0,0,0,0,0,0,0,0,0,0,0,0,0,0,0,0,0,0,0,0,0,0,0,0,0,0,0,0,0,0,0,0,0,0,0,0,0,0,0,0,0,0,0,0,0,0
3224,0,0,0,0,0,0,0,0,0,0,0,0,0,0,0,0,0,0,0,0,0,0,0,0,0,0,0,0,0,0,0,0,0,0,0,0,0,0,0,0,0,0,0,0,0,0,0,0,0,0,0,0,0,0,0,0,0,0,0,0,0,0,0,0,0,0,0,0,0,0,0,0,0,0,0,0,0,0,0,0,0,0,0,0,0,0,0,0,0,0,0,0,0,0,0,0,0,0,0,0,0,0,0,0,0,0,0,0,0,0,0,0,0,0,0,0,0,0,0,0,0,0,0,0,0,0,0,0,0,0,0,0,0,0,0,0,0,0,0,0,0,0,0,0,0,0,0,0,0,0,0,0,0,0,0,0,0,0,0,0,0,0,0,0,0,0,0,0,0,0,0,0,0,0,0,0,0,0,0,0,0,0,0,0,0,0,0,0,0,0,0,0,0,0,0,0,0,0,0,0
3225,0,0,0,0,0,0,0,0,0,0,0,0,0,0,0,0,0,0,0,0,0,0,0,0,0,0,0,0,0,0,0,0,0,0,0,0,0,0,0,0,0,0,0,0,0,0,0,0,0,0,0,0,0,0,0,0,0,0,0,0,0,0,0,0,0,0,0,0,0,0,0,0,0,0,0,0,0,0,0,0,0,0,0,0,0,0,0,0,0,0,0,0,0,0,0,0,0,0,0,0,0,0,0,0,0,0,0,0,0,0,0,0,0,0,0,0,0,0,0,0,0,0,0,0,0,0,0,0,0,0,0,0,0,0,0,0,0,0,0,0,0,0,0,0,0,0,0,0,0,0,0,0,0,0,0,0,0,0,0,0,0,0,0,0,0,0,0,0,0,0,0,0,0,0,0,0,0,0,0,0,0,0,0,0,0,0,0,0,0,0,0,0,0,0,0,0,0,0,0,0
3226,0,0,0,0,0,0,0,0,0,0,0,0,0,0,0,0,0,0,0,0,0,0,0,0,0,0,0,0,0,0,0,0,0,0,0,0,0,0,0,0,0,0,0,0,0,0,0,0,0,0,0,0,0,0,0,0,0,0,0,0,0,0,0,0,0,0,0,0,0,0,0,0,0,0,0,0,0,0,0,0,0,0,0,0,0,0,0,0,0,0,0,0,0,0,0,0,0,0,0,0,0,0,0,0,0,0,0,0,0,0,0,0,0,0,0,0,0,0,0,0,0,0,0,0,0,0,0,0,0,0,0,0,0,0,0,0,0,0,0,0,0,0,0,0,0,0,0,0,0,0,0,0,0,0,0,0,0,0,0,0,0,0,0,0,0,0,0,0,0,0,0,0,0,0,0,0,0,0,0,0,0,0,0,0,0,0,0,0,0,0,0,0,0,0,0,0,0,0,0,0
3227,0,0,0,0,0,0,0,0,0,0,0,0,0,0,0,0,0,0,0,0,0,0,0,0,0,0,0,0,0,0,0,0,0,0,0,0,0,0,0,0,0,0,0,0,0,0,0,0,0,0,0,0,0,0,0,0,0,0,0,0,0,0,0,0,0,0,0,0,0,0,0,0,0,0,0,0,0,0,0,0,0,0,0,0,0,0,0,0,0,0,0,0,0,0,0,0,0,0,0,0,0,0,0,0,0,0,0,0,0,0,0,0,0,0,0,0,0,0,0,0,0,0,0,0,0,0,0,0,0,0,0,0,0,0,0,0,0,0,0,0,0,0,0,0,0,0,0,0,0,0,0,0,0,0,0,0,0,0,0,0,0,0,0,0,0,0,0,0,0,0,0,0,0,0,0,0,0,0,0,0,0,0,0,0,0,0,0,0,0,0,0,0,0,0,0,0,0,0,0,0
3228,0,0,0,0,0,0,0,0,0,0,0,0,0,0,0,0,0,0,0,0,0,0,0,0,0,0,0,0,0,0,0,0,0,0,0,0,0,0,0,0,0,0,0,0,0,0,0,0,0,0,0,0,0,0,0,0,0,0,0,0,0,0,0,0,0,0,0,0,0,0,0,0,0,0,0,0,0,0,0,0,0,0,0,0,0,0,0,0,0,0,0,0,0,0,0,0,0,0,0,0,0,0,0,0,0,0,0,0,0,0,0,0,0,0,0,0,0,0,0,0,0,0,0,0,0,0,0,0,0,0,0,0,0,0,0,0,0,0,0,0,0,0,0,0,0,0,0,0,0,0,0,0,0,0,0,0,0,0,0,0,0,0,0,0,0,0,0,0,0,0,0,0,0,0,0,0,0,0,0,0,0,0,0,0,0,0,0,0,0,0,0,0,0,0,0,0,0,0,0,0
3229,0,0,0,0,0,0,0,0,0,0,0,0,0,0,0,0,0,0,0,0,0,0,0,0,0,0,0,0,0,0,0,0,0,0,0,0,0,0,0,0,0,0,0,0,0,0,0,0,0,0,0,0,0,0,0,0,0,0,0,0,0,0,0,0,0,0,0,0,0,0,0,0,0,0,0,0,0,0,0,0,0,0,0,0,0,0,0,0,0,0,0,0,0,0,0,0,0,0,0,0,0,0,0,0,0,0,0,0,0,0,0,0,0,0,0,0,0,0,0,0,0,0,0,0,0,0,0,0,0,0,0,0,0,0,0,0,0,0,0,0,0,0,0,0,0,0,0,0,0,0,0,0,0,0,0,0,0,0,0,0,0,0,0,0,0,0,0,0,0,0,0,0,0,0,0,0,0,0,0,0,0,0,0,0,0,0,0,0,0,0,0,0,0,0,0,0,0,0,0,0
3230,0,0,0,0,0,0,0,0,0,0,0,0,0,0,0,0,0,0,0,0,0,0,0,0,0,0,0,0,0,0,0,0,0,0,0,0,0,0,0,0,0,0,0,0,0,0,0,0,0,0,0,0,0,0,0,0,0,0,0,0,0,0,0,0,0,0,0,0,0,0,0,0,0,0,0,0,0,0,0,0,0,0,0,0,0,0,0,0,0,0,0,0,0,0,0,0,0,0,0,0,0,0,0,0,0,0,0,0,0,0,0,0,0,0,0,0,0,0,0,0,0,0,0,0,0,0,0,0,0,0,0,0,0,0,0,0,0,0,0,0,0,0,0,0,0,0,0,0,0,0,0,0,0,0,0,0,0,0,0,0,0,0,0,0,0,0,0,0,0,0,0,0,0,0,0,0,0,0,0,0,0,0,0,0,0,0,0,0,0,0,0,0,0,0,0,0,0,0,0,0
3231,0,0,0,0,0,0,0,0,0,0,0,0,0,0,0,0,0,0,0,0,0,0,0,0,0,0,0,0,0,0,0,0,0,0,0,0,0,0,0,0,0,0,0,0,0,0,0,0,0,0,0,0,0,0,0,0,0,0,0,0,0,0,0,0,0,0,0,0,0,0,0,0,0,0,0,0,0,0,0,0,0,0,0,0,0,0,0,0,0,0,0,0,0,0,0,0,0,0,0,0,0,0,0,0,0,0,0,0,0,0,0,0,0,0,0,0,0,0,0,0,0,0,0,0,0,0,0,0,0,0,0,0,0,0,0,0,0,0,0,0,0,0,0,0,0,0,0,0,0,0,0,0,0,0,0,0,0,0,0,0,0,0,0,0,0,0,0,0,0,0,0,0,0,0,0,0,0,0,0,0,0,0,0,0,0,0,0,0,0,0,0,0,0,0,0,0,0,0,0,0
3232,0,0,0,0,0,0,0,0,0,0,0,0,0,0,0,0,0,0,0,0,0,0,0,0,0,0,0,0,0,0,0,0,0,0,0,0,0,0,0,0,0,0,0,0,0,0,0,0,0,0,0,0,0,0,0,0,0,0,0,0,0,0,0,0,0,0,0,0,0,0,0,0,0,0,0,0,0,0,0,0,0,0,0,0,0,0,0,0,0,0,0,0,0,0,0,0,0,0,0,0,0,0,0,0,0,0,0,0,0,0,0,0,0,0,0,0,0,0,0,0,0,0,0,0,0,0,0,0,0,0,0,0,0,0,0,0,0,0,0,0,0,0,0,0,0,0,0,0,0,0,0,0,0,0,0,0,0,0,0,0,0,0,0,0,0,0,0,0,0,0,0,0,0,0,0,0,0,0,0,0,0,0,0,0,0,0,0,0,0,0,0,0,0,0,0,0,0,0,0,0
3233,0,0,0,0,0,0,0,0,0,0,0,0,0,0,0,0,0,0,0,0,0,0,0,0,0,0,0,0,0,0,0,0,0,0,0,0,0,0,0,0,0,0,0,0,0,0,0,0,0,0,0,0,0,0,0,0,0,0,0,0,0,0,0,0,0,0,0,0,0,0,0,0,0,0,0,0,0,0,0,0,0,0,0,0,0,0,0,0,0,0,0,0,0,0,0,0,0,0,0,0,0,0,0,0,0,0,0,0,0,0,0,0,0,0,0,0,0,0,0,0,0,0,0,0,0,0,0,0,0,0,0,0,0,0,0,0,0,0,0,0,0,0,0,0,0,0,0,0,0,0,0,0,0,0,0,0,0,0,0,0,0,0,0,0,0,0,0,0,0,0,0,0,0,0,0,0,0,0,0,0,0,0,0,0,0,0,0,0,0,0,0,0,0,0,0,0,0,0,0,0
3234,0,0,0,0,0.0000000000,0,0,0,0,0,0,0,0,0,0,0,0,0,0,0,0,0,0,0,0,0,0,0,0,0,0,0,0,0,0,0,0,0,0,0,0,0,0,0,0,0,0,0,0,0,0,0,0,0,0,0,0,0,0,0,0,0,0,0,0,0,0,0,0,0,0,0,0,0,0,0,0,0,0,0,0,0,0,0,0,0,0,0,0,0,0,0,0,0,0,0,0,0,0,0,0,0,0,0,0,0,0,0,0,0,0,0,0,0,0,0,0,0,0,0,0,0,0,0,0,0,0,0,0,0,0,0,0,0,0,0,0,0,0,0,0,0,0,0,0,0,0,0,0,0,0,0,0,0,0,0,0,0,0,0,0,0,0,0,0,0,0,0,0,0,0,0,0,0,0,0,0,0,0,0,0,0,0,0,0,0,0,0,0,0,0,0,0,0,0,0,0,0,0,0
3235,0,0,0,0,0,0,0,0,0,0,0,0,0,0,0,0,0,0,0,0,0,0,0,0,0,0,0,0,0,0,0,0,0,0,0,0,0,0,0,0,0,0,0,0,0,0,0,0,0,0,0,0,0,0,0,0,0,0,0,0,0,0,0,0,0,0,0,0,0,0,0,0,0,0,0,0,0,0,0,0,0,0,0,0,0,0,0,0,0,0,0,0,0,0,0,0,0,0,0,0,0,0,0,0,0,0,0,0,0,0,0,0,0,0,0,0,0,0,0,0,0,0,0,0,0,0,0,0,0,0,0,0,0,0,0,0,0,0,0,0,0,0,0,0,0,0,0,0,0,0,0,0,0,0,0,0,0,0,0,0,0,0,0,0,0,0,0,0,0,0,0,0,0,0,0,0,0,0,0,0,0,0,0,0,0,0,0,0,0,0,0,0,0,0,0,0,0,0,0,0
3236,0,0,0,0,0,0,0,0,0,0,0,0,0,0,0,0,0,0,0,0,0,0,0,0,0,0,0,0,0,0,0,0,0,0,0,0,0,0,0,0,0,0,0,0,0,0,0,0,0,0,0,0,0,0,0,0,0,0,0,0,0,0,0,0,0,0,0,0,0,0,0,0,0,0,0,0,0,0,0,0,0,0,0,0,0,0,0,0,0,0,0,0,0,0,0,0,0,0,0,0,0,0,0,0,0,0,0,0,0,0,0,0,0,0,0,0,0,0,0,0,0,0,0,0,0,0,0,0,0,0,0,0,0,0,0,0,0,0,0,0,0,0,0,0,0,0,0,0,0,0,0,0,0,0,0,0,0,0,0,0,0,0,0,0,0,0,0,0,0,0,0,0,0,0,0,0,0,0,0,0,0,0,0,0,0,0,0,0,0,0,0,0,0,0,0,0,0,0,0,0
3237,0,0,0,0,0,0,0,0,0,0,0,0,0,0,0,0,0,0,0,0,0,0,0,0,0,0,0,0,0,0,0,0,0,0,0,0,0,0,0,0,0,0,0,0,0,0,0,0,0,0,0,0,0,0,0,0,0,0,0,0,0,0,0,0,0,0,0,0,0,0,0,0,0,0,0,0,0,0,0,0,0,0,0,0,0,0,0,0,0,0,0,0,0,0,0,0,0,0,0,0,0,0,0,0,0,0,0,0,0,0,0,0,0,0,0,0,0,0,0,0,0,0,0,0,0,0,0,0,0,0,0,0,0,0,0,0,0,0,0,0,0,0,0,0,0,0,0,0,0,0,0,0,0,0,0,0,0,0,0,0,0,0,0,0,0,0,0,0,0,0,0,0,0,0,0,0,0,0,0,0,0,0,0,0,0,0,0,0,0,0,0,0,0,0,0,0,0,0,0,0
3238,0,0,0,0,0,0,0,0,0,0,0,0,0,0,0,0,0,0,0,0,0,0,0,0,0,0,0,0,0,0,0,0,0,0,0,0,0,0,0,0,0,0,0,0,0,0,0,0,0,0,0,0,0,0,0,0,0,0,0,0,0,0,0,0,0,0,0,0,0,0,0,0,0,0,0,0,0,0,0,0,0,0,0,0,0,0,0,0,0,0,0,0,0,0,0,0,0,0,0,0,0,0,0,0,0,0,0,0,0,0,0,0,0,0,0,0,0,0,0,0,0,0,0,0,0,0,0,0,0,0,0,0,0,0,0,0,0,0,0,0,0,0,0,0,0,0,0,0,0,0,0,0,0,0,0,0,0,0,0,0,0,0,0,0,0,0,0,0,0,0,0,0.0000000000,0,0,0,0,0,0,0,0,0,0,0,0,0,0,0,0,0,0,0,0,0,0,0,0,0,0,0,0
3239,0,0,0,0,0,0,0,0,0,0,0,0,0,0,0,0,0,0,0,0,0,0,0,0,0,0,0,0,0,0,0,0,0,0,0,0,0,0,0,0,0,0,0,0,0,0,0,0,0,0,0,0,0,0,0,0,0,0,0,0,0,0,0,0,0,0,0,0,0,0,0,0,0,0,0,0,0,0,0,0,0,0,0,0,0,0,0,0,0,0,0,0,0,0,0,0,0,0,0,0,0,0,0,0,0,0,0,0,0,0,0,0,0,0,0,0,0,0,0,0,0,0,0,0,0,0,0,0,0,0,0,0,0,0,0,0,0,0,0,0,0,0,0,0,0,0,0,0,0,0,0,0,0,0,0,0,0,0,0,0,0,0,0,0,0,0,0,0,0,0,0,0,0,0,0,0,0,0,0,0,0,0,0,0,0,0,0,0,0,0,0,0,0,0,0,0,0,0,0,0
3240,0,0,0,0,0,0,0,0,0,0,0,0,0,0,0,0,0,0,0,0,0,0,0,0,0,0,0,0,0,0,0,0,0,0,0,0,0,0,0,0,0,0,0,0,0,0,0,0,0,0,0,0,0,0,0,0,0,0,0,0,0,0,0,0,0,0,0,0,0,0,0,0,0,0,0,0,0,0,0,0,0,0,0,0,0,0,0,0,0,0,0,0,0,0,0,0,0,0,0,0,0,0,0,0,0,0,0,0,0,0,0,0,0,0,0,0,0,0,0,0,0,0,0,0,0,0,0,0,0,0,0,0,0,0,0,0,0,0,0,0,0,0,0,0,0,0,0,0,0,0,0,0,0,0,0,0,0,0,0,0,0,0,0,0,0,0,0,0,0,0,0,0,0,0,0,0,0,0,0,0,0,0,0,0,0,0,0,0,0,0,0,0,0,0,0,0,0,0,0,0
3241,0,0,0,0,0,0,0,0,0,0,0,0,0,0,0,0,0,0,0,0,0,0,0,0,0,0,0,0,0,0,0,0,0,0,0,0,0,0,0,0,0,0,0,0,0,0,0,0,0,0,0,0,0,0,0,0,0,0,0,0,0,0,0,0,0,0,0,0,0,0,0,0,0,0,0,0,0,0,0,0,0,0,0,0,0,0,0,0,0,0,0,0,0,0,0,0,0,0,0,0,0,0,0,0,0,0,0,0,0,0,0,0,0,0,0,0,0,0,0,0,0,0,0,0,0,0,0,0,0,0,0,0,0,0,0,0,0,0,0,0,0,0,0,0,0,0,0,0,0,0,0,0,0,0,0,0,0,0,0,0,0,0,0,0,0,0,0,0,0,0,0,0,0,0,0,0,0,0,0,0,0,0,0,0,0,0,0,0,0,0,0,0,0,0,0,0,0,0,0,0
3242,0,0,0,0,0,0,0,0,0,0,0,0,0,0,0,0,0,0,0,0,0,0,0,0,0,0,0,0,0,0,0,0,0,0,0,0,0,0,0,0,0,0,0,0,0,0,0,0,0,0,0,0,0,0,0,0,0,0,0,0,0,0,0,0,0,0,0,0,0,0,0,0,0,0,0,0,0,0,0,0,0,0,0,0,0,0,0,0,0,0,0,0,0,0,0,0,0,0,0,0,0,0,0,0,0,0,0,0,0,0,0,0,0,0,0,0,0,0,0,0,0,0,0,0,0,0,0,0,0,0,0,0,0,0,0,0,0,0,0,0,0,0,0,0,0,0,0,0,0,0,0,0,0,0,0,0,0,0,0,0,0,0,0,0,0,0,0,0,0,0,0,0,0,0,0,0,0,0,0,0,0,0,0,0,0,0,0,0,0,0,0,0,0,0,0,0,0,0,0,0
3243,0,0,0,0,0,0,0,0,0,0,0,0,0,0,0,0,0,0,0,0,0,0,0,0,0,0,0,0,0,0,0,0,0,0,0,0,0,0,0,0,0,0,0,0,0,0,0,0,0,0,0,0,0,0,0,0,0,0,0,0,0,0,0,0,0,0,0,0,0,0,0,0,0,0,0,0,0,0,0,0,0,0,0,0,0,0,0,0,0,0,0,0,0,0,0,0,0,0,0,0,0,0,0,0,0,0,0,0,0,0,0,0,0,0,0,0,0,0,0,0,0,0,0,0,0,0,0,0,0,0,0,0,0,0,0,0,0,0,0,0,0,0,0,0,0,0,0,0,0,0,0,0,0,0,0,0,0,0,0,0,0,0,0,0,0,0,0,0,0,0,0,0,0,0,0,0,0,0,0,0,0,0,0,0,0,0,0,0,0,0,0,0,0,0,0,0,0,0,0,0
3244,0,0,0,0,0,0,0,0,0,0,0,0,0,0,0,0,0,0,0,0,0,0,0,0,0,0,0,0,0,0,0,0,0,0,0,0,0,0,0,0,0,0,0,0,0,0,0,0,0,0,0,0,0,0,0,0,0,0,0,0,0,0,0,0,0,0,0,0,0,0,0,0,0,0,0,0,0,0,0,0,0,0,0,0,0,0,0,0,0,0,0,0,0,0,0,0,0,0,0,0,0,0,0,0,0,0,0,0,0,0,0,0,0,0,0,0,0,0,0,0,0,0,0,0,0,0,0,0,0,0,0,0,0,0,0,0,0,0,0,0,0,0,0,0,0,0,0,0,0,0,0,0,0,0,0,0,0,0,0,0,0,0,0,0,0,0,0,0,0,0,0,0,0,0,0,0,0,0,0,0,0,0,0,0,0,0,0,0,0,0,0,0,0,0,0,0,0,0,0,0
3245,0,0,0,0,0,0,0,0,0,0,0,0,0,0,0,0,0,0,0,0,0,0,0,0,0,0,0,0,0,0,0,0,0,0,0,0,0,0,0,0,0,0,0,0,0,0,0,0,0,0,0,0,0,0,0,0,0,0,0,0,0,0,0,0,0,0,0,0,0,0,0,0,0,0,0,0,0,0,0,0,0,0,0,0,0,0,0,0,0,0,0,0,0,0,0,0,0,0,0,0,0,0,0,0,0,0,0,0,0,0,0,0,0,0,0,0,0,0,0,0,0,0,0,0,0,0,0,0,0,0,0,0,0,0,0,0,0,0,0,0,0,0,0,0,0,0,0,0,0,0,0,0,0,0,0,0,0,0,0,0,0,0,0,0,0,0,0,0,0,0,0,0,0,0,0,0,0,0,0,0,0,0,0,0,0,0,0,0,0,0,0,0,0,0,0,0,0,0,0,0
3246,0,0,0,0,0,0,0,0,0,0,0,0,0,0,0,0,0,0,0,0,0,0,0,0,0,0,0,0,0,0,0,0,0,0,0,0,0,0,0,0,0,0,0,0,0,0,0,0,0,0,0,0,0,0,0,0,0,0,0,0,0,0,0,0,0,0,0,0,0,0,0,0,0,0,0,0,0,0,0,0,0,0,0,0,0,0,0,0,0,0,0,0,0,0,0,0,0,0,0,0,0,0,0,0,0,0,0,0,0,0,0,0,0,0,0,0,0,0,0,0,0,0,0,0,0,0,0,0,0,0,0,0,0,0,0,0,0,0,0,0,0,0,0,0,0,0,0,0,0,0,0,0,0,0,0,0,0,0,0,0,0,0,0,0,0,0,0,0,0,0,0,0,0,0,0,0,0,0,0,0,0,0,0,0,0,0,0,0,0,0,0,0,0,0,0,0,0,0,0,0
3247,0,0,0,0,0,0,0,0,0,0,0,0,0,0,0,0,0,0,0,0,0,0,0,0,0,0,0,0,0,0,0,0,0,0,0,0,0,0,0,0,0,0,0,0,0,0,0,0,0,0,0,0,0,0,0,0,0,0,0,0,0,0,0,0,0,0,0,0,0,0,0,0,0,0,0,0,0,0,0,0,0,0,0,0,0,0,0,0,0,0,0,0,0,0,0,0,0,0,0,0,0,0,0,0,0,0,0,0,0,0,0,0,0,0,0,0,0,0,0,0,0,0,0,0,0,0,0,0,0,0,0,0,0,0,0,0,0,0,0,0,0,0,0,0,0,0,0,0,0,0,0,0,0,0,0,0,0,0,0,0,0,0,0,0,0,0,0,0,0,0,0,0,0,0,0,0,0,0,0,0,0,0,0,0,0,0,0,0,0,0,0,0,0,0,0,0,0,0,0,0
3248,0,0,0,0,0,0,0,0,0,0,0,0,0,0,0,0,0,0,0,0,0,0,0,0,0,0,0,0,0,0,0,0,0,0,0,0,0,0,0,0,0,0,0,0,0,0,0,0,0,0,0,0,0,0,0,0,0,0,0,0,0,0,0,0,0,0,0,0,0,0,0,0,0,0,0,0,0,0,0,0,0,0,0,0,0,0,0,0,0,0,0,0,0,0,0,0,0,0,0,0,0,0,0,0,0,0,0,0,0,0,0,0,0,0,0,0,0,0,0,0,0,0,0,0,0,0,0,0,0,0,0,0,0,0,0,0,0,0,0,0,0,0,0,0,0,0,0,0,0,0,0,0,0,0,0,0,0,0,0,0,0,0,0,0,0,0,0,0,0,0,0,0,0,0,0,0,0,0,0,0,0,0,0,0,0,0,0,0,0,0,0,0,0,0,0,0,0,0,0,0
3249,0,0,0,0,0,0,0,0,0,0,0,0,0,0,0,0,0,0,0,0,0,0,0,0,0,0,0,0,0,0,0,0,0,0,0,0,0,0,0,0,0,0,0,0,0,0,0,0,0,0,0,0,0,0,0,0,0,0,0,0,0,0,0,0,0,0,0,0,0,0,0,0,0,0,0,0,0,0,0,0,0,0,0,0,0,0,0,0,0,0,0,0,0,0,0,0,0,0,0,0,0,0,0,0,0,0,0,0,0,0,0,0,0,0,0,0,0,0,0,0,0,0,0,0,0,0,0,0,0,0,0,0,0,0,0,0,0,0,0,0,0,0,0,0,0,0,0,0,0,0,0,0,0,0,0,0,0,0,0,0,0,0,0,0,0,0,0,0,0,0,0,0,0,0,0,0,0,0,0,0,0,0,0,0,0,0,0,0,0,0,0,0,0,0,0,0,0,0,0,0
3250,0,0,0,0,0,0,0,0,0,0,0,0,0,0,0,0,0,0,0,0,0,0,0,0,0,0,0,0,0,0,0,0,0,0,0,0,0,0,0,0,0,0,0,0,0,0,0,0,0,0,0,0,0,0,0,0,0,0,0,0,0,0,0,0,0,0,0,0,0,0,0,0,0,0,0,0,0,0,0,0,0,0,0,0,0,0,0,0,0,0,0,0,0,0,0,0,0,0,0,0,0,0,0,0,0,0,0,0,0,0,0,0,0,0,0,0,0,0,0,0,0,0,0,0,0,0,0,0,0,0,0,0,0,0,0,0,0,0,0,0,0,0,0,0,0,0,0,0,0,0,0,0,0,0,0,0,0,0,0,0,0,0,0,0,0,0,0,0,0,0,0,0,0,0,0,0,0,0,0,0,0,0,0,0,0,0,0,0,0,0,0,0,0,0,0,0,0,0,0,0
3251,0,0,0,0,0,0,0,0,0,0,0,0,0,0,0,0,0,0,0,0,0,0,0,0,0,0,0,0,0,0,0,0,0,0,0,0,0,0,0,0,0,0,0,0,0,0,0,0,0,0,0,0,0,0,0,0,0,0,0,0,0,0,0,0,0,0,0,0,0,0,0,0,0,0,0,0,0,0,0,0,0,0,0,0,0,0,0,0,0,0,0,0,0,0,0,0,0,0,0,0,0,0,0,0,0,0,0,0,0,0,0,0,0,0,0,0,0,0,0,0,0,0,0,0,0,0,0,0,0,0,0,0,0,0,0,0,0,0,0,0,0,0,0,0,0,0,0,0,0,0,0,0,0,0,0,0,0,0,0,0,0,0,0,0,0,0,0,0,0,0,0,0,0,0,0,0,0,0,0,0,0,0,0,0,0,0,0,0,0,0,0,0,0,0,0,0,0,0,0,0
3252,0,0,0,0,0,0,0,0,0,0,0,0,0,0,0,0,0,0,0,0,0,0,0,0,0,0,0,0,0,0,0,0,0,0,0,0,0,0,0,0,0,0,0,0,0,0,0,0,0,0,0,0,0,0,0,0,0,0,0,0,0,0,0,0,0,0,0,0,0,0,0,0,0,0,0,0,0,0,0,0,0,0,0,0,0,0,0,0,0,0,0,0,0,0,0,0,0,0,0,0,0,0,0,0,0,0,0,0,0,0,0,0,0,0,0,0,0,0,0,0,0,0,0,0,0,0,0,0,0,0,0,0,0,0,0,0,0,0,0,0,0,0,0,0,0,0,0,0,0,0,0,0,0,0,0,0,0,0,0,0,0,0,0,0,0,0,0,0,0,0,0,0,0,0,0,0,0,0,0,0,0,0,0,0,0,0,0,0,0,0,0,0,0,0,0,0,0,0,0,0
3253,0,0,0,0,0,0,0,0,0,0,0,0,0,0,0,0,0,0,0,0,0,0,0,0,0,0,0,0,0,0,0,0,0,0,0,0,0,0,0,0,0,0,0,0,0,0,0,0,0,0,0,0,0,0,0,0,0,0,0,0,0,0,0,0,0,0,0,0,0,0,0,0,0,0,0,0,0,0,0,0,0,0,0,0,0,0,0,0,0,0,0,0,0,0,0,0,0,0,0,0,0,0,0,0,0,0,0,0,0,0,0,0,0,0,0,0,0,0,0,0,0,0,0,0,0,0,0,0,0,0,0,0,0,0,0,0,0,0,0,0,0,0,0,0,0,0,0,0,0,0,0,0,0,0,0,0,0,0,0,0,0,0,0,0,0,0,0,0,0,0,0,0,0,0,0,0,0,0,0,0,0,0,0,0,0,0,0,0,0,0,0,0,0,0,0,0,0,0,0,0
3254,0,0,0,0,0,0,0,0,0,0,0,0,0,0,0,0,0,0,0,0,0,0,0,0,0,0,0,0,0,0,0,0,0,0,0,0,0,0,0,0,0,0,0,0,0,0,0,0,0,0,0,0,0,0,0,0,0,0,0,0,0,0,0,0,0,0,0,0,0,0,0,0,0,0,0,0,0,0,0,0,0,0,0,0,0,0,0,0,0,0,0,0,0,0,0,0,0,0,0,0,0,0,0,0,0,0,0,0,0,0,0,0,0,0,0,0,0,0,0,0,0,0,0,0,0,0,0,0,0,0,0,0,0,0,0,0,0,0,0,0,0,0,0,0,0,0,0,0,0,0,0,0,0,0,0,0,0,0,0,0,0,0,0,0,0,0,0,0,0,0,0,0,0,0,0,0,0,0,0,0,0,0,0,0,0,0,0,0,0,0,0,0,0,0,0,0,0,0,0,0
3255,0,0,0,0,0,0,0,0,0,0,0,0,0,0,0,0,0,0,0,0,0,0,0,0,0,0,0,0,0,0,0,0,0,0,0,0,0,0,0,0,0,0,0,0,0,0,0,0,0,0,0,0,0,0,0,0,0,0,0,0,0,0,0,0,0,0,0,0,0,0,0,0,0,0,0,0,0,0,0,0,0,0,0,0,0,0,0,0,0,0,0,0,0,0,0,0,0,0,0,0,0,0,0,0,0,0,0,0,0,0,0,0,0,0,0,0,0,0,0,0,0,0,0,0,0,0,0,0,0,0,0,0,0,0,0,0,0,0,0,0,0,0,0,0,0,0,0,0,0,0,0,0,0,0,0,0,0,0,0,0,0,0,0,0,0,0,0,0,0,0,0,0,0,0,0,0,0,0,0,0,0,0,0,0,0,0,0,0,0,0,0,0,0,0,0,0,0,0,0,0
3256,0,0,0,0,0,0,0,0,0,0,0,0,0,0,0,0,0,0,0,0,0,0,0,0,0,0,0,0,0,0,0,0,0,0,0,0,0,0,0,0,0,0,0,0,0,0,0,0,0,0,0,0,0,0,0,0,0,0,0,0,0,0,0,0,0,0,0,0,0,0,0,0,0,0,0,0,0,0,0,0,0,0,0,0,0,0,0,0,0,0,0,0,0,0,0,0,0,0,0,0,0,0,0,0,0,0,0,0,0,0,0,0,0,0,0,0,0,0,0,0,0,0,0,0,0,0,0,0,0,0,0,0,0,0,0,0,0,0,0,0,0,0,0,0,0,0,0,0,0,0,0,0,0,0,0,0,0,0,0,0,0,0,0,0,0,0,0,0,0,0,0,0,0,0,0,0,0,0,0,0,0,0,0,0,0,0,0,0,0,0,0,0,0,0,0,0,0,0,0,0
3257,0,0,0,0,0,0,0,0,0,0,0,0,0,0,0,0,0,0,0,0,0,0,0,0,0,0,0,0,0,0,0,0,0,0,0,0,0,0,0,0,0,0,0,0,0,0,0,0,0,0,0,0,0,0,0,0,0,0,0,0,0,0,0,0,0,0,0,0,0,0,0,0,0,0,0,0,0,0,0,0,0,0,0,0,0,0,0,0,0,0,0,0,0,0,0,0,0,0,0,0,0,0,0,0,0,0,0,0,0,0,0,0,0,0,0,0,0,0,0,0,0,0,0,0,0,0,0,0,0,0,0,0,0,0,0,0,0,0,0,0,0,0,0,0,0,0,0,0,0,0,0,0,0,0,0,0,0,0,0,0,0,0,0,0,0,0,0,0,0,0,0,0,0,0,0,0,0,0,0,0,0,0,0,0,0,0,0,0,0,0,0,0,0,0,0,0,0,0,0,0
3258,0,0,0,0,0,0,0,0,0,0,0,0,0,0,0,0,0,0,0,0,0,0,0,0,0,0,0,0,0,0,0,0,0,0,0,0,0,0,0,0,0,0,0,0,0,0,0,0,0,0,0,0,0,0,0,0,0,0,0,0,0,0,0,0,0,0,0,0,0,0,0,0,0,0,0,0,0,0,0,0,0,0,0,0,0,0,0,0,0,0,0,0,0,0,0,0,0,0,0,0,0,0,0,0,0,0,0,0,0,0,0,0,0,0,0,0,0,0,0,0,0,0,0,0,0,0,0,0,0,0,0,0,0,0,0,0,0,0,0,0,0,0,0,0,0,0,0,0,0,0,0,0,0,0,0.0000000000,0,0,0,0,0,0,0,0,0,0,0,0,0,0,0,0,0,0,0,0,0,0,0,0,0,0,0,0,0,0,0,0,0,0,0,0,0,0,0,0,0,0,0,0,0
3259,0,0,0,0,0,0,0,0,0,0,0,0,0,0,0,0,0,0,0,0,0,0,0,0,0,0,0,0,0,0,0,0,0,0,0,0,0,0,0,0,0,0,0,0,0,0,0,0,0,0,0,0,0,0,0,0,0,0,0,0,0,0,0,0,0,0,0,0,0,0,0,0,0,0,0,0,0,0,0,0,0,0,0,0,0,0,0,0,0,0,0,0,0,0,0,0,0,0,0,0,0,0,0,0,0,0,0,0,0,0,0,0,0,0,0,0,0,0,0,0,0,0,0,0,0,0,0,0,0,0,0,0,0,0,0,0,0,0,0,0,0,0,0,0,0,0,0,0,0,0,0,0,0,0,0,0,0,0,0,0,0,0,0,0,0,0,0,0,0,0,0,0,0,0,0,0,0,0,0,0,0,0,0,0,0,0,0,0,0,0,0,0,0,0,0,0,0,0,0,0
3260,0,0,0,0,0,0,0,0,0,0,0,0,0,0,0,0,0,0,0,0,0,0,0,0,0,0,0,0,0,0,0,0,0,0,0,0,0,0,0,0,0,0,0,0,0,0,0,0,0,0,0,0,0,0,0,0,0,0,0,0,0,0,0,0,0,0,0,0,0,0,0,0,0,0,0,0,0,0,0,0,0,0,0,0,0,0,0,0,0,0,0,0,0,0,0,0,0,0,0,0,0,0,0,0,0,0,0,0,0,0,0,0,0,0,0,0,0,0,0,0,0,0,0,0,0,0,0,0,0,0,0,0,0,0,0,0,0,0,0,0,0,0,0,0,0,0,0,0,0,0,0,0,0,0,0,0,0,0,0,0,0,0,0,0,0,0,0,0,0,0,0,0,0,0,0,0,0,0,0,0,0,0,0,0,0,0,0,0,0,0,0,0,0,0,0,0,0,0,0,0
3261,0,0,0,0,0,0,0,0,0,0,0,0,0,0,0,0,0,0,0,0,0,0,0,0,0,0,0,0,0,0,0,0,0,0,0,0,0,0,0,0,0,0,0,0,0,0,0,0,0,0,0,0,0,0,0,0,0,0,0,0,0,0,0,0,0,0,0,0,0,0,0,0,0,0,0,0,0,0,0,0,0,0,0,0,0,0,0,0,0,0,0,0,0,0,0,0,0,0,0,0,0,0,0,0,0,0,0,0,0,0,0,0,0,0,0,0,0,0,0,0,0,0,0,0,0,0,0,0,0,0,0,0,0,0,0,0,0,0,0,0,0,0,0,0,0,0,0,0,0,0,0,0,0,0,0,0,0,0,0,0,0,0,0,0,0,0,0,0,0,0,0,0,0,0,0,0,0,0,0,0,0,0,0,0,0,0,0,0,0,0,0,0,0,0,0,0,0,0,0,0
3262,0,0,0,0,0,0,0,0,0,0,0,0,0,0,0,0,0,0,0,0,0,0,0,0,0,0,0,0,0,0,0,0,0,0,0,0,0,0,0,0,0,0,0,0,0,0,0,0,0,0,0,0,0,0,0,0,0,0,0,0,0,0,0,0,0,0,0,0,0,0,0,0,0,0,0,0,0,0,0,0,0,0,0,0,0,0,0,0,0,0,0,0,0,0,0,0,0,0,0,0,0,0,0,0,0,0,0,0,0,0,0,0,0,0,0,0,0,0,0,0,0,0,0,0,0,0,0,0,0,0,0,0,0,0,0,0,0,0,0,0,0,0,0,0,0,0,0,0,0,0,0,0,0,0,0,0,0,0,0,0,0,0,0,0,0,0,0,0,0,0,0,0,0,0,0,0,0,0,0,0,0,0,0,0,0,0,0,0,0,0,0,0,0,0,0,0,0,0,0,0
3263,0,0,0,0,0,0,0,0,0,0,0,0,0,0,0,0,0,0,0,0,0,0,0,0,0,0,0,0,0,0,0,0,0,0,0,0,0,0,0,0,0,0,0,0,0,0,0,0,0,0,0,0,0,0,0,0,0,0,0,0,0,0,0,0,0,0,0,0,0,0,0,0,0,0,0,0,0,0,0,0,0,0,0,0,0,0,0,0,0,0,0,0,0,0,0,0,0,0,0,0,0,0,0,0,0,0,0,0,0,0,0,0,0,0,0,0,0,0,0,0,0,0,0,0,0,0,0,0,0,0,0,0,0,0,0,0,0,0,0,0,0,0,0,0,0,0,0,0,0,0,0,0,0,0,0,0,0,0,0,0,0,0,0,0,0,0,0,0,0,0,0,0,0,0,0,0,0,0,0,0,0,0,0,0,0,0,0,0,0,0,0,0,0,0,0,0,0,0,0,0
3264,0,0,0,0,0,0,0,0,0,0,0,0,0,0,0,0,0,0,0,0,0,0,0,0,0,0,0,0,0,0,0,0,0,0,0,0,0,0,0,0,0,0,0,0,0,0,0,0,0,0,0,0,0,0,0,0,0,0,0,0,0,0,0,0,0,0,0,0,0,0,0,0,0,0,0,0,0,0,0,0,0,0,0,0,0,0,0,0,0,0,0,0,0,0,0,0,0,0,0,0,0,0,0,0,0,0,0,0,0,0,0,0,0,0,0,0,0,0,0,0,0,0,0,0,0,0,0,0,0,0,0,0,0,0,0,0,0,0,0,0,0,0,0,0,0,0,0,0,0,0,0,0,0,0,0,0,0,0,0,0,0,0,0,0,0,0,0,0,0,0,0,0,0,0,0,0,0,0,0,0,0,0,0,0,0,0,0,0,0,0,0,0,0,0,0,0,0,0,0,0
3265,0,0,0,0,0,0,0,0,0,0,0,0,0,0,0,0,0,0,0,0,0,0,0,0,0,0,0,0,0,0,0,0,0,0,0,0,0,0,0,0,0,0,0,0,0,0,0,0,0,0,0,0,0,0,0,0,0,0,0,0,0,0,0,0,0,0,0,0,0,0,0,0,0,0,0,0,0,0,0,0,0,0,0,0,0,0,0,0,0,0,0,0,0,0,0,0,0,0,0,0,0,0,0,0,0,0,0,0,0,0,0,0,0,0,0,0,0,0,0,0,0,0,0,0,0,0,0,0,0,0,0,0,0,0,0,0,0,0,0,0,0,0,0,0,0,0,0,0,0,0,0,0,0,0,0,0,0,0,0,0,0,0,0,0,0,0,0,0,0,0,0,0,0,0,0,0,0,0,0,0,0,0,0,0,0,0,0,0,0,0,0,0,0,0,0,0,0,0,0,0
3266,0,0,0,0,0,0,0,0,0,0,0,0,0,0,0,0,0,0,0,0,0,0,0,0,0,0,0,0,0,0,0,0,0,0,0,0,0,0,0,0,0,0,0,0,0,0,0,0,0,0,0,0,0,0,0,0,0,0,0,0,0,0,0,0,0,0,0,0,0,0,0,0,0,0,0,0,0,0,0,0,0,0,0,0,0,0,0,0,0,0,0,0,0,0,0,0,0,0,0,0,0,0,0,0,0,0,0,0,0,0,0,0,0,0,0,0,0,0,0,0,0,0,0,0,0,0,0,0,0,0,0,0,0,0,0,0,0,0,0,0,0,0,0,0,0,0,0,0,0,0,0,0,0,0,0,0,0,0,0,0,0,0,0,0,0,0,0,0,0,0,0,0,0,0,0,0,0,0,0,0,0,0,0,0,0,0,0,0,0,0,0,0,0,0,0,0,0,0,0,0
3267,0,0,0,0,0,0,0,0,0,0,0,0,0,0,0,0,0,0,0,0,0,0,0,0,0,0,0,0,0,0,0,0,0,0,0,0,0,0,0,0,0,0,0,0,0,0,0,0,0,0,0,0,0,0,0,0,0,0,0,0,0,0,0,0,0,0,0,0,0,0,0,0,0,0,0,0,0,0,0,0,0,0,0,0,0,0,0,0,0,0,0,0,0,0,0,0,0,0,0,0,0,0,0,0,0,0,0,0,0,0,0,0,0,0,0,0,0,0,0,0,0,0,0,0,0,0,0,0,0,0,0,0,0,0,0,0,0,0,0,0,0,0,0,0,0,0,0,0,0,0,0,0,0,0,0,0,0,0,0,0,0,0,0,0,0,0,0,0,0,0,0,0,0,0,0,0,0,0,0,0,0,0,0,0,0,0,0,0,0,0,0,0,0,0,0,0,0,0,0,0
3268,0,0,0,0,0,0,0,0,0,0,0,0,0,0,0,0,0,0,0,0,0,0,0,0,0,0,0,0,0,0,0,0,0,0,0,0,0,0,0,0,0,0,0,0,0,0,0,0,0,0,0,0,0,0,0,0,0,0,0,0,0,0,0,0,0,0,0,0,0,0,0,0,0,0,0,0,0,0,0,0,0,0,0,0,0,0,0,0,0,0,0,0,0,0,0,0,0,0,0,0,0,0,0,0,0,0,0,0,0,0,0,0,0,0,0,0,0,0,0,0,0,0,0,0,0,0,0,0,0,0,0,0,0,0,0,0,0,0,0,0,0,0,0,0,0,0,0,0,0,0,0,0,0,0,0,0,0,0,0,0,0,0,0,0,0,0,0,0,0,0,0,0,0,0,0,0,0,0,0,0,0,0,0,0,0,0,0,0,0,0,0,0,0,0,0,0,0,0,0,0
3269,0,0,0,0,0,0,0,0,0,0,0,0,0,0,0,0,0,0,0,0,0,0,0,0,0,0,0,0,0,0,0,0,0,0,0,0,0,0,0,0,0,0,0,0,0,0,0,0,0,0,0,0,0,0,0,0,0,0,0,0,0,0,0,0,0,0,0,0,0,0,0,0,0,0,0,0,0,0,0,0,0,0,0,0,0,0,0,0,0,0,0,0,0,0,0,0,0,0,0,0,0,0,0,0,0,0,0,0,0,0,0,0,0,0,0,0,0,0,0,0,0,0,0,0,0,0,0,0,0,0,0,0,0,0,0,0,0,0,0,0,0,0,0,0,0,0,0,0,0,0,0,0,0,0,0,0,0,0,0,0,0,0,0,0,0,0,0,0,0,0,0,0,0,0,0,0,0,0,0,0,0,0,0,0,0,0,0,0,0,0,0,0,0,0,0,0,0,0,0,0
3270,0,0,0,0,0,0,0,0,0,0,0,0,0,0,0,0,0,0,0,0,0,0,0,0,0,0,0,0,0,0,0,0,0,0,0,0,0,0,0,0,0,0,0,0,0,0,0,0,0,0,0,0,0,0,0,0,0,0,0,0,0,0,0,0,0,0,0,0,0,0,0,0,0,0,0,0,0,0,0,0,0,0,0,0,0,0,0,0,0,0,0,0,0,0,0,0,0,0,0,0,0,0,0,0,0,0,0,0,0,0,0,0,0,0,0,0,0,0,0,0,0,0,0,0,0,0,0,0,0,0,0,0,0,0,0,0,0,0,0,0,0,0,0,0,0,0,0,0,0,0,0,0,0,0,0,0,0,0,0,0,0,0,0,0,0,0,0,0,0,0,0,0,0,0,0,0,0,0,0,0,0,0,0,0,0,0,0,0,0,0,0,0,0,0,0,0,0,0,0,0
3271,0,0,0,0,0,0,0,0,0,0,0,0,0,0,0,0,0,0,0,0,0,0,0,0,0,0,0,0,0,0,0,0,0,0,0,0,0,0,0,0,0,0,0,0,0,0,0,0,0,0,0,0,0,0,0,0,0,0,0,0,0,0,0,0,0,0,0,0,0,0,0,0,0,0,0,0,0,0,0,0,0,0,0,0,0,0,0,0,0,0,0,0,0,0,0,0,0,0,0,0,0,0,0,0,0,0,0,0,0,0,0,0,0,0,0,0,0,0,0,0,0,0,0,0,0,0,0,0,0,0,0,0,0,0,0,0,0,0,0,0,0,0,0,0,0,0,0,0,0,0,0,0,0,0,0,0,0,0,0,0,0,0,0,0,0,0,0,0,0,0,0,0,0,0,0,0,0,0,0,0,0,0,0,0,0,0,0,0,0,0,0,0,0,0,0,0,0,0,0,0
3272,0,0,0,0,0,0,0,0,0,0,0,0,0,0,0,0,0,0,0,0,0,0,0,0,0,0,0,0,0,0,0,0,0,0,0,0,0,0,0,0,0,0,0,0,0,0,0,0,0,0,0,0,0,0,0,0,0,0,0,0,0,0,0,0,0,0,0,0,0,0,0,0,0,0,0,0,0,0,0,0,0,0,0,0,0,0,0,0,0,0,0,0,0,0,0,0,0,0,0,0,0,0,0,0,0,0,0,0,0,0,0,0,0,0,0,0,0,0,0,0,0,0,0,0,0,0,0,0,0,0,0,0,0,0,0,0,0,0,0,0,0,0,0,0,0,0,0,0,0,0,0,0,0,0,0,0,0,0,0,0,0,0,0,0,0,0,0,0,0,0,0,0,0,0,0,0,0,0,0,0,0,0,0,0,0,0,0,0,0,0,0,0,0,0,0,0,0,0,0,0
3273,0,0,0,0,0,0,0,0,0,0,0,0,0,0,0,0,0,0,0,0,0,0,0,0,0,0,0,0,0,0,0,0,0,0,0,0,0,0,0,0,0,0,0,0,0,0,0,0,0,0,0,0,0,0,0,0,0,0,0,0,0,0,0,0,0,0,0,0,0,0,0,0,0,0,0,0,0,0,0,0,0,0,0,0,0,0,0,0,0,0,0,0,0,0,0,0,0,0,0,0,0,0,0,0,0,0,0,0,0,0,0,0,0,0,0,0,0,0,0,0,0,0,0,0,0,0,0,0,0,0,0,0,0,0,0,0,0,0,0,0,0,0,0,0,0,0,0,0,0,0,0,0,0,0,0,0,0,0,0,0,0,0,0,0,0,0,0,0,0,0,0,0,0,0,0,0,0,0,0,0,0,0,0,0,0,0,0,0,0,0,0,0,0,0,0,0,0,0,0,0
3274,0,0,0,0,0,0,0,0,0,0,0,0,0,0,0,0,0,0,0,0,0,0,0,0,0,0,0,0,0,0,0,0,0,0,0,0,0,0,0,0,0,0,0,0,0,0,0,0,0,0,0,0,0,0,0,0,0,0,0,0,0,0,0,0,0,0,0,0,0,0,0,0,0,0,0,0,0,0,0,0,0,0,0,0,0,0,0,0,0,0,0,0,0,0,0,0,0,0,0,0,0,0,0,0,0,0,0,0,0,0,0,0,0,0,0,0,0,0,0,0,0,0,0,0,0,0,0,0,0,0,0,0,0,0,0,0,0,0,0,0,0,0,0,0,0,0,0,0,0,0,0,0,0,0,0,0,0,0,0,0,0,0,0,0,0,0,0,0,0,0,0,0,0,0,0,0,0,0,0,0,0,0,0,0,0,0,0,0,0,0,0,0,0,0,0,0,0,0,0,0
3275,0,0,0,0,0,0,0,0,0,0,0,0,0,0,0,0,0,0,0,0,0,0,0,0,0,0,0,0,0,0,0,0,0,0,0,0,0,0,0,0,0,0,0,0,0,0,0,0,0,0,0,0,0,0,0,0,0,0,0,0,0,0,0,0,0,0,0,0,0,0,0,0,0,0,0,0,0,0,0,0,0,0,0,0,0,0,0,0,0,0,0,0,0,0,0,0,0,0,0,0,0,0,0,0,0,0,0,0,0,0,0,0,0,0,0,0,0,0,0,0,0,0,0,0,0,0,0,0,0,0,0,0,0,0,0,0,0,0,0,0,0,0,0,0,0,0,0,0,0,0,0,0,0,0,0,0,0,0,0,0,0,0,0,0,0,0,0,0,0,0,0,0,0,0,0,0,0,0,0,0,0,0,0,0,0,0,0,0,0,0,0,0,0,0,0,0,0,0,0,0
3276,0,0,0,0,0,0,0,0,0,0,0,0,0,0,0,0,0,0,0,0,0,0,0,0,0,0,0,0,0,0,0,0,0,0,0,0,0,0,0,0,0,0,0,0,0,0,0,0,0,0,0,0,0,0,0,0,0,0,0,0,0,0,0,0,0,0,0,0,0,0,0,0,0,0,0,0,0,0,0,0,0,0,0,0,0,0,0,0,0,0,0,0,0,0,0,0,0,0,0,0,0,0,0,0,0,0,0,0,0,0,0,0,0,0,0,0,0,0,0,0,0,0,0,0,0,0,0,0,0,0,0,0,0,0,0,0,0,0,0,0,0,0,0,0,0,0,0,0,0,0,0,0,0,0,0,0,0,0,0,0,0,0,0,0,0,0,0,0,0,0,0,0,0,0,0,0,0,0,0,0,0,0,0,0,0,0,0,0,0,0,0,0,0,0,0,0,0,0,0,0
3277,0,0,0,0,0,0,0,0,0,0,0,0,0,0,0,0,0,0,0,0,0,0,0,0,0,0,0,0,0,0,0,0,0,0,0,0,0,0,0,0,0,0,0,0,0,0,0,0,0,0,0,0,0,0,0,0,0,0,0,0,0,0,0,0,0,0,0,0,0,0,0,0,0,0,0,0,0,0,0,0,0,0,0,0,0,0,0,0,0,0,0,0,0,0,0,0,0,0,0,0,0,0,0,0,0,0,0,0,0,0,0,0,0,0,0,0,0,0,0,0,0,0,0,0,0,0,0,0,0,0,0,0,0,0,0,0,0,0,0,0,0,0,0,0,0,0,0,0,0,0,0,0,0,0,0,0,0,0,0,0,0,0,0,0,0,0,0,0,0,0,0,0,0,0,0,0,0,0,0,0,0,0,0,0,0,0,0,0,0,0,0,0,0,0,0,0,0,0,0,0
3278,0,0,0,0,0,0,0,0,0,0,0,0,0,0,0,0,0,0,0,0,0,0,0,0,0,0,0,0,0,0,0,0,0,0,0,0,0,0,0,0,0,0,0,0,0,0,0,0,0,0,0,0,0,0,0,0,0,0,0,0,0,0,0,0,0,0,0,0,0,0,0,0,0,0,0,0,0,0,0,0,0,0,0,0,0,0,0,0,0,0,0,0,0,0,0,0,0,0,0,0,0,0,0,0,0,0,0,0,0,0,0,0,0,0,0,0,0,0,0,0,0,0,0,0,0,0,0,0,0,0,0,0,0,0,0,0,0,0,0,0,0,0,0,0,0,0,0,0,0,0,0,0,0,0,0,0,0,0,0,0,0,0,0,0,0,0,0,0,0,0,0,0,0,0,0,0,0,0,0,0,0,0,0,0,0,0,0,0,0,0,0,0,0,0,0,0,0,0,0,0
3279,0,0,0,0,0,0,0,0,0,0,0,0,0,0,0,0,0,0,0,0,0,0,0,0,0,0,0,0,0,0,0,0,0,0,0,0,0,0,0,0,0,0,0,0,0,0,0,0,0,0,0,0,0,0,0,0,0,0,0,0,0,0,0,0,0,0,0,0,0,0,0,0,0,0,0,0,0,0,0,0,0,0,0,0,0,0,0,0,0,0,0,0,0,0,0,0,0,0,0,0,0,0,0,0,0,0,0,0,0,0,0,0,0,0,0,0,0,0,0,0,0,0,0,0,0,0,0,0,0,0,0,0,0,0,0,0,0,0,0,0,0,0,0,0,0,0,0,0,0,0,0,0,0,0,0,0,0,0,0,0,0,0,0,0,0,0,0,0,0,0,0,0,0,0,0,0,0,0,0,0,0,0,0,0,0,0,0,0,0,0,0,0,0,0,0,0,0,0,0,0
3280,0,0,0,0,0,0,0,0,0,0,0,0,0,0,0,0,0,0,0,0,0,0,0,0,0,0,0,0,0,0,0,0,0,0,0,0,0,0,0,0,0,0,0,0,0,0,0,0,0,0,0,0,0,0,0,0,0,0,0,0,0,0,0,0,0,0,0,0,0,0,0,0,0,0,0,0,0,0,0,0,0,0,0,0,0,0,0,0,0,0,0,0,0,0,0,0,0,0,0,0,0,0,0,0,0,0,0,0,0,0,0,0,0,0,0,0,0,0,0,0,0,0,0,0,0,0,0,0,0,0,0,0,0,0,0,0,0,0,0,0,0,0,0,0,0,0,0,0,0,0,0,0,0,0,0,0,0,0,0,0,0,0,0,0,0,0,0,0,0,0,0,0,0,0,0,0,0,0,0,0,0,0,0,0,0,0,0,0,0,0,0,0,0,0,0,0,0,0,0,0
3281,0,0,0,0,0,0,0,0,0,0,0,0,0,0,0,0,0,0,0,0,0,0,0,0,0,0,0,0,0,0,0,0,0,0,0,0,0,0,0,0,0,0,0,0,0,0,0,0,0,0,0,0,0,0,0,0,0,0,0,0,0,0,0,0,0,0,0,0,0,0,0,0,0,0,0,0,0,0,0,0,0,0,0,0,0,0,0,0,0,0,0,0,0,0,0,0,0,0,0,0,0,0,0,0,0,0,0,0,0,0,0,0,0,0,0,0,0,0,0,0,0,0,0,0,0,0,0,0,0,0,0,0,0,0,0,0,0,0,0,0,0,0,0,0,0,0,0,0,0,0,0,0,0,0,0,0,0,0,0,0,0,0,0,0,0,0,0,0,0,0,0,0,0,0,0,0,0,0,0,0,0,0,0,0,0,0,0,0,0,0,0,0,0,0,0,0,0,0,0,0
3282,0,0,0,0,0,0,0,0,0,0,0,0,0,0,0,0,0,0,0,0,0,0,0,0,0,0,0,0,0,0,0,0,0,0,0,0,0,0,0,0,0,0,0,0,0,0,0,0,0,0,0,0,0,0,0,0,0,0,0,0,0,0,0,0,0,0,0,0,0,0,0,0,0,0,0,0,0,0,0,0,0,0,0,0,0,0,0,0,0,0,0,0,0,0,0,0,0,0,0,0,0,0,0,0,0,0,0,0,0,0,0,0,0,0,0,0,0,0,0,0,0,0,0,0,0,0,0,0,0,0,0,0,0,0,0,0,0,0,0,0,0,0,0,0,0,0,0,0,0,0,0,0,0,0,0,0,0,0,0,0,0,0,0,0,0,0,0,0,0,0,0,0,0,0,0,0,0,0,0,0,0,0,0,0,0,0,0,0,0,0,0,0,0,0,0,0,0,0,0,0
3283,0,0,0,0,0,0,0,0,0,0,0,0,0,0,0,0,0,0,0,0,0,0,0,0,0,0,0,0,0,0,0,0,0,0,0,0,0,0,0,0,0,0,0,0,0,0,0,0,0,0,0,0,0,0,0,0,0,0,0,0,0,0,0,0,0,0,0,0,0,0,0,0,0,0,0,0,0,0,0,0,0,0,0,0,0,0,0,0,0,0,0,0,0,0,0,0,0,0,0,0,0,0,0,0,0,0,0,0,0,0,0,0,0,0,0,0,0,0,0,0,0,0,0,0,0,0,0,0,0,0,0,0,0,0,0,0,0,0,0,0,0,0,0,0,0,0,0,0,0,0,0,0,0,0,0,0,0,0,0,0,0,0,0,0,0,0,0,0,0,0,0,0,0,0,0,0,0,0,0,0,0,0,0,0,0,0,0,0,0,0,0,0,0,0,0,0,0,0,0,0
3284,0,0,0,0,0,0,0,0,0,0,0,0,0,0,0,0,0,0,0,0,0,0,0,0,0,0,0,0,0,0,0,0,0,0,0,0,0,0,0,0,0,0,0,0,0,0,0,0,0,0,0,0,0,0,0,0,0,0,0,0,0,0,0,0,0,0,0,0,0,0,0,0,0,0,0,0,0,0,0,0,0,0,0,0,0,0,0,0,0,0,0,0,0,0,0,0,0,0,0,0,0,0,0,0,0,0,0,0,0,0,0,0,0,0,0,0,0,0,0,0,0,0,0,0,0,0,0,0,0,0,0,0,0,0,0,0,0,0,0,0,0,0,0,0,0,0,0,0,0,0,0,0,0,0,0,0,0,0,0,0,0,0,0,0,0,0,0,0,0,0,0,0,0,0,0,0,0,0,0,0,0,0,0,0,0,0,0,0,0,0,0,0,0,0,0,0,0,0,0,0
3285,0,0,0,0,0,0,0,0,0,0,0,0,0,0,0,0,0,0,0,0,0,0,0,0,0,0,0,0,0,0,0,0,0,0,0,0,0,0,0,0,0,0,0,0,0,0,0,0,0,0,0,0,0,0,0,0,0,0,0,0,0,0,0,0,0,0,0,0,0,0,0,0,0,0,0,0,0,0,0,0,0,0,0,0,0,0,0,0,0,0,0,0,0,0,0,0,0,0,0,0,0,0,0,0,0,0,0,0,0,0,0,0,0,0,0,0,0,0,0,0,0,0,0,0,0,0,0,0,0,0,0,0,0,0,0,0,0,0,0,0,0,0,0,0,0,0,0,0,0,0,0,0,0,0,0,0,0,0,0,0,0,0,0,0,0,0,0,0,0,0,0,0,0,0,0,0,0,0,0,0,0,0,0,0,0,0,0,0,0,0,0,0,0,0,0,0,0,0,0,0
3286,0,0,0,0,0,0,0,0,0,0,0,0,0,0,0,0,0,0,0,0,0,0,0,0,0,0,0,0,0,0,0,0,0,0,0,0,0,0,0,0,0,0,0,0,0,0,0,0,0,0,0,0,0,0,0,0,0,0,0,0,0,0,0,0,0,0,0,0,0,0,0,0,0,0,0,0,0,0,0,0,0,0,0,0,0,0,0,0,0,0,0,0,0,0,0,0,0,0,0,0,0,0,0,0,0,0,0,0,0,0,0,0,0,0,0,0,0,0,0,0,0,0,0,0,0,0,0,0,0,0,0,0,0,0,0,0,0,0,0,0,0,0,0,0,0,0,0,0,0,0,0,0,0,0,0,0,0,0,0,0,0,0,0,0,0,0,0,0,0,0,0,0,0,0,0,0,0,0,0,0,0,0,0,0,0,0,0,0,0,0,0,0,0,0,0,0,0,0,0,0
3287,0,0,0,0,0,0,0,0,0,0,0,0,0,0,0,0,0,0,0,0,0,0,0,0,0,0,0,0,0,0,0,0,0,0,0,0,0,0,0,0,0,0,0,0,0,0,0,0,0,0,0,0,0,0,0,0,0,0,0,0,0,0,0,0,0,0,0,0,0,0,0,0,0,0,0,0,0,0,0,0,0,0,0,0,0,0,0,0,0,0,0,0,0,0,0,0,0,0,0,0,0,0,0,0,0,0,0,0,0,0,0,0,0,0,0,0,0,0,0,0,0,0,0,0,0,0,0,0,0,0,0,0,0,0,0,0,0,0,0,0,0,0,0,0,0,0,0,0,0,0,0,0,0,0,0,0,0,0,0,0,0,0,0,0,0,0,0,0,0,0,0,0,0,0,0,0,0,0,0,0,0,0,0,0,0,0,0,0,0,0,0,0,0,0,0,0,0,0,0,0
3288,0,0,0,0,0,0,0,0,0,0,0,0,0,0,0,0,0,0,0,0,0,0,0,0,0,0,0,0,0,0,0,0,0,0,0,0,0,0,0,0,0,0,0,0,0,0,0,0,0,0,0,0,0,0,0,0,0,0,0,0,0,0,0,0,0,0,0,0,0,0,0,0,0,0,0,0,0,0,0,0,0,0,0,0,0,0,0,0,0,0,0,0,0,0,0,0,0,0,0,0,0,0,0,0,0,0,0,0,0,0,0,0,0,0,0,0,0,0,0,0,0,0,0,0,0,0,0,0,0,0,0,0,0,0,0,0,0,0,0,0,0,0,0,0,0,0,0,0,0,0,0,0,0,0,0,0,0,0,0,0,0,0,0,0,0,0,0,0,0,0,0,0,0,0,0,0,0,0,0,0,0,0,0,0,0,0,0,0,0,0,0,0,0,0,0,0,0,0,0,0
3289,0,0,0,0,0,0,0,0,0,0,0,0,0,0,0,0,0,0,0,0,0,0,0,0,0,0,0,0,0,0,0,0,0,0,0,0,0,0,0,0,0,0,0,0,0,0,0,0,0,0,0,0,0,0,0,0,0,0,0,0,0,0,0,0,0,0,0,0,0,0,0,0,0,0,0,0,0,0,0,0,0,0,0,0,0,0,0,0,0,0,0,0,0,0,0,0,0,0,0,0,0,0,0,0,0,0,0,0,0,0,0,0,0,0,0,0,0,0,0,0,0,0,0,0,0,0,0,0,0,0,0,0,0,0,0,0,0,0,0,0,0,0,0,0,0,0,0,0,0,0,0,0,0,0,0,0,0,0,0,0,0,0,0,0,0,0,0,0,0,0,0,0,0,0,0,0,0,0,0,0,0,0,0,0,0,0,0,0,0,0,0,0,0,0,0,0,0,0,0,0
3290,0,0,0,0,0,0,0,0,0,0,0,0,0,0,0,0,0,0,0,0,0,0,0,0,0,0,0,0,0,0,0,0,0,0,0,0,0,0,0,0,0,0,0,0,0,0,0,0,0,0,0,0,0,0,0,0,0,0,0,0,0,0,0,0,0,0,0,0,0,0,0,0,0,0,0,0,0,0,0,0,0,0,0,0,0,0,0,0,0,0,0,0,0,0,0,0,0,0,0,0,0,0,0,0,0,0,0,0,0,0,0,0,0,0,0,0,0,0,0,0,0,0,0,0,0,0,0,0,0,0,0,0,0,0,0,0,0,0,0,0,0,0,0,0,0,0,0,0,0,0,0,0,0,0,0,0,0,0,0,0,0,0,0,0,0,0,0,0,0,0,0,0,0,0,0,0,0,0,0,0,0,0,0,0,0,0,0,0,0,0,0,0,0,0,0,0,0,0,0,0
3291,0,0,0,0,0,0,0,0,0,0,0,0,0,0,0,0,0,0,0,0,0,0,0,0,0,0,0,0,0,0,0,0,0,0,0,0,0,0,0,0,0,0,0,0,0,0,0,0,0,0,0,0,0,0,0,0,0,0,0,0,0,0,0,0,0,0,0,0,0,0,0,0,0,0,0,0,0,0,0,0,0,0,0,0,0,0,0,0,0,0,0,0,0,0,0,0,0,0,0,0,0,0,0,0,0,0,0,0,0,0,0,0,0,0,0,0,0,0,0,0,0,0,0,0,0,0,0,0,0,0,0,0,0,0,0,0,0,0,0,0,0,0,0,0,0,0,0,0,0,0,0,0,0,0,0,0,0,0,0,0,0,0,0,0,0,0,0,0,0,0,0,0,0,0,0,0,0,0,0,0,0,0,0,0,0,0,0,0,0,0,0,0,0,0,0,0,0,0,0,0
3292,0,0,0,0,0,0,0,0,0,0,0,0,0,0,0,0,0,0,0,0,0,0,0,0,0,0,0,0,0,0,0,0,0,0,0,0,0,0,0,0,0,0,0,0,0,0,0,0,0,0,0,0,0,0,0,0,0,0,0,0,0,0,0,0,0,0,0,0,0,0,0,0,0,0,0,0,0,0,0,0,0,0,0,0,0,0,0,0,0,0,0,0,0,0,0,0,0,0,0,0,0,0,0,0,0,0,0,0,0,0,0,0,0,0,0,0,0,0,0,0,0,0,0,0,0,0,0,0,0,0,0,0,0,0,0,0,0,0,0,0,0,0,0,0,0,0,0,0,0,0,0,0,0,0,0,0,0,0,0,0,0,0,0,0,0,0,0,0,0,0,0,0,0,0,0,0,0,0,0,0,0,0,0,0,0,0,0,0,0,0,0,0,0,0,0,0,0,0,0,0
3293,0,0,0,0,0,0,0,0,0,0,0,0,0,0,0,0,0,0,0,0,0,0,0,0,0,0,0,0,0,0,0,0,0,0,0,0,0,0,0,0,0,0,0,0,0,0,0,0,0,0,0,0,0,0,0,0,0,0,0,0,0,0,0,0,0,0,0,0,0,0,0,0,0,0,0,0,0,0,0,0,0,0,0,0,0,0,0,0,0,0,0,0,0,0,0,0,0,0,0,0,0,0,0,0,0,0,0,0,0,0,0,0,0,0,0,0,0,0,0,0,0,0,0,0,0,0,0,0,0,0,0,0,0,0,0,0,0,0,0,0,0,0,0,0,0,0,0,0,0,0,0,0,0,0,0,0,0,0,0,0,0,0,0,0,0,0,0,0,0,0,0,0,0,0,0,0,0,0,0,0,0,0,0,0,0,0,0,0,0,0,0,0,0,0,0,0,0,0,0,0
3294,0,0,0,0,0,0,0,0,0,0,0,0,0,0,0,0,0,0,0,0,0,0,0,0,0,0,0,0,0,0,0,0,0,0,0,0,0,0,0,0,0,0,0,0,0,0,0,0,0,0,0,0,0,0,0,0,0,0,0,0,0,0,0,0,0,0,0,0,0,0,0,0,0,0,0,0,0,0,0,0,0,0,0,0,0,0,0,0,0,0,0,0,0,0,0,0,0,0,0,0,0,0,0,0,0,0,0,0,0,0,0,0,0,0,0,0,0,0,0,0,0,0,0,0,0,0,0,0,0,0,0,0,0,0,0,0,0,0,0,0,0,0,0,0,0,0,0,0,0,0,0,0,0,0,0,0,0,0,0,0,0,0,0,0,0,0,0,0,0,0,0,0,0,0,0,0,0,0,0,0,0,0,0,0,0,0,0,0,0,0,0,0,0,0,0,0,0,0,0,0
3295,0,0,0,0,0,0,0,0,0,0,0,0,0,0,0,0,0,0,0,0,0,0,0,0,0,0,0,0,0,0,0,0,0,0,0,0,0,0,0,0,0,0,0,0,0,0,0,0,0,0,0,0,0,0,0,0,0,0,0,0,0,0,0,0,0,0,0,0,0,0,0,0,0,0,0,0,0,0,0,0,0,0,0,0,0,0,0,0,0,0,0,0,0,0,0,0,0,0,0,0,0,0,0,0,0,0,0,0,0,0,0,0,0,0,0,0,0,0,0,0,0,0,0,0,0,0,0,0,0,0,0,0,0,0,0,0,0,0,0,0,0,0,0,0,0,0,0,0,0,0,0,0,0,0,0,0,0,0,0,0,0,0,0,0,0,0,0,0,0,0,0,0,0,0,0,0,0,0,0,0,0,0,0,0,0,0,0,0,0,0,0,0,0,0,0,0,0,0,0,0
3296,0,0,0,0,0,0,0,0,0,0,0,0,0,0,0,0,0,0,0,0,0,0,0,0,0,0,0,0,0,0,0,0,0,0,0,0,0,0,0,0,0,0,0,0,0,0,0,0,0,0,0,0,0,0,0,0,0,0,0,0,0,0,0,0,0,0,0,0,0,0,0,0,0,0,0,0,0,0,0,0,0,0,0,0,0,0,0,0,0,0,0,0,0,0,0,0,0,0,0,0,0,0,0,0,0,0,0,0,0,0,0,0,0,0,0,0,0,0,0,0,0,0,0,0,0,0,0,0,0,0,0,0,0,0,0,0,0,0,0,0,0,0,0,0,0,0,0,0,0,0,0,0,0,0,0,0,0,0,0,0,0,0,0,0,0,0,0,0,0,0,0,0,0,0,0,0,0,0,0,0,0,0,0,0,0,0,0,0,0,0,0,0,0,0,0,0,0,0,0,0
3297,0,0,0,0,0,0,0,0,0,0,0,0,0,0,0,0,0,0,0,0,0,0,0,0,0,0,0,0,0,0,0,0,0,0,0,0,0,0,0,0,0,0,0,0,0,0,0,0,0,0,0,0,0,0,0,0,0,0,0,0,0,0,0,0,0,0,0,0,0,0,0,0,0,0,0,0,0,0,0,0,0,0,0,0,0,0,0,0,0,0,0,0,0,0,0,0,0,0,0,0,0,0,0,0,0,0,0,0,0,0,0,0,0,0,0,0,0,0,0,0,0,0,0,0,0,0,0,0,0,0,0,0,0,0,0,0,0,0,0,0,0,0,0,0,0,0,0,0,0,0,0,0,0,0,0,0,0,0,0,0,0,0,0,0,0,0,0,0,0,0,0,0,0,0,0,0,0,0,0,0,0,0,0,0,0,0,0,0,0,0,0,0,0,0,0,0,0,0,0,0
3298,0,0,0,0,0,0,0,0,0,0,0,0,0,0,0,0,0,0,0,0,0,0,0,0,0,0,0,0,0,0,0,0,0,0,0,0,0,0,0,0,0,0,0,0,0,0,0,0,0,0,0,0,0,0,0,0,0,0,0,0,0,0,0,0,0,0,0,0,0,0,0,0,0,0,0,0,0,0,0,0,0,0,0,0,0,0,0,0,0,0,0,0,0,0,0,0,0,0,0,0,0,0,0,0,0,0,0,0,0,0,0,0,0,0,0,0,0,0,0,0,0,0,0,0,0,0,0,0,0,0,0,0,0,0,0,0,0,0,0,0,0,0,0,0,0,0,0,0,0,0,0,0,0,0,0,0,0,0,0,0,0,0,0,0,0,0,0,0,0,0,0,0,0,0,0,0,0,0,0,0,0,0,0,0,0,0,0,0,0,0,0,0,0,0,0,0,0,0,0,0
3299,0,0,0,0,0,0,0,0,0,0,0,0,0,0,0,0,0,0,0,0,0,0,0,0,0,0,0,0,0,0,0,0,0,0,0,0,0,0,0,0,0,0,0,0,0,0,0,0,0,0,0,0,0,0,0,0,0,0,0,0,0,0,0,0,0,0,0,0,0,0,0,0,0,0,0,0,0,0,0,0,0,0,0,0,0,0,0,0,0,0,0,0,0,0,0,0,0,0,0,0,0,0,0,0,0,0,0,0,0,0,0,0,0,0,0,0,0,0,0,0,0,0,0,0,0,0,0,0,0,0,0,0,0,0,0,0,0,0,0,0,0,0,0,0,0,0,0,0,0,0,0,0,0,0,0,0,0,0,0,0,0,0,0,0,0,0,0,0,0,0,0.0000000000,0,0,0,0,0,0,0,0,0,0,0,0,0,0,0,0,0,0,0,0,0,0,0,0,0,0,0,0,0
3300,0,0,0,0,0,0,0,0,0,0,0,0,0,0,0,0,0,0,0,0,0,0,0,0,0,0,0,0,0,0,0,0,0,0,0,0,0,0,0,0,0,0,0,0,0,0,0,0,0,0,0,0,0,0,0,0,0,0,0,0,0,0,0,0,0,0,0,0,0,0,0,0,0,0,0,0,0,0,0,0,0,0,0,0,0,0,0,0,0,0,0,0,0,0,0,0,0,0,0,0,0,0,0,0,0,0,0,0,0,0,0,0,0,0,0,0,0,0,0,0,0,0,0,0,0,0,0,0,0,0,0,0,0,0,0,0,0,0,0,0,0,0,0,0,0,0,0,0,0,0,0,0,0,0,0,0,0,0,0,0,0,0,0,0,0,0,0,0,0,0,0,0,0,0,0,0,0,0,0,0,0,0,0,0,0,0,0,0,0,0,0,0,0,0,0,0,0,0,0,0
3301,0,0,0,0,0,0,0,0,0,0,0,0,0,0,0,0,0,0,0,0,0,0,0,0,0,0,0,0,0,0,0,0,0,0,0,0,0,0,0,0,0,0,0,0,0,0,0,0,0,0,0,0,0,0,0,0,0,0,0,0,0,0,0,0,0,0,0,0,0,0,0,0,0,0,0,0,0,0,0,0,0,0,0,0,0,0,0,0,0,0,0,0,0,0,0,0,0,0,0,0,0,0,0,0,0,0,0,0,0,0,0,0,0,0,0,0,0,0,0,0,0,0,0,0,0,0,0,0,0,0,0,0,0,0,0,0,0,0,0,0,0,0,0,0,0,0,0,0,0,0,0,0,0,0,0,0,0,0,0,0,0,0,0,0,0,0,0,0,0,0,0,0,0,0,0,0,0,0,0,0,0,0,0,0,0,0,0,0,0,0,0,0,0,0,0,0,0,0,0,0
3302,0,0,0,0,0,0,0,0,0,0,0,0,0,0,0,0,0,0,0,0,0,0,0,0,0,0,0,0,0,0,0,0,0,0,0,0,0,0,0,0,0,0,0,0,0,0,0,0,0,0,0,0,0,0,0,0,0,0,0,0,0,0,0,0,0,0,0,0,0,0,0,0,0,0,0,0,0,0,0,0,0,0,0,0,0,0,0,0,0,0,0,0,0,0,0,0,0,0,0,0,0,0,0,0,0,0,0,0,0,0,0,0,0,0,0,0,0,0,0,0,0,0,0,0,0,0,0,0,0,0,0,0,0,0,0,0,0,0,0,0,0,0,0,0,0,0,0,0,0,0,0,0,0,0,0,0,0,0,0,0,0,0,0,0,0,0,0,0,0,0,0,0,0,0,0,0,0,0,0,0,0,0,0,0,0,0,0,0,0,0,0,0,0,0,0,0,0,0,0,0
3303,0,0,0,0,0,0,0,0,0,0,0,0,0,0,0,0,0,0,0,0,0,0,0,0,0,0,0,0,0,0,0,0,0,0,0,0,0,0,0,0,0,0,0,0,0,0,0,0,0,0,0,0,0,0,0,0,0,0,0,0,0,0,0,0,0,0,0,0,0,0,0,0,0,0,0,0,0,0,0,0,0,0,0,0,0,0,0,0,0,0,0,0,0,0,0,0,0,0,0,0,0,0,0,0,0,0,0,0,0,0,0,0,0,0,0,0,0,0,0,0,0,0,0,0,0,0,0,0,0,0,0,0,0,0,0,0,0,0,0,0,0,0,0,0,0,0,0,0,0,0,0,0,0,0,0,0,0,0,0,0,0,0,0,0,0,0,0,0,0,0,0,0,0,0,0,0,0,0,0,0,0,0,0,0,0,0,0,0,0,0,0,0,0,0,0,0,0,0,0,0
3304,0,0,0,0,0,0,0,0,0,0,0,0,0,0,0,0,0,0,0,0,0,0,0,0,0,0,0,0,0,0,0,0,0,0,0,0,0,0,0,0,0,0,0,0,0,0,0,0,0,0,0,0,0,0,0,0,0,0,0,0,0,0,0,0,0,0,0,0,0,0,0,0,0,0,0,0,0,0,0,0,0,0,0,0,0,0,0,0,0,0,0,0,0,0,0,0,0,0,0,0,0,0,0,0,0,0,0,0,0,0,0,0,0,0,0,0,0,0,0,0,0,0,0,0,0,0,0,0,0,0,0,0,0,0,0,0,0,0,0,0,0,0,0,0,0,0,0,0,0,0,0,0,0,0,0,0,0,0,0,0,0,0,0,0,0,0,0,0,0,0,0,0,0,0,0,0,0,0,0,0,0,0,0,0,0,0,0,0,0,0,0,0,0,0,0,0,0,0,0,0
3305,0,0,0,0,0,0,0,0,0,0,0,0,0,0,0,0,0,0,0,0,0,0,0,0,0,0,0,0,0,0,0,0,0,0,0,0,0,0,0,0,0,0,0,0,0,0,0,0,0,0,0,0,0,0,0,0,0,0,0,0,0,0,0,0,0,0,0,0,0,0,0,0,0,0,0,0,0,0,0,0,0,0,0,0,0,0,0,0,0,0,0,0,0,0,0,0,0,0,0,0,0,0,0,0,0,0,0,0,0,0,0,0,0,0,0,0,0,0,0,0,0,0,0,0,0,0,0,0,0,0,0,0,0,0,0,0,0,0,0,0,0,0,0,0,0,0,0,0,0,0,0,0,0,0,0,0,0,0,0,0,0,0,0,0,0,0,0,0,0,0,0,0,0,0,0,0,0,0,0,0,0,0,0,0,0,0,0,0,0,0,0,0,0,0,0,0,0,0,0,0
3306,0,0,0,0,0,0,0,0,0,0,0,0,0,0,0,0,0,0,0,0,0,0,0,0,0,0,0,0,0,0,0,0,0,0,0,0,0,0,0,0,0,0,0,0,0,0,0,0,0,0,0,0,0,0,0,0,0,0,0,0,0,0,0,0,0,0,0,0,0,0,0,0,0,0,0,0,0,0,0,0,0,0,0,0,0,0,0,0,0,0,0,0,0,0,0,0,0,0,0,0,0,0,0,0,0,0,0,0,0,0,0,0,0,0,0,0,0,0,0,0,0,0,0,0,0,0,0,0,0,0,0,0,0,0,0,0,0,0,0,0,0,0,0,0,0,0,0,0,0,0,0,0,0,0,0,0,0,0,0,0,0,0,0,0,0,0,0,0,0,0,0,0,0,0,0,0,0,0,0,0,0,0,0,0,0,0,0,0,0,0,0,0,0,0,0,0,0,0,0,0
3307,0,0,0,0,0,0,0,0,0,0,0,0,0,0,0,0,0,0,0,0,0,0,0,0,0,0,0,0,0,0,0,0,0,0,0,0,0,0,0,0,0,0,0,0,0,0,0,0,0,0,0,0,0,0,0,0,0,0,0,0,0,0,0,0,0,0,0,0,0,0,0,0,0,0,0,0,0,0,0,0,0,0,0,0,0,0,0,0,0,0,0,0,0,0,0,0,0,0,0,0,0,0,0,0,0,0,0,0,0,0,0,0,0,0,0,0,0,0,0,0,0,0,0,0,0,0,0,0,0,0,0,0,0,0,0,0,0,0,0,0,0,0,0,0,0,0,0,0,0,0,0,0,0,0,0,0,0,0,0,0,0,0,0,0,0,0,0,0,0,0,0,0,0,0,0,0,0,0,0,0,0,0,0,0,0,0,0,0,0,0,0,0,0,0,0,0,0,0,0,0
3308,0,0,0,0,0,0,0,0,0,0,0,0,0,0,0,0,0,0,0,0,0,0,0,0,0,0,0,0,0,0,0,0,0,0,0,0,0,0,0,0,0,0,0,0,0,0,0,0,0,0,0,0,0,0,0,0,0,0,0,0,0,0,0,0,0,0,0,0,0,0,0,0,0,0,0,0,0,0,0,0,0,0,0,0,0,0,0,0,0,0,0,0,0,0,0,0,0,0,0,0,0,0,0,0,0,0,0,0,0,0,0,0,0,0,0,0,0,0,0,0,0,0,0,0,0,0,0,0,0,0,0,0,0,0,0,0,0,0,0,0,0,0,0,0,0,0,0,0,0,0,0,0,0,0,0,0,0,0,0,0,0,0,0,0,0,0,0,0,0,0,0,0,0,0,0,0,0,0,0,0,0,0,0,0,0,0,0,0,0,0,0,0,0,0,0,0,0,0,0,0
3309,0,0,0,0,0,0,0,0,0,0,0,0,0,0,0,0,0,0,0,0,0,0,0,0,0,0,0,0,0,0,0,0,0,0,0,0,0,0,0,0,0,0,0,0,0,0,0,0,0,0,0,0,0,0,0,0,0,0,0,0,0,0,0,0,0,0,0,0,0,0,0,0,0,0,0,0,0,0,0,0,0,0,0,0,0,0,0,0,0,0,0,0,0,0,0,0,0,0,0,0,0,0,0,0,0,0,0,0,0,0,0,0,0,0,0,0,0,0,0,0,0,0,0,0,0,0,0,0,0,0,0,0,0,0,0,0,0,0,0,0,0,0,0,0,0,0,0,0,0,0,0,0,0,0,0,0,0,0,0,0,0,0,0,0,0,0,0,0,0,0,0,0,0,0,0,0,0,0,0,0,0,0,0,0,0,0,0,0,0,0,0,0,0,0,0,0,0,0,0,0
3310,0,0,0,0,0,0,0,0,0,0,0,0,0,0,0,0,0,0,0,0,0,0,0,0,0,0,0,0,0,0,0,0,0,0,0,0,0,0,0,0,0,0,0,0,0,0,0,0,0,0,0,0,0,0,0,0,0,0,0,0,0,0,0,0,0,0,0,0,0,0,0,0,0,0,0,0,0,0,0,0,0,0,0,0,0,0,0,0,0,0,0,0,0,0,0,0,0,0,0,0,0,0,0,0,0,0,0,0,0,0,0,0,0,0,0,0,0,0,0,0,0,0,0,0,0,0,0,0,0,0,0,0,0,0,0,0,0,0,0,0,0,0,0,0,0,0,0,0,0,0,0,0,0,0,0,0,0,0,0,0,0,0,0,0,0,0,0,0,0,0,0,0,0,0,0,0,0,0,0,0,0,0,0,0,0,0,0,0,0,0,0,0,0,0,0,0,0,0,0,0
3311,0,0,0,0,0,0,0,0,0,0,0,0,0,0,0,0,0,0,0,0,0,0,0,0,0,0,0,0,0,0,0,0,0,0,0,0,0,0,0,0,0,0,0,0,0,0,0,0,0,0,0,0,0,0,0,0,0,0,0,0,0,0,0,0,0,0,0,0,0,0,0,0,0,0,0,0,0,0,0,0,0,0,0,0,0,0,0,0,0,0,0,0,0,0,0,0,0,0,0,0,0,0,0,0,0,0,0,0,0,0,0,0,0,0,0,0,0,0,0,0,0,0,0,0,0,0,0,0,0,0,0,0,0,0,0,0,0,0,0,0,0,0,0,0,0,0,0,0,0,0,0,0,0,0,0,0,0,0,0,0,0,0,0,0,0,0,0,0,0,0,0,0,0,0,0,0,0,0,0,0,0,0,0,0,0,0,0,0,0,0,0,0,0,0,0,0,0,0,0,0
3312,0,0,0,0,0,0,0,0,0,0,0,0,0,0,0,0,0,0,0,0,0,0,0,0,0,0,0,0,0,0,0,0,0,0,0,0,0,0,0,0,0,0,0,0,0,0,0,0,0,0,0,0,0,0,0,0,0,0,0,0,0,0,0,0,0,0,0,0,0,0,0,0,0,0,0,0,0,0,0,0,0,0,0,0,0,0,0,0,0,0,0,0,0,0,0,0,0,0,0,0,0,0,0,0,0,0,0,0,0,0,0,0,0,0,0,0,0,0,0,0,0,0,0,0,0,0,0,0,0,0,0,0,0,0,0,0,0,0,0,0,0,0,0,0,0,0,0,0,0,0,0,0,0,0,0,0,0,0,0,0,0,0,0,0,0,0,0,0,0,0,0,0,0,0,0,0,0,0,0,0,0,0,0,0,0,0,0,0,0,0,0,0,0,0,0,0,0,0,0,0
3313,0,0,0,0,0,0,0,0,0,0,0,0,0,0,0,0,0,0,0,0,0,0,0,0,0,0,0,0,0,0,0,0,0,0,0,0,0,0,0,0,0,0,0,0,0,0,0,0,0,0,0,0,0,0,0,0,0,0,0,0,0,0,0,0,0,0,0,0,0,0,0,0,0,0,0,0,0,0,0,0,0,0,0,0,0,0,0,0,0,0,0,0,0,0,0,0,0,0,0,0,0,0,0,0,0,0,0,0,0,0,0,0,0,0,0,0,0,0,0,0,0,0,0,0,0,0,0,0,0,0,0,0,0,0,0,0,0,0,0,0,0,0,0,0,0,0,0,0,0,0,0,0,0,0,0,0,0,0,0,0,0,0,0,0,0,0,0,0,0,0,0,0,0,0,0,0,0,0,0,0,0,0,0,0,0,0,0,0,0,0,0,0,0,0,0,0,0,0,0,0
3314,0,0,0,0,0,0,0,0,0,0,0,0,0,0,0,0,0,0,0,0,0,0,0,0,0,0,0,0,0,0,0,0,0,0,0,0,0,0,0,0,0,0,0,0,0,0,0,0,0,0,0,0,0,0,0,0,0,0,0,0,0,0,0,0,0,0,0,0,0,0,0,0,0,0,0,0,0,0,0,0,0,0,0,0,0,0,0,0,0,0,0,0,0,0,0,0,0,0,0,0,0,0,0,0,0,0,0,0,0,0,0,0,0,0,0,0,0,0,0,0,0,0,0,0,0,0,0,0,0,0,0,0,0,0,0,0,0,0,0,0,0,0,0,0,0,0,0,0,0,0,0,0,0,0,0,0,0,0,0,0,0,0,0,0,0,0,0,0,0,0,0,0,0,0,0,0,0,0,0,0,0,0,0,0,0,0,0,0,0,0,0,0,0,0,0,0,0,0,0,0
3315,0,0,0,0,0,0,0,0,0,0,0,0,0,0,0,0,0,0,0,0,0,0,0,0,0,0,0,0,0,0,0,0,0,0,0,0,0,0,0,0,0,0,0,0,0,0,0,0,0,0,0,0,0,0,0,0,0,0,0,0,0,0,0,0,0,0,0,0,0,0,0,0,0,0,0,0,0,0,0,0,0,0,0,0,0,0,0,0,0,0,0,0,0,0,0,0,0,0,0,0,0,0,0,0,0,0,0,0,0,0,0,0,0,0,0,0,0,0,0,0,0,0,0,0,0,0,0,0,0,0,0,0,0,0,0,0,0,0,0,0,0,0,0,0,0,0,0,0,0,0,0,0,0,0,0,0,0,0,0,0,0,0,0,0,0,0,0,0,0,0,0,0,0,0,0,0,0,0,0,0,0,0,0,0,0,0,0,0,0,0,0,0,0,0,0,0,0,0,0,0
3316,0,0,0,0,0,0,0,0,0,0,0,0,0,0,0,0,0,0,0,0,0,0,0,0,0,0,0,0,0,0,0,0,0,0,0,0,0,0,0,0,0,0,0,0,0,0,0,0,0,0,0,0,0,0,0,0,0,0,0,0,0,0,0,0,0,0,0,0,0,0,0,0,0,0,0,0,0,0,0,0,0,0,0,0,0,0,0,0,0,0,0,0,0,0,0,0,0,0,0,0,0,0,0,0,0,0,0,0,0,0,0,0,0,0,0,0,0,0,0,0,0,0,0,0,0,0,0,0,0,0,0,0,0,0,0,0,0,0,0,0,0,0,0,0,0,0,0,0,0,0,0,0,0,0,0,0,0,0,0,0,0,0,0,0,0,0,0,0,0,0,0,0,0,0,0,0,0,0,0,0,0,0,0,0,0,0,0,0,0,0,0,0,0,0,0,0,0,0,0,0
3317,0,0,0,0,0,0,0,0,0,0,0,0,0,0,0,0,0,0,0,0,0,0,0,0,0,0,0,0,0,0,0,0,0,0,0,0,0,0,0,0,0,0,0,0,0,0,0,0,0,0,0,0,0,0,0,0,0,0,0,0,0,0,0,0,0,0,0,0,0,0,0,0,0,0,0,0,0,0,0,0,0,0,0,0,0,0,0,0,0,0,0,0,0,0,0,0,0,0,0,0,0,0,0,0,0,0,0,0,0,0,0,0,0,0,0,0,0,0,0,0,0,0,0,0,0,0,0,0,0,0,0,0,0,0,0,0,0,0,0,0,0,0,0,0,0,0,0,0,0,0,0,0,0,0,0,0,0,0,0,0,0,0,0,0,0,0,0,0,0,0,0,0,0,0,0,0,0,0,0,0,0,0,0,0,0,0,0,0,0,0,0,0,0,0,0,0,0,0,0,0
3318,0,0,0,0,0,0,0,0,0,0,0,0,0,0,0,0,0,0,0,0,0,0,0,0,0,0,0,0,0,0,0,0,0,0,0,0,0,0,0,0,0,0,0,0,0,0,0,0,0,0,0,0,0,0,0,0,0,0,0,0,0,0,0,0,0,0,0,0,0,0,0,0,0,0,0,0,0,0,0,0,0,0,0,0,0,0,0,0,0,0,0,0,0,0,0,0,0,0,0,0,0,0,0,0,0,0,0,0,0,0,0,0,0,0,0,0,0,0,0,0,0,0,0,0,0,0,0,0,0,0,0,0,0,0,0,0,0,0,0,0,0,0,0,0,0,0,0,0,0,0,0,0,0,0,0,0,0,0,0,0,0,0,0,0,0,0,0,0,0,0,0,0,0,0,0,0,0,0,0,0,0,0,0,0,0,0,0,0,0,0,0,0,0,0,0,0,0,0,0,0
3319,0,0,0,0,0,0,0,0,0,0,0,0,0,0,0,0,0,0,0,0,0,0,0,0,0,0,0,0,0,0,0,0,0,0,0,0,0,0,0,0,0,0,0,0,0,0,0,0,0,0,0,0,0,0,0,0,0,0,0,0,0,0,0,0,0,0,0,0,0,0,0,0,0,0,0,0,0,0,0,0,0,0,0,0,0,0,0,0,0,0,0,0,0,0,0,0,0,0,0,0,0,0,0,0,0,0,0,0,0,0,0,0,0,0,0,0,0,0,0,0,0,0,0,0,0,0,0,0,0,0,0,0,0,0,0,0,0,0,0,0,0,0,0,0,0,0,0,0,0,0,0,0,0,0,0,0,0,0,0,0,0,0,0,0,0,0,0,0,0,0,0,0,0,0,0,0,0,0,0,0,0,0,0,0,0,0,0,0,0,0,0,0,0,0,0,0,0,0,0,0
3320,0,0,0,0,0,0,0,0,0,0,0,0,0,0,0,0,0,0,0,0,0,0,0,0,0,0,0,0,0,0,0,0,0,0,0,0,0,0,0,0,0,0,0,0,0,0,0,0,0,0,0,0,0,0,0,0,0,0,0,0,0,0,0,0,0,0,0,0,0,0,0,0,0,0,0,0,0,0,0,0,0,0,0,0,0,0,0,0,0,0,0,0,0,0,0,0,0,0,0,0,0,0,0,0,0,0,0,0,0,0,0,0,0,0,0,0,0,0,0,0,0,0,0,0,0,0,0,0,0,0,0,0,0,0,0,0,0,0,0,0,0,0,0,0,0,0,0,0,0,0,0,0,0,0,0,0,0,0,0,0,0,0,0,0,0,0,0,0,0,0,0,0,0,0,0,0,0,0,0,0,0,0,0,0,0,0,0,0,0,0,0,0,0,0,0,0,0,0,0,0
3321,0,0,0,0,0,0,0,0,0,0,0,0,0,0,0,0,0,0,0,0,0,0,0,0,0,0,0,0,0,0,0,0,0,0,0,0,0,0,0,0,0,0,0,0,0,0,0,0,0,0,0,0,0,0,0,0,0,0,0,0,0,0,0,0,0,0,0,0,0,0,0,0,0,0,0,0,0,0,0,0,0,0,0,0,0,0,0,0,0,0,0,0,0,0,0,0,0,0,0,0,0,0,0,0,0,0,0,0,0,0,0,0,0,0,0,0,0,0,0,0,0,0,0,0,0,0,0,0,0,0,0,0,0,0,0,0,0,0,0,0,0,0,0,0,0,0,0,0,0,0,0,0,0,0,0,0,0,0,0,0,0,0,0,0,0,0,0,0,0,0,0,0,0,0,0,0,0,0,0,0,0,0,0,0,0,0,0,0,0,0,0,0,0,0,0,0,0,0,0,0
3322,0,0,0,0,0,0,0,0,0,0,0,0,0,0,0,0,0,0,0,0,0,0,0,0,0,0,0,0,0,0,0,0,0,0,0,0,0,0,0,0,0,0,0,0,0,0,0,0,0,0,0,0,0,0,0,0,0,0,0,0,0,0,0,0,0,0,0,0,0,0,0,0,0,0,0,0,0,0,0,0,0,0,0,0,0,0,0,0,0,0,0,0,0,0,0,0,0,0,0,0,0,0,0,0,0,0,0,0,0,0,0,0,0,0,0,0,0,0,0,0,0,0,0,0,0,0,0,0,0,0,0,0,0,0,0,0,0,0,0,0,0,0,0,0,0,0,0,0,0,0,0,0,0,0,0,0,0,0,0,0,0,0,0,0,0,0,0,0,0,0,0,0,0,0,0,0,0,0,0,0,0,0,0,0,0,0,0,0,0,0,0,0,0,0,0,0,0,0,0,0
3323,0,0,0,0,0,0,0,0,0,0,0,0,0,0,0,0,0,0,0,0,0,0,0,0,0,0,0,0,0,0,0,0,0,0,0,0,0,0,0,0,0,0,0,0,0,0,0,0,0,0,0,0,0,0,0,0,0,0,0,0,0,0,0,0,0,0,0,0,0,0,0,0,0,0,0,0,0,0,0,0,0,0,0,0,0,0,0,0,0,0,0,0,0,0,0,0,0,0,0,0,0,0,0,0,0,0,0,0,0,0,0,0,0,0,0,0,0,0,0,0,0,0,0,0,0,0,0,0,0,0,0,0,0,0,0,0,0,0,0,0,0,0,0,0,0,0,0,0,0,0,0,0,0,0,0,0,0,0,0,0,0,0,0,0,0,0,0,0,0,0,0,0,0,0,0,0,0,0,0,0,0,0,0,0,0,0,0,0,0,0,0,0,0,0,0,0,0,0,0,0
3324,0,0,0,0,0,0,0,0,0,0,0,0,0,0,0,0,0,0,0,0,0,0,0,0,0,0,0,0,0,0,0,0,0,0,0,0,0,0,0,0,0,0,0,0,0,0,0,0,0,0,0,0,0,0,0,0,0,0,0,0,0,0,0,0,0,0,0,0,0,0,0,0,0,0,0,0,0,0,0,0,0,0,0,0,0,0,0,0,0,0,0,0,0,0,0,0,0,0,0,0,0,0,0,0,0,0,0,0,0,0,0,0,0,0,0,0,0,0,0,0,0,0,0,0,0,0,0,0,0,0,0,0,0,0,0,0,0,0,0,0,0,0,0,0,0,0,0,0,0,0,0,0,0,0,0,0,0,0,0,0,0,0,0,0,0,0,0,0,0,0,0,0,0,0,0,0,0,0,0,0,0,0,0,0,0,0,0,0,0,0,0,0,0,0,0,0,0,0,0,0
3325,0,0,0,0,0,0,0,0,0,0,0,0,0,0,0,0,0,0,0,0,0,0,0,0,0,0,0,0,0,0,0,0,0,0,0,0,0,0,0,0,0,0,0,0,0,0,0,0,0,0,0,0,0,0,0,0,0,0,0,0,0,0,0,0,0,0,0,0,0,0,0,0,0,0,0,0,0,0,0,0,0,0,0,0,0,0,0,0,0,0,0,0,0,0,0,0,0,0,0,0,0,0,0,0,0,0,0,0,0,0,0,0,0,0,0,0,0,0,0,0,0,0,0,0,0,0,0,0,0,0,0,0,0,0,0,0,0,0,0,0,0,0,0,0,0,0,0,0,0,0,0,0,0,0,0,0,0,0,0,0,0,0,0,0,0,0,0,0,0,0,0,0,0,0,0,0,0,0,0,0,0,0,0,0,0,0,0,0,0,0,0,0,0,0,0,0,0,0,0,0
3326,0,0,0,0,0,0,0,0,0,0,0,0,0,0,0,0,0,0,0,0,0,0,0,0,0,0,0,0,0,0,0,0,0,0,0,0,0,0,0,0,0,0,0,0,0,0,0,0,0,0,0,0,0,0,0,0,0,0,0,0,0,0,0,0,0,0,0,0,0,0,0,0,0,0,0,0,0,0,0,0,0,0,0,0,0,0,0,0,0,0,0,0,0,0,0,0.0000000000,0,0,0,0,0,0,0,0,0,0,0,0,0,0,0,0,0,0,0,0,0,0,0,0,0,0,0,0,0,0,0,0,0,0,0,0,0,0,0,0,0,0,0,0,0,0,0,0,0,0,0,0,0,0,0,0,0,0,0,0,0,0,0,0,0,0,0,0,0,0,0,0,0,0,0,0,0,0,0,0,0,0,0,0,0,0,0,0,0,0,0,0,0,0,0,0,0,0,0,0,0,0,0,0
3327,0,0,0,0,0,0,0,0,0,0,0,0,0,0,0,0,0,0,0.0000000000,0,0,0,0,0,0,0,0,0,0,0,0,0,0,0,0,0,0,0,0,0,0,0,0,0,0,0,0,0,0,0,0,0,0,0,0,0,0,0,0,0,0,0,0,0,0,0,0,0,0,0,0,0,0,0,0,0,0,0,0,0,0,0,0,0,0,0,0,0,0,0,0,0,0,0,0,0,0,0,0,0,0,0,0,0,0,0,0,0,0,0,0,0,0,0,0,0,0,0,0,0,0,0,0,0,0,0,0,0,0,0,0,0,0,0,0,0,0,0,0,0,0,0,0,0,0,0,0,0,0,0,0,0,0,0,0,0,0,0,0,0,0,0,0,0,0,0,0,0,0,0,0,0,0,0,0,0,0,0,0,0,0,0,0,0,0,0,0,0,0,0,0,0,0,0,0,0,0,0,0,0
3328,0,0,0,0,0,0,0,0,0,0,0,0,0,0,0,0,0,0,0,0,0,0,0,0,0,0,0,0,0,0,0,0,0,0,0,0,0,0,0,0,0,0,0,0,0,0,0,0,0,0,0,0,0,0,0,0,0,0,0,0,0,0,0,0,0,0,0,0,0,0,0,0,0,0,0,0,0,0,0,0,0,0,0,0,0,0,0,0,0,0,0,0,0,0,0,0,0,0,0,0,0,0,0,0,0,0,0,0,0,0,0,0,0,0,0,0,0,0,0,0,0,0,0,0,0,0,0,0,0,0,0,0,0,0,0,0,0,0,0,0,0,0,0,0,0,0,0,0,0,0,0,0,0,0,0,0,0,0,0,0,0,0,0,0,0,0,0,0,0,0,0,0,0,0,0,0,0,0,0,0,0,0,0,0,0,0,0,0,0,0,0,0,0,0,0,0,0,0,0,0
3329,0,0,0,0,0,0,0,0,0,0,0,0,0,0,0,0,0,0,0,0,0,0,0,0,0,0,0,0,0,0,0,0,0,0,0,0,0,0,0,0,0,0,0,0,0,0,0,0,0,0,0,0,0,0,0,0,0,0,0,0,0,0,0,0,0,0,0,0,0,0,0,0,0,0,0,0,0,0,0,0,0,0,0,0,0,0,0,0,0,0,0,0,0,0,0,0,0,0,0,0,0,0,0,0,0,0,0,0,0,0,0,0,0,0,0,0,0,0,0,0,0,0,0,0,0,0,0,0,0,0,0,0,0,0,0,0,0,0,0,0,0,0,0,0,0,0,0,0,0,0,0,0,0,0,0,0,0,0,0,0,0,0,0,0,0,0,0,0,0,0,0,0,0,0,0,0,0,0,0,0,0,0,0,0,0,0,0,0,0,0,0,0,0,0,0,0,0,0,0,0
3330,0,0,0,0,0,0,0,0,0,0,0,0,0,0,0,0,0,0,0,0,0,0,0,0,0,0,0,0,0,0,0,0,0,0,0,0,0,0,0,0,0,0,0,0,0,0,0,0,0,0,0,0,0,0,0,0,0,0,0,0,0,0,0,0,0,0,0,0,0,0,0,0,0,0,0,0,0,0,0,0,0,0,0,0,0,0,0,0,0,0,0,0,0,0,0,0,0,0,0,0,0,0,0,0,0,0,0,0,0,0,0,0,0,0,0,0,0,0,0,0,0,0,0,0,0,0,0,0,0,0,0,0,0,0,0,0,0,0,0,0,0,0,0,0,0,0,0,0,0,0,0,0,0,0,0,0,0,0,0,0,0,0,0,0,0,0,0,0,0,0,0,0,0,0,0,0,0,0,0,0,0,0,0,0,0,0,0,0,0,0,0,0,0,0,0,0,0,0,0,0
3331,0,0,0,0,0,0,0,0,0,0,0,0,0,0,0,0,0,0,0,0,0,0,0,0,0,0,0,0,0,0,0,0,0,0,0,0,0,0,0,0,0,0,0,0,0,0,0,0,0,0,0,0,0,0,0,0,0,0,0,0,0,0,0,0,0,0,0,0,0,0,0,0,0,0,0,0,0,0,0,0,0,0,0,0,0,0,0,0,0,0,0,0,0,0,0,0,0,0,0,0,0,0,0,0,0,0,0,0,0,0,0,0,0,0,0,0,0,0,0,0,0,0,0,0,0,0,0,0,0,0,0,0,0,0,0,0,0,0,0,0,0,0,0,0,0,0,0,0,0,0,0,0,0,0,0,0,0,0,0,0,0,0,0,0,0,0,0,0,0,0,0,0,0,0,0,0,0,0,0,0,0,0,0,0,0,0,0,0,0,0,0,0,0,0,0,0,0,0,0,0
3332,0,0,0,0,0,0,0,0,0,0,0,0,0,0,0,0,0,0,0,0,0,0,0,0,0,0,0,0,0,0,0,0,0,0,0,0,0,0,0,0,0,0,0,0,0,0,0,0,0,0,0,0,0,0,0,0,0,0,0,0,0,0,0,0,0,0,0,0,0,0,0,0,0,0,0,0,0,0,0,0,0,0,0,0,0,0,0,0,0,0,0,0,0,0,0,0,0,0,0,0,0,0,0,0,0,0,0,0,0,0,0,0,0,0,0,0,0,0,0,0,0,0,0,0,0,0,0,0,0,0,0,0,0,0,0,0,0,0,0,0,0,0,0,0,0,0,0,0,0,0,0,0,0,0,0,0,0,0,0,0,0,0,0,0,0,0,0,0,0,0,0,0,0,0,0,0,0,0,0,0,0,0,0,0,0,0,0,0,0,0,0,0.0000000000,0,0,0,0,0,0,0,0
3333,0,0,0,0,0,0,0,0,0,0,0,0,0,0,0,0,0,0,0,0,0,0,0,0,0,0,0,0,0,0,0,0,0,0,0,0,0,0,0,0,0,0,0,0,0,0,0,0,0,0,0,0,0,0,0,0,0,0,0,0,0,0,0,0,0,0,0,0,0,0,0,0,0,0,0,0,0,0,0,0,0,0,0,0,0,0,0,0,0,0,0,0,0,0,0,0,0,0,0,0,0,0,0,0,0,0,0,0,0,0,0,0,0,0,0,0,0,0,0,0,0,0,0,0,0,0,0,0,0,0,0,0,0,0,0,0,0,0,0,0,0,0,0,0,0,0,0,0,0,0,0,0,0,0,0,0,0,0,0,0,0,0,0,0,0,0,0,0,0,0,0,0,0,0,0,0,0,0,0,0,0,0,0,0,0,0,0,0,0,0,0,0,0,0,0,0,0,0,0,0
3334,0,0,0,0,0,0,0,0,0,0,0,0,0,0,0,0,0,0,0,0,0,0,0,0,0,0,0,0,0,0,0,0,0,0,0,0,0,0,0,0,0,0,0,0,0,0,0,0,0,0,0,0,0,0,0,0,0,0,0,0,0,0,0,0,0,0,0,0,0,0,0,0,0,0,0,0,0,0,0,0,0,0,0,0,0,0,0,0,0,0,0,0,0,0,0,0,0,0,0,0,0,0,0,0,0,0,0,0,0,0,0,0,0,0,0,0,0,0,0,0,0,0,0,0,0,0,0,0,0,0,0,0,0,0,0,0,0,0,0,0,0,0,0,0,0,0,0,0,0,0,0,0,0,0,0,0,0,0,0,0,0,0,0,0,0,0,0,0,0,0,0,0,0,0,0,0,0,0,0,0,0,0,0,0,0,0,0,0,0,0,0,0,0,0,0,0,0,0,0,0
3335,0,0,0,0,0,0,0,0,0,0,0,0,0,0,0,0,0,0,0,0,0,0,0,0,0,0,0,0,0,0,0,0,0,0,0,0,0,0,0,0,0,0,0,0,0,0,0,0,0,0,0,0,0,0,0,0,0,0,0,0,0,0,0,0,0,0,0,0,0,0,0,0,0,0,0,0,0,0,0,0,0,0,0,0,0,0,0,0,0,0,0,0,0,0,0,0,0,0,0,0,0,0,0,0,0,0,0,0,0,0,0,0,0,0,0,0,0,0,0,0,0,0,0,0,0,0,0,0,0,0,0,0,0,0,0,0,0,0,0,0,0,0,0,0,0,0,0,0,0,0,0,0,0,0,0,0,0,0,0,0,0,0,0,0,0,0,0,0,0,0,0,0,0,0,0,0,0,0,0,0,0,0,0,0,0,0,0,0,0,0,0,0,0,0,0,0,0,0,0,0
3336,0,0,0,0,0,0,0,0,0,0,0,0,0,0,0,0,0,0,0,0,0,0,0,0,0,0,0,0,0,0,0,0,0,0,0,0,0,0,0,0,0,0,0,0,0,0,0,0,0,0,0,0,0,0,0,0,0,0,0,0,0,0,0,0,0,0,0,0,0,0,0,0,0,0,0,0,0,0,0,0,0,0,0,0,0,0,0,0,0,0,0,0,0,0,0,0,0,0,0,0,0,0,0,0,0,0,0,0,0,0,0,0,0,0,0,0,0,0,0,0,0,0,0,0,0,0,0,0,0,0,0,0,0,0,0,0,0,0,0,0,0,0,0,0,0,0,0,0,0,0,0,0,0,0,0,0,0,0,0,0,0,0,0,0,0,0,0,0,0,0,0,0,0,0,0,0,0,0,0,0,0,0,0,0,0,0,0,0,0,0,0,0,0,0,0,0,0,0,0,0
3337,0,0,0,0,0,0,0,0,0,0,0,0,0,0,0,0,0,0,0,0,0,0,0,0,0,0,0,0,0,0,0,0,0,0,0,0,0,0,0,0,0,0,0,0,0,0,0,0,0,0,0,0,0,0,0,0,0,0,0,0,0,0,0,0,0,0,0,0,0,0,0,0,0,0,0,0,0,0,0,0,0,0,0,0,0,0,0,0,0,0,0,0,0,0,0,0,0,0,0,0,0,0,0,0,0,0,0,0,0,0,0,0,0,0,0,0,0,0,0,0,0,0,0,0,0,0,0,0,0,0,0,0,0,0,0,0,0,0,0,0,0,0,0,0,0,0,0,0,0,0,0,0,0,0,0,0,0,0,0,0,0,0,0,0,0,0,0,0,0,0,0,0,0,0,0,0,0,0,0,0,0,0,0,0,0,0,0,0,0,0,0,0,0,0,0,0,0,0,0,0
3338,0,0,0,0,0,0,0,0,0,0,0,0,0,0,0,0,0,0,0,0,0,0,0,0,0,0,0,0,0,0,0,0,0,0,0,0,0,0,0,0,0,0,0,0,0,0,0,0,0,0,0,0,0,0,0,0,0,0,0,0,0,0,0,0,0,0,0,0,0,0,0,0,0,0,0,0,0,0,0,0,0,0,0,0,0,0,0,0,0,0,0,0,0,0,0,0,0,0,0,0,0,0,0,0,0,0,0,0,0,0,0,0,0,0,0,0,0,0,0,0,0,0,0,0,0,0,0,0,0,0,0,0,0,0,0,0,0,0,0,0,0,0,0,0,0,0,0,0,0,0,0,0,0,0,0,0,0,0,0,0,0,0,0,0,0,0,0,0,0,0,0,0,0,0,0,0,0,0,0,0,0,0,0,0,0,0,0,0,0,0,0,0,0,0,0,0,0,0,0,0
3339,0,0,0,0,0,0,0,0,0,0,0,0,0,0,0,0,0,0,0,0,0,0,0,0,0,0,0,0,0,0,0,0,0,0,0,0,0,0,0,0,0,0,0,0,0,0,0,0,0,0,0,0,0,0,0,0,0,0,0,0,0,0,0,0,0,0,0,0,0,0,0,0,0,0,0,0,0,0,0,0,0,0,0,0,0,0,0,0,0,0,0,0,0,0,0,0,0,0,0,0,0,0,0,0,0,0,0,0,0,0,0,0,0,0,0,0,0,0,0,0,0,0,0,0,0,0,0,0,0,0,0,0,0,0,0,0,0,0,0,0,0,0,0,0,0,0,0,0,0,0,0,0,0,0,0,0,0,0,0,0,0,0,0,0,0,0,0,0,0,0,0,0,0,0,0,0,0,0,0,0,0,0,0,0,0,0,0,0,0,0,0,0,0,0,0,0,0,0,0,0
3340,0,0,0,0,0,0,0,0,0,0,0,0,0,0,0,0,0,0,0,0,0,0,0,0,0,0,0,0,0,0,0,0,0,0,0,0,0,0,0,0,0,0,0,0,0,0,0,0,0,0,0,0,0,0,0,0,0,0,0,0,0,0,0,0,0,0,0,0,0,0,0,0,0,0,0,0,0,0,0,0,0,0,0,0,0,0,0,0,0,0,0,0,0,0,0,0,0,0,0,0,0,0,0,0,0,0,0,0,0,0,0,0,0,0,0,0,0,0,0,0,0,0,0,0,0,0,0,0,0,0,0,0,0,0,0,0,0,0,0,0,0,0,0,0,0,0,0,0,0,0,0,0,0,0,0,0,0,0,0,0,0,0,0,0,0,0,0,0,0,0,0,0,0,0,0,0,0,0,0,0,0,0,0,0,0,0,0,0,0,0,0,0,0,0,0,0,0,0,0,0
3341,0,0,0,0,0,0,0,0,0,0,0,0,0,0,0,0,0,0,0,0,0,0,0,0,0,0,0,0,0,0,0,0,0,0,0,0,0,0,0,0,0,0,0,0,0,0,0,0,0,0,0,0,0,0,0,0,0,0,0,0,0,0,0,0,0,0,0,0,0,0,0,0,0,0,0,0,0,0,0,0,0,0,0,0,0,0,0,0,0,0,0,0,0,0,0,0,0,0,0,0,0,0,0,0,0,0,0,0,0,0,0,0,0,0,0,0,0,0,0,0,0,0,0,0,0,0,0,0,0,0,0,0,0,0,0,0,0,0,0,0,0,0,0,0,0,0,0,0,0,0,0,0,0,0,0,0,0,0,0,0,0,0,0,0,0,0,0,0,0,0,0,0,0,0,0,0,0,0,0,0,0,0,0,0,0,0,0,0,0,0,0,0,0,0,0,0,0,0,0,0
3342,0,0,0,0,0,0,0,0,0,0,0,0,0,0,0,0,0,0,0,0,0,0,0,0,0,0,0,0,0,0,0,0,0,0,0,0,0,0,0,0,0,0,0,0,0,0,0,0,0,0,0,0,0,0,0,0,0,0,0,0,0,0,0,0,0,0,0,0,0,0,0,0,0,0,0,0,0,0,0,0,0,0,0,0,0,0,0,0,0,0,0,0,0,0,0,0,0,0,0,0,0,0,0,0,0,0,0,0,0,0,0,0,0,0,0,0,0,0,0,0,0,0,0,0,0,0,0,0,0,0,0,0,0,0,0,0,0,0,0,0,0,0,0,0,0,0,0,0,0,0,0,0,0,0,0,0,0,0,0,0,0,0,0,0,0,0,0,0,0,0,0,0,0,0,0,0,0,0,0,0,0,0,0,0,0,0,0,0,0,0,0,0,0,0,0,0,0,0,0,0
3343,0,0,0,0,0,0,0,0,0,0,0,0,0,0,0,0,0,0,0,0,0,0,0,0,0,0,0,0,0,0,0,0,0,0,0,0,0,0,0,0,0,0,0,0,0,0,0,0,0,0,0,0,0,0,0,0,0,0,0,0,0,0,0,0,0,0,0,0,0,0,0,0,0,0,0,0,0,0,0,0,0,0,0,0,0,0,0,0,0,0,0,0,0,0,0,0,0,0,0,0,0,0,0,0,0,0,0,0,0,0,0,0,0,0,0,0,0,0,0,0,0,0,0,0,0,0,0,0,0,0,0,0,0,0,0,0,0,0,0,0,0,0,0,0,0,0,0,0,0,0,0,0,0,0,0,0,0,0,0,0,0,0,0,0,0,0,0,0,0,0,0,0,0,0,0,0,0,0,0,0,0,0,0,0,0,0,0,0,0,0,0,0,0,0,0,0,0,0,0,0
3344,0,0,0,0,0,0,0,0,0,0,0,0,0,0,0,0,0,0,0,0,0,0,0,0,0,0,0,0,0,0,0,0,0,0,0,0,0,0,0,0,0,0,0,0,0,0,0,0,0,0,0,0,0,0,0,0,0,0,0,0,0,0,0,0,0,0,0,0,0,0,0,0,0,0,0,0,0,0,0,0,0,0,0,0,0,0,0,0,0,0,0,0,0,0,0,0,0,0,0,0,0,0,0,0,0,0,0,0,0,0,0,0,0,0,0,0,0,0,0,0,0,0,0,0,0,0,0,0,0,0,0,0,0,0,0,0,0,0,0,0,0,0,0,0,0,0,0,0,0,0,0,0,0,0,0,0,0,0,0,0,0,0,0,0,0,0,0,0,0,0,0,0,0,0,0,0,0,0,0,0,0,0,0,0,0,0,0,0,0,0,0,0,0,0,0,0,0,0,0,0
3345,0,0,0,0,0,0,0,0,0,0,0,0,0,0,0,0,0,0,0,0,0,0,0,0,0,0,0,0,0,0,0,0,0,0,0,0,0,0,0,0,0,0,0,0,0,0,0,0,0,0,0,0,0,0,0,0,0,0,0,0,0,0,0,0,0,0,0,0,0,0,0,0,0,0,0,0,0,0,0,0,0,0,0,0,0,0,0,0,0,0,0,0,0,0,0,0,0,0,0,0,0,0,0,0,0,0,0,0,0,0,0,0,0,0,0,0,0,0,0,0,0,0,0,0,0,0,0,0,0,0,0,0,0,0,0,0,0,0,0,0,0,0,0,0,0,0,0,0,0,0,0,0,0,0,0,0,0,0,0,0,0,0,0,0,0,0,0,0,0,0,0,0,0,0,0,0,0,0,0,0,0,0,0,0,0,0,0,0,0,0,0,0,0,0,0,0,0,0,0,0
3346,0,0,0,0,0,0,0,0,0,0,0,0,0,0,0,0,0,0,0,0,0,0,0,0,0,0,0,0,0,0,0,0,0,0,0,0,0,0,0,0,0,0,0,0,0,0,0,0,0,0,0,0,0,0,0,0,0,0,0,0,0,0,0,0,0,0,0,0,0,0,0,0,0,0,0,0,0,0,0,0,0,0,0,0,0,0,0,0,0,0,0,0,0,0,0,0,0,0,0,0,0,0,0,0,0,0,0,0,0,0,0,0,0,0,0,0,0,0,0,0,0,0,0,0,0,0,0,0,0,0,0,0,0,0,0,0,0,0,0,0,0,0,0,0,0,0,0,0,0,0,0,0,0,0,0,0,0,0,0,0,0,0,0,0,0,0,0,0,0,0,0,0,0,0,0,0,0,0,0,0,0,0,0,0,0,0,0,0,0,0,0,0,0,0,0,0,0,0,0,0
3347,0,0,0,0,0,0,0,0,0,0,0,0,0,0,0,0,0,0,0,0,0,0,0,0,0,0,0,0,0,0,0,0,0,0,0,0,0,0,0,0,0,0,0,0,0,0,0,0,0,0,0,0,0,0,0,0,0,0,0,0,0,0,0,0,0,0,0,0,0,0,0,0,0,0,0,0,0,0,0,0,0,0,0,0,0,0,0,0,0,0,0,0,0,0,0,0,0,0,0,0,0,0,0,0,0,0,0,0,0,0,0,0,0,0,0,0,0,0,0,0,0,0,0,0,0,0,0,0,0,0,0,0,0,0,0,0,0,0,0,0,0,0,0,0,0,0,0,0,0,0,0,0,0,0,0,0,0,0,0,0,0,0,0,0,0,0,0,0,0,0,0,0,0,0,0,0,0,0,0,0,0,0,0,0,0,0,0,0,0,0,0,0,0,0,0,0,0,0,0,0
3348,0,0,0,0,0,0,0,0,0,0,0,0,0,0,0,0,0,0,0,0,0,0,0,0,0,0,0,0,0,0,0,0,0,0,0,0,0,0,0,0,0,0,0,0,0,0,0,0,0,0,0,0,0,0,0,0,0,0,0,0,0,0,0,0,0,0,0,0,0,0,0,0,0,0,0,0,0,0,0,0,0,0,0,0,0,0,0,0,0,0,0,0,0,0,0,0,0,0,0,0,0,0,0,0,0,0,0,0,0,0,0,0,0,0,0,0,0,0,0,0,0,0,0,0,0,0,0,0,0,0,0,0,0,0,0,0,0,0,0,0,0,0,0,0,0,0,0,0,0,0,0,0,0,0,0,0,0,0,0,0,0,0,0,0,0,0,0,0,0,0,0,0,0,0,0,0,0,0,0,0,0,0,0,0,0,0,0,0,0,0,0,0,0,0,0,0,0,0,0,0
3349,0,0,0,0,0,0,0,0,0,0,0,0,0,0,0,0,0,0,0,0,0,0,0,0,0,0,0,0,0,0,0,0,0,0,0,0,0,0,0,0,0,0,0,0,0,0,0,0,0,0,0,0,0,0,0,0,0,0,0,0,0,0,0,0,0,0,0,0,0,0,0,0,0,0,0,0,0,0,0,0,0,0,0,0,0,0,0,0,0,0,0,0,0,0,0,0,0,0,0,0,0,0,0,0,0,0,0,0,0,0,0,0,0,0,0,0,0,0,0,0,0,0,0,0,0,0,0,0,0,0,0,0,0,0,0,0,0,0,0,0,0,0,0,0,0,0,0,0,0,0,0,0,0,0,0,0,0,0,0,0,0,0,0,0,0,0,0,0,0,0,0,0,0,0,0,0,0,0,0,0,0,0,0,0,0,0,0,0,0,0,0,0,0,0,0,0,0,0,0,0
3350,0,0,0,0,0,0,0,0,0,0,0,0,0,0,0,0,0,0,0,0,0,0,0,0,0,0,0,0,0,0,0,0,0,0,0,0,0,0,0,0,0,0,0,0,0,0,0,0,0,0,0,0,0,0,0,0,0,0,0,0,0,0,0,0,0,0,0,0,0,0,0,0,0,0,0,0,0,0,0,0,0,0,0,0,0,0,0,0,0,0,0,0,0,0,0,0,0,0,0,0,0,0,0,0,0,0,0,0,0,0,0,0,0,0,0,0,0,0,0,0,0,0,0,0,0,0,0,0,0,0,0,0,0,0,0,0,0,0,0,0,0,0,0,0,0,0,0,0,0,0,0,0,0,0,0,0,0,0,0,0,0,0,0,0,0,0,0,0,0,0,0,0,0,0,0,0,0,0,0,0,0,0,0,0,0,0,0,0,0,0,0,0,0,0,0,0,0,0,0,0
3351,0,0,0,0,0,0,0,0,0,0,0,0,0,0,0,0,0,0,0,0,0,0,0,0,0,0,0,0,0,0,0,0,0,0,0,0,0,0,0,0,0,0,0,0,0,0,0,0,0,0,0,0,0,0,0,0,0,0,0,0,0,0,0,0,0,0,0,0,0,0,0,0,0,0,0,0,0,0,0,0,0,0,0,0,0,0,0,0,0,0,0,0,0,0,0,0,0,0,0,0,0,0,0,0,0,0,0,0,0,0,0,0,0,0,0,0,0,0,0,0,0,0,0,0,0,0,0,0,0,0,0,0,0,0,0,0,0,0,0,0,0,0,0,0,0,0,0,0,0,0,0,0,0,0,0,0,0,0,0,0,0,0,0,0,0,0,0,0,0,0,0,0,0,0,0,0,0,0,0,0,0,0,0,0,0,0,0,0,0,0,0,0,0,0,0,0,0,0,0,0
3352,0,0,0,0,0,0,0,0,0,0,0,0,0,0,0,0,0,0,0,0,0,0,0,0,0,0,0,0,0,0,0,0,0,0,0,0,0,0,0,0,0,0,0,0,0,0,0,0,0,0,0,0,0,0,0,0,0,0,0,0,0,0,0,0,0,0,0,0,0,0,0,0,0,0,0,0,0,0,0,0,0,0,0,0,0,0,0,0,0,0,0,0,0,0,0,0,0,0,0,0,0,0,0,0,0,0,0,0,0,0,0,0,0,0,0,0,0,0,0,0,0,0,0,0,0,0,0,0,0,0,0,0,0,0,0,0,0,0,0,0,0,0,0,0,0,0,0,0,0,0,0,0,0,0,0,0,0,0,0,0,0,0,0,0,0,0,0,0,0,0,0,0,0,0,0,0,0,0,0,0,0,0,0,0,0,0,0,0,0,0,0,0,0,0,0,0,0,0,0,0
3353,0,0,0,0,0,0,0,0,0,0,0,0,0,0,0,0,0,0,0,0,0,0,0,0,0,0,0,0,0,0,0,0,0,0,0,0,0,0,0,0,0,0,0,0,0,0,0,0,0,0,0,0,0,0,0,0,0,0,0,0,0,0,0,0,0,0,0,0,0,0,0,0,0,0,0,0,0,0,0,0,0,0,0,0,0,0,0,0,0,0,0,0,0,0,0,0,0,0,0,0,0,0,0,0,0,0,0,0,0,0,0,0,0,0,0,0,0,0,0,0,0,0,0,0,0,0,0,0,0,0,0,0,0,0,0,0,0,0,0,0,0,0,0,0,0,0,0,0,0,0,0,0,0,0,0,0,0,0,0,0,0,0,0,0,0,0,0,0,0,0,0,0,0,0,0,0,0,0,0,0,0,0,0,0,0,0,0,0,0,0,0,0,0,0,0,0,0,0,0,0
3354,0,0,0,0,0,0,0,0,0,0,0,0,0,0,0,0,0,0,0,0,0,0,0,0,0,0,0,0,0,0,0,0,0,0,0,0,0,0,0,0,0,0,0,0,0,0,0,0,0,0,0,0,0,0,0,0,0,0,0,0,0,0,0,0,0,0,0,0,0,0,0,0,0,0,0,0,0,0,0,0,0,0,0,0,0,0,0,0,0,0,0,0,0,0,0,0,0,0,0,0,0,0,0,0,0,0,0,0,0,0,0,0,0,0,0,0,0,0,0,0,0,0,0,0,0,0,0,0,0,0,0,0,0,0,0,0,0,0,0,0,0,0,0,0,0,0,0,0,0,0,0,0,0,0,0,0,0,0,0,0,0,0,0,0,0,0,0,0,0,0,0,0,0,0,0,0,0,0,0,0,0,0,0,0,0,0,0,0,0,0,0,0,0,0,0,0,0,0,0,0
3355,0,0,0,0,0,0,0,0,0,0,0,0,0,0,0,0,0,0,0,0,0,0,0,0,0,0,0,0,0,0,0,0,0,0,0,0,0,0,0,0,0,0,0,0,0,0,0,0,0,0,0,0,0,0,0,0,0,0,0,0,0,0,0,0,0,0,0,0,0,0,0,0,0,0,0,0,0,0,0,0,0,0,0,0,0,0,0,0,0,0,0,0,0,0,0,0,0,0,0,0,0,0,0,0,0,0,0,0,0,0,0,0,0,0,0,0,0,0,0,0,0,0,0,0,0,0,0,0,0,0,0,0,0,0,0,0,0,0,0,0,0,0,0,0,0,0,0,0,0,0,0,0,0,0,0,0,0,0,0,0,0,0,0,0,0,0,0,0,0,0,0,0,0,0,0,0,0,0,0,0,0,0,0,0,0,0,0,0,0,0,0,0,0,0,0,0,0,0,0,0
3356,0,0,0,0,0,0,0,0,0,0,0,0,0,0,0,0,0,0,0,0,0,0,0,0,0,0,0,0,0,0,0,0,0,0,0,0,0,0,0,0,0,0,0,0,0,0,0,0,0,0,0,0,0,0,0,0,0,0,0,0,0,0,0,0,0,0,0,0,0,0,0,0,0,0,0,0,0,0,0,0,0,0,0,0,0,0,0,0,0,0,0,0,0,0,0,0,0,0,0,0,0,0,0,0,0,0,0,0,0,0,0,0,0,0,0,0,0,0,0,0,0,0,0,0,0,0,0,0,0,0,0,0,0,0,0,0,0,0,0,0,0,0,0,0,0,0,0,0,0,0,0,0,0,0,0,0,0,0,0,0,0,0,0,0,0,0,0,0,0,0,0,0,0,0,0,0,0,0,0,0,0,0,0,0,0,0,0,0,0,0,0,0,0,0,0,0,0,0,0,0
3357,0,0,0,0,0,0,0,0,0,0,0,0,0,0,0,0,0,0,0,0,0,0,0,0,0,0,0,0,0,0,0,0,0,0,0,0,0,0,0,0,0,0,0,0,0,0,0,0,0,0,0,0,0,0,0,0,0,0,0,0,0,0,0,0,0,0,0,0,0,0,0,0,0,0,0,0,0,0,0,0,0,0,0,0,0,0,0,0,0,0,0,0,0,0,0,0,0,0,0,0,0,0,0,0,0,0,0,0,0,0,0,0,0,0,0,0,0,0,0,0,0,0,0,0,0,0,0,0,0,0,0,0,0,0,0,0,0,0,0,0,0,0,0,0,0,0,0,0,0,0,0,0,0,0,0,0,0,0,0,0,0,0,0,0,0,0,0,0,0,0,0,0,0,0,0,0,0,0,0,0,0,0,0,0,0,0,0,0,0,0,0,0,0,0,0,0,0,0,0,0
3358,0,0,0,0,0,0,0,0,0,0,0,0,0,0,0,0,0,0,0,0,0,0,0,0,0,0,0,0,0,0,0,0,0,0,0,0,0,0,0,0,0,0,0,0,0,0,0,0,0,0,0,0,0,0,0,0,0,0,0,0,0,0,0,0,0,0,0,0,0,0,0,0,0,0,0,0,0,0,0,0,0,0,0,0,0,0,0,0,0,0,0,0,0,0,0,0,0,0,0,0,0,0,0,0,0,0,0,0,0,0,0,0,0,0,0,0,0,0,0,0,0,0,0,0,0,0,0,0,0,0,0,0,0,0,0,0,0,0,0,0,0,0,0,0,0,0,0,0,0,0,0,0,0,0,0,0,0,0,0,0,0,0,0,0,0,0,0,0,0,0,0,0,0,0,0,0,0,0,0,0,0,0,0,0,0,0,0,0,0,0,0,0,0,0,0,0,0,0,0,0
3359,0,0,0,0,0,0,0,0,0,0,0,0,0,0,0,0,0,0,0,0,0,0,0,0,0,0,0,0,0,0,0,0,0,0,0,0,0,0,0,0,0,0,0,0,0,0,0,0,0,0,0,0,0,0,0,0,0,0,0,0,0,0,0,0,0,0,0,0,0,0,0,0,0,0,0,0,0,0,0,0,0,0,0,0,0,0,0,0,0,0,0,0,0,0,0,0,0,0,0,0,0,0,0,0,0,0,0,0,0,0,0,0,0,0,0,0,0,0,0,0,0,0,0,0,0,0,0,0,0,0,0,0,0,0,0,0,0,0,0,0,0,0,0,0,0,0,0,0,0,0,0,0,0,0,0,0,0,0,0,0,0,0,0,0,0,0,0,0,0,0,0,0,0,0,0,0,0,0,0,0,0,0,0,0,0,0,0,0,0,0,0,0,0,0,0,0,0,0,0,0
3360,0,0,0,0,0,0,0,0,0,0,0,0,0,0,0,0,0,0,0,0,0,0,0,0,0,0,0,0,0,0,0,0,0,0,0,0,0,0,0,0,0,0,0,0,0,0,0,0,0,0,0,0,0,0,0,0,0,0,0,0,0,0,0,0,0,0,0,0,0,0,0,0,0,0,0,0,0,0,0,0,0,0,0,0,0,0,0,0,0,0,0,0,0,0,0,0,0,0,0,0,0,0,0,0,0,0,0,0,0,0,0,0,0,0,0,0,0,0,0,0,0,0,0,0,0,0,0,0,0,0,0,0,0,0,0,0,0,0,0,0,0,0,0,0,0,0,0,0,0,0,0,0,0,0,0,0,0,0,0,0,0,0,0,0,0,0,0,0,0,0,0,0,0,0,0,0,0,0,0,0,0,0,0,0,0,0,0,0,0,0,0,0,0,0,0,0,0,0,0,0
3361,0,0,0,0,0,0,0,0,0,0,0,0,0,0,0,0,0,0,0,0,0,0,0,0,0,0,0,0,0,0,0,0,0,0,0,0,0,0,0,0,0,0,0,0,0,0,0,0,0,0,0,0,0,0,0,0,0,0,0,0,0,0,0,0,0,0,0,0,0,0,0,0,0,0,0,0,0,0,0,0,0,0,0,0,0,0,0,0,0,0,0,0,0,0,0,0,0,0,0,0,0,0,0,0,0,0,0,0,0,0,0,0,0,0,0,0,0,0,0,0,0,0,0,0,0,0,0,0,0,0,0,0,0,0,0,0,0,0,0,0,0,0,0,0,0,0,0,0,0,0,0,0,0,0,0,0,0,0,0,0,0,0,0,0,0,0,0,0,0,0,0,0,0,0,0,0,0,0,0,0,0,0,0,0,0,0,0,0,0,0,0,0,0,0,0,0,0,0,0,0
3362,0,0,0,0,0,0,0,0,0,0,0,0,0,0,0,0,0,0,0,0,0,0,0,0,0,0,0,0,0,0,0,0,0,0,0,0,0,0,0,0,0,0,0,0,0,0,0,0,0,0,0,0,0,0,0,0,0,0,0,0,0,0,0,0,0,0,0,0,0,0,0,0,0,0,0,0,0,0,0,0,0,0,0,0,0,0,0,0,0,0,0,0,0,0,0,0,0,0,0,0,0,0,0,0,0,0,0,0,0,0,0,0,0,0,0,0,0,0,0,0,0,0,0,0,0,0,0,0,0,0,0,0,0,0,0,0,0,0,0,0,0,0,0,0,0,0,0,0,0,0,0,0,0,0,0,0,0,0,0,0,0,0,0,0,0,0,0,0,0,0,0,0,0,0,0,0,0,0,0,0,0,0,0,0,0,0,0,0,0,0,0,0,0,0,0,0,0,0,0,0
3363,0,0,0,0,0,0,0,0,0,0,0,0,0,0,0,0,0,0,0,0,0,0,0,0,0,0,0,0,0,0,0,0,0,0,0,0,0,0,0,0,0,0,0,0,0,0,0,0,0,0,0,0,0,0,0,0,0,0,0,0,0,0,0,0,0,0,0,0,0,0,0,0,0,0,0,0,0,0,0,0,0,0,0,0,0,0,0,0,0,0,0,0,0,0,0,0,0,0,0,0,0,0,0,0,0,0,0,0,0,0,0,0,0,0,0,0,0,0,0,0,0,0,0,0,0,0,0,0,0,0,0,0,0,0,0,0,0,0,0,0,0,0,0,0,0,0,0,0,0,0,0,0,0,0,0,0,0,0,0,0,0,0,0,0,0,0,0,0,0,0,0,0,0,0,0,0,0,0,0,0,0,0,0,0,0,0,0,0,0,0,0,0,0,0,0,0,0,0,0,0
3364,0,0,0,0,0,0,0,0,0,0,0,0,0,0,0,0,0,0,0,0,0,0,0,0,0,0,0,0,0,0,0,0,0,0,0,0,0,0,0,0,0,0,0,0,0,0,0,0,0,0,0,0,0,0,0,0,0,0,0,0,0,0,0,0,0,0,0,0,0,0,0,0,0,0,0,0,0,0,0,0,0,0,0,0,0,0,0,0,0,0,0,0,0,0,0,0,0,0,0,0,0,0,0,0,0,0,0,0,0,0,0,0,0,0,0,0,0,0,0,0,0,0,0,0,0,0,0,0,0,0,0,0,0,0,0,0,0,0,0,0,0,0,0,0,0,0,0,0,0,0,0,0,0,0,0,0,0,0,0,0,0,0,0,0,0,0,0,0,0,0,0,0,0,0,0,0,0,0,0,0,0,0,0,0,0,0,0,0,0,0,0,0,0,0,0,0,0,0,0,0
3365,0,0,0,0,0,0,0,0,0,0,0,0,0,0,0,0,0,0,0,0,0,0,0,0,0,0,0,0,0,0,0,0,0,0,0,0,0,0,0,0,0,0,0,0,0,0,0,0,0,0,0,0,0,0,0,0,0,0,0,0,0,0,0,0,0,0,0,0,0,0,0,0,0,0,0,0,0,0,0,0,0,0,0,0,0,0,0,0,0,0,0,0,0,0,0,0,0,0,0,0,0,0,0,0,0,0,0,0,0,0,0,0,0,0,0,0,0,0,0,0,0,0,0,0,0,0,0,0,0,0,0,0,0,0,0,0,0,0,0,0,0,0,0,0,0,0,0,0,0,0,0,0,0,0,0,0,0,0,0,0,0,0,0,0,0,0,0,0,0,0,0,0,0,0,0,0,0,0,0,0,0,0,0,0,0,0,0,0,0,0,0,0,0,0,0,0,0,0,0,0
3366,0,0,0,0,0,0,0,0,0,0,0,0,0,0,0,0,0,0,0,0,0,0,0,0,0,0,0,0,0,0,0,0,0,0,0,0,0,0,0,0,0,0,0,0,0,0,0,0,0,0,0,0,0,0,0,0,0,0,0,0,0,0,0,0,0,0,0,0,0,0,0,0,0,0,0,0,0,0,0,0,0,0,0,0,0,0,0,0,0,0,0,0,0,0,0,0,0,0,0,0,0,0,0,0,0,0,0,0,0,0,0,0,0,0,0,0,0,0,0,0,0,0,0,0,0,0,0,0,0,0,0,0,0,0,0,0,0,0,0,0,0,0,0,0,0,0,0,0,0,0,0,0,0,0,0,0,0,0,0,0,0,0,0,0,0,0,0,0,0,0,0,0,0,0,0,0,0,0,0,0,0,0,0,0,0,0,0,0,0,0,0,0,0,0,0,0,0,0,0,0
3367,0,0,0,0,0,0,0,0,0,0,0,0,0,0,0,0,0,0,0,0,0,0,0,0,0,0,0,0,0,0,0,0,0,0,0,0,0,0,0,0,0,0,0,0,0,0,0,0,0,0,0,0,0,0,0,0,0,0,0,0,0,0,0,0,0,0,0,0,0,0,0,0,0,0,0,0,0,0,0,0,0,0,0,0,0,0,0,0,0,0,0,0,0,0,0,0,0,0,0,0,0,0,0,0,0,0,0,0,0,0,0,0,0,0,0,0,0,0,0,0,0,0,0,0,0,0,0,0,0,0,0,0,0,0,0,0,0,0,0,0,0,0,0,0,0,0,0,0,0,0,0,0,0,0,0,0,0,0,0,0,0,0,0,0,0,0,0,0,0,0,0,0,0,0,0,0,0,0,0,0,0,0,0,0,0,0,0,0,0,0,0,0,0,0,0,0,0,0,0,0
3368,0,0,0,0,0,0,0,0,0,0,0,0,0,0,0,0,0,0,0,0,0,0,0,0,0,0,0,0,0,0,0,0,0,0,0,0,0,0,0,0,0,0,0,0,0,0,0,0,0,0,0,0,0,0,0,0,0,0,0,0,0,0,0,0,0,0,0,0,0,0,0,0,0,0,0,0,0,0,0,0,0,0,0,0,0,0,0,0,0,0,0,0,0,0,0,0,0,0,0,0,0,0,0,0,0,0,0,0,0,0,0,0,0,0,0,0,0.0000000000,0,0,0,0,0,0,0,0,0,0,0,0,0,0,0,0,0,0,0,0,0,0,0,0,0,0,0,0,0,0,0,0,0,0,0,0,0,0,0,0,0,0,0,0,0,0,0,0,0,0,0,0,0,0,0,0,0,0,0,0,0,0,0,0,0,0,0,0,0,0,0,0,0,0,0,0,0,0,0,0,0,0,0
3369,0,0,0,0,0,0,0,0,0,0,0,0,0,0,0,0,0,0,0,0,0,0,0,0,0,0,0,0,0,0,0,0,0,0,0,0,0,0,0,0,0,0,0,0,0,0,0,0,0,0,0,0,0,0,0,0,0,0,0,0,0,0,0,0,0,0,0,0,0,0,0,0,0,0,0,0,0,0,0,0,0,0,0,0,0,0,0,0,0,0,0,0,0,0,0,0,0,0,0,0,0,0,0,0,0,0,0,0,0,0.0000000000,0,0,0,0,0,0,0,0,0,0,0,0,0,0,0,0,0,0,0,0,0,0,0,0,0,0,0,0,0,0,0,0,0,0,0,0,0,0,0,0,0,0,0,0,0,0,0,0,0,0,0,0,0,0,0,0,0,0,0,0,0,0,0,0,0,0,0,0,0,0,0,0,0,0,0,0,0,0,0,0,0,0,0,0,0,0,0,0,0,0
3370,0,0,0,0,0,0,0,0,0,0,0,0,0,0,0,0,0,0,0,0,0,0,0,0,0,0,0,0,0,0,0,0,0,0,0,0,0,0,0,0,0,0,0,0,0,0,0,0,0,0,0,0,0,0,0,0,0,0,0,0,0,0,0,0,0,0,0,0,0,0,0,0,0,0,0,0,0,0,0,0,0,0,0,0,0,0,0,0,0,0,0,0,0,0,0,0,0,0,0,0,0,0,0,0,0,0,0,0,0,0,0,0,0,0,0,0,0,0,0,0,0,0,0,0,0,0,0,0,0,0,0,0,0,0,0,0,0,0,0,0,0,0,0,0,0,0,0,0,0,0,0,0,0,0,0,0,0,0,0,0,0,0,0,0,0,0,0,0,0,0,0,0,0,0,0,0,0,0,0,0,0,0,0,0,0,0,0,0,0,0,0,0,0,0,0,0,0,0,0,0
3371,0,0,0,0,0,0,0,0,0,0,0,0,0,0,0,0,0,0,0,0,0,0,0,0,0,0,0,0,0,0,0,0,0,0,0,0,0,0,0,0,0,0,0,0,0,0,0,0,0,0,0,0,0,0,0,0,0,0,0,0,0,0,0,0,0,0,0,0,0,0,0,0,0,0,0,0,0,0,0,0,0,0,0,0,0,0,0,0,0,0,0,0,0,0,0,0,0,0,0,0,0,0,0,0,0,0,0,0,0,0,0,0,0,0,0,0,0,0,0,0,0,0,0,0,0,0,0,0,0,0,0,0,0,0,0,0,0,0,0,0,0,0,0,0,0,0,0,0,0,0,0,0,0,0,0,0,0,0,0,0,0,0,0,0,0,0,0,0,0,0,0,0,0,0,0,0,0,0,0,0,0,0,0,0,0,0,0,0,0,0,0,0,0,0,0,0,0,0,0,0
3372,0,0,0,0,0,0,0,0,0,0,0,0,0,0,0,0,0,0,0,0,0,0,0,0,0,0,0,0,0,0,0,0,0,0,0,0,0,0,0,0,0,0,0,0,0,0,0,0,0,0,0,0,0,0,0,0,0,0,0,0,0,0,0,0,0,0,0,0,0,0,0,0,0,0,0,0,0,0,0,0,0,0,0,0,0,0,0,0,0,0,0,0,0,0,0,0,0,0,0,0,0,0,0,0,0,0,0,0,0,0,0,0,0,0,0,0,0,0,0,0,0,0,0,0,0,0,0,0,0,0,0,0,0,0,0,0,0,0,0,0,0,0,0,0,0,0,0,0,0,0,0,0,0,0,0,0,0,0,0,0,0,0,0,0,0,0,0,0,0,0,0,0,0,0,0,0,0,0,0,0,0,0,0,0,0,0,0,0,0,0,0,0,0,0,0,0,0,0,0,0
3373,0,0,0,0,0,0,0,0,0,0,0,0,0,0,0,0,0,0,0,0,0,0,0,0,0,0,0,0,0,0,0,0,0,0,0,0,0,0,0,0,0,0,0,0,0,0,0,0,0,0,0,0,0,0,0,0,0,0,0,0,0,0,0,0,0,0,0,0,0,0,0,0,0,0,0,0,0,0,0,0,0,0,0,0,0,0,0,0,0,0,0,0,0,0,0,0,0,0,0,0,0,0,0,0,0,0,0,0,0,0,0,0,0,0,0,0,0,0,0,0,0,0,0,0,0,0,0,0,0,0,0,0,0,0,0,0,0,0,0,0,0,0,0,0,0,0,0,0,0,0,0,0,0,0,0,0,0,0,0,0,0,0,0,0,0,0,0,0,0,0,0,0,0,0,0,0,0,0,0,0,0,0,0,0,0,0,0,0,0,0,0,0,0,0,0,0,0,0,0,0
3374,0,0,0,0,0,0,0,0,0,0,0,0,0,0,0,0,0,0,0,0,0,0,0,0,0,0,0,0,0,0,0,0,0,0,0,0,0,0,0,0,0,0,0,0,0,0,0,0,0,0,0,0,0,0,0,0,0,0,0,0,0,0,0,0,0,0,0,0,0,0,0,0,0,0,0,0,0,0,0,0,0,0,0,0,0,0,0,0,0,0,0,0,0,0,0,0,0,0,0,0,0,0,0,0,0,0,0,0,0,0,0,0,0,0,0,0,0,0,0,0,0,0,0,0,0,0,0,0,0,0,0,0,0,0,0,0,0,0,0,0,0,0,0,0,0,0,0,0,0,0,0,0,0,0,0,0,0,0,0,0,0,0,0,0,0,0,0,0,0,0,0,0,0,0,0,0,0,0,0,0,0,0,0,0,0,0,0,0,0,0,0,0,0,0,0,0,0,0,0,0
3375,0,0,0,0,0,0,0,0,0,0,0,0,0,0,0,0,0,0,0,0,0,0,0,0,0,0,0,0,0,0,0,0,0,0,0,0,0,0,0,0,0,0,0,0,0,0,0,0,0,0,0,0,0,0,0,0,0,0,0,0,0,0,0,0,0,0,0,0,0,0,0,0,0,0,0,0,0,0,0,0,0,0,0,0,0,0,0,0,0,0,0,0,0,0,0,0,0,0,0,0,0,0,0,0,0,0,0,0,0,0,0,0,0,0,0,0,0,0,0,0,0,0,0,0,0,0,0,0,0,0,0,0,0,0,0,0,0,0,0,0,0,0,0,0,0,0,0,0,0,0,0,0,0,0,0,0,0,0,0,0,0,0,0,0,0,0,0,0,0,0,0,0,0,0,0,0,0,0,0,0,0,0,0,0,0,0,0,0,0,0,0,0,0,0,0,0,0,0,0,0
3376,0,0,0,0,0,0,0,0,0,0,0,0,0,0,0,0,0,0,0,0,0,0,0,0,0,0,0,0,0,0,0,0,0,0,0,0,0,0,0,0,0,0,0,0,0,0,0,0,0,0,0,0,0,0,0,0,0,0,0,0,0,0,0,0,0,0,0,0,0,0,0,0,0,0,0,0,0,0,0,0,0,0,0,0,0,0,0,0,0,0,0,0,0,0,0,0,0,0,0,0,0,0,0,0,0,0,0,0,0,0,0,0,0,0,0,0,0,0,0,0,0,0,0,0,0,0,0,0,0,0,0,0,0,0,0,0,0,0,0,0,0,0,0,0,0,0,0,0,0,0,0,0,0,0,0,0,0,0,0,0,0,0,0,0,0,0,0,0,0,0,0,0,0,0,0,0,0,0,0,0,0,0,0,0,0,0,0,0,0,0,0,0,0,0,0,0,0,0,0,0
3377,0,0,0,0,0,0,0,0,0,0,0,0,0,0,0,0,0,0,0,0,0,0,0,0,0,0,0,0,0,0,0,0,0,0,0,0,0,0,0,0,0,0,0,0,0,0,0,0,0,0,0,0,0,0,0,0,0,0,0,0,0,0,0,0,0,0,0,0,0,0,0,0,0,0,0,0,0,0,0,0,0,0,0,0,0,0,0,0,0,0,0,0,0,0,0,0,0,0,0,0,0,0,0,0,0,0,0,0,0,0,0,0,0,0,0,0,0,0,0,0,0,0,0,0,0,0,0,0,0,0,0,0,0,0,0,0,0,0,0,0,0,0,0,0,0,0,0,0,0,0,0,0,0,0,0,0,0,0,0,0,0,0,0,0,0,0,0,0,0,0,0,0,0,0,0,0,0,0,0,0,0,0,0,0,0,0,0,0,0,0,0,0,0,0,0,0,0,0,0,0
3378,0,0,0,0,0,0,0,0,0,0,0,0,0,0,0,0,0,0,0,0,0,0,0,0,0,0,0,0,0,0,0,0,0,0,0,0,0,0,0,0,0,0,0,0,0,0,0,0,0,0,0,0,0,0,0,0,0,0,0,0,0,0,0,0,0,0,0,0,0,0,0,0,0,0,0,0.0000000000,0,0,0,0,0,0,0,0,0,0,0,0,0,0,0,0,0,0,0,0,0,0,0,0,0,0,0,0,0,0,0,0,0,0,0,0,0,0,0,0,0,0,0,0,0,0,0,0,0,0,0,0,0,0,0,0,0,0,0,0,0,0,0,0,0,0,0,0,0,0,0,0,0,0,0,0,0,0,0,0,0,0,0,0,0,0,0,0,0,0,0,0,0,0,0,0,0,0,0,0,0,0,0,0,0,0,0,0,0,0,0,0,0,0,0,0,0,0,0,0,0,0,0,0
3379,0,0,0,0,0,0,0,0,0,0,0,0,0,0,0,0,0,0,0,0,0,0,0,0,0,0,0,0,0,0,0,0,0,0,0,0,0,0,0,0,0,0,0,0,0,0,0,0,0,0,0,0,0,0,0,0,0,0,0,0,0,0,0,0,0,0,0,0,0,0,0,0,0,0,0,0,0,0,0,0,0,0,0,0,0,0,0,0,0,0,0,0,0,0,0,0,0,0,0,0,0,0,0,0,0,0,0,0,0,0,0,0,0,0,0,0,0,0,0,0,0,0,0,0,0,0,0,0,0,0,0,0,0,0,0,0,0,0,0,0,0,0,0,0,0,0,0,0,0,0,0,0,0,0,0,0,0,0,0,0,0,0,0,0,0,0,0,0,0,0,0,0,0,0,0,0,0,0,0,0,0,0,0,0,0,0,0,0,0,0,0,0,0,0,0,0,0,0,0,0
3380,0,0,0,0,0,0,0,0,0,0,0,0,0,0,0,0,0,0,0,0,0,0,0,0,0,0,0,0,0,0,0,0,0,0,0,0,0,0,0,0,0,0,0,0,0,0,0,0,0,0,0,0,0,0,0,0,0,0,0,0,0,0,0,0,0,0,0,0,0,0,0,0,0,0,0,0,0,0,0,0,0,0,0,0,0,0,0,0,0,0,0,0,0,0,0,0,0,0,0,0,0,0,0,0,0,0,0,0,0,0,0,0,0,0,0,0,0,0,0,0,0,0,0,0,0,0,0,0,0,0,0,0,0,0,0,0,0,0,0,0,0,0,0,0,0,0,0,0,0,0,0,0,0,0,0,0,0,0,0,0,0,0,0,0,0,0,0,0,0,0,0,0,0,0,0,0,0,0,0,0,0,0,0,0,0,0,0,0,0,0,0,0,0,0,0,0,0,0,0,0
3381,0,0,0,0,0,0,0,0,0,0,0,0,0,0,0,0,0,0,0,0,0,0,0,0,0,0,0,0,0,0,0,0,0,0,0,0,0,0,0,0,0,0,0,0,0,0,0,0,0,0,0,0,0,0,0,0,0,0,0,0,0,0,0,0,0,0,0,0,0,0,0,0,0,0,0,0,0,0,0,0,0,0,0,0,0,0,0,0,0,0,0,0,0,0,0,0,0,0,0,0,0,0,0,0,0,0,0,0,0,0,0,0,0,0,0,0,0,0,0,0,0,0,0,0,0,0,0,0,0,0,0,0,0,0,0,0,0,0,0,0,0,0,0,0,0,0,0,0,0,0,0,0,0,0,0,0,0,0,0,0,0,0,0,0,0,0,0,0,0,0,0,0,0,0,0,0,0,0,0,0,0,0,0,0,0,0,0,0,0,0,0,0,0,0,0,0,0,0,0,0
3382,0,0,0,0,0,0,0,0,0,0,0,0,0,0,0,0,0,0,0,0,0,0,0,0,0,0,0,0,0,0,0,0,0,0,0,0,0,0,0,0,0,0,0,0,0,0,0,0,0,0,0,0,0,0,0,0,0,0,0,0,0,0,0,0,0,0,0,0,0,0,0,0,0,0,0,0,0,0,0,0,0,0,0,0,0,0,0,0,0,0,0,0,0,0,0,0,0,0,0,0,0,0,0,0,0,0,0,0,0,0,0,0,0,0,0,0,0,0,0,0,0,0,0,0,0,0,0,0,0,0,0,0,0,0,0,0,0,0,0,0,0,0,0,0,0,0,0,0,0,0,0,0,0,0,0,0,0,0,0,0,0,0,0,0,0,0,0,0,0,0,0,0,0,0,0,0,0,0,0,0,0,0,0,0,0,0,0,0,0,0,0,0,0,0,0,0,0,0,0,0
3383,0,0,0,0,0,0,0,0,0,0,0,0,0,0,0,0,0,0,0,0,0,0,0,0,0,0,0,0,0,0,0,0,0,0,0,0,0,0,0,0,0,0,0,0,0,0,0,0,0,0,0,0,0,0,0,0,0,0,0,0,0,0,0,0,0,0,0,0,0,0,0,0,0,0,0,0,0,0,0,0,0,0,0,0,0,0,0,0,0,0,0,0,0,0,0,0,0,0,0,0,0,0,0,0,0,0,0,0,0,0,0,0,0,0,0,0,0,0,0,0,0,0,0,0,0,0,0,0,0,0,0,0,0,0,0,0,0,0,0,0,0,0,0,0,0,0,0,0,0,0,0,0,0,0,0,0,0,0,0,0,0,0,0,0,0,0,0,0,0,0,0,0,0,0,0,0,0,0,0,0,0,0,0,0,0,0,0,0,0,0,0,0,0,0,0,0,0,0,0,0
3384,0,0,0,0,0,0,0,0,0,0,0,0,0,0,0,0,0,0,0,0,0,0,0,0,0,0,0,0,0,0,0,0,0,0,0,0,0,0,0,0,0,0,0,0,0,0,0,0,0,0,0,0,0,0,0,0,0,0,0,0,0,0,0,0,0,0,0,0,0,0,0,0,0,0,0,0,0,0,0,0,0,0,0,0,0,0,0,0,0,0,0,0,0,0,0,0,0,0,0,0,0,0,0,0,0,0,0,0,0,0,0,0,0,0,0,0,0,0,0,0,0,0,0,0,0,0,0,0,0,0,0,0,0,0,0,0,0,0,0,0,0,0,0,0,0,0,0,0,0,0,0,0,0,0,0,0,0,0,0,0,0,0,0,0,0,0,0,0,0,0,0,0,0,0,0,0,0,0,0,0,0,0,0,0,0,0,0,0,0,0,0,0,0,0,0,0,0,0,0,0
3385,0,0,0,0,0,0,0,0,0,0,0,0,0,0,0,0,0,0,0,0,0,0,0,0,0,0,0,0,0,0,0,0,0,0,0,0,0,0,0,0,0,0,0,0,0,0,0,0,0,0,0,0,0,0,0,0,0,0,0,0,0,0,0,0,0,0,0,0,0,0,0,0,0,0,0,0,0,0,0,0,0,0,0,0,0,0,0,0,0,0,0,0,0,0,0,0,0,0,0,0,0,0,0,0,0,0,0,0,0,0,0,0,0,0,0,0,0,0,0,0,0,0,0,0,0,0,0,0,0,0,0,0,0,0,0,0,0,0,0,0,0,0,0,0,0,0,0,0,0,0,0,0,0,0,0,0,0,0,0,0,0,0,0,0,0,0,0,0,0,0,0,0,0,0,0,0,0,0,0,0,0,0,0,0,0,0,0,0,0,0,0,0,0,0,0,0,0,0,0,0
3386,0,0,0,0,0,0,0,0,0,0,0,0,0,0,0,0,0,0,0,0,0,0,0,0,0,0,0,0,0,0,0,0,0,0,0,0,0,0,0,0,0,0,0,0,0,0,0,0,0,0,0,0,0,0,0,0,0,0,0,0,0,0,0,0,0,0,0,0,0,0,0,0,0,0,0,0,0,0,0,0,0,0,0,0,0,0,0,0,0,0,0,0,0,0,0,0,0,0,0,0,0,0,0,0,0,0,0,0,0,0,0,0,0,0,0,0,0,0,0,0,0,0,0,0,0,0,0,0,0,0,0,0,0,0,0,0,0,0,0,0,0,0,0,0,0,0,0,0,0,0,0,0,0,0,0,0,0,0,0,0,0,0,0,0,0,0,0,0,0,0,0,0,0,0,0,0,0,0,0,0,0,0,0,0,0,0,0,0,0,0,0,0,0,0,0,0,0,0,0,0
3387,0,0,0,0,0,0,0,0,0,0,0,0,0,0,0,0,0,0,0,0,0,0,0,0,0,0,0,0,0,0,0,0,0,0,0,0,0,0,0,0,0,0,0,0,0,0,0,0,0,0,0,0,0,0,0,0,0,0,0,0,0,0,0,0,0,0,0,0,0,0,0,0,0,0,0,0,0,0,0,0,0,0,0,0,0,0,0,0,0,0,0,0,0,0,0,0,0,0,0,0,0,0,0,0.0000000000,0,0,0,0,0,0,0,0,0,0,0,0,0,0,0,0,0,0,0,0,0,0,0,0,0,0,0,0,0,0,0,0,0,0,0,0,0,0,0,0,0,0,0,0,0,0,0,0,0,0,0,0,0,0,0,0,0,0,0,0,0,0,0,0,0,0,0,0,0,0,0,0,0,0,0,0,0,0,0,0,0,0,0,0,0,0,0,0,0,0,0,0,0,0,0,0
3388,0,0,0,0,0,0,0,0,0,0,0,0,0,0,0,0,0,0,0,0,0,0,0,0,0,0,0,0,0,0,0,0,0,0,0,0,0,0,0,0,0,0,0,0,0,0,0,0,0,0,0,0,0,0,0,0,0,0,0,0,0,0,0,0,0,0,0,0,0,0,0,0,0,0,0,0,0,0,0,0,0,0,0,0,0,0,0,0,0,0,0,0,0,0,0,0,0,0,0,0,0,0,0,0,0,0,0,0,0,0,0,0,0,0,0,0,0,0,0,0,0,0,0,0,0,0,0,0,0,0,0,0,0,0,0,0,0,0,0,0,0,0,0,0,0,0,0,0,0,0,0,0,0,0,0,0,0,0,0,0,0,0,0,0,0,0,0,0,0,0,0,0,0,0,0,0,0,0,0,0,0,0,0,0,0,0,0,0,0,0,0,0,0,0,0,0,0,0,0,0
3389,0,0,0,0,0,0,0,0,0,0,0,0,0,0,0,0,0,0,0,0,0,0,0,0,0,0,0,0,0,0,0,0,0,0,0,0,0,0,0,0,0,0,0,0,0,0,0,0,0,0,0,0,0,0,0,0,0,0,0,0,0,0,0,0,0,0,0,0,0,0,0,0,0,0,0,0,0,0,0,0,0,0,0,0,0,0,0,0,0,0,0,0,0,0,0,0,0,0,0,0,0,0,0,0,0,0,0,0,0,0,0,0,0,0,0,0,0,0,0,0,0,0,0,0,0,0,0,0,0,0,0,0,0,0,0,0,0,0,0,0,0,0,0,0,0,0,0,0,0,0,0,0,0,0,0,0,0,0,0,0,0,0,0,0,0,0,0,0,0,0,0,0,0,0,0,0,0,0,0,0,0,0,0,0,0,0,0,0,0,0,0,0,0,0,0,0,0,0,0,0
3390,0,0,0,0,0,0,0,0,0,0,0,0,0,0,0,0,0,0,0,0,0,0,0,0,0,0,0,0,0,0,0,0,0,0,0,0,0,0,0,0,0,0,0,0,0,0,0,0,0,0,0,0,0,0,0,0,0,0,0,0,0,0,0,0,0,0,0,0,0,0,0,0,0,0,0,0,0,0,0,0,0,0,0,0,0,0,0,0,0,0,0,0,0,0,0,0,0,0,0,0,0,0,0,0,0,0,0,0,0,0,0,0,0,0,0,0,0,0,0,0,0,0,0,0,0,0,0,0,0,0,0,0,0,0,0,0,0,0,0,0,0,0,0,0,0,0,0,0,0,0,0,0,0,0,0,0,0,0,0,0,0,0,0,0,0,0,0,0,0,0,0,0,0,0,0,0,0,0,0,0,0,0,0,0,0,0,0,0,0,0,0,0,0,0,0,0,0,0,0,0
3391,0,0,0,0,0,0,0,0,0,0,0,0,0,0,0,0,0,0,0,0,0,0,0,0,0,0,0,0,0,0,0,0,0,0,0,0,0,0,0,0,0,0,0,0,0,0,0,0,0,0,0,0,0,0,0,0,0,0,0,0,0,0,0,0,0,0,0,0,0,0,0,0,0,0,0,0,0,0,0,0,0,0,0,0,0,0,0,0,0,0,0,0,0,0,0,0,0,0,0,0,0,0,0,0,0,0,0,0,0,0,0,0,0,0,0,0,0,0,0,0,0,0,0,0,0,0,0,0,0,0,0,0,0,0,0,0,0,0,0,0,0,0,0,0,0,0,0,0,0,0,0,0,0,0,0,0,0,0,0,0,0,0,0,0,0,0,0,0,0,0,0,0,0,0,0,0,0,0,0,0,0,0,0,0,0,0,0,0,0,0,0,0,0,0,0,0,0,0,0,0
3392,0,0,0,0,0,0,0,0,0,0,0,0,0,0,0,0,0,0,0,0,0,0,0,0,0,0,0,0,0,0,0,0,0,0,0,0,0,0,0,0,0,0,0,0,0,0,0,0,0,0,0,0,0,0,0,0,0,0,0,0,0,0,0,0,0,0,0,0,0,0,0,0,0,0,0,0,0,0,0,0,0,0,0,0,0,0,0,0,0,0,0,0,0,0,0,0,0,0,0,0,0,0,0,0,0,0,0,0,0,0,0,0,0,0,0,0,0,0,0,0,0,0,0,0,0,0,0,0,0,0,0,0,0,0,0,0,0,0,0,0,0,0,0,0,0,0,0,0,0,0,0,0,0,0,0,0,0,0,0,0,0,0,0,0,0,0,0,0,0,0,0,0,0,0,0,0,0,0,0,0,0,0,0,0,0,0,0,0,0,0,0,0,0,0,0,0,0,0,0,0
3393,0,0,0,0,0,0,0,0,0,0,0,0,0,0,0,0,0,0,0,0,0,0,0,0,0,0,0,0,0,0,0,0,0,0,0,0,0,0,0,0,0,0,0,0,0,0,0,0.0000000000,0,0,0,0,0,0,0,0,0,0,0,0,0,0,0,0,0,0,0,0,0,0,0,0,0,0,0,0,0,0,0,0,0,0,0,0,0,0,0,0,0,0,0,0,0,0,0,0,0,0,0,0,0,0,0,0,0,0,0,0,0,0,0,0,0,0,0,0,0,0,0,0,0,0,0,0,0,0,0,0,0,0,0,0,0,0,0,0,0,0,0,0,0,0,0,0,0,0,0,0,0,0,0,0,0,0,0,0,0,0,0,0,0,0,0,0,0,0,0,0,0,0,0,0,0,0,0,0,0,0,0,0,0,0,0,0,0,0,0,0,0,0,0,0,0,0,0,0,0,0,0,0
3394,0,0,0,0,0,0,0,0,0,0,0,0,0,0,0,0,0,0,0,0,0,0,0,0,0,0,0,0,0,0,0,0,0,0,0,0,0,0,0,0,0,0,0,0,0,0,0,0,0,0,0,0,0,0,0,0,0,0,0,0,0,0,0,0,0,0,0,0,0,0,0,0,0,0,0,0,0,0,0,0,0,0,0,0,0,0,0,0,0,0,0,0,0,0,0,0,0,0,0,0,0,0,0,0,0,0,0,0,0,0,0,0,0,0,0,0,0,0,0,0,0,0,0,0,0,0,0,0,0,0,0,0,0,0,0,0,0,0,0,0,0,0,0,0,0,0,0,0,0,0,0,0,0,0,0,0,0,0,0,0,0,0,0,0,0,0,0,0,0,0,0,0,0,0,0,0,0,0,0,0,0,0,0,0,0,0,0,0,0,0,0,0,0,0,0,0,0,0,0,0
3395,0,0,0,0,0,0,0,0,0,0,0,0,0,0,0,0,0,0,0,0,0,0,0,0,0,0,0,0,0,0,0,0,0,0,0,0,0,0,0,0,0,0,0,0,0,0,0,0,0,0,0,0,0,0,0,0,0,0,0,0,0,0,0,0,0,0,0,0,0,0,0,0,0,0,0,0,0,0,0,0,0,0,0,0,0,0,0,0,0,0,0,0,0,0,0,0,0,0,0,0,0,0,0,0,0,0,0,0,0,0,0,0,0,0,0,0,0,0,0,0,0,0,0,0,0,0,0,0,0,0,0,0,0,0,0,0,0,0,0,0,0,0,0,0,0,0,0,0,0,0,0,0,0,0,0,0,0,0,0,0,0,0,0,0,0,0,0,0,0,0,0,0,0,0,0,0,0,0,0,0,0,0,0,0,0,0,0,0,0,0,0,0,0,0,0,0,0,0,0,0
3396,0,0,0,0,0,0,0,0,0,0,0,0,0,0,0,0,0,0,0,0,0,0,0,0,0,0,0,0,0,0,0,0,0,0,0,0,0,0,0,0,0,0,0,0,0,0,0,0,0,0,0,0,0,0,0,0,0,0,0,0,0,0,0,0,0,0,0,0,0,0,0,0,0,0,0,0,0,0,0,0,0,0,0,0,0,0,0,0,0,0,0,0,0,0,0,0,0,0,0,0,0,0,0,0,0,0,0,0,0,0,0,0,0,0,0,0,0,0,0,0,0,0,0,0,0,0,0,0,0,0,0,0,0,0,0,0,0,0,0,0,0,0,0,0,0,0,0,0,0,0,0,0,0,0,0,0,0,0,0,0,0,0,0,0,0,0,0,0,0,0,0,0,0,0,0,0,0,0,0,0,0,0,0,0,0,0,0,0,0,0,0,0,0,0,0,0,0,0,0,0
3397,0,0,0,0,0,0,0,0,0,0,0,0,0,0,0,0,0,0,0,0,0,0,0,0,0,0,0,0,0,0,0,0,0,0,0,0,0,0,0,0,0,0,0,0,0,0,0,0,0,0,0,0,0,0,0,0,0,0,0,0,0,0,0,0,0,0,0,0,0,0,0,0,0,0,0,0,0,0,0,0,0,0,0,0,0,0,0,0,0,0,0,0,0,0,0,0,0,0,0,0,0,0,0,0,0,0,0,0,0,0,0,0,0,0,0,0,0,0,0,0,0,0,0,0,0,0,0,0,0,0,0,0,0,0,0,0,0,0,0,0,0,0,0,0,0,0,0,0,0,0,0,0,0,0,0,0,0,0,0,0,0,0,0,0,0,0,0,0,0,0,0,0,0,0,0,0,0,0,0,0,0,0,0,0,0,0,0,0,0,0,0,0,0,0,0,0,0,0,0,0
3398,0,0,0,0,0,0,0,0,0,0,0,0,0,0,0,0,0,0,0,0,0,0,0,0,0,0,0,0,0,0,0,0,0,0,0,0,0,0,0,0,0,0,0,0,0,0,0,0,0,0,0,0,0,0,0,0,0,0,0,0,0,0,0,0,0,0,0,0,0,0,0,0,0,0,0,0,0,0,0,0,0,0,0,0,0,0,0,0,0,0,0,0,0,0,0,0,0,0,0,0,0,0,0,0,0,0,0,0,0,0,0,0,0,0,0,0,0,0,0,0,0,0,0,0,0,0,0,0,0,0,0,0,0,0,0,0,0,0,0,0,0,0,0,0,0,0,0,0,0,0,0,0,0,0,0,0,0,0,0,0,0,0,0,0,0,0,0,0,0,0,0,0,0,0,0,0,0,0,0,0,0,0,0,0,0,0,0,0,0,0,0,0,0,0,0,0,0,0,0,0
3399,0,0,0,0,0,0,0,0,0,0,0,0,0,0,0,0,0,0,0,0,0,0,0,0,0,0,0,0,0,0,0,0,0,0,0,0,0,0,0,0,0,0,0,0,0,0,0,0,0,0,0,0,0,0,0,0,0,0,0,0,0,0,0,0,0,0,0,0,0,0,0,0,0,0,0,0,0,0,0,0,0,0,0,0,0,0,0,0,0,0,0,0,0,0,0,0,0,0,0,0,0,0,0,0,0,0,0,0,0,0,0,0,0,0,0,0,0,0,0,0,0,0,0,0,0,0,0,0,0,0,0,0,0,0,0,0,0,0,0,0,0,0,0,0,0,0,0,0,0,0,0,0,0,0,0,0,0,0,0,0,0,0,0,0,0,0,0,0,0,0,0,0,0,0,0,0,0,0,0,0,0,0,0,0,0,0,0,0,0,0,0,0,0,0,0,0,0,0,0,0
3400,0,0,0,0,0,0,0,0,0,0,0,0,0,0,0,0,0,0,0,0,0,0,0,0,0,0,0,0,0,0,0,0,0,0,0,0,0,0,0,0,0,0,0,0,0,0,0,0,0,0,0,0,0,0,0,0,0,0,0,0,0,0,0,0,0,0,0,0,0,0,0,0,0,0,0,0,0,0,0,0,0,0,0,0,0,0,0,0,0,0,0,0,0,0,0,0,0,0,0,0,0,0,0,0,0,0,0,0,0,0,0,0,0,0,0,0,0,0,0,0,0,0,0,0,0,0,0,0,0,0,0,0,0,0,0,0,0,0,0,0,0,0,0,0,0,0,0,0,0,0,0,0,0,0,0,0,0,0,0,0,0,0,0,0,0,0,0,0,0,0,0,0,0,0,0,0,0,0,0,0,0,0,0,0,0,0,0,0,0,0,0,0,0,0,0,0,0,0,0,0
3401,0,0,0,0,0,0,0,0,0,0,0,0,0,0,0,0,0,0,0,0,0,0,0,0,0,0,0,0,0,0,0,0,0,0,0,0,0,0,0,0,0,0,0,0,0,0,0,0,0,0,0,0,0,0,0,0,0,0,0,0,0,0,0,0,0,0,0,0,0,0,0,0,0,0,0,0,0,0,0,0,0,0,0,0,0,0,0,0,0,0,0,0,0,0,0,0,0,0,0,0,0,0,0,0,0,0,0,0,0,0,0,0,0,0,0,0,0,0,0,0,0,0,0,0,0,0,0,0,0,0,0,0,0,0,0,0,0,0,0,0,0,0,0,0,0,0,0,0,0,0,0,0,0,0,0,0,0,0,0,0,0,0,0,0,0,0,0,0,0,0,0,0,0,0,0,0,0,0,0,0,0,0,0,0,0,0,0,0,0,0,0,0,0,0,0,0,0,0,0,0
3402,0,0,0,0,0,0,0,0,0,0,0,0,0,0,0,0,0,0,0,0,0,0,0,0,0,0,0,0,0,0,0,0,0,0,0,0,0,0,0,0,0,0,0,0,0,0,0,0,0,0,0,0,0,0,0,0,0,0,0,0,0,0,0,0,0,0,0,0,0,0,0,0,0,0,0,0,0,0,0,0,0,0,0,0,0,0,0,0,0,0,0,0,0,0,0,0,0,0,0,0,0,0,0,0,0,0,0,0,0,0,0,0,0,0,0,0,0,0,0,0,0,0,0,0,0,0,0,0,0,0,0,0,0,0,0,0,0,0,0,0,0,0,0,0,0,0,0,0,0,0,0,0,0,0,0,0,0,0,0,0,0,0,0,0,0,0,0,0,0,0,0,0,0,0,0,0,0,0,0,0,0,0,0,0,0,0,0,0,0,0,0,0,0,0,0,0,0,0,0,0
3403,0,0,0,0,0,0,0,0,0,0,0,0,0,0,0,0,0,0,0,0,0,0,0,0,0,0,0,0,0,0,0,0,0,0,0,0,0,0,0,0,0,0,0,0,0,0,0,0,0,0,0,0,0,0,0,0,0,0,0,0,0,0,0,0,0,0,0,0,0,0,0,0,0,0,0,0,0,0,0,0,0,0,0,0,0,0,0,0,0,0,0,0,0,0,0,0,0,0,0,0,0,0,0,0,0,0,0,0,0,0,0,0,0,0,0,0,0,0,0,0,0,0,0,0,0,0,0,0,0,0,0,0,0,0,0,0,0,0,0,0,0,0,0,0,0,0,0,0,0,0,0,0,0,0,0,0,0,0,0,0,0,0,0,0,0,0,0,0,0,0,0,0,0,0,0,0,0,0,0,0,0,0,0,0,0,0,0,0,0,0,0,0,0,0,0,0,0,0,0,0
3404,0,0,0,0,0,0,0,0,0,0,0,0,0,0,0,0,0,0,0,0,0,0,0,0,0,0,0,0,0,0,0,0,0,0,0,0,0,0,0,0,0,0,0,0,0,0,0,0,0,0,0,0,0,0,0,0,0,0,0,0,0,0,0,0,0,0,0,0,0,0,0,0,0,0,0,0,0,0,0,0,0,0,0,0,0,0,0,0,0,0,0,0,0,0,0,0,0,0,0,0,0,0,0,0,0,0,0,0,0,0,0,0,0,0,0,0,0,0,0,0,0,0,0,0,0,0,0,0,0,0,0,0,0,0,0,0,0,0,0,0,0,0,0,0,0,0,0,0,0,0,0,0,0,0,0,0,0,0,0,0,0,0,0,0,0,0,0,0,0,0,0,0,0,0,0,0,0,0,0,0,0,0,0,0,0,0,0,0,0,0,0,0,0,0,0,0,0,0,0,0
3405,0,0,0,0,0,0,0,0,0,0,0,0,0,0,0,0,0,0,0,0,0,0,0,0,0,0,0,0,0,0,0,0,0,0,0,0,0,0,0,0,0,0,0,0,0,0,0,0,0,0,0,0,0,0,0,0,0,0,0,0,0,0,0,0,0,0,0,0,0,0,0,0,0,0,0,0,0,0,0,0,0,0,0,0,0,0,0,0,0,0,0,0,0,0,0,0,0,0,0,0,0,0,0,0,0,0,0,0,0,0,0,0,0,0,0,0,0,0,0,0,0,0,0,0,0,0,0,0,0,0,0,0,0,0,0,0,0,0,0,0,0,0,0,0,0,0,0,0,0,0,0,0,0,0,0,0,0,0,0,0,0,0,0,0,0,0,0,0,0,0,0,0,0,0,0,0,0,0,0,0,0,0,0,0,0,0,0,0,0,0,0,0,0,0,0,0,0,0,0,0
3406,0,0,0,0,0,0,0,0,0,0,0,0,0,0,0,0,0,0,0,0,0,0,0,0,0,0,0,0,0,0,0,0,0,0,0,0,0,0,0,0,0,0,0,0,0,0,0,0,0,0,0,0,0,0,0,0,0,0,0,0,0,0,0,0,0,0,0,0,0,0,0,0,0,0,0,0,0,0,0,0,0,0,0,0,0,0,0,0,0,0,0,0,0,0,0,0,0,0,0,0,0,0,0,0,0,0,0,0,0,0,0,0,0,0,0,0,0,0,0,0,0,0,0,0,0,0,0,0,0,0,0,0,0,0,0,0,0,0,0,0,0,0,0,0,0,0,0,0,0,0,0,0,0,0,0,0,0,0,0,0,0,0,0,0,0,0,0,0,0,0,0,0,0,0,0,0,0,0,0,0,0,0,0,0,0,0,0,0,0,0,0,0,0,0,0,0,0,0,0,0
3407,0,0,0,0,0,0,0,0,0,0,0,0,0,0,0,0,0,0,0,0,0,0,0,0,0,0,0,0,0,0,0,0,0,0,0,0,0,0,0,0,0,0,0,0,0,0,0,0,0,0,0,0,0,0,0,0,0,0,0,0,0,0,0,0,0,0,0,0,0,0,0,0,0,0,0,0,0,0,0,0,0,0,0,0,0,0,0,0,0,0,0,0,0,0,0,0,0,0,0,0,0,0,0,0,0,0,0,0,0,0,0,0,0,0,0,0,0,0,0,0,0,0,0,0,0,0,0,0,0,0,0,0,0,0,0,0,0,0,0,0,0,0,0,0,0,0,0,0,0,0,0,0,0,0,0,0,0,0,0,0,0,0,0,0,0,0,0,0,0,0,0,0,0,0,0,0,0,0,0,0,0,0,0,0,0,0,0,0,0,0,0,0,0,0,0,0,0,0,0,0
3408,0,0,0,0,0,0,0,0,0,0,0,0,0,0,0,0,0,0,0,0,0,0,0,0,0,0,0,0,0,0,0,0,0,0,0,0,0,0,0,0,0,0,0,0,0,0,0,0,0,0,0,0,0,0,0,0,0,0,0,0,0,0,0,0,0,0,0,0,0,0,0,0,0,0,0,0,0,0,0,0,0,0,0,0,0,0,0,0,0,0,0,0,0,0,0,0,0,0,0,0,0,0,0,0,0,0,0,0,0,0,0,0,0,0,0,0,0,0,0,0,0,0,0,0,0,0,0,0,0,0,0,0,0,0,0,0,0,0,0,0,0,0,0,0,0,0,0,0,0,0,0,0,0,0,0,0,0,0,0,0,0,0,0,0,0,0,0,0,0,0,0,0,0,0,0,0,0,0,0,0,0,0,0,0,0,0,0,0,0,0,0,0,0,0,0,0,0,0,0,0
3409,0,0,0,0,0,0,0,0,0,0,0,0,0,0,0,0,0,0,0,0,0,0,0,0,0,0,0,0,0,0,0,0,0,0,0,0,0,0,0,0,0,0,0,0,0,0,0,0,0,0,0,0,0,0,0,0,0,0,0,0,0,0,0,0,0,0,0,0,0,0,0,0,0,0,0,0,0,0,0,0,0,0,0,0,0,0,0,0,0,0,0,0,0,0,0,0,0,0,0,0,0,0,0,0,0,0,0,0,0,0,0,0,0,0,0,0,0,0,0,0,0,0,0,0,0,0,0,0,0,0,0,0,0,0,0,0,0,0,0,0,0,0,0,0,0,0,0,0,0,0,0,0,0,0,0,0,0,0,0,0,0,0,0,0,0,0,0,0,0,0,0,0,0,0,0,0,0,0,0,0,0,0,0,0,0,0,0,0,0,0,0,0,0,0,0,0,0,0,0,0
3410,0,0,0,0,0,0,0,0,0,0,0,0,0,0,0,0,0,0,0,0,0,0,0,0,0,0,0,0,0,0,0,0,0,0,0,0,0,0,0,0,0,0,0,0,0,0,0,0,0,0,0,0,0,0,0,0,0,0,0,0,0,0,0,0,0,0,0,0,0,0,0,0,0,0,0,0,0,0,0,0,0,0,0,0,0,0,0,0,0,0,0,0,0,0,0,0,0,0,0,0,0,0,0,0,0,0,0,0,0,0,0,0,0,0,0,0,0,0,0,0,0,0,0,0,0,0,0,0,0,0,0,0,0,0,0,0,0,0,0,0,0,0,0,0,0,0,0,0,0,0,0,0,0,0,0,0,0,0,0,0,0,0,0,0,0,0,0,0,0,0,0,0,0,0,0,0,0,0,0,0,0,0,0,0,0,0,0,0,0,0,0,0,0,0,0,0,0,0,0,0
3411,0,0,0,0,0,0,0,0,0,0,0,0,0,0,0,0,0,0,0,0,0,0,0,0,0,0,0,0,0,0,0,0,0,0,0,0,0,0,0,0,0,0,0,0,0,0,0,0,0,0,0,0,0,0,0,0,0,0,0,0,0,0,0,0,0,0,0,0,0,0,0,0,0,0,0,0,0,0,0,0,0,0,0,0,0,0,0,0,0,0,0,0,0,0,0,0,0,0,0,0,0,0,0,0,0,0,0,0,0,0,0,0,0,0,0,0,0,0,0,0,0,0,0,0,0,0,0,0,0,0,0,0,0,0,0,0,0,0,0,0,0,0,0,0,0,0,0,0,0,0,0,0,0,0,0,0,0,0,0,0,0,0,0,0,0,0,0,0,0,0,0,0,0,0,0,0,0,0,0,0,0,0,0,0,0,0,0,0,0,0,0,0,0,0,0,0,0,0,0,0
3412,0,0,0,0,0,0,0,0,0,0,0,0,0,0,0,0,0,0,0,0,0,0,0,0,0,0,0,0,0,0,0,0,0,0,0,0,0,0,0,0,0,0,0,0,0,0,0,0,0,0,0,0,0,0,0,0,0,0,0,0,0,0,0,0,0,0,0,0,0,0,0,0,0,0,0,0,0,0,0,0,0,0,0,0,0,0,0,0,0,0,0,0,0,0,0,0,0,0,0,0,0,0,0,0,0,0,0,0,0,0,0,0,0,0,0,0,0,0,0,0,0,0,0,0,0,0,0,0,0,0,0,0,0,0,0,0,0,0,0,0,0,0,0,0,0,0,0,0,0,0,0,0,0,0,0,0,0,0,0,0,0,0,0,0,0,0,0,0,0,0,0,0,0,0,0,0,0,0,0,0,0,0,0,0,0,0,0,0,0,0,0,0,0,0,0,0,0,0,0,0
3413,0,0,0,0,0,0,0,0,0,0,0,0,0,0,0,0,0,0,0,0,0,0,0,0,0,0,0,0,0,0,0,0,0,0,0,0,0,0,0,0,0,0,0,0,0,0,0,0,0,0,0,0,0,0,0,0,0,0,0,0,0,0,0,0,0,0,0,0,0,0,0,0,0,0,0,0,0,0,0,0,0,0,0,0,0,0,0,0,0,0,0,0,0,0,0,0,0,0,0,0,0,0,0,0,0,0,0,0,0,0,0,0,0,0,0,0,0,0,0,0,0,0,0,0,0,0,0,0,0,0,0,0,0,0,0,0,0,0,0,0,0,0,0,0,0,0,0,0,0,0,0,0,0,0,0,0,0,0,0,0,0,0,0,0,0,0,0,0,0,0,0,0,0,0,0,0,0,0,0,0,0,0,0,0,0,0,0,0,0,0,0,0,0,0,0,0,0,0,0,0
3414,0,0,0,0,0,0,0,0,0,0,0,0,0,0,0,0,0,0,0,0,0,0,0,0,0,0,0,0,0,0,0,0,0,0,0,0,0,0,0,0,0,0,0,0,0,0,0,0,0,0,0,0,0,0,0,0,0,0,0,0,0,0,0,0,0,0,0,0,0,0,0,0,0,0,0,0,0,0,0,0,0,0,0,0,0,0,0,0,0,0,0,0,0,0,0,0,0,0,0,0,0,0,0,0,0,0,0,0,0,0,0,0,0,0,0,0,0,0,0,0,0,0,0,0,0,0,0,0,0,0,0,0,0,0,0,0,0,0,0,0,0,0,0,0,0,0,0,0,0,0,0,0,0,0,0,0,0,0,0,0,0,0,0,0,0,0,0,0,0,0,0,0,0,0,0,0,0,0,0,0,0,0,0,0,0,0,0,0,0,0,0,0,0,0,0,0,0,0,0,0
3415,0,0,0,0,0,0,0,0,0,0,0,0,0,0,0,0,0,0,0,0,0,0,0,0,0,0,0,0,0,0,0,0,0,0,0,0,0,0,0,0,0,0,0,0,0,0,0,0,0,0,0,0,0,0,0,0,0,0,0,0,0,0,0,0,0,0,0,0,0,0,0,0,0,0,0,0,0,0,0,0,0,0,0,0,0,0,0,0,0,0,0,0,0,0,0,0,0,0,0,0,0,0,0,0,0,0,0,0,0,0,0,0,0,0,0,0,0,0,0,0,0,0,0,0,0,0,0,0,0,0,0,0,0,0,0,0,0,0,0,0,0,0,0,0,0,0,0,0,0,0,0,0,0,0,0,0,0,0,0,0,0,0,0,0,0,0,0,0,0,0,0,0,0,0,0,0,0,0,0,0,0,0,0,0,0,0,0,0,0,0,0,0,0,0,0,0,0,0,0,0
3416,0,0,0,0,0,0,0,0,0,0,0,0,0,0,0,0,0,0,0,0,0,0,0,0,0,0,0,0,0,0,0,0,0,0,0,0,0,0,0,0,0,0,0,0,0,0,0,0,0,0,0,0,0,0,0,0,0,0,0,0,0,0,0,0,0,0,0,0,0,0,0,0,0,0,0,0,0,0,0,0,0,0,0,0,0,0,0,0,0,0,0,0,0,0,0,0,0,0,0,0,0,0,0,0,0,0,0,0,0,0,0,0,0,0,0,0,0,0,0,0,0,0,0,0,0,0,0,0,0,0,0,0,0,0,0,0,0,0,0,0,0,0,0,0,0,0,0,0,0,0,0,0,0,0,0,0,0,0,0,0,0,0,0,0,0,0,0,0,0,0,0,0,0,0,0,0,0,0,0,0,0,0,0,0,0,0,0,0,0,0,0,0,0,0,0,0,0,0,0,0
3417,0,0,0,0,0,0,0,0,0,0,0,0,0,0,0,0,0,0,0,0,0,0,0,0,0,0,0,0,0,0,0,0,0,0,0,0,0,0,0,0,0,0,0,0,0,0,0,0,0,0,0,0,0,0,0,0,0,0,0,0,0,0,0,0,0,0,0,0,0,0,0,0,0,0,0,0,0,0,0,0,0,0,0,0,0,0,0,0,0,0,0,0,0,0,0,0,0,0,0,0,0,0,0,0,0,0,0,0,0,0,0,0,0,0,0,0,0,0,0,0,0,0,0,0,0,0,0,0,0,0,0,0,0,0,0,0,0,0,0,0,0,0,0,0,0,0,0,0,0,0,0,0,0,0,0,0,0,0,0,0,0,0,0,0,0,0,0,0,0,0,0,0,0,0,0,0,0,0,0,0,0,0,0,0,0,0,0,0,0,0,0,0,0,0,0,0,0,0,0,0
3418,0,0,0,0,0,0,0,0,0,0,0,0,0,0,0,0,0,0,0,0,0,0,0,0,0,0,0,0,0,0,0,0,0,0,0,0,0,0,0,0,0,0,0,0,0,0,0,0,0,0,0,0,0,0,0,0,0,0,0,0,0,0,0,0,0,0,0,0,0,0,0,0,0,0,0,0,0,0,0,0,0,0,0,0,0,0,0,0,0,0,0,0,0,0,0,0,0,0,0,0,0,0,0,0,0,0,0,0,0,0,0,0,0,0,0,0,0,0,0,0,0,0,0,0,0,0,0,0,0,0,0,0,0,0,0,0,0,0,0,0,0,0,0,0,0,0,0,0,0,0,0,0,0,0,0,0,0,0,0,0,0,0,0,0,0,0,0,0,0,0,0,0,0,0,0,0,0,0,0,0,0,0,0,0,0,0,0,0,0,0,0,0,0,0,0,0,0,0,0,0
3419,0,0,0,0,0,0,0,0,0,0,0,0,0,0,0,0,0,0,0,0,0,0,0,0,0,0,0,0,0,0,0,0,0,0,0,0,0,0,0,0,0,0,0,0,0,0,0,0,0,0,0,0,0,0,0,0,0,0,0,0,0,0,0,0,0,0,0,0,0,0,0,0,0,0,0,0,0,0,0,0,0,0,0,0,0,0,0,0,0,0,0,0,0,0,0,0,0,0,0,0,0,0,0,0,0,0,0,0,0,0,0,0,0,0,0,0,0,0,0,0,0,0,0,0,0,0,0,0,0,0,0,0,0,0,0,0,0,0,0,0,0,0,0,0,0,0,0,0,0,0,0,0,0,0,0,0,0,0,0,0,0,0,0,0,0,0,0,0,0,0,0,0,0,0,0,0,0,0,0,0,0,0,0,0,0,0,0,0,0,0,0,0,0,0,0,0,0,0,0,0
3420,0,0,0,0,0,0,0,0,0,0,0,0,0,0,0,0,0,0,0,0,0,0,0,0,0,0,0,0,0,0,0,0,0,0,0,0,0,0,0,0,0,0,0,0,0,0,0,0,0,0,0,0,0,0,0,0,0,0,0,0,0,0,0,0,0,0,0,0,0,0,0,0,0,0,0,0,0,0,0,0,0,0,0,0,0,0,0,0,0,0,0,0,0,0,0,0,0,0,0,0,0,0,0,0,0,0,0,0,0,0,0,0,0,0,0,0,0,0,0,0,0,0,0,0,0,0,0,0,0,0,0,0,0,0,0,0,0,0,0,0,0,0,0,0,0,0,0,0,0,0,0,0,0,0,0,0,0,0,0,0,0,0,0,0,0,0,0,0,0,0,0,0,0,0,0,0,0,0,0,0,0,0,0,0,0,0,0,0,0,0,0,0,0,0,0,0,0,0,0,0
3421,0,0,0,0,0,0,0,0,0,0,0,0,0,0,0,0,0,0,0,0,0,0,0,0,0.0000000000,0,0,0,0,0,0,0,0,0,0,0,0,0,0,0,0,0,0,0,0,0,0,0,0,0,0,0,0,0,0,0,0,0,0,0,0,0,0,0,0,0,0,0,0,0,0,0,0,0,0,0,0,0,0,0,0,0,0,0,0,0,0,0,0,0,0,0,0,0,0,0,0,0,0,0,0,0,0,0,0,0,0,0,0,0,0,0,0,0,0,0,0,0,0,0,0,0,0,0,0,0,0,0,0,0,0,0,0,0,0,0,0,0,0,0,0,0,0,0,0,0,0,0,0,0,0,0,0,0,0,0,0,0,0,0,0,0,0,0,0,0,0,0,0,0,0,0,0,0,0,0,0,0,0,0,0,0,0,0,0,0,0,0,0,0,0,0,0,0,0,0,0,0,0,0
3422,0,0,0,0,0,0,0,0,0,0,0,0,0,0,0,0,0,0,0,0,0,0,0,0,0,0,0,0,0,0,0,0,0,0,0,0,0,0,0,0,0,0,0,0,0,0,0,0,0,0,0,0,0,0,0,0,0,0,0,0,0,0,0,0,0,0,0,0,0,0,0,0,0,0,0,0,0,0,0,0,0,0,0,0,0,0,0,0,0,0,0,0,0,0,0,0,0,0,0,0,0,0,0,0,0,0,0,0,0,0,0,0,0,0,0,0,0,0,0,0,0,0,0,0,0,0,0,0,0,0,0,0,0,0,0,0,0,0,0,0,0,0,0,0,0,0,0,0,0,0,0,0,0,0,0,0,0,0,0,0,0,0,0,0,0,0,0,0,0,0,0,0,0,0,0,0,0,0,0,0,0,0,0,0,0,0,0,0,0,0,0,0,0,0,0,0,0,0,0,0
3423,0,0,0,0,0,0,0,0,0,0,0,0,0,0,0,0,0,0,0,0,0,0,0,0,0,0,0,0,0,0,0,0,0,0,0,0,0,0,0,0,0,0,0,0,0,0,0,0,0,0,0,0,0,0,0,0,0,0,0,0,0,0,0,0,0,0,0,0,0,0,0,0,0,0,0,0,0,0,0,0,0,0,0,0,0,0,0,0,0,0,0,0,0,0,0,0,0,0,0,0,0,0,0,0,0,0,0,0,0,0,0,0,0,0,0,0,0,0,0,0,0,0,0,0,0,0,0,0,0,0,0,0,0,0,0,0,0,0,0,0,0,0,0,0,0,0,0,0,0,0,0,0,0,0,0,0,0,0,0,0,0,0,0,0,0,0,0,0,0,0,0,0,0,0,0,0,0,0,0,0,0,0,0,0,0,0,0,0,0,0,0,0,0,0,0,0,0,0,0,0
3424,0,0,0,0,0,0,0,0,0,0,0,0,0,0,0,0,0,0,0,0,0,0,0,0,0,0,0,0,0,0,0,0,0,0,0,0,0,0,0,0,0,0,0,0,0,0,0,0,0,0,0,0,0,0,0,0,0,0,0,0,0,0,0,0,0,0,0,0,0,0,0,0,0,0,0,0,0,0,0,0,0,0,0,0,0,0,0,0,0,0,0,0,0,0,0,0,0,0,0,0,0,0,0,0,0,0,0,0,0,0,0,0,0,0,0,0,0,0,0,0,0,0,0,0,0,0,0,0,0,0,0,0,0,0,0,0,0,0,0,0,0,0,0,0,0,0,0,0,0,0,0,0,0,0,0,0,0,0,0,0,0,0,0,0,0,0,0,0,0,0,0,0,0,0,0,0,0,0,0,0,0,0,0,0,0,0,0,0,0,0,0,0,0,0,0,0,0,0,0,0
3425,0,0,0,0,0,0,0,0,0,0,0,0,0,0,0,0,0,0,0,0,0,0,0,0,0,0,0,0,0,0,0,0,0,0,0,0,0,0,0,0,0,0,0,0,0,0,0,0,0,0,0,0,0,0,0,0,0,0,0,0,0,0,0,0,0,0,0,0,0,0,0,0,0,0,0,0,0,0,0,0,0,0,0,0,0,0,0,0,0,0,0,0,0,0,0,0,0,0,0,0,0,0,0,0,0,0,0,0,0,0,0,0,0,0,0,0,0,0,0,0,0,0,0,0,0,0,0,0,0,0,0,0,0,0,0,0,0,0,0,0,0,0,0,0,0,0,0,0,0,0,0,0,0,0,0,0,0,0,0,0,0,0,0,0,0,0,0,0,0,0,0,0,0,0,0,0,0,0,0,0,0,0,0,0,0,0,0,0,0,0,0,0,0,0,0,0,0,0,0,0
3426,0,0,0,0,0,0,0,0,0,0,0,0,0,0,0,0,0,0,0,0,0,0,0,0,0,0,0,0,0,0,0,0,0,0,0,0,0,0,0,0,0,0,0,0,0,0,0,0,0,0,0,0,0,0,0,0,0,0,0,0,0,0,0,0,0,0,0,0,0,0,0,0,0,0,0,0,0,0,0,0,0,0,0,0,0,0,0,0,0,0,0,0,0,0,0,0,0,0,0,0,0,0,0,0,0,0,0,0,0,0,0,0,0,0,0,0,0,0,0,0,0,0,0,0,0,0,0,0,0,0,0,0,0,0,0,0,0,0,0,0,0,0,0,0,0,0,0,0,0,0,0,0,0,0,0,0,0,0,0,0,0,0,0,0,0,0,0,0,0,0,0,0,0,0,0,0,0,0,0,0,0,0,0,0,0,0,0,0,0,0,0,0,0,0,0,0,0,0,0,0
3427,0,0,0,0,0,0,0,0,0,0,0,0,0,0,0,0,0,0,0,0,0,0,0,0,0,0,0,0,0,0,0,0,0,0,0,0,0,0,0,0,0,0,0,0,0,0,0,0,0,0,0,0,0,0,0,0,0,0,0,0,0,0,0,0,0,0,0,0,0,0,0,0,0,0,0,0,0,0,0,0,0,0,0,0,0,0,0,0,0,0,0,0,0,0,0,0,0,0,0,0,0,0,0,0,0,0,0,0,0,0,0,0,0,0,0,0,0,0,0,0,0,0,0,0,0,0,0,0,0,0,0,0,0,0,0,0,0,0,0,0,0,0,0,0,0,0,0,0,0,0,0,0,0,0,0,0,0,0,0,0,0,0,0,0,0,0,0,0,0,0,0,0,0,0,0,0,0,0,0,0,0,0,0,0,0,0,0,0,0,0,0,0,0,0,0,0,0,0,0,0
3428,0,0,0,0,0,0,0,0,0,0,0,0,0,0,0,0,0,0,0,0,0,0,0,0,0,0,0,0,0,0,0,0,0,0,0,0,0,0,0,0,0,0,0,0,0,0,0,0,0,0,0,0,0,0,0,0,0,0,0,0,0,0,0,0,0,0,0,0,0,0,0,0,0,0,0,0,0,0,0,0,0,0,0,0,0,0,0,0,0,0,0,0,0,0,0,0,0,0,0,0,0,0,0,0,0,0,0,0,0,0,0,0,0,0,0,0,0,0,0,0,0,0,0,0,0,0,0,0,0,0,0,0,0,0,0,0,0,0,0,0,0,0,0,0,0,0,0,0,0,0,0,0,0,0,0,0,0,0,0,0,0,0,0,0,0,0,0,0,0,0,0,0,0,0,0,0,0,0,0,0,0,0,0,0,0,0,0,0,0,0,0,0,0,0,0,0,0,0,0,0
3429,0,0,0,0,0,0,0,0,0,0,0,0,0,0,0,0,0,0,0,0,0,0,0,0,0,0,0,0,0,0,0,0,0,0,0,0,0,0,0,0,0,0,0,0,0.0000000000,0,0,0,0,0,0,0,0,0,0,0,0,0,0,0,0,0,0,0,0,0,0,0,0,0,0,0,0,0,0,0,0,0,0,0,0,0,0,0,0,0,0,0,0,0,0,0,0,0,0,0,0,0,0,0,0,0,0,0,0,0,0,0,0,0,0,0,0,0,0,0,0,0,0,0,0,0,0,0,0,0,0,0,0,0,0,0,0,0,0,0,0,0,0,0,0,0,0,0,0,0,0,0,0,0,0,0,0,0,0,0,0,0,0,0,0,0,0,0,0,0,0,0,0,0,0,0,0,0,0,0,0,0,0,0,0,0,0,0,0,0,0,0,0,0,0,0,0,0,0,0,0,0,0,0
3430,0,0,0,0,0,0,0,0,0,0,0,0,0,0,0,0,0,0,0,0,0,0,0,0,0,0,0,0,0,0,0,0,0,0,0,0,0,0,0,0,0,0,0,0,0,0,0,0,0,0,0,0,0,0,0,0,0,0,0,0,0,0,0,0,0,0,0,0,0,0,0,0,0,0,0,0,0,0,0,0,0,0,0,0,0,0,0,0,0,0,0,0,0,0,0,0,0,0,0,0,0,0,0,0,0,0,0,0,0,0,0,0,0,0,0,0,0,0,0,0,0,0,0,0,0,0,0,0,0,0,0,0,0,0,0,0,0,0,0,0,0,0,0,0,0,0,0,0,0,0,0,0,0,0,0,0,0,0,0,0,0,0,0,0,0,0,0,0,0,0,0,0,0,0,0,0,0,0,0,0,0,0,0,0,0,0,0,0,0,0,0,0,0,0,0,0,0,0,0,0
3431,0,0,0,0,0,0,0,0,0,0,0,0,0,0,0,0,0,0,0,0,0,0,0,0,0,0,0,0,0,0,0,0,0,0,0,0,0,0,0,0,0,0,0,0,0,0,0,0,0,0,0,0,0,0,0,0,0,0,0,0,0,0,0,0,0,0,0,0,0,0,0,0,0,0,0,0,0,0,0,0,0,0,0,0,0,0,0,0,0,0,0,0,0,0,0,0,0,0,0,0,0,0,0,0,0,0,0,0,0,0,0,0,0,0,0,0,0,0,0,0,0,0,0,0,0,0,0,0,0,0,0,0,0,0,0,0,0,0,0,0,0,0,0,0,0,0,0,0,0,0,0,0,0,0,0,0,0,0,0,0,0,0,0,0,0,0,0,0,0,0,0,0,0,0,0,0,0,0,0,0,0,0,0,0,0,0,0,0,0,0,0,0,0,0,0,0,0,0,0,0
3432,0,0,0,0,0,0,0,0,0,0,0,0,0,0,0,0,0,0,0,0,0,0,0,0,0,0,0,0,0,0,0,0,0,0,0,0,0,0,0,0,0,0,0,0,0,0,0,0,0,0,0,0,0,0,0,0,0,0,0,0,0,0,0,0,0,0,0,0,0,0,0,0,0,0,0,0,0,0,0,0,0,0,0,0,0,0,0,0,0,0,0,0,0,0,0,0,0,0,0,0,0,0,0,0,0,0,0,0,0,0,0,0,0,0,0,0,0,0,0,0,0,0,0,0,0,0,0,0,0,0,0,0,0,0,0,0,0,0,0,0,0,0,0,0,0,0,0,0,0,0,0,0,0,0,0,0,0,0,0,0,0,0,0,0,0,0,0,0,0,0,0,0,0,0,0,0,0,0,0,0,0,0,0,0,0,0,0,0,0,0,0,0,0,0,0,0,0,0,0,0
3433,0,0,0,0,0,0,0,0,0,0,0,0,0,0,0,0,0,0,0,0,0,0,0,0,0,0,0,0,0,0,0,0,0,0,0,0,0,0,0,0,0,0,0,0,0,0,0,0,0,0,0,0,0,0,0,0,0,0,0,0,0,0,0,0,0,0,0,0,0,0,0,0,0,0,0,0,0,0,0,0,0,0,0,0,0,0,0,0,0,0,0,0,0,0,0,0,0,0,0,0,0,0,0,0,0,0,0,0,0,0,0,0,0,0,0,0,0,0,0,0,0,0,0,0,0,0,0,0,0,0,0,0,0,0,0,0,0,0,0,0,0,0,0,0,0,0,0,0,0,0,0,0,0,0,0,0,0,0,0,0,0,0,0,0,0,0,0,0,0,0,0,0,0,0,0,0,0,0,0,0,0,0,0,0,0,0,0,0,0,0,0,0,0,0,0,0,0,0,0,0
3434,0,0,0,0,0,0,0,0,0,0,0,0,0,0,0,0,0,0,0,0,0,0,0,0,0,0,0,0,0,0,0,0,0,0,0,0,0,0,0,0,0,0,0,0,0,0,0,0,0,0,0,0,0,0,0,0,0,0,0,0,0,0,0,0,0,0,0,0,0,0,0,0,0,0,0,0,0,0,0,0,0,0,0,0,0,0,0,0,0,0,0,0,0,0,0,0,0,0,0,0,0,0,0,0,0,0,0,0,0,0,0,0,0,0,0,0,0,0,0,0,0,0,0,0,0,0,0,0,0,0,0,0,0,0,0,0,0,0,0,0,0,0,0,0,0,0,0,0,0,0,0,0,0,0,0,0,0,0,0,0,0,0,0,0,0,0,0,0,0,0,0,0,0,0,0,0,0,0,0,0,0,0,0,0,0,0,0,0,0,0,0,0,0,0,0,0,0,0,0,0
3435,0,0,0,0,0,0,0,0,0,0,0,0,0,0,0,0,0,0,0,0,0,0,0,0,0,0,0,0,0,0,0,0,0,0,0,0,0,0,0,0,0,0,0,0,0,0,0,0,0,0,0,0,0,0,0,0,0,0,0,0,0,0,0,0,0,0,0,0,0,0,0,0,0,0,0,0,0,0,0,0,0,0,0,0,0,0,0,0,0,0,0,0,0,0,0,0,0,0,0,0,0,0,0,0,0,0,0,0,0,0,0,0,0,0,0,0,0,0,0,0,0,0,0,0,0,0,0,0,0,0,0,0,0,0,0,0,0,0,0,0,0,0,0,0,0,0,0,0,0,0,0,0,0,0,0,0,0,0,0,0,0,0,0,0,0,0,0,0,0,0,0,0,0,0,0,0,0,0,0,0,0,0,0,0,0,0,0,0,0,0,0,0,0,0,0,0,0,0,0,0
3436,0,0,0,0,0,0,0,0,0,0,0,0,0,0,0,0,0,0,0,0,0,0,0,0,0,0,0,0,0,0,0,0,0,0,0,0,0,0,0,0,0,0,0,0,0,0,0,0,0,0,0,0,0,0,0,0,0,0,0,0,0,0,0,0,0,0,0,0,0,0,0,0,0,0,0,0,0,0,0,0,0,0,0,0,0,0,0,0,0,0,0,0,0,0,0,0,0,0,0,0,0,0,0,0,0,0,0,0,0,0,0,0,0,0,0,0,0,0,0,0,0,0,0,0,0,0,0,0,0,0,0,0,0,0,0,0,0,0,0,0,0,0,0,0,0,0,0,0,0,0,0,0,0,0,0,0,0,0,0,0,0,0,0,0,0,0,0,0,0,0,0,0,0,0,0,0,0,0,0,0,0,0,0,0,0,0,0,0,0,0,0,0,0,0,0,0,0,0,0,0
3437,0,0,0,0,0,0,0,0,0,0,0,0,0,0,0,0,0,0,0,0,0,0,0,0,0,0,0,0,0,0,0,0,0,0,0,0,0,0,0,0,0,0,0,0,0,0,0,0,0,0,0,0,0,0,0,0,0,0,0,0,0,0,0,0,0,0,0,0,0,0,0,0,0,0,0,0,0,0,0,0,0,0,0,0,0,0,0,0,0,0,0,0,0,0,0,0,0,0,0,0,0,0,0,0,0,0,0,0,0,0,0,0,0,0,0,0,0,0,0,0,0,0,0,0,0,0,0,0,0,0,0,0,0,0,0,0,0,0,0,0,0,0,0,0,0,0,0,0,0,0,0,0,0,0,0,0,0,0,0,0,0,0,0,0,0,0,0,0,0,0,0,0,0,0,0,0,0,0,0,0,0,0,0,0,0,0,0,0,0,0,0,0,0,0,0,0,0,0,0,0
3438,0,0,0,0,0,0,0,0,0,0,0,0,0,0,0,0,0,0,0,0,0,0,0,0,0,0,0,0,0,0,0,0,0,0,0,0,0,0,0,0,0,0,0,0,0,0,0,0,0,0,0,0,0,0,0,0,0,0,0,0,0,0,0,0,0,0,0,0,0,0,0,0,0,0,0,0,0,0,0,0,0,0,0,0,0,0,0,0,0,0,0,0,0,0,0,0,0,0,0,0,0,0,0,0,0,0,0,0,0,0,0,0,0,0,0,0,0,0,0,0,0,0,0,0,0,0,0,0,0,0,0,0,0,0,0,0,0,0,0,0,0,0,0,0,0,0,0,0,0,0,0,0,0,0,0,0,0,0,0,0,0,0,0,0,0,0,0,0,0,0,0,0,0,0,0,0,0,0,0,0,0,0,0,0,0,0,0,0,0,0,0,0,0,0,0,0,0,0,0,0
3439,0,0,0,0,0,0,0,0,0,0,0,0,0,0,0,0,0,0,0,0,0,0,0,0,0,0,0,0,0,0,0,0,0,0,0,0,0,0,0,0,0,0,0,0,0,0,0,0,0,0,0,0,0,0,0,0,0,0,0,0,0,0,0,0,0,0,0,0,0,0,0,0,0,0,0,0,0,0,0,0,0,0,0,0,0,0,0,0,0,0,0,0,0,0,0,0,0,0,0,0,0,0,0,0,0,0,0,0,0,0,0,0,0,0,0,0,0,0,0,0,0,0,0,0,0,0,0,0,0,0,0,0,0,0,0,0,0,0,0,0,0,0,0,0,0,0,0,0,0,0,0,0,0,0,0,0,0,0,0,0,0,0,0,0,0,0,0,0,0,0,0,0,0,0,0,0,0,0,0,0,0,0,0,0,0,0,0,0,0,0,0,0,0,0,0,0,0,0,0,0
3440,0,0,0,0,0,0,0,0,0,0,0,0,0,0,0,0,0,0,0,0,0,0,0,0,0,0,0,0,0,0,0,0,0,0,0,0,0,0,0,0,0,0,0,0,0,0,0,0,0,0,0,0,0,0,0,0,0,0,0,0,0,0,0,0,0,0,0,0,0,0,0,0,0,0,0,0,0,0,0,0,0,0,0,0,0,0,0,0,0,0,0,0,0,0,0,0,0,0,0,0,0,0,0,0,0,0,0,0,0,0,0,0,0,0,0,0,0,0,0,0,0,0,0,0,0,0,0,0,0,0,0,0,0,0,0,0,0,0,0,0,0,0,0,0,0,0,0,0,0,0,0,0,0,0,0,0,0,0,0,0,0,0,0,0,0,0,0,0,0,0,0,0,0,0,0,0,0,0,0,0,0,0,0,0,0,0,0,0,0,0,0,0,0,0,0,0,0,0,0,0
3441,0,0,0,0,0,0,0,0,0,0,0,0,0,0,0,0,0,0,0,0,0,0,0,0,0,0,0,0,0,0,0,0,0,0,0,0,0,0,0,0,0,0,0,0,0,0,0,0,0,0,0,0,0,0,0,0,0,0,0,0,0,0,0,0,0,0,0,0,0,0,0,0,0,0,0,0,0,0,0,0,0,0,0,0,0,0,0,0,0,0,0,0,0,0,0,0,0,0,0,0,0,0,0,0,0,0,0,0,0,0,0,0,0,0,0,0,0,0,0,0,0,0,0,0,0,0,0,0,0,0,0,0,0,0,0,0,0,0,0,0,0,0,0,0,0,0,0,0,0,0,0,0,0,0,0,0,0,0,0,0,0,0,0,0,0,0,0,0,0,0,0,0,0,0,0,0,0,0,0,0,0,0,0,0,0,0,0,0,0,0,0,0,0,0,0,0,0,0,0,0
3442,0,0,0,0,0,0,0,0,0,0,0,0,0,0,0,0,0,0,0,0,0,0,0,0,0,0,0,0,0,0,0,0,0,0,0,0,0,0,0,0,0,0,0,0,0,0,0,0,0,0,0,0,0,0,0,0,0,0,0,0,0,0,0,0,0,0,0,0,0,0,0,0,0,0,0,0,0,0,0,0,0,0,0,0,0,0,0,0,0,0,0,0,0,0,0,0,0,0,0,0,0,0,0,0,0,0,0,0,0,0,0,0,0,0,0,0,0,0,0,0,0,0,0,0,0,0,0,0,0,0,0,0.0000000000,0,0,0,0,0,0,0,0,0,0,0,0,0,0,0,0,0,0,0,0,0,0,0,0,0,0,0,0,0,0,0,0,0,0,0,0,0,0,0,0,0,0,0,0,0,0,0,0,0,0,0,0,0,0,0,0,0,0,0,0,0,0,0,0,0,0,0,0
3443,0,0,0,0,0,0,0,0,0,0,0,0,0,0,0,0,0,0,0,0,0,0,0,0,0,0,0,0,0,0,0,0,0,0,0,0,0,0,0,0,0,0,0,0,0,0,0,0,0,0,0,0,0,0,0,0,0,0,0,0,0,0,0,0,0,0,0,0,0,0,0,0,0,0,0,0,0,0,0,0,0,0,0,0,0,0,0,0,0,0,0,0,0,0,0,0,0,0,0,0,0,0,0,0,0,0,0,0,0,0,0,0,0,0,0,0,0,0,0,0,0,0,0,0,0,0,0,0,0,0,0,0,0,0,0,0,0,0,0,0,0,0,0,0,0,0,0,0,0,0,0,0,0,0,0,0,0,0,0,0,0,0,0,0,0,0,0,0,0,0,0,0,0,0,0,0,0,0,0,0,0,0,0,0,0,0,0,0,0,0,0,0,0,0,0,0,0,0,0,0
3444,0,0,0,0,0,0,0,0,0,0,0,0,0,0,0,0,0,0,0,0,0,0,0,0,0,0,0,0,0,0,0,0,0,0,0,0,0,0,0,0,0,0,0,0,0,0,0,0,0,0,0,0,0,0,0,0,0,0,0,0,0,0,0,0,0,0,0,0,0,0,0,0,0,0,0,0,0,0,0,0,0,0,0,0,0,0,0,0,0,0,0,0,0,0,0,0,0,0,0,0,0,0,0,0,0,0,0,0,0,0,0,0,0,0,0,0,0,0,0,0,0,0,0,0,0,0,0,0,0,0,0,0,0,0,0,0,0,0,0,0,0,0,0,0,0,0,0,0,0,0,0,0,0,0,0,0,0,0,0,0,0,0,0,0,0,0,0,0,0,0,0,0,0,0,0,0,0,0,0,0,0,0,0,0,0,0,0,0,0,0,0,0,0,0,0,0,0,0,0,0
3445,0,0,0,0,0,0,0,0,0,0,0,0,0,0,0,0,0,0,0,0,0,0,0,0,0,0,0,0,0,0,0,0,0,0,0,0,0,0,0,0,0,0,0,0,0,0,0,0,0,0,0,0,0,0,0,0,0,0,0,0,0,0,0,0,0,0,0,0,0,0,0,0,0,0,0,0,0,0,0,0,0,0,0,0,0,0,0,0,0,0,0,0,0,0,0,0,0,0,0,0,0,0,0,0,0,0,0,0,0,0,0,0,0,0,0,0,0,0,0,0,0,0,0,0,0,0,0,0,0,0,0,0,0,0,0,0,0,0,0,0,0,0,0,0,0,0,0,0,0,0,0,0,0,0,0,0,0,0,0,0,0,0,0,0,0,0,0,0,0,0,0,0,0,0,0,0,0,0,0,0,0,0,0,0,0,0,0,0,0,0,0,0,0,0,0,0,0,0,0,0
3446,0,0,0,0,0,0,0,0,0,0,0,0,0,0,0,0,0,0,0,0,0,0,0,0,0,0,0,0,0,0,0,0,0,0,0,0,0,0,0,0,0,0,0,0,0,0,0,0,0,0,0,0,0,0,0,0,0,0,0,0,0,0,0,0,0,0,0,0,0,0,0,0,0,0,0,0,0,0,0,0,0,0,0,0,0,0,0,0,0,0,0,0,0,0,0,0,0,0,0,0,0,0,0,0,0,0,0,0,0,0,0,0,0,0,0,0,0,0,0,0,0,0,0,0,0,0,0,0,0,0,0,0,0,0,0,0,0,0,0,0,0,0,0,0,0,0,0,0,0,0,0,0,0,0,0,0,0,0,0,0,0,0,0,0,0,0,0,0,0,0,0,0,0,0,0,0,0,0,0,0,0,0,0,0,0,0,0,0,0,0,0,0,0,0,0,0,0,0,0,0
3447,0,0,0,0,0,0,0,0,0,0,0,0,0,0,0,0,0,0,0,0,0,0,0,0,0,0,0,0,0,0,0,0,0,0,0,0,0,0,0,0,0,0,0,0,0,0,0,0,0,0,0,0,0,0,0,0,0,0,0,0,0,0,0,0,0,0,0,0,0,0,0,0,0,0,0,0,0,0,0,0,0,0,0,0,0,0,0,0,0,0,0,0,0,0,0,0,0,0,0,0,0,0,0,0,0,0,0,0,0,0,0,0,0,0,0,0,0,0,0,0,0,0,0,0,0,0,0,0,0,0,0,0,0,0,0,0,0,0,0,0,0,0,0,0,0,0,0,0,0,0,0,0,0,0,0,0,0,0,0,0,0,0,0,0,0,0,0,0,0,0,0,0,0,0,0,0,0,0,0,0,0,0,0,0,0,0,0,0,0,0,0,0,0,0,0,0,0,0,0,0
3448,0,0,0,0,0,0,0,0,0,0,0,0,0,0,0,0,0,0,0,0,0,0,0,0,0,0,0,0,0,0,0,0,0,0,0,0,0,0,0,0,0,0,0,0,0,0,0,0,0,0,0,0,0,0,0,0,0,0,0,0,0,0,0,0,0,0,0,0,0,0,0,0,0,0,0,0,0,0,0,0,0,0,0,0,0,0,0,0,0,0,0,0,0,0,0,0,0,0,0,0,0,0,0,0,0,0,0,0,0,0,0,0,0,0,0,0,0,0,0,0,0,0,0,0,0,0,0,0,0,0,0,0,0,0,0,0,0,0,0,0,0,0,0,0,0,0,0,0,0,0,0,0,0,0,0,0,0,0,0,0,0,0,0,0,0,0,0,0,0,0,0,0,0,0,0,0,0,0,0,0,0,0,0,0,0,0,0,0,0,0,0,0,0,0,0,0,0,0,0,0
3449,0,0,0,0,0,0,0,0,0,0,0,0,0,0,0,0,0,0,0,0,0,0,0,0,0,0,0,0,0,0,0,0,0,0,0,0,0,0,0,0,0,0,0,0,0,0,0,0,0,0,0,0,0,0,0,0,0,0,0,0,0,0,0,0,0,0,0,0,0,0,0,0,0,0,0,0,0,0,0,0,0,0,0,0,0,0,0,0,0,0,0,0,0,0,0,0,0,0,0,0,0,0,0,0,0,0,0,0,0,0,0,0,0,0,0,0,0,0,0,0,0,0,0,0,0,0,0,0,0,0,0,0,0,0,0,0,0,0,0,0,0,0,0,0,0,0,0,0,0,0,0,0,0,0,0,0,0,0,0,0,0,0,0,0,0,0,0,0,0,0,0,0,0,0,0,0,0,0,0,0,0,0,0,0,0,0,0,0,0,0,0,0,0,0,0,0,0,0,0,0
3450,0,0,0,0,0,0,0,0,0,0,0,0,0,0,0,0,0,0,0,0,0,0,0,0,0,0,0,0,0,0,0,0,0,0,0,0,0,0,0,0,0,0,0,0,0,0,0,0,0,0,0,0,0,0,0,0,0,0,0,0,0,0,0,0,0,0,0,0,0,0,0,0,0,0,0,0,0,0,0,0,0,0,0,0,0,0,0,0,0,0,0,0,0,0,0,0,0,0,0,0,0,0,0,0,0,0,0,0,0,0,0,0,0,0,0,0,0,0,0,0,0,0,0,0,0,0,0,0,0,0,0,0,0,0,0,0,0,0,0,0,0,0,0,0,0,0,0,0,0,0,0,0,0,0,0,0,0,0,0,0,0,0,0,0,0,0,0,0,0,0,0,0,0,0,0,0,0,0,0,0,0,0,0,0,0,0,0,0,0,0,0,0,0,0,0,0,0,0,0,0
3451,0,0,0,0,0,0,0,0,0,0,0,0,0,0,0,0,0,0,0,0,0,0,0,0,0,0,0,0,0,0,0,0,0,0,0,0,0,0,0,0,0,0,0,0,0,0,0,0,0,0,0,0,0,0,0,0,0,0,0,0,0,0,0,0,0,0,0,0,0,0,0,0,0,0,0,0,0,0,0,0,0,0,0,0,0,0,0,0,0,0,0,0,0,0,0,0,0,0,0,0,0,0,0,0,0,0,0,0,0,0,0,0,0,0,0,0,0,0,0,0,0,0,0,0,0,0,0,0,0,0,0,0,0,0,0,0,0,0,0,0,0,0,0,0,0,0,0,0,0,0,0,0,0,0,0,0,0,0,0,0,0,0,0,0,0,0,0,0,0,0,0,0,0,0,0,0,0,0,0,0,0,0,0,0,0,0,0,0,0,0,0,0,0,0,0,0,0,0,0,0
3452,0,0,0,0,0,0,0,0,0,0,0,0,0,0,0,0,0,0,0,0,0,0,0,0,0,0,0,0,0,0,0,0,0,0,0,0,0,0,0,0,0,0,0,0,0,0,0,0,0,0,0,0,0,0,0,0,0,0,0,0,0,0,0,0,0,0,0,0,0,0,0,0,0,0,0,0,0,0,0,0,0,0,0,0,0,0,0,0,0,0,0,0,0,0,0,0,0,0,0,0,0,0,0,0,0,0,0,0,0,0,0,0,0,0,0,0,0,0,0,0,0,0,0,0,0,0,0,0,0,0,0,0,0,0,0,0,0,0,0,0,0,0,0,0,0,0,0,0,0,0,0,0,0,0,0,0,0,0,0,0,0,0,0,0,0,0,0,0,0,0,0,0,0,0,0,0,0,0,0,0,0,0,0,0,0,0,0,0,0,0,0,0,0,0,0,0,0,0,0,0
3453,0,0,0,0,0,0,0,0,0,0,0,0,0,0,0,0,0,0,0,0,0,0,0,0,0,0,0,0,0,0,0,0,0,0,0,0,0,0,0,0,0,0,0,0,0,0,0,0,0,0,0,0,0,0,0,0,0,0,0,0,0,0,0,0,0,0,0,0,0,0,0,0,0,0,0,0,0,0,0,0,0,0,0,0,0,0,0,0,0,0,0,0,0,0,0,0,0,0,0,0,0,0,0,0,0,0,0,0,0,0,0,0,0,0,0,0,0,0,0,0,0,0,0,0,0,0,0,0,0,0,0,0,0,0,0,0,0,0,0,0,0,0,0,0,0,0,0,0,0,0,0,0,0,0,0,0,0,0,0,0,0,0,0,0,0,0,0,0,0,0,0,0,0,0,0,0,0,0,0,0,0,0,0,0,0,0,0,0,0,0,0,0,0,0,0,0,0,0,0,0
3454,0,0,0,0,0,0,0,0,0,0,0,0,0,0,0,0,0,0,0,0,0,0,0,0,0,0,0,0,0,0,0,0,0,0,0,0,0,0,0,0,0,0,0,0,0,0,0,0,0,0,0,0,0,0,0,0,0,0,0,0,0,0,0,0,0,0,0,0,0,0,0,0,0,0,0,0,0,0,0,0,0,0,0,0,0,0,0,0,0,0,0,0,0,0,0,0,0,0,0,0,0,0,0,0,0,0,0,0,0,0,0,0,0,0,0,0,0,0,0,0,0,0,0,0,0,0,0,0,0,0,0,0,0,0,0,0,0,0,0,0,0,0,0,0.0000000000,0,0,0,0,0,0,0,0,0,0,0,0,0,0,0,0,0,0,0,0,0,0,0,0,0,0,0,0,0,0,0,0,0,0,0,0,0,0,0,0,0,0,0,0,0,0,0,0,0,0,0,0,0,0,0,0
3455,0,0,0,0,0,0,0,0,0,0,0,0,0,0,0,0,0,0,0,0,0,0,0,0,0,0,0,0,0,0,0,0,0,0,0,0,0,0,0,0,0,0,0,0,0,0,0,0,0,0,0,0,0,0,0,0,0,0,0,0,0,0,0,0,0,0,0,0,0,0,0,0,0,0,0,0,0,0,0,0,0,0,0,0,0,0,0,0,0,0,0,0,0,0,0,0,0,0,0,0,0,0,0,0,0,0,0,0,0,0,0,0,0,0,0,0,0,0,0,0,0,0,0,0,0,0,0,0,0,0,0,0,0,0,0,0,0,0,0,0,0,0,0,0,0,0,0,0,0,0,0,0,0,0,0,0,0,0,0,0,0,0,0,0,0,0,0,0,0,0,0,0,0,0,0,0,0,0,0,0,0,0,0,0,0,0,0,0,0,0,0,0,0,0,0,0,0,0,0,0
3456,0,0,0,0,0,0,0,0,0,0,0,0,0,0,0,0,0,0,0,0,0,0,0,0,0,0,0,0,0,0,0,0,0,0,0,0,0,0,0,0,0,0,0,0,0,0,0,0,0,0,0,0,0,0,0,0,0,0,0,0,0,0,0,0,0,0,0,0,0,0,0,0,0,0,0,0,0,0,0,0,0,0,0,0,0,0,0,0,0,0,0,0,0,0,0,0,0,0,0,0,0,0,0,0,0,0,0,0,0,0,0,0,0,0,0,0,0,0,0,0,0,0,0,0,0,0,0,0,0,0,0,0,0,0,0,0,0,0,0,0,0,0,0,0,0,0,0,0,0,0,0,0,0,0,0,0,0,0,0,0,0,0,0,0,0,0,0,0,0,0,0,0,0,0,0,0,0,0,0,0,0,0,0,0,0,0,0,0,0,0,0,0,0,0,0,0,0,0,0,0
3457,0,0,0,0,0,0,0,0,0,0,0,0,0,0,0,0,0,0,0,0,0,0,0,0,0,0,0,0,0,0,0,0,0,0,0,0,0,0,0,0,0,0,0,0,0,0,0,0,0,0,0,0,0,0,0,0,0,0,0,0,0,0,0,0,0,0,0,0,0,0,0,0,0,0,0,0,0,0,0,0,0,0,0,0,0,0,0,0,0,0,0,0,0,0,0,0,0,0,0,0,0,0,0,0,0,0,0,0,0,0,0,0,0,0,0,0,0,0,0,0,0,0,0,0,0,0,0,0,0,0,0,0,0,0,0,0,0,0,0,0,0,0,0,0,0,0,0,0,0,0,0,0,0,0,0,0,0,0,0,0,0,0,0,0,0,0,0,0,0,0,0,0,0,0,0,0,0,0,0,0,0,0,0,0,0,0,0,0,0,0,0,0,0,0,0,0,0,0,0,0
3458,0,0,0,0,0,0,0,0,0,0,0,0,0,0,0,0,0,0,0,0,0,0,0,0,0,0,0,0,0,0,0,0,0,0,0,0,0,0,0,0,0,0,0,0,0,0,0,0,0,0,0,0,0,0,0,0,0,0,0,0,0,0,0,0,0,0,0,0,0,0,0,0,0,0,0,0,0,0,0,0,0,0,0,0,0,0,0,0,0,0,0,0,0,0,0,0,0,0,0,0,0,0,0,0,0,0,0,0,0,0,0,0,0,0,0,0,0,0,0,0,0,0,0,0,0,0,0,0,0,0,0,0,0,0,0,0,0,0,0,0,0,0,0,0,0,0,0,0,0,0,0,0,0,0,0,0,0,0,0,0,0,0,0,0,0,0,0,0,0,0,0,0,0,0,0,0,0,0,0,0,0,0,0,0,0,0,0,0,0,0,0,0,0,0,0,0,0,0,0,0
3459,0,0,0,0,0,0,0,0,0,0,0,0,0,0,0,0,0,0,0,0,0,0,0,0,0,0,0,0,0,0,0,0,0,0,0,0,0,0,0,0,0,0,0,0,0,0,0,0,0,0,0,0,0,0,0,0,0,0,0,0,0,0,0,0,0,0,0,0,0,0,0,0,0,0,0,0,0,0,0,0,0,0,0,0,0,0,0,0,0,0,0,0,0,0,0,0,0,0,0,0,0,0,0,0,0,0,0,0,0,0,0,0,0,0,0,0,0,0,0,0,0,0,0,0,0,0,0,0,0,0,0,0,0,0,0,0,0,0,0,0,0,0,0,0,0,0,0,0,0,0,0,0,0,0,0,0,0,0,0,0,0,0,0,0,0,0,0,0,0,0,0,0,0,0,0,0,0,0,0,0,0,0,0,0,0,0,0,0,0,0,0,0,0,0,0,0,0,0,0,0
3460,0,0,0,0,0,0,0,0,0,0,0,0,0,0,0,0,0,0,0,0,0,0,0,0,0,0,0,0,0,0,0,0,0,0,0,0,0,0,0,0,0,0,0,0,0,0,0,0,0,0,0,0,0,0,0,0,0,0,0,0,0,0,0,0,0,0,0,0,0,0,0,0,0,0,0,0,0,0,0,0,0,0,0,0,0,0,0,0,0,0,0,0,0,0,0,0,0,0,0,0,0,0,0,0,0,0,0,0,0,0,0,0,0,0,0,0,0,0,0,0,0,0,0,0,0,0,0,0,0,0,0,0,0,0,0,0,0,0,0,0,0,0,0,0,0,0,0,0,0,0,0,0,0,0,0,0,0,0,0,0,0,0,0,0,0,0,0,0,0,0,0,0,0,0,0,0,0,0,0,0,0,0,0,0,0,0,0,0,0,0,0,0,0,0,0,0,0,0,0,0
3461,0,0,0,0,0,0,0,0,0,0,0,0,0,0,0,0,0,0,0,0,0,0,0,0,0,0,0,0,0,0,0,0,0,0,0,0,0,0,0,0,0,0,0,0,0,0,0,0,0,0,0,0,0,0,0,0,0,0,0,0,0,0,0,0,0,0,0,0,0,0,0,0,0,0,0,0,0,0,0,0,0,0,0,0,0,0,0,0,0,0,0,0,0,0,0,0,0,0,0,0,0,0,0,0,0,0,0,0,0,0,0,0,0,0,0,0,0,0,0,0,0,0,0,0,0,0,0,0,0,0,0,0,0,0,0,0,0,0,0,0,0,0,0,0,0,0,0,0,0,0,0,0,0,0,0,0,0,0,0,0,0,0,0,0,0,0,0,0,0,0,0,0,0,0,0,0,0,0,0,0,0,0,0,0,0,0,0,0,0,0,0,0,0,0,0,0,0,0,0,0
3462,0,0,0,0,0,0,0,0,0,0,0,0,0,0,0,0,0,0,0,0,0,0,0,0,0,0,0,0,0,0,0,0,0,0,0,0,0,0,0,0,0,0,0,0,0,0,0,0,0,0,0,0,0,0,0,0,0,0,0,0,0,0,0,0,0,0,0,0,0,0,0,0,0,0,0,0,0,0,0,0,0,0,0,0,0,0,0,0,0,0,0,0,0,0,0,0,0,0,0,0,0,0,0,0,0,0,0,0,0,0,0,0,0,0,0,0,0,0,0,0,0,0,0,0,0,0,0,0,0,0,0,0,0,0,0,0,0,0,0,0,0,0,0,0,0,0,0,0,0,0,0,0,0,0,0,0,0,0,0,0,0,0,0,0,0,0,0,0,0,0,0,0,0,0,0,0,0,0,0,0,0,0,0,0,0,0,0,0,0,0,0,0,0,0,0,0,0,0,0,0
3463,0,0,0,0,0,0,0,0,0,0,0,0,0,0,0,0,0,0,0,0,0,0,0,0,0,0,0,0,0,0,0,0,0,0,0,0,0,0,0,0,0,0,0,0,0,0,0,0,0,0,0,0,0,0,0,0,0,0,0,0,0,0,0,0,0,0,0,0,0,0,0,0,0,0,0,0,0,0,0,0,0,0,0,0,0,0,0,0,0,0,0,0,0,0,0,0,0,0,0,0,0,0,0,0,0,0,0,0,0,0,0,0,0,0,0,0,0,0,0,0,0,0,0,0,0,0,0,0,0,0,0,0,0,0,0,0,0,0,0,0,0,0,0,0,0,0,0,0,0,0,0,0,0,0,0,0,0,0,0,0,0,0,0,0,0,0,0,0,0,0,0,0,0,0,0,0,0,0,0,0,0,0,0,0,0,0,0,0,0,0,0,0,0,0,0,0,0,0,0,0
3464,0,0,0,0,0,0,0,0,0,0,0,0,0,0,0,0,0,0,0,0,0,0,0,0,0,0,0,0,0,0,0,0,0,0,0,0,0,0,0,0,0,0,0,0,0,0,0,0,0,0,0,0,0,0,0,0,0,0,0,0,0,0,0,0,0,0,0,0,0,0,0,0,0,0,0,0,0,0,0,0,0,0,0,0,0,0,0,0,0,0,0,0,0,0,0,0,0,0,0,0,0,0,0,0,0,0,0,0,0,0,0,0,0,0,0,0,0,0,0,0,0,0,0,0,0,0,0,0,0,0,0,0,0,0,0,0,0,0,0,0,0,0,0,0,0,0,0,0,0,0,0,0,0,0,0,0,0,0,0,0,0,0,0,0,0,0,0,0,0,0,0,0,0,0,0,0,0,0,0,0,0,0,0,0,0,0,0,0,0,0,0,0,0,0,0,0,0,0,0,0
3465,0,0,0,0,0,0,0,0,0,0,0,0,0,0,0,0,0,0,0,0,0,0,0,0,0,0,0,0,0,0,0,0,0,0,0,0,0,0,0,0,0,0,0,0,0,0,0,0,0,0,0,0,0,0,0,0,0,0,0,0,0,0,0,0,0,0,0,0,0,0,0,0,0,0,0,0,0,0,0,0,0,0,0,0,0,0,0,0,0,0,0,0,0,0,0,0,0,0,0,0,0,0,0,0,0,0,0,0,0,0,0,0,0,0,0,0,0,0,0,0,0,0,0,0,0,0,0,0,0,0,0,0,0,0,0,0,0,0,0,0,0,0,0,0,0,0,0,0,0,0,0,0,0,0,0,0,0,0,0,0,0,0,0,0,0,0,0,0,0,0,0,0,0,0,0,0,0,0,0,0,0,0,0,0,0,0,0,0,0,0,0,0,0,0,0,0,0,0,0,0
3466,0,0,0,0,0,0,0,0,0,0,0,0,0,0,0,0,0,0,0,0,0,0,0,0,0,0,0,0,0,0,0,0,0,0,0,0,0,0,0,0,0,0,0,0,0,0,0,0,0,0,0,0,0,0,0,0,0,0,0,0,0,0,0,0,0,0,0,0,0,0,0,0,0,0,0,0,0,0,0,0,0,0,0,0,0,0,0,0,0,0,0,0,0,0,0,0,0,0,0,0,0,0,0,0,0,0,0,0,0,0,0,0,0,0,0,0,0,0,0,0,0,0,0,0,0,0,0,0,0,0,0,0,0,0,0,0,0,0,0,0,0,0,0,0,0,0,0,0,0,0,0,0,0,0,0,0,0,0,0,0,0,0,0,0,0,0,0,0,0,0,0,0,0,0,0,0,0,0,0,0,0,0,0,0,0,0,0,0,0,0,0,0,0,0,0,0,0,0,0,0
3467,0,0,0,0,0,0,0,0,0,0,0,0,0,0,0.0000000000,0,0,0,0,0,0,0,0,0,0,0,0,0,0,0,0,0,0,0,0,0,0,0,0,0,0,0,0,0,0,0,0,0,0,0,0,0,0,0,0,0,0,0,0,0,0,0,0,0,0,0,0,0,0,0,0,0,0,0,0,0,0,0,0,0,0,0,0,0,0,0,0,0,0,0,0,0,0,0,0,0,0,0,0,0,0,0,0,0,0,0,0,0,0,0,0,0,0,0,0,0,0,0,0,0,0,0,0,0,0,0,0,0,0,0,0,0,0,0,0,0,0,0,0,0,0,0,0,0,0,0,0,0,0,0,0,0,0,0,0,0,0,0,0,0,0,0,0,0,0,0,0,0,0,0,0,0,0,0,0,0,0,0,0,0,0,0,0,0,0,0,0,0,0,0,0,0,0,0,0,0,0,0,0,0
3468,0,0,0,0,0,0,0,0,0,0,0,0,0,0,0,0,0,0,0,0,0,0,0,0,0,0,0,0,0,0,0,0,0,0,0,0,0,0,0,0,0,0,0,0,0,0,0,0,0,0,0,0,0,0,0,0,0,0,0,0,0,0,0,0,0,0,0,0,0,0,0,0,0,0,0,0,0,0,0,0,0,0,0,0,0,0,0,0,0,0,0,0,0,0,0,0,0,0,0,0,0,0,0,0,0,0,0,0,0,0,0,0,0,0,0,0,0,0,0,0,0,0,0,0,0,0,0,0,0,0,0,0,0,0,0,0,0,0,0,0,0,0,0,0,0,0,0,0,0,0,0,0,0,0,0,0,0,0,0,0,0,0,0,0,0,0,0,0,0,0,0,0,0,0,0,0,0,0,0,0,0,0,0,0,0,0,0,0,0,0,0,0,0,0,0,0,0,0,0,0
3469,0,0,0,0,0,0,0,0,0,0,0,0,0,0,0,0,0,0,0,0,0,0,0,0,0,0,0,0,0,0,0,0,0,0,0,0,0,0,0,0,0,0,0,0,0,0,0,0,0,0,0,0,0,0,0,0,0,0,0,0,0,0,0,0,0,0,0,0,0,0,0,0,0,0,0,0,0,0,0,0,0,0,0,0,0,0,0,0,0,0,0,0,0,0,0,0,0,0,0,0,0,0,0,0,0,0,0,0,0,0,0,0,0,0,0,0,0,0,0,0,0,0,0,0,0,0,0,0,0,0,0,0,0,0,0,0,0,0,0,0,0,0,0,0,0,0,0,0,0,0,0,0,0,0,0,0,0,0,0,0,0,0,0,0,0,0,0,0,0,0,0,0,0,0,0,0,0,0,0,0,0,0,0,0,0,0,0,0,0,0,0,0,0,0,0,0,0,0,0,0
3470,0,0,0,0,0,0,0,0,0,0,0,0,0,0,0,0,0,0,0,0,0,0,0,0,0,0,0,0,0,0,0,0,0,0,0,0,0,0,0,0,0,0,0,0,0,0,0,0,0,0,0,0,0,0,0,0,0,0,0,0,0,0,0,0,0,0,0,0,0,0,0,0,0,0,0,0,0,0,0,0,0,0,0,0,0,0,0,0,0,0,0,0,0,0,0,0,0,0,0,0,0,0,0,0,0,0,0,0,0,0,0,0,0,0,0,0,0,0,0,0,0,0,0,0,0,0,0,0,0,0,0,0,0,0,0,0,0,0,0,0,0,0,0,0,0,0,0,0,0,0,0,0,0,0,0,0,0,0,0,0,0,0,0,0,0,0,0,0,0,0,0,0,0,0,0,0,0,0,0,0,0,0,0,0,0,0,0,0,0,0,0,0,0,0,0,0,0,0,0,0
3471,0,0,0,0,0,0,0,0,0,0,0,0,0,0,0,0,0,0,0,0,0,0,0,0,0,0,0,0,0,0,0,0,0,0,0,0,0,0,0,0,0,0,0,0,0,0,0,0,0,0,0,0,0,0,0,0,0,0,0,0,0,0,0,0,0,0,0,0,0,0,0,0,0,0,0,0,0,0,0,0,0,0,0,0,0,0,0,0,0,0,0,0,0,0,0,0,0,0,0,0,0,0,0,0,0,0,0,0,0,0,0,0,0,0,0,0,0,0,0,0,0,0,0,0,0,0,0,0,0,0,0,0,0,0,0,0,0,0,0,0,0,0,0,0,0,0,0,0,0,0,0,0,0,0,0,0,0,0,0,0,0,0,0,0,0,0,0,0,0,0,0,0,0,0,0,0,0,0,0,0,0,0,0,0,0,0,0,0,0,0,0,0,0,0,0,0,0,0,0,0
3472,0,0,0,0,0,0,0,0,0,0,0,0,0,0,0,0,0,0,0,0,0,0,0,0,0,0,0,0,0,0,0,0,0,0,0,0,0,0,0,0,0,0,0,0,0,0,0,0,0,0,0,0,0,0,0,0,0,0,0,0,0,0,0,0,0,0,0,0,0,0,0,0,0,0,0,0,0,0,0,0,0,0,0,0,0,0,0,0,0,0,0,0,0,0,0,0,0,0,0,0,0,0,0,0,0,0,0,0,0,0,0,0,0,0,0,0,0,0,0,0,0,0,0,0,0,0,0,0,0,0,0,0,0,0,0,0,0,0,0,0,0,0,0,0,0,0,0,0,0,0,0,0,0,0,0,0,0,0,0,0,0,0,0,0,0,0,0,0,0,0,0,0,0,0,0,0,0,0,0,0,0,0,0,0,0,0,0,0,0,0,0,0,0,0,0,0,0,0,0,0
3473,0,0,0,0,0,0,0,0,0,0,0,0,0,0,0,0,0,0,0,0,0,0,0,0,0,0,0,0,0,0,0,0,0,0,0,0,0,0,0,0,0,0,0,0,0,0,0,0,0,0,0,0,0,0,0,0,0,0,0,0,0,0,0,0,0,0,0,0,0,0,0,0,0,0,0,0,0,0,0,0,0,0,0,0,0,0,0,0,0,0,0,0,0,0,0,0,0,0,0,0,0,0,0,0,0,0,0,0,0,0,0,0,0,0,0,0,0,0,0,0,0,0,0,0,0,0,0,0,0,0,0,0,0,0,0,0,0,0,0,0,0,0,0,0,0,0,0,0,0,0,0,0,0,0,0,0,0,0,0,0,0,0,0,0,0,0,0,0,0,0,0,0,0,0,0,0,0,0,0,0,0,0,0,0,0,0,0,0,0,0,0,0,0,0,0,0,0,0,0,0
3474,0,0,0,0,0,0,0,0,0,0,0,0,0,0,0,0,0,0,0,0,0,0,0,0,0,0,0,0,0,0,0,0,0,0,0,0,0,0,0,0,0,0,0,0,0,0,0,0,0,0,0,0,0,0,0,0,0,0,0,0,0,0,0,0,0,0,0,0,0,0,0,0,0,0,0,0,0,0,0,0,0,0,0,0,0,0,0,0,0,0,0,0,0,0,0,0,0,0,0,0,0,0,0,0,0,0,0,0,0,0,0,0,0,0,0,0,0,0,0,0,0,0,0,0,0,0,0,0,0,0,0,0,0,0,0,0,0,0,0,0,0,0,0,0,0,0,0,0,0,0,0,0,0,0,0,0,0,0,0,0,0,0,0,0,0,0,0,0,0,0,0,0,0,0,0,0,0,0,0,0,0,0,0,0,0,0,0,0,0,0,0,0,0,0,0,0,0,0,0,0
3475,0,0,0,0,0,0,0,0,0,0,0,0,0,0,0,0,0,0,0,0,0,0,0,0,0,0,0,0,0,0,0,0,0,0,0,0,0,0,0,0,0,0,0,0,0,0,0,0,0,0,0,0,0,0,0,0,0,0,0,0,0,0,0,0,0,0,0,0,0,0,0,0,0,0,0,0,0,0,0,0,0,0,0,0,0,0,0,0,0,0,0,0,0,0,0,0,0,0,0,0,0,0,0,0,0,0,0,0,0,0,0,0,0,0,0,0,0,0,0,0,0,0,0,0,0,0,0,0,0,0,0,0,0,0,0,0,0,0,0,0,0,0,0,0,0,0,0,0,0,0,0,0,0,0,0,0,0,0,0,0,0,0,0,0,0,0,0,0,0,0,0,0,0,0,0,0,0,0,0,0,0,0,0,0,0,0,0,0,0,0,0,0,0,0,0,0,0,0,0,0
3476,0,0,0,0,0,0,0,0,0,0,0,0,0,0,0,0,0,0,0,0,0,0,0,0,0,0,0,0,0,0,0,0,0,0,0,0,0,0,0,0,0,0,0,0,0,0,0,0,0,0,0,0,0,0,0,0,0,0,0,0,0,0,0,0,0,0,0,0,0,0,0,0,0,0,0,0,0,0,0,0,0,0,0,0,0,0,0,0,0,0,0,0,0,0,0,0,0,0,0,0,0,0,0,0,0,0,0,0,0,0,0,0,0,0,0,0,0,0,0,0,0,0,0,0,0,0,0,0,0,0,0,0,0,0,0,0,0,0,0,0,0,0,0,0,0,0,0,0,0,0,0,0,0,0,0,0,0,0,0,0,0,0,0,0,0,0,0,0,0,0,0,0,0,0,0,0,0,0,0,0,0,0,0,0,0,0,0,0,0,0,0,0,0,0,0,0,0,0,0,0
3477,0,0,0,0,0,0,0,0,0,0,0,0,0,0,0,0,0,0,0,0,0,0,0,0,0,0,0,0,0,0,0,0,0,0,0,0,0,0,0,0,0,0,0,0,0,0,0,0,0,0,0,0,0,0,0,0,0,0,0,0,0,0,0,0,0,0,0,0,0,0,0,0,0,0,0,0,0,0,0,0,0,0,0,0,0,0,0,0,0,0,0,0,0,0,0,0,0,0,0,0,0,0,0,0,0,0,0,0,0,0,0,0,0,0,0,0,0,0,0,0,0,0,0,0,0,0,0,0,0,0,0,0,0,0,0,0,0,0,0,0,0,0,0,0,0,0,0,0,0,0,0,0,0,0,0,0,0,0,0,0,0,0,0,0,0,0,0,0,0,0,0,0,0,0,0,0,0,0,0,0,0,0,0,0,0,0,0,0,0,0,0,0,0,0,0,0,0,0,0,0
3478,0,0,0,0,0,0,0,0,0,0,0,0,0,0,0,0,0,0,0,0,0,0,0,0,0,0,0,0,0,0,0,0,0,0,0,0,0,0,0,0,0,0,0,0,0,0,0,0,0,0,0,0,0,0,0,0,0,0,0,0,0,0,0,0,0,0,0,0,0,0,0,0,0,0,0,0,0,0,0,0,0,0,0,0,0,0,0,0,0,0,0,0,0,0,0,0,0,0,0,0,0,0,0,0,0,0,0,0,0,0,0,0,0,0,0,0,0,0,0,0,0,0,0,0,0,0,0,0,0,0,0,0,0,0,0,0,0,0,0,0,0,0,0,0,0,0,0,0,0,0,0,0,0,0,0,0,0,0,0,0,0,0,0,0,0,0,0,0,0,0,0,0,0,0,0,0,0,0,0,0,0,0,0,0,0,0,0,0,0,0,0,0,0,0,0,0,0,0,0,0
3479,0,0,0,0,0,0,0,0,0,0,0,0,0,0,0,0,0,0,0,0,0,0,0,0,0,0,0,0,0,0,0,0,0,0,0,0,0,0,0,0,0,0,0,0,0,0,0,0,0,0,0,0,0,0,0,0,0,0,0,0,0,0,0,0,0,0,0,0,0,0,0,0,0,0,0,0,0,0,0,0,0,0,0,0,0,0,0,0,0,0,0,0,0,0,0,0,0,0,0,0,0,0,0,0,0,0,0,0,0,0,0,0,0,0,0,0,0,0,0,0,0,0,0,0,0,0,0,0,0,0,0,0,0,0,0,0,0,0,0,0,0,0,0,0,0,0,0,0,0,0,0,0,0,0,0,0,0,0,0,0,0,0,0,0,0,0,0,0,0,0,0,0,0,0,0,0,0,0,0,0,0,0,0,0,0,0,0,0,0,0,0,0,0,0,0,0,0,0,0,0
3480,0,0,0,0,0,0,0,0,0,0,0,0,0,0,0,0,0,0,0,0,0,0,0,0,0,0,0,0,0,0,0,0,0,0,0,0,0,0,0,0,0,0,0,0,0,0,0,0,0,0,0,0,0,0,0,0,0,0,0,0,0,0,0,0,0,0,0,0,0,0,0,0,0,0,0,0,0,0,0,0,0,0,0,0,0,0,0,0,0,0,0,0,0,0,0,0,0,0,0,0,0,0,0,0,0,0,0,0,0,0,0,0,0,0,0,0,0,0,0,0,0,0,0,0,0,0,0,0,0,0,0,0,0,0,0,0,0,0,0,0,0,0,0,0,0,0,0,0,0,0,0,0,0,0,0,0,0,0,0,0,0,0,0,0,0,0,0,0,0,0,0,0,0,0,0,0,0,0,0,0,0,0,0,0,0,0,0,0,0,0,0,0,0,0,0,0,0,0,0,0
3481,0,0,0,0,0,0,0,0,0,0,0,0,0,0,0,0,0,0,0,0,0,0,0,0,0,0,0,0,0,0,0,0,0,0,0,0,0,0,0,0,0,0,0,0,0,0,0,0,0,0,0,0,0,0,0,0,0,0,0,0,0,0,0,0,0,0,0,0,0,0,0,0,0,0,0,0,0,0,0,0,0,0,0,0,0,0,0,0,0,0,0,0,0,0,0,0,0,0,0,0,0,0,0,0,0,0,0,0,0,0,0,0,0,0,0,0,0,0,0,0,0,0,0,0,0,0,0,0,0,0,0,0,0,0,0,0,0,0,0,0,0,0,0,0,0,0,0,0,0,0,0,0,0,0,0,0,0,0,0,0,0,0,0,0,0,0,0,0,0,0,0,0,0,0,0,0,0,0,0,0,0,0,0,0,0,0,0,0,0,0,0,0,0,0,0,0,0,0,0,0
3482,0,0,0,0,0,0,0,0,0,0,0,0,0,0,0,0,0,0,0,0,0,0,0,0,0,0,0,0,0,0,0,0,0,0,0,0,0,0,0,0,0,0,0,0,0,0,0,0,0,0,0,0,0,0,0,0,0,0,0,0,0,0,0,0,0,0,0,0,0,0,0,0,0,0,0,0,0,0,0,0,0,0,0,0,0,0,0,0,0,0,0,0,0,0,0,0,0,0,0,0,0,0,0,0,0,0,0,0,0,0,0,0,0,0,0,0,0,0,0,0,0,0,0,0,0,0,0,0,0,0,0,0,0,0,0,0,0,0,0,0,0,0,0,0,0,0,0,0,0,0,0,0,0,0,0,0,0,0,0,0,0,0,0,0,0,0,0,0,0,0,0,0,0,0,0,0,0,0,0,0,0,0,0,0,0,0,0,0,0,0,0,0,0,0,0,0,0,0,0,0
3483,0,0,0,0,0,0,0,0,0,0,0,0,0,0,0,0,0,0,0,0,0,0,0,0,0,0,0,0,0,0,0,0,0,0,0,0,0,0,0,0,0,0,0,0,0,0,0,0,0,0,0,0,0,0,0,0,0,0,0,0,0,0,0,0,0,0,0,0,0,0,0,0,0,0,0,0,0,0,0,0,0,0,0,0,0,0,0,0,0,0,0,0,0,0,0,0,0,0,0,0,0,0,0,0,0,0,0,0,0,0,0,0,0,0,0,0,0,0,0,0,0,0,0,0,0,0,0,0,0,0,0,0,0,0,0,0,0,0,0,0,0,0,0,0,0,0,0,0,0,0,0,0,0,0,0,0,0,0,0,0,0,0,0,0,0,0,0,0,0,0,0,0,0,0,0,0,0,0,0,0,0,0,0,0,0,0,0,0,0,0,0,0,0,0,0,0,0,0,0,0
3484,0,0,0,0,0,0,0,0,0,0,0,0,0,0,0,0,0,0,0,0,0,0,0,0,0,0,0,0,0,0,0,0,0,0,0,0,0,0,0,0,0,0,0,0,0,0,0,0,0,0,0,0,0,0,0,0,0,0,0,0,0,0,0,0,0,0,0,0,0,0,0,0,0,0,0,0,0,0,0,0,0,0,0,0,0,0,0,0,0,0,0,0,0,0,0,0,0,0,0,0,0,0,0,0,0,0,0,0,0,0,0,0,0,0,0,0,0,0,0,0,0,0,0,0,0,0,0,0,0,0,0,0,0,0,0,0,0,0,0,0,0,0,0,0,0,0,0,0,0,0,0,0,0,0,0,0,0,0,0,0,0,0,0,0,0,0,0,0,0,0,0,0,0,0,0,0,0,0,0,0,0,0,0,0,0,0,0,0,0,0,0,0,0,0,0,0,0,0,0,0
3485,0,0,0,0,0,0,0,0,0,0,0,0,0,0,0,0,0,0,0,0,0,0,0,0,0,0,0,0,0,0,0,0,0,0,0,0,0,0,0,0,0,0,0,0,0,0,0,0,0,0,0,0,0,0,0,0,0,0,0,0,0,0,0,0,0,0,0,0,0,0,0,0,0,0,0,0,0,0,0,0,0,0,0,0,0,0,0,0,0,0,0,0,0,0,0,0,0,0,0,0,0,0,0,0,0,0,0,0,0,0,0,0,0,0,0,0,0,0,0,0,0,0,0,0,0,0,0,0,0,0,0,0,0,0,0,0,0,0,0,0,0,0,0,0,0,0,0,0,0,0,0,0,0,0,0,0,0,0,0,0,0,0,0,0,0,0,0,0,0,0,0,0,0,0,0,0,0,0,0,0,0,0,0,0,0,0,0,0,0,0,0,0,0,0,0,0,0,0,0,0
3486,0,0,0,0,0,0,0,0,0,0,0,0,0,0,0,0,0,0,0,0,0,0,0,0,0,0,0,0,0,0,0,0,0,0,0,0,0,0,0,0,0,0,0,0,0,0,0,0,0,0,0,0,0,0,0,0,0,0,0,0,0,0,0,0,0,0,0,0,0,0,0,0,0,0,0,0,0,0,0,0,0,0,0,0,0,0,0,0,0,0,0,0,0,0,0,0,0,0,0,0,0,0,0,0,0,0,0,0,0,0,0,0,0,0,0,0,0,0,0,0,0,0,0,0,0,0,0,0,0,0,0,0,0,0,0,0,0,0,0,0,0,0,0,0,0,0,0,0,0,0,0,0,0,0,0,0,0,0,0,0,0,0,0,0,0,0,0,0,0,0,0,0,0,0,0,0,0,0,0,0,0,0,0,0,0,0,0,0,0,0,0,0,0,0,0,0,0,0,0,0
3487,0,0,0,0,0,0,0,0,0,0,0,0,0,0,0,0,0,0,0,0,0,0,0,0,0,0,0,0,0,0,0,0,0,0,0,0,0,0,0,0,0,0,0,0,0,0,0,0,0,0,0,0,0,0,0,0,0,0,0,0,0,0,0,0,0,0,0,0,0,0,0,0,0,0,0,0,0,0,0,0,0,0,0,0,0,0,0,0,0,0,0,0,0,0,0,0,0,0,0,0,0,0,0,0,0,0,0,0,0,0,0,0,0,0,0,0,0,0,0,0,0,0,0,0,0,0,0,0,0,0,0,0,0,0,0,0,0,0,0,0,0,0,0,0,0,0,0,0,0,0,0,0,0,0,0,0,0,0,0,0,0,0,0,0,0,0,0,0,0,0,0,0,0,0,0,0,0,0,0,0,0,0,0,0,0,0,0,0,0,0,0,0,0,0,0,0,0,0,0,0
3488,0,0,0,0,0,0,0,0,0,0,0,0,0,0,0,0,0,0,0,0,0,0,0,0,0,0,0,0,0,0,0,0,0,0,0,0,0,0,0,0,0,0,0,0,0,0,0,0,0,0,0,0,0,0,0,0,0,0,0,0,0,0,0,0,0,0,0,0,0,0,0,0,0,0,0,0,0,0,0,0,0,0,0,0,0,0,0,0,0,0,0,0,0,0,0,0,0,0,0,0,0,0,0,0,0,0,0,0,0,0,0,0,0,0,0,0,0,0,0,0,0,0,0,0,0,0,0,0,0,0,0,0,0,0,0,0,0,0,0,0,0,0,0,0,0,0,0,0,0,0,0,0,0,0,0,0,0,0,0,0,0,0,0,0,0,0,0,0,0,0,0,0,0,0,0,0,0,0,0,0,0,0,0,0,0,0,0,0,0,0,0,0,0,0,0,0,0,0,0,0
3489,0,0,0,0,0,0,0,0,0,0,0,0,0,0,0,0,0,0,0,0,0,0,0,0,0,0,0,0,0,0,0,0,0,0,0,0,0,0,0,0,0,0,0,0,0,0,0,0,0,0,0,0,0,0,0,0,0,0,0,0,0,0,0,0,0,0,0,0,0,0,0,0,0,0,0,0,0,0,0,0,0,0,0,0,0,0,0,0,0,0,0,0,0,0,0,0,0,0,0,0,0,0,0,0,0,0,0,0,0,0,0,0,0,0,0,0,0,0,0,0,0,0,0,0,0,0,0,0,0,0,0,0,0,0,0,0,0,0,0,0,0,0.0000000000,0,0,0,0,0,0,0,0,0,0,0,0,0,0,0,0,0,0,0,0,0,0,0,0,0,0,0,0,0,0,0,0,0,0,0,0,0,0,0,0,0,0,0,0,0,0,0,0,0,0,0,0,0,0,0,0,0,0
3490,0,0,0,0,0,0,0,0,0,0,0,0,0,0,0,0,0,0,0,0,0,0,0,0,0,0,0,0,0,0,0,0,0,0,0,0,0,0,0,0,0,0,0,0,0,0,0,0,0,0,0,0,0,0,0,0,0,0,0,0,0,0,0,0,0,0,0,0,0,0,0,0,0,0,0,0,0,0,0,0,0,0,0,0,0,0,0,0,0,0,0,0,0,0,0,0,0,0,0,0,0,0,0,0,0,0,0,0,0,0,0,0,0,0,0,0,0,0,0,0,0,0,0,0,0,0,0,0,0,0,0,0,0,0,0,0,0,0,0,0,0,0,0,0,0,0,0,0,0,0,0,0,0,0,0,0,0,0,0,0,0,0,0,0,0,0,0,0,0,0,0,0,0,0,0,0,0,0,0,0,0,0,0,0,0,0,0,0,0,0,0,0,0,0,0,0,0,0,0,0
3491,0,0,0,0,0,0,0,0,0,0,0,0,0,0,0,0,0,0,0,0,0,0,0,0,0,0,0,0,0,0,0,0,0,0,0,0,0,0,0,0,0,0,0,0,0,0,0,0,0,0,0,0,0,0,0,0,0,0,0,0,0,0,0,0,0,0,0,0,0,0,0,0,0,0,0,0,0,0,0,0,0,0,0,0,0,0,0,0,0,0,0,0,0,0,0,0,0,0,0,0,0,0,0,0,0,0,0,0,0,0,0,0,0,0,0,0,0,0,0,0,0,0,0,0,0,0,0,0,0,0,0,0,0,0,0,0,0,0,0,0,0,0,0,0,0,0,0,0,0,0,0,0,0,0,0,0,0,0,0,0,0,0,0,0,0,0,0,0,0,0,0,0,0,0,0,0,0,0,0,0,0,0,0,0,0,0,0,0,0,0,0,0,0,0,0,0,0,0,0,0
3492,0,0,0,0,0,0,0,0,0,0,0,0,0,0,0,0,0,0,0,0,0,0,0,0,0,0,0,0,0,0,0,0,0,0,0,0,0,0,0,0,0,0,0,0,0,0,0,0,0,0,0,0,0,0,0,0,0,0,0,0,0,0,0,0,0,0,0,0,0,0,0,0,0,0,0,0,0,0,0,0,0,0,0,0,0,0,0,0,0,0,0,0,0,0,0,0,0,0,0,0,0,0,0,0,0,0,0,0,0,0,0,0,0,0,0,0,0,0,0,0,0,0,0,0,0,0,0,0,0,0,0,0,0,0,0,0,0,0,0,0,0,0,0,0,0,0,0,0,0,0,0,0,0,0,0,0,0,0,0,0,0,0,0,0,0,0,0,0,0,0,0,0,0,0,0,0,0,0,0,0,0,0,0,0,0,0,0,0,0,0,0,0,0,0,0,0,0,0,0,0
3493,0,0,0,0,0,0,0,0,0,0,0,0,0,0,0,0,0,0,0,0,0,0,0,0,0,0,0,0,0,0,0,0,0,0,0,0,0,0,0,0,0,0,0,0,0,0,0,0,0,0,0,0,0,0,0,0,0,0,0,0,0,0,0,0,0,0,0,0,0,0,0,0,0,0,0,0,0,0,0,0,0,0,0,0,0,0,0,0,0,0,0,0,0,0,0,0,0,0,0,0,0,0,0,0,0,0,0,0,0,0,0,0,0,0,0,0,0,0,0,0,0,0,0,0,0,0,0,0,0,0,0,0,0,0,0,0,0,0,0,0,0,0,0,0,0,0,0,0,0,0,0,0,0,0,0,0,0,0,0,0,0,0,0,0,0,0,0,0,0,0,0,0,0,0,0,0,0,0,0,0,0,0,0,0,0,0,0,0,0,0,0,0,0,0,0,0,0,0,0,0
3494,0,0,0,0,0,0,0,0,0,0,0,0,0,0,0,0,0,0,0,0,0,0,0,0,0,0,0,0,0,0,0,0,0,0,0,0,0,0,0,0,0,0,0,0,0,0,0,0,0,0,0,0,0,0,0,0,0,0,0,0,0,0,0,0,0,0,0,0,0,0,0,0,0,0,0,0,0,0,0,0,0,0,0,0,0,0,0,0,0,0,0,0,0,0,0,0,0,0,0,0,0,0,0,0,0,0,0,0,0,0,0,0,0,0,0,0,0,0,0,0,0,0,0,0,0,0,0,0,0,0,0,0,0,0,0,0,0,0,0,0,0,0,0,0,0,0,0,0,0,0,0,0,0,0,0,0,0,0,0,0,0,0,0,0,0,0,0,0,0,0,0,0,0,0,0,0,0,0,0,0,0,0,0,0,0,0,0,0,0,0,0,0,0,0,0,0,0,0,0,0
3495,0,0,0,0,0,0,0,0,0,0,0,0,0,0,0,0,0,0,0,0,0,0,0,0,0,0,0,0,0,0,0,0,0,0,0,0,0,0,0,0,0,0,0,0,0,0,0,0,0,0,0,0,0,0,0,0,0,0,0,0,0,0,0,0,0,0,0,0,0,0,0,0,0,0,0,0,0,0,0,0,0,0,0,0,0,0,0,0,0,0,0,0,0,0,0,0,0,0,0,0,0,0,0,0,0,0,0,0,0,0,0,0,0,0,0,0,0,0,0,0,0,0,0,0,0,0,0,0,0,0,0,0,0,0,0,0,0,0,0,0,0,0,0,0,0,0,0,0,0,0,0,0,0,0,0,0,0,0,0,0,0,0,0,0,0,0,0,0,0,0,0,0,0,0,0,0,0,0,0,0,0,0,0,0,0,0,0,0,0,0,0,0,0,0,0,0,0,0,0,0
3496,0,0,0,0,0,0,0,0,0,0,0,0,0,0,0,0,0,0,0,0,0,0,0,0,0,0,0,0,0,0,0,0,0,0,0,0,0,0,0,0,0,0,0,0,0,0,0,0,0,0,0,0,0,0,0,0,0,0,0,0,0,0,0,0,0,0,0,0,0,0,0,0,0,0,0,0,0,0,0,0,0,0,0,0,0,0,0,0,0,0,0,0,0,0,0,0,0,0,0,0,0,0,0,0,0,0,0,0,0,0,0,0,0,0,0,0,0,0,0,0,0,0,0,0,0,0,0,0,0,0,0,0,0,0,0,0,0,0,0,0,0,0,0,0,0,0,0,0,0,0,0,0,0,0,0,0,0,0,0,0,0,0,0,0,0,0,0,0,0,0,0,0,0,0,0,0,0,0,0,0,0,0,0,0,0,0,0,0,0,0,0,0,0,0,0,0,0,0,0,0
3497,0,0,0,0,0,0,0,0,0,0,0,0,0,0,0,0,0,0,0,0,0,0,0,0,0,0,0,0,0,0,0,0,0,0,0,0,0,0,0,0,0,0,0,0,0,0,0,0,0,0,0,0,0,0,0,0,0,0,0,0,0,0,0,0,0,0,0,0,0,0,0,0,0,0,0,0,0,0,0,0,0,0,0,0,0,0,0,0,0,0,0,0,0,0,0,0,0,0,0,0,0,0,0,0,0,0,0,0,0,0,0,0,0,0,0,0,0,0,0,0,0,0,0,0,0,0,0,0,0,0,0,0,0,0,0,0,0,0,0,0,0,0,0,0,0,0,0,0,0,0,0,0,0,0,0,0,0,0,0,0,0,0,0,0,0,0,0,0,0,0,0,0,0,0,0,0,0,0,0,0,0,0,0,0,0,0,0,0,0,0,0,0,0,0,0,0,0,0,0,0
3498,0,0,0,0,0,0,0,0,0,0,0,0,0,0,0,0,0,0,0,0,0,0,0,0,0,0,0,0,0,0,0,0,0,0,0,0,0,0,0,0,0,0,0,0,0,0,0,0,0,0,0,0,0,0,0,0,0,0,0,0,0,0,0,0,0,0,0,0,0,0,0,0,0,0,0,0,0,0,0,0,0,0,0,0,0,0,0,0,0,0,0,0,0,0,0,0,0,0,0,0,0,0,0,0,0,0,0,0,0,0,0,0,0,0,0,0,0,0,0,0,0,0,0,0,0,0,0,0,0,0,0,0,0,0,0,0,0,0,0,0,0,0,0,0,0,0,0,0,0,0,0,0,0,0,0,0,0,0,0,0,0,0,0,0,0,0,0,0,0,0,0,0,0,0,0,0,0,0,0,0,0,0,0,0,0,0,0,0,0,0,0,0,0,0,0,0,0,0,0,0
3499,0,0,0,0,0,0,0,0,0,0,0,0,0,0,0,0,0,0,0,0,0,0,0,0,0,0,0,0,0,0,0,0,0,0,0,0,0,0,0,0,0,0,0,0,0,0,0,0,0,0,0,0,0,0,0,0,0,0,0,0,0,0,0,0,0,0,0,0,0,0,0,0,0,0,0,0,0,0,0,0,0,0,0,0,0,0,0,0,0,0,0,0,0,0,0,0,0,0,0,0,0,0,0,0,0,0,0,0,0,0,0,0,0,0,0,0,0,0,0,0,0,0,0,0,0,0,0,0,0,0,0,0,0,0,0,0,0,0,0,0,0,0,0,0,0,0,0,0,0,0,0,0,0,0,0,0,0,0,0,0,0,0,0,0,0,0,0,0,0,0,0,0,0,0,0,0,0,0,0,0,0,0,0,0,0,0,0,0,0,0,0,0,0,0,0,0,0,0,0,0
3500,0,0,0,0,0,0,0,0,0,0,0,0,0,0,0,0,0,0,0,0,0,0,0,0,0,0,0,0,0,0,0,0,0,0,0,0,0,0,0,0,0,0,0,0,0,0,0,0,0,0,0,0,0,0,0,0,0,0,0,0,0,0,0,0,0,0,0,0,0,0,0,0,0,0,0,0,0,0,0,0,0,0,0,0,0,0,0,0,0,0,0,0,0,0,0,0,0,0,0,0,0,0,0,0,0,0,0,0,0,0,0,0,0,0,0,0,0,0,0,0,0,0,0,0,0,0,0,0,0,0,0,0,0,0,0,0,0,0,0,0,0,0,0,0,0,0,0,0,0,0,0,0,0,0,0,0,0,0,0,0,0,0,0,0,0,0,0,0,0,0,0,0,0,0,0,0,0,0,0,0,0,0,0,0,0,0,0,0,0,0,0,0,0,0,0,0,0,0,0,0
3501,0,0,0,0,0,0,0,0,0,0,0,0,0,0,0,0,0,0,0,0,0,0,0,0,0,0,0,0,0,0,0,0,0,0,0,0,0,0,0,0,0,0,0,0,0,0,0,0,0,0,0,0,0,0,0,0,0,0,0,0,0,0,0,0,0,0,0,0,0,0,0,0,0,0,0,0,0,0,0,0,0,0,0,0,0,0,0,0,0,0,0,0,0,0,0,0,0,0,0,0,0,0,0,0,0,0,0,0,0,0,0,0,0,0,0,0,0,0,0,0,0,0,0,0,0,0,0,0,0,0,0,0,0,0,0,0,0,0,0,0,0,0,0,0,0,0,0,0,0,0,0,0,0,0,0,0,0,0,0,0,0,0,0,0,0,0,0,0,0,0,0,0,0,0,0,0,0,0,0,0,0,0,0,0,0,0,0,0,0,0,0,0,0,0,0,0,0,0,0,0
3502,0,0,0,0,0,0,0,0,0,0,0,0,0,0,0,0,0,0,0,0,0,0,0,0,0,0,0,0,0,0,0,0,0,0,0,0,0,0,0,0,0,0,0,0,0,0,0,0,0,0,0,0,0,0,0,0,0,0,0,0,0,0,0,0,0,0,0,0,0,0,0,0,0,0,0,0,0,0,0,0,0,0,0,0,0,0,0,0,0,0,0,0,0,0,0,0,0,0,0,0,0,0,0,0,0,0,0,0,0,0,0,0,0,0,0,0,0,0,0,0,0,0,0,0,0,0,0,0,0,0,0,0,0,0,0,0,0,0,0,0,0,0,0,0,0,0,0,0,0,0,0,0,0,0,0,0,0,0,0,0,0,0,0,0,0,0,0,0,0,0,0,0,0,0,0,0,0,0,0,0,0,0,0,0,0,0,0,0,0,0,0,0,0,0,0,0,0,0,0,0
3503,0,0,0,0,0,0,0,0,0,0,0,0,0,0,0,0,0,0,0,0,0,0,0,0,0,0,0,0,0,0,0,0,0,0,0,0,0,0,0,0,0,0,0,0,0,0,0,0,0,0,0,0,0,0,0,0,0,0,0,0,0,0,0,0,0,0,0,0,0,0,0,0,0,0,0,0,0,0,0,0,0,0,0,0,0,0,0,0,0,0,0,0,0,0,0,0,0,0,0,0,0,0,0,0,0,0,0,0,0,0,0,0,0,0,0,0,0,0,0,0,0,0,0,0,0,0,0,0,0,0,0,0,0,0,0,0,0,0,0,0,0,0,0,0,0,0,0,0,0,0,0,0,0,0,0,0,0,0,0,0,0,0,0,0,0,0,0,0,0,0,0,0,0,0,0,0,0,0,0,0,0,0,0,0,0,0,0,0,0,0,0,0,0,0,0,0,0,0,0,0
3504,0,0,0,0,0,0,0,0,0,0,0,0,0,0,0,0,0,0,0,0,0,0,0,0,0,0,0,0,0,0,0,0,0,0,0,0,0,0,0,0,0,0,0,0,0,0,0,0,0,0,0,0,0,0,0,0,0,0,0,0,0,0,0,0,0,0,0,0,0,0,0,0,0,0,0,0,0,0,0,0,0,0,0,0,0,0,0,0,0,0,0,0,0,0,0,0,0,0,0,0,0,0,0,0,0,0,0,0,0,0,0,0,0,0,0,0,0,0,0,0,0,0,0,0,0,0,0,0,0,0,0,0,0,0,0,0,0,0,0,0,0,0,0,0,0,0,0,0,0,0,0,0,0,0,0,0,0,0,0,0,0,0,0,0,0,0,0,0,0,0,0,0,0,0,0,0,0,0,0,0,0,0,0,0,0,0,0,0,0,0,0,0,0,0,0,0,0,0,0,0
3505,0,0,0,0,0,0,0,0,0,0,0,0,0,0,0,0,0,0,0,0,0,0,0,0,0,0,0,0,0,0,0,0,0,0,0,0,0,0,0,0,0,0,0,0,0,0,0,0,0,0,0,0,0,0,0,0,0,0,0,0,0,0,0,0,0,0,0,0,0,0,0,0,0,0,0,0,0,0,0,0,0,0,0,0,0,0,0,0,0,0,0,0,0,0,0,0,0,0,0,0,0,0,0,0,0,0,0,0,0,0,0,0,0,0,0,0,0,0,0,0,0,0,0,0,0,0,0,0,0,0,0,0,0,0,0,0,0,0,0,0,0,0,0,0,0,0,0,0,0,0,0,0,0,0,0,0,0,0,0,0,0,0,0,0,0,0,0,0,0,0,0,0,0,0,0,0,0,0,0,0,0,0,0,0,0,0,0,0,0,0,0,0,0,0,0,0,0,0,0,0
3506,0,0,0,0,0,0,0,0,0,0,0,0,0,0,0,0,0,0,0,0,0,0,0,0,0,0,0,0,0,0,0,0,0,0,0,0,0,0,0,0,0,0,0,0,0,0,0,0,0,0,0,0,0,0,0,0,0,0,0,0,0,0,0,0,0,0,0,0,0,0,0,0,0,0,0,0,0,0,0,0,0,0,0,0,0,0,0,0,0,0,0,0,0,0,0,0,0,0,0,0,0,0,0,0,0,0,0,0,0,0,0,0,0,0,0,0,0,0,0,0,0,0,0,0,0,0,0,0,0,0,0,0,0,0,0,0,0,0,0,0,0,0,0,0,0,0,0,0,0,0,0,0,0,0,0,0,0,0,0,0,0,0,0,0,0,0,0,0,0,0,0,0,0,0,0,0,0,0,0,0,0,0,0,0,0,0,0,0,0,0,0,0,0,0,0,0,0,0,0,0
3507,0,0,0,0,0,0,0,0,0,0,0,0,0,0,0,0,0,0,0,0,0,0,0,0,0,0,0,0,0,0,0,0,0,0,0,0,0,0,0,0,0,0,0,0,0,0,0,0,0,0,0,0,0,0,0,0,0,0,0,0,0,0,0,0,0,0,0,0,0,0,0,0,0,0,0,0,0,0,0,0,0,0,0,0,0,0,0,0,0,0,0,0,0,0,0,0,0,0,0,0,0,0,0,0,0,0,0,0,0,0,0,0,0,0,0,0,0,0,0,0,0,0,0,0,0,0,0,0,0,0,0,0,0,0,0,0,0,0,0,0,0,0,0,0,0,0,0,0,0,0,0,0,0,0,0,0,0,0,0,0,0,0,0,0,0,0,0,0,0,0,0,0,0,0,0,0,0,0,0,0,0,0,0,0,0,0,0,0,0,0,0,0,0,0,0,0,0,0,0,0
3508,0,0,0,0,0,0,0,0,0,0,0,0,0,0,0,0,0,0,0,0,0,0,0,0,0,0,0,0,0,0,0,0,0,0,0,0,0,0,0,0,0,0,0,0,0,0,0,0,0,0,0,0,0,0,0,0,0,0,0,0,0,0,0,0,0,0,0,0,0,0,0,0,0,0,0,0,0,0,0,0,0,0,0,0,0,0,0,0,0,0,0,0,0,0,0,0,0,0,0,0,0,0,0,0,0,0,0,0,0,0,0,0,0,0,0,0,0,0,0,0,0,0,0,0,0,0,0,0,0,0,0,0,0,0,0,0,0,0,0,0,0,0,0,0,0,0,0,0,0,0,0,0,0,0,0,0,0,0,0,0,0,0,0,0,0,0,0,0,0,0,0,0,0,0,0,0,0,0,0,0,0,0,0,0,0,0,0,0,0,0,0,0,0,0,0,0,0,0,0,0
3509,0,0,0,0,0,0,0,0,0,0,0,0,0,0,0,0,0,0,0,0,0,0,0,0,0,0,0,0,0,0,0,0,0,0,0,0,0,0,0,0,0,0,0,0,0,0,0,0,0,0,0,0,0,0,0,0,0,0,0,0,0,0,0,0,0,0,0,0,0,0,0,0,0,0,0,0,0,0,0,0,0,0,0,0,0,0,0,0,0,0,0,0,0,0,0,0,0,0,0,0,0,0,0,0,0,0,0,0,0,0,0,0,0,0,0,0,0,0,0,0,0,0,0,0,0,0,0,0,0,0,0,0,0,0,0,0,0,0,0,0,0,0,0,0,0,0,0,0,0,0,0,0,0,0,0,0,0,0,0,0,0,0,0,0,0,0,0,0,0,0,0,0,0,0,0,0,0,0,0,0,0,0,0,0,0,0,0,0,0,0,0,0,0,0,0,0,0,0,0,0
3510,0,0,0,0,0,0,0,0,0,0,0,0,0,0,0,0,0,0,0,0,0,0,0,0,0,0,0,0,0,0,0,0,0,0,0,0,0,0,0,0,0,0,0,0,0,0,0,0,0,0,0,0,0,0,0,0,0,0,0,0,0,0,0,0,0,0,0,0,0,0,0,0,0,0,0,0,0,0,0,0,0,0,0,0,0,0,0,0,0,0,0,0,0,0,0,0,0,0,0,0,0,0,0,0,0,0,0,0,0,0,0,0,0,0,0,0,0,0,0,0,0,0,0,0,0,0,0,0,0,0,0,0,0,0,0,0,0,0,0,0,0,0,0,0,0,0,0,0,0,0,0,0,0,0,0,0,0,0,0,0,0,0,0,0,0,0,0,0,0,0,0,0,0,0,0,0,0,0,0,0,0,0,0,0,0,0,0,0,0,0,0,0,0,0,0,0,0,0,0,0
3511,0,0,0,0,0,0,0,0,0,0,0,0,0,0,0,0,0,0,0,0,0,0,0,0,0,0,0,0,0,0,0,0,0,0,0,0,0,0,0,0,0,0,0,0,0,0,0,0,0,0,0,0,0,0,0,0,0,0,0,0,0,0,0,0,0,0,0,0,0,0,0,0,0,0,0,0,0,0,0,0,0,0,0,0,0,0,0,0,0,0,0,0,0,0,0,0,0,0,0,0,0,0,0,0,0,0,0,0,0,0,0,0,0,0,0,0,0,0,0,0,0,0,0,0,0,0,0,0,0,0,0,0,0,0,0,0,0,0,0,0,0,0,0,0,0,0,0,0,0,0,0,0,0,0,0,0,0,0,0,0,0,0,0,0,0,0,0,0,0,0,0,0,0,0,0,0,0,0,0,0,0,0,0,0,0,0,0,0,0,0,0,0,0,0,0,0,0,0,0,0
3512,0,0,0,0,0,0,0,0,0,0,0,0,0,0,0,0,0,0,0,0,0,0,0,0,0,0,0,0,0,0,0,0,0,0,0,0,0,0,0.0000000000,0,0,0,0,0,0,0,0,0,0,0,0,0,0,0,0,0,0,0,0,0,0,0,0,0,0,0,0,0,0,0,0,0,0,0,0,0,0,0,0,0,0,0,0,0,0,0,0,0,0,0,0,0,0,0,0,0,0,0,0,0,0,0,0,0,0,0,0,0,0,0,0,0,0,0,0,0,0,0,0,0,0,0,0,0,0,0,0,0,0,0,0,0,0,0,0,0,0,0,0,0,0,0,0,0,0,0,0,0,0,0,0,0,0,0,0,0,0,0,0,0,0,0,0,0,0,0,0,0,0,0,0,0,0,0,0,0,0,0,0,0,0,0,0,0,0,0,0,0,0,0,0,0,0,0,0,0,0,0,0,0
3513,0,0,0,0,0,0,0,0,0,0,0,0,0,0,0,0,0,0,0,0,0,0,0,0,0,0,0,0,0,0,0,0,0,0,0,0,0,0,0,0,0,0,0,0,0,0,0,0,0,0,0,0,0,0,0,0,0,0,0,0,0,0,0,0,0,0,0,0,0,0,0,0,0,0,0,0,0,0,0,0,0,0,0,0,0,0,0,0,0,0,0,0,0,0,0,0,0,0,0,0,0,0,0,0,0,0,0,0,0,0,0,0,0,0,0,0,0,0,0,0,0,0,0,0,0,0,0,0,0,0,0,0,0,0,0,0,0,0,0,0,0,0,0,0,0,0,0,0,0,0,0,0,0,0,0,0,0,0,0,0,0,0,0,0,0,0,0,0,0,0,0,0,0,0,0,0,0,0,0,0,0,0,0,0,0,0,0,0,0,0,0,0,0,0,0,0,0,0,0,0
3514,0,0,0,0,0,0,0,0,0,0,0,0,0,0,0,0,0,0,0,0,0,0,0,0,0,0,0,0,0,0,0,0,0,0,0,0,0,0,0,0,0,0,0,0,0,0,0,0,0,0,0,0,0,0,0,0,0,0,0,0,0,0,0,0,0,0,0,0,0,0,0,0,0,0,0,0,0,0,0,0,0,0,0,0,0,0,0,0,0,0,0,0,0,0,0,0,0,0,0,0,0,0,0,0,0,0,0,0,0,0,0,0,0,0,0,0,0,0,0,0,0,0,0,0,0,0,0,0,0,0,0,0,0,0,0,0,0,0,0,0,0,0,0,0,0,0,0,0,0,0,0,0,0,0,0,0,0,0,0,0,0,0,0,0,0,0,0,0,0,0,0,0,0,0,0,0,0,0,0,0,0,0,0,0,0,0,0,0,0,0,0,0,0,0,0,0,0,0,0,0
3515,0,0,0,0,0,0,0,0,0,0,0,0,0,0,0,0,0,0,0,0,0,0,0,0,0,0,0,0,0,0,0,0,0,0,0,0,0,0,0,0,0,0,0,0,0,0,0,0,0,0,0,0,0,0,0,0,0,0,0,0,0,0,0,0,0,0,0,0,0,0,0,0,0,0,0,0,0,0,0,0,0,0,0,0,0,0,0,0,0,0,0,0,0,0,0,0,0,0,0,0,0,0,0,0,0,0,0,0,0,0,0,0,0,0,0,0,0,0,0,0,0,0,0,0,0,0,0,0,0,0,0,0,0,0,0,0,0,0,0,0,0,0,0,0,0,0,0,0,0,0,0,0,0,0,0,0,0,0,0,0,0,0,0,0,0,0,0,0,0,0,0,0,0,0,0,0,0,0,0,0,0,0,0,0,0,0,0,0,0,0,0,0,0,0,0,0,0,0,0,0
3516,0,0,0,0,0,0,0,0,0,0,0,0,0,0,0,0,0,0,0,0,0,0,0,0,0,0,0,0,0,0,0,0,0,0,0,0,0,0,0,0,0,0,0,0,0,0,0,0,0,0,0,0,0,0,0,0,0,0,0,0,0,0,0,0,0,0,0,0,0,0,0,0,0,0,0,0,0,0,0,0,0,0,0,0,0,0,0,0,0,0,0,0,0,0,0,0,0,0,0,0,0,0,0,0,0,0,0,0,0,0,0,0,0,0,0,0,0,0,0,0,0,0,0,0,0,0,0,0,0,0,0,0,0,0,0,0,0,0,0,0,0,0,0,0,0,0,0,0,0,0,0,0,0,0,0,0,0,0,0,0,0,0,0,0,0,0,0,0,0,0,0,0,0,0,0,0,0,0,0,0,0,0,0,0,0,0,0,0,0,0,0,0,0,0,0,0,0,0,0,0
3517,0,0,0,0,0,0,0,0,0,0,0,0,0,0,0,0,0,0,0,0,0,0,0,0,0,0,0,0,0,0,0,0,0,0,0,0,0,0,0,0,0,0,0,0,0,0,0,0,0,0,0,0,0,0,0,0,0,0,0,0,0,0,0,0,0,0,0,0,0,0,0,0,0,0,0,0,0,0,0,0,0,0,0,0,0,0,0,0,0,0,0,0,0,0,0,0,0,0,0,0,0,0,0,0,0,0,0,0,0,0,0,0,0,0,0,0,0,0,0,0,0,0,0,0,0,0,0,0,0,0,0,0,0,0,0,0,0,0,0,0,0,0,0,0,0,0,0,0,0,0,0,0,0,0,0,0,0,0,0,0,0,0,0,0,0,0,0,0,0,0,0,0,0,0,0,0,0,0,0,0,0,0,0,0,0,0,0,0,0,0,0,0,0,0,0,0,0,0,0,0
3518,0,0,0,0,0,0,0,0,0,0,0,0,0,0,0,0,0,0,0,0,0,0,0,0,0,0,0,0,0,0,0,0,0,0,0,0,0,0,0,0,0,0,0,0,0,0,0,0,0,0,0,0,0,0,0,0,0,0,0,0,0,0,0,0,0,0,0,0,0,0,0,0,0,0,0,0,0,0,0,0,0,0,0,0,0,0,0,0,0,0,0,0,0,0,0,0,0,0,0,0,0,0,0,0,0,0,0,0,0,0,0,0,0,0,0,0,0,0,0,0,0,0,0,0,0,0,0,0,0,0,0,0,0,0,0,0,0,0,0,0,0,0,0,0,0,0,0,0,0,0,0,0,0,0,0,0,0,0,0,0,0,0,0,0,0,0,0,0,0,0,0,0,0,0,0,0,0,0,0,0,0,0,0,0,0,0,0,0,0,0,0,0,0,0,0,0,0,0,0,0
3519,0,0,0,0,0,0,0,0,0,0,0,0,0,0,0,0,0,0,0,0,0,0,0,0,0,0,0,0,0,0,0,0,0,0,0,0,0,0,0,0,0,0,0,0,0,0,0,0,0,0,0,0,0,0,0,0,0,0,0,0,0,0,0,0,0,0,0,0,0,0,0,0,0,0,0,0,0,0,0,0,0,0,0,0,0,0,0,0,0,0,0,0,0,0,0,0,0,0,0,0,0,0,0,0,0,0,0,0,0,0,0,0,0,0,0,0,0,0,0,0,0,0,0,0,0,0,0,0,0,0,0,0,0,0,0,0,0,0,0,0,0,0,0,0,0,0,0,0,0,0,0,0,0,0,0,0,0,0,0,0,0,0,0,0,0,0,0,0,0,0,0,0,0,0,0,0,0,0,0,0,0,0,0,0,0,0,0,0,0,0,0,0,0,0,0,0,0,0,0,0
3520,0,0,0,0,0,0,0,0,0,0,0,0,0,0,0,0,0,0,0,0,0,0,0,0,0,0,0,0,0,0,0,0,0,0,0,0,0,0,0,0,0,0,0,0,0,0,0,0,0,0,0,0,0,0,0,0,0,0,0,0,0,0,0,0,0,0,0,0,0,0,0,0,0,0,0,0,0,0,0,0,0,0,0,0,0,0,0,0,0,0,0,0,0,0,0,0,0,0,0,0,0,0,0,0,0,0,0,0,0,0,0,0,0,0,0,0,0,0,0,0,0,0,0,0,0,0,0,0,0,0,0,0,0,0,0,0,0,0,0,0,0,0,0,0,0,0,0,0,0,0,0,0,0,0,0,0,0,0,0,0,0,0,0,0,0,0,0,0,0,0,0,0,0,0,0,0,0,0,0,0,0,0,0,0,0,0,0,0,0,0,0,0,0,0,0,0,0,0,0,0
3521,0,0,0,0,0,0,0,0,0,0,0,0,0,0,0,0,0,0,0,0,0,0,0,0,0,0,0,0,0,0,0,0,0,0,0,0,0,0,0,0,0,0,0,0,0,0,0,0,0,0,0,0,0,0,0,0,0,0,0,0,0,0,0,0,0,0,0,0,0,0,0,0,0,0,0,0,0,0,0,0,0,0,0,0,0,0,0,0,0,0,0,0,0,0,0,0,0,0,0,0,0,0,0,0,0,0,0,0,0,0,0,0,0,0,0,0,0,0,0,0,0,0,0,0,0,0,0,0,0,0,0,0,0,0,0,0,0,0,0,0,0,0,0,0,0,0,0,0,0,0,0,0,0,0,0,0,0,0,0,0,0,0,0,0,0,0,0,0,0,0,0,0,0,0,0,0,0,0,0,0,0,0,0,0,0,0,0,0,0,0,0,0,0,0,0,0,0,0,0,0
3522,0,0,0,0,0,0,0,0,0,0,0,0,0,0,0,0,0,0,0,0,0,0,0,0,0,0,0,0,0,0,0,0,0,0,0,0,0,0,0,0,0,0,0,0,0,0,0,0,0,0,0,0,0,0,0,0,0,0,0,0,0,0,0,0,0,0,0,0,0,0,0,0,0,0,0,0,0,0,0,0,0,0,0,0,0,0,0,0,0,0,0,0,0,0,0,0,0,0,0,0,0,0,0,0,0,0,0,0,0,0,0,0,0,0,0,0,0,0,0,0,0,0,0,0,0,0,0,0,0,0,0,0,0,0,0,0,0,0,0,0,0,0,0,0,0,0,0,0,0,0,0,0,0,0,0,0,0,0,0,0,0,0,0,0,0,0,0,0,0,0,0,0,0,0,0,0,0,0,0,0,0,0,0,0,0,0,0,0,0,0,0,0,0,0,0,0,0,0,0,0
3523,0,0,0,0,0,0,0,0,0,0,0,0,0,0,0,0,0,0,0,0,0,0,0,0,0,0,0,0,0,0,0,0,0,0,0,0,0,0,0,0,0,0,0,0,0,0,0,0,0,0,0,0,0,0,0,0,0,0,0,0,0,0,0,0,0,0,0,0,0,0,0,0,0,0,0,0,0.0000000000,0,0,0,0,0,0,0,0,0,0,0,0,0,0,0,0,0,0,0,0,0,0,0,0,0,0,0,0,0,0,0,0,0,0,0,0,0,0,0,0,0,0,0,0,0,0,0,0,0,0,0,0,0,0,0,0,0,0,0,0,0,0,0,0,0,0,0,0,0,0,0,0,0,0,0,0,0,0,0,0,0,0,0,0,0,0,0,0,0,0,0,0,0,0,0,0,0,0,0,0,0,0,0,0,0,0,0,0,0,0,0,0,0,0,0,0,0,0,0,0,0,0,0
3524,0,0,0,0,0,0,0,0,0,0,0,0,0,0,0,0,0,0,0,0,0,0,0,0,0,0,0,0,0,0,0,0,0,0,0,0,0,0,0,0,0,0,0,0,0,0,0,0,0,0,0,0,0,0,0,0,0,0,0,0,0,0,0,0,0,0,0,0,0,0,0,0,0,0,0,0,0,0,0,0,0,0,0,0,0,0,0,0,0,0,0,0,0,0,0,0,0,0,0,0,0,0,0,0,0,0,0,0,0,0,0,0,0,0,0,0,0,0,0,0,0,0,0,0,0,0,0,0,0,0,0,0,0,0,0,0,0,0,0,0,0,0,0,0,0,0,0,0,0,0,0,0,0,0,0,0,0,0,0,0,0,0,0,0,0,0,0,0,0,0,0,0,0,0,0,0,0,0,0,0,0,0,0,0,0,0,0,0,0,0,0,0,0,0,0,0,0,0,0,0
3525,0,0,0,0,0,0,0,0,0,0,0,0,0,0,0,0,0,0,0,0.0000000000,0,0,0,0,0,0,0,0,0,0,0,0,0,0,0,0,0,0,0,0,0,0,0,0,0,0,0,0,0,0,0,0,0,0,0,0,0,0,0,0,0,0,0,0,0,0,0,0,0,0,0,0,0,0,0,0,0,0,0,0,0,0,0,0,0,0,0,0,0,0,0,0,0,0,0,0,0,0,0,0,0,0,0,0,0,0,0,0,0,0,0,0,0,0,0,0,0,0,0,0,0,0,0,0,0,0,0,0,0,0,0,0,0,0,0,0,0,0,0,0,0,0,0,0,0,0,0,0,0,0,0,0,0,0,0,0,0,0,0,0,0,0,0,0,0,0,0,0,0,0,0,0,0,0,0,0,0,0,0,0,0,0,0,0,0,0,0,0,0,0,0,0,0,0,0,0,0,0,0,0
3526,0,0,0,0,0,0,0,0,0,0,0,0,0,0,0,0,0,0,0,0,0,0,0,0,0,0,0,0,0,0,0,0,0,0,0,0,0,0,0,0,0,0,0,0,0,0,0,0,0,0,0,0,0,0,0,0,0,0,0,0,0,0,0,0,0,0,0,0,0,0,0,0,0,0,0,0,0,0,0,0,0,0,0,0,0,0,0,0,0,0,0,0,0,0,0,0,0,0,0,0,0,0,0,0,0,0,0,0,0,0,0,0,0,0,0,0,0,0,0,0,0,0,0,0,0,0,0,0,0,0,0,0,0,0,0,0,0,0,0,0,0,0,0,0,0,0,0,0,0,0,0,0,0,0,0,0,0,0,0,0,0,0,0,0,0,0,0,0,0,0,0,0,0,0,0,0,0,0,0,0,0,0,0,0,0,0,0,0,0,0,0,0,0,0,0,0,0,0,0,0
3527,0,0,0,0,0,0,0,0,0,0,0,0,0,0,0,0,0,0,0,0,0,0,0,0,0,0,0,0,0,0,0,0,0,0,0,0,0,0,0,0,0,0,0,0,0,0,0,0,0,0,0,0,0,0,0,0,0,0,0,0,0,0,0,0,0,0,0,0,0,0,0,0,0,0,0,0,0,0.0000000000,0,0,0,0,0,0,0,0,0,0,0,0,0,0,0,0,0,0,0,0,0,0,0,0,0,0,0,0,0,0,0,0,0,0,0,0,0,0,0,0,0,0,0,0,0,0,0,0,0,0,0,0,0,0,0,0,0,0,0,0,0,0,0,0,0,0,0,0,0,0,0,0,0,0,0,0,0,0,0,0,0,0,0,0,0,0,0,0,0,0,0,0,0,0,0,0,0,0,0,0,0,0,0,0,0,0,0,0,0,0,0,0,0,0,0,0,0,0,0,0,0,0
3528,0,0,0,0,0,0,0,0,0,0,0,0,0,0,0,0,0,0,0,0,0,0,0,0,0,0,0,0,0,0,0,0,0,0,0,0,0,0,0,0,0,0,0,0,0,0,0,0,0,0,0,0,0,0,0,0,0,0,0,0,0,0,0,0,0,0,0,0,0,0,0,0,0,0,0,0,0,0,0,0,0,0,0,0,0,0,0,0,0,0,0,0,0,0,0,0,0,0,0,0,0,0,0,0,0,0,0,0,0,0,0,0,0,0,0,0,0,0,0,0,0,0,0,0,0,0,0,0,0,0,0,0,0,0,0,0,0,0,0,0,0,0,0,0,0,0,0,0,0,0,0,0,0,0,0,0,0,0,0,0,0,0,0,0,0,0,0,0,0,0,0,0,0,0,0,0,0,0,0,0,0,0,0,0,0,0,0,0,0,0,0,0,0,0,0,0,0,0,0,0
3529,0,0,0,0,0,0,0,0,0,0,0,0,0,0,0,0,0,0,0,0,0,0,0,0,0,0,0,0,0,0,0,0,0,0,0,0,0,0,0,0,0,0,0,0,0,0,0,0,0,0,0,0,0,0,0,0,0,0,0,0,0,0,0,0,0,0,0,0,0,0,0,0,0,0,0,0,0,0,0,0,0,0,0,0,0,0,0,0,0,0,0,0,0,0,0,0,0,0,0,0,0,0,0,0,0,0,0,0,0,0,0,0,0,0,0,0,0,0,0,0,0,0,0,0,0,0,0,0,0,0,0,0,0,0,0,0,0,0,0,0,0,0,0,0,0,0,0,0,0,0,0,0,0,0,0,0,0,0,0,0,0,0,0,0,0,0,0,0,0,0,0,0,0,0,0,0,0,0,0,0,0,0,0,0,0,0,0,0,0,0,0,0,0,0,0,0,0,0,0,0
3530,0,0,0,0,0,0,0,0,0,0,0,0,0,0,0,0,0,0,0,0,0,0,0,0,0,0,0,0,0,0,0,0,0,0,0,0,0,0,0,0,0,0,0,0,0,0,0,0,0,0,0,0,0,0,0,0,0,0,0,0,0,0,0,0,0,0,0,0,0,0,0,0,0,0,0,0,0,0,0,0,0,0,0,0,0,0,0,0,0,0,0,0,0,0,0,0,0,0,0,0,0,0,0,0,0,0,0,0,0,0,0,0,0,0,0,0,0,0,0,0,0,0,0,0,0,0,0,0,0,0,0,0,0,0,0,0,0,0,0,0,0,0,0,0,0,0,0,0,0,0,0,0,0,0,0,0,0,0,0,0,0,0,0,0,0,0,0,0,0,0,0,0,0,0,0,0,0,0,0,0,0,0,0,0,0,0,0,0,0,0,0,0,0,0,0,0,0,0,0,0
3531,0,0,0,0,0,0,0,0,0,0,0,0,0,0,0,0,0,0,0,0,0,0,0,0,0,0,0,0,0,0,0,0,0,0,0,0,0,0,0,0,0,0,0,0,0,0,0,0,0,0,0,0,0,0,0,0,0,0,0,0,0,0,0,0,0,0,0,0,0,0,0,0,0,0,0,0,0,0,0,0,0,0,0,0,0,0,0,0,0,0,0,0,0,0,0,0,0,0,0,0,0,0,0,0,0,0,0,0,0,0,0,0,0,0,0,0,0,0,0,0,0,0,0,0,0,0,0,0,0,0,0,0,0,0,0,0,0,0,0,0,0,0,0,0,0,0,0,0,0,0,0,0,0,0,0,0,0,0,0,0,0,0,0,0,0,0,0,0,0,0,0,0,0,0,0,0,0,0,0,0,0,0,0,0,0,0,0,0,0,0,0,0,0,0,0,0,0,0,0,0
3532,0,0,0,0,0,0,0,0,0,0,0,0,0,0,0,0,0,0,0,0,0,0,0,0,0,0,0,0,0,0,0,0,0,0,0,0,0,0,0,0,0,0,0,0,0,0,0,0,0,0,0,0,0,0.0000000000,0,0,0,0,0,0,0,0,0,0,0,0,0,0,0,0,0,0,0,0,0,0,0,0,0,0,0,0,0,0,0,0,0,0,0,0,0,0,0,0,0,0,0,0,0,0,0,0,0,0,0,0,0,0,0,0,0,0,0,0,0,0,0,0,0,0,0,0,0,0,0,0,0,0,0,0,0,0,0,0,0,0,0,0,0,0,0,0,0,0,0,0,0,0,0,0,0,0,0,0,0,0,0,0,0,0,0,0,0,0,0,0,0,0,0,0,0,0,0,0,0,0,0,0,0,0,0,0,0,0,0,0,0,0,0,0,0,0,0,0,0,0,0,0,0,0
3533,0,0,0,0,0,0,0,0,0,0,0,0,0,0,0,0,0,0,0,0,0,0,0,0,0,0,0,0,0,0,0,0,0,0,0,0,0,0,0,0,0,0,0,0,0,0,0,0,0,0,0,0,0,0,0,0,0,0,0,0,0,0,0,0,0,0,0,0,0,0,0,0,0,0,0,0,0,0,0,0,0,0,0,0,0,0,0,0,0,0,0,0,0,0,0,0,0,0,0,0,0,0,0,0,0,0,0,0,0,0,0,0,0,0,0,0,0,0,0,0,0,0,0,0,0,0,0,0,0,0,0,0,0,0,0,0,0,0,0,0,0,0,0,0,0,0,0,0,0,0,0,0,0,0,0,0,0,0,0,0,0,0,0,0,0,0,0,0,0,0,0,0,0,0,0,0,0,0,0,0,0,0,0,0,0,0,0,0,0,0,0,0,0,0,0,0,0,0,0,0
3534,0,0,0,0,0,0,0,0,0,0,0,0,0,0,0,0,0,0,0,0,0,0,0,0,0,0,0,0,0,0,0,0,0,0,0,0,0,0,0,0,0,0,0,0.0000000000,0,0,0,0,0,0,0,0,0,0,0,0,0,0,0,0,0,0,0,0,0,0,0,0,0,0,0,0,0,0,0,0,0,0,0,0,0,0,0,0,0,0,0,0,0,0,0,0,0,0,0,0,0,0,0,0,0,0,0,0,0,0,0,0,0,0,0,0,0,0,0,0,0,0,0,0,0,0,0,0,0,0,0,0,0,0,0,0,0,0,0,0,0,0,0,0,0,0,0,0,0,0,0,0,0,0,0,0,0,0,0,0,0,0,0,0,0,0,0,0,0,0,0,0,0,0,0,0,0,0,0,0,0,0,0,0,0,0,0,0,0,0,0,0,0,0,0,0,0,0,0,0,0,0,0,0
3535,0,0,0,0,0,0,0,0,0,0,0,0,0,0,0,0,0,0,0,0,0,0,0,0,0,0,0,0,0,0,0,0,0,0,0,0,0,0,0,0,0,0,0,0,0,0,0,0,0,0,0,0,0,0,0,0,0,0,0,0,0,0,0,0,0,0,0,0,0,0,0,0,0,0,0,0,0,0,0,0,0,0,0,0,0,0,0,0,0,0,0,0,0,0,0,0,0,0,0,0,0,0,0,0,0,0,0,0,0,0,0,0,0,0,0,0,0,0,0,0,0,0,0,0,0,0,0,0,0,0,0,0,0,0,0,0,0,0,0,0,0,0,0,0,0,0,0,0,0,0,0,0,0,0,0,0,0,0,0,0,0,0,0,0,0,0,0,0,0,0,0,0,0,0,0,0,0,0,0,0,0,0,0,0,0,0,0,0,0,0,0,0,0,0,0,0,0,0,0,0
3536,0,0,0,0,0,0,0,0,0,0,0,0,0,0,0,0,0,0,0,0,0,0,0,0,0,0,0,0,0,0,0,0,0,0,0,0,0,0,0,0,0,0,0,0,0,0,0,0,0,0,0,0,0,0,0,0,0,0,0,0,0,0,0,0,0,0,0,0,0,0,0,0,0,0,0,0,0,0,0,0,0,0,0,0,0,0,0,0,0,0,0,0,0,0,0,0,0,0,0,0,0,0,0,0,0,0,0,0,0,0,0,0,0,0,0,0,0,0,0,0,0,0,0,0,0,0,0,0,0,0,0,0,0,0,0,0,0,0,0,0,0,0,0,0,0,0,0,0,0,0,0,0,0,0,0,0,0,0,0,0,0,0,0,0,0,0,0,0,0,0,0,0,0,0,0,0,0,0,0,0,0,0,0,0,0,0,0,0,0,0,0,0,0,0,0,0,0,0,0,0
3537,0,0,0,0,0,0,0,0,0,0,0,0,0,0,0,0,0,0,0,0,0,0,0,0,0,0,0,0,0,0,0,0,0,0,0,0,0,0,0,0,0,0,0,0,0,0,0,0,0,0,0,0,0,0,0,0,0,0,0,0,0,0,0,0,0,0,0,0,0,0,0.0000000000,0,0,0,0,0,0,0,0,0,0,0,0,0,0,0,0,0,0,0,0,0,0,0,0,0,0,0,0,0,0,0,0,0,0,0,0,0,0,0,0,0,0,0,0,0,0,0,0,0,0,0,0,0,0,0,0,0,0,0,0,0,0,0,0,0,0,0,0,0,0,0,0,0,0,0,0,0,0,0,0,0,0,0,0,0,0,0,0,0,0,0,0,0,0,0,0,0,0,0,0,0,0,0,0,0,0,0,0,0,0,0,0,0,0,0,0,0,0,0,0,0,0,0,0,0,0,0,0,0
3538,0,0,0,0,0,0,0,0,0,0,0,0,0,0,0,0,0,0,0,0,0,0,0,0,0,0,0,0,0,0,0,0,0,0,0,0,0,0,0,0,0,0,0,0,0,0,0,0,0,0,0,0,0,0,0,0,0,0,0,0,0,0,0,0,0,0,0,0,0,0,0,0,0,0,0,0,0,0,0,0,0,0,0,0,0,0,0,0,0,0,0,0,0,0,0,0,0,0,0,0,0,0,0,0,0,0,0,0,0,0,0,0,0,0,0,0,0,0,0,0,0,0,0,0,0,0,0,0,0,0,0,0,0,0,0,0,0,0,0,0,0,0,0,0,0,0,0,0,0,0,0,0,0,0,0,0,0,0,0,0,0,0,0,0,0,0,0,0,0,0,0,0,0,0,0,0,0,0,0,0,0,0,0,0,0,0,0,0,0,0,0,0,0,0,0,0,0,0,0,0
3539,0,0,0,0,0,0,0,0,0,0,0,0,0,0,0,0,0,0,0,0,0,0,0,0,0,0,0,0,0,0,0,0,0,0,0,0,0,0,0,0,0,0,0,0,0,0,0,0,0,0,0,0,0,0,0,0,0,0,0,0,0,0,0,0,0,0,0,0,0,0,0,0,0,0,0,0,0,0,0,0,0,0,0,0,0,0,0,0,0,0,0,0,0,0,0,0,0,0,0,0,0,0,0,0,0,0,0,0,0,0,0,0,0,0,0,0,0,0,0,0,0,0,0,0,0,0,0,0,0,0,0,0,0,0,0,0,0,0,0,0,0,0,0,0,0,0,0,0,0,0,0,0,0,0,0,0,0,0,0,0,0,0,0,0,0,0,0,0,0,0,0,0,0,0,0,0,0,0,0,0,0,0,0,0,0,0,0,0,0,0,0,0,0,0,0,0,0,0,0,0
3540,0,0,0,0,0,0,0,0,0,0,0,0,0,0,0,0,0,0,0,0,0,0,0,0,0,0,0,0,0,0,0,0,0,0,0,0,0,0,0,0,0,0,0,0,0,0,0,0,0,0,0,0,0,0,0,0,0,0,0,0,0,0,0,0,0,0,0,0,0,0,0,0,0,0,0,0,0,0,0,0,0,0,0,0,0,0,0,0,0,0,0,0,0,0,0,0,0,0,0,0,0,0,0,0,0,0,0,0,0,0,0,0,0,0,0,0,0,0,0,0,0,0,0,0,0,0,0,0,0,0,0,0,0,0,0,0,0,0,0,0,0,0,0,0,0,0,0,0,0,0,0,0,0,0,0,0,0,0,0,0,0,0,0,0,0,0,0,0,0,0,0,0,0,0,0,0,0,0,0,0,0,0,0,0,0,0,0,0,0,0,0,0,0,0,0,0,0,0,0,0
3541,0,0,0,0,0,0,0,0,0,0,0,0,0,0,0,0,0,0,0,0,0,0,0,0,0,0,0,0,0,0,0,0,0,0,0,0,0,0,0,0,0,0,0,0,0,0,0,0,0,0,0,0,0,0,0,0,0,0,0,0,0,0,0,0,0,0,0,0,0,0,0,0,0,0,0,0,0,0,0,0,0,0,0,0,0,0,0,0,0,0,0,0,0,0,0,0,0,0,0,0,0,0,0,0,0,0,0,0,0,0,0,0,0,0,0,0,0,0,0,0,0,0,0,0,0,0,0,0,0,0,0,0,0,0,0,0,0,0,0,0,0,0,0,0,0,0,0,0,0,0,0,0,0,0,0,0,0,0,0,0,0,0,0,0,0,0,0,0,0,0,0,0,0,0,0,0,0,0,0,0,0,0,0,0,0,0,0,0,0,0,0,0,0,0,0,0,0,0,0,0
3542,0,0,0,0,0,0,0,0,0,0,0,0,0,0,0,0,0,0,0,0,0,0,0,0,0,0,0,0,0,0,0,0,0,0,0,0,0,0,0,0,0,0,0,0,0,0,0,0,0,0,0,0,0,0,0,0,0,0,0,0,0,0,0,0,0,0,0,0,0,0,0,0,0,0,0,0,0,0,0,0,0,0,0,0,0,0,0,0,0,0,0,0,0,0,0,0,0,0,0,0,0,0,0,0,0,0,0,0,0,0,0,0,0,0,0,0,0,0,0,0,0,0,0,0,0,0,0,0,0,0,0,0,0,0,0,0,0,0,0,0,0,0,0,0,0,0,0,0,0,0,0,0,0,0,0,0,0,0,0,0,0,0,0,0,0,0,0,0,0,0,0,0,0,0,0,0,0,0,0,0,0,0,0,0,0,0,0,0,0,0,0,0,0,0,0,0,0,0,0,0
3543,0,0,0,0,0,0,0,0,0,0,0,0,0,0,0,0,0,0,0,0,0,0,0,0,0,0,0,0,0,0,0,0,0,0,0,0,0,0,0,0,0,0,0,0,0,0,0,0,0,0,0,0,0,0,0,0,0,0,0,0,0,0,0,0,0,0,0,0,0,0,0,0,0,0,0,0,0,0,0,0,0,0,0,0,0,0,0,0,0,0,0,0,0,0,0,0,0,0,0,0,0,0,0,0,0,0,0,0,0,0,0,0,0,0,0,0,0,0,0,0,0,0,0,0,0,0,0,0,0,0,0,0,0,0,0,0,0,0,0,0,0,0,0,0,0,0,0,0,0,0,0,0,0,0,0,0,0,0,0,0,0,0,0,0,0,0,0,0,0,0,0,0,0,0,0,0,0,0,0,0,0,0,0,0,0,0,0,0,0,0,0,0,0,0,0,0,0,0,0,0
3544,0,0,0,0,0,0,0,0,0,0,0,0,0,0,0,0,0,0,0,0,0,0,0,0,0,0,0,0,0,0,0,0,0,0,0,0,0,0,0,0,0,0,0,0,0,0,0,0,0,0,0,0,0,0,0,0,0,0,0,0,0,0,0,0,0,0,0,0,0,0,0,0,0,0,0,0,0,0,0,0,0,0,0,0,0,0,0,0,0,0,0,0,0,0,0,0,0,0,0,0,0,0,0,0,0,0,0,0,0,0,0,0,0,0,0,0,0,0,0,0,0,0,0,0,0,0,0,0,0,0,0,0,0,0,0,0,0,0,0,0,0,0,0,0,0,0,0,0,0,0,0,0,0,0,0,0,0,0,0,0,0,0,0,0,0,0,0,0,0,0,0,0,0,0,0,0,0,0,0,0,0,0,0,0,0,0,0,0,0,0,0,0,0,0,0,0,0,0,0,0
3545,0,0,0,0,0,0,0,0,0,0,0,0,0,0,0,0,0,0,0,0,0,0,0,0,0,0,0,0,0,0,0,0,0,0,0,0,0,0,0,0,0,0,0,0,0,0,0,0,0,0,0,0,0,0,0,0,0,0,0,0,0,0,0,0,0,0,0,0,0,0,0,0,0,0,0,0,0,0,0,0,0,0,0,0,0,0,0,0,0,0,0,0,0,0,0,0,0,0,0,0,0,0,0,0,0,0,0,0,0,0,0,0,0,0,0,0,0,0,0,0,0,0,0,0,0,0,0,0,0,0,0,0,0,0,0,0,0,0,0,0,0,0,0,0,0,0,0,0,0,0,0,0,0,0,0,0,0,0,0,0,0,0,0,0,0,0,0,0,0,0,0,0,0,0,0,0,0,0,0,0,0,0,0,0,0,0,0,0,0,0,0,0,0,0,0,0,0,0,0,0
3546,0,0,0,0,0,0,0,0,0,0,0,0,0,0,0,0,0,0,0,0,0,0,0,0,0,0,0,0,0,0,0,0,0,0,0,0,0,0,0,0,0,0,0,0,0,0,0,0,0,0,0,0,0,0,0,0,0,0,0,0,0,0,0,0,0,0,0,0,0,0,0,0,0,0,0,0,0,0,0,0,0,0,0,0,0,0,0,0,0,0,0,0,0,0,0,0,0,0,0,0,0,0,0,0,0,0,0,0,0,0,0,0,0,0,0,0,0,0,0,0,0,0,0,0,0,0,0,0,0,0,0,0,0,0,0,0,0,0,0,0,0,0,0,0,0,0,0,0,0,0,0,0,0,0,0,0,0,0,0,0,0,0,0,0,0,0,0,0,0,0,0,0,0,0,0,0,0,0,0,0,0,0,0,0,0,0,0,0,0,0,0,0,0,0,0,0,0,0,0,0
3547,0,0,0,0,0,0,0,0,0,0,0,0,0,0,0,0,0,0,0,0,0,0,0,0,0,0,0,0,0,0,0,0,0,0,0,0,0,0,0,0,0,0,0,0,0,0,0,0,0,0,0,0,0,0,0,0,0,0,0,0,0,0,0,0,0,0,0,0,0,0,0,0,0,0,0,0,0,0,0,0,0,0,0,0,0,0,0,0,0,0,0,0,0,0,0,0,0,0,0,0,0,0,0,0,0,0,0,0,0,0,0,0,0,0,0,0,0,0,0,0,0,0,0,0,0,0,0,0,0,0,0,0,0,0,0,0,0,0,0,0,0,0,0,0,0,0,0,0,0,0,0,0,0,0,0,0,0,0,0,0,0,0,0,0,0,0,0,0,0,0,0,0,0,0,0,0,0,0,0,0,0,0,0,0,0,0,0,0,0,0,0,0,0,0,0,0,0,0,0,0
3548,0,0,0,0,0,0,0,0,0,0,0,0,0,0,0,0,0,0,0,0,0,0,0,0,0,0,0,0,0.0000000000,0,0,0,0,0,0,0,0,0,0,0,0,0,0,0,0,0,0,0,0,0,0,0,0,0,0,0,0,0,0,0,0,0,0,0,0,0,0,0,0,0,0,0,0,0,0,0,0,0,0,0,0,0,0,0,0,0,0,0,0,0,0,0,0,0,0,0,0,0,0,0,0,0,0,0,0,0,0,0,0,0,0,0,0,0,0,0,0,0,0,0,0,0,0,0,0,0,0,0,0,0,0,0,0,0,0,0,0,0,0,0,0,0,0,0,0,0,0,0,0,0,0,0,0,0,0,0,0,0,0,0,0,0,0,0,0,0,0,0,0,0,0,0,0,0,0,0,0,0,0,0,0,0,0,0,0,0,0,0,0,0,0,0,0,0,0,0,0,0,0,0
3549,0,0,0,0,0,0,0,0,0,0,0,0,0,0,0,0,0,0,0,0,0,0,0,0,0,0,0,0,0,0,0,0,0,0,0,0,0,0,0,0,0,0,0,0,0,0,0,0,0,0,0,0,0,0,0,0,0,0,0,0,0,0,0,0,0,0,0,0,0,0,0,0,0,0,0,0,0,0,0,0,0,0,0,0,0,0,0,0,0,0,0,0,0,0,0,0,0,0,0,0,0,0,0,0,0,0,0,0,0,0,0,0,0,0,0,0,0,0,0,0,0,0,0,0,0,0,0,0,0,0,0,0,0,0,0,0,0,0,0,0,0,0,0,0,0,0,0,0,0,0,0,0,0,0,0,0,0,0,0,0,0,0,0,0,0,0,0,0,0,0,0,0,0,0,0,0,0,0,0,0,0,0,0,0,0,0,0,0,0,0,0,0,0,0,0,0,0,0,0,0
3550,0,0,0,0,0,0,0,0,0,0,0,0,0,0,0,0,0,0,0,0,0,0,0,0,0,0,0,0,0,0,0,0,0,0,0,0,0,0,0,0,0,0,0,0,0,0,0,0,0,0,0,0,0,0,0,0,0,0,0,0,0,0,0,0,0,0,0,0,0,0,0,0,0,0,0,0,0,0,0,0,0,0,0,0,0,0,0,0,0,0,0,0,0,0,0,0,0,0,0,0,0,0,0,0,0,0,0,0,0,0,0,0,0,0,0,0,0,0,0,0,0,0,0,0,0,0,0,0,0,0,0,0,0,0,0,0,0,0,0,0,0,0,0,0,0,0,0,0,0,0,0,0,0,0,0,0,0,0,0,0,0,0,0,0,0,0,0,0,0,0,0,0,0,0,0,0,0,0,0,0,0,0,0,0,0,0,0,0,0,0,0,0,0,0,0,0,0,0,0,0
3551,0,0,0,0,0,0,0,0,0,0,0,0,0,0,0,0,0,0,0,0,0,0,0,0,0,0,0,0,0,0,0,0,0,0,0,0,0,0,0,0,0,0,0,0,0,0,0,0,0,0,0,0,0,0,0,0,0,0,0,0,0,0,0,0,0,0,0,0,0,0,0,0,0,0,0,0,0,0,0,0,0,0,0,0,0,0,0,0,0,0,0,0,0,0,0,0,0,0,0,0,0,0,0,0,0,0,0,0,0,0,0,0,0,0,0,0,0,0,0,0,0,0,0,0,0,0,0,0,0,0,0,0,0,0,0,0,0,0,0,0,0,0,0,0,0,0,0,0,0,0,0,0,0,0,0,0,0,0,0,0,0,0,0,0,0,0,0,0,0,0,0,0,0,0,0,0,0,0,0,0,0,0,0,0,0,0,0,0,0,0,0,0,0,0,0,0,0,0,0,0
3552,0,0,0,0,0,0,0,0,0,0,0,0,0,0,0,0,0,0,0,0,0,0,0,0,0,0,0,0,0,0,0,0,0,0,0,0,0,0,0,0,0,0,0,0,0,0,0,0,0,0,0,0,0,0,0,0,0,0,0,0,0,0,0,0,0,0,0,0,0,0,0,0,0,0,0,0,0,0,0,0,0,0,0,0,0,0,0,0,0,0,0,0,0,0,0,0,0,0,0,0,0,0,0,0,0,0,0,0,0,0,0,0,0,0,0,0,0,0,0,0,0,0,0,0,0,0,0,0,0,0,0,0,0,0,0,0,0,0,0,0,0,0,0,0,0,0,0,0,0,0,0,0,0,0,0,0,0,0,0,0,0,0,0,0,0,0,0,0,0,0,0,0,0,0,0,0,0,0,0,0,0,0,0,0,0,0,0,0,0,0,0,0,0,0,0,0,0,0,0,0
3553,0,0,0,0,0,0,0,0,0,0,0,0,0,0,0,0,0,0,0,0,0,0,0,0,0,0,0,0,0,0,0,0,0,0,0,0,0,0,0,0,0,0,0,0,0,0,0,0,0,0,0,0,0,0,0,0,0,0,0,0,0,0,0,0,0,0,0,0,0,0,0,0,0,0,0,0,0,0,0,0,0,0,0,0,0,0,0,0,0,0,0,0,0,0,0,0,0,0,0,0,0,0,0,0,0,0,0,0,0,0,0,0,0,0,0,0,0,0,0,0,0,0,0,0,0,0,0,0,0,0,0,0,0,0,0,0,0,0,0,0,0,0,0,0,0,0,0,0,0,0,0,0,0,0,0,0,0,0,0,0,0,0,0,0,0,0,0,0,0,0,0,0,0,0,0,0,0,0,0,0,0,0,0,0,0,0,0,0,0,0,0,0,0,0,0,0,0,0,0,0
3554,0,0,0,0,0,0,0,0,0,0,0,0,0,0,0,0,0,0,0,0,0,0,0,0,0,0,0,0,0,0,0,0,0,0,0,0,0,0,0,0,0,0,0,0,0,0,0,0,0,0,0,0,0,0,0,0,0,0,0,0,0,0,0,0,0,0,0,0,0,0,0,0,0,0,0,0,0,0,0,0,0,0,0,0,0,0,0,0,0,0,0,0,0,0,0,0,0,0,0,0,0,0,0,0,0,0,0,0,0,0,0,0,0,0,0,0,0,0,0,0,0,0,0,0,0,0,0,0,0,0,0,0,0,0,0,0,0,0,0,0,0,0,0,0,0,0,0,0,0,0,0,0,0,0,0,0,0,0,0,0,0,0,0,0,0,0,0,0,0,0,0,0,0,0,0,0,0,0,0,0,0,0,0,0,0,0,0,0,0,0,0,0,0,0,0,0,0,0,0,0
3555,0,0,0,0,0,0,0,0,0,0,0,0,0,0,0,0,0,0,0,0,0,0,0,0,0,0,0,0,0,0,0,0,0,0,0,0,0,0,0,0,0,0,0,0,0,0,0,0,0,0,0,0,0,0,0,0,0,0,0,0,0,0,0,0,0,0,0,0,0,0,0,0,0,0,0,0,0,0,0,0,0,0,0,0,0,0,0,0,0,0,0,0,0,0,0,0,0,0,0,0,0,0,0,0,0,0,0,0,0,0,0,0,0,0,0,0,0,0,0,0,0,0,0,0,0,0,0,0,0,0,0,0,0,0,0,0,0,0,0,0,0,0,0,0,0,0,0,0,0,0,0,0,0,0,0,0,0,0,0,0,0,0,0,0,0,0,0,0,0,0,0,0,0,0,0,0,0,0,0,0,0,0,0,0,0,0,0,0,0,0,0,0,0,0,0,0,0,0,0,0
3556,0,0,0,0,0,0,0,0,0,0,0,0,0,0,0,0,0,0,0,0,0,0,0,0,0,0,0,0,0,0,0,0,0,0,0,0,0,0,0,0,0,0,0,0,0,0,0,0,0,0,0,0,0,0,0,0,0,0,0,0,0,0,0,0,0,0,0,0,0,0,0,0,0,0,0,0,0,0,0,0,0,0,0,0,0,0,0,0,0,0,0,0,0,0,0,0,0,0,0,0,0,0,0,0,0,0,0,0,0,0,0,0,0,0,0,0,0,0,0,0,0,0,0,0,0,0,0,0,0,0,0,0,0,0,0,0,0,0,0,0,0,0,0,0,0,0,0,0,0,0,0,0,0,0,0,0,0,0,0,0,0,0,0,0,0,0,0,0,0,0,0,0,0,0,0,0,0,0,0,0,0,0,0,0,0,0,0,0,0,0,0,0,0,0,0,0,0,0,0,0
3557,0,0,0,0,0,0,0,0,0,0,0,0,0,0,0,0,0,0,0,0,0,0,0,0,0,0,0,0,0,0,0,0,0,0,0,0,0,0,0,0,0,0,0,0,0,0,0,0,0,0,0,0,0,0,0,0,0,0,0,0,0,0,0,0,0,0,0,0,0,0,0,0,0,0,0,0,0,0,0,0,0,0,0,0,0,0,0,0,0,0,0,0,0,0,0,0,0,0,0,0,0,0,0,0,0,0,0,0,0,0,0,0,0,0,0,0,0,0,0,0,0,0,0,0,0,0,0,0,0,0,0,0,0,0,0,0,0,0,0,0,0,0,0,0,0,0,0,0,0,0,0,0,0,0,0,0,0,0,0,0,0,0,0,0,0,0,0,0,0,0,0,0,0,0,0,0,0,0,0,0,0,0,0,0,0,0,0,0,0,0,0,0,0,0,0,0,0,0,0,0
3558,0,0,0,0,0,0,0,0,0,0,0,0,0,0,0,0,0,0,0,0,0,0,0,0,0,0,0,0,0,0,0,0,0,0,0,0,0,0,0,0,0,0,0,0,0,0,0,0,0,0,0,0,0,0,0,0,0,0,0,0,0,0,0,0,0,0,0,0,0,0,0,0,0,0,0,0,0,0,0,0,0,0,0,0,0,0,0,0,0,0,0,0,0,0,0,0,0,0,0,0,0,0,0,0,0,0,0,0,0,0,0,0,0,0,0,0,0,0,0,0,0,0,0,0,0,0,0,0,0,0,0,0,0,0,0,0,0,0,0,0,0,0,0,0,0,0,0,0,0,0,0,0,0,0,0,0,0,0,0,0,0,0,0,0,0,0,0,0,0,0,0,0,0,0,0,0,0,0,0,0,0,0,0,0,0,0,0,0,0,0,0,0,0,0,0,0,0,0,0,0
3559,0,0,0,0,0,0,0,0,0,0,0,0,0,0,0,0,0,0,0,0,0,0,0,0,0,0,0,0,0,0,0,0,0,0,0,0,0,0,0,0,0,0,0,0,0,0,0,0,0,0,0,0,0,0,0,0,0,0,0,0,0,0,0,0,0,0,0,0,0,0,0,0,0,0,0,0,0,0,0,0,0,0,0,0,0,0,0,0,0,0,0,0,0,0,0,0,0,0,0,0,0,0,0,0,0,0,0,0,0,0,0,0,0,0,0,0,0,0,0,0,0,0,0,0,0,0,0,0,0,0,0,0,0,0,0,0,0,0,0,0,0,0,0,0,0,0,0,0,0,0,0,0,0,0,0,0,0,0,0,0,0,0,0,0,0,0,0,0,0,0,0,0,0,0,0,0,0,0,0,0,0,0,0,0,0,0,0,0,0,0,0,0,0,0,0,0,0,0,0,0
3560,0,0,0,0,0,0,0,0,0,0,0,0,0,0,0,0,0,0,0,0,0,0,0,0,0,0,0,0,0,0,0,0,0,0,0,0,0,0,0,0,0,0,0,0,0,0,0,0,0,0,0,0,0,0,0,0,0,0,0,0,0,0,0,0,0,0,0,0,0,0,0,0,0,0,0,0,0,0,0,0,0,0,0,0,0,0,0,0,0,0,0,0,0,0,0,0,0,0,0,0,0,0,0,0,0,0,0,0,0,0,0,0,0,0,0,0,0,0,0,0,0,0,0,0,0,0,0,0,0,0,0,0,0,0,0,0,0,0,0,0,0,0,0,0,0,0,0,0,0,0,0,0,0,0,0,0,0,0,0,0,0,0,0,0,0,0,0,0,0,0,0,0,0,0,0,0,0,0,0,0,0,0,0,0,0,0,0,0,0,0,0,0,0,0,0,0,0,0,0,0
3561,0,0,0,0,0,0,0,0,0,0,0,0,0,0,0,0,0,0,0,0,0,0,0,0,0,0,0,0,0,0,0,0,0,0,0,0,0,0,0,0,0,0,0,0,0,0,0,0,0,0,0,0,0,0,0,0,0,0,0,0,0,0,0,0,0,0,0,0,0,0,0,0,0,0,0,0,0,0,0,0,0,0,0,0,0,0,0,0,0,0,0,0,0,0,0,0,0,0,0,0,0,0,0,0,0,0,0,0,0,0,0,0,0,0,0,0,0,0,0,0,0,0,0,0,0,0,0,0,0,0,0,0,0,0,0,0,0,0,0,0,0,0,0,0,0,0,0,0,0,0,0,0,0,0,0,0,0,0,0,0,0,0,0,0,0,0,0,0,0,0,0,0,0,0,0,0,0,0,0,0,0,0,0,0,0,0,0,0,0,0,0,0,0,0,0,0,0,0,0,0
3562,0,0,0,0,0,0,0,0,0,0,0,0,0,0,0,0,0,0,0,0,0,0,0,0,0,0,0,0,0,0,0,0,0,0,0,0,0,0,0,0,0,0,0,0,0,0,0,0,0,0,0,0,0,0,0,0,0,0,0,0,0,0,0,0,0,0,0,0,0,0,0,0,0,0,0,0,0,0,0,0,0,0,0,0,0,0,0,0,0,0,0,0,0,0,0,0,0,0,0,0,0,0,0,0,0,0,0,0,0,0,0,0,0,0,0,0,0,0,0,0,0,0,0,0,0,0,0,0,0,0,0,0,0,0,0,0,0,0,0,0,0,0,0,0,0,0,0,0,0,0,0,0,0,0,0,0,0,0,0,0,0,0,0,0,0,0,0,0,0,0,0,0,0,0,0,0,0,0,0,0,0,0,0,0,0,0,0,0,0,0,0,0,0,0,0,0,0,0,0,0
3563,0,0,0,0,0,0,0,0,0,0,0,0,0,0,0,0,0,0,0,0,0,0,0,0,0,0,0,0,0,0,0,0,0,0,0,0,0,0,0,0,0,0,0,0,0,0,0,0,0,0,0,0,0,0,0,0,0,0,0,0,0,0,0,0,0,0,0,0,0,0,0,0,0,0,0,0,0,0,0,0,0,0,0,0,0,0,0,0,0,0,0,0,0,0,0,0,0,0,0,0,0,0,0,0,0,0,0,0,0,0,0,0,0,0,0,0,0,0,0,0,0,0,0,0,0,0,0,0,0,0,0,0,0,0,0,0,0,0,0,0,0,0,0,0,0,0,0,0,0,0,0,0,0,0,0,0,0,0,0,0,0,0,0,0,0,0,0,0,0,0,0,0,0,0,0,0,0,0,0,0,0,0,0,0,0,0,0,0,0,0,0,0,0,0,0,0,0,0,0,0
3564,0,0,0,0,0,0,0,0,0,0,0,0,0,0,0,0,0,0,0,0,0,0,0,0,0,0,0,0,0,0,0,0,0,0,0,0,0,0,0,0,0,0,0,0,0,0,0,0,0,0,0,0,0,0,0,0,0,0,0,0,0,0,0,0,0,0,0,0,0,0,0,0,0,0,0,0,0,0,0,0,0,0,0,0,0,0,0,0,0,0,0,0,0,0,0,0,0,0,0,0,0,0,0,0,0,0,0,0,0,0,0,0,0,0,0,0,0,0,0,0,0,0,0,0,0,0,0,0,0,0,0,0,0,0,0,0,0,0,0,0,0,0,0,0,0,0,0,0,0,0,0,0,0,0,0,0,0,0,0,0,0,0,0,0,0,0,0,0,0,0,0,0,0,0,0,0,0,0,0,0,0,0,0,0,0,0,0,0,0,0,0,0,0,0,0,0,0,0,0,0
3565,0,0,0,0,0,0,0,0,0,0,0,0,0,0,0,0,0,0,0,0,0,0,0,0,0,0,0,0,0,0,0,0,0,0,0,0,0,0,0,0,0,0,0,0,0,0,0,0,0,0,0,0,0,0,0,0,0,0,0,0,0,0,0,0,0,0,0,0,0,0,0,0,0,0,0,0,0,0,0,0,0,0,0,0,0,0,0,0,0,0,0,0,0,0,0,0,0,0,0,0,0,0,0,0,0,0,0,0,0,0,0,0,0,0,0,0,0,0,0,0,0,0,0,0,0,0,0,0,0,0,0,0,0,0,0,0,0,0,0,0,0,0,0,0,0,0,0,0,0,0,0,0,0,0,0,0,0,0,0,0,0,0,0,0,0,0,0,0,0,0,0,0,0,0,0,0,0,0,0,0,0,0,0,0,0,0,0,0,0,0,0,0,0,0,0,0,0,0,0,0
3566,0,0,0,0,0,0,0,0,0,0,0,0,0,0,0,0,0,0,0,0,0,0,0,0,0,0,0,0,0,0,0,0,0,0,0,0,0,0,0,0,0,0,0,0,0,0,0,0,0,0,0,0,0,0,0,0,0,0,0,0,0,0,0,0,0,0,0,0,0,0,0,0,0,0,0,0,0,0,0,0,0,0,0,0,0,0,0,0,0,0,0,0,0,0,0,0,0,0,0,0,0,0,0,0,0,0,0,0,0,0,0,0,0,0,0,0,0,0,0,0,0,0,0,0,0,0,0,0,0,0,0,0,0,0,0,0,0,0,0,0,0,0,0,0,0,0,0,0,0,0,0,0,0,0,0,0,0,0,0,0,0,0,0,0,0,0,0,0,0,0,0,0,0,0,0,0,0,0,0,0,0,0,0,0,0,0,0,0,0,0,0,0,0,0,0,0,0,0,0,0
3567,0,0,0,0,0,0,0,0,0,0,0,0,0,0,0,0,0,0,0,0,0,0,0,0,0,0,0,0,0,0,0,0,0,0,0,0,0,0,0,0,0,0,0,0,0,0,0,0,0,0,0,0,0,0,0,0,0,0,0,0,0,0,0,0,0,0,0,0,0,0,0,0,0,0,0,0,0,0,0,0,0,0,0,0,0,0,0,0,0,0,0,0,0,0,0,0,0,0,0,0,0,0,0,0,0,0,0,0,0,0,0,0,0,0,0,0,0,0,0,0,0,0,0,0,0,0,0,0,0,0,0,0,0,0,0,0,0,0,0,0,0,0,0,0,0,0,0,0,0,0,0,0,0,0,0,0,0,0,0,0,0,0,0,0,0,0,0,0,0,0,0,0,0,0,0,0,0,0,0,0,0,0,0,0,0,0,0,0,0,0,0,0,0,0,0,0,0,0,0,0
3568,0,0,0,0,0,0,0,0,0,0,0,0,0,0,0,0,0,0,0,0,0,0,0,0,0,0,0,0,0,0,0,0,0,0,0,0,0,0,0,0,0,0,0,0,0,0,0,0,0,0,0,0,0,0,0,0,0,0,0,0,0,0,0,0,0,0,0,0,0,0,0,0,0,0,0,0,0,0,0,0,0,0,0,0,0,0,0,0,0,0,0,0,0,0,0,0,0,0,0,0,0,0,0,0,0,0,0,0,0,0,0,0,0,0,0,0,0,0,0,0,0,0,0,0,0,0,0,0,0,0,0,0,0,0,0,0,0,0,0,0,0,0,0,0,0,0,0,0,0,0,0,0,0,0,0,0,0,0,0,0,0,0,0,0,0,0,0,0,0,0,0,0,0,0,0,0,0,0,0,0,0,0,0,0,0,0,0,0.0000000000,0,0,0,0,0,0,0,0,0,0,0,0
3569,0,0,0,0,0,0,0,0,0,0,0,0,0,0,0,0,0,0,0,0,0,0,0,0,0,0,0,0,0,0,0,0,0,0,0,0,0,0,0,0,0,0,0,0,0,0,0,0,0,0,0,0,0,0,0,0,0,0,0,0,0,0,0,0,0,0,0,0,0,0,0,0,0,0,0,0,0,0,0,0,0,0,0,0,0,0,0,0,0,0,0,0,0,0,0,0,0,0,0,0,0,0,0,0,0,0,0,0,0,0,0,0,0,0,0,0,0,0,0,0,0,0,0,0,0,0,0,0,0,0,0,0,0,0,0,0,0,0,0,0,0,0,0,0,0,0,0,0,0,0,0,0,0,0,0,0,0,0,0,0,0,0,0,0,0,0,0,0,0,0,0,0,0,0,0,0,0,0,0,0,0,0,0,0,0,0,0,0,0,0,0,0,0,0,0,0,0,0,0,0
3570,0,0,0,0,0,0,0,0,0,0,0,0,0,0,0,0,0,0,0,0,0,0,0,0,0,0,0,0,0,0,0,0,0,0,0,0,0,0,0,0,0,0,0,0,0,0,0,0,0,0,0,0,0,0,0,0,0,0,0,0,0,0,0,0,0,0,0,0,0,0,0,0,0,0,0,0,0,0,0,0,0,0,0,0,0,0,0,0,0,0,0,0,0,0,0,0,0,0,0,0,0,0,0,0,0,0,0,0,0,0,0,0,0,0,0,0,0,0,0,0,0,0,0,0,0,0,0,0,0,0,0,0,0,0,0,0,0,0,0,0,0,0,0,0,0,0,0,0,0,0,0,0,0,0,0,0,0,0,0,0,0,0,0,0,0,0,0,0,0,0,0,0,0,0,0,0,0,0,0,0,0,0,0,0,0,0,0,0,0,0,0,0,0,0,0,0,0,0,0,0
3571,0,0,0,0,0,0,0,0,0,0,0,0,0,0,0,0,0,0,0,0,0,0,0,0,0,0,0,0,0,0,0,0,0,0,0,0,0,0,0,0,0,0,0,0,0,0,0,0,0,0,0,0,0,0,0,0,0,0,0,0,0,0,0,0,0,0,0,0,0,0,0,0,0,0,0,0,0,0,0,0,0,0,0,0,0,0,0,0,0,0,0,0,0,0,0,0,0,0,0,0,0,0,0,0,0,0,0,0,0,0,0,0,0,0,0,0,0,0,0,0,0,0,0,0,0,0,0,0,0,0,0,0,0,0,0,0,0,0,0,0,0,0,0,0,0,0,0,0,0,0,0,0,0,0,0,0,0,0,0,0,0,0,0,0,0,0,0,0,0,0,0,0,0,0,0,0,0,0,0,0,0,0,0,0,0,0,0,0,0,0,0,0,0,0,0,0,0,0,0,0
3572,0,0,0,0,0,0,0,0,0,0,0,0,0,0,0,0,0,0,0,0,0,0,0,0,0,0,0,0,0,0,0,0,0,0,0,0,0,0,0,0,0,0,0,0,0,0,0,0,0,0,0,0,0,0,0,0,0,0,0,0,0,0,0,0,0,0,0,0,0,0,0,0,0,0,0,0,0,0,0,0,0,0,0,0,0,0,0,0,0,0,0,0,0,0,0,0,0,0,0,0,0,0,0,0,0,0,0,0,0,0,0,0,0,0,0,0,0,0,0,0,0,0,0,0,0,0,0,0,0,0,0,0,0,0,0,0,0,0,0,0,0,0,0,0,0,0,0,0,0,0,0,0,0,0,0,0,0,0,0,0,0,0,0,0,0,0,0,0,0,0,0,0,0,0,0,0,0,0,0,0,0,0,0,0,0,0,0,0,0,0,0,0,0,0,0,0,0,0,0,0
3573,0,0,0,0,0,0,0,0,0,0,0,0,0,0,0,0,0,0,0,0,0,0,0,0,0,0,0,0,0,0,0,0,0,0,0,0,0,0,0,0,0,0,0,0,0,0,0,0,0,0,0,0,0,0,0,0,0,0,0,0,0,0,0,0,0,0,0,0,0,0,0,0,0,0,0,0,0,0,0,0,0,0,0,0,0,0,0,0,0,0,0,0,0,0,0,0,0,0,0,0,0,0,0,0,0,0,0,0,0,0,0,0,0,0,0,0,0,0,0,0,0,0,0,0,0,0,0,0,0,0,0,0,0,0,0,0,0,0,0,0,0,0,0,0,0,0,0,0,0,0,0,0,0,0,0,0,0,0,0,0,0,0,0,0,0,0,0,0,0,0,0,0,0,0,0,0,0,0,0,0,0,0,0,0,0,0,0,0,0,0,0,0,0,0,0,0,0,0,0,0
3574,0,0,0,0,0,0,0,0,0,0,0,0,0,0,0,0,0,0,0,0,0,0,0,0,0,0,0,0,0,0,0,0,0,0,0,0,0,0,0,0,0,0,0.0000000000,0,0,0,0,0,0,0,0,0,0,0,0,0,0,0,0,0,0,0,0,0,0,0,0,0,0,0,0,0,0,0,0,0,0,0,0,0,0,0,0,0,0,0,0,0,0,0,0,0,0,0,0,0,0,0,0,0,0,0,0,0,0,0,0,0,0,0,0,0,0,0,0,0,0,0,0,0,0,0,0,0,0,0,0,0,0,0,0,0,0,0,0,0,0,0,0,0,0,0,0,0,0,0,0,0,0,0,0,0,0,0,0,0,0,0,0,0,0,0,0,0,0,0,0,0,0,0,0,0,0,0,0,0,0,0,0,0,0,0,0,0,0,0,0,0,0,0,0,0,0,0,0,0,0,0,0,0
3575,0,0,0,0,0,0,0,0,0,0,0,0,0,0,0,0,0,0,0,0,0,0,0,0,0,0,0,0,0,0,0,0,0,0,0,0,0,0,0,0,0,0,0,0,0,0,0,0,0,0,0,0,0,0,0,0,0,0,0,0,0,0,0,0,0,0,0,0,0,0,0,0,0,0,0,0,0,0,0,0,0,0,0,0,0,0,0,0,0,0,0,0,0,0,0,0,0,0,0,0,0,0,0,0,0,0,0,0,0,0,0,0,0,0,0,0,0,0,0,0,0,0,0,0,0,0,0,0,0,0,0,0,0,0,0,0,0,0,0,0,0,0,0,0,0,0,0,0,0,0,0,0,0,0,0,0,0,0,0,0,0,0,0,0,0,0,0,0,0,0,0,0,0,0,0,0,0,0,0,0,0,0,0,0,0,0,0,0,0,0,0,0,0,0,0,0,0,0,0,0
3576,0,0,0,0,0,0,0,0,0,0,0,0,0,0,0,0,0,0,0,0,0,0,0,0,0,0,0,0,0,0,0,0,0,0,0,0,0,0,0,0,0,0,0,0,0,0,0,0,0,0,0,0,0,0,0,0,0,0,0,0,0,0,0,0,0,0,0,0,0,0,0,0,0,0,0,0,0,0,0,0,0,0,0,0,0,0,0,0,0,0,0,0,0,0,0,0,0,0,0,0,0,0,0,0,0,0,0,0,0,0,0,0,0,0,0,0,0,0,0,0,0,0,0,0,0,0,0,0,0,0,0,0,0,0,0,0,0,0,0,0,0,0,0,0,0,0,0,0,0,0,0,0,0,0,0,0,0,0,0,0,0,0,0,0,0,0,0,0,0,0,0,0,0,0,0,0,0,0,0,0,0,0,0,0,0,0,0,0,0,0,0,0,0,0,0,0,0,0,0,0
3577,0,0,0,0,0,0,0,0,0,0,0,0,0,0,0,0,0,0,0,0,0,0,0,0,0,0,0,0,0,0,0,0,0,0,0,0,0,0,0,0,0,0,0,0,0,0,0,0,0,0,0,0,0,0,0,0,0,0,0,0,0,0,0,0,0,0,0,0,0,0,0,0,0,0,0,0,0,0,0,0,0,0,0,0,0,0,0,0,0,0,0,0,0,0,0,0,0,0,0,0,0,0,0,0,0,0,0,0,0,0,0,0,0,0,0,0,0,0,0,0,0,0,0,0,0,0,0,0,0,0,0,0,0,0,0,0,0,0,0,0,0,0,0,0,0,0,0,0,0,0,0,0,0,0,0,0,0,0,0,0,0,0,0,0,0,0,0,0,0,0,0,0,0,0,0,0,0,0,0,0,0,0,0,0,0,0,0,0,0,0,0,0,0,0,0,0,0,0,0,0
3578,0,0,0,0,0,0,0,0,0,0,0,0,0,0,0,0,0,0,0,0,0,0,0,0,0,0,0,0,0,0,0,0,0,0.0000000000,0,0,0,0,0,0,0,0,0,0,0,0,0,0,0,0,0,0,0,0,0,0,0,0,0,0,0,0,0,0,0,0,0,0,0,0,0,0,0,0,0,0,0,0,0,0,0,0,0,0,0,0,0,0,0,0,0,0,0,0,0,0,0,0,0,0,0,0,0,0,0,0,0,0,0,0,0,0,0,0,0,0,0,0,0,0,0,0,0,0,0,0,0,0,0,0,0,0,0,0,0,0,0,0,0,0,0,0,0,0,0,0,0,0,0,0,0,0,0,0,0,0,0,0,0,0,0,0,0,0,0,0,0,0,0,0,0,0,0,0,0,0,0,0,0,0,0,0,0,0,0,0,0,0,0,0,0,0,0,0,0,0,0,0,0,0
3579,0,0,0,0,0,0,0,0,0,0,0,0,0,0,0,0,0,0,0,0,0,0,0,0,0,0,0,0,0,0,0,0,0,0,0,0,0,0,0,0,0,0,0,0,0,0,0,0,0,0,0,0,0,0,0,0,0,0,0,0,0,0,0,0,0,0,0,0,0,0,0,0,0,0,0,0,0,0,0,0,0,0,0,0,0,0,0,0,0,0,0,0,0,0,0,0,0,0,0,0,0,0,0,0,0,0,0,0,0,0,0,0,0,0,0,0,0,0,0,0,0,0,0,0,0,0,0,0,0,0,0,0,0,0,0,0,0,0,0,0,0,0,0,0,0,0,0,0,0,0,0,0,0,0,0,0,0,0,0,0,0,0,0,0,0,0,0,0,0,0,0,0,0,0,0,0,0,0,0,0,0,0,0,0,0,0,0,0,0,0,0,0,0,0,0,0,0,0,0,0
3580,0,0,0,0,0,0,0,0,0,0,0,0,0,0,0,0,0,0,0,0,0,0,0,0,0,0,0,0,0,0,0,0,0,0,0,0,0,0,0,0,0,0,0,0,0,0,0,0,0,0,0,0,0,0,0,0,0,0,0,0,0,0,0,0,0,0,0,0,0,0,0,0,0,0,0,0,0,0,0,0,0,0,0,0,0,0,0,0,0,0,0,0,0,0,0,0,0,0,0,0,0,0,0,0,0,0,0,0,0,0,0,0,0,0,0,0,0,0,0,0,0,0,0,0,0,0,0,0,0,0,0,0,0,0,0,0,0,0,0,0,0,0,0,0,0,0,0,0,0,0,0,0,0,0,0,0,0,0,0,0,0,0,0,0,0,0,0,0,0,0,0,0,0,0,0,0,0,0,0,0,0,0,0,0,0,0,0,0,0,0,0,0,0,0,0,0,0,0,0,0
3581,0,0,0,0,0,0,0,0,0,0,0,0,0,0,0,0,0,0,0,0,0,0,0,0,0,0,0,0,0,0,0,0,0,0,0,0,0,0,0,0,0,0,0,0,0,0,0,0,0,0,0,0,0,0,0,0,0,0,0,0,0,0,0,0,0,0,0,0,0,0,0,0,0,0,0,0,0,0,0,0,0,0,0,0,0,0,0,0,0,0,0,0,0,0,0,0,0,0,0,0,0,0,0,0,0,0,0,0,0,0,0,0,0,0,0,0,0,0,0,0,0,0,0,0,0,0,0,0,0,0,0,0,0,0,0,0,0,0,0,0,0,0,0,0,0,0,0,0,0,0,0,0,0,0,0,0,0,0,0,0,0,0,0,0,0,0,0,0,0,0,0,0,0,0,0,0,0,0,0,0,0,0,0,0,0,0,0,0,0,0,0,0,0,0,0,0,0,0,0,0
3582,0,0,0,0,0,0,0,0,0,0,0,0,0,0,0,0,0,0,0,0,0,0,0,0,0,0,0,0,0,0,0,0,0,0,0,0,0,0,0,0,0,0,0,0,0,0,0,0,0,0,0,0,0,0,0,0,0,0,0,0,0,0,0,0,0,0,0,0,0,0,0,0,0,0,0,0,0,0,0,0,0,0,0,0,0,0,0,0,0,0,0,0,0,0,0,0,0,0,0,0,0,0,0,0,0,0,0,0,0,0,0,0,0,0,0,0,0,0,0,0,0,0,0,0,0,0,0,0,0,0,0,0,0,0,0,0,0,0,0,0,0,0,0,0,0,0,0,0,0,0,0,0,0,0,0,0,0,0,0,0,0,0,0,0,0,0,0,0,0,0,0,0,0,0,0,0,0,0,0,0,0,0,0,0,0,0,0,0,0,0,0,0,0,0,0,0,0,0,0,0
3583,0,0,0,0,0,0,0,0,0,0,0,0,0,0,0,0,0,0,0,0,0,0,0,0,0,0,0,0,0,0,0,0,0,0,0,0,0,0,0,0,0,0,0,0,0,0,0,0,0,0,0,0,0,0,0,0,0,0,0,0,0,0,0,0,0,0,0,0,0,0,0,0,0,0,0,0,0,0,0,0,0,0,0,0,0,0,0,0,0,0,0,0,0,0,0,0,0,0,0,0,0,0,0,0,0,0,0,0,0,0,0,0,0,0,0,0,0,0,0,0,0,0,0,0,0,0,0,0,0,0,0,0,0,0,0,0,0,0,0,0,0,0,0,0,0,0,0,0,0,0,0,0,0,0,0,0,0,0,0,0,0,0,0,0,0,0,0,0,0,0,0,0,0,0,0,0,0,0,0,0,0,0,0,0,0,0,0,0,0,0,0,0,0,0,0,0,0,0,0,0
3584,0,0,0,0,0,0,0,0,0,0,0,0,0,0,0,0,0,0,0,0,0,0,0,0,0,0,0,0,0,0,0,0,0,0,0,0,0,0,0,0,0,0,0,0,0,0,0,0,0,0,0,0,0,0,0,0,0,0,0,0,0,0,0,0,0,0,0,0,0,0,0,0,0,0,0,0,0,0,0,0,0,0,0,0,0,0,0,0,0,0,0,0,0,0,0,0,0,0,0,0,0,0,0,0,0,0,0,0,0,0,0,0,0,0,0,0,0,0,0,0,0,0,0,0,0,0,0,0,0,0,0,0,0,0,0,0,0,0,0,0,0,0,0,0,0,0,0,0,0,0,0,0,0,0,0,0,0,0,0,0,0,0,0,0,0,0,0,0,0,0,0,0,0,0,0,0,0,0,0,0,0,0,0,0,0,0,0,0,0,0,0,0,0,0,0,0,0,0,0,0
3585,0,0,0,0,0,0,0,0,0,0,0,0,0,0,0,0,0,0,0,0,0,0,0,0,0,0,0,0,0,0,0,0,0,0,0,0,0,0,0,0,0,0,0,0,0,0,0,0,0,0,0,0,0,0,0,0,0,0,0,0,0,0,0,0,0,0,0,0,0,0,0,0,0,0,0,0,0,0,0,0,0,0,0,0,0,0,0,0,0,0,0,0,0,0,0,0,0,0,0,0,0,0,0,0,0,0,0,0,0,0,0,0,0,0,0,0,0,0,0,0,0,0,0,0,0,0,0,0,0,0,0,0,0,0,0,0,0,0,0,0,0,0,0,0,0,0,0,0,0,0,0,0,0,0,0,0,0,0,0,0,0,0,0,0,0,0,0,0,0,0,0,0,0,0,0,0,0,0,0,0,0,0,0,0,0,0,0,0,0,0,0,0,0,0,0,0,0,0,0,0
3586,0,0,0,0,0,0,0,0,0,0,0,0,0,0,0,0,0,0,0,0,0,0,0,0,0,0,0,0,0,0,0,0,0,0,0,0,0,0,0,0,0,0,0,0,0,0,0,0,0,0,0,0,0,0,0,0,0,0,0,0,0,0,0,0,0,0,0,0,0,0,0,0,0,0,0,0,0,0,0,0,0,0,0,0,0,0,0,0,0,0,0,0,0,0,0,0,0,0,0,0,0,0,0,0,0,0,0,0,0,0,0,0,0,0,0,0,0,0,0,0,0,0,0,0,0,0,0,0,0,0,0,0,0,0,0,0,0,0,0,0,0,0,0,0,0,0,0,0,0,0,0,0,0,0,0,0,0,0,0,0,0,0,0,0,0,0,0,0,0,0,0,0,0,0,0,0,0,0,0,0,0,0,0,0,0,0,0,0,0,0,0,0,0,0,0,0,0,0,0,0
3587,0,0,0,0,0,0,0,0,0,0,0,0,0,0,0,0,0,0,0,0,0,0,0,0,0,0,0,0,0,0,0,0,0,0,0,0,0,0,0,0,0,0,0,0,0,0,0,0,0,0,0,0,0,0,0,0,0,0,0,0,0,0,0,0,0,0,0,0,0,0,0,0,0,0,0,0,0,0,0,0,0,0,0,0,0,0,0,0,0,0,0,0,0,0,0,0,0,0,0,0,0,0,0,0,0,0,0,0,0,0,0,0,0,0,0,0,0,0,0,0,0,0,0,0,0,0,0,0,0,0,0,0,0,0,0,0,0,0,0,0,0,0,0,0,0,0,0,0,0,0,0,0,0,0,0,0,0,0,0,0,0,0,0,0,0,0,0,0,0,0,0,0,0,0,0,0,0,0,0,0,0,0,0,0,0,0,0,0,0,0,0,0,0,0,0,0,0,0,0,0
3588,0,0,0,0,0,0,0,0,0,0,0,0,0,0,0,0,0,0,0,0,0,0,0,0,0,0,0,0,0,0,0,0,0,0,0,0,0,0,0,0,0,0,0,0,0,0,0,0,0,0,0,0,0,0,0,0,0,0,0,0,0,0,0,0,0,0,0,0,0,0,0,0,0,0,0,0,0,0,0,0,0,0,0,0,0,0,0,0,0,0,0,0,0,0,0,0,0,0,0,0,0,0,0,0,0,0,0,0,0,0,0,0,0,0,0,0,0,0,0,0,0,0,0,0,0,0,0,0,0,0,0,0,0,0,0,0,0,0,0,0,0,0,0,0,0,0,0,0,0,0,0,0,0,0,0,0,0,0,0,0,0,0,0,0,0,0,0,0,0,0,0,0,0,0,0,0,0,0,0,0,0,0,0,0,0,0,0,0,0,0,0,0,0,0,0,0,0,0,0,0
3589,0,0,0,0,0,0,0,0,0,0,0,0,0,0,0,0,0,0,0,0,0,0,0,0,0,0,0,0,0,0,0,0,0,0,0,0,0,0,0,0,0,0,0,0,0,0,0,0,0,0,0,0,0,0,0,0,0,0,0,0,0,0,0,0,0,0,0,0,0,0,0,0,0,0,0,0,0,0,0,0,0,0,0,0,0,0,0,0,0,0,0,0,0,0,0,0,0,0,0,0,0,0,0,0,0,0,0,0,0,0,0,0,0,0,0,0,0,0,0,0,0,0,0,0,0,0,0,0,0,0,0,0,0,0,0,0,0,0,0,0,0,0,0,0,0,0,0,0,0,0,0,0,0,0,0,0,0,0,0,0,0,0,0,0,0,0,0,0,0,0,0,0,0,0,0,0,0,0,0,0,0,0,0,0,0,0,0,0,0,0,0,0,0,0,0,0,0,0,0,0
3590,0,0,0,0,0,0,0,0,0,0,0,0,0,0,0,0,0,0,0,0,0,0,0,0,0,0,0,0,0,0,0,0,0,0,0,0,0,0,0,0,0,0,0,0,0,0,0,0,0,0,0,0,0,0,0,0,0,0,0,0,0,0,0,0,0,0,0,0,0,0,0,0,0,0,0,0,0,0,0,0,0,0,0,0,0,0,0,0,0,0,0,0,0,0,0,0,0,0,0,0,0,0,0,0,0,0,0,0,0,0,0,0,0,0,0,0,0,0,0,0,0,0,0,0,0,0,0,0,0,0,0,0,0,0,0,0,0,0,0,0,0,0,0,0,0,0,0,0,0,0,0,0,0,0,0,0,0,0,0,0,0,0,0,0,0,0,0,0,0,0,0,0,0,0,0,0,0,0,0,0,0,0,0,0,0,0,0,0,0,0,0,0,0,0,0,0,0,0,0,0
3591,0,0,0,0,0,0,0,0,0,0,0,0,0,0,0,0,0,0,0,0,0,0,0,0,0,0,0,0,0,0,0,0,0,0,0,0,0,0,0,0,0,0,0,0,0,0,0,0,0,0,0,0,0,0,0,0,0,0,0,0,0,0,0,0,0,0,0,0,0,0,0,0,0,0,0,0,0,0,0,0,0,0,0,0,0,0,0,0,0,0,0,0,0,0,0,0,0,0,0,0,0,0,0,0,0,0,0,0,0,0,0,0,0,0,0,0,0,0,0,0,0,0,0,0,0,0,0,0,0,0,0,0,0,0,0,0,0,0,0,0,0,0,0,0,0,0,0,0,0,0,0,0,0,0,0,0,0,0,0,0,0,0,0,0,0,0,0,0,0,0,0,0,0,0,0,0,0,0,0,0,0,0,0,0,0,0,0,0,0,0,0,0,0,0,0,0,0,0,0,0
3592,0,0,0,0,0,0,0,0,0,0,0,0,0,0,0,0,0,0,0,0,0,0,0,0,0,0,0,0,0,0,0,0,0,0,0,0,0,0,0,0,0,0,0,0,0,0,0,0,0,0,0,0,0,0,0,0,0,0,0,0,0,0,0,0,0,0,0,0,0,0,0,0,0,0,0,0,0,0,0,0,0,0,0,0,0,0,0,0,0,0,0,0,0,0,0,0,0,0,0,0,0,0,0,0,0,0,0,0,0,0,0,0,0,0,0,0,0,0,0,0,0,0,0,0,0,0,0,0,0,0,0,0,0,0,0,0,0,0,0,0,0,0,0,0,0,0,0,0,0,0,0,0,0,0,0,0,0,0,0,0,0,0,0,0,0,0,0,0,0,0,0,0,0,0,0,0,0,0,0,0,0,0,0,0,0,0,0,0,0,0,0,0,0,0,0,0,0,0,0,0
3593,0,0,0,0,0,0,0,0,0,0,0,0,0,0,0,0,0,0,0,0,0,0,0,0,0,0,0,0,0,0,0,0,0,0,0,0,0,0,0,0,0,0,0,0,0,0,0,0,0,0,0,0,0,0,0,0,0,0,0,0,0,0,0,0,0,0,0,0,0,0,0,0,0,0,0,0,0,0,0,0,0,0,0,0,0,0,0,0,0,0,0,0,0,0,0,0,0,0,0,0,0,0,0,0,0,0,0,0,0,0,0,0,0,0,0,0,0,0,0,0,0,0,0,0,0,0,0,0,0,0,0,0,0,0,0,0,0,0,0,0,0,0,0,0,0,0,0,0,0,0,0,0,0,0,0,0,0,0,0,0,0,0,0,0,0,0,0,0,0,0,0,0,0,0,0,0,0,0,0,0,0,0,0,0,0,0,0,0,0,0,0,0,0,0,0,0,0,0,0,0
3594,0,0,0,0,0,0,0,0,0,0,0,0,0,0,0,0,0,0,0,0,0,0,0,0,0,0,0,0,0,0,0,0,0,0,0,0,0,0,0,0,0,0,0,0,0,0,0,0,0,0,0,0,0,0,0,0,0,0,0,0,0,0,0,0,0,0,0,0,0,0,0,0,0,0,0,0,0,0,0,0,0,0,0,0,0,0,0,0,0,0,0,0,0,0,0,0,0,0,0,0,0,0,0,0,0,0,0,0,0,0,0,0,0,0,0,0,0,0,0,0,0,0,0,0,0,0,0,0,0,0,0,0,0,0,0,0,0,0,0,0,0,0,0,0,0,0,0,0,0,0,0,0,0,0,0,0,0,0,0,0,0,0,0,0,0,0,0,0,0,0,0,0,0,0,0,0,0,0,0,0,0,0,0,0,0,0,0,0,0,0,0,0,0,0,0,0,0,0,0,0
3595,0,0,0,0,0,0,0,0,0,0,0,0,0,0,0,0,0,0,0,0,0,0,0,0,0,0,0,0,0,0,0,0,0,0,0,0,0,0,0,0,0,0,0,0,0,0,0,0,0,0,0,0,0,0,0,0,0,0,0,0,0,0,0,0,0,0,0,0,0,0,0,0,0,0,0,0,0,0,0,0,0,0,0,0,0,0,0,0,0,0,0,0,0,0,0,0,0,0,0,0,0,0,0,0,0,0,0,0,0,0,0,0,0,0,0,0,0,0,0,0,0,0,0,0,0,0,0,0,0,0,0,0,0,0,0,0,0,0,0,0,0,0,0,0,0,0,0,0,0,0,0,0,0,0,0,0,0,0,0,0,0,0,0,0,0,0,0,0,0,0,0,0,0,0,0,0,0,0,0,0,0,0,0,0,0,0,0,0,0,0,0,0,0,0,0,0,0,0,0,0
3596,0,0,0,0,0,0,0,0,0,0,0,0,0,0,0,0,0,0,0,0,0,0,0,0,0,0,0,0,0,0,0,0,0,0,0,0,0,0,0,0,0,0,0,0,0,0,0,0,0,0,0,0,0,0,0,0,0,0,0,0,0,0,0,0,0,0,0,0,0,0,0,0,0,0,0,0,0,0,0,0,0,0,0,0,0,0,0,0,0,0,0,0,0,0,0,0,0,0,0,0,0,0,0,0,0,0,0,0,0,0,0,0,0,0,0,0,0,0,0,0,0,0,0,0,0,0,0,0,0,0,0,0,0,0,0,0,0,0,0,0,0,0,0,0,0,0,0,0,0,0,0,0,0,0,0,0,0,0,0,0,0,0,0,0,0,0,0,0,0,0,0,0,0,0,0,0,0,0,0,0,0,0,0,0,0,0,0,0,0,0,0,0,0,0,0,0,0,0,0,0
3597,0,0,0,0,0,0,0,0,0,0,0,0,0,0,0,0,0,0,0,0,0,0,0,0,0,0,0,0,0,0,0,0,0,0,0,0,0,0,0,0,0,0,0,0,0,0,0,0,0,0,0,0,0,0,0,0,0,0,0,0,0,0,0,0,0,0,0,0,0,0,0,0,0,0,0,0,0,0,0,0,0,0,0,0,0,0,0,0,0,0,0,0,0,0,0,0,0,0,0,0,0,0,0,0,0,0,0,0,0,0,0,0,0,0,0,0,0,0,0,0,0,0,0,0,0,0,0,0,0,0,0,0,0,0,0,0,0,0,0,0,0,0,0,0,0,0,0,0,0,0,0,0,0,0,0,0,0,0,0,0,0,0,0,0,0,0,0,0,0,0,0,0,0,0,0,0,0,0,0,0,0,0,0,0,0,0,0,0,0,0,0,0,0,0,0,0,0,0,0,0
3598,0,0,0,0,0,0,0,0,0,0,0,0,0,0,0,0,0,0,0,0,0,0,0,0,0,0,0,0,0,0,0,0,0,0,0,0,0,0,0,0,0,0,0,0,0,0,0,0,0,0,0,0,0,0,0,0,0,0,0,0,0,0,0,0,0,0,0,0,0,0,0,0,0,0,0,0,0,0,0,0,0,0,0,0,0,0,0,0,0,0,0,0,0,0,0,0,0,0,0,0,0,0,0,0,0,0,0,0,0,0,0,0,0,0,0,0,0,0,0,0,0,0,0,0,0,0,0,0,0,0,0,0,0,0,0,0,0,0,0,0,0,0,0,0,0,0,0,0,0,0,0,0,0,0,0,0,0,0,0,0,0,0,0,0,0,0,0,0,0,0,0,0,0,0,0,0,0,0,0,0,0,0,0,0,0,0,0,0,0,0,0,0,0,0,0,0,0,0,0,0
3599,0,0,0,0,0,0,0,0,0,0,0,0,0,0,0,0,0,0,0,0,0,0,0,0,0,0,0,0,0,0,0,0,0,0,0,0,0,0,0,0,0,0,0,0,0,0,0,0,0,0,0,0,0,0,0,0,0,0,0,0,0,0,0,0,0,0,0,0,0,0,0,0,0,0,0,0,0,0,0,0,0,0,0,0,0,0,0,0,0,0,0,0,0,0,0,0,0,0,0,0,0,0,0,0,0,0,0,0,0,0,0,0,0,0,0,0,0,0,0,0,0,0,0,0,0,0,0,0,0,0,0,0,0,0,0,0,0,0,0,0,0,0,0,0,0,0,0,0,0,0,0,0,0,0,0,0,0,0,0,0,0,0,0,0,0,0,0,0,0,0,0,0,0,0,0,0,0,0,0,0,0,0,0,0,0,0,0,0,0,0,0,0,0,0,0,0,0,0,0,0
3600,0,0,0,0,0,0,0,0,0,0,0,0,0,0,0,0,0,0,0,0,0,0,0,0,0,0,0,0,0,0,0,0,0,0,0,0,0,0,0,0,0,0,0,0,0,0,0,0,0,0,0,0,0,0,0,0,0,0,0,0,0,0,0,0,0,0,0,0,0,0,0,0,0,0,0,0,0,0,0,0,0,0,0,0,0,0,0,0,0,0,0,0,0,0,0,0,0,0,0,0,0,0,0,0,0,0,0,0,0,0,0,0,0,0,0,0,0,0,0,0,0,0,0,0,0,0,0,0,0,0,0,0,0,0,0,0,0,0,0,0,0,0,0,0,0,0,0,0,0,0,0,0,0,0,0,0,0,0,0,0,0,0,0,0,0,0,0,0,0,0,0,0,0,0,0,0,0,0,0,0,0,0,0,0,0,0,0,0,0,0,0,0,0,0,0,0,0,0,0,0
3601,0,0,0,0,0,0,0,0,0,0,0,0,0,0,0,0,0,0,0,0,0,0,0,0,0,0,0,0,0,0,0,0,0,0,0,0,0,0,0,0,0,0,0,0,0,0,0,0,0,0,0,0,0,0,0,0,0,0,0,0,0,0,0,0,0,0,0,0,0,0,0,0,0,0,0,0,0,0,0,0,0,0,0,0,0,0,0,0,0,0,0,0,0,0,0,0,0,0,0,0,0,0,0,0,0,0,0,0,0,0,0,0,0,0,0,0,0,0,0,0,0,0,0,0,0,0,0,0,0,0,0,0,0,0,0,0,0,0,0,0,0,0,0,0,0,0,0,0,0,0,0,0,0,0,0,0,0,0,0,0,0,0,0,0,0,0,0,0,0,0,0,0,0,0,0,0,0,0,0,0,0,0,0,0,0,0,0,0,0,0,0,0,0,0,0,0,0,0,0,0
3602,0,0,0,0,0,0,0,0,0,0,0,0,0,0,0,0,0,0,0,0,0,0,0,0,0,0,0,0,0,0,0,0,0,0,0,0,0,0,0,0,0,0,0,0,0,0,0,0,0,0,0,0,0,0,0,0,0,0,0,0,0,0,0,0,0,0,0,0,0,0,0,0,0,0,0,0,0,0,0,0,0,0,0,0,0,0,0,0,0,0,0,0,0,0,0,0,0,0,0,0,0,0,0,0,0,0,0,0,0,0,0,0,0,0,0,0,0,0,0,0,0,0,0,0,0,0,0,0,0,0,0,0,0,0,0,0,0,0,0,0,0,0,0,0,0,0,0,0,0,0,0,0,0,0,0,0,0,0,0,0,0,0,0,0,0,0,0,0,0,0,0,0,0,0,0,0,0,0,0,0,0,0,0,0,0,0,0,0,0,0,0,0,0,0,0,0,0,0,0,0
3603,0,0,0,0,0,0,0,0,0,0,0,0,0,0,0,0,0,0,0,0,0,0,0,0,0,0,0,0,0,0,0,0,0,0,0,0,0,0,0,0,0,0,0,0,0,0,0,0,0,0,0,0,0,0,0,0,0,0,0,0,0,0,0,0,0,0,0,0,0,0,0,0,0,0,0,0,0,0,0,0,0,0,0,0,0,0,0,0,0,0,0,0,0,0,0,0,0,0,0,0,0,0,0,0,0,0,0,0,0,0,0,0,0,0,0,0,0,0,0,0,0,0,0,0,0,0,0,0,0,0,0,0,0,0,0,0,0,0,0,0,0,0,0,0,0,0,0,0,0,0,0,0,0,0,0,0,0,0,0,0,0,0,0,0,0,0,0,0,0,0,0,0,0,0.0000000000,0,0,0,0,0,0,0,0,0,0,0,0,0,0,0,0,0,0,0,0,0,0,0,0,0,0
3604,0,0,0,0,0,0,0,0,0,0,0,0,0,0,0,0,0,0,0,0,0,0,0,0,0,0,0,0,0,0,0,0,0,0,0,0,0,0,0,0,0,0,0,0,0,0,0,0,0,0,0,0,0,0,0,0,0,0,0,0,0,0,0,0,0,0,0,0,0,0,0,0,0,0,0,0,0,0,0,0,0,0,0,0,0,0,0,0,0,0,0,0,0,0,0,0,0,0,0,0,0,0,0,0,0,0,0,0,0,0,0,0,0,0,0,0,0,0,0,0,0,0,0,0,0,0,0,0,0,0,0,0,0,0,0,0,0,0,0,0,0,0,0,0,0,0,0,0,0,0,0,0,0,0,0,0,0,0,0,0,0,0,0,0,0,0,0,0,0,0,0,0,0,0,0,0,0,0,0,0,0,0,0,0,0,0,0,0,0,0,0,0,0,0,0,0,0,0,0,0
3605,0,0,0,0,0,0,0,0,0,0,0,0,0,0,0,0,0,0,0,0,0,0,0,0,0,0,0,0,0,0,0,0,0,0,0,0,0,0,0,0,0,0,0,0,0,0,0,0,0,0,0,0,0,0,0,0,0,0,0,0,0,0,0,0,0,0,0,0,0,0,0,0,0,0,0,0,0,0,0,0,0,0,0,0,0,0,0,0,0,0,0,0,0,0,0,0,0,0,0,0,0,0,0,0,0,0,0,0,0,0,0,0,0,0,0,0,0,0,0,0,0,0,0,0,0,0,0,0,0,0,0,0,0,0,0,0,0,0,0,0,0,0,0,0,0,0,0,0,0,0,0,0,0,0,0,0,0,0,0,0,0,0,0,0,0,0,0,0,0,0,0,0,0,0,0,0,0,0,0,0,0,0,0,0,0,0,0,0,0,0,0,0,0,0,0,0,0,0,0,0
3606,0,0,0,0,0,0,0,0,0,0,0,0,0,0,0,0,0,0,0,0,0,0,0,0,0,0,0,0,0,0,0,0,0,0,0,0,0,0,0,0,0,0,0,0,0,0,0,0,0,0,0,0,0,0,0,0,0,0,0,0,0,0,0,0,0,0,0,0,0,0,0,0,0,0,0,0,0,0,0,0,0,0,0,0,0,0,0,0,0,0,0,0,0,0,0,0,0,0,0,0,0,0,0,0,0,0,0,0,0,0,0,0,0,0,0,0,0,0,0,0,0,0,0,0,0,0,0,0,0,0,0,0,0,0,0,0,0,0,0,0,0,0,0,0,0,0,0,0,0,0,0,0,0,0,0,0,0,0,0,0,0,0,0,0,0,0,0,0,0,0,0,0,0,0,0,0,0,0,0,0,0,0,0,0,0,0,0,0,0,0,0,0,0,0,0,0,0,0,0,0
3607,0,0,0,0,0,0,0,0,0,0,0,0,0,0,0,0,0,0,0,0,0,0,0,0,0,0,0,0,0,0,0,0,0,0,0,0,0,0,0,0,0,0,0,0,0,0,0,0,0,0,0,0,0,0,0,0,0,0,0,0,0,0,0,0,0,0,0,0,0,0,0,0,0,0,0,0,0,0,0,0,0,0,0,0,0,0,0,0,0,0,0,0,0,0,0,0,0,0,0,0,0,0,0,0,0,0,0,0,0,0,0,0,0,0,0,0,0,0,0,0,0,0,0,0,0,0,0,0,0,0,0,0,0,0,0,0,0,0,0,0,0,0,0,0,0,0,0,0,0,0,0,0,0,0,0,0,0,0,0,0,0,0,0,0,0,0,0,0,0,0,0,0,0,0,0,0,0,0,0,0,0,0,0,0,0,0,0,0,0,0,0,0,0,0,0,0,0,0,0,0
3608,0,0,0,0,0,0,0,0,0,0,0,0,0,0,0,0,0,0,0,0,0,0,0,0,0,0,0,0,0,0,0,0,0,0,0,0,0,0,0,0,0,0,0,0,0,0,0,0,0,0,0,0,0,0,0,0,0,0,0,0,0,0,0,0,0,0,0,0,0,0,0,0,0,0,0,0,0,0,0,0,0,0,0,0,0,0,0,0,0,0,0,0,0,0,0,0,0,0,0,0,0,0,0,0,0,0,0,0,0,0,0,0,0,0,0,0,0,0,0,0,0,0,0,0,0,0,0,0,0,0,0,0,0,0,0,0,0,0,0,0,0,0,0,0,0,0,0,0,0,0,0,0,0,0,0,0,0,0,0,0,0,0,0,0,0,0,0,0,0,0,0,0,0,0,0,0,0,0,0,0,0,0,0,0,0,0,0,0,0,0,0,0,0,0,0,0,0,0,0,0
3609,0,0,0,0,0,0,0,0,0,0,0,0,0,0,0,0,0,0,0,0,0,0,0,0,0,0,0,0,0,0,0,0,0,0,0,0,0,0,0,0,0,0,0,0,0,0,0,0,0,0,0,0,0,0,0,0,0,0,0,0,0,0,0,0,0,0,0,0,0,0,0,0,0,0,0,0,0,0,0,0,0,0,0,0,0,0,0,0,0,0,0,0,0,0,0,0,0,0,0,0,0,0,0,0,0,0,0,0,0,0,0,0,0,0,0,0,0,0,0,0,0,0,0,0,0,0,0,0,0,0,0,0,0,0,0,0,0,0,0,0,0,0,0,0,0,0,0,0,0,0,0,0,0,0,0,0,0,0,0,0,0,0,0,0,0,0,0,0,0,0,0,0,0,0,0,0,0,0,0,0,0,0,0,0,0,0,0,0,0,0,0,0,0,0,0,0,0,0,0,0
3610,0,0,0,0,0,0,0,0,0,0,0,0,0,0,0,0,0,0,0,0,0,0,0,0,0,0,0,0,0,0,0,0,0,0,0,0,0,0,0,0,0,0,0,0,0,0,0,0,0,0,0,0,0,0,0,0,0,0,0,0,0,0,0,0,0,0,0,0,0,0,0,0,0,0,0,0,0,0,0,0,0,0,0,0,0,0,0,0,0,0,0,0,0,0,0,0,0,0,0,0,0,0,0,0,0,0,0,0,0,0,0,0,0,0,0,0,0,0,0,0,0,0,0,0,0,0,0,0,0,0,0,0,0,0,0,0,0,0,0,0,0,0,0,0,0,0,0,0,0,0,0,0,0,0,0,0,0,0,0,0,0,0,0,0,0,0,0,0,0,0,0,0,0,0,0,0,0,0,0,0,0,0,0,0,0,0,0,0,0,0,0,0,0,0,0,0,0,0,0,0
3611,0,0,0,0,0,0,0,0,0,0,0,0,0,0,0,0,0,0,0,0,0,0,0,0,0,0,0,0,0,0,0,0,0,0,0,0,0,0,0,0,0,0,0,0,0,0,0,0,0,0,0,0,0,0,0,0,0,0,0,0,0,0,0,0,0,0,0,0,0,0,0,0,0,0,0,0,0,0,0,0,0,0,0,0,0,0,0,0,0,0,0,0,0,0,0,0,0,0,0,0,0,0,0,0,0,0,0,0,0,0,0,0,0,0,0,0,0,0,0,0,0,0,0,0,0,0,0,0,0,0,0,0,0,0,0,0,0,0,0,0,0,0,0,0,0,0,0,0,0,0,0,0,0,0,0,0,0,0,0,0,0,0,0,0,0,0,0,0,0,0,0,0,0,0,0,0,0,0,0,0,0,0,0,0,0,0,0,0,0,0,0,0,0,0,0,0,0,0,0,0
3612,0,0,0,0,0,0,0,0,0,0,0,0,0,0,0,0,0,0,0,0,0,0,0,0,0,0,0,0,0,0,0,0,0,0,0,0,0,0,0,0,0,0,0,0,0,0,0,0,0,0,0,0,0,0,0,0,0,0,0,0,0,0,0,0,0,0,0,0,0,0,0,0,0,0,0,0,0,0,0,0,0,0,0,0,0,0,0,0,0,0,0,0,0,0,0,0,0,0,0,0,0,0,0,0,0,0,0,0,0,0,0,0,0,0,0,0,0,0,0,0,0,0,0,0,0,0,0,0,0,0,0,0,0,0,0,0,0,0,0,0,0,0,0,0,0,0,0,0,0,0,0,0,0,0,0,0,0,0,0,0,0,0,0,0,0,0,0,0,0,0,0,0,0,0,0,0,0,0,0,0,0,0,0,0,0,0,0,0,0,0,0,0,0,0,0,0,0,0,0,0
3613,0,0,0,0,0,0,0,0,0,0,0,0,0,0,0,0,0,0,0,0,0,0,0,0,0,0,0,0,0,0,0,0,0,0,0,0,0,0,0,0,0,0,0,0,0,0,0,0,0,0,0,0,0,0,0,0,0,0,0,0,0,0,0,0,0,0,0,0,0,0,0,0,0,0,0,0,0,0,0,0,0,0,0,0,0,0,0,0,0,0,0,0,0,0,0,0,0,0,0,0,0,0,0,0,0,0,0,0,0,0,0,0,0,0,0,0,0,0,0,0,0,0,0,0,0,0,0,0,0,0,0,0,0,0,0,0,0,0,0,0,0,0,0,0,0,0,0,0,0,0,0,0,0,0,0,0,0,0,0,0,0,0,0,0,0,0,0,0,0,0,0,0,0,0,0,0,0,0,0,0,0,0,0,0,0,0,0,0,0,0,0,0,0,0,0,0,0,0,0,0
3614,0,0,0,0,0,0,0,0,0,0,0,0,0,0,0,0,0,0,0,0,0,0,0,0,0,0,0,0,0,0,0,0,0,0,0,0,0,0,0,0,0,0,0,0,0,0,0,0,0,0,0,0,0,0,0,0,0,0,0,0,0,0,0,0,0,0,0,0,0,0,0,0,0,0,0,0,0,0,0,0,0,0,0,0,0,0,0,0,0,0,0,0,0,0,0,0,0,0,0,0,0,0,0,0,0,0,0,0,0,0,0,0,0,0,0,0,0,0,0,0,0,0,0,0,0,0,0,0,0,0,0,0,0,0,0,0,0,0,0,0,0,0,0,0,0,0,0,0,0,0,0,0,0,0,0,0,0,0,0,0,0,0,0,0,0,0,0,0,0,0,0,0,0,0,0,0,0,0,0,0,0,0,0,0,0,0,0,0,0,0,0,0,0,0,0,0,0,0,0,0
3615,0,0,0,0,0,0,0,0,0,0,0,0,0,0,0,0,0,0,0,0,0,0,0,0,0,0,0,0,0,0,0,0,0,0,0,0,0,0,0,0,0,0,0,0,0,0,0,0,0,0,0,0,0,0,0,0,0,0,0,0,0,0,0,0,0,0,0,0,0,0,0,0,0,0,0,0,0,0,0,0,0,0,0,0,0,0,0,0,0,0,0,0,0,0,0,0,0,0,0,0,0,0,0,0,0,0,0,0,0,0,0,0,0,0,0,0,0,0,0,0,0,0,0,0,0,0,0,0,0,0,0,0,0,0,0,0,0,0,0,0,0,0,0,0,0,0,0,0,0,0,0,0,0,0,0,0,0,0,0,0,0,0,0,0,0,0,0,0,0,0,0,0,0,0,0,0,0,0,0,0,0,0,0,0,0,0,0,0,0,0,0,0,0,0,0,0,0,0,0,0
3616,0,0,0,0,0,0,0,0,0,0,0,0,0,0,0,0,0,0,0,0,0,0,0,0,0,0,0,0,0,0,0,0,0,0,0,0,0,0,0,0,0,0,0,0,0,0,0,0,0,0,0,0,0,0,0,0,0,0,0,0,0,0,0,0,0,0,0,0,0,0,0,0,0,0,0,0,0,0,0,0,0,0,0,0,0,0,0,0,0,0,0,0,0,0,0,0,0,0,0,0,0,0,0,0,0,0,0,0,0,0,0,0,0,0,0,0,0,0,0,0,0,0,0,0,0,0,0,0,0,0,0,0,0,0,0,0,0,0,0,0,0,0,0,0,0,0,0,0,0,0,0,0,0,0,0,0,0,0,0,0,0,0,0,0,0,0,0,0,0,0,0,0,0,0,0,0,0,0,0,0,0,0,0,0,0,0,0,0,0,0,0,0,0,0,0,0,0,0,0,0
3617,0,0,0,0,0,0,0,0,0,0,0,0,0,0,0,0,0,0,0,0,0,0,0,0,0,0,0,0,0,0,0,0,0,0,0,0,0,0,0,0,0,0,0,0,0,0,0,0,0,0,0,0,0,0,0,0,0,0,0,0,0,0,0,0,0,0,0,0,0,0,0,0,0,0,0,0,0,0,0,0,0,0,0,0,0,0,0,0,0,0,0,0,0,0,0,0,0,0,0,0,0,0,0,0,0,0,0,0,0,0,0,0,0,0,0,0,0,0,0,0,0,0,0,0,0,0,0,0,0,0,0,0,0,0,0,0,0,0,0,0,0,0,0,0,0,0,0,0,0,0,0,0,0,0,0,0,0,0,0,0,0,0,0,0,0,0,0,0,0,0,0,0,0,0,0,0,0,0,0,0,0,0,0,0,0,0,0,0,0,0,0,0,0,0,0,0,0,0,0,0
3618,0,0,0,0,0,0,0,0,0,0,0,0,0,0,0,0,0,0,0,0,0,0,0,0,0,0,0,0,0,0,0,0,0,0,0,0,0,0,0,0,0,0,0,0,0,0,0,0,0,0,0,0,0,0,0,0,0,0,0,0,0,0,0,0,0,0,0,0,0,0,0,0,0,0,0,0,0,0,0,0,0,0,0,0,0,0,0,0,0,0,0,0,0,0,0,0,0,0,0,0,0,0,0,0,0,0,0,0,0,0,0,0,0,0,0,0,0,0,0,0,0,0,0,0,0,0,0,0,0,0,0,0,0,0,0,0,0,0,0,0,0,0,0,0,0,0,0,0,0,0,0,0,0,0,0,0,0,0,0,0,0,0,0,0,0,0,0,0,0,0,0,0,0,0,0,0,0,0,0,0,0,0,0,0,0,0,0,0,0,0,0,0,0,0,0,0,0,0,0,0
3619,0,0,0,0,0,0,0,0,0,0,0,0,0,0,0,0,0,0,0,0,0,0,0,0,0,0,0,0,0,0,0,0,0,0,0,0,0,0,0,0,0,0,0,0,0,0,0,0,0,0,0,0,0,0,0,0,0,0,0,0,0,0,0,0,0,0,0,0,0,0,0,0,0,0,0,0,0,0,0,0,0,0,0,0,0,0,0,0,0,0,0,0,0,0,0,0,0,0,0,0,0,0,0,0,0,0,0,0,0,0,0,0,0,0,0,0,0,0,0,0,0,0,0,0,0,0,0,0,0,0,0,0,0,0,0,0,0,0,0,0,0,0,0,0,0,0,0,0,0,0,0,0,0,0,0,0,0,0,0,0,0,0,0,0,0,0,0,0,0,0,0,0,0,0,0,0,0,0,0,0,0,0,0,0,0,0,0,0,0,0,0,0,0,0,0,0,0,0,0,0
3620,0,0,0,0,0,0,0,0,0,0,0,0,0,0,0,0,0,0,0,0,0,0,0,0,0,0,0,0,0,0,0,0,0,0,0,0,0,0,0,0,0,0,0,0,0,0,0,0,0,0,0,0,0,0,0,0,0,0,0,0,0,0,0,0,0,0,0,0,0,0,0,0,0,0,0,0,0,0,0,0,0,0,0,0,0,0,0,0,0,0,0,0,0,0,0,0,0,0,0,0,0,0,0,0,0,0,0,0,0,0,0,0,0,0,0,0,0,0,0,0,0,0,0,0,0,0,0,0,0,0,0,0,0,0,0,0,0,0,0,0,0,0,0,0,0,0,0,0,0,0,0,0,0,0,0,0,0,0,0,0,0,0,0,0,0,0,0,0,0,0,0,0,0,0,0,0,0,0,0,0,0,0,0,0,0,0,0,0,0,0,0,0,0,0,0,0,0,0,0,0
3621,0,0,0,0,0,0,0,0,0,0,0,0,0,0,0,0,0,0,0,0,0,0,0,0,0,0,0,0,0,0,0,0,0,0,0,0,0,0,0,0,0,0,0,0,0,0,0,0,0,0,0,0,0,0,0,0,0,0,0,0,0,0,0,0,0,0,0,0,0,0,0,0,0,0,0,0,0,0,0,0,0,0,0,0,0,0,0,0,0,0,0,0,0,0,0,0,0,0,0,0,0,0,0,0,0,0,0,0,0,0,0,0,0,0,0,0,0,0,0,0,0,0,0,0,0,0,0,0,0,0,0,0,0,0,0,0,0,0,0,0,0,0,0,0,0,0,0,0,0,0,0,0,0,0,0,0,0,0,0,0,0,0,0,0,0,0,0,0,0,0,0,0,0,0,0,0,0,0,0,0,0,0,0,0,0,0,0,0,0,0,0,0,0,0,0,0,0,0,0,0
3622,0,0,0,0,0,0,0,0,0,0,0,0,0,0,0,0,0,0,0,0,0,0,0,0,0,0,0,0,0,0,0,0,0,0,0,0,0,0,0,0,0,0,0,0,0,0,0,0,0,0,0,0,0,0,0,0,0,0,0,0,0,0,0,0,0,0,0,0,0,0,0,0,0,0,0,0,0,0,0,0,0,0,0,0,0,0,0,0,0,0,0,0,0,0,0,0,0,0,0,0,0,0,0,0,0,0,0,0,0,0,0,0,0,0,0,0,0,0,0,0,0,0,0,0,0,0,0,0,0,0,0,0,0,0,0,0,0,0,0,0,0,0,0,0,0,0,0,0,0,0,0,0,0,0,0,0,0,0,0,0,0,0,0,0,0,0,0,0,0,0,0,0,0,0,0,0,0,0,0,0,0,0,0,0,0,0,0,0,0,0,0,0,0,0,0,0,0,0,0,0
3623,0,0,0,0,0,0,0,0,0,0,0,0,0,0,0,0,0,0,0,0,0,0,0,0,0,0,0,0,0,0,0,0,0,0,0,0,0,0,0,0,0,0,0,0,0,0,0,0,0,0,0,0,0,0,0,0,0,0,0,0,0,0,0,0,0,0,0,0,0,0,0,0,0,0,0,0,0,0,0,0,0,0,0,0,0,0,0,0,0,0,0,0,0,0,0,0,0,0,0,0,0,0,0,0,0,0,0,0,0,0,0,0,0,0,0,0,0,0,0,0,0,0,0,0,0,0,0,0,0,0,0,0,0,0,0,0,0,0,0,0,0,0,0,0,0,0,0,0,0,0,0,0,0,0,0,0,0,0,0,0,0,0,0,0,0,0,0,0,0,0,0,0,0,0,0,0,0,0,0,0,0,0,0,0,0,0,0,0,0,0,0,0,0,0,0,0,0,0,0,0
3624,0,0,0,0,0,0,0,0,0,0,0,0,0,0,0,0,0,0,0,0,0,0,0,0,0,0,0,0,0,0,0,0,0,0,0,0,0,0,0,0,0,0,0,0,0,0,0,0,0,0,0,0,0,0,0,0,0,0,0,0,0,0,0,0,0,0,0,0,0,0,0,0,0,0,0,0,0,0,0,0,0,0,0,0,0,0,0,0,0,0,0,0,0,0,0,0,0,0,0,0,0,0,0,0,0,0,0,0,0,0,0,0,0,0,0,0,0,0,0,0,0,0,0,0,0,0,0,0,0,0,0,0,0,0,0,0,0,0,0,0,0,0,0,0,0,0,0,0,0,0,0,0,0,0,0,0,0,0,0,0,0,0,0,0,0,0,0,0,0,0,0,0,0,0,0,0,0,0,0,0,0,0,0,0,0,0,0,0,0,0,0,0,0,0,0,0,0,0,0,0
3625,0,0,0,0,0,0,0,0,0,0,0,0,0,0,0,0,0,0,0,0,0,0,0,0,0,0,0,0,0,0,0,0,0,0,0,0,0,0,0,0,0,0,0,0,0,0,0,0,0,0,0,0,0,0,0,0,0,0,0,0,0,0,0,0,0,0,0,0,0,0,0,0,0,0,0,0,0,0,0,0,0,0,0,0,0,0,0,0,0,0,0,0,0,0,0,0,0,0,0,0,0,0,0,0,0,0,0,0,0,0,0,0,0,0,0,0,0,0,0,0,0,0,0,0,0,0,0,0,0,0,0,0,0,0,0,0,0,0,0,0,0,0,0,0,0,0,0,0,0,0,0,0,0,0,0,0,0,0,0,0,0,0,0,0,0,0,0,0,0,0,0,0,0,0,0,0,0,0,0,0,0,0,0,0,0,0,0,0,0,0,0,0,0,0,0,0,0,0,0,0
3626,0,0,0,0,0,0,0,0,0,0,0,0,0,0,0,0,0,0,0,0,0,0,0,0,0,0,0,0,0,0,0,0,0,0,0,0,0,0,0,0,0,0,0,0,0,0,0,0,0,0,0,0,0,0,0,0,0,0,0,0,0,0,0,0,0,0,0,0,0,0,0,0,0,0,0,0,0,0,0,0,0,0,0,0,0,0,0,0,0,0,0,0,0,0,0,0,0,0,0,0,0,0,0,0,0,0,0,0,0,0,0,0,0,0,0,0,0,0,0,0,0,0,0,0,0,0,0,0,0,0,0,0,0,0,0,0,0,0,0,0,0,0,0,0,0,0,0,0,0,0,0,0,0,0,0,0,0,0,0,0,0,0,0,0,0,0,0,0,0,0,0,0,0,0,0,0,0,0,0,0,0,0,0,0,0,0,0,0,0,0,0,0,0,0,0,0,0,0,0,0
3627,0,0,0,0,0,0,0,0,0,0,0,0,0,0,0,0,0,0,0,0,0,0,0,0,0,0,0,0,0,0,0,0,0,0,0,0,0,0,0,0,0,0,0,0,0,0,0,0,0,0,0,0,0,0,0,0,0,0,0,0,0,0,0,0,0,0,0,0,0,0,0,0,0,0,0,0,0,0,0,0,0,0,0,0,0,0,0,0,0,0,0,0,0,0,0,0,0,0,0,0,0,0,0,0,0,0,0,0,0,0,0,0,0,0,0,0,0,0,0,0,0,0,0,0,0,0,0,0,0,0,0,0,0,0,0,0,0,0,0,0,0,0,0,0,0,0,0,0,0,0,0,0,0,0,0,0,0,0,0,0,0,0,0,0,0,0,0,0,0,0,0,0,0,0,0,0,0,0,0,0,0,0,0,0,0,0,0,0,0,0,0,0,0,0,0,0,0,0,0,0
3628,0,0,0,0,0,0,0,0,0,0,0,0,0,0,0,0,0,0,0,0,0,0,0,0,0,0,0,0,0,0,0,0,0,0,0,0,0,0,0,0,0,0,0,0,0,0,0,0,0,0,0,0,0,0,0,0,0,0,0,0,0,0,0,0,0,0,0,0,0,0,0,0,0,0,0,0,0,0,0,0,0,0,0,0,0,0,0,0,0,0,0,0,0,0,0,0,0,0,0,0,0,0,0,0,0,0,0,0,0,0,0,0,0,0,0,0,0,0,0,0,0,0,0,0,0,0,0,0,0,0,0,0,0,0,0,0,0,0,0,0,0,0,0,0,0,0,0,0,0,0,0,0,0,0,0,0,0,0,0,0,0,0,0,0,0,0,0,0,0,0,0,0,0,0,0,0,0,0,0,0,0,0,0,0,0,0,0,0,0,0,0,0,0,0,0,0,0,0,0,0
3629,0,0,0,0,0,0,0,0,0,0,0,0,0,0,0,0,0,0,0,0,0,0,0,0,0,0,0,0,0,0,0,0,0,0,0,0,0,0,0,0,0,0,0,0,0,0,0,0,0,0,0,0,0,0,0,0,0,0,0,0,0,0,0,0,0,0,0,0,0,0,0,0,0,0,0,0,0,0,0,0,0,0,0,0,0,0,0,0,0,0,0,0,0,0,0,0,0,0,0,0,0,0,0,0,0,0,0,0,0,0,0,0,0,0,0,0,0,0,0,0,0,0,0,0,0,0,0,0,0,0,0,0,0,0,0,0,0,0,0,0,0,0,0,0,0,0,0,0,0,0,0,0,0,0,0,0,0,0,0,0,0,0,0,0,0,0,0,0,0,0,0,0,0,0,0,0,0,0,0,0,0,0,0,0,0,0,0,0,0,0,0,0,0,0,0,0,0,0,0,0
3630,0,0,0,0,0,0,0,0,0,0,0,0,0,0,0,0,0,0,0,0,0,0,0,0,0,0,0,0,0,0,0,0,0,0,0,0,0,0,0,0,0,0,0,0,0,0,0,0,0,0,0,0,0,0,0,0,0,0,0,0,0,0,0,0,0,0,0,0,0,0,0,0,0,0,0,0,0,0,0,0,0,0,0,0,0,0,0,0,0,0,0,0,0,0,0,0,0,0,0,0,0,0,0,0,0,0,0,0,0,0,0,0,0,0,0,0,0,0,0,0,0,0,0,0,0,0,0,0,0,0,0,0,0,0,0,0,0,0,0,0,0,0,0,0,0,0,0,0,0,0,0,0,0,0,0,0,0,0,0,0,0,0,0,0,0,0,0,0,0,0,0,0,0,0,0,0,0,0,0,0,0,0,0,0,0,0,0,0,0,0,0,0,0,0,0,0,0,0,0,0
3631,0,0,0,0,0,0,0,0,0,0,0,0,0,0,0,0,0,0,0,0,0,0,0,0,0,0,0,0,0,0,0,0,0,0,0,0,0,0,0,0,0,0,0,0,0,0,0,0,0,0,0,0,0,0,0,0,0,0,0,0,0,0,0,0,0,0,0,0,0,0,0,0,0,0,0,0,0,0,0,0,0,0,0,0,0,0,0,0,0,0,0,0,0,0,0,0,0,0,0,0,0,0,0,0,0,0,0,0,0,0,0,0,0,0,0,0,0,0,0,0,0,0,0,0,0,0,0,0,0,0,0,0,0,0,0,0,0,0,0,0,0,0,0,0,0,0,0,0,0,0,0,0,0,0,0,0,0,0,0,0,0,0,0,0,0,0,0,0,0,0,0,0,0,0,0,0,0,0,0,0,0,0,0,0,0,0,0,0,0,0,0,0,0,0,0,0,0,0,0,0
3632,0,0,0,0,0,0,0,0,0,0,0,0,0,0,0,0,0,0,0,0,0,0,0,0,0,0,0,0,0,0,0,0,0,0,0,0,0,0,0,0,0,0,0,0,0,0,0,0,0,0,0,0,0,0,0,0,0,0,0,0,0,0,0,0,0,0,0,0,0,0,0,0,0,0,0,0,0,0,0,0,0,0,0,0,0,0,0,0,0,0,0,0,0,0,0,0,0,0,0,0,0,0,0,0,0,0,0,0,0,0,0,0,0,0,0,0,0,0,0,0,0,0,0,0,0,0,0,0,0,0,0,0,0,0,0,0,0,0,0,0,0,0,0,0,0,0,0,0,0,0,0,0,0,0,0,0,0,0,0,0,0,0,0,0,0,0,0,0,0,0,0,0,0,0,0,0,0,0,0,0,0,0,0,0,0,0,0,0,0,0,0,0,0,0,0,0,0,0,0,0
3633,0,0,0,0,0,0,0,0,0,0,0,0,0,0,0,0,0,0,0,0,0,0,0,0,0,0,0,0,0,0,0,0,0,0,0,0,0,0,0,0,0,0,0,0,0,0,0,0,0,0,0,0,0,0,0,0,0,0,0,0,0,0,0,0,0,0,0,0,0,0,0,0,0,0,0,0,0,0,0,0,0,0,0,0,0,0,0,0,0,0,0,0,0,0,0,0,0,0,0,0,0,0,0,0,0,0,0,0,0,0,0,0,0,0,0,0,0,0,0,0,0,0,0,0,0,0,0,0,0,0,0,0,0,0,0,0,0,0,0,0,0,0,0,0,0,0,0,0,0,0,0,0,0,0,0,0,0,0,0,0,0,0,0,0,0,0,0,0,0,0,0,0,0,0,0,0,0,0,0,0,0,0,0,0,0,0,0,0,0,0,0,0,0,0,0,0,0,0,0,0
3634,0,0,0,0,0,0,0,0,0,0,0,0,0,0,0,0,0,0,0,0,0,0,0,0,0,0,0,0,0,0,0,0,0,0,0,0,0,0,0,0,0,0,0,0,0,0,0,0,0,0,0,0,0,0,0,0,0,0,0,0,0,0,0,0,0,0,0,0,0,0,0,0,0,0,0,0,0,0,0,0,0,0,0,0,0,0,0,0,0,0,0,0,0,0,0,0,0,0,0,0,0,0,0,0,0,0,0,0,0,0,0,0,0,0,0,0,0,0,0,0,0,0,0,0,0,0,0,0,0,0,0,0,0,0,0,0,0,0,0,0,0,0,0,0,0,0,0,0,0,0,0,0,0,0,0,0,0,0,0,0,0,0,0,0,0,0,0,0,0,0,0,0,0,0,0,0,0,0,0,0,0,0,0,0,0,0,0,0,0,0,0,0,0,0,0,0,0,0,0,0
3635,0,0,0,0,0,0,0,0,0,0,0,0,0,0,0,0,0,0,0,0,0,0,0,0,0,0,0,0,0,0,0,0,0,0,0,0,0,0,0,0,0,0,0,0,0,0,0,0,0,0,0,0,0,0,0,0,0,0,0,0,0,0,0,0,0,0,0,0,0,0,0,0,0,0,0,0,0,0,0,0,0,0,0,0,0,0,0,0,0,0,0,0,0,0,0,0,0,0,0,0,0,0,0,0,0,0,0,0,0,0,0,0,0,0,0,0,0,0,0,0,0,0,0,0,0,0,0,0,0,0,0,0,0,0,0,0,0,0,0,0,0,0,0,0,0,0,0,0,0,0,0,0,0,0,0,0,0,0,0,0,0,0,0,0,0,0,0,0,0,0,0,0,0,0,0,0,0,0,0,0,0,0,0,0,0,0,0,0,0,0,0,0,0,0,0,0,0,0,0,0
3636,0,0,0,0,0,0,0,0,0,0,0,0,0,0,0,0,0,0,0,0,0,0,0,0,0,0,0,0,0,0,0,0,0,0,0,0,0,0,0,0,0,0,0,0,0,0,0,0,0,0,0,0,0,0,0,0,0,0,0,0,0,0,0,0,0,0,0,0,0,0,0,0,0,0,0,0,0,0,0,0,0,0,0,0,0,0,0,0,0,0,0,0,0,0,0,0,0,0,0,0,0,0,0,0,0,0,0,0,0,0,0,0,0,0,0,0,0,0,0,0,0,0,0,0,0,0,0,0,0,0,0,0,0,0,0,0,0,0,0,0,0,0,0,0,0,0,0,0,0,0,0,0,0,0,0,0,0,0,0,0,0,0,0,0,0,0,0,0,0,0,0,0,0,0,0,0,0,0,0,0,0,0,0,0,0,0,0,0,0,0,0,0,0,0,0,0,0,0,0,0
3637,0,0,0,0,0,0,0,0,0,0,0,0,0,0,0,0,0,0,0,0,0,0,0,0,0,0,0,0,0,0,0,0,0,0,0,0,0,0,0,0,0,0,0,0,0,0,0,0,0,0,0,0,0,0,0,0,0,0,0,0,0,0,0,0,0,0,0,0,0,0,0,0,0,0,0,0,0,0,0,0,0,0,0,0,0,0,0,0,0,0,0,0,0,0,0,0,0,0,0,0,0,0,0,0,0,0,0,0,0,0,0,0,0,0,0,0,0,0,0,0,0,0,0,0,0,0,0,0,0,0,0,0,0,0,0,0,0,0,0,0,0,0,0,0,0,0,0,0,0,0,0,0,0,0,0,0,0,0,0,0,0,0,0,0,0,0,0,0,0,0,0,0,0,0,0,0,0,0,0,0,0,0,0,0,0,0,0,0,0,0,0,0,0,0,0,0,0,0,0,0
3638,0,0,0,0,0,0,0,0,0,0,0,0,0,0,0,0,0,0,0,0,0,0,0,0,0,0,0,0,0,0,0,0.0000000000,0,0,0,0,0,0,0,0,0,0,0,0,0,0,0,0,0,0,0,0,0,0,0,0,0,0,0,0,0,0,0,0,0,0,0,0,0,0,0,0,0,0,0,0,0,0,0,0,0,0,0,0,0,0,0,0,0,0,0,0,0,0,0,0,0,0,0,0,0,0,0,0,0,0,0,0,0,0,0,0,0,0,0,0,0,0,0,0,0,0,0,0,0,0,0,0,0,0,0,0,0,0,0,0,0,0,0,0,0,0,0,0,0,0,0,0,0,0,0,0,0,0,0,0,0,0,0,0,0,0,0,0,0,0,0,0,0,0,0,0,0,0,0,0,0,0,0,0,0,0,0,0,0,0,0,0,0,0,0,0,0,0,0,0,0,0,0,0
3639,0,0,0,0,0,0,0,0,0,0,0,0,0,0,0,0,0,0,0,0,0,0,0,0,0,0,0,0,0,0,0,0,0,0,0,0,0,0,0,0,0,0,0,0,0,0,0,0,0,0,0,0,0,0,0,0,0,0,0,0,0,0,0,0,0,0,0,0,0,0,0,0,0,0,0,0,0,0,0,0,0,0,0,0,0,0,0,0,0,0,0,0,0,0,0,0,0,0,0,0,0,0,0,0,0,0,0,0,0,0,0,0,0,0,0,0,0,0,0,0,0,0,0,0,0,0,0,0,0,0,0,0,0,0,0,0,0,0,0,0,0,0,0,0,0,0,0,0,0,0,0,0,0,0,0,0,0,0,0,0,0,0,0,0,0,0,0,0,0,0,0,0,0,0,0,0,0,0,0,0,0,0,0,0,0,0,0,0,0,0,0,0,0,0,0,0,0,0,0,0
3640,0,0,0,0,0,0,0,0,0,0,0,0,0,0,0,0,0,0,0,0,0,0,0,0,0,0,0,0,0,0,0,0,0,0,0,0,0,0,0,0,0,0,0,0,0,0,0,0,0,0,0,0,0,0,0,0,0,0,0,0,0,0,0,0,0,0,0,0,0,0,0,0,0,0,0,0,0,0,0,0,0,0,0,0,0,0,0,0,0,0,0,0,0,0,0,0,0,0,0,0,0,0,0,0,0,0,0,0,0,0,0,0,0,0,0,0,0,0,0,0,0,0,0,0,0,0,0,0,0,0,0,0,0,0,0,0,0,0,0,0,0,0,0,0,0,0,0,0,0,0,0,0,0,0,0,0,0,0,0,0,0,0,0,0,0,0,0,0,0,0,0,0,0,0,0,0,0,0,0,0,0,0,0,0,0,0,0,0,0,0,0,0,0,0,0,0,0,0,0,0
3641,0,0,0,0,0,0,0,0,0,0,0,0,0,0,0,0,0,0,0,0,0,0,0,0,0,0,0,0,0,0,0,0,0,0,0,0,0,0,0,0,0,0,0,0,0,0,0,0,0,0,0,0,0,0,0,0,0,0,0,0,0,0,0,0,0,0,0,0,0,0,0,0,0,0,0,0,0,0,0,0,0,0,0,0,0,0,0,0,0,0,0,0,0,0,0,0,0,0,0,0,0,0,0,0,0,0,0,0,0,0,0,0,0,0,0,0,0,0,0,0,0,0,0,0,0,0,0,0,0,0,0,0,0,0,0,0,0,0,0,0,0,0,0,0,0,0,0,0,0,0,0,0,0,0,0,0,0,0,0,0,0,0,0,0,0,0,0,0,0,0,0,0,0,0,0,0,0,0,0,0,0,0,0,0,0,0,0,0,0,0,0,0,0,0,0,0,0,0,0,0
3642,0,0,0,0,0,0,0,0,0,0,0,0,0,0,0,0,0,0,0,0,0,0,0,0,0,0,0,0,0,0,0,0,0,0,0,0,0,0,0,0,0,0,0,0,0,0,0,0,0,0,0,0,0,0,0,0,0,0,0,0,0,0,0,0,0,0,0,0,0,0,0,0,0,0,0,0,0,0,0,0,0,0,0,0,0,0,0,0,0,0,0,0,0,0,0,0,0,0,0,0,0,0,0,0,0,0,0,0,0,0,0,0,0,0,0,0,0,0,0,0,0,0,0,0,0,0,0,0,0,0,0,0,0,0,0,0,0,0,0,0,0,0,0,0,0,0,0,0,0,0,0,0,0,0,0,0,0,0,0,0,0,0,0,0,0,0,0,0,0,0,0,0,0,0,0,0,0,0,0,0,0,0,0,0,0,0,0,0,0,0,0,0,0,0,0,0,0,0,0,0
3643,0,0,0,0,0,0,0,0,0,0,0,0,0,0,0,0,0,0,0,0,0,0,0,0,0,0,0,0,0,0,0,0,0,0,0,0,0,0,0,0,0,0,0,0,0,0,0,0,0,0,0,0,0,0,0,0,0,0,0,0,0,0,0,0,0,0,0,0,0,0,0,0,0,0,0,0,0,0,0,0,0,0,0,0,0,0,0,0,0,0,0,0,0,0,0,0,0,0,0,0,0,0,0,0,0,0,0,0,0,0,0,0,0,0,0,0,0,0,0,0,0,0,0,0,0,0,0,0,0,0,0,0,0,0,0,0,0,0,0,0,0,0,0,0,0,0,0,0,0,0,0,0,0,0,0,0,0,0,0,0,0,0,0,0,0,0,0,0,0,0,0,0,0,0,0,0,0,0,0,0,0,0,0,0,0,0,0,0,0,0,0,0,0,0,0,0,0,0,0,0
3644,0,0,0,0,0,0,0,0,0,0,0,0,0,0,0,0,0,0,0,0,0,0,0,0,0,0,0,0,0,0,0,0,0,0,0,0,0,0,0,0,0,0,0,0,0,0,0,0,0,0,0,0,0,0,0,0,0,0,0,0,0,0,0,0,0,0,0,0,0,0,0,0,0,0,0,0,0,0,0,0,0,0,0,0,0,0,0,0,0,0,0,0,0,0,0,0,0,0,0,0,0,0,0,0,0,0,0,0,0,0,0,0,0,0,0,0,0,0,0,0,0,0,0,0,0,0,0,0,0,0,0,0,0,0,0,0,0,0,0,0,0,0,0,0,0,0,0,0,0,0,0,0,0,0,0,0,0,0,0,0,0,0,0,0,0,0,0,0,0,0,0,0,0,0,0,0,0,0,0,0,0,0,0,0,0,0,0,0,0,0,0,0,0,0,0,0,0,0,0,0
3645,0,0,0,0,0,0,0,0,0,0,0,0,0,0,0,0,0,0,0,0,0,0,0,0,0,0,0,0,0,0,0,0,0,0,0,0,0,0,0,0,0,0,0,0,0,0,0,0,0,0,0,0,0,0,0,0,0,0,0,0,0,0,0,0,0,0,0,0,0,0,0,0,0,0,0,0,0,0,0,0,0,0,0,0,0,0,0,0,0,0,0,0,0,0,0,0,0,0,0,0,0,0,0,0,0,0,0,0,0,0,0,0,0,0,0,0,0,0,0,0,0,0,0,0,0,0,0,0,0,0,0,0,0,0,0,0,0,0,0,0,0,0,0,0,0,0,0,0,0,0,0,0,0,0,0,0,0,0,0,0,0,0,0,0,0,0,0,0,0,0,0,0,0,0,0,0,0,0,0,0,0,0,0,0,0,0,0,0,0,0,0,0,0,0,0,0,0,0,0,0
3646,0,0,0,0,0,0,0,0,0,0,0,0,0,0,0,0,0,0,0,0,0,0,0,0,0,0,0,0,0,0,0,0,0,0,0,0,0,0,0,0,0,0,0,0,0,0,0,0,0,0,0,0,0,0,0,0,0,0,0,0,0,0,0,0,0,0,0,0,0,0,0,0,0,0,0,0,0,0,0,0,0,0,0,0,0,0,0,0,0,0,0,0,0,0,0,0,0,0,0,0,0,0,0,0,0,0,0,0,0,0,0,0,0,0,0,0,0,0,0,0,0,0,0,0,0,0,0,0,0,0,0,0,0,0,0,0,0,0,0,0,0,0,0,0,0,0,0,0,0,0,0,0,0,0,0,0,0,0,0,0,0,0,0,0,0,0,0,0,0,0,0,0,0,0,0,0,0,0,0,0,0,0,0,0,0,0,0,0,0,0,0,0,0,0,0,0,0,0,0,0
3647,0,0,0,0,0,0,0,0,0,0,0,0,0,0,0,0,0,0,0,0,0,0,0,0,0,0,0,0,0,0,0,0,0,0,0,0,0,0,0,0,0,0,0,0,0,0,0,0,0,0,0,0,0,0,0,0,0,0,0,0,0,0,0,0,0,0,0,0,0,0,0,0,0,0,0,0,0,0,0,0,0,0,0,0,0,0,0,0,0,0,0,0,0,0,0,0,0,0,0,0,0,0,0,0,0,0,0,0,0,0,0,0,0,0,0,0,0,0,0,0,0,0,0,0,0,0,0,0,0,0,0,0,0,0,0,0,0,0,0,0,0,0,0,0,0,0,0,0,0,0,0,0,0,0,0,0,0,0,0,0,0,0,0,0,0,0,0,0,0,0,0,0,0,0,0,0,0,0,0,0,0,0,0,0,0,0,0,0,0,0,0,0,0,0,0,0,0,0,0,0
3648,0,0,0,0,0,0,0,0,0,0,0,0,0,0,0,0,0,0,0,0,0,0,0,0,0,0,0,0,0,0,0,0,0,0,0,0,0,0,0,0,0,0,0,0,0,0,0,0,0,0,0,0,0,0,0,0,0,0,0,0,0,0,0,0,0,0,0,0,0,0,0,0,0,0,0,0,0,0,0,0,0,0,0,0,0,0,0,0,0,0,0,0,0,0,0,0,0,0,0,0,0,0,0,0,0,0,0,0,0,0,0,0,0,0,0,0,0,0,0,0,0,0,0,0,0,0,0,0,0,0,0,0,0,0,0,0,0,0,0,0,0,0,0,0,0,0,0,0,0,0,0,0,0,0,0,0,0,0,0,0,0,0,0,0,0,0,0,0,0,0,0,0,0,0,0,0,0,0,0,0,0,0,0,0,0,0,0,0,0,0,0,0,0,0,0,0,0,0,0,0
3649,0,0,0,0,0,0,0,0,0,0,0,0,0,0,0,0,0,0,0,0,0,0,0,0,0,0,0,0,0,0,0,0,0,0,0,0,0,0,0,0,0,0,0,0,0,0,0,0,0,0,0,0,0,0,0,0,0,0,0,0,0,0,0,0,0,0,0,0,0,0,0,0,0,0,0,0,0,0,0,0,0,0,0,0,0,0,0,0,0,0,0,0,0,0,0,0,0,0,0,0,0,0,0,0,0,0,0,0,0,0,0,0,0,0,0,0,0,0,0,0,0,0,0,0,0,0,0,0,0,0,0,0,0,0,0,0,0,0,0,0,0,0,0,0,0,0,0,0,0,0,0,0,0,0,0,0,0,0,0,0,0,0,0,0,0,0,0,0,0,0,0,0,0,0,0,0,0,0,0,0,0,0,0,0,0,0,0,0,0,0,0,0,0,0,0,0,0,0,0,0
3650,0,0,0,0,0,0,0,0,0,0,0,0,0,0,0,0,0,0,0,0,0,0,0,0,0,0,0,0,0,0,0,0,0,0,0,0,0,0,0,0,0,0,0,0,0,0,0,0,0,0,0,0,0,0,0,0,0,0,0,0,0,0,0,0,0,0,0,0,0,0,0,0,0,0,0,0,0,0,0,0,0,0,0,0,0,0,0,0,0,0,0,0,0,0,0,0,0,0,0,0,0,0,0,0,0,0,0,0,0,0,0,0,0,0,0,0,0,0,0,0,0,0,0,0,0,0,0,0,0,0,0,0,0,0,0,0,0,0,0,0,0,0,0,0,0,0,0,0,0,0,0,0,0,0,0,0,0,0,0,0,0,0,0,0,0,0,0,0,0,0,0,0,0,0,0,0,0,0,0,0,0,0,0,0,0,0,0,0,0,0,0,0,0,0,0,0,0,0,0,0
3651,0,0,0,0,0,0,0,0,0,0,0,0,0,0,0,0,0,0,0,0,0,0,0,0,0,0,0,0,0,0,0,0,0,0,0,0,0,0,0,0,0,0,0,0,0,0,0,0,0,0,0,0,0,0,0,0,0,0,0,0,0,0,0,0,0,0,0,0,0,0,0,0,0,0,0,0,0,0,0,0,0,0,0,0,0,0,0,0,0,0,0,0,0,0,0,0,0,0,0,0,0,0,0,0,0,0,0,0,0,0,0,0,0,0,0,0,0,0,0,0,0,0,0,0,0,0,0,0,0,0,0,0,0,0,0,0,0,0,0,0,0,0,0,0,0,0,0,0,0,0,0,0,0,0,0,0,0,0,0,0,0,0,0,0,0,0,0,0,0,0,0,0,0,0,0,0,0,0,0,0,0,0,0,0,0,0,0,0,0,0,0,0,0,0,0,0,0,0,0,0
3652,0,0,0,0,0,0,0,0,0,0,0,0,0,0,0,0,0,0,0,0,0,0,0,0,0,0,0,0,0,0,0,0,0,0,0,0,0,0,0,0,0,0,0,0,0,0,0,0,0,0,0,0,0,0,0,0,0,0,0,0,0,0,0,0,0,0,0,0,0,0,0,0,0,0,0,0,0,0,0,0,0,0,0,0,0,0,0,0,0,0,0,0,0,0,0,0,0,0,0,0,0,0,0,0,0,0,0,0,0,0,0,0,0,0,0,0,0,0,0,0,0,0,0,0,0,0,0,0,0,0,0,0,0,0,0,0,0,0,0,0,0,0,0,0,0,0,0,0,0,0,0,0,0,0,0,0,0,0,0,0,0,0,0,0,0,0,0,0,0,0,0,0,0,0,0,0,0,0,0,0,0,0,0,0,0,0,0,0,0,0,0,0,0,0,0,0,0,0,0,0
3653,0,0,0,0,0,0,0,0,0,0,0,0,0,0,0,0,0,0,0,0,0,0,0,0,0,0,0,0,0,0,0,0,0,0,0,0,0,0,0,0,0,0,0,0,0,0,0,0,0,0,0,0,0,0,0,0,0,0,0,0,0,0,0,0,0,0,0,0,0,0,0,0,0,0,0,0,0,0,0,0,0,0,0,0,0,0,0,0,0,0,0,0,0,0,0,0,0,0,0,0,0,0,0,0,0,0,0,0,0,0,0,0,0,0,0,0,0,0,0,0,0,0,0,0,0,0,0,0,0,0,0,0,0,0,0,0,0,0,0,0,0,0,0,0,0,0,0,0,0,0,0,0,0,0,0,0,0,0,0,0,0,0,0,0,0,0,0,0,0,0,0,0,0,0,0,0,0,0,0,0,0,0,0,0,0,0,0,0,0,0,0,0,0,0,0,0,0,0,0,0
3654,0,0,0,0,0,0,0,0,0,0,0,0,0,0,0,0,0,0,0,0,0,0,0,0,0,0,0,0,0,0,0,0,0,0,0,0,0,0,0,0,0,0,0,0,0,0,0,0,0,0,0,0,0,0,0,0,0,0,0,0,0,0,0,0,0,0,0,0,0,0,0,0,0,0,0,0,0,0,0,0,0,0,0,0,0,0,0,0,0,0,0,0,0,0,0,0,0,0,0,0,0,0,0,0,0,0,0,0,0,0,0,0,0,0,0,0,0,0,0,0,0,0,0,0,0,0,0,0,0,0,0,0,0,0,0,0,0,0,0,0,0,0,0,0,0,0,0,0,0,0,0,0,0,0,0,0,0,0,0,0,0,0,0,0,0,0,0,0,0,0,0,0,0,0,0,0,0,0,0,0,0,0,0,0,0,0,0,0,0,0,0,0,0,0,0,0,0,0,0,0
3655,0,0,0,0,0,0,0,0,0,0,0,0,0,0,0,0,0,0,0,0,0,0,0,0,0,0,0,0,0,0,0,0,0,0,0,0,0,0,0,0,0,0,0,0,0,0,0,0,0,0,0,0,0,0,0,0,0,0,0,0,0,0,0,0,0,0,0,0,0,0,0,0,0,0,0,0,0,0,0,0,0,0,0,0,0,0,0,0,0,0,0,0,0,0,0,0,0,0,0,0,0,0,0,0,0,0,0,0,0,0,0,0,0,0,0,0,0,0,0,0,0,0,0,0,0,0,0,0,0,0,0,0,0,0,0,0,0,0,0,0,0,0,0,0,0,0,0,0,0,0,0,0,0,0,0,0,0,0,0,0,0,0,0,0,0,0,0,0,0,0,0,0,0,0,0,0,0,0,0,0,0,0,0,0,0,0,0,0,0,0,0,0,0,0,0,0,0,0,0,0
3656,0,0,0,0,0,0,0,0,0,0,0,0,0,0,0,0,0,0,0,0,0,0,0,0,0,0,0,0,0,0,0,0,0,0,0,0,0,0,0,0,0,0,0,0,0,0,0,0,0,0,0,0,0,0,0,0,0,0,0,0,0,0,0,0,0,0,0,0,0,0,0,0,0,0,0,0,0,0,0,0,0,0,0,0,0,0,0,0,0,0,0,0,0,0,0,0,0,0,0,0,0,0,0,0,0,0,0,0,0,0,0,0,0,0,0,0,0,0,0,0,0,0,0,0,0,0,0,0,0,0,0,0,0,0,0,0,0,0,0,0,0,0,0,0,0,0,0,0,0,0,0,0,0,0,0,0,0,0,0,0,0,0,0,0,0,0,0,0,0,0,0,0,0,0,0,0,0,0,0,0,0,0,0,0,0,0,0,0,0,0,0,0,0,0,0,0,0,0,0,0
3657,0,0,0,0,0,0,0,0,0,0,0,0,0,0,0,0,0,0,0,0,0,0,0,0,0,0,0,0,0,0,0,0,0,0,0,0,0,0,0,0,0,0,0,0,0,0,0,0,0,0,0,0,0,0,0,0,0,0,0,0,0,0,0,0,0,0,0,0,0,0,0,0,0,0,0,0,0,0,0,0,0,0,0,0,0,0,0,0,0,0,0,0,0,0,0,0,0,0,0,0,0,0,0,0,0,0,0,0,0,0,0,0,0,0,0,0,0,0,0,0,0,0,0,0,0,0,0,0,0,0,0,0,0,0,0,0,0,0,0,0,0,0,0,0,0,0,0,0,0,0,0,0,0,0,0,0,0,0,0,0,0,0,0,0,0,0,0,0,0,0,0,0,0,0,0,0,0,0,0,0,0,0,0,0,0,0,0,0,0,0,0,0,0,0,0,0,0,0,0,0
3658,0,0,0,0,0,0,0,0,0,0,0,0,0,0,0,0,0,0,0,0,0,0,0,0,0,0,0,0,0,0,0,0,0,0,0,0,0,0,0,0,0,0,0,0,0,0,0,0,0,0,0,0,0,0,0,0,0,0,0,0,0,0,0,0,0,0,0,0,0,0,0,0,0,0,0,0,0,0,0,0,0,0,0,0,0,0,0,0,0,0,0,0,0,0,0,0,0,0,0,0,0,0,0,0,0,0,0,0,0,0,0,0,0,0,0,0,0,0,0,0,0,0,0,0,0,0,0,0,0,0,0,0,0,0,0,0,0,0,0,0,0,0,0,0,0,0,0,0,0,0,0,0,0,0,0,0,0,0,0,0,0,0,0,0,0,0,0,0,0,0,0,0,0,0,0,0,0,0,0,0,0,0,0,0,0,0,0,0,0,0,0,0,0,0,0,0,0,0,0,0
3659,0,0,0,0,0,0,0,0,0,0,0,0,0,0,0,0,0,0,0,0,0,0,0,0,0,0,0,0,0,0,0,0,0,0,0,0,0,0,0,0,0,0,0,0,0,0,0,0,0,0,0,0,0,0,0,0,0,0,0,0,0,0,0,0,0,0,0,0,0,0,0,0,0,0,0,0,0,0,0,0,0,0,0,0,0,0,0,0,0,0,0,0,0,0,0,0,0,0,0,0,0,0,0,0,0,0,0,0,0,0,0,0,0,0,0,0,0,0,0,0,0,0,0,0,0,0,0,0,0,0,0,0,0,0,0,0,0,0,0,0,0,0,0,0,0,0,0,0,0,0,0,0,0,0,0,0,0,0,0,0,0,0,0,0,0,0,0,0,0,0,0,0,0,0,0,0,0,0,0,0,0,0,0,0,0,0,0,0,0,0,0,0,0,0,0,0,0,0,0,0
3660,0,0,0,0,0,0,0,0,0,0,0,0,0,0,0,0,0,0,0,0,0,0,0,0,0,0,0,0,0,0,0,0,0,0,0,0,0,0,0,0,0,0,0,0,0,0,0,0,0,0,0,0,0,0,0,0,0,0,0,0,0,0,0,0,0,0,0,0,0,0,0,0,0,0,0,0,0,0,0,0,0,0,0,0,0,0,0,0,0,0,0,0,0,0,0,0,0,0,0,0,0,0,0,0,0,0,0,0,0,0,0,0,0,0,0,0,0,0,0,0,0,0,0,0,0,0,0,0,0,0,0,0,0,0,0,0,0,0,0,0,0,0,0,0,0,0,0,0,0,0,0,0,0,0,0,0,0,0,0,0,0,0,0,0,0,0,0,0,0,0,0,0,0,0,0,0,0,0,0,0,0,0,0,0,0,0,0,0,0,0,0,0,0,0,0,0,0,0,0,0
3661,0,0,0,0,0,0,0,0,0,0,0,0,0,0,0,0,0,0,0,0,0,0,0,0,0,0,0,0,0,0,0,0,0,0,0,0,0,0,0,0,0,0,0,0,0,0,0,0,0,0,0,0,0,0,0,0,0,0,0,0,0,0,0,0,0,0,0,0,0,0,0,0,0,0,0,0,0,0,0,0,0,0,0,0,0,0,0,0,0,0,0,0,0,0,0,0,0,0,0,0,0,0,0,0,0,0,0,0,0,0,0,0,0,0,0,0,0,0,0,0,0,0,0,0,0,0,0,0,0,0,0,0,0,0,0,0,0,0,0,0,0,0,0,0,0,0,0,0,0,0,0,0,0,0,0,0,0,0,0,0,0,0,0,0,0,0,0,0,0,0,0,0,0,0,0,0,0,0,0,0,0,0,0,0,0,0,0,0,0,0,0,0,0,0,0,0,0,0,0,0
3662,0,0,0,0,0,0,0,0,0,0,0,0,0,0,0,0,0,0,0,0,0,0,0,0,0,0,0,0,0,0,0,0,0,0,0,0,0,0,0,0,0,0,0,0,0,0,0,0,0,0,0,0,0,0,0,0,0,0,0,0,0,0,0,0,0,0,0,0,0,0,0,0,0,0,0,0,0,0,0,0,0,0,0,0,0,0,0,0,0,0,0,0,0,0,0,0,0,0,0,0,0,0,0,0,0,0,0,0,0,0,0,0,0,0,0,0,0,0,0,0,0,0,0,0,0,0,0,0,0,0,0,0,0,0,0,0,0,0,0,0,0,0,0,0,0,0,0,0,0,0,0,0,0,0,0,0,0,0,0,0,0,0,0,0,0,0,0,0,0,0,0,0,0,0,0,0,0,0,0,0,0,0,0,0,0,0,0,0,0,0,0,0,0,0,0,0,0,0,0,0
3663,0,0,0,0,0,0,0,0,0,0,0,0,0,0,0,0,0,0,0,0,0,0,0,0,0,0,0,0,0,0,0,0,0,0,0,0,0,0,0,0,0,0,0,0,0,0,0,0,0,0,0,0,0,0,0,0,0,0,0,0,0,0,0,0,0,0,0,0,0,0,0,0,0,0,0,0,0,0,0,0,0,0,0,0,0,0,0,0,0,0,0,0,0,0,0,0,0,0,0,0,0,0,0,0,0,0,0,0,0,0,0,0,0,0,0,0,0,0,0,0,0,0,0,0,0,0,0,0,0,0,0,0,0,0,0,0,0,0,0,0,0,0,0,0,0,0,0,0,0,0,0,0,0,0,0,0,0,0,0,0,0,0,0,0,0,0,0,0,0,0,0,0,0,0,0,0,0,0,0,0,0,0,0,0,0,0,0,0,0,0,0,0,0,0,0,0,0,0,0,0
3664,0,0,0,0,0,0,0,0,0,0,0,0,0,0,0,0,0,0,0,0,0,0,0,0,0,0,0,0,0,0,0,0,0,0,0,0,0,0,0,0,0,0,0,0,0,0,0,0,0,0,0,0,0,0,0,0,0,0,0,0,0,0,0,0,0,0,0.0000000000,0,0,0,0,0,0,0,0,0,0,0,0,0,0,0,0,0,0,0,0,0,0,0,0,0,0,0,0,0,0,0,0,0,0,0,0,0,0,0,0,0,0,0,0,0,0,0,0,0,0,0,0,0,0,0,0,0,0,0,0,0,0,0,0,0,0,0,0,0,0,0,0,0,0,0,0,0,0,0,0,0,0,0,0,0,0,0,0,0,0,0,0,0,0,0,0,0,0,0,0,0,0,0,0,0,0,0,0,0,0,0,0,0,0,0,0,0,0,0,0,0,0,0,0,0,0,0,0,0,0,0,0,0
3665,0,0,0,0,0,0,0,0,0,0,0,0,0,0,0,0,0,0,0,0,0,0,0,0,0,0,0,0,0,0,0,0,0,0,0,0,0,0,0,0,0,0,0,0,0,0,0,0,0,0,0,0,0,0,0,0,0,0,0,0,0,0,0,0,0,0,0,0,0,0,0,0,0,0,0,0,0,0,0,0,0,0,0,0,0,0,0,0,0,0,0,0,0,0,0,0,0,0,0,0,0,0,0,0,0,0,0,0,0,0,0,0,0,0,0,0,0,0,0,0,0,0,0,0,0,0,0,0,0,0,0,0,0,0,0,0,0,0,0,0,0,0,0,0,0,0,0,0,0,0,0,0,0,0,0,0,0,0,0,0,0,0,0,0,0,0,0,0,0,0,0,0,0,0,0,0,0,0,0,0,0,0,0,0,0,0,0,0,0,0,0,0,0,0,0,0,0,0,0,0
3666,0,0,0,0,0,0,0,0,0,0,0,0,0,0,0,0,0,0,0,0,0,0,0,0,0,0,0,0,0,0,0,0,0,0,0,0,0,0,0,0,0,0,0,0,0,0,0,0,0,0,0,0,0,0,0,0,0,0,0,0,0,0,0,0,0,0,0,0,0,0,0,0,0,0,0,0,0,0,0,0,0,0,0,0,0,0,0,0,0,0,0,0,0,0,0,0,0,0,0,0,0,0,0,0,0,0,0,0,0,0,0,0,0,0,0,0,0,0,0,0,0,0,0,0,0,0,0,0,0,0,0,0,0,0,0,0,0,0,0,0,0,0,0,0,0,0,0,0,0,0,0,0,0,0,0,0,0,0,0,0,0,0,0,0,0,0,0,0,0,0,0,0,0,0,0,0,0,0,0,0,0,0,0,0,0,0,0,0,0,0,0,0,0,0,0,0,0,0,0,0
3667,0,0,0,0,0,0,0,0,0,0,0,0,0,0,0,0,0,0,0,0,0,0,0,0,0,0,0,0,0,0,0,0,0,0,0,0,0,0,0,0,0,0,0,0,0,0,0,0,0,0,0,0,0,0,0,0,0,0,0,0,0,0,0,0,0,0,0,0,0,0,0,0,0,0,0,0,0,0,0,0,0,0,0,0,0,0,0,0,0,0,0,0,0,0,0,0,0,0,0,0,0,0,0,0,0,0,0,0,0,0,0,0,0,0,0,0,0,0,0,0,0,0,0,0,0,0,0,0,0,0,0,0,0,0,0,0,0,0,0,0,0,0,0,0,0,0,0,0,0,0,0,0,0,0,0,0,0,0,0,0,0,0,0,0,0,0,0,0,0,0,0,0,0,0,0,0,0,0,0,0,0,0,0,0,0,0,0,0,0,0,0,0,0,0,0,0,0,0,0,0
3668,0,0,0,0,0,0,0,0,0,0,0,0,0,0,0,0,0,0,0,0,0,0,0,0,0,0,0,0,0,0,0,0,0,0,0,0,0,0,0,0,0,0,0,0,0,0,0,0,0,0,0,0,0,0,0,0,0,0,0,0,0,0,0,0,0,0,0,0.0000000000,0,0,0,0,0,0,0,0,0,0,0,0,0,0,0,0,0,0,0,0,0,0,0,0,0,0,0,0,0,0,0,0,0,0,0,0,0,0,0,0,0,0,0,0,0,0,0,0,0,0,0,0,0,0,0,0,0,0,0,0,0,0,0,0,0,0,0,0,0,0,0,0,0,0,0,0,0,0,0,0,0,0,0,0,0,0,0,0,0,0,0,0,0,0,0,0,0,0,0,0,0,0,0,0,0,0,0,0,0,0,0,0,0,0,0,0,0,0,0,0,0,0,0,0,0,0,0,0,0,0,0,0
3669,0,0,0,0,0,0,0,0,0,0,0,0,0,0,0,0,0,0,0,0,0,0,0,0,0,0,0,0,0,0,0,0,0,0,0,0,0,0,0,0,0,0,0,0,0,0,0,0,0,0,0,0,0,0,0,0,0,0,0,0,0,0,0,0,0,0,0,0,0,0,0,0,0,0,0,0,0,0,0,0,0,0,0,0,0,0,0,0,0,0,0,0,0,0,0,0,0,0,0,0,0,0,0,0,0,0,0,0,0,0,0,0,0,0,0,0,0,0,0,0,0,0,0,0,0,0,0,0,0,0,0,0,0,0,0,0,0,0,0,0,0,0,0,0,0,0,0,0,0,0,0,0,0,0,0,0,0,0,0,0,0,0,0,0,0,0,0,0,0,0,0,0,0,0,0,0,0,0,0,0,0,0,0,0,0,0,0,0,0,0,0,0,0,0,0,0,0,0,0,0
3670,0,0,0,0,0,0,0,0,0,0,0,0,0,0,0,0,0,0,0,0,0,0,0,0,0,0,0,0,0,0,0,0,0,0,0,0,0,0,0,0,0,0,0,0,0,0,0,0,0,0,0,0,0,0,0,0,0,0,0,0,0,0,0,0,0,0,0,0,0,0,0,0,0,0,0,0,0,0,0,0,0,0,0,0,0,0,0,0,0,0,0,0,0,0,0,0,0,0,0,0,0,0,0,0,0,0,0,0,0,0,0,0,0,0,0,0,0,0,0,0,0,0,0,0,0,0,0,0,0,0,0,0,0,0,0,0,0,0,0,0,0,0,0,0,0,0,0,0,0,0,0,0,0,0,0,0,0,0,0,0,0,0,0,0,0,0,0,0,0,0,0,0,0,0,0,0,0,0,0,0,0,0,0,0,0,0,0,0,0,0,0,0,0,0,0,0,0,0,0,0
3671,0,0,0,0,0,0,0,0,0,0,0,0,0,0,0,0,0,0,0,0,0,0,0,0,0,0,0,0,0,0,0,0,0,0,0,0,0,0,0,0,0,0,0,0,0,0,0,0,0,0,0,0,0,0,0,0,0,0,0,0,0,0,0,0,0,0,0,0,0,0,0,0,0,0,0,0,0,0,0,0,0,0,0,0,0,0,0,0,0,0,0,0,0,0,0,0,0,0,0,0,0,0,0,0,0,0,0,0,0,0,0,0,0,0,0,0,0,0,0,0,0,0,0,0,0,0,0,0,0,0,0,0,0,0,0,0,0,0,0,0,0,0,0,0,0,0,0,0,0,0,0,0,0,0,0,0,0,0,0,0,0,0,0,0,0,0,0,0,0,0,0,0,0,0,0,0,0,0,0,0,0,0,0,0,0,0,0,0,0,0,0,0,0,0,0,0,0,0,0,0
3672,0,0,0,0,0,0,0,0,0,0,0,0,0,0,0,0,0,0,0,0,0,0,0,0,0,0,0,0,0,0,0,0,0,0,0,0,0,0,0,0,0,0,0,0,0,0,0,0,0,0,0,0,0,0,0,0,0,0,0,0,0,0,0,0,0,0,0,0,0,0,0,0,0,0,0,0,0,0,0,0,0,0,0,0,0,0,0,0,0,0,0,0,0,0,0,0,0,0,0,0,0,0,0,0,0,0,0,0,0,0,0,0,0,0,0,0,0,0,0,0,0,0,0,0,0,0,0,0,0,0,0,0,0,0,0,0,0,0,0,0,0,0,0,0,0,0,0,0,0,0,0,0,0,0,0,0,0,0,0,0,0,0,0,0,0,0,0,0,0,0,0,0,0,0,0,0,0,0,0,0,0,0,0,0,0,0,0,0,0,0,0,0,0,0,0,0,0,0,0,0
3673,0,0,0,0,0,0,0,0,0,0,0,0,0,0,0,0,0,0,0,0,0,0,0,0,0,0,0,0,0,0,0,0,0,0,0,0,0,0,0,0,0,0,0,0,0,0,0,0,0,0,0,0,0,0,0,0,0,0,0,0,0,0,0,0,0,0,0,0,0,0,0,0,0,0,0,0,0,0,0,0,0,0,0,0,0,0,0,0,0,0,0,0,0,0,0,0,0,0,0,0,0,0,0,0,0,0,0,0,0,0,0,0,0,0,0,0,0,0,0,0,0,0,0,0,0,0,0,0,0,0,0,0,0,0,0,0,0,0,0,0,0,0,0,0,0,0,0,0,0,0,0,0,0,0,0,0,0,0,0,0,0,0,0,0,0,0,0,0,0,0,0,0,0,0,0,0,0,0,0,0,0,0,0,0,0,0,0,0,0,0,0,0,0,0,0,0,0,0,0,0
3674,0,0,0,0,0,0,0,0.0000000000,0,0,0,0,0,0,0,0,0,0,0,0,0,0,0,0,0,0,0,0,0,0,0,0,0,0,0,0,0,0,0,0,0,0,0,0,0,0,0,0,0,0,0,0,0,0,0,0,0,0,0,0,0,0,0,0,0,0,0,0,0,0,0,0,0,0,0,0,0,0,0,0,0,0,0,0,0,0,0,0,0,0,0,0,0,0,0,0,0,0,0,0,0,0,0,0,0,0,0,0,0,0,0,0,0,0,0,0,0,0,0,0,0,0,0,0,0,0,0,0,0,0,0,0,0,0,0,0,0,0,0,0,0,0,0,0,0,0,0,0,0,0,0,0,0,0,0,0,0,0,0,0,0,0,0,0,0,0,0,0,0,0,0,0,0,0,0,0,0,0,0,0,0,0,0,0,0,0,0,0,0,0,0,0,0,0,0,0,0,0,0,0
3675,0,0,0,0,0,0,0,0,0,0,0,0,0,0,0,0,0,0,0,0,0,0,0,0,0,0,0,0,0,0,0,0,0,0,0,0,0,0,0,0,0,0,0,0,0,0,0,0,0,0,0,0,0,0,0,0,0,0,0,0,0,0,0,0,0,0,0,0,0,0,0,0,0,0,0,0,0,0,0,0,0,0,0,0,0,0,0,0,0,0,0,0,0,0,0,0,0,0,0,0,0,0,0,0,0,0,0,0,0,0,0,0,0,0,0,0,0,0,0,0,0,0,0,0,0,0,0,0,0,0,0,0,0,0,0,0,0,0,0,0,0,0,0,0,0,0,0,0,0,0,0,0,0,0,0,0,0,0,0,0,0,0,0,0,0,0,0,0,0,0,0,0,0,0,0,0,0,0,0,0,0,0,0,0,0,0,0,0,0,0,0,0,0,0,0,0,0,0,0,0
3676,0,0,0,0,0,0,0,0,0,0,0,0,0,0,0,0,0,0,0,0,0,0,0,0,0,0,0,0,0,0,0,0,0,0,0,0,0,0,0,0,0,0,0,0,0,0,0,0,0,0,0,0,0,0,0,0,0,0,0,0,0,0,0,0,0,0,0,0,0,0,0,0,0,0,0,0,0,0,0,0,0,0,0,0,0,0,0,0,0,0,0,0,0,0,0,0,0,0,0,0,0,0,0,0,0,0,0,0,0,0,0,0,0,0,0,0,0,0,0,0,0,0,0,0,0,0,0,0,0,0,0,0,0,0,0,0,0,0,0,0,0,0,0,0,0,0,0,0,0,0,0,0,0,0,0,0,0,0,0,0,0,0,0,0,0,0,0,0,0,0,0,0,0,0,0,0,0,0,0,0,0,0,0,0,0,0,0,0,0,0,0,0,0,0,0,0,0,0,0,0
3677,0,0,0,0,0,0,0,0,0,0,0,0,0,0,0,0,0,0,0,0,0,0,0,0,0,0,0,0,0,0,0,0,0,0,0,0,0,0,0,0,0,0,0,0,0,0,0,0,0,0,0,0,0,0,0,0,0,0,0,0,0,0,0,0,0,0,0,0,0,0,0,0,0,0,0,0,0,0,0,0,0,0,0,0,0,0,0,0,0,0,0,0,0,0,0,0,0,0,0,0,0,0,0,0,0,0,0,0,0,0,0,0,0,0,0,0,0,0,0,0,0,0,0,0,0,0,0,0,0,0,0,0,0,0,0,0,0,0,0,0,0,0,0,0,0,0,0,0,0,0,0,0,0,0,0,0,0,0,0,0,0,0,0,0,0,0,0,0,0,0,0,0,0,0,0,0,0,0,0,0,0,0,0,0,0,0,0,0,0,0,0,0,0,0,0,0,0,0,0,0
3678,0,0,0,0,0,0,0,0,0,0,0,0,0,0,0,0,0,0,0,0,0,0,0,0,0,0,0,0,0,0,0,0,0,0,0,0,0,0,0,0,0,0,0,0,0,0,0,0,0,0,0,0,0,0,0,0,0,0,0,0,0,0,0,0,0,0,0,0,0,0,0,0,0,0,0,0,0,0,0,0,0,0,0,0,0,0,0,0,0,0,0,0,0,0,0,0,0,0,0,0,0,0,0,0,0,0,0,0,0,0,0,0,0,0,0,0,0,0,0,0,0,0,0,0,0,0,0,0,0,0,0,0,0,0,0,0,0,0,0,0,0,0,0.0000000000,0,0,0,0,0,0,0,0,0,0,0,0,0,0,0,0,0,0,0,0,0,0,0,0,0,0,0,0,0,0,0,0,0,0,0,0,0,0,0,0,0,0,0,0,0,0,0,0,0,0,0,0,0,0,0,0,0
3679,0,0,0,0,0,0,0,0,0,0,0,0,0,0,0,0,0,0,0,0,0,0,0,0,0,0,0,0,0,0,0,0,0,0,0,0,0,0,0,0,0,0,0,0,0,0,0,0,0,0,0,0,0,0,0,0,0,0,0,0,0,0,0,0,0,0,0,0,0,0,0,0,0,0,0,0,0,0,0,0,0,0,0,0,0,0,0,0,0,0,0,0,0,0,0,0,0,0,0,0,0,0,0,0,0,0,0,0,0,0,0,0,0,0,0,0,0,0,0,0,0,0,0,0,0,0,0,0,0,0,0,0,0,0,0,0,0,0,0,0,0,0,0,0,0,0,0,0,0,0,0,0,0,0,0,0,0,0,0,0,0,0,0,0,0,0,0,0,0,0,0,0,0,0,0,0,0,0,0,0,0,0,0,0,0,0,0,0,0,0,0,0,0,0,0,0,0,0,0,0
3680,0,0,0,0,0,0,0,0,0,0,0,0,0,0,0,0,0,0,0,0,0,0,0,0,0,0,0,0,0,0,0,0,0,0,0,0,0,0,0,0,0,0,0,0,0,0,0,0,0,0,0,0,0,0,0,0,0,0,0,0,0,0,0,0,0,0,0,0,0,0,0,0,0,0,0,0,0,0,0,0,0,0,0,0,0,0,0,0,0,0,0,0,0,0,0,0,0,0,0,0,0,0,0,0,0,0,0,0,0,0,0,0,0,0,0,0,0,0,0,0,0,0,0,0,0,0,0,0,0,0,0,0,0,0,0,0,0,0,0,0,0,0,0,0,0,0,0,0,0,0,0,0,0,0,0,0,0,0,0,0,0,0,0,0,0,0,0,0,0,0,0,0,0,0,0,0,0,0,0,0,0,0,0,0,0,0,0,0,0,0,0,0,0,0,0,0,0,0,0,0
3681,0,0,0,0,0,0,0,0,0,0,0,0,0,0,0,0,0,0,0,0,0,0,0,0,0,0,0,0,0,0,0,0,0,0,0,0,0,0,0,0,0,0,0,0,0,0,0,0,0,0,0,0,0,0,0,0,0,0,0,0,0,0,0,0,0,0,0,0,0,0,0,0,0,0,0,0,0,0,0,0,0,0,0,0,0,0,0,0,0,0,0,0,0,0,0,0,0,0,0,0,0,0,0,0,0,0,0,0,0,0,0,0,0,0,0,0,0,0,0,0,0,0,0,0,0,0,0,0,0,0,0,0,0,0,0,0,0,0,0,0,0,0,0,0,0,0,0,0,0,0,0,0,0,0,0,0,0,0,0,0,0,0,0,0,0,0,0,0,0,0,0,0,0,0,0,0,0,0,0,0,0,0,0,0,0,0,0,0,0,0,0,0,0,0,0,0,0,0,0,0
3682,0,0,0,0,0,0,0,0,0,0,0,0,0,0,0,0,0,0,0,0,0,0,0,0,0,0,0,0,0,0,0,0,0,0,0,0,0,0,0,0,0,0,0,0,0,0,0,0,0,0,0,0,0,0,0,0,0,0,0,0,0,0,0,0,0,0,0,0,0,0,0,0,0,0,0,0,0,0,0,0,0,0,0,0,0,0,0,0,0,0,0,0,0,0,0,0,0,0,0,0,0,0,0,0,0,0,0,0,0,0,0,0,0,0,0,0,0,0,0,0,0,0,0,0,0,0,0,0,0,0,0,0,0,0,0,0,0,0,0,0,0,0,0,0,0,0,0,0,0,0,0,0,0,0,0,0,0,0,0,0,0,0,0,0,0,0,0,0,0,0,0,0,0,0,0,0,0,0,0,0,0,0,0,0,0,0,0,0,0,0,0,0,0,0,0,0,0,0,0,0
3683,0,0,0,0,0,0,0,0,0,0,0,0,0,0,0,0,0,0,0,0,0,0,0,0,0,0,0,0,0,0,0,0,0,0,0,0,0,0,0,0,0,0,0,0,0,0,0,0,0,0,0,0,0,0,0,0,0,0,0,0,0,0,0,0,0,0,0,0,0,0,0,0,0,0,0,0,0,0,0,0,0,0,0,0,0,0,0,0,0,0,0,0,0,0,0,0,0,0,0,0,0,0,0,0,0,0,0,0,0,0,0,0,0,0,0,0,0,0,0,0,0,0,0,0,0,0,0,0,0,0,0,0,0,0,0,0,0,0,0,0,0,0,0,0,0,0,0,0,0,0,0,0,0,0,0,0,0,0,0,0,0,0,0,0,0,0,0,0,0,0,0,0,0,0,0,0,0,0,0,0,0,0,0,0,0,0,0,0,0,0,0,0,0,0,0,0,0,0,0,0
3684,0,0,0,0,0,0,0,0,0,0,0,0,0,0,0,0,0,0,0,0,0,0,0,0,0,0,0,0,0,0,0,0,0,0,0,0,0,0,0,0,0,0,0,0,0,0,0,0,0,0,0,0,0,0,0,0,0,0,0,0,0,0,0,0,0,0,0,0,0,0,0,0,0,0,0,0,0,0,0,0,0,0,0,0,0,0,0,0,0,0,0,0,0,0,0,0,0,0,0,0,0,0,0,0,0,0,0,0,0,0,0,0,0,0,0,0,0,0,0,0,0,0,0,0,0,0,0,0,0,0,0,0,0,0,0,0,0,0,0,0,0,0,0,0,0,0,0,0,0,0,0,0,0,0,0,0,0,0,0,0,0,0,0,0,0,0,0,0,0,0,0,0,0,0,0,0,0,0,0,0,0,0,0,0,0,0,0,0,0,0,0,0,0,0,0,0,0,0,0,0
3685,0,0,0,0,0,0,0,0,0,0,0,0,0,0,0,0,0,0,0,0,0,0,0,0,0,0,0,0,0,0,0,0,0,0,0,0,0,0,0,0,0,0,0,0,0,0,0,0,0,0,0,0,0,0,0,0,0,0,0,0,0,0,0,0,0,0,0,0,0,0,0,0,0,0,0,0,0,0,0,0,0,0,0,0,0,0,0,0,0,0,0,0,0,0,0,0,0,0,0,0,0,0,0,0,0,0,0,0,0,0,0,0,0,0,0,0,0,0,0,0,0,0,0,0,0,0,0,0,0,0,0,0,0,0,0,0,0,0,0,0,0,0,0,0,0,0,0,0,0,0,0,0,0,0,0,0,0,0,0,0,0,0,0,0,0,0,0,0,0,0,0,0,0,0,0,0,0,0,0,0,0,0,0,0,0,0,0,0,0,0,0,0,0,0,0,0,0,0,0,0
3686,0,0,0,0,0,0,0,0,0,0,0,0,0,0,0,0,0,0,0,0,0,0,0,0,0,0,0,0,0,0,0,0,0,0,0,0,0,0,0,0,0,0,0,0,0,0,0,0,0,0,0,0,0,0,0,0,0,0,0,0,0,0,0,0,0,0,0,0,0,0,0,0,0,0,0,0,0,0,0,0,0,0,0,0,0,0,0,0,0,0,0,0,0,0,0,0,0,0,0,0,0,0,0,0,0,0,0,0,0,0,0,0,0,0,0,0,0,0,0,0,0,0,0,0,0,0,0,0,0,0,0,0,0,0,0,0,0,0,0,0,0,0,0,0,0,0,0,0,0,0,0,0,0,0,0,0,0,0,0,0,0,0,0,0,0,0,0,0,0,0,0,0,0,0,0,0,0,0,0,0,0,0,0,0,0,0,0,0,0,0,0,0,0,0,0,0,0,0,0,0
3687,0,0,0,0,0,0,0,0,0,0,0,0,0,0,0,0,0,0,0,0,0,0,0,0,0,0,0,0,0,0,0,0,0,0,0,0,0,0,0,0,0,0,0,0,0,0,0,0,0,0,0,0,0,0,0,0,0,0,0,0,0,0,0,0,0,0,0,0,0,0,0,0,0,0,0,0,0,0,0,0,0,0,0,0,0,0,0,0,0,0,0,0,0,0,0,0,0,0,0,0,0,0,0,0,0,0,0,0,0,0,0,0,0,0,0,0,0,0,0,0,0,0,0,0,0,0,0,0,0,0,0,0,0,0,0,0,0,0,0,0,0,0,0,0,0,0,0,0,0,0,0,0,0,0,0,0,0,0,0,0,0,0,0,0,0,0,0,0,0,0,0,0,0,0,0,0,0,0,0,0,0,0,0,0,0,0,0,0,0,0,0,0,0,0,0,0,0,0,0,0
3688,0,0,0,0,0,0,0,0,0,0,0,0,0,0,0,0,0,0,0,0,0,0,0,0,0,0,0,0,0,0,0,0,0,0,0,0,0,0,0,0,0,0,0,0,0,0,0,0,0,0,0,0,0,0,0,0,0,0,0,0,0,0,0,0,0,0,0,0,0,0,0,0,0,0,0,0,0,0,0,0,0,0,0,0,0,0,0,0,0,0,0,0,0,0,0,0,0,0,0,0,0,0,0,0,0,0,0,0,0,0,0,0,0,0,0,0,0,0,0,0,0,0,0,0,0,0,0,0,0,0,0,0,0,0,0,0,0,0,0,0,0,0,0,0,0,0,0,0,0,0,0,0,0,0,0,0,0,0,0,0,0,0,0,0,0,0,0,0,0,0,0,0,0,0,0,0,0,0,0,0,0,0,0,0,0,0,0,0,0,0,0,0,0,0,0,0,0,0,0,0
3689,0,0,0,0,0,0,0,0,0,0,0,0,0,0,0,0,0,0,0,0,0,0,0,0,0,0,0,0,0,0,0,0,0,0,0,0,0,0,0,0,0,0,0,0,0,0,0,0,0,0,0,0,0,0,0,0,0,0,0,0,0,0,0,0,0,0,0,0,0,0,0,0,0,0,0,0,0,0,0,0,0,0,0,0,0,0,0,0,0,0,0,0,0,0,0,0,0,0,0,0,0,0,0,0,0,0,0,0,0,0,0,0,0,0,0,0,0,0,0,0,0,0,0,0,0,0,0,0,0,0,0,0,0,0,0,0,0,0,0,0,0,0,0,0,0,0,0,0,0,0,0,0,0,0,0,0,0,0,0,0,0,0,0,0,0,0,0,0,0,0,0,0,0,0,0,0,0,0,0,0,0,0,0,0,0,0,0,0,0,0,0,0,0,0,0,0,0,0,0,0
3690,0,0,0,0,0,0,0,0,0,0,0,0,0,0,0,0,0,0,0,0,0,0,0,0,0,0,0,0,0,0,0,0,0,0,0,0,0,0,0,0,0,0,0,0,0,0,0,0,0,0,0,0,0,0,0,0,0,0,0,0,0,0,0,0,0,0,0,0,0,0,0,0,0,0,0,0,0,0,0,0,0,0,0,0,0,0,0,0,0,0,0,0,0,0,0,0,0,0,0,0,0,0,0,0,0,0,0,0,0,0,0,0,0,0,0,0,0,0,0,0,0,0,0,0,0,0,0,0,0,0,0,0,0,0,0,0,0,0,0,0,0,0,0,0,0,0,0,0,0,0,0,0,0,0,0,0,0,0,0,0,0,0,0,0,0,0,0,0,0,0,0,0,0,0,0,0,0,0,0,0,0,0,0,0,0,0,0,0,0,0,0,0,0,0,0,0,0,0,0.0000000000,0
3691,0,0,0,0,0,0,0,0,0,0,0,0,0,0,0,0,0,0,0,0,0,0,0,0,0,0,0,0,0,0,0,0,0,0,0,0,0,0,0,0,0,0,0,0,0,0,0,0,0,0,0,0,0,0,0,0,0,0,0,0,0,0,0,0,0,0,0,0,0,0,0,0,0,0,0,0,0,0,0,0,0,0,0,0,0,0,0,0,0,0,0,0,0,0,0,0,0,0,0,0,0,0,0,0,0,0,0,0,0,0,0,0,0,0,0,0,0,0,0,0,0,0,0,0,0,0,0,0,0,0,0,0,0,0,0,0,0.0000000000,0,0,0,0,0,0,0,0,0,0,0,0,0,0,0,0,0,0,0,0,0,0,0,0,0,0,0,0,0,0,0,0,0,0,0,0,0,0,0,0,0,0,0,0,0,0,0,0,0,0,0,0,0,0,0,0,0,0,0,0,0,0,0
3692,0,0,0,0,0,0,0,0,0,0,0,0,0,0,0,0,0,0,0,0,0,0,0,0,0,0,0,0,0,0,0,0,0,0,0,0,0,0,0,0,0,0,0,0,0,0,0,0,0,0,0,0,0,0,0,0,0,0,0,0,0,0,0,0,0,0,0,0,0,0,0,0,0,0,0,0,0,0,0,0,0,0,0,0,0,0,0,0,0,0,0,0,0,0,0,0,0,0,0,0,0,0,0,0,0,0,0,0,0,0,0,0,0,0,0,0,0,0,0,0,0,0,0,0,0,0,0,0,0,0,0,0,0,0,0,0,0,0,0,0,0,0,0,0,0,0,0,0,0,0,0,0,0,0,0,0,0,0,0,0,0,0,0,0,0,0,0,0,0,0,0,0,0,0,0,0,0,0,0,0,0,0,0,0,0,0,0,0,0,0,0,0,0,0,0,0,0,0,0,0
3693,0,0,0,0,0,0,0,0,0,0,0,0,0,0,0,0,0,0,0,0,0,0,0,0,0,0,0,0,0,0,0,0,0,0,0,0,0,0,0,0,0,0,0,0,0,0,0,0,0,0,0,0,0,0,0,0,0,0,0,0,0,0,0,0,0,0,0,0,0,0,0,0,0,0,0,0,0,0,0,0,0,0,0,0,0,0,0,0,0,0,0,0,0,0,0,0,0,0,0,0,0,0,0,0,0,0,0,0,0,0,0,0,0,0,0,0,0,0,0,0,0,0,0,0,0,0,0,0,0,0,0,0,0,0,0,0,0,0,0,0,0,0,0,0,0,0,0,0,0,0,0,0,0,0,0,0,0,0,0,0,0,0,0,0,0,0,0,0,0,0,0,0,0,0,0,0,0,0,0,0,0,0,0,0,0,0,0,0,0,0,0,0,0,0,0,0,0,0,0,0
3694,0,0,0,0,0,0,0,0,0,0,0,0,0,0,0,0,0,0,0,0,0,0,0,0,0,0,0,0,0,0,0,0,0,0,0,0,0,0,0,0,0,0,0,0,0,0,0,0,0,0,0,0,0,0,0,0,0,0,0,0,0,0,0,0,0,0,0,0,0,0,0,0,0,0,0,0,0,0,0,0,0,0,0,0,0,0,0,0,0,0,0,0,0,0,0,0,0,0,0,0,0,0,0,0,0,0,0,0,0,0,0,0,0,0,0,0,0,0,0,0,0,0,0,0,0,0,0,0,0,0,0,0,0,0,0,0,0,0,0,0,0,0,0,0,0,0,0,0,0,0,0,0,0,0,0,0,0,0,0,0,0,0,0,0,0,0,0,0,0,0,0,0,0,0,0,0,0,0,0,0,0,0,0,0,0,0,0,0,0,0,0,0,0,0,0,0,0,0,0,0
3695,0,0,0,0,0,0,0,0,0,0,0,0,0,0,0,0,0,0,0,0,0,0,0,0,0,0,0,0,0,0,0,0,0,0,0,0,0,0,0,0,0,0,0,0,0,0,0,0,0,0,0,0,0,0,0,0,0,0,0,0,0,0,0,0,0,0,0,0,0,0,0,0,0,0,0,0,0,0,0,0,0,0,0,0,0,0,0,0,0,0,0,0,0,0,0,0,0,0,0,0,0,0,0,0,0,0,0,0,0,0,0,0,0,0,0,0,0,0,0,0,0,0,0,0,0,0,0,0,0,0,0,0,0,0,0,0,0,0,0,0,0,0,0,0,0,0,0,0,0,0,0,0,0,0,0,0,0,0,0,0,0,0,0,0,0,0,0,0,0,0,0,0,0,0,0,0,0,0,0,0,0,0,0,0,0,0,0,0,0,0,0,0,0,0,0,0,0,0,0,0.0000000000
3696,0,0,0,0,0,0,0,0,0,0,0,0,0,0,0,0,0,0,0,0,0,0,0,0,0,0,0,0,0,0,0,0,0,0,0,0,0,0,0,0,0,0,0,0,0,0,0,0,0,0,0,0,0,0,0,0,0,0,0,0,0,0,0,0,0,0,0,0,0,0,0,0,0,0,0,0,0,0,0,0,0,0,0,0,0,0,0,0,0,0,0,0,0,0,0,0,0,0,0,0,0,0,0,0,0,0,0,0,0,0,0,0,0,0,0,0,0,0,0,0,0,0,0,0,0,0,0,0,0,0,0,0,0,0,0,0,0,0,0,0,0,0,0,0,0,0,0,0,0,0,0,0,0,0,0,0,0,0,0,0,0,0,0,0,0,0,0,0,0,0,0,0,0,0,0,0,0,0,0,0,0,0,0,0,0,0,0,0,0,0,0,0,0,0,0,0,0,0,0,0
3697,0,0,0,0,0,0,0,0,0,0,0,0,0,0,0,0,0,0,0,0,0,0,0,0,0,0,0,0,0,0,0,0,0,0,0,0,0,0,0,0,0,0,0,0,0,0,0,0,0,0,0,0,0,0,0,0,0,0,0,0,0,0,0,0,0,0,0,0,0,0,0,0,0,0,0,0,0,0,0,0,0,0,0,0,0,0,0,0,0,0,0,0,0,0,0,0,0,0,0,0,0,0,0,0,0,0,0.0000000000,0,0,0,0,0,0,0,0,0,0,0,0,0,0,0,0,0,0,0,0,0,0,0,0,0,0,0,0,0,0,0,0,0,0,0,0,0,0,0,0,0,0,0,0,0,0,0,0,0,0,0,0,0,0,0,0,0,0,0,0,0,0,0,0,0,0,0,0,0,0,0,0,0,0,0,0,0,0,0,0,0,0,0,0,0,0,0,0,0,0,0,0,0
3698,0,0,0,0,0,0,0,0,0,0,0,0,0,0,0,0,0,0,0,0,0,0,0,0,0,0,0,0,0,0,0,0,0,0,0,0,0,0,0,0,0,0,0,0,0,0,0,0,0,0,0,0,0,0,0,0,0,0,0,0,0,0,0,0,0,0,0,0,0,0,0,0,0,0,0,0,0,0,0,0,0,0,0,0,0,0,0,0,0,0,0,0,0,0,0,0,0,0,0,0,0,0,0,0,0,0,0,0,0,0,0,0,0,0,0,0,0,0,0,0,0,0,0,0,0,0,0,0,0,0,0,0,0,0,0,0,0,0,0,0,0,0,0,0,0,0,0,0,0,0,0,0,0,0,0,0,0,0,0,0,0,0,0,0,0,0,0,0,0,0,0,0,0,0,0,0,0,0,0,0,0,0,0,0,0,0,0,0,0,0,0,0,0,0,0,0,0,0,0,0
3699,0,0,0,0,0,0,0,0,0,0,0,0,0,0,0,0,0,0,0,0,0,0,0,0,0,0,0,0,0,0,0,0,0,0,0,0,0,0,0,0,0,0,0,0,0,0,0,0,0,0,0,0,0,0,0,0,0,0,0,0,0,0,0,0,0,0,0,0,0,0,0,0,0,0,0,0,0,0,0,0,0,0,0,0,0,0,0,0,0,0,0,0,0,0,0,0,0,0,0,0,0,0,0,0,0,0,0,0,0,0,0,0,0,0,0,0,0,0,0,0,0,0,0,0,0,0,0,0,0,0,0,0,0,0,0,0,0,0,0,0,0,0,0,0,0,0,0,0,0,0,0,0,0,0,0,0,0,0,0,0,0,0,0,0,0,0,0,0,0,0,0,0,0,0,0,0,0,0,0,0,0,0,0,0,0,0,0,0,0,0,0,0,0,0,0,0,0,0,0,0
3700,0,0,0,0,0,0,0,0,0,0,0,0,0,0,0,0,0,0,0,0,0,0,0,0,0,0,0,0,0,0,0,0,0,0,0,0,0,0,0,0,0,0,0,0,0,0,0,0,0,0,0,0,0,0,0,0,0,0,0,0,0,0,0,0,0,0,0,0,0,0,0,0,0,0,0,0,0,0,0,0,0,0,0,0,0,0,0,0,0,0,0,0,0,0,0,0,0,0,0,0,0,0,0,0,0,0,0,0,0,0,0,0,0,0,0,0,0,0,0,0,0,0,0,0,0,0,0,0,0,0,0,0,0,0,0,0,0,0,0,0,0,0,0,0,0,0,0,0,0,0,0,0,0,0,0,0,0,0,0,0,0,0,0,0,0,0,0,0,0,0,0,0,0,0,0,0,0,0,0,0,0,0,0,0,0,0,0,0,0,0,0,0,0,0,0,0,0,0,0,0
3701,0,0,0,0,0,0,0,0,0,0,0,0,0,0,0,0,0,0,0,0,0,0,0,0,0,0,0,0,0,0,0,0,0,0,0,0,0,0,0,0,0,0,0,0,0,0,0,0,0,0,0,0,0,0,0,0,0,0,0,0,0,0,0,0,0,0,0,0,0,0,0,0,0,0,0,0,0,0,0,0,0,0,0,0,0,0,0,0,0,0,0,0,0,0,0,0,0,0,0,0,0,0,0,0,0,0,0,0,0,0,0,0,0,0,0,0,0,0,0,0,0,0,0,0,0,0,0,0,0,0,0,0,0,0,0,0,0,0,0,0,0,0,0,0,0,0,0,0,0,0,0,0,0,0,0,0,0,0,0,0,0,0,0,0,0,0,0,0,0,0,0,0,0,0,0,0,0,0,0,0,0,0,0,0,0,0,0,0,0,0,0,0,0,0,0,0,0,0,0,0
3702,0,0,0,0,0,0,0,0,0,0,0,0,0,0,0,0,0,0,0,0,0,0,0,0,0,0,0,0,0,0,0,0,0,0,0,0,0,0,0,0,0,0,0,0,0,0,0,0,0,0,0,0,0,0,0,0,0,0,0,0,0,0,0,0,0,0,0,0,0,0,0,0,0,0,0,0,0,0,0,0,0,0,0,0,0,0,0,0,0,0,0,0,0,0,0,0,0,0,0,0,0,0,0,0,0,0,0,0,0,0,0,0,0,0,0,0,0,0,0,0,0,0,0,0,0,0,0,0,0,0,0,0,0,0,0,0,0,0,0,0,0,0,0,0,0,0,0,0,0,0,0,0,0,0,0,0,0,0,0,0,0,0,0,0,0,0,0,0,0,0,0,0,0,0,0,0,0,0,0,0,0,0,0,0,0,0,0,0,0,0,0,0,0,0,0,0,0,0,0,0
3703,0,0,0,0,0,0,0,0,0,0,0,0,0,0,0,0,0,0,0,0,0,0,0,0,0,0,0,0,0,0,0,0,0,0,0,0,0,0,0,0,0,0,0,0,0,0,0,0,0,0,0,0,0,0,0,0,0,0,0,0,0,0,0,0,0,0,0,0,0,0,0,0,0,0,0,0,0,0,0,0,0,0,0,0,0,0,0,0,0,0,0,0,0,0,0,0,0,0,0,0,0,0,0,0,0,0,0,0,0,0,0,0,0,0,0,0,0,0,0,0,0,0,0,0,0,0,0,0,0,0,0,0,0,0,0,0,0,0,0,0,0,0,0,0,0,0,0,0,0,0,0,0,0,0,0,0,0,0,0,0,0,0,0,0,0,0,0,0,0,0,0,0,0,0,0,0,0,0,0,0,0,0,0,0,0,0,0,0,0,0,0,0,0,0,0,0,0,0,0,0
3704,0,0,0,0,0,0,0,0,0,0,0,0,0,0,0,0,0,0,0,0,0,0,0,0,0,0,0,0,0,0,0,0,0,0,0,0,0,0,0,0,0,0,0,0,0,0,0,0,0,0,0,0,0,0,0,0,0,0,0,0,0,0,0,0,0,0,0,0,0,0,0,0,0,0,0,0,0,0,0,0,0,0,0,0,0,0,0,0,0,0,0,0,0,0,0,0,0,0,0,0,0,0,0,0,0,0,0,0,0,0,0,0,0,0,0,0,0,0,0,0,0,0,0,0,0,0,0,0,0,0,0,0,0,0,0,0,0,0,0,0,0,0,0,0,0,0,0,0,0,0,0,0,0,0,0,0,0,0,0,0,0,0,0,0,0,0,0,0,0,0,0,0,0,0,0,0,0,0,0,0,0,0,0,0,0,0,0,0,0,0,0,0,0,0,0,0,0,0,0,0
3705,0,0,0,0,0,0,0,0,0,0,0,0,0,0,0,0,0,0,0,0,0,0,0,0,0,0,0,0,0,0,0,0,0,0,0,0,0,0,0,0,0,0,0,0,0,0,0,0,0,0,0,0,0,0,0,0,0,0,0,0,0,0,0,0,0,0,0,0,0,0,0,0,0,0,0,0,0,0,0,0,0,0,0,0,0,0,0,0,0,0,0,0,0,0,0,0,0,0,0,0,0,0,0,0,0,0,0,0,0,0,0,0,0,0,0,0,0,0,0,0,0,0,0,0,0,0,0,0,0,0,0,0,0,0,0,0,0,0,0,0,0,0,0,0,0,0,0,0,0,0,0,0,0,0,0,0,0,0,0,0,0,0,0,0,0,0,0,0,0,0,0,0,0,0,0,0,0,0,0,0,0,0,0,0,0,0,0,0,0,0,0,0,0,0,0,0,0,0,0,0
3706,0,0,0,0,0,0,0,0,0,0,0,0,0,0,0,0,0,0,0,0,0,0,0,0,0,0,0,0,0,0,0,0,0,0,0,0,0,0,0,0,0,0,0,0,0,0,0,0,0,0,0,0,0,0,0,0,0,0,0,0,0,0,0,0,0,0,0,0,0,0,0,0,0,0,0,0,0,0,0,0,0,0,0,0,0,0,0,0,0,0,0,0,0,0,0,0,0,0,0,0,0,0,0,0,0,0,0,0,0,0,0,0,0,0,0,0,0,0,0,0,0,0,0,0,0,0,0,0,0,0,0,0,0,0,0,0,0,0,0,0,0,0,0,0,0,0,0,0,0,0,0,0,0,0,0,0,0,0,0,0,0,0,0,0,0,0,0,0,0,0,0,0,0,0,0,0,0,0,0,0,0,0,0,0,0,0,0,0,0,0,0,0,0,0,0,0,0,0,0,0
3707,0,0,0,0,0,0,0,0,0,0,0,0,0,0,0,0,0,0,0,0,0,0,0,0,0,0,0,0,0,0,0,0,0,0,0,0,0,0,0,0,0,0,0,0,0,0,0,0,0,0,0,0,0,0,0,0,0,0,0,0,0,0,0,0,0,0,0,0,0,0,0,0,0,0,0,0,0,0,0,0,0,0,0,0,0,0,0,0,0,0,0,0,0,0,0,0,0,0,0,0,0,0,0,0,0,0,0,0,0,0,0,0,0,0,0,0,0,0,0,0,0,0,0,0,0,0,0,0,0,0,0,0,0,0,0,0,0,0,0,0,0,0,0,0,0,0,0,0,0,0,0,0,0,0,0,0,0,0,0,0,0,0,0,0,0,0,0,0,0,0,0,0,0,0,0,0,0,0,0,0,0,0,0,0,0,0,0,0,0,0,0,0,0,0,0,0,0,0,0,0
3708,0,0,0,0,0,0,0,0,0,0,0,0,0,0,0,0,0,0,0,0,0,0,0,0,0,0,0,0,0,0,0,0,0,0,0,0,0,0,0,0,0,0,0,0,0,0,0,0,0,0,0,0,0,0,0,0,0,0,0,0,0,0,0,0,0,0,0,0,0,0,0,0,0,0,0,0,0,0,0,0,0,0,0,0,0,0,0,0,0,0,0,0,0,0,0,0,0,0,0,0,0,0,0,0,0,0,0,0,0,0,0,0,0,0,0,0,0,0,0,0,0,0,0,0,0,0,0,0,0,0,0,0,0,0,0,0,0,0,0,0,0,0,0,0,0,0,0,0,0,0,0,0,0,0,0,0,0,0,0,0,0,0,0,0,0,0,0,0,0,0,0,0,0,0,0,0,0,0,0,0,0,0,0,0,0,0,0,0,0,0,0,0,0,0,0,0,0,0,0,0
3709,0,0,0,0,0,0,0,0,0,0,0,0,0,0,0,0,0,0,0,0,0,0,0,0,0,0,0,0,0,0,0,0,0,0,0,0,0,0,0,0,0,0,0,0,0,0,0,0,0,0,0,0,0,0,0,0,0,0,0,0,0,0,0,0,0,0,0,0,0,0,0,0,0,0,0,0,0,0,0,0,0,0,0,0,0,0,0,0,0,0,0,0,0,0,0,0,0,0,0,0,0,0,0,0,0,0,0,0,0,0,0,0,0,0,0,0,0,0,0,0,0,0,0,0,0,0,0,0,0,0,0,0,0,0,0,0,0,0,0,0,0,0,0,0,0,0,0,0,0,0,0,0,0,0,0,0,0,0,0,0,0,0,0,0,0,0,0,0,0,0,0,0,0,0,0,0,0,0,0,0,0,0,0,0,0,0,0,0,0,0,0,0,0,0,0,0,0,0,0,0
3710,0,0,0,0,0,0,0,0,0,0,0,0,0,0,0,0,0,0,0,0,0,0,0,0,0,0,0,0,0,0,0,0,0,0,0,0,0,0,0,0,0,0,0,0,0,0,0,0,0,0,0,0,0,0,0,0,0,0,0,0,0,0,0,0,0,0,0,0,0,0,0,0,0,0,0,0,0,0,0,0,0,0,0,0,0,0,0,0,0,0,0,0,0,0,0,0,0,0,0,0,0,0,0,0,0,0,0,0,0,0,0,0,0,0,0,0,0,0,0,0,0,0,0,0,0,0,0,0,0,0,0,0,0,0,0,0,0,0,0,0,0,0,0,0,0,0,0,0,0,0,0,0,0,0,0,0,0,0,0,0,0,0,0,0,0,0,0,0,0,0,0,0,0,0,0,0,0,0,0,0,0,0,0,0,0,0,0,0,0,0,0,0,0,0,0,0,0,0,0,0
3711,0,0,0,0,0,0,0,0,0,0,0,0,0,0,0,0,0,0,0,0,0,0,0,0,0,0,0,0,0,0,0,0,0,0,0,0,0,0,0,0,0,0,0,0,0,0,0,0,0,0,0,0,0,0,0,0,0,0,0,0,0,0,0,0,0,0,0,0,0,0,0,0,0,0,0,0,0,0,0,0,0,0,0,0,0,0,0,0,0,0,0,0,0,0,0,0,0,0,0,0,0,0,0,0,0,0,0,0,0,0,0,0,0,0,0,0,0,0,0,0,0,0,0,0,0,0,0,0,0,0,0,0,0,0,0,0,0,0,0,0,0,0,0,0,0,0,0,0,0,0,0,0,0,0,0,0,0,0,0,0,0,0,0,0,0,0,0,0,0,0,0,0,0,0,0,0,0,0,0,0,0,0,0,0,0,0,0,0,0,0,0,0,0,0,0,0,0,0,0,0
3712,0,0,0,0,0,0,0,0,0,0,0,0,0,0,0,0,0,0,0,0,0,0,0,0,0,0,0,0,0,0,0,0,0,0,0,0,0,0,0,0,0,0,0,0,0,0,0,0,0,0,0,0,0,0,0,0,0,0,0,0,0,0,0,0,0,0,0,0,0,0,0,0,0,0,0,0,0,0,0,0,0,0,0,0,0,0,0,0,0,0,0,0,0,0,0,0,0,0,0,0,0,0,0,0,0,0,0,0,0,0,0,0,0,0,0,0,0,0,0,0,0,0,0,0,0,0,0,0,0,0,0,0,0,0,0,0,0,0,0,0,0,0,0,0,0,0,0,0,0,0,0,0,0,0,0,0,0,0,0,0,0,0,0,0,0,0,0,0,0,0,0,0,0,0,0,0,0,0,0,0,0,0,0,0,0,0,0,0,0,0,0,0,0,0,0,0,0,0,0,0
3713,0,0,0,0,0,0,0,0,0,0,0,0,0,0,0,0,0,0,0,0,0,0,0,0,0,0,0,0,0,0,0,0,0,0,0,0,0,0,0,0,0,0,0,0,0,0,0,0,0,0,0,0,0,0,0,0,0,0,0,0,0,0,0,0,0,0,0,0,0,0,0,0,0,0,0,0,0,0,0,0,0,0,0,0,0,0,0,0,0,0,0,0,0,0,0,0,0,0,0,0,0,0,0,0,0,0,0,0,0,0,0,0,0,0,0,0,0,0,0,0,0,0,0,0,0,0,0,0,0,0,0,0,0,0,0,0,0,0,0,0,0,0,0,0,0,0,0,0,0,0,0,0,0,0,0,0,0,0,0,0,0,0,0,0,0,0,0,0,0,0,0,0,0,0,0,0,0,0,0,0,0,0,0,0,0,0,0,0,0,0,0,0,0,0,0,0,0,0,0,0
3714,0,0,0,0,0,0,0,0,0,0,0,0,0,0,0,0,0,0,0,0,0,0,0,0,0,0,0,0,0,0,0,0,0,0,0,0,0,0,0,0,0,0,0,0,0,0,0,0,0,0,0,0,0,0,0,0,0,0,0,0,0,0,0,0,0,0,0,0,0,0,0,0,0,0,0,0,0,0,0,0,0,0,0,0,0,0,0,0,0,0,0,0,0,0,0,0,0,0,0,0,0,0,0,0,0,0,0,0,0,0,0,0,0,0,0,0,0,0,0,0,0,0,0,0,0,0,0,0,0,0,0,0,0,0,0,0,0,0,0,0,0,0,0,0,0,0,0,0,0,0,0,0,0,0,0,0,0,0,0,0,0,0,0,0,0,0,0,0,0,0,0,0,0,0,0,0,0,0,0,0,0,0,0,0,0,0,0,0,0,0,0,0,0,0,0,0,0,0,0,0
3715,0,0,0,0,0,0,0,0,0,0,0,0,0,0,0,0,0,0,0,0,0,0,0,0,0,0,0,0,0,0,0,0,0,0,0,0,0,0,0,0,0,0,0,0,0,0,0,0,0,0,0,0,0,0,0,0,0,0,0,0,0,0,0,0,0,0,0,0,0,0,0,0,0,0,0,0,0,0,0,0,0,0,0,0,0,0,0,0.0000000000,0,0,0,0,0,0,0,0,0,0,0,0,0,0,0,0,0,0,0,0,0,0,0,0,0,0,0,0,0,0,0,0,0,0,0,0,0,0,0,0,0,0,0,0,0,0,0,0,0,0,0,0,0,0,0,0,0,0,0,0,0,0,0,0,0,0,0,0,0,0,0,0,0,0,0,0,0,0,0,0,0,0,0,0,0,0,0,0,0,0,0,0,0,0,0,0,0,0,0,0,0,0,0,0,0,0,0,0,0,0,0,0
3716,0,0,0,0,0,0,0,0,0,0,0,0,0,0,0,0,0,0,0,0,0,0,0,0,0,0,0,0,0,0,0,0,0,0,0,0,0,0,0,0,0,0,0,0,0,0,0,0,0,0,0,0,0,0,0,0,0,0,0,0,0,0,0,0,0,0,0,0,0,0,0,0,0,0,0,0,0,0,0,0,0,0,0,0,0,0,0,0,0,0,0,0,0,0,0,0,0,0,0,0,0,0,0,0,0,0,0,0,0,0,0,0,0,0,0,0,0,0,0,0,0,0,0,0,0,0,0,0,0,0,0,0,0,0,0,0,0,0,0,0,0,0,0,0,0,0,0,0,0,0,0,0,0,0,0,0,0,0,0,0,0,0,0,0,0,0,0,0,0,0,0,0,0,0,0,0,0,0,0,0,0,0,0,0,0,0,0,0,0,0,0,0,0,0,0,0,0,0,0,0
3717,0,0,0,0,0,0,0,0,0,0,0,0,0,0,0,0,0,0,0,0,0,0,0,0,0,0,0,0,0,0,0,0,0,0,0,0,0,0,0,0,0,0,0,0,0,0,0,0,0,0,0,0,0,0,0,0,0,0,0,0,0,0,0,0,0,0,0,0,0,0,0,0,0,0,0,0,0,0,0,0,0,0,0,0,0,0,0,0,0,0,0,0,0,0,0,0,0,0,0,0,0,0,0,0,0,0,0,0,0,0,0,0,0,0,0,0,0,0,0,0,0,0,0,0,0,0,0,0,0,0,0,0,0,0,0,0,0,0,0,0,0,0,0,0,0,0,0,0,0,0,0,0,0,0,0,0,0,0,0,0,0,0,0,0,0,0,0,0,0,0,0,0,0,0,0,0,0,0,0,0,0,0,0,0,0,0,0,0,0,0,0,0,0,0,0,0,0,0,0,0
3718,0,0,0,0,0,0,0,0,0,0,0,0,0,0,0,0,0,0,0,0,0,0,0,0,0,0,0,0,0,0,0,0,0,0,0,0,0,0,0,0,0,0,0,0,0,0,0,0,0,0,0,0,0,0,0,0,0,0,0,0,0,0,0,0,0,0,0,0,0,0,0,0,0,0,0,0,0,0,0,0,0,0,0,0,0,0,0,0,0,0,0,0,0,0,0,0,0,0,0,0,0,0,0,0,0,0,0,0,0,0,0,0,0,0,0,0,0,0,0,0,0,0,0,0,0,0,0,0,0,0,0,0,0,0,0,0,0,0,0,0,0,0,0,0,0,0,0,0,0,0,0,0,0,0,0,0,0,0,0,0,0,0,0,0,0,0,0,0,0,0,0,0,0,0,0,0,0,0,0,0,0,0,0,0,0,0,0,0,0,0,0,0,0,0,0,0,0,0,0,0
3719,0,0,0,0,0,0,0,0,0,0,0,0,0,0,0,0,0,0,0,0,0,0,0,0,0,0,0,0,0,0,0,0,0,0,0,0,0,0,0,0,0,0,0,0,0,0,0,0,0,0,0,0,0,0,0,0,0,0,0,0,0,0,0,0,0,0,0,0,0,0,0,0,0,0,0,0,0,0,0,0,0,0,0,0,0,0,0,0,0,0,0,0,0,0,0,0,0,0,0,0,0,0,0,0,0,0,0,0,0,0,0,0,0,0,0,0,0,0,0,0,0,0,0,0,0,0,0,0,0,0,0,0,0,0,0,0,0,0,0,0,0,0,0,0,0,0,0,0,0,0,0,0,0,0,0,0,0,0,0,0,0,0,0,0,0,0,0,0,0,0,0,0,0,0,0,0,0,0,0,0,0,0,0,0,0,0,0,0,0,0,0,0,0,0,0,0,0,0,0,0
3720,0,0,0,0,0,0,0,0,0,0,0,0,0,0,0,0,0,0,0,0,0,0,0,0,0,0,0,0,0,0,0,0,0,0,0,0,0,0,0,0,0,0,0,0,0,0,0,0,0,0,0,0,0,0,0,0,0,0,0,0,0,0,0,0,0,0,0,0,0,0,0,0,0,0,0,0,0,0,0,0,0,0,0,0,0,0,0,0,0,0,0,0,0,0,0,0,0,0,0,0,0,0,0,0,0,0,0,0,0,0,0,0,0,0,0,0,0,0,0,0,0,0,0,0,0,0,0,0,0,0,0,0,0,0,0,0,0,0,0,0,0,0,0,0,0,0,0,0,0,0,0,0,0,0,0,0,0,0,0,0,0,0,0,0,0,0,0,0,0,0,0,0,0,0,0,0,0,0,0,0,0,0,0,0,0,0,0,0,0,0,0,0,0,0,0,0,0,0,0,0
3721,0,0,0,0,0,0,0,0,0,0,0,0,0,0,0,0,0,0,0,0,0,0,0,0,0,0,0,0,0,0,0,0,0,0,0,0,0,0,0,0,0,0,0,0,0,0,0,0,0,0,0,0,0,0,0,0,0,0,0,0,0,0,0,0,0,0,0,0,0,0,0,0,0,0,0,0,0,0,0,0,0,0,0,0,0,0,0,0,0,0,0,0,0,0,0,0,0,0,0,0,0,0,0,0,0,0,0,0,0,0,0,0,0,0,0,0,0,0,0,0,0,0,0,0,0,0,0,0,0,0,0,0,0,0,0,0,0,0,0,0,0,0,0,0,0,0,0,0,0,0,0,0,0,0,0,0,0,0,0,0,0,0,0,0,0,0,0,0,0,0,0,0,0,0,0,0,0,0,0,0,0,0,0,0,0,0,0,0,0,0,0,0,0,0,0,0,0,0,0,0
3722,0,0,0,0,0,0,0,0,0,0,0,0,0,0,0,0,0,0,0,0,0,0,0,0,0,0,0,0,0,0,0,0,0,0,0,0,0,0,0,0,0,0,0,0,0,0,0,0,0,0,0,0,0,0,0,0,0,0,0,0,0,0,0,0,0,0,0,0,0,0,0,0,0,0,0,0,0,0,0,0,0,0,0,0,0,0,0,0,0,0,0,0,0,0,0,0,0,0,0,0,0,0,0,0,0,0,0,0,0,0,0,0,0,0,0,0,0,0,0,0,0,0,0,0,0,0,0,0,0,0,0,0,0,0,0,0,0,0,0,0,0,0,0,0,0,0,0,0,0,0,0,0,0,0,0,0,0,0,0,0,0,0,0,0,0,0,0,0,0,0,0,0,0,0,0,0,0,0,0,0,0,0,0,0,0,0,0,0,0,0,0,0,0,0,0,0,0,0,0,0
3723,0,0,0,0,0,0,0,0,0,0,0,0,0,0,0,0,0,0,0,0,0,0,0,0,0,0,0,0,0,0,0,0,0,0,0,0,0,0,0,0,0,0,0,0,0,0,0,0,0,0,0,0,0,0,0,0,0,0,0,0,0,0,0,0,0,0,0,0,0,0,0,0,0,0,0,0,0,0,0,0,0,0,0,0,0,0,0,0,0,0,0,0,0,0,0,0,0,0,0,0,0,0,0,0,0,0,0,0,0,0,0,0,0,0,0,0,0,0,0,0,0,0,0,0,0,0,0,0,0,0,0,0,0,0,0,0,0,0,0,0,0,0,0,0,0,0,0,0,0,0,0,0,0,0,0,0,0,0,0,0,0,0,0,0,0,0,0,0,0,0,0,0,0,0,0,0,0,0,0,0,0,0,0,0,0,0,0,0,0,0,0,0,0,0,0,0,0,0,0,0
3724,0,0,0,0,0,0,0,0,0,0,0,0,0,0,0,0,0,0,0,0,0,0,0,0,0,0,0,0,0,0,0,0,0,0,0,0,0,0,0,0,0,0,0,0,0,0,0,0,0,0,0,0,0,0,0,0,0,0,0,0,0,0,0,0,0,0,0,0,0,0,0,0,0,0,0,0,0,0,0,0,0,0,0,0,0,0,0,0,0,0,0,0,0,0,0,0,0,0,0,0,0,0,0,0,0,0,0,0,0,0,0,0,0,0,0,0,0,0,0,0,0,0,0,0,0,0,0,0,0,0,0,0,0,0,0,0,0,0,0,0,0,0,0,0,0,0,0,0,0,0,0,0,0,0,0,0,0,0,0,0,0,0,0,0,0,0,0,0,0,0,0,0,0,0,0,0,0,0,0,0,0,0,0,0,0,0,0,0,0,0,0,0,0,0,0,0,0,0,0,0
3725,0,0,0,0,0,0,0,0,0,0,0,0,0,0,0,0,0,0,0,0,0,0,0,0,0,0,0,0,0,0,0,0,0,0,0,0,0,0,0,0,0,0,0,0,0,0,0,0,0,0,0,0,0,0,0,0,0,0,0,0,0,0,0,0,0,0,0,0,0,0,0,0,0,0,0,0,0,0,0,0,0,0,0,0,0,0,0,0,0,0,0,0,0,0,0,0,0,0,0,0,0,0,0,0,0,0,0,0,0,0,0,0,0,0,0,0,0,0,0,0,0,0,0,0,0,0,0,0,0,0,0,0,0,0,0,0,0,0,0,0,0,0,0,0,0,0,0,0,0,0,0,0,0,0,0,0,0,0,0,0,0,0,0,0,0,0,0,0,0,0,0,0,0,0,0,0,0,0,0,0,0,0,0,0,0,0,0,0,0,0,0,0,0,0,0,0,0,0,0,0
3726,0,0,0,0,0,0,0,0,0,0,0,0,0,0,0,0,0,0,0,0,0,0,0,0,0,0,0,0,0,0,0,0,0,0,0,0,0,0,0,0,0,0,0,0,0,0,0,0,0,0,0,0,0,0,0,0,0,0,0,0,0,0,0,0,0,0,0,0,0,0,0,0,0,0,0,0,0,0,0,0,0,0,0,0,0,0,0,0,0,0,0,0,0,0,0,0,0,0,0,0,0,0,0,0,0,0,0,0,0,0,0,0,0,0,0,0,0,0,0,0,0,0,0,0,0,0,0,0,0,0,0,0,0,0,0,0,0,0,0,0,0,0,0,0,0,0,0,0,0,0,0,0,0,0,0,0,0,0,0,0,0,0,0,0,0,0,0,0,0,0,0,0,0,0,0,0,0,0,0,0,0,0,0,0,0,0,0,0,0,0,0,0,0,0,0,0,0,0,0,0
3727,0,0,0,0,0,0,0,0,0,0,0,0,0,0,0,0,0,0,0,0,0,0,0,0,0,0,0,0,0,0,0,0,0,0,0,0,0,0,0,0,0,0,0,0,0,0,0,0,0,0,0,0,0,0,0,0,0,0,0,0,0,0,0,0,0,0,0,0,0,0,0,0,0,0,0,0,0,0,0,0,0,0,0,0,0,0,0,0,0,0,0,0,0,0,0,0,0,0,0,0,0,0,0,0,0,0,0,0,0,0,0,0,0,0,0,0,0,0,0,0,0,0,0,0,0,0,0,0,0,0,0,0,0,0,0,0,0,0,0,0,0,0,0,0,0,0,0,0,0,0,0,0,0,0,0,0,0,0,0,0,0,0,0,0,0,0,0,0,0,0,0,0,0,0,0,0,0,0,0,0,0,0,0,0,0,0,0,0,0,0,0,0,0,0,0,0,0,0,0,0
3728,0,0,0,0,0,0,0,0,0,0,0,0,0,0,0,0,0,0,0,0,0,0,0,0,0,0,0,0,0,0,0,0,0,0,0,0,0,0,0,0,0,0,0,0,0,0,0,0,0,0,0,0,0,0,0,0,0,0,0,0,0,0,0,0,0,0,0,0,0,0,0,0,0,0,0,0,0,0,0,0,0,0,0,0,0,0,0,0,0,0,0,0,0,0,0,0,0,0,0,0,0,0,0,0,0,0,0,0,0,0,0,0,0,0,0,0,0,0,0,0,0,0,0,0,0,0,0,0,0,0,0,0,0,0,0,0,0,0,0,0,0,0,0,0,0,0,0,0,0,0,0,0,0,0,0,0,0,0,0,0,0,0,0,0,0,0,0,0,0,0,0,0,0,0,0,0,0,0,0,0,0,0,0,0,0,0,0,0,0,0,0,0,0,0,0,0,0,0,0,0
3729,0,0,0,0,0,0,0,0,0,0,0,0,0,0,0,0,0,0,0,0,0,0,0,0,0,0,0,0,0,0,0,0,0,0,0,0,0,0,0,0,0,0,0,0,0,0,0,0,0,0,0,0,0,0,0,0,0,0,0,0,0,0,0,0,0,0,0,0,0,0,0,0,0,0,0,0,0,0,0,0,0,0,0,0,0,0,0,0,0,0,0,0,0,0,0,0,0,0,0,0,0,0,0,0,0,0,0,0,0,0,0,0,0,0,0,0,0,0,0,0,0,0,0,0,0,0,0,0,0,0,0,0,0,0,0,0,0,0,0,0,0,0,0,0,0,0,0,0,0,0,0,0,0,0,0,0,0,0,0,0,0,0,0,0,0,0,0,0,0,0,0,0,0,0,0,0,0,0,0,0,0,0,0,0,0,0,0,0,0,0,0,0,0,0,0,0,0,0,0,0
3730,0,0,0,0,0,0,0,0,0,0,0,0,0,0,0,0,0,0,0,0,0,0,0,0,0,0,0,0,0,0,0,0,0.0000000000,0,0,0,0,0,0,0,0,0,0,0,0,0,0,0,0,0,0,0,0,0,0,0,0,0,0,0,0,0,0,0,0,0,0,0,0,0,0,0,0,0,0,0,0,0,0,0,0,0,0,0,0,0,0,0,0,0,0,0,0,0,0,0,0,0,0,0,0,0,0,0,0,0,0,0,0,0,0,0,0,0,0,0,0,0,0,0,0,0,0,0,0,0,0,0,0,0,0,0,0,0,0,0,0,0,0,0,0,0,0,0,0,0,0,0,0,0,0,0,0,0,0,0,0,0,0,0,0,0,0,0,0,0,0,0,0,0,0,0,0,0,0,0,0,0,0,0,0,0,0,0,0,0,0,0,0,0,0,0,0,0,0,0,0,0,0,0
3731,0,0,0,0,0,0,0,0,0,0,0,0,0,0,0,0,0,0,0,0,0,0,0,0,0,0,0,0,0,0,0,0,0,0,0,0,0,0,0,0,0,0,0,0,0,0,0,0,0,0,0,0,0,0,0,0,0,0,0,0,0,0,0,0,0,0,0,0,0,0,0,0,0,0,0,0,0,0,0,0,0,0,0,0,0,0,0,0,0,0,0,0,0,0,0,0,0,0,0,0,0,0,0,0,0,0,0,0,0,0,0,0,0,0,0,0,0,0,0,0,0,0,0,0,0,0,0,0,0,0,0,0,0,0,0,0,0,0,0,0,0,0,0,0,0,0,0,0,0,0,0,0,0,0,0,0,0,0,0,0,0,0,0,0,0,0,0,0,0,0,0,0,0,0,0,0,0,0,0,0,0,0,0,0,0,0,0,0,0,0,0,0,0,0,0,0,0,0,0,0
3732,0,0,0,0,0,0,0,0,0,0,0,0,0,0,0,0,0,0,0,0,0,0,0,0,0,0,0,0,0,0,0,0,0,0,0,0,0,0,0,0,0,0,0,0,0,0,0,0,0,0,0,0,0,0,0,0,0,0,0,0,0,0,0,0,0,0,0,0,0,0,0,0,0,0,0,0,0,0,0,0,0,0,0,0,0,0,0,0,0,0,0,0,0,0,0,0,0,0,0,0,0,0,0,0,0,0,0,0,0,0,0,0,0,0,0,0,0,0,0,0,0,0,0,0,0,0,0,0,0,0,0,0,0,0,0,0,0,0,0,0,0,0,0,0,0,0,0,0,0,0,0,0,0,0,0,0,0,0,0,0,0,0,0,0,0,0,0,0,0,0,0,0,0,0,0,0,0,0,0,0,0,0,0,0,0,0,0,0,0,0,0,0,0,0,0,0,0,0,0,0
3733,0,0,0,0,0,0,0,0,0,0,0,0,0,0,0,0,0,0,0,0,0,0,0,0,0,0,0,0,0,0,0,0,0,0,0,0,0,0,0,0,0,0,0,0,0,0,0,0,0,0,0,0,0,0,0,0,0,0,0,0,0,0,0,0,0,0,0,0,0,0,0,0,0,0,0,0,0,0,0,0,0,0,0,0,0,0,0,0,0,0,0,0,0,0,0,0,0,0,0,0,0,0,0,0,0,0,0,0,0,0,0,0,0,0,0,0,0,0,0,0,0,0,0,0,0,0,0,0,0,0,0,0,0,0,0,0,0,0,0,0,0,0,0,0,0,0,0,0,0,0,0,0,0,0,0,0,0,0,0,0,0,0,0,0,0,0,0,0,0,0,0,0,0,0,0,0,0,0,0,0,0,0,0,0,0,0,0,0,0,0,0,0,0,0,0,0,0,0,0,0
3734,0,0,0,0,0,0,0,0,0,0,0,0,0,0,0,0,0,0,0,0,0,0,0,0,0,0,0,0,0,0,0,0,0,0,0,0,0,0,0,0,0,0,0,0,0,0,0,0,0,0,0,0,0,0,0,0,0,0,0,0,0,0,0,0,0,0,0,0,0,0,0,0,0,0,0,0,0,0,0,0,0,0,0,0,0,0,0,0,0,0,0,0,0,0,0,0,0,0,0,0,0,0,0,0,0,0,0,0,0,0,0,0,0,0,0,0,0,0,0,0,0,0,0,0,0,0,0,0,0,0,0,0,0,0,0,0,0,0,0,0,0,0,0,0,0,0,0,0,0,0,0,0,0,0,0,0,0,0,0,0,0,0,0,0,0,0,0,0,0,0,0,0,0,0,0,0,0,0,0,0,0,0,0,0,0,0,0,0,0,0,0,0,0,0,0,0,0,0,0,0
3735,0,0,0,0,0,0,0,0,0,0,0,0,0,0,0,0,0,0,0,0,0,0,0,0,0,0,0,0,0,0,0,0,0,0,0,0,0,0,0,0,0,0,0,0,0,0,0,0,0,0,0,0,0,0,0,0,0,0,0,0,0,0,0,0,0,0,0,0,0,0,0,0,0,0,0,0,0,0,0,0,0,0,0,0,0,0,0,0,0,0,0,0,0,0,0,0,0,0,0,0,0,0,0,0,0,0,0,0,0,0,0,0,0,0,0,0,0,0,0,0,0,0,0,0,0,0,0,0,0,0,0,0,0,0,0,0,0,0,0,0,0,0,0,0,0,0,0,0,0,0,0,0,0,0,0,0,0,0,0,0,0,0,0,0,0,0,0,0,0,0,0,0,0,0,0,0,0,0,0,0,0,0,0,0,0,0,0,0,0,0,0,0,0,0,0,0,0,0,0,0
3736,0,0,0,0,0,0,0,0,0,0,0,0,0,0,0,0,0,0,0,0,0,0,0,0,0,0,0,0,0,0,0,0,0,0,0,0,0,0,0,0,0,0,0,0,0,0,0,0,0,0,0,0,0,0,0,0,0,0,0,0,0,0,0,0,0,0,0,0,0,0,0,0,0,0,0,0,0,0,0,0,0,0,0,0,0,0,0,0,0,0,0,0,0,0,0,0,0,0,0,0,0,0,0,0,0,0,0,0,0,0,0,0,0,0,0,0,0,0,0,0,0,0,0,0,0,0,0,0,0,0,0,0,0,0,0,0,0,0,0,0,0,0,0,0,0,0,0,0,0,0,0,0,0,0,0,0,0,0,0,0,0,0,0,0,0,0,0,0,0,0,0,0,0,0,0,0,0,0,0,0,0,0,0,0,0,0,0,0,0,0,0,0,0,0,0,0,0,0,0,0
3737,0,0,0,0,0,0,0,0,0,0,0,0,0,0,0,0,0,0,0,0,0,0,0,0,0,0,0,0,0,0,0,0,0,0,0,0,0,0,0,0,0,0,0,0,0,0,0,0,0,0,0,0,0,0,0,0,0,0,0,0,0,0,0,0,0,0,0,0,0,0,0,0,0,0,0,0,0,0,0,0,0,0,0,0,0,0,0,0,0,0,0,0,0,0,0,0,0,0,0,0,0,0,0,0,0,0,0,0,0,0,0,0,0,0,0,0,0,0,0,0,0,0,0,0,0,0,0,0,0,0,0,0,0,0,0,0,0,0,0,0,0,0,0,0,0,0,0,0,0,0,0,0,0,0,0,0,0,0,0,0,0,0,0,0,0,0,0,0,0,0,0,0,0,0,0,0,0,0,0,0,0,0,0,0,0,0,0,0,0,0,0,0,0,0,0,0,0,0,0,0
3738,0,0,0,0,0,0,0,0,0,0,0,0,0,0,0,0,0,0,0,0,0,0,0,0,0,0,0,0,0,0,0,0,0,0,0,0,0,0,0,0,0,0,0,0,0,0,0,0,0,0,0,0,0,0,0,0,0,0,0,0,0,0,0,0,0,0,0,0,0,0,0,0,0,0,0,0,0,0,0,0,0,0,0,0,0,0,0,0,0,0,0,0,0,0,0,0,0,0,0,0,0,0,0,0,0,0,0,0,0,0,0,0,0,0,0,0,0,0,0,0,0,0,0,0,0,0,0,0,0,0,0,0,0,0,0,0,0,0,0,0,0,0,0,0,0,0,0,0,0,0,0,0,0,0,0,0,0,0,0,0,0,0,0,0,0,0,0,0,0,0,0,0,0,0,0,0,0,0,0,0,0,0,0,0,0,0,0,0,0,0,0,0,0,0,0,0,0,0,0,0
3739,0,0,0,0,0,0,0,0,0,0,0,0,0,0,0,0,0,0,0,0,0,0,0,0,0,0,0,0,0,0,0,0,0,0,0,0,0,0,0,0,0,0,0,0,0,0,0,0,0,0,0,0,0,0,0,0,0,0,0,0,0,0,0,0,0,0,0,0,0,0,0,0,0,0,0,0,0,0,0,0,0,0,0,0,0,0,0,0,0,0,0,0,0,0,0,0,0,0,0,0,0,0,0,0,0,0,0,0,0,0,0,0,0,0,0,0,0,0,0,0,0,0,0,0,0,0,0,0,0,0,0,0,0,0,0,0,0,0,0,0,0,0,0,0,0,0,0,0,0,0,0,0,0,0,0,0,0,0,0,0,0,0,0,0,0,0,0,0,0,0,0,0,0,0,0,0,0,0,0,0,0,0,0,0,0,0,0,0,0,0,0,0,0,0,0,0,0,0,0,0
3740,0,0,0,0,0,0,0,0,0,0,0,0,0,0,0,0,0,0,0,0,0,0,0,0,0,0,0,0,0,0,0,0,0,0,0,0,0,0,0,0,0,0,0,0,0,0,0,0,0,0,0,0,0,0,0,0,0,0,0,0,0,0,0,0,0,0,0,0,0,0,0,0,0,0,0,0,0,0,0,0,0,0,0,0,0,0,0,0,0,0,0,0,0,0,0,0,0,0,0,0,0,0,0,0,0,0,0,0,0,0,0,0,0,0,0,0,0,0,0,0,0,0,0,0,0,0,0,0,0,0,0,0,0,0,0,0,0,0,0,0,0,0,0,0,0,0,0,0,0,0,0,0,0,0,0,0,0,0,0,0,0,0,0,0,0,0,0,0,0,0,0,0,0,0,0,0,0,0,0,0,0,0,0,0,0,0,0,0,0,0,0,0,0,0,0,0,0,0,0,0
3741,0,0,0,0,0,0,0,0,0,0,0,0,0,0,0,0,0,0,0,0,0,0,0,0,0,0,0,0,0,0,0,0,0,0,0,0,0,0,0,0,0,0,0,0,0,0,0,0,0,0,0,0,0,0,0,0,0,0,0,0,0,0,0,0,0,0,0,0,0,0,0,0,0,0,0,0,0,0,0,0,0,0,0,0,0,0,0,0,0,0,0,0,0,0,0,0,0,0,0,0,0,0,0,0,0,0,0,0,0,0,0,0,0,0,0,0,0,0,0,0,0,0,0,0,0,0,0,0,0,0,0,0,0,0,0,0,0,0,0,0,0,0,0,0,0,0,0,0,0,0,0,0,0,0,0,0,0,0,0,0,0,0,0,0,0,0,0,0,0,0,0,0,0,0,0,0,0,0,0,0,0,0,0,0,0,0,0,0,0,0,0,0,0,0,0,0,0,0,0,0
3742,0,0,0,0,0,0,0,0,0,0,0,0,0,0,0,0,0,0,0,0,0,0,0,0,0,0,0,0,0,0,0,0,0,0,0,0,0,0,0,0,0,0,0,0,0,0,0,0,0,0,0,0,0,0,0,0,0,0,0,0,0,0,0,0,0,0,0,0,0,0,0,0,0,0,0,0,0,0,0,0,0,0,0,0,0,0,0,0,0,0,0,0,0,0,0,0,0,0,0,0,0,0,0,0,0,0,0,0,0,0,0,0,0,0,0,0,0,0,0,0,0,0,0,0,0,0,0,0,0,0,0,0,0,0,0,0,0,0,0,0,0,0,0,0,0,0,0,0,0,0,0,0,0,0,0,0,0,0,0,0,0,0,0,0,0,0,0,0,0,0,0,0,0,0,0,0,0,0,0,0,0,0,0,0,0,0,0,0,0,0,0,0,0,0,0,0,0,0,0,0
3743,0,0,0,0,0,0,0,0,0,0,0,0,0,0,0,0,0,0,0,0,0,0,0,0,0,0,0,0,0,0,0,0,0,0,0,0,0,0,0,0,0,0,0,0,0,0,0,0,0,0,0,0,0,0,0,0,0,0,0,0,0,0,0,0,0,0,0,0,0,0,0,0,0,0,0,0,0,0,0,0,0,0,0,0,0,0,0,0,0,0,0,0,0,0,0,0,0,0,0,0,0,0,0,0,0,0,0,0,0,0,0,0,0,0,0,0,0,0,0,0,0,0,0,0,0,0,0,0,0,0,0,0,0,0,0,0,0,0,0,0,0,0,0,0,0,0,0,0,0,0,0,0,0,0,0,0,0,0,0,0,0,0,0,0,0,0,0,0,0,0,0,0,0,0,0,0,0,0,0,0,0,0,0,0,0,0,0,0,0,0,0,0,0,0,0,0,0,0,0,0
3744,0,0,0,0,0,0,0,0,0,0,0,0,0,0,0,0,0,0,0,0,0,0,0,0,0,0,0,0,0,0,0,0,0,0,0,0,0,0,0,0,0,0,0,0,0,0,0,0,0,0,0,0,0,0,0,0,0,0,0,0,0,0,0,0,0,0,0,0,0,0,0,0,0,0,0,0,0,0,0,0,0,0,0,0,0,0,0,0,0,0,0,0,0,0,0,0,0,0,0,0,0,0,0,0,0,0,0,0,0,0,0,0,0,0,0,0,0,0,0,0,0,0,0,0,0,0,0,0,0,0,0,0,0,0,0,0,0,0,0,0,0,0,0,0,0,0,0,0,0,0,0,0,0,0,0,0,0,0,0,0,0,0,0,0,0,0,0,0,0,0,0,0,0,0,0,0,0,0,0,0,0,0,0,0,0,0,0,0,0,0,0,0,0,0,0,0,0,0,0,0
3745,0,0,0,0,0,0,0,0,0,0,0,0,0,0,0,0,0,0,0,0,0,0,0,0,0,0,0,0,0,0,0,0,0,0,0,0,0,0,0,0,0,0,0,0,0,0,0,0,0,0,0,0,0,0,0,0,0,0,0,0,0,0,0,0,0,0,0,0,0,0,0,0,0,0,0,0,0,0,0,0,0,0,0,0,0,0,0,0,0,0,0,0,0,0,0,0,0,0,0,0,0,0,0,0,0,0,0,0,0,0,0,0,0,0,0,0,0,0,0,0,0,0,0,0,0,0,0,0,0,0,0,0,0,0,0,0,0,0,0,0,0,0,0,0,0,0,0,0,0,0,0,0,0,0,0,0,0,0,0,0,0,0,0,0,0,0,0,0,0,0,0,0,0,0,0,0,0,0,0,0,0,0,0,0,0,0,0,0,0,0,0,0,0,0,0,0,0,0,0,0
3746,0,0,0,0,0,0,0,0,0,0,0,0,0,0,0,0,0,0,0,0,0,0,0,0,0,0,0,0,0,0,0,0,0,0,0,0,0,0,0,0,0,0,0,0,0,0,0,0,0,0,0,0,0,0,0,0,0,0,0,0,0,0,0,0,0,0,0,0,0,0,0,0,0,0,0,0,0,0,0,0,0,0,0,0,0,0,0,0,0,0,0,0,0,0,0,0,0,0,0,0,0,0,0,0,0,0,0,0,0,0,0,0,0,0,0,0,0,0,0,0,0,0,0,0,0,0,0,0,0,0,0,0,0,0,0,0,0,0,0,0,0,0,0,0,0,0,0,0,0,0,0,0,0,0,0,0,0,0,0,0,0,0,0,0,0,0,0,0,0,0,0,0,0,0,0,0,0,0,0,0,0,0,0,0,0,0,0,0,0,0,0,0,0,0,0,0,0,0,0,0
3747,0,0,0,0,0,0,0,0,0,0,0,0,0,0,0,0,0,0,0,0,0,0,0,0,0,0,0,0,0,0,0,0,0,0,0,0,0,0,0,0,0,0,0,0,0,0,0,0,0,0,0,0,0,0,0,0,0,0,0,0,0,0,0,0,0,0,0,0,0,0,0,0,0,0,0,0,0,0,0,0,0,0,0,0,0,0,0,0,0,0,0,0,0,0,0,0,0,0,0,0,0,0,0,0,0,0,0,0,0,0,0,0,0,0,0,0,0,0,0,0,0,0,0,0,0,0,0,0,0,0,0,0,0,0,0,0,0,0,0,0,0,0,0,0,0,0,0,0,0,0,0,0,0,0,0,0,0,0,0,0,0,0,0,0,0,0,0,0,0,0,0,0,0,0,0,0,0,0,0,0,0,0,0,0,0,0,0,0,0,0,0,0,0,0,0,0,0,0,0,0
3748,0,0,0,0,0,0,0,0,0,0,0,0,0,0,0,0,0,0,0,0,0,0,0,0,0,0,0,0,0,0,0,0,0,0,0,0,0,0,0,0,0,0,0,0,0,0,0,0,0,0,0,0,0,0,0,0,0,0,0,0,0,0,0,0,0,0,0,0,0,0,0,0,0,0,0,0,0,0,0,0,0,0,0,0,0,0,0,0,0,0,0,0,0,0,0,0,0,0,0,0,0,0,0,0,0,0,0,0,0,0,0,0,0,0,0,0,0,0,0,0,0,0,0,0,0,0,0,0,0,0,0,0,0,0,0,0,0,0,0,0,0,0,0,0,0,0,0,0,0,0,0,0,0,0,0,0,0,0,0,0,0,0,0,0,0,0,0,0,0,0,0,0,0,0,0,0,0,0,0,0,0,0,0,0,0,0,0,0,0,0,0,0,0,0,0,0,0,0,0,0
3749,0,0,0,0,0,0,0,0,0,0,0,0,0,0,0,0,0,0,0,0,0,0,0,0,0,0,0,0,0,0,0,0,0,0,0,0,0,0,0,0,0,0,0,0,0,0,0,0,0,0,0,0,0,0,0,0,0,0,0,0,0,0,0,0,0,0,0,0,0,0,0,0,0,0,0,0,0,0,0,0,0,0,0,0,0,0,0,0,0,0,0,0,0,0,0,0,0,0,0,0,0,0,0,0,0,0,0,0,0,0,0,0,0,0,0,0,0,0,0,0,0,0,0,0,0,0,0,0,0,0,0,0,0,0,0,0,0,0,0,0,0,0,0,0,0,0,0,0,0,0,0,0,0,0,0,0,0,0,0,0,0,0,0,0,0,0,0,0,0,0,0,0,0,0,0,0,0,0,0,0,0,0,0,0,0,0,0,0,0,0,0,0,0,0,0,0,0,0,0,0
3750,0,0,0,0,0,0,0,0,0,0,0,0,0,0,0,0,0,0,0,0,0,0,0,0,0,0,0,0,0,0,0,0,0,0,0,0,0,0,0,0,0,0,0,0,0,0,0,0,0,0,0,0,0,0,0,0,0,0,0,0,0,0,0,0,0,0,0,0,0,0,0,0,0,0,0,0,0,0,0,0,0,0,0,0,0,0,0,0,0,0,0,0,0,0,0,0,0,0,0,0,0,0,0,0,0,0,0,0,0,0,0,0,0,0,0,0,0,0,0,0,0,0,0,0,0,0,0,0,0,0,0,0,0,0,0,0,0,0,0,0,0,0,0,0,0,0,0,0,0,0,0,0,0,0,0,0,0,0,0,0,0,0,0,0,0,0,0,0,0,0,0,0,0,0,0,0,0,0,0,0,0,0,0,0,0,0,0,0,0,0,0,0,0,0,0,0,0,0,0,0
3751,0,0,0,0,0,0,0,0,0,0,0,0,0,0,0,0,0,0,0,0,0,0,0,0,0,0,0,0,0,0,0,0,0,0,0,0,0,0,0,0,0,0,0,0,0,0,0,0,0,0,0,0,0,0,0,0,0,0,0,0,0,0,0,0,0,0,0,0,0,0,0,0,0,0,0,0,0,0,0,0,0,0,0,0,0,0,0,0,0,0,0,0,0,0,0,0,0,0,0,0,0,0,0,0,0,0,0,0,0,0,0,0,0,0,0,0,0,0,0,0,0,0,0,0,0,0,0,0,0,0,0,0,0,0,0,0,0,0,0,0,0,0,0,0,0,0,0,0,0,0,0,0,0,0,0,0,0,0,0,0,0,0,0,0,0,0,0,0,0,0,0,0,0,0,0,0,0,0,0,0,0,0,0,0,0,0,0,0,0,0,0,0,0,0,0,0,0,0,0,0
3752,0,0,0,0,0,0,0,0,0,0,0,0,0,0,0,0,0,0,0,0,0,0,0,0,0,0,0,0,0,0,0,0,0,0,0,0,0,0,0,0,0,0,0,0,0,0,0,0,0,0,0,0,0,0,0,0,0,0,0,0,0,0,0,0,0,0,0,0,0,0,0,0,0,0,0,0,0,0,0,0,0,0,0,0,0,0,0,0,0,0,0,0,0,0,0,0,0,0,0,0,0,0,0,0,0,0,0,0,0,0,0,0,0,0,0,0,0,0,0,0,0,0,0,0,0,0,0,0,0,0,0,0,0,0,0,0,0,0,0,0,0,0,0,0,0,0,0,0,0,0,0,0,0,0,0,0,0,0,0,0,0,0,0,0,0,0,0,0,0,0,0,0,0,0,0,0,0,0,0,0,0,0,0,0,0,0,0,0,0,0,0,0,0,0,0,0,0,0,0,0
3753,0,0,0,0,0,0,0,0,0,0,0,0,0,0,0,0,0,0,0,0,0,0,0,0,0,0,0,0,0,0,0,0,0,0,0,0,0,0,0,0,0,0,0,0,0,0,0,0,0,0,0,0,0,0,0,0,0,0,0,0,0,0,0,0,0,0,0,0,0,0,0,0,0,0,0,0,0,0,0,0,0,0,0,0,0,0,0,0,0,0,0,0,0,0,0,0,0,0,0,0,0,0,0,0,0,0,0,0,0,0,0,0,0,0,0,0,0,0,0,0,0,0,0,0,0,0,0,0,0,0,0,0,0,0,0,0,0,0,0,0,0,0,0,0,0,0,0,0,0,0,0,0,0,0,0,0,0,0,0,0,0,0,0,0,0,0,0,0,0,0,0,0,0,0,0,0,0,0,0,0,0,0,0,0,0,0,0,0,0,0,0,0,0,0,0,0,0,0,0,0
3754,0,0,0,0,0,0,0,0,0,0,0,0,0,0,0,0,0,0,0,0,0,0,0,0,0,0,0,0,0,0,0,0,0,0,0,0,0,0,0,0,0,0,0,0,0,0,0,0,0,0,0,0,0,0,0,0,0,0,0,0,0,0,0,0,0,0,0,0,0,0,0,0,0,0,0,0,0,0,0,0,0,0,0.0000000000,0,0,0,0,0,0,0,0,0,0,0,0,0,0,0,0,0,0,0,0,0,0,0,0,0,0,0,0,0,0,0,0,0,0,0,0,0,0,0,0,0,0,0,0,0,0,0,0,0,0,0,0,0,0,0,0,0,0,0,0,0,0,0,0,0,0,0,0,0,0,0,0,0,0,0,0,0,0,0,0,0,0,0,0,0,0,0,0,0,0,0,0,0,0,0,0,0,0,0,0,0,0,0,0,0,0,0,0,0,0,0,0,0,0,0,0,0
3755,0,0,0,0,0,0,0,0,0,0,0,0,0,0,0,0.0000000000,0,0,0,0,0,0,0,0,0,0,0,0,0,0,0,0,0,0,0,0,0,0,0,0,0,0,0,0,0,0,0,0,0,0,0,0,0,0,0,0,0,0,0,0,0,0,0,0,0,0,0,0,0,0,0,0,0,0,0,0,0,0,0,0,0,0,0,0,0,0,0,0,0,0,0,0,0,0,0,0,0,0,0,0,0,0,0,0,0,0,0,0,0,0,0,0,0,0,0,0,0,0,0,0,0,0,0,0,0,0,0,0,0,0,0,0,0,0,0,0,0,0,0,0,0,0,0,0,0,0,0,0,0,0,0,0,0,0,0,0,0,0,0,0,0,0,0,0,0,0,0,0,0,0,0,0,0,0,0,0,0,0,0,0,0,0,0,0,0,0,0,0,0,0,0,0,0,0,0,0,0,0,0,0
3756,0,0,0,0,0,0,0,0,0,0,0,0,0,0,0,0,0,0,0,0,0,0,0,0,0,0,0,0,0,0,0,0,0,0,0,0,0,0,0,0,0,0,0,0,0,0,0,0,0,0,0,0,0,0,0,0,0,0,0,0,0,0,0,0,0,0,0,0,0,0,0,0,0,0,0,0,0,0,0,0,0,0,0,0,0,0,0,0,0,0,0,0,0,0,0,0,0,0,0,0,0,0,0,0,0,0,0,0,0,0,0,0,0,0,0,0,0,0,0,0,0,0,0,0,0,0,0,0,0,0,0,0,0,0,0,0,0,0,0,0,0,0,0,0,0,0,0,0,0,0,0,0,0,0,0,0,0,0,0,0,0,0,0,0,0,0,0,0,0,0,0,0,0,0,0,0,0,0,0,0,0,0,0,0,0,0,0,0,0,0,0,0,0,0,0,0,0,0,0,0
3757,0,0,0,0,0,0,0,0,0,0,0,0,0,0,0,0,0,0,0,0,0,0,0,0,0,0,0,0,0,0,0,0,0,0,0,0,0,0,0,0,0,0,0,0,0,0,0,0,0,0,0,0,0,0,0,0,0,0,0,0,0,0,0,0,0,0,0,0,0,0,0,0,0,0,0,0,0,0,0,0,0,0,0,0,0,0,0,0,0,0,0,0,0,0,0,0,0,0,0,0,0,0,0,0,0,0,0,0,0,0,0,0,0,0,0,0,0,0,0,0,0,0,0,0,0,0,0,0,0,0,0,0,0,0,0,0,0,0,0,0,0,0,0,0,0,0,0,0,0,0,0,0,0,0,0,0,0,0,0,0,0,0,0,0,0,0,0,0,0,0,0,0,0,0,0,0,0,0,0,0,0,0,0,0,0,0,0,0,0,0,0,0,0,0,0,0,0,0,0,0
3758,0,0,0,0,0,0,0,0,0,0,0,0,0,0,0,0,0,0,0,0,0,0,0,0,0,0,0,0,0,0,0,0,0,0,0,0,0,0,0,0,0,0,0,0,0,0,0,0,0,0,0,0,0,0,0,0,0,0,0,0,0,0,0,0,0,0,0,0,0,0,0,0,0,0,0,0,0,0,0,0,0,0,0,0,0,0,0,0,0,0,0,0,0,0,0,0,0,0,0,0,0,0,0,0,0,0,0,0,0,0,0,0,0,0,0,0,0,0,0,0,0,0,0,0,0,0,0,0,0,0,0,0,0,0,0,0,0,0,0,0,0,0,0,0,0,0,0,0,0,0,0,0,0,0,0,0,0,0,0,0,0,0,0,0,0,0,0,0,0,0,0,0,0,0,0,0,0,0,0,0,0,0,0,0,0,0,0,0,0,0,0,0,0,0,0,0,0,0,0,0
3759,0,0,0,0,0,0,0,0,0,0,0,0,0,0,0,0,0,0,0,0,0,0,0,0,0,0,0,0,0,0,0,0,0,0,0,0,0,0,0,0,0,0,0,0,0,0,0,0,0,0,0,0,0,0,0,0,0,0,0,0,0,0,0,0,0,0,0,0,0,0,0,0,0,0,0,0,0,0,0,0,0,0,0,0,0,0,0,0,0,0,0,0,0,0,0,0,0,0,0,0,0,0,0,0,0,0,0,0,0,0,0,0,0,0,0,0,0,0,0,0,0,0,0,0,0,0,0,0,0,0,0,0,0,0,0,0,0,0,0,0,0,0,0,0,0,0,0,0,0,0,0,0,0,0,0,0,0,0,0,0,0,0,0,0,0,0,0,0,0,0,0,0,0,0,0,0,0,0,0,0,0,0,0,0,0,0,0,0,0,0,0,0,0,0,0,0,0,0,0,0
3760,0,0,0,0,0,0,0,0,0,0,0,0,0,0,0,0,0,0,0,0,0,0,0,0,0,0,0,0,0,0,0,0,0,0,0,0,0,0,0,0,0,0,0,0,0,0,0,0,0,0,0,0,0,0,0,0,0,0,0,0,0,0,0,0,0,0,0,0,0,0,0,0,0,0,0,0,0,0,0,0,0,0,0,0,0,0,0,0,0,0,0,0,0,0,0,0,0,0,0,0,0,0,0,0,0,0,0,0,0,0,0,0,0,0,0,0,0,0,0,0,0,0,0,0,0,0,0,0,0,0,0,0,0,0,0,0,0,0,0,0,0,0,0,0,0,0,0,0,0,0,0,0,0,0,0,0,0,0,0,0,0,0,0,0,0,0,0,0,0,0,0,0,0,0,0,0,0,0,0,0,0,0,0,0,0,0,0,0,0,0,0,0,0,0,0,0,0,0,0,0
3761,0,0,0,0,0,0,0,0,0,0,0,0,0,0,0,0,0,0,0,0,0,0,0,0,0,0,0,0,0,0,0,0,0,0,0,0,0,0,0,0,0,0,0,0,0,0,0,0,0,0,0,0,0,0,0,0,0,0,0,0,0,0,0,0,0,0,0,0,0,0,0,0,0,0,0,0,0,0,0,0,0,0,0,0,0,0,0,0,0,0,0,0,0,0,0,0,0,0,0,0,0,0,0,0,0,0,0,0,0,0,0,0,0,0,0,0,0,0,0,0,0,0,0,0,0,0,0,0,0,0,0,0,0,0,0,0,0,0,0,0,0,0,0,0,0,0,0,0,0,0,0,0,0,0,0,0,0,0,0,0,0,0,0,0,0,0,0,0,0,0,0,0,0,0,0,0,0,0,0,0,0,0,0,0,0,0,0,0,0,0,0,0,0,0,0,0,0,0,0,0
3762,0,0,0,0,0,0,0,0,0,0,0,0,0,0,0,0,0,0,0,0,0,0,0,0,0,0,0,0,0,0,0,0,0,0,0,0,0,0,0,0,0,0,0,0,0,0,0,0,0,0,0,0,0,0,0,0,0,0,0,0,0,0,0,0,0,0,0,0,0,0,0,0,0,0,0,0,0,0,0,0,0,0,0,0,0,0,0,0,0,0,0,0,0,0,0,0,0,0,0,0,0,0,0,0,0,0,0,0,0,0,0,0,0,0,0,0,0,0,0,0,0,0,0,0,0,0,0,0,0,0,0,0,0,0,0,0,0,0,0,0,0,0,0,0,0,0,0,0,0,0,0,0,0,0,0,0,0,0,0,0,0,0,0,0,0,0,0,0,0,0,0,0,0,0,0,0,0,0,0,0,0,0,0,0,0,0,0,0,0,0,0,0,0,0,0,0,0,0,0,0
3763,0,0,0,0,0,0,0,0,0,0,0,0,0,0,0,0,0,0,0,0,0,0,0,0,0,0,0,0,0,0,0,0,0,0,0,0,0,0,0,0,0,0,0,0,0,0,0,0,0,0,0,0,0,0,0,0,0,0,0,0,0,0,0,0,0,0,0,0,0,0,0,0,0,0,0,0,0,0,0,0,0,0,0,0,0,0,0,0,0,0,0,0,0,0,0,0,0,0,0,0,0,0,0,0,0,0,0,0,0,0,0,0,0,0,0,0,0,0,0,0,0,0,0,0,0,0,0,0,0,0,0,0,0,0,0,0,0,0,0,0,0,0,0,0,0,0,0,0,0,0,0,0,0,0,0,0,0,0,0,0,0,0,0,0,0,0,0,0,0,0,0,0,0,0,0,0,0,0,0,0,0,0,0,0,0,0,0,0,0,0,0,0,0,0,0,0,0,0,0,0
3764,0,0,0,0,0,0,0,0,0,0,0,0,0,0,0,0,0,0,0,0,0,0,0,0,0,0,0,0,0,0,0,0,0,0,0,0,0,0,0,0,0,0,0,0,0,0,0,0,0,0,0,0,0,0,0,0,0,0,0,0,0,0,0,0,0,0,0,0,0,0,0,0,0,0,0,0,0,0,0,0,0,0,0,0,0,0,0,0,0,0,0,0,0,0,0,0,0,0,0,0,0,0,0,0,0,0,0,0,0,0,0,0,0,0,0,0,0,0,0,0,0,0,0,0,0,0,0,0,0,0,0,0,0,0,0,0,0,0,0,0,0,0,0,0,0,0,0,0,0,0,0,0,0,0,0,0,0,0,0,0,0,0,0,0,0,0,0,0,0,0,0,0,0,0,0,0,0,0,0,0,0,0,0,0,0,0,0,0,0,0,0,0,0,0,0,0,0,0,0,0
3765,0,0,0,0,0,0,0,0,0,0,0,0,0,0,0,0,0,0,0,0,0,0,0,0,0,0,0,0,0,0,0,0,0,0,0,0,0,0,0,0,0,0,0,0,0,0,0,0,0,0,0,0,0,0,0,0,0,0,0,0,0,0,0,0,0,0,0,0,0,0,0,0,0,0,0,0,0,0,0,0,0,0,0,0,0,0,0,0,0,0,0,0,0,0,0,0,0,0,0,0,0,0,0,0,0,0,0,0,0,0,0,0,0,0,0,0,0,0,0,0,0,0,0,0,0,0,0,0,0,0,0,0,0,0,0,0,0,0,0,0,0,0,0,0,0,0,0,0,0,0,0,0,0,0,0,0,0,0,0,0,0,0,0,0,0,0,0,0,0,0,0,0,0,0,0,0,0,0,0,0,0,0,0,0,0,0,0,0,0,0,0,0,0,0,0,0,0,0,0,0
3766,0,0,0,0,0,0,0,0,0,0,0,0,0,0,0,0,0,0,0,0,0,0,0,0,0,0,0,0,0,0,0,0,0,0,0,0,0,0,0,0,0,0,0,0,0,0,0,0,0,0,0,0,0,0,0,0,0,0,0,0,0,0,0,0,0,0,0,0,0,0,0,0,0,0,0,0,0,0,0,0,0,0,0,0,0,0,0,0,0,0,0,0,0,0,0,0,0,0,0,0,0,0,0,0,0,0,0,0,0,0,0,0,0,0,0,0,0,0,0,0,0,0,0,0,0,0,0,0,0,0,0,0,0,0,0,0,0,0,0,0,0,0,0,0,0,0,0,0,0,0,0,0,0,0,0,0,0,0,0,0,0,0,0,0,0,0,0,0,0,0,0,0,0,0,0,0,0,0,0,0,0,0,0,0,0,0,0,0,0,0,0,0,0,0,0,0,0,0,0,0
3767,0,0,0,0,0,0,0,0,0,0,0,0,0,0,0,0,0,0,0,0,0,0,0,0,0,0,0,0,0,0,0,0,0,0,0,0,0,0,0,0,0,0,0,0,0,0,0,0,0,0,0,0,0,0,0,0,0,0,0,0,0,0,0,0,0,0,0,0,0,0,0,0,0,0,0,0,0,0,0,0,0,0,0,0,0,0,0,0,0,0,0,0,0,0,0,0,0,0,0,0,0,0,0,0,0,0,0,0,0,0,0,0,0,0,0,0,0,0,0,0,0,0,0,0,0,0,0,0,0,0,0,0,0,0,0,0,0,0,0,0,0,0,0,0,0,0,0,0,0,0,0,0,0,0,0,0,0,0,0,0,0,0,0,0,0,0,0,0,0,0,0,0,0,0,0,0,0,0,0,0,0,0,0,0,0,0,0,0,0,0,0,0,0,0,0,0,0,0,0,0
3768,0,0,0,0,0,0,0,0,0,0,0,0,0,0,0,0,0,0,0,0,0,0,0,0,0,0,0,0,0,0,0,0,0,0,0,0,0,0,0,0,0,0,0,0,0,0,0,0,0,0,0,0,0,0,0,0,0,0,0,0,0,0,0,0,0,0,0,0,0,0,0,0,0,0,0,0,0,0,0,0,0,0,0,0,0,0,0,0,0,0,0,0,0,0,0,0,0,0,0,0,0,0,0,0,0,0,0,0,0,0,0,0,0,0,0,0,0,0,0,0,0,0,0,0,0,0,0,0,0,0,0,0,0,0,0,0,0,0,0,0,0,0,0,0,0,0,0,0,0,0,0,0,0,0,0,0,0,0,0,0,0,0,0,0,0,0,0,0,0,0,0,0,0,0,0,0,0,0,0,0,0,0,0,0,0,0,0,0,0,0,0,0,0,0,0,0,0,0,0,0
3769,0,0,0,0,0,0,0,0,0,0,0,0,0,0,0,0,0,0,0,0,0,0,0,0,0,0,0,0,0,0,0,0,0,0,0,0,0,0,0,0,0,0,0,0,0,0,0,0,0,0,0,0,0,0,0,0,0,0,0,0,0,0,0,0,0,0,0,0,0,0,0,0,0,0,0,0,0,0,0,0,0,0,0,0,0,0,0,0,0,0,0,0,0,0,0,0,0,0,0,0,0,0,0,0,0,0,0,0,0,0,0,0,0,0,0,0,0,0,0,0,0,0,0,0,0,0,0,0,0,0,0,0,0,0,0,0,0,0,0,0,0,0,0,0,0,0,0,0,0,0,0,0,0,0,0,0,0,0,0,0,0,0,0,0,0,0,0,0,0,0,0,0,0,0,0,0,0,0,0,0,0,0,0,0,0,0,0,0,0,0,0,0,0,0,0,0,0,0,0,0
3770,0,0,0,0,0,0,0,0,0,0,0,0,0,0,0,0,0,0,0,0,0,0,0,0,0,0,0,0,0,0,0,0,0,0,0,0,0,0,0,0,0,0,0,0,0,0,0,0,0,0,0,0,0,0,0,0,0,0,0,0,0,0,0,0,0,0,0,0,0,0,0,0,0,0,0,0,0,0,0,0,0,0,0,0,0,0,0,0,0,0,0,0,0,0,0,0,0,0,0,0,0,0,0,0,0,0,0,0,0,0,0,0,0,0,0,0,0,0,0,0,0,0,0,0,0,0,0,0,0,0,0,0,0,0,0,0,0,0,0,0,0,0,0,0,0,0,0,0,0,0,0,0,0,0,0,0,0,0,0,0,0,0,0,0,0,0,0,0,0,0,0,0,0,0,0,0,0,0,0,0,0,0,0,0,0,0,0,0,0,0,0,0,0,0,0,0,0,0,0,0
3771,0,0,0,0,0,0,0,0,0,0,0,0,0,0,0,0,0,0,0,0,0,0,0,0,0,0,0,0,0,0,0,0,0,0,0,0,0,0,0,0,0,0,0,0,0,0,0,0,0,0,0,0,0,0,0,0,0,0,0,0,0,0,0,0,0,0,0,0,0,0,0,0,0,0,0,0,0,0,0,0,0,0,0,0,0,0,0,0,0,0,0,0,0,0,0,0,0,0,0,0,0,0,0,0,0,0,0,0,0,0,0,0,0,0,0,0,0,0,0,0,0,0,0,0,0,0,0,0,0,0,0,0,0,0,0,0,0,0,0,0,0,0,0,0,0,0,0,0,0,0,0,0,0,0,0,0,0,0,0,0,0,0,0,0,0,0,0,0,0,0,0,0,0,0,0,0,0,0,0,0,0,0,0,0,0,0,0,0,0,0,0,0,0,0,0,0,0,0,0,0
3772,0,0,0,0,0,0,0,0,0,0,0,0,0,0,0,0,0,0,0,0,0,0,0,0,0,0,0,0,0,0,0,0,0,0,0,0,0,0,0,0,0,0,0,0,0,0,0,0,0,0,0,0,0,0,0,0,0,0,0,0,0,0,0,0,0,0,0,0,0,0,0,0,0,0,0,0,0,0,0,0,0,0,0,0,0,0,0,0,0,0,0,0,0,0,0,0,0,0,0,0,0,0,0,0,0,0,0,0,0,0,0,0,0,0,0,0,0,0,0,0,0,0,0,0,0,0,0,0,0,0,0,0,0,0,0,0,0,0,0,0,0,0,0,0,0,0,0,0,0,0,0,0,0,0,0,0,0,0,0,0,0,0,0,0,0,0,0,0,0,0,0,0,0,0,0,0,0,0,0,0,0,0,0,0,0,0,0,0,0,0,0,0,0,0,0,0,0,0,0,0
3773,0,0,0,0,0,0,0,0,0,0,0,0,0,0,0,0,0,0,0,0,0,0,0,0,0,0,0,0,0,0,0,0,0,0,0,0,0,0,0,0,0,0,0,0,0,0,0,0,0,0,0,0,0,0,0,0,0,0,0,0,0,0,0,0,0,0,0,0,0,0,0,0,0,0,0,0,0,0,0,0,0,0,0,0,0,0,0,0,0,0,0,0,0,0,0,0,0,0,0,0,0,0,0,0,0,0,0,0,0,0,0,0,0,0,0,0,0,0,0,0,0,0,0,0,0,0,0,0,0,0,0,0,0,0,0,0,0,0,0,0,0,0,0,0,0,0,0,0,0,0,0,0,0,0,0,0,0,0,0,0,0,0,0,0,0,0,0,0,0,0,0,0,0,0,0,0,0,0,0,0,0,0,0,0,0,0,0,0,0,0,0,0,0,0,0,0,0,0,0,0
3774,0,0,0,0,0,0,0,0,0,0,0,0,0,0,0,0,0,0,0,0,0,0,0,0,0,0,0,0,0,0,0,0,0,0,0,0,0,0,0,0,0,0,0,0,0,0,0,0,0,0,0,0,0,0,0,0,0,0,0,0,0,0,0,0,0,0,0,0,0,0,0,0,0,0,0,0,0,0,0,0,0,0,0,0,0,0,0,0,0,0,0,0,0,0,0,0,0,0,0,0,0,0,0,0,0,0,0,0,0,0,0,0,0,0,0,0,0,0,0,0,0,0,0,0,0,0,0,0,0,0,0,0,0,0,0,0,0,0,0,0,0,0,0,0,0,0,0,0,0,0,0,0,0,0,0,0,0,0,0,0,0,0,0,0,0,0,0,0,0,0,0,0,0,0,0,0,0,0,0,0,0,0,0,0,0,0,0,0,0,0,0,0,0,0,0,0,0,0,0,0
3775,0,0,0,0,0,0,0,0,0,0,0,0,0,0,0,0,0,0,0,0,0,0,0,0,0,0,0,0,0,0,0,0,0,0,0,0,0,0,0,0,0,0,0,0,0,0,0,0,0,0,0,0,0,0,0,0,0,0,0,0,0,0,0,0,0,0,0,0,0,0,0,0,0,0,0,0,0,0,0,0,0,0,0,0,0,0,0,0,0,0,0,0,0,0,0,0,0,0,0,0,0,0,0,0,0,0,0,0,0,0,0,0,0,0,0,0,0,0,0,0,0,0,0,0,0,0,0,0,0,0,0,0,0,0,0,0,0,0,0,0,0,0,0,0,0,0,0,0,0,0,0,0,0,0,0,0,0,0,0,0,0,0,0,0,0,0,0,0,0,0,0,0,0,0,0,0,0,0,0,0,0,0,0,0,0,0,0,0,0,0,0,0,0,0,0,0,0,0,0,0
3776,0,0,0,0,0,0,0,0,0,0,0,0,0,0,0,0,0,0,0,0,0,0,0,0,0,0,0,0,0,0,0,0,0,0,0,0,0,0,0,0,0,0,0,0,0,0,0,0,0,0,0,0,0,0,0,0,0,0,0,0,0,0,0,0,0,0,0,0,0,0,0,0,0,0,0,0,0,0,0,0,0,0,0,0,0,0,0,0,0,0,0,0,0,0,0,0,0,0,0,0,0,0,0,0,0,0,0,0,0,0,0,0,0,0,0,0,0,0,0,0,0,0,0,0,0,0,0,0,0,0,0,0,0,0,0,0,0,0,0,0,0,0,0,0,0,0,0,0,0,0,0,0,0,0,0,0,0,0,0,0,0,0,0,0,0,0,0,0,0,0,0,0,0,0,0,0,0,0,0,0,0,0,0,0,0,0,0,0,0,0,0,0,0,0,0,0,0,0,0,0
3777,0,0,0,0,0,0,0,0,0,0,0,0,0,0,0,0,0,0,0,0,0,0,0,0,0,0,0,0,0,0,0,0,0,0,0,0,0,0,0,0,0,0,0,0,0,0,0,0,0,0,0,0,0,0,0,0,0,0,0,0,0,0,0,0,0,0,0,0,0,0,0,0,0,0,0,0,0,0,0,0,0,0,0,0,0,0,0,0,0,0,0,0,0,0,0,0,0,0,0,0,0,0,0,0,0,0,0,0,0,0,0,0,0,0,0,0,0,0,0,0,0,0,0,0,0,0,0,0,0,0,0,0,0,0,0,0,0,0,0,0,0,0,0,0,0,0,0,0,0,0,0,0,0,0,0,0,0,0,0,0,0,0,0,0,0,0,0,0,0,0,0,0,0,0,0,0,0,0,0,0,0,0,0,0,0,0,0,0,0,0,0,0,0,0,0,0,0,0,0,0
3778,0,0,0,0,0,0,0,0,0,0,0,0,0,0,0,0,0,0,0,0,0,0,0,0,0,0,0,0,0,0,0,0,0,0,0,0,0,0,0,0,0,0,0,0,0,0,0,0,0,0,0,0,0,0,0,0,0,0,0,0,0,0,0,0,0,0,0,0,0,0,0,0,0,0,0,0,0,0,0,0,0,0,0,0,0,0,0,0,0,0,0,0,0,0,0,0,0,0,0,0,0,0,0,0,0,0,0,0,0,0,0,0,0,0,0,0,0,0,0,0,0,0,0,0,0,0,0,0,0,0,0,0,0,0,0,0,0,0,0,0,0,0,0,0,0,0,0,0,0,0,0,0,0,0,0,0,0,0,0,0,0,0,0,0,0,0,0,0,0,0,0,0,0,0,0,0,0,0,0,0,0,0,0,0,0,0,0,0,0,0,0,0,0,0,0,0,0,0,0,0
3779,0,0,0,0,0,0,0,0,0,0,0,0,0,0,0,0,0,0,0,0,0,0,0,0,0,0,0,0,0,0,0,0,0,0,0,0,0,0,0,0,0,0,0,0,0,0,0,0,0,0,0,0,0,0,0,0,0,0,0,0,0,0,0,0,0,0,0,0,0,0,0,0,0,0,0,0,0,0,0,0,0,0,0,0,0,0,0,0,0,0,0,0,0,0,0,0,0,0,0,0,0,0,0,0,0,0,0,0,0,0,0,0,0,0,0,0,0,0,0,0,0,0,0,0,0,0,0,0,0,0,0,0,0,0,0,0,0,0,0,0,0,0,0,0,0,0,0,0,0,0,0,0,0,0,0,0,0,0,0,0,0,0,0,0,0,0,0,0,0,0,0,0,0,0,0,0,0,0,0,0,0,0,0,0,0,0,0,0,0,0,0,0,0,0,0,0,0,0,0,0
3780,0,0,0,0,0,0,0,0,0,0,0,0,0,0,0,0,0,0,0,0,0,0,0,0,0,0,0,0,0,0,0,0,0,0,0,0,0,0,0,0,0,0,0,0,0,0,0,0,0,0,0,0,0,0,0,0,0,0,0,0,0,0,0,0,0,0,0,0,0,0,0,0,0,0,0,0,0,0,0,0,0,0,0,0,0,0,0,0,0,0,0,0,0,0,0,0,0,0,0,0,0,0,0,0,0,0,0,0,0,0,0,0,0,0,0,0,0,0,0,0,0,0,0,0,0,0,0,0,0,0,0,0,0,0,0,0,0,0,0,0,0,0,0,0,0,0,0,0,0,0,0,0,0,0,0,0,0,0,0,0,0,0,0,0,0,0,0,0,0,0,0,0,0,0,0,0,0,0,0,0,0,0,0,0,0,0,0,0,0,0,0,0,0,0,0,0,0,0,0,0
3781,0,0,0,0,0,0,0,0,0,0,0,0,0,0,0,0,0,0,0,0,0,0,0,0,0,0,0,0,0,0,0,0,0,0,0,0,0,0,0,0,0,0,0,0,0,0,0,0,0,0,0,0,0,0,0,0,0,0,0,0,0,0,0,0,0,0,0,0,0,0,0,0,0,0,0,0,0,0,0,0,0,0,0,0,0,0,0,0,0,0,0,0,0,0,0,0,0,0,0,0,0,0,0,0,0,0,0,0,0,0,0,0,0,0,0,0,0,0,0,0,0,0,0,0,0,0,0,0,0,0,0,0,0,0,0,0,0,0,0,0,0,0,0,0,0,0,0,0,0,0,0,0,0,0,0,0,0,0,0,0,0,0,0,0,0,0,0,0,0,0,0,0,0,0,0,0,0,0,0,0,0,0,0,0,0,0,0,0,0,0,0,0,0,0,0,0,0,0,0,0
3782,0,0,0,0,0,0,0,0,0,0,0,0,0,0,0,0,0,0,0,0,0,0,0,0,0,0,0,0,0,0,0,0,0,0,0,0,0,0,0,0,0,0,0,0,0,0,0,0,0,0,0,0,0,0,0,0,0,0,0,0,0,0,0,0,0,0,0,0,0,0,0,0,0,0,0,0,0,0,0,0,0,0,0,0,0,0,0,0,0,0,0,0,0,0,0,0,0,0,0,0,0,0,0,0,0,0,0,0,0,0,0,0,0,0,0,0,0,0,0,0,0,0,0,0,0,0,0,0,0,0,0,0,0,0,0,0,0,0,0,0,0,0,0,0,0,0,0,0,0,0,0,0,0,0,0,0,0,0,0,0,0,0,0,0,0,0,0,0,0,0,0,0,0,0,0,0,0,0,0,0,0,0,0,0,0,0,0,0,0,0,0,0,0,0,0,0,0,0,0,0
3783,0,0,0,0,0,0,0,0,0,0,0,0,0,0,0,0,0,0,0,0,0,0,0,0,0,0,0,0,0,0,0,0,0,0,0,0,0,0,0,0,0,0,0,0,0,0,0,0,0,0,0,0,0,0,0,0,0,0,0,0,0,0,0,0,0,0,0,0,0,0,0,0,0,0,0,0,0,0,0,0,0,0,0,0,0,0,0,0,0,0,0,0,0,0,0,0,0,0,0,0,0,0,0,0,0,0,0,0,0,0,0,0,0,0,0,0,0,0,0,0,0,0,0,0,0,0,0,0,0,0,0,0,0,0,0,0,0,0,0,0,0,0,0,0,0,0,0,0,0,0,0,0,0,0,0,0,0,0,0,0,0,0,0,0,0,0,0,0,0,0,0,0,0,0,0,0,0,0,0,0,0,0,0,0,0,0,0,0,0,0,0,0,0,0,0,0,0,0,0,0
3784,0,0,0,0,0,0,0,0,0,0,0,0,0,0,0,0,0,0,0,0,0,0,0,0,0,0,0,0,0,0,0,0,0,0,0,0,0,0,0,0,0,0,0,0,0,0,0,0,0,0,0,0,0,0,0,0,0,0,0,0,0,0,0,0,0,0,0,0,0,0,0,0,0,0,0,0,0,0,0,0,0,0,0,0,0,0,0,0,0,0,0,0,0,0,0,0,0,0,0,0,0,0,0,0,0,0,0,0,0,0,0,0,0,0,0,0,0,0,0,0,0,0,0,0,0,0,0,0,0,0,0,0,0,0,0,0,0,0,0,0,0,0,0,0,0,0,0,0,0,0,0,0,0,0,0,0,0,0,0,0,0,0,0,0,0,0,0,0,0,0,0,0,0,0,0,0,0,0,0,0,0,0,0,0,0,0,0,0,0,0,0,0,0,0,0,0,0,0,0,0
3785,0,0,0,0,0,0,0,0,0,0,0,0,0,0,0,0,0,0,0,0,0,0,0,0,0,0,0,0,0,0,0,0,0,0,0,0,0,0,0,0,0,0,0,0,0,0,0,0,0,0,0,0,0,0,0,0,0,0,0,0,0,0,0,0,0,0,0,0,0,0,0,0,0,0,0,0,0,0,0,0,0,0,0,0,0,0,0,0,0,0,0,0,0,0,0,0,0,0,0,0,0,0,0,0,0,0,0,0,0,0,0,0,0,0,0,0,0,0,0,0,0,0,0,0,0,0,0,0,0,0,0,0,0,0,0,0,0,0,0,0,0,0,0,0,0,0,0,0,0,0,0,0,0,0,0,0,0,0,0,0,0,0,0,0,0,0,0,0,0,0,0,0,0,0,0,0,0,0,0,0,0,0,0,0,0,0,0,0,0,0,0,0,0,0,0,0,0,0,0,0
3786,0,0,0,0,0,0,0,0,0,0,0,0,0,0,0,0,0,0,0,0,0,0,0,0,0,0,0,0,0,0,0,0,0,0,0,0,0,0,0,0,0,0,0,0,0,0,0,0,0,0,0,0,0,0,0,0,0,0,0,0,0,0,0,0,0,0,0,0,0,0,0,0,0,0,0,0,0,0,0,0,0,0,0,0,0,0,0,0,0,0,0,0,0,0,0,0,0,0,0,0,0,0,0,0,0,0,0,0,0,0,0,0,0,0,0,0,0,0,0,0,0,0,0,0,0,0,0,0,0,0,0,0,0,0,0,0,0,0,0,0,0,0,0,0,0,0,0,0,0,0,0,0,0,0,0,0,0,0,0,0,0,0,0,0,0,0,0,0,0,0,0,0,0,0,0,0,0,0,0,0,0,0,0,0,0,0,0,0,0,0,0,0,0,0,0,0,0,0,0,0
3787,0,0,0,0,0,0,0,0,0,0,0,0,0,0,0,0,0,0,0,0,0,0,0,0,0,0,0,0,0,0,0,0,0,0,0,0,0,0,0,0,0,0,0,0,0,0,0,0,0,0,0,0,0,0,0,0,0,0,0,0,0,0,0,0,0,0,0,0,0,0,0,0,0,0,0,0,0,0,0,0,0,0,0,0,0,0,0,0,0,0,0,0,0,0,0,0,0,0,0,0,0,0,0,0,0,0,0,0,0,0,0,0,0,0,0,0,0,0,0,0,0,0,0,0,0,0,0,0,0,0,0,0,0,0,0,0,0,0,0,0,0,0,0,0,0,0,0,0,0,0,0,0,0,0,0,0,0,0,0,0,0,0,0,0,0,0,0,0,0,0,0,0,0,0,0,0,0,0,0,0,0,0,0,0,0,0,0,0,0,0,0,0,0,0,0,0,0,0,0,0
3788,0,0,0,0,0,0,0,0,0,0,0,0,0,0,0,0,0,0,0,0,0,0,0,0,0,0,0,0,0,0,0,0,0,0,0,0,0,0,0,0,0,0,0,0,0,0,0,0,0,0,0,0,0,0,0,0,0,0,0,0,0,0,0,0,0,0,0,0,0,0,0,0,0,0,0,0,0,0,0,0,0,0,0,0,0,0,0,0,0,0,0,0,0,0,0,0,0,0,0,0,0,0,0,0,0,0,0,0,0,0,0,0,0,0,0,0,0,0,0,0,0,0,0,0,0,0,0,0,0,0,0,0,0,0,0,0,0,0,0,0,0,0,0,0,0,0,0,0,0,0,0,0,0,0,0,0,0,0,0,0,0,0,0,0,0,0,0,0,0,0,0,0,0,0,0,0,0,0,0,0,0,0,0,0,0,0,0,0,0,0,0,0,0,0,0,0,0,0,0,0
3789,0,0,0,0,0,0,0,0,0,0,0,0,0,0,0,0,0,0,0,0,0,0,0,0,0,0,0,0,0,0,0,0,0,0,0,0,0,0,0,0,0,0,0,0,0,0,0,0,0,0,0,0,0,0,0,0,0,0,0,0,0,0,0,0,0,0,0,0,0,0,0,0,0,0,0,0,0,0,0,0,0,0,0,0,0,0,0,0,0,0,0,0,0,0,0,0,0,0,0,0,0,0,0,0,0,0,0,0,0,0,0,0,0,0,0,0,0,0,0,0,0,0,0,0,0,0,0,0,0,0,0,0,0,0,0,0,0,0,0,0,0,0,0,0,0,0,0,0,0,0,0,0,0,0,0,0,0,0,0,0,0,0,0,0,0,0,0,0,0,0,0,0,0,0,0,0,0,0,0,0,0,0,0,0,0,0,0,0,0,0,0,0,0,0,0,0,0,0,0,0
3790,0,0,0,0,0,0,0,0,0,0,0,0,0,0,0,0,0,0,0,0,0,0,0,0,0,0,0,0,0,0,0,0,0,0,0,0,0,0,0,0,0,0,0,0,0,0,0,0,0,0,0,0,0,0,0,0,0,0,0,0,0,0,0,0,0,0,0,0,0,0,0,0,0,0,0,0,0,0,0,0,0,0,0,0,0,0,0,0,0,0,0,0,0,0,0,0,0,0,0,0,0,0,0,0,0,0,0,0,0,0,0,0,0,0,0,0,0,0,0,0,0,0,0,0,0,0,0,0,0,0,0,0,0,0,0,0,0,0,0,0,0,0,0,0,0,0,0,0,0,0,0,0,0,0,0,0,0,0,0,0,0,0,0,0,0,0,0,0,0,0,0,0,0,0,0,0,0,0,0,0,0,0,0,0,0,0,0,0,0,0,0,0,0,0,0,0,0,0,0,0
3791,0,0,0,0,0,0,0,0,0,0,0,0,0,0,0,0,0,0,0,0,0,0,0,0,0,0,0,0,0,0,0,0,0,0,0,0,0,0,0,0,0,0,0,0,0,0,0,0,0,0,0,0,0,0,0,0,0,0,0,0,0,0,0,0,0,0,0,0,0,0,0,0,0,0,0,0,0,0,0,0,0,0,0,0,0,0,0,0,0,0,0,0,0,0,0,0,0,0,0,0,0,0,0,0,0,0,0,0,0,0,0,0,0,0,0,0,0,0,0,0,0,0,0,0,0,0,0,0,0,0,0,0,0,0,0,0,0,0,0,0,0,0,0,0,0,0,0,0,0,0,0,0,0,0,0,0,0,0,0,0,0,0,0,0,0,0,0,0,0,0,0,0,0,0,0,0,0,0,0,0,0,0,0,0,0,0,0,0,0,0,0,0,0,0,0,0,0,0,0,0
3792,0,0,0,0,0,0,0,0,0,0,0,0,0,0,0,0,0,0,0,0,0,0,0,0,0,0,0,0,0,0,0,0,0,0,0,0,0,0,0,0,0,0,0,0,0,0,0,0,0,0,0,0,0,0,0,0,0,0,0,0,0,0,0,0,0,0,0,0,0,0,0,0,0,0,0,0,0,0,0,0,0,0,0,0,0,0,0,0,0,0,0,0,0,0,0,0,0,0,0,0,0,0,0,0,0,0,0,0,0,0,0,0,0,0,0,0,0,0,0,0,0,0,0,0,0,0,0,0,0,0,0,0,0,0,0,0,0,0,0,0,0,0,0,0,0,0,0,0,0,0,0,0,0,0,0,0,0,0,0,0,0,0,0,0,0,0,0,0,0,0,0,0,0,0,0,0,0,0,0,0,0,0,0,0,0,0,0,0,0,0,0,0,0,0,0,0,0,0,0,0
3793,0,0,0,0,0,0,0,0,0,0,0,0,0,0,0,0,0,0,0,0,0,0,0,0,0,0,0,0,0,0,0,0,0,0,0,0,0,0,0,0,0,0,0,0,0,0,0,0,0,0,0,0,0,0,0,0,0,0,0,0,0,0,0,0,0,0,0,0,0,0,0,0,0,0,0,0,0,0,0,0,0,0,0,0,0,0,0,0,0,0,0,0,0,0,0,0,0,0,0,0,0,0,0,0,0,0,0,0,0,0,0,0,0,0,0,0,0,0,0,0,0,0,0,0,0,0,0,0,0,0,0,0,0,0,0,0,0,0,0,0,0,0,0,0,0,0,0,0,0,0,0,0,0,0,0,0,0,0,0,0,0,0,0,0,0,0,0,0,0,0,0,0,0,0,0,0,0,0,0,0,0,0,0,0,0,0,0,0,0,0,0,0,0,0,0,0,0,0,0,0
3794,0,0,0,0,0,0,0,0,0,0,0,0,0,0,0,0,0,0,0,0,0,0,0,0,0,0,0,0,0,0,0,0,0,0,0,0,0,0,0,0,0,0,0,0,0,0,0,0,0,0,0,0,0,0,0,0,0,0,0,0,0,0,0,0,0,0,0,0,0,0,0,0,0,0,0,0,0,0,0,0,0,0,0,0,0,0,0,0,0,0,0,0,0,0,0,0,0,0,0,0,0,0,0,0,0,0,0,0,0,0,0,0,0,0,0,0,0,0,0,0,0,0,0,0,0,0,0,0,0,0,0,0,0,0,0,0,0,0,0,0,0,0,0,0,0,0,0,0,0,0,0,0,0,0,0,0,0,0,0,0,0,0,0,0,0,0,0,0,0,0,0,0,0,0,0,0,0,0,0,0,0,0,0,0,0,0,0,0,0,0,0,0,0,0,0,0,0,0,0,0
3795,0,0,0,0,0,0,0,0,0,0,0,0,0,0,0,0,0,0,0,0,0,0,0,0,0,0,0,0,0,0,0,0,0,0,0,0,0,0,0,0,0,0,0,0,0,0,0,0,0,0,0,0,0,0,0,0,0,0,0,0,0,0,0,0,0,0,0,0,0,0,0,0,0,0,0,0,0,0,0,0,0,0,0,0,0,0,0,0,0,0,0,0,0,0,0,0,0,0,0,0,0,0,0,0,0,0,0,0,0,0,0,0,0,0,0,0,0,0,0,0,0,0,0,0,0,0,0,0,0,0,0,0,0,0,0,0,0,0,0,0,0,0,0,0,0,0,0,0,0,0,0,0,0,0,0,0,0,0,0,0,0,0,0,0,0,0,0,0,0,0,0,0,0,0,0,0,0,0,0,0,0,0,0,0,0,0,0,0,0,0,0,0,0,0,0,0,0,0,0,0
3796,0,0,0,0,0,0,0,0,0,0,0,0,0,0,0,0,0,0,0,0,0,0,0,0,0,0,0,0,0,0,0,0,0,0,0,0,0,0,0,0,0,0,0,0,0,0,0,0,0,0,0,0,0,0,0,0,0,0,0,0,0,0,0,0,0,0,0,0,0,0,0,0,0,0,0,0,0,0,0,0,0,0,0,0,0,0,0,0,0,0,0,0,0,0,0,0,0,0,0,0,0,0,0,0,0,0,0,0,0,0,0,0,0,0,0,0,0,0,0,0,0,0,0,0,0,0,0,0,0,0,0,0,0,0,0,0,0,0,0,0,0,0,0,0,0,0,0,0,0,0,0,0,0,0,0,0,0,0,0,0,0,0,0,0,0,0,0,0,0,0,0,0,0,0,0,0,0,0,0,0,0,0,0,0,0,0,0,0,0,0,0,0,0,0,0,0,0,0,0,0
3797,0,0,0,0,0,0,0,0,0,0,0,0,0,0,0,0,0,0,0,0,0,0,0,0,0,0,0,0,0,0,0,0,0,0,0,0,0,0,0,0,0,0,0,0,0,0,0,0,0,0,0,0,0,0,0,0,0,0,0,0,0,0,0,0,0,0,0,0,0,0,0,0,0,0,0,0,0,0,0,0,0,0,0,0,0,0,0,0,0,0,0,0,0,0,0,0,0,0,0,0,0,0,0,0,0,0,0,0,0,0,0,0,0,0,0,0,0,0,0,0,0,0,0,0,0,0,0,0,0,0,0,0,0,0,0,0,0,0,0,0,0,0,0,0,0,0,0,0,0,0,0,0,0,0,0,0,0,0,0,0,0,0,0,0,0,0,0,0,0,0,0,0,0,0,0,0,0,0,0,0,0,0,0,0,0,0,0,0,0,0,0,0,0,0,0,0,0,0,0,0
3798,0,0,0,0,0,0,0,0,0,0,0,0,0,0,0,0,0,0,0,0,0,0,0,0,0,0,0,0,0,0,0,0,0,0,0,0,0,0,0,0,0,0,0,0,0,0,0,0,0,0,0,0,0,0,0,0,0,0,0,0,0,0,0,0,0,0,0,0,0,0,0,0,0,0,0,0,0,0,0,0,0,0,0,0,0,0,0,0,0,0,0,0,0,0,0,0,0,0,0,0,0,0,0,0,0,0,0,0,0,0,0,0,0,0,0,0,0,0,0,0,0,0,0,0,0,0,0,0,0,0,0,0,0,0,0,0,0,0,0,0,0,0,0,0,0,0,0,0,0,0,0,0,0,0,0,0,0,0,0,0,0,0,0,0,0,0,0,0,0,0,0,0,0,0,0,0,0,0,0,0,0,0,0,0,0,0,0,0,0,0,0,0,0,0,0,0,0,0,0,0
3799,0,0,0,0,0,0,0,0,0,0,0,0,0,0,0,0,0,0,0,0,0,0,0,0,0,0,0,0,0,0,0,0,0,0,0,0,0,0,0,0,0,0,0,0,0,0,0,0,0,0,0,0,0,0,0,0,0,0,0,0,0,0,0,0,0,0,0,0,0,0,0,0,0,0,0,0,0,0,0,0,0,0,0,0,0,0,0,0,0,0,0,0,0,0,0,0,0,0,0,0,0,0,0,0,0,0,0,0,0,0,0,0,0,0,0,0,0,0,0,0,0,0,0,0,0,0,0,0,0,0,0,0,0,0,0,0,0,0,0,0,0,0,0,0,0,0,0,0,0,0,0,0,0,0,0,0,0,0,0,0,0,0,0,0,0,0,0,0,0,0,0,0,0,0,0,0,0,0,0,0,0,0,0,0,0,0,0,0,0,0,0,0,0,0,0,0,0,0,0,0
3800,0,0,0,0,0,0,0,0,0,0,0,0,0,0,0,0,0,0,0,0,0,0,0,0,0,0,0,0,0,0,0,0,0,0,0,0,0,0,0,0,0,0,0,0,0,0,0,0,0,0,0,0,0,0,0,0,0,0,0,0,0,0,0,0,0,0,0,0,0,0,0,0,0,0,0,0,0,0,0,0,0,0,0,0,0,0,0,0,0,0,0,0,0,0,0,0,0,0,0,0,0,0,0,0,0,0,0,0,0,0,0,0,0,0,0,0,0,0,0,0,0,0,0,0,0,0,0,0,0,0,0,0,0,0,0,0,0,0,0,0,0,0,0,0,0,0,0,0,0,0,0,0,0,0,0,0,0,0,0,0,0,0,0,0,0,0,0,0,0,0,0,0,0,0,0,0,0,0,0,0,0,0,0,0,0,0,0,0,0,0,0,0,0,0,0,0,0,0,0,0
3801,0,0,0,0,0,0,0,0,0,0,0,0,0,0,0,0,0,0,0,0,0,0,0,0,0,0,0,0,0,0,0,0,0,0,0,0,0,0,0,0,0,0,0,0,0,0,0,0,0,0,0,0,0,0,0,0,0,0,0,0,0,0,0,0,0,0,0,0,0,0,0,0,0,0,0,0,0,0,0,0,0,0,0,0,0,0,0,0,0,0,0,0,0,0,0,0,0,0,0,0,0,0,0,0,0,0,0,0,0,0,0,0,0,0,0,0,0,0,0,0,0,0,0,0,0,0,0,0,0,0,0,0,0,0,0,0,0,0,0,0,0,0,0,0,0,0,0,0,0,0,0,0,0,0,0,0,0,0,0,0,0,0,0,0,0,0,0,0,0,0,0,0,0,0,0,0,0,0,0,0,0,0,0,0,0,0,0,0,0,0,0,0,0,0,0,0,0,0,0,0
3802,0,0,0,0,0,0,0,0,0,0,0,0,0,0,0,0,0,0,0,0,0,0,0,0,0,0,0,0,0,0,0,0,0,0,0,0,0,0,0,0,0,0,0,0,0,0,0,0,0,0,0,0,0,0,0,0,0,0,0,0,0,0,0,0,0,0,0,0,0,0,0,0,0,0,0,0,0,0,0,0,0,0,0,0,0,0,0,0,0,0,0,0,0,0,0,0,0,0,0,0,0,0,0,0,0,0,0,0,0,0,0,0,0,0,0,0,0,0,0,0,0,0,0,0,0,0,0,0,0,0,0,0,0,0,0,0,0,0,0,0,0,0,0,0,0,0,0,0,0,0,0,0,0,0,0,0,0,0,0,0,0,0,0,0,0,0,0,0,0,0,0,0,0,0,0,0,0,0,0,0,0,0,0,0,0,0,0,0,0,0,0,0,0,0,0,0,0,0,0,0
3803,0,0,0,0,0,0,0,0,0,0,0,0,0,0,0,0,0,0,0,0,0,0,0,0,0,0,0,0,0,0,0,0,0,0,0,0,0,0,0,0,0,0,0,0,0,0,0,0,0,0,0,0,0,0,0,0,0,0,0,0,0,0,0,0,0,0,0,0,0,0,0,0,0,0,0,0,0,0,0,0,0,0,0,0,0,0,0,0,0,0,0,0,0,0,0,0,0,0,0,0,0,0,0,0,0,0,0,0,0,0,0,0,0,0,0,0,0,0,0,0,0,0,0,0,0,0,0,0,0,0,0,0,0,0,0,0,0,0,0,0,0,0,0,0,0,0,0,0,0,0,0,0,0,0,0,0,0,0,0,0,0,0,0,0,0,0,0,0,0,0,0,0,0,0,0,0,0,0,0,0,0,0,0,0,0,0,0,0,0,0,0,0,0,0,0,0,0,0,0,0
3804,0,0,0,0,0,0,0,0,0,0,0,0,0,0,0,0,0,0,0,0,0,0,0,0,0,0,0,0,0,0,0,0,0,0,0,0,0,0,0,0,0,0,0,0,0,0,0,0,0,0,0,0,0,0,0,0,0,0,0,0,0,0,0,0,0,0,0,0,0,0,0,0,0,0,0,0,0,0,0,0,0,0,0,0,0,0,0,0,0,0,0,0,0,0,0,0,0,0,0,0,0,0,0,0,0,0,0,0,0,0,0,0,0,0,0,0,0,0,0,0,0,0,0,0,0,0,0,0,0,0,0,0,0,0,0,0,0,0,0,0,0,0,0,0,0,0,0,0,0,0,0,0,0.0000000000,0,0,0,0,0,0,0,0,0,0,0,0,0,0,0,0,0,0,0,0,0,0,0,0,0,0,0,0,0,0,0,0,0,0,0,0,0,0,0,0,0,0,0,0,0,0,0
3805,0,0,0,0,0,0,0,0,0,0,0,0,0,0,0,0,0,0,0,0,0,0,0,0,0,0,0,0,0,0,0,0,0,0,0,0,0,0,0,0,0,0,0,0,0,0,0,0,0,0,0,0,0,0,0,0,0,0,0,0,0,0,0,0,0,0,0,0,0,0,0,0,0,0,0,0,0,0,0,0,0,0,0,0,0,0,0,0,0,0,0,0,0,0,0,0,0,0,0,0,0,0,0,0,0,0,0,0,0,0,0,0,0,0,0,0,0,0,0,0,0,0,0,0,0,0,0,0,0,0,0,0,0,0,0,0,0,0,0,0,0,0,0,0,0,0,0,0,0,0,0,0,0,0,0,0,0,0,0,0,0,0,0,0,0,0,0,0,0,0,0,0,0,0,0,0,0,0,0,0,0,0,0,0,0,0,0,0,0,0,0,0,0,0,0,0,0,0,0,0
3806,0,0,0,0,0,0,0,0,0,0,0,0,0,0,0,0,0,0,0,0,0,0,0,0,0,0,0,0,0,0,0,0,0,0,0,0,0,0,0,0,0,0,0,0,0,0,0,0,0,0,0,0,0,0,0,0,0,0,0,0,0,0,0,0,0,0,0,0,0,0,0,0,0,0,0,0,0,0,0,0,0,0,0,0,0,0,0,0,0,0,0,0,0,0,0,0,0,0,0,0,0,0,0,0,0,0,0,0,0,0,0,0,0,0,0,0,0,0,0,0,0,0,0,0,0,0,0,0,0,0,0,0,0,0,0,0,0,0,0,0,0,0,0,0,0,0,0,0,0,0,0,0,0,0,0,0,0,0,0,0,0,0,0,0,0,0,0,0,0,0,0,0,0,0,0,0,0,0,0,0,0,0,0,0,0,0,0,0,0,0,0,0,0,0,0,0,0,0,0,0
3807,0,0,0,0,0,0,0,0,0,0,0,0,0,0,0,0,0,0,0,0,0,0,0,0,0,0,0,0,0,0,0,0,0,0,0,0,0,0,0,0,0,0,0,0,0,0,0,0,0,0,0,0,0,0,0,0,0,0,0,0,0,0,0,0,0,0,0,0,0,0,0,0,0,0,0,0,0,0,0,0,0,0,0,0,0,0,0,0,0,0,0,0,0,0,0,0,0,0,0,0,0,0,0,0,0,0,0,0,0,0,0,0,0,0,0,0,0,0,0,0,0,0,0,0,0,0,0,0,0,0,0,0,0,0,0,0,0,0,0,0,0,0,0,0,0,0,0,0,0,0,0,0,0,0,0,0,0,0,0,0,0,0,0,0,0,0,0,0,0,0,0,0,0,0,0,0,0,0,0,0,0,0,0,0,0,0,0,0,0,0,0,0,0,0,0,0,0,0,0,0
3808,0,0,0,0,0,0,0,0,0,0,0,0,0,0,0,0,0,0,0,0,0,0,0,0,0,0,0,0,0,0,0,0,0,0,0,0,0,0,0,0,0,0,0,0,0,0,0,0,0,0,0,0,0,0,0,0,0,0,0,0,0,0,0,0,0,0,0,0,0,0,0,0,0,0,0,0,0,0,0,0,0,0,0,0,0,0,0,0,0,0,0,0,0,0,0,0,0,0,0,0,0,0,0,0,0,0,0,0,0,0,0,0,0,0,0,0,0,0,0,0,0,0,0,0,0,0,0,0,0,0,0,0,0,0,0,0,0,0,0,0,0,0,0,0,0,0,0,0,0,0,0,0,0,0,0,0,0,0,0,0,0,0,0,0,0,0,0,0,0,0,0,0,0,0,0,0,0,0,0,0,0,0,0,0,0,0,0,0,0,0,0,0,0,0,0,0,0,0,0,0
3809,0,0,0,0,0,0,0,0,0,0,0,0,0,0,0,0,0,0,0,0,0,0,0,0,0,0,0,0,0,0,0,0,0,0,0,0,0,0,0,0,0,0,0,0,0,0,0,0,0,0,0,0,0,0,0,0,0,0,0,0,0,0,0,0,0,0,0,0,0,0,0,0,0,0,0,0,0,0,0,0,0,0,0,0,0,0,0,0,0,0,0,0,0,0,0,0,0,0,0,0,0,0,0,0,0,0,0,0,0,0,0,0,0,0,0,0,0,0,0,0,0,0,0,0,0,0,0,0,0,0,0,0,0,0,0,0,0,0,0,0,0,0,0,0,0,0,0,0,0,0,0,0,0,0,0,0,0,0,0,0,0,0,0,0,0,0,0,0,0,0,0,0,0,0,0,0,0,0,0,0,0,0,0,0,0,0,0,0,0,0,0,0,0,0,0,0,0,0,0,0
3810,0,0,0,0,0,0,0,0,0,0,0,0,0,0,0,0,0,0,0,0,0,0,0,0,0,0,0,0,0,0,0,0,0,0,0,0,0,0,0,0,0,0,0,0,0,0,0,0,0,0,0,0,0,0,0,0,0,0,0,0,0,0,0,0,0,0,0,0,0,0,0,0,0,0,0,0,0,0,0,0,0,0,0,0,0,0,0,0,0,0,0,0,0,0,0,0,0,0,0,0,0,0,0,0,0,0,0,0,0,0,0,0,0,0,0,0,0,0,0,0,0,0,0,0,0,0,0,0,0,0,0,0,0,0,0,0,0,0,0,0,0,0,0,0,0,0,0,0,0,0,0,0,0,0,0,0,0,0,0,0,0,0,0,0,0,0,0,0,0,0,0,0,0,0,0,0,0,0,0,0,0,0,0,0,0,0,0,0,0,0,0,0,0,0,0,0,0,0,0,0
3811,0,0,0,0,0,0,0,0,0,0,0,0,0,0,0,0,0,0,0,0,0,0,0,0,0,0,0,0,0,0,0,0,0,0,0,0,0,0,0,0,0,0,0,0,0,0,0,0,0,0,0,0,0,0,0,0,0,0,0,0,0,0,0,0,0,0,0,0,0,0,0,0,0,0,0,0,0,0,0,0,0,0,0,0,0,0,0,0,0,0,0,0,0,0,0,0,0,0,0,0,0,0,0,0,0,0,0,0,0,0,0,0,0,0,0,0,0,0,0,0,0,0,0,0,0,0,0,0,0,0,0,0,0,0,0,0,0,0,0,0,0,0,0,0,0,0,0,0,0,0,0,0,0,0,0,0,0,0,0,0,0,0,0,0,0,0,0,0,0,0,0,0,0,0,0,0,0,0,0,0,0,0,0,0,0,0,0,0,0,0,0,0,0,0,0,0,0,0,0,0
3812,0,0,0,0,0,0,0,0,0,0,0,0,0,0,0,0,0,0,0,0,0,0,0,0,0,0,0,0,0,0,0,0,0,0,0,0,0,0,0,0,0,0,0,0,0,0,0,0,0,0,0,0,0,0,0,0,0,0,0,0,0,0,0,0,0,0,0,0,0,0,0,0,0,0,0,0,0,0,0,0,0,0,0,0,0,0,0,0,0,0,0,0,0,0,0,0,0,0,0,0,0,0,0,0,0,0,0,0,0,0,0,0,0,0,0,0,0,0,0,0,0,0,0,0,0,0,0,0,0,0,0,0,0,0,0,0,0,0,0,0,0,0,0,0,0,0,0,0,0,0,0,0,0,0,0,0,0,0,0,0,0,0,0,0,0,0,0,0,0,0,0,0,0,0,0,0,0,0,0,0,0,0,0,0,0,0,0,0,0,0,0,0,0,0,0,0,0,0,0,0
3813,0,0,0,0,0,0,0,0,0,0,0,0,0,0,0,0,0,0,0,0,0,0,0,0,0,0,0,0,0,0,0,0,0,0,0,0,0,0,0,0,0,0,0,0,0,0,0,0,0,0,0,0,0,0,0,0,0,0,0,0,0,0,0,0,0,0,0,0,0,0,0,0,0,0,0,0,0,0,0,0,0,0,0,0,0,0,0,0,0,0,0,0,0,0,0,0,0,0,0,0,0,0,0,0,0,0,0,0,0,0,0,0,0,0,0,0,0,0,0,0,0,0,0,0,0,0,0,0,0,0,0,0,0,0,0,0,0,0,0,0,0,0,0,0,0,0,0,0,0,0,0,0,0,0,0,0,0,0,0,0,0,0,0,0,0,0,0,0,0,0,0,0,0,0,0,0,0,0,0,0,0,0,0,0,0,0,0,0,0,0,0,0,0,0,0,0,0,0,0,0
3814,0,0,0,0,0,0,0,0,0,0,0,0,0,0,0,0,0,0,0,0,0,0,0,0,0,0,0,0,0,0,0,0,0,0,0,0,0,0,0,0,0,0,0,0,0,0,0,0,0,0,0,0,0,0,0,0,0,0,0,0,0,0,0,0,0,0,0,0,0,0,0,0,0,0,0,0,0,0,0,0,0,0,0,0,0,0,0,0,0,0,0,0,0,0,0,0,0,0,0,0,0,0,0,0,0,0,0,0,0,0,0,0,0,0,0,0,0,0,0,0,0,0,0,0,0,0,0,0,0,0,0,0,0,0,0,0,0,0,0,0,0,0,0,0,0,0,0,0,0,0,0,0,0,0,0,0,0,0,0,0,0,0,0,0,0,0,0,0,0,0,0,0,0,0,0,0,0,0,0,0,0,0,0,0,0,0,0,0,0,0,0,0,0,0,0,0,0,0,0,0
3815,0,0,0,0,0,0,0,0,0,0,0,0,0,0,0,0,0,0,0,0,0,0,0,0,0,0,0,0,0,0,0,0,0,0,0,0,0,0,0,0,0,0,0,0,0,0,0,0,0,0,0,0,0,0,0,0,0,0,0,0,0,0,0,0,0,0,0,0,0,0,0,0,0,0,0,0,0,0,0,0,0,0,0,0,0,0,0,0,0,0,0,0,0,0,0,0,0,0,0,0,0,0,0,0,0,0,0,0,0,0,0,0,0,0,0,0,0,0,0,0,0,0,0,0,0,0,0,0,0,0,0,0,0,0,0,0,0,0,0,0,0,0,0,0,0,0,0,0,0,0,0,0,0,0,0,0,0,0,0,0,0,0,0,0,0,0,0,0,0,0,0,0,0,0,0,0,0,0,0,0,0,0,0,0,0,0,0,0,0,0,0,0,0,0,0,0,0,0,0,0
3816,0,0,0,0,0,0,0,0,0,0,0,0,0,0,0,0,0,0,0,0,0,0,0,0,0,0,0,0,0,0,0,0,0,0,0,0,0,0,0,0,0,0,0,0,0,0,0,0,0,0,0,0,0,0,0,0,0,0,0,0,0,0,0,0,0,0,0,0,0,0,0,0,0,0,0,0,0,0,0,0,0,0,0,0,0,0,0,0,0,0,0,0,0,0,0,0,0,0,0,0,0,0,0,0,0,0,0,0,0,0,0,0,0,0,0,0,0,0,0,0,0,0,0,0,0,0,0,0,0,0,0,0,0,0,0,0,0,0,0,0,0,0,0,0,0,0,0,0,0,0,0,0,0,0,0,0,0,0,0,0,0,0,0,0,0,0,0,0,0,0,0,0,0,0,0,0,0,0,0,0,0,0,0,0,0,0,0,0,0,0,0,0,0,0,0,0,0,0,0,0
3817,0,0,0,0,0,0,0,0,0,0,0,0,0,0,0,0,0,0,0,0,0,0,0,0,0,0,0,0,0,0,0,0,0,0,0,0,0,0,0,0,0,0,0,0,0,0,0,0,0,0,0,0,0,0,0,0,0,0,0,0,0,0,0,0,0,0,0,0,0,0,0,0,0,0,0,0,0,0,0,0,0,0,0,0,0,0,0,0,0,0,0,0,0,0,0,0,0,0,0,0,0,0,0,0,0,0,0,0,0,0,0,0,0,0,0,0,0,0,0,0,0,0,0,0,0,0,0,0,0,0,0,0,0,0,0,0,0,0,0,0,0,0,0,0,0,0,0,0,0,0,0,0,0,0,0,0,0,0,0,0,0,0,0,0,0,0,0,0,0,0,0,0,0,0,0,0,0,0,0,0,0,0,0,0,0,0,0,0,0,0,0,0,0,0,0,0,0,0,0,0
3818,0,0,0,0,0,0,0,0,0,0,0,0,0,0,0,0,0,0,0,0,0,0,0,0,0,0,0,0,0,0,0,0,0,0,0,0,0,0,0,0,0,0,0,0,0,0,0,0,0,0,0,0,0,0,0,0,0,0,0,0,0,0,0,0,0,0,0,0,0,0,0,0,0,0,0,0,0,0,0,0,0,0,0,0,0,0,0,0,0,0,0,0,0,0,0,0,0,0,0,0,0,0,0,0,0,0,0,0,0,0,0,0,0,0,0,0,0,0,0,0,0,0,0,0,0,0,0,0,0,0,0,0,0,0,0,0,0,0,0,0,0,0,0,0,0,0,0,0,0,0,0,0,0,0,0,0,0,0,0,0,0,0,0,0,0,0,0,0,0,0,0,0,0,0,0,0,0,0,0,0,0,0,0,0,0,0,0,0,0,0,0,0,0,0,0,0,0,0,0,0
3819,0,0,0,0,0,0,0,0,0,0,0,0,0,0,0,0,0,0,0,0,0,0,0,0,0,0,0,0,0,0,0,0,0,0,0,0,0,0,0,0,0,0,0,0,0,0,0,0,0,0,0,0,0,0,0,0,0,0,0,0,0,0,0,0,0,0,0,0,0,0,0,0,0,0,0,0,0,0,0,0,0,0,0,0,0,0,0,0,0,0,0,0,0,0,0,0,0,0,0,0,0,0,0,0,0,0,0,0,0,0,0,0,0,0,0,0,0,0,0,0,0,0,0,0,0,0,0,0,0,0,0,0,0,0,0,0,0,0,0,0,0,0,0,0,0,0,0,0,0,0,0,0,0,0,0,0,0,0,0,0,0,0,0,0,0,0,0,0,0,0,0,0,0,0,0,0,0,0,0,0,0,0,0,0,0,0,0,0,0,0,0,0,0,0,0,0,0,0,0,0
3820,0,0,0,0,0,0,0,0,0,0,0,0,0,0,0,0,0,0,0,0,0,0,0,0,0,0,0,0,0,0,0,0,0,0,0,0,0,0,0,0,0,0,0,0,0,0,0,0,0,0,0,0,0,0,0,0,0,0,0,0,0,0,0,0,0,0,0,0,0,0,0,0,0,0,0,0,0,0,0,0,0,0,0,0,0,0,0,0,0,0,0,0,0,0,0,0,0,0,0,0,0,0,0,0,0,0,0,0,0,0,0,0,0,0,0,0,0,0,0,0,0,0,0,0,0,0,0,0,0,0,0,0,0,0,0,0,0,0,0,0,0,0,0,0,0,0,0,0,0,0,0,0,0,0,0,0,0,0,0,0,0,0,0,0,0,0,0,0,0,0,0,0,0,0,0,0,0,0,0,0,0,0,0,0,0,0,0,0,0,0,0,0,0,0,0,0,0,0,0,0
3821,0,0,0,0,0,0,0,0,0,0,0,0,0,0,0,0,0,0,0,0,0,0,0,0,0,0,0,0,0,0,0,0,0,0,0,0,0,0,0,0,0,0,0,0,0,0,0,0,0,0,0,0,0,0,0,0,0,0,0,0,0,0,0,0,0,0,0,0,0,0,0,0,0,0,0,0,0,0,0,0,0,0,0,0,0,0,0,0,0,0,0,0,0,0,0,0,0,0,0,0,0,0,0,0,0,0,0,0,0,0,0,0,0,0,0,0,0,0,0,0,0,0,0,0,0,0,0,0,0,0,0,0,0,0,0,0,0,0,0,0,0,0,0,0,0,0,0,0,0,0,0,0,0,0,0,0,0,0,0,0,0,0,0,0,0,0,0,0,0,0,0,0,0,0,0,0,0,0,0,0,0,0,0,0,0,0,0,0,0,0,0,0,0,0,0,0,0,0,0,0
3822,0,0,0,0,0,0,0,0,0,0,0,0,0,0,0,0,0,0,0,0,0,0,0,0,0,0,0,0,0,0,0,0,0,0,0,0,0,0,0,0,0,0,0,0,0,0,0,0,0,0,0,0,0,0,0,0,0,0,0,0,0,0,0,0,0,0,0,0,0,0,0,0,0,0,0,0,0,0,0,0,0,0,0,0,0,0,0,0,0,0,0,0,0,0,0,0,0,0,0,0,0,0,0,0,0,0,0,0,0,0,0,0,0,0,0,0,0,0,0,0,0,0,0,0,0,0,0,0,0,0,0,0,0,0,0,0,0,0,0,0,0,0,0,0,0,0,0,0,0,0,0,0,0,0,0,0,0,0,0,0,0,0,0,0,0,0,0,0,0,0,0,0,0,0,0,0,0,0,0,0,0,0,0,0,0,0,0,0,0,0,0,0,0,0,0,0,0,0,0,0
3823,0,0,0,0,0,0,0,0,0,0,0,0,0,0,0,0,0,0,0,0,0,0,0,0,0,0,0,0,0,0,0,0,0,0,0,0,0,0,0,0,0,0,0,0,0,0,0,0,0,0,0,0,0,0,0,0,0,0,0,0,0,0,0,0,0,0,0,0,0,0,0,0,0,0,0,0,0,0,0,0,0,0,0,0,0,0,0,0,0,0,0,0,0,0,0,0,0,0,0,0,0,0,0,0,0,0,0,0,0,0,0,0,0,0,0,0,0,0,0,0,0,0,0,0,0,0,0,0,0,0,0,0,0,0,0,0,0,0,0,0,0,0,0,0,0,0,0,0,0,0,0,0,0,0,0,0,0,0,0,0,0,0,0,0,0,0,0,0,0,0,0,0,0,0,0,0,0,0,0,0,0,0,0,0,0,0,0,0,0,0,0,0,0,0,0,0,0,0,0,0
3824,0,0,0,0,0,0,0,0,0,0,0,0,0,0,0,0,0,0,0,0,0,0,0,0,0,0,0,0,0,0,0,0,0,0,0,0,0,0,0,0,0,0,0,0,0,0,0,0,0,0,0,0,0,0,0,0,0,0,0,0,0,0,0,0,0,0,0,0,0,0,0,0,0,0,0,0,0,0,0,0,0,0,0,0,0,0,0,0,0,0,0,0,0,0,0,0,0,0,0,0,0,0,0,0,0,0,0,0,0,0,0,0,0,0,0,0,0,0,0,0,0,0,0,0,0,0,0,0,0,0,0,0,0,0,0,0,0,0,0,0,0,0,0,0,0,0,0,0,0,0,0,0,0,0,0,0,0,0,0,0,0,0,0,0,0,0,0,0,0,0,0,0,0,0,0,0,0,0,0,0,0,0,0,0,0,0,0,0,0,0,0,0,0,0,0,0,0,0,0,0
3825,0,0,0,0,0,0,0,0,0,0,0,0,0,0,0,0,0,0,0,0,0,0,0,0,0,0,0,0,0,0,0,0,0,0,0,0,0,0,0,0,0,0,0,0,0,0,0,0,0,0,0,0,0,0,0,0,0,0,0,0,0,0,0,0,0,0,0,0,0,0,0,0,0,0,0,0,0,0,0,0,0,0,0,0,0,0,0,0,0,0,0,0,0,0,0,0,0,0,0,0,0,0,0,0,0,0,0,0,0,0,0,0,0,0,0,0,0,0,0,0,0,0,0,0,0,0,0,0,0,0,0,0,0,0,0,0,0,0,0,0,0,0,0,0,0,0,0,0,0,0,0,0,0,0,0,0,0,0,0,0,0,0,0,0,0,0,0,0,0,0,0,0,0,0,0,0,0,0,0,0,0,0,0,0,0,0,0,0,0,0,0,0,0,0,0,0,0,0,0,0
3826,0,0,0,0,0,0,0,0,0,0,0,0,0,0,0,0,0,0,0,0,0,0,0,0,0,0,0,0,0,0,0,0,0,0,0,0,0,0,0,0,0,0,0,0,0,0,0,0,0,0,0,0,0,0,0,0,0,0,0,0,0,0,0,0,0,0,0,0,0,0,0,0,0,0,0,0,0,0,0,0,0,0,0,0,0,0,0,0,0,0,0,0,0,0,0,0,0,0,0,0,0,0,0,0,0,0,0,0,0,0,0,0,0,0,0,0,0,0,0,0,0,0,0,0,0,0,0,0,0,0,0,0,0,0,0,0,0,0,0,0,0,0,0,0,0,0,0,0,0,0,0,0,0,0,0,0,0,0,0,0,0,0,0,0,0,0,0,0,0,0,0,0,0,0,0,0,0,0,0,0,0,0,0,0,0,0,0,0,0,0,0,0,0,0,0,0,0,0,0,0
3827,0,0,0,0,0,0,0,0,0,0,0,0,0,0,0,0,0,0,0,0,0,0,0,0,0,0,0,0,0,0,0,0,0,0,0,0,0,0,0,0,0,0,0,0,0,0,0,0,0,0,0,0,0,0,0,0,0,0,0,0,0,0,0,0,0,0,0,0,0,0,0,0,0,0,0,0,0,0,0,0,0,0,0,0,0,0,0,0,0,0,0,0,0,0,0,0,0,0,0,0,0,0,0,0,0,0,0,0,0,0,0,0,0,0,0,0,0,0,0,0,0,0,0,0,0,0,0,0,0,0,0,0,0,0,0,0,0,0,0,0,0,0,0,0,0,0,0,0,0,0,0,0,0,0,0,0,0,0,0,0,0,0,0,0,0,0,0,0,0,0,0,0,0,0,0,0,0,0,0,0,0,0,0,0,0,0,0,0,0,0,0,0,0,0,0,0,0,0,0,0
3828,0,0,0,0,0,0,0,0,0,0,0,0,0,0,0,0,0,0,0,0,0,0,0,0,0,0,0,0,0,0,0,0,0,0,0,0,0,0,0,0,0,0,0,0,0,0,0,0,0,0,0,0,0,0,0,0,0,0,0,0,0,0,0,0,0,0,0,0,0,0,0,0,0,0,0,0,0,0,0,0,0,0,0,0,0,0,0,0,0,0,0,0,0,0,0,0,0,0,0,0,0,0,0,0,0,0,0,0,0,0,0,0,0,0,0,0,0,0,0,0,0,0,0,0,0,0,0,0,0,0,0,0,0,0,0,0,0,0,0,0,0,0,0,0,0,0,0,0,0,0,0,0,0,0,0,0,0,0,0,0,0,0,0,0,0,0,0,0,0,0,0,0,0,0,0,0,0,0,0,0,0,0,0,0,0,0,0,0,0,0,0,0,0,0,0,0,0,0,0,0
3829,0,0,0,0,0,0,0,0,0,0,0,0,0,0,0,0,0,0,0,0,0,0,0,0,0,0,0,0,0,0,0,0,0,0,0,0,0,0,0,0,0,0,0,0,0,0,0,0,0,0,0,0,0,0,0,0,0,0,0,0,0,0,0,0,0,0,0,0,0,0,0,0,0,0,0,0,0,0,0,0,0,0,0,0,0,0,0,0,0,0,0,0,0,0,0,0,0,0,0,0,0,0,0,0,0,0,0,0,0,0,0,0,0,0,0,0,0,0,0,0,0,0,0,0,0,0,0,0,0,0,0,0,0,0,0,0,0,0,0,0,0,0,0,0,0,0,0,0,0,0,0,0,0,0,0,0,0,0,0,0,0,0,0,0,0,0,0,0,0,0,0,0,0,0,0,0,0,0,0,0,0,0,0,0,0,0,0,0,0,0,0,0,0,0,0,0,0,0,0,0
3830,0,0,0,0,0,0,0,0,0,0,0,0,0,0,0,0,0,0,0,0,0,0,0,0,0,0,0,0,0,0,0,0,0,0,0,0,0,0,0,0,0,0,0,0,0,0,0,0,0,0,0,0,0,0,0,0,0,0,0,0,0,0,0,0,0,0,0,0,0,0,0,0,0,0,0,0,0,0,0,0,0,0,0,0,0,0,0,0,0,0,0,0,0,0,0,0,0,0,0,0,0,0,0,0,0,0,0,0,0,0,0,0,0,0,0,0,0,0,0,0,0,0,0,0,0,0,0,0,0,0,0,0,0,0,0,0,0,0,0,0,0,0,0,0,0,0,0,0,0,0,0,0,0,0,0,0,0,0,0,0,0,0,0,0,0,0,0,0,0,0,0,0,0,0,0,0,0,0,0,0,0,0,0,0,0,0,0,0,0,0,0,0,0,0,0,0,0,0,0,0
3831,0,0,0,0,0,0,0,0,0,0,0,0,0,0,0,0,0,0,0,0,0,0,0,0,0,0,0,0,0,0,0,0,0,0,0,0,0,0,0,0,0,0,0,0,0,0,0,0,0,0,0,0,0,0,0,0,0,0,0,0,0,0,0,0,0,0,0,0,0,0,0,0,0,0,0,0,0,0,0,0,0,0,0,0,0,0,0,0,0,0,0,0,0,0,0,0,0,0,0,0,0,0,0,0,0,0,0,0,0,0,0,0,0,0,0,0,0,0,0,0,0,0,0,0,0,0,0,0,0,0,0,0,0,0,0,0,0,0,0,0,0,0,0,0,0,0,0,0,0,0,0,0,0,0,0,0,0,0,0,0,0,0,0,0,0,0,0,0,0,0,0,0,0,0,0,0,0,0,0,0,0,0,0,0,0,0,0,0,0,0,0,0,0,0,0,0,0,0,0,0
3832,0,0,0,0,0,0,0,0,0,0,0,0,0,0,0,0,0,0,0,0,0,0,0,0,0,0,0,0,0,0,0,0,0,0,0,0,0,0,0,0,0,0,0,0,0,0,0,0,0,0,0,0,0,0,0,0,0,0,0,0,0,0,0,0,0,0,0,0,0,0,0,0,0,0,0,0,0,0,0,0,0,0,0,0,0,0,0,0,0,0,0,0,0,0,0,0,0,0,0,0,0,0,0,0,0,0,0,0,0,0,0,0,0,0,0,0,0,0,0,0,0,0,0,0,0,0,0,0,0,0,0,0,0,0,0,0,0,0,0,0,0,0,0,0,0,0,0,0,0,0,0,0,0,0,0,0,0,0,0,0,0,0,0,0,0,0,0,0,0,0,0,0,0,0,0,0,0,0,0,0,0,0,0,0,0,0,0,0,0,0,0,0,0,0,0,0,0,0,0,0
3833,0,0,0,0,0,0,0,0,0,0,0,0,0,0,0,0,0,0,0,0,0,0,0,0,0,0,0,0,0,0,0,0,0,0,0,0,0,0,0,0,0,0,0,0,0,0,0,0,0,0,0,0,0,0,0,0,0,0,0,0,0,0,0,0,0,0,0,0,0,0,0,0,0,0,0,0,0,0,0,0,0,0,0,0,0,0,0,0,0,0,0,0,0,0,0,0,0,0,0,0,0,0,0,0,0,0,0,0,0,0,0,0,0,0,0,0,0,0,0,0,0,0,0,0,0,0,0,0,0,0,0,0,0,0,0,0,0,0,0,0,0,0,0,0,0,0,0,0,0,0,0,0,0,0,0,0,0,0,0,0,0,0,0,0,0,0,0,0,0,0,0,0,0,0,0,0,0,0,0,0,0,0,0,0,0,0,0,0,0,0,0,0,0,0,0,0,0,0,0,0
3834,0,0,0,0,0,0,0,0,0,0,0,0,0,0,0,0,0,0,0,0,0,0,0,0,0,0,0,0,0,0,0,0,0,0,0,0,0,0,0,0,0,0,0,0,0,0,0,0,0,0,0,0,0,0,0,0,0,0,0,0,0,0,0,0,0,0,0,0,0,0,0,0,0,0,0,0,0,0,0,0,0,0,0,0,0,0,0,0,0,0,0,0,0,0,0,0,0,0,0,0,0,0,0,0,0,0,0,0,0,0,0,0,0,0,0,0,0,0,0,0,0,0,0,0,0,0,0,0,0,0,0,0,0,0,0,0,0,0,0,0,0,0,0,0,0,0,0,0,0,0,0,0,0,0,0,0,0,0,0,0,0,0,0,0,0,0,0,0,0,0,0,0,0,0,0,0,0,0,0,0,0,0,0,0,0,0,0,0,0,0,0,0,0,0,0,0,0,0,0,0
3835,0,0,0,0,0,0,0,0,0,0,0,0,0,0,0,0,0,0,0,0,0,0,0,0,0,0,0,0,0,0,0,0,0,0,0,0,0,0,0,0,0,0,0,0,0,0,0,0,0,0,0,0,0,0,0,0,0,0,0,0,0,0,0,0,0,0,0,0,0,0,0,0,0,0,0,0,0,0,0,0,0,0,0,0,0,0,0,0,0,0,0,0,0,0,0,0,0,0,0,0,0,0,0,0,0,0,0,0,0,0,0,0,0,0,0,0,0,0,0,0,0,0,0,0,0,0,0,0,0,0,0,0,0,0,0,0,0,0,0,0,0,0,0,0,0,0,0,0,0,0,0,0,0,0,0,0,0,0,0,0,0,0,0,0,0,0,0,0,0,0,0,0,0,0,0,0,0,0,0,0,0,0,0,0,0,0,0,0,0,0,0,0,0,0,0,0,0,0,0,0
3836,0,0,0,0,0,0,0,0,0,0,0,0,0,0,0,0,0,0,0,0,0,0,0,0,0,0,0,0,0,0,0,0,0,0,0,0,0,0,0,0,0,0,0,0,0,0,0,0,0,0,0,0,0,0,0,0,0,0,0,0,0,0,0,0,0,0,0,0,0,0,0,0,0,0,0,0,0,0,0,0,0,0,0,0,0,0,0,0,0,0,0,0,0,0,0,0,0,0,0,0,0,0,0,0,0,0,0,0,0,0,0,0,0,0,0,0,0,0,0,0,0,0,0,0,0,0,0,0,0,0,0,0,0,0,0,0,0,0,0,0,0,0,0,0,0,0,0,0,0,0,0,0,0,0,0,0,0,0,0,0,0,0,0,0,0,0,0,0,0,0,0,0,0,0,0,0,0,0,0,0,0,0,0,0,0,0,0,0,0,0,0,0,0,0,0,0,0,0,0,0
3837,0,0,0,0,0,0,0,0,0,0,0,0,0,0,0,0,0,0,0,0,0,0,0,0,0,0,0,0,0,0,0,0,0,0,0,0,0,0,0,0,0,0,0,0,0,0,0,0,0,0,0,0,0,0,0,0,0,0,0,0,0,0,0,0,0,0,0,0,0,0,0,0,0,0,0,0,0,0,0,0,0,0,0,0,0,0,0,0,0,0,0,0,0,0,0,0,0,0,0,0,0,0,0,0,0,0,0,0,0,0,0,0,0,0,0,0,0,0,0,0,0,0,0,0,0,0,0,0,0,0,0,0,0,0,0,0,0,0,0,0,0,0,0,0,0,0,0,0,0,0,0,0,0,0,0,0,0,0,0,0,0,0,0,0,0,0,0,0,0,0,0,0,0,0,0,0,0,0,0,0,0,0,0,0,0,0,0,0,0,0,0,0,0,0,0,0,0,0,0,0
3838,0,0,0,0,0,0,0,0,0,0,0,0,0,0,0,0,0,0,0,0,0,0,0,0,0,0,0,0,0,0,0,0,0,0,0,0,0,0,0,0,0,0,0,0,0,0,0,0,0,0,0,0,0,0,0,0,0,0,0,0,0,0,0,0,0,0,0,0,0,0,0,0,0,0,0,0,0,0,0,0,0,0,0,0,0,0,0,0,0,0,0,0,0,0,0,0,0,0,0,0,0,0,0,0,0,0,0,0,0,0,0,0,0,0,0,0,0,0,0,0,0,0,0,0,0,0,0,0,0,0,0,0,0,0,0,0,0,0,0,0,0,0,0,0,0,0,0,0,0,0,0,0,0,0,0,0,0,0,0,0,0,0,0,0,0,0,0,0,0,0,0,0,0,0,0,0,0,0,0,0,0,0,0,0,0,0,0,0,0,0,0,0,0,0,0,0,0,0,0,0
3839,0,0,0,0,0,0,0,0,0,0,0,0,0,0,0,0,0,0,0,0,0,0,0,0,0,0,0,0,0,0,0,0,0,0,0,0,0,0,0,0,0,0,0,0,0,0,0,0,0,0,0,0,0,0,0,0,0,0,0,0,0,0,0,0,0,0,0,0,0,0,0,0,0,0,0,0,0,0,0,0,0,0,0,0,0,0,0,0,0,0,0,0,0,0,0,0,0,0,0,0,0,0,0,0,0,0,0,0,0,0,0,0,0,0,0,0,0,0,0,0,0,0,0,0,0,0,0,0,0,0,0,0,0,0,0,0,0,0,0,0,0,0,0,0,0,0,0,0,0,0,0,0,0,0,0,0,0,0,0,0,0,0,0,0,0,0,0,0,0,0,0,0,0,0,0,0,0,0,0,0,0,0,0,0,0,0,0,0,0,0,0,0,0,0,0,0,0,0,0,0
3840,0,0,0,0,0,0,0,0,0,0,0,0,0,0,0,0,0,0,0,0,0,0,0,0,0,0,0,0,0,0,0,0,0,0,0,0,0,0,0,0,0,0,0,0,0,0,0,0,0,0,0,0,0,0,0,0,0,0,0,0,0,0,0,0,0,0,0,0,0,0,0,0,0,0,0,0,0,0,0,0,0,0,0,0,0,0,0,0,0,0,0,0,0,0,0,0,0,0,0,0,0,0,0,0,0,0,0,0,0,0,0,0,0,0,0,0,0,0,0,0,0,0,0,0,0,0,0,0,0,0,0,0,0,0,0,0,0,0,0,0,0,0,0,0,0,0,0,0,0,0,0,0,0,0,0,0,0,0,0,0,0,0,0,0,0,0,0,0,0,0,0,0,0,0,0,0,0,0,0,0,0,0,0,0,0,0,0,0,0,0,0,0,0,0,0,0,0,0,0,0
3841,0,0,0,0,0,0,0,0,0,0,0,0,0,0,0,0,0,0,0,0,0,0,0,0,0,0,0,0,0,0,0,0,0,0,0,0,0,0,0,0,0,0,0,0,0,0,0,0,0,0,0,0,0,0,0,0,0,0,0,0,0,0,0,0,0,0,0,0,0,0,0,0,0,0,0,0,0,0,0,0,0,0,0,0,0,0,0,0,0,0,0,0,0,0,0,0,0,0,0,0,0,0,0,0,0,0,0,0,0,0,0,0,0,0,0,0,0,0,0,0,0,0,0,0,0,0,0,0,0,0,0,0,0,0,0,0,0,0,0,0,0,0,0,0,0,0,0,0,0,0,0,0,0,0,0,0,0,0,0,0,0,0,0,0,0,0,0,0,0,0,0,0,0,0,0,0,0,0,0,0,0,0,0,0,0,0,0,0,0,0,0,0,0,0,0,0,0,0,0,0
3842,0,0,0,0,0,0,0,0,0,0,0,0,0,0,0,0,0,0,0,0,0,0,0,0,0,0,0,0,0,0,0,0,0,0,0,0,0,0,0,0,0,0,0,0,0,0,0,0,0,0,0,0,0,0,0,0,0,0,0,0,0,0,0,0,0,0,0,0,0,0,0,0,0,0,0,0,0,0,0,0,0,0,0,0,0,0,0,0,0,0,0,0,0,0,0,0,0,0,0,0,0,0,0,0,0,0,0,0,0,0,0,0,0,0,0,0,0,0,0,0,0,0,0,0,0,0,0,0,0,0,0,0,0,0,0,0,0,0,0,0,0,0,0,0,0,0,0,0,0,0,0,0,0,0,0,0,0,0,0,0,0,0,0,0,0,0,0,0,0,0,0,0,0,0,0,0,0,0,0,0,0,0,0,0,0,0,0,0,0,0,0,0,0,0,0,0,0,0,0,0
3843,0,0,0,0,0,0,0,0,0,0,0,0,0,0,0,0,0,0,0,0,0,0,0,0,0,0,0,0,0,0,0,0,0,0,0,0,0,0,0,0,0,0,0,0,0,0,0,0,0,0,0,0,0,0,0,0,0,0,0,0,0,0,0,0,0,0,0,0,0,0,0,0,0,0,0,0,0,0,0,0,0,0,0,0,0,0,0,0,0,0,0,0,0,0,0,0,0,0,0,0,0,0,0,0,0,0,0,0,0,0,0,0,0,0,0,0,0,0,0,0,0,0,0,0,0,0,0,0,0,0,0,0,0,0,0,0,0,0,0,0,0,0,0,0,0,0,0,0,0,0,0,0,0,0,0,0,0,0,0,0,0,0,0,0,0,0,0,0,0,0,0,0,0,0,0,0,0,0,0,0,0,0,0,0,0,0,0,0,0,0,0,0,0,0,0,0,0,0,0,0
3844,0,0,0,0,0,0,0,0,0,0,0,0,0,0,0,0,0,0,0,0,0,0,0,0,0,0,0,0,0,0,0,0,0,0,0,0,0,0,0,0,0,0,0,0,0,0,0,0,0,0,0,0,0,0,0,0,0,0,0,0,0,0,0,0,0,0,0,0,0,0,0,0,0,0,0,0,0,0,0,0,0,0,0,0,0,0,0,0,0,0,0,0,0,0,0,0,0,0,0,0,0,0,0,0,0,0,0,0,0,0,0,0,0,0,0,0,0,0,0,0,0,0,0,0,0,0,0,0,0,0,0,0,0,0,0,0,0,0,0,0,0,0,0,0,0,0,0,0,0,0,0,0,0,0,0,0,0,0,0,0,0,0,0,0,0,0,0,0,0,0,0,0,0,0,0,0,0,0,0,0,0,0,0,0,0,0,0,0,0,0,0,0,0,0,0,0,0,0,0,0
3845,0,0,0,0,0,0,0,0,0,0,0,0,0,0,0,0,0,0,0,0,0,0,0,0,0,0,0,0,0,0,0,0,0,0,0,0,0,0,0,0,0,0,0,0,0,0,0,0,0,0,0,0,0,0,0,0,0,0,0,0,0,0,0,0,0,0,0,0,0,0,0,0,0,0,0,0,0,0,0,0,0,0,0,0,0,0,0,0,0,0,0,0,0,0,0,0,0,0,0,0,0,0,0,0,0,0,0,0,0,0,0,0,0,0,0,0,0,0,0,0,0,0,0,0,0,0,0,0,0,0,0,0,0,0,0,0,0,0,0,0,0,0,0,0,0,0,0,0,0,0,0,0,0,0,0,0,0,0,0,0,0,0,0,0,0,0,0,0,0,0,0,0,0,0,0,0,0,0,0,0,0,0,0,0,0,0,0,0,0,0,0,0,0,0,0,0,0,0,0,0
3846,0,0,0,0,0,0,0,0,0,0,0,0,0,0,0,0,0,0,0,0,0,0,0,0,0,0,0,0,0,0,0,0,0,0,0,0,0,0,0,0,0,0,0,0,0,0,0,0,0,0,0,0,0,0,0,0,0,0,0,0,0,0,0,0,0,0,0,0,0,0,0,0,0,0,0,0,0,0,0,0,0,0,0,0,0,0,0,0,0,0,0,0,0,0,0,0,0,0,0,0,0,0,0,0,0,0,0,0,0,0,0,0,0,0,0,0,0,0,0,0,0,0,0,0,0,0,0,0,0,0,0,0,0,0,0,0,0,0,0,0,0,0,0,0,0,0,0,0,0,0,0,0,0,0,0,0,0,0,0,0,0,0,0,0,0,0,0,0,0,0,0,0,0,0,0,0,0,0,0,0,0,0,0,0,0,0,0,0,0,0,0,0,0,0,0,0,0,0,0,0
3847,0,0,0,0,0,0,0,0,0,0,0,0,0,0,0,0,0,0,0,0,0,0,0,0,0,0,0,0,0,0,0,0,0,0,0,0,0,0,0,0,0,0,0,0,0,0,0,0,0,0,0,0,0,0,0,0,0,0,0,0,0,0,0,0,0,0,0,0,0,0,0,0,0,0,0,0,0,0,0,0,0,0,0,0,0,0,0,0,0,0,0,0,0,0,0,0,0,0,0,0,0,0,0,0,0,0,0,0,0,0,0,0,0,0,0,0,0,0,0,0,0,0,0,0,0,0,0,0,0,0,0,0,0,0,0,0,0,0,0,0,0,0,0,0,0,0,0,0,0,0,0,0,0,0,0,0,0,0,0,0,0,0,0,0,0,0,0,0,0,0,0,0,0,0,0,0,0,0,0,0,0,0,0,0,0,0,0,0,0,0,0,0,0,0,0,0,0,0,0,0
3848,0,0,0,0,0,0,0,0,0,0,0,0,0,0,0,0,0,0,0,0,0,0,0,0,0,0,0,0,0,0,0,0,0,0,0,0,0,0,0,0,0,0,0,0,0,0,0,0,0,0,0,0,0,0,0,0,0,0,0,0,0,0,0,0,0,0,0,0,0,0,0,0,0,0,0,0,0,0,0,0,0,0,0,0,0,0,0,0,0,0,0,0,0,0,0,0,0,0,0,0,0,0,0,0,0,0,0,0,0,0,0,0,0,0,0,0,0,0,0,0,0,0,0,0,0,0,0,0,0,0,0,0,0,0,0,0,0,0,0,0,0,0,0,0,0,0,0,0,0,0,0,0,0,0,0,0,0,0,0,0,0,0,0,0,0,0,0,0,0,0,0,0,0,0,0,0,0,0,0,0,0,0,0,0,0,0,0,0,0,0,0,0,0,0,0,0,0,0,0,0
3849,0,0,0,0,0,0,0,0,0,0,0,0,0,0,0,0,0,0,0,0,0,0,0,0,0,0,0,0,0,0,0,0,0,0,0,0,0,0,0,0,0,0,0,0,0,0,0,0,0,0,0,0,0,0,0,0,0,0,0,0,0,0,0,0,0,0,0,0,0,0,0,0,0,0,0,0,0,0,0,0,0,0,0,0,0,0,0,0,0,0,0,0,0,0,0,0,0,0,0,0,0,0,0,0,0,0,0,0,0,0,0,0,0,0,0,0,0,0,0,0,0,0,0,0,0,0,0,0,0,0,0,0,0,0,0,0,0,0,0,0,0,0,0,0,0,0,0,0,0,0,0,0,0,0,0,0,0,0,0,0,0,0,0,0,0,0,0,0,0,0,0,0,0,0,0,0,0,0,0,0,0,0,0,0,0,0,0,0,0,0,0,0,0,0,0,0,0,0,0,0
3850,0,0,0,0,0,0,0,0,0,0,0,0,0,0,0,0,0,0,0,0,0,0,0,0,0,0,0,0,0,0,0,0,0,0,0,0,0,0,0,0,0,0,0,0,0,0,0,0,0,0,0,0,0,0,0,0,0,0,0,0,0,0,0,0,0,0,0,0,0,0,0,0,0,0,0,0,0,0,0,0,0,0,0,0,0,0,0,0,0,0,0,0,0,0,0,0,0,0,0,0,0,0,0,0,0,0,0,0,0,0,0,0,0,0,0,0,0,0,0,0,0,0,0,0,0,0,0,0,0,0,0,0,0,0,0,0,0,0,0,0,0,0,0,0,0,0,0,0,0,0,0,0,0,0,0,0,0,0,0,0,0,0,0,0,0,0,0,0,0,0,0,0,0,0,0,0,0,0,0,0,0,0,0,0,0,0,0,0,0,0,0,0,0,0,0,0,0,0,0,0
3851,0,0,0,0,0,0,0,0,0,0,0,0,0,0,0,0,0,0,0,0,0,0,0,0,0,0,0,0,0,0,0,0,0,0,0,0,0,0,0,0,0,0,0,0,0,0,0,0,0,0,0,0,0,0,0,0,0,0,0,0,0,0,0,0,0,0,0,0,0,0,0,0,0,0,0,0,0,0,0,0,0,0,0,0,0,0,0,0,0,0,0,0,0,0,0,0,0,0,0,0,0,0,0,0,0,0,0,0,0,0,0,0,0,0,0,0,0,0,0,0,0,0,0,0,0,0,0,0,0,0,0,0,0,0,0,0,0,0,0,0,0,0,0,0,0,0,0,0,0,0,0,0,0,0,0,0,0,0,0,0,0,0,0,0,0,0,0,0,0,0,0,0,0,0,0,0,0,0,0,0,0,0,0,0,0,0,0,0,0,0,0,0,0,0,0,0,0,0,0,0
3852,0,0,0,0,0,0,0,0,0,0,0,0,0,0,0,0,0,0,0,0,0,0,0,0,0,0,0,0,0,0,0,0,0,0,0,0,0,0,0,0,0,0,0,0,0,0,0,0,0,0,0,0,0,0,0,0,0,0,0,0,0,0,0,0,0,0,0,0,0,0,0,0,0,0,0,0,0,0,0,0,0,0,0,0,0,0,0,0,0,0,0,0,0,0,0,0,0,0,0,0,0,0,0,0,0,0,0,0,0,0,0,0,0,0,0,0,0,0,0,0,0,0,0,0,0,0,0,0,0,0,0,0,0,0,0,0,0,0,0,0,0,0,0,0,0,0,0,0,0,0,0,0,0,0,0,0,0,0,0,0,0,0,0,0,0,0,0,0,0,0,0,0,0,0,0,0,0,0,0,0,0,0,0,0,0,0,0,0,0,0,0,0,0,0,0,0,0,0,0,0
3853,0,0,0,0,0,0,0,0,0,0,0,0,0,0,0,0,0,0,0,0,0,0,0,0,0,0,0,0,0,0,0,0,0,0,0,0,0,0,0,0,0,0,0,0,0,0,0,0,0,0,0,0,0,0,0,0,0,0,0,0,0,0,0,0,0,0,0,0,0,0,0,0,0,0,0,0,0,0,0,0,0,0,0,0,0,0,0,0,0,0,0,0,0,0,0,0,0,0,0,0,0,0,0,0,0,0,0,0,0,0,0,0,0,0,0,0,0,0,0,0,0,0,0,0,0,0,0,0,0,0,0,0,0,0,0,0,0,0,0,0,0,0,0,0,0,0,0,0,0,0,0,0,0,0,0,0,0,0,0,0,0,0,0,0,0,0,0,0,0,0,0,0,0,0,0,0,0,0,0,0,0,0,0,0,0,0,0,0,0,0,0,0,0,0,0,0,0,0,0,0
3854,0,0,0,0,0,0,0,0,0,0,0,0,0,0,0,0,0,0,0,0,0,0,0,0,0,0,0,0,0,0,0,0,0,0,0,0,0,0,0,0,0,0,0,0,0,0,0,0,0,0,0,0,0,0,0,0,0,0,0,0,0,0,0,0,0,0,0,0,0,0,0,0,0,0,0,0,0,0,0,0,0,0,0,0,0,0,0,0,0,0,0,0,0,0,0,0,0,0,0,0,0,0,0,0,0,0,0,0,0,0,0,0,0,0,0,0,0,0,0,0,0,0,0,0,0,0,0,0,0,0,0,0,0,0,0,0,0,0,0,0,0,0,0,0,0,0,0,0,0,0,0,0,0,0,0,0,0,0,0,0,0,0,0,0,0,0,0,0,0,0,0,0,0,0,0,0,0,0,0,0,0,0,0,0,0,0,0,0,0,0,0,0,0,0,0,0,0,0,0,0
3855,0,0,0,0,0,0,0,0,0,0,0,0,0,0,0,0,0,0,0,0,0,0,0,0,0,0,0,0,0,0,0,0,0,0,0,0,0,0,0,0,0,0,0,0,0,0,0,0,0,0,0,0,0,0,0,0,0,0,0,0,0,0,0,0,0,0,0,0,0,0,0,0,0,0,0,0,0,0,0,0,0,0,0,0,0,0,0,0,0,0,0,0,0,0,0,0,0,0,0,0,0,0,0,0,0,0,0,0,0,0,0,0,0,0,0,0,0,0,0,0,0,0,0,0,0,0,0,0,0,0,0,0,0,0,0,0,0,0,0,0,0,0,0,0,0,0,0,0,0,0,0,0,0,0,0,0,0,0,0,0,0,0,0,0,0,0,0,0,0,0,0,0,0,0,0,0,0,0,0,0,0,0,0,0,0,0,0,0,0,0,0,0,0,0,0,0,0,0,0,0
3856,0,0,0,0,0,0,0,0,0,0,0,0,0,0,0,0,0,0,0,0,0,0,0,0,0,0,0,0,0,0,0,0,0,0,0,0,0,0,0,0,0,0,0,0,0,0,0,0,0,0,0,0,0,0,0,0,0,0,0,0,0,0,0,0,0,0,0,0,0,0,0,0,0,0,0,0,0,0,0,0,0,0,0,0,0,0,0,0,0,0,0,0,0,0,0,0,0,0,0,0,0,0,0,0,0,0,0,0,0,0,0,0,0,0,0,0,0,0,0,0,0,0,0,0,0,0,0,0,0,0,0,0,0,0,0,0,0,0,0,0,0,0,0,0,0,0,0,0,0,0,0,0,0,0,0,0,0,0,0,0,0,0,0,0,0,0,0,0,0,0,0,0,0,0,0,0,0,0,0,0,0,0,0,0,0,0,0,0,0,0,0,0,0,0,0,0,0,0,0,0
3857,0,0,0,0,0,0,0,0,0,0,0,0,0,0,0,0,0,0,0,0,0,0,0,0,0,0,0,0,0,0,0,0,0,0,0,0,0,0,0,0,0,0,0,0,0,0,0,0,0,0,0,0,0,0,0,0,0,0,0,0,0,0,0,0,0,0,0,0,0,0,0,0,0,0,0,0,0,0,0,0,0,0,0,0,0,0,0,0,0,0,0,0,0,0,0,0,0,0,0,0,0,0,0,0,0,0,0,0,0,0,0,0,0,0,0,0,0,0,0,0,0,0,0,0,0,0,0,0,0,0,0,0,0,0,0,0,0,0,0,0,0,0,0,0,0,0,0,0,0,0,0,0,0,0,0,0,0,0,0,0,0,0,0,0,0,0,0,0,0,0,0,0,0,0,0,0,0,0,0,0,0,0,0,0,0,0,0,0,0,0,0,0,0,0,0,0,0,0,0,0
3858,0,0,0,0,0,0,0,0,0,0,0,0,0,0,0,0,0,0,0,0,0,0,0,0,0,0,0,0,0,0,0,0,0,0,0,0,0,0,0,0,0,0,0,0,0,0,0,0,0,0,0,0,0,0,0,0,0,0,0,0,0,0,0,0,0,0,0,0,0,0,0,0,0,0,0,0,0,0,0,0,0,0,0,0,0,0,0,0,0,0,0,0,0,0,0,0,0,0,0,0,0,0,0,0,0,0,0,0,0,0,0,0,0,0,0,0,0,0,0,0,0,0,0,0,0,0,0,0,0,0,0,0,0,0,0,0,0,0,0,0,0,0,0,0,0,0,0,0,0,0,0,0,0,0,0,0,0,0,0,0,0,0,0,0,0,0,0,0,0,0,0,0,0,0,0,0,0,0,0,0,0,0,0,0,0,0,0,0,0,0,0,0,0,0,0,0,0,0,0,0
3859,0,0,0,0,0,0,0,0,0,0,0,0,0,0,0,0,0,0,0,0,0,0,0,0,0,0,0,0,0,0,0,0,0,0,0,0,0,0,0,0,0,0,0,0,0,0,0,0,0,0,0,0,0,0,0,0,0,0,0,0,0,0,0,0,0,0,0,0,0,0,0,0,0,0,0,0,0,0,0,0,0,0,0,0,0,0,0,0,0,0,0,0,0,0,0,0,0,0,0,0,0,0,0,0,0,0,0,0,0,0,0,0,0,0,0,0,0,0,0,0,0,0,0,0,0,0,0,0,0,0,0,0,0,0,0,0,0,0,0,0,0,0,0,0,0,0,0,0,0,0,0,0,0,0,0,0,0,0,0,0,0,0,0,0,0,0,0,0,0,0,0,0,0,0,0,0,0,0,0,0,0,0,0,0,0,0,0,0,0,0,0,0,0,0,0,0,0,0,0,0
3860,0,0,0,0,0,0,0,0,0,0,0,0,0,0,0,0,0,0,0,0,0,0,0,0,0,0,0,0,0,0,0,0,0,0,0,0,0,0,0,0,0,0,0,0,0,0,0,0,0,0,0,0,0,0,0,0,0,0,0,0,0,0,0,0,0,0,0,0,0,0,0,0,0,0,0,0,0,0,0,0,0,0,0,0,0,0,0,0,0,0,0,0,0,0,0,0,0,0,0,0,0,0,0,0,0,0,0,0,0,0,0,0,0,0.0000000000,0,0,0,0,0,0,0,0,0,0,0,0,0,0,0,0,0,0,0,0,0,0,0,0,0,0,0,0,0,0,0,0,0,0,0,0,0,0,0,0,0,0,0,0,0,0,0,0,0,0,0,0,0,0,0,0,0,0,0,0,0,0,0,0,0,0,0,0,0,0,0,0,0,0,0,0,0,0,0,0,0,0,0,0,0,0
3861,0,0,0,0,0,0,0,0,0,0,0,0,0,0,0,0,0,0,0,0,0,0,0,0,0,0,0,0,0,0,0,0,0,0,0,0,0,0,0,0,0,0,0,0,0,0,0,0,0,0,0,0,0,0,0,0,0,0,0,0,0,0,0,0,0,0,0,0,0,0,0,0,0,0,0,0,0,0,0,0,0,0,0,0,0,0,0,0,0,0,0,0,0,0,0,0,0,0,0,0,0,0,0,0,0,0,0,0,0,0,0,0,0,0,0,0,0,0,0,0,0,0,0,0,0,0,0,0,0,0,0,0,0,0,0,0,0,0,0,0,0,0,0,0,0,0,0,0,0,0,0,0,0,0,0,0,0,0,0,0,0,0,0,0,0,0,0,0,0,0,0,0,0,0,0,0,0,0,0,0,0,0,0,0,0,0,0,0,0,0,0,0,0,0,0,0,0,0,0,0
3862,0,0,0,0,0,0,0,0,0,0,0,0,0,0,0,0,0,0,0,0,0,0,0,0,0,0,0,0,0,0,0,0,0,0,0,0,0,0,0,0,0,0,0,0,0,0,0,0,0,0,0,0,0,0,0,0,0,0,0,0,0,0,0,0,0,0,0,0,0,0,0,0,0,0,0,0,0,0,0,0,0,0,0,0,0,0,0,0,0,0,0,0,0,0,0,0,0,0,0,0,0,0,0,0,0,0,0,0,0,0,0,0,0,0,0,0,0,0,0,0,0,0,0,0,0,0,0,0,0,0,0,0,0,0,0,0,0,0,0,0,0,0,0,0,0,0,0,0,0,0,0,0,0,0,0,0,0,0,0,0,0,0,0,0,0,0,0,0,0,0,0,0,0,0,0,0,0,0,0,0,0,0,0,0,0,0,0,0,0,0,0,0,0,0,0,0,0,0,0,0
3863,0,0,0,0,0,0,0,0,0,0,0,0,0,0,0,0,0,0,0,0,0,0,0,0,0,0,0,0,0,0,0,0,0,0,0,0,0,0,0,0,0,0,0,0,0,0,0,0,0,0,0,0,0,0,0,0,0,0,0,0,0,0,0,0,0,0,0,0,0,0,0,0,0,0,0,0,0,0,0,0,0,0,0,0,0,0,0,0,0,0,0,0,0,0,0,0,0,0,0,0,0,0,0,0,0,0,0,0,0,0,0,0,0,0,0,0,0,0,0,0,0,0,0,0,0,0,0,0,0,0,0,0,0,0,0,0,0,0,0,0,0,0,0,0,0,0,0,0,0,0,0,0,0,0,0,0,0,0,0,0,0,0,0,0,0,0,0,0,0,0,0,0,0,0,0,0,0,0,0,0,0,0,0,0,0,0,0,0,0,0,0,0,0,0,0,0,0,0,0,0
3864,0,0,0,0,0,0,0,0,0,0,0,0,0,0,0,0,0,0,0,0,0,0,0,0,0,0,0,0,0,0,0,0,0,0,0,0,0,0,0,0,0,0,0,0,0,0,0,0,0,0,0,0,0,0,0,0,0,0,0,0,0,0,0,0,0,0,0,0,0,0,0,0,0,0,0,0,0,0,0,0,0,0,0,0,0,0,0,0,0,0,0,0,0,0,0,0,0,0,0,0,0,0,0,0,0,0,0,0,0,0,0,0,0,0,0,0,0,0,0,0,0,0,0,0,0,0,0,0,0,0,0,0,0,0,0,0,0,0,0,0,0,0,0,0,0,0,0,0,0,0,0,0,0,0,0,0,0,0,0,0,0,0,0,0,0,0,0,0,0,0,0,0,0,0,0,0,0,0,0,0,0,0,0,0,0,0,0,0,0,0,0,0,0,0,0,0,0,0,0,0
3865,0,0,0,0,0,0,0,0,0,0,0,0,0,0,0,0,0,0,0,0,0,0,0,0,0,0,0,0,0,0,0,0,0,0,0,0,0,0,0,0,0,0,0,0,0,0,0,0,0,0,0,0,0,0,0,0,0,0,0,0,0,0,0,0,0,0,0,0,0,0,0,0,0,0,0,0,0,0,0,0,0,0,0,0,0,0,0,0,0,0,0,0,0,0,0,0,0,0,0,0,0,0,0,0,0,0,0,0,0,0,0,0,0,0,0,0,0,0,0,0,0,0,0,0,0,0,0,0,0,0,0,0,0,0,0,0,0,0,0,0,0,0,0,0,0,0,0,0,0,0,0,0,0,0,0,0,0,0,0,0,0,0,0,0,0,0,0,0,0,0,0,0,0,0,0,0,0,0,0,0,0,0,0,0,0,0,0,0,0,0,0,0,0,0,0,0,0,0,0,0
3866,0,0,0,0,0,0,0,0,0,0,0,0,0,0,0,0,0,0,0,0,0,0,0,0,0,0,0,0,0,0,0,0,0,0,0,0,0,0,0,0,0,0,0,0,0,0,0,0,0,0,0,0,0,0,0,0,0,0,0,0,0,0,0,0,0,0,0,0,0,0,0,0,0,0,0,0,0,0,0,0,0,0,0,0,0,0,0,0,0,0,0,0,0,0,0,0,0,0,0,0,0,0,0,0,0,0,0,0,0,0,0,0,0,0,0,0,0,0,0,0,0,0,0,0,0,0,0,0,0,0,0,0,0,0,0,0,0,0,0,0,0,0,0,0,0,0,0,0,0,0,0,0,0,0,0,0,0,0,0,0,0,0,0,0,0,0,0,0,0,0,0,0,0,0,0,0,0,0,0,0,0,0,0,0,0,0,0,0,0,0,0,0,0,0,0,0,0,0,0,0
3867,0,0,0,0,0,0,0,0,0,0,0,0,0,0,0,0,0,0,0,0,0,0,0,0,0,0,0,0,0,0,0,0,0,0,0,0,0,0,0,0,0,0,0,0,0,0,0,0,0,0,0,0,0,0,0,0,0,0,0,0,0,0,0,0,0,0,0,0,0,0,0,0,0,0,0,0,0,0,0,0,0,0,0,0,0,0,0,0,0,0,0,0,0,0,0,0,0,0,0,0,0,0,0,0,0,0,0,0,0,0,0,0,0,0,0,0,0,0,0,0,0,0,0,0,0,0,0,0,0,0,0,0,0,0,0,0,0,0,0,0,0,0,0,0,0,0,0,0,0,0,0,0,0,0,0,0,0,0,0,0,0,0,0,0,0,0,0,0,0,0,0,0,0,0,0,0,0,0,0,0,0,0,0,0,0,0,0,0,0,0,0,0,0,0,0,0,0,0,0,0
3868,0,0,0,0,0,0,0,0,0,0,0,0,0,0,0,0,0,0,0,0,0,0,0,0,0,0,0,0,0,0,0,0,0,0,0,0,0,0,0,0,0,0,0,0,0,0,0,0,0,0,0,0,0,0,0,0,0,0,0,0,0,0,0,0,0,0,0,0,0,0,0,0,0,0,0,0,0,0,0,0,0,0,0,0,0,0,0,0,0,0,0,0,0,0,0,0,0,0,0,0,0,0,0,0,0,0,0,0,0,0,0,0,0,0,0,0,0,0,0,0,0,0,0,0,0,0,0,0,0,0,0,0,0,0,0,0,0,0,0,0,0,0,0,0,0,0,0,0,0,0,0,0,0,0,0,0,0,0,0,0,0,0,0,0,0,0,0,0,0,0,0,0,0,0,0,0,0,0,0,0,0,0,0,0,0,0,0,0,0,0,0,0,0,0,0,0,0,0,0,0
3869,0,0,0,0,0,0,0,0,0,0,0,0,0,0,0,0,0,0,0,0,0,0,0,0,0,0,0,0,0,0,0,0,0,0,0,0,0,0,0,0,0,0,0,0,0,0,0,0,0,0,0,0,0,0,0,0,0,0,0,0,0,0,0,0,0,0,0,0,0,0,0,0,0,0,0,0,0,0,0,0,0,0,0,0,0,0,0,0,0,0,0,0,0,0,0,0,0,0,0,0,0,0,0,0,0,0,0,0,0,0,0,0,0,0,0,0,0,0,0,0,0,0,0,0,0,0,0,0,0,0,0,0,0,0,0,0,0,0,0,0,0,0,0,0,0,0,0,0,0,0,0,0,0,0,0,0,0,0,0,0,0,0,0,0,0,0,0,0,0,0,0,0,0,0,0,0,0,0,0,0,0,0,0,0,0,0,0,0,0,0,0,0,0,0,0,0,0,0,0,0
3870,0,0,0,0,0,0,0,0,0,0,0,0,0,0,0,0,0,0,0,0,0,0,0,0,0,0,0,0,0,0,0,0,0,0,0,0,0,0,0,0,0,0,0,0,0,0,0,0,0,0,0,0,0,0,0,0,0,0,0,0,0,0,0,0,0,0,0,0,0,0,0,0,0,0,0,0,0,0,0,0,0,0,0,0,0,0,0,0,0,0,0,0,0,0,0,0,0,0,0,0,0,0,0,0,0,0,0,0,0,0,0,0,0,0,0,0,0,0,0,0,0,0,0,0,0,0,0,0,0,0,0,0,0,0,0,0,0,0,0,0,0,0,0,0,0,0,0,0,0,0,0,0,0,0,0,0,0,0,0,0,0,0,0,0,0,0,0,0,0,0,0,0,0,0,0,0,0,0,0,0,0,0,0,0,0,0,0,0,0,0,0,0,0,0,0,0,0,0,0,0
3871,0,0,0,0,0,0,0,0,0,0,0,0,0,0,0,0,0,0,0,0,0,0,0,0,0,0,0,0,0,0,0,0,0,0,0,0,0,0,0,0,0,0,0,0,0,0,0,0,0,0,0,0,0,0,0,0,0,0,0,0,0,0,0,0,0,0,0,0,0,0,0,0,0,0,0,0,0,0,0,0,0,0,0,0,0,0,0,0,0,0,0,0,0,0,0,0,0,0,0,0,0,0,0,0,0,0,0,0,0,0,0,0,0,0,0,0,0,0,0,0,0,0,0,0,0,0,0,0,0,0,0,0,0,0,0,0,0,0,0,0,0,0,0,0,0,0,0,0,0,0,0,0,0,0,0,0,0,0,0,0,0,0,0,0,0,0,0,0,0,0,0,0,0,0,0,0,0,0,0,0,0,0,0,0,0,0,0,0,0,0,0,0,0,0,0,0,0,0,0,0
3872,0,0,0,0,0,0,0,0,0,0,0,0,0,0,0,0,0,0,0,0,0,0,0,0,0,0,0,0,0,0,0,0,0,0,0,0,0,0,0,0,0,0,0,0,0,0,0,0,0,0,0,0,0,0,0,0,0,0,0,0,0,0,0,0,0,0,0,0,0,0,0,0,0,0,0,0,0,0,0,0,0,0,0,0,0,0,0,0,0,0,0,0,0,0,0,0,0,0,0,0,0,0,0,0,0,0,0,0,0,0,0,0,0,0,0,0,0,0,0,0,0,0,0,0,0,0,0,0,0,0,0,0,0,0,0,0,0,0,0,0,0,0,0,0,0,0,0,0,0,0,0,0,0,0,0,0,0,0,0,0,0,0,0,0,0,0,0,0,0,0,0,0,0,0,0,0,0,0,0,0,0,0,0,0,0,0,0,0,0,0,0,0,0,0,0,0,0,0,0,0
3873,0,0,0,0,0,0,0,0,0,0,0,0,0,0,0,0,0,0,0,0,0,0,0,0,0,0,0,0,0,0,0,0,0,0,0,0,0,0,0,0,0,0,0,0,0,0,0,0,0,0,0,0,0,0,0,0,0,0,0,0,0,0,0,0,0,0,0,0,0,0,0,0,0,0,0,0,0,0,0,0,0,0,0,0,0,0,0,0,0,0,0,0,0,0,0,0,0,0,0,0,0,0,0,0,0,0,0,0,0,0,0,0,0,0,0,0,0,0,0,0,0,0,0,0,0,0,0,0,0,0,0,0,0,0,0,0,0,0,0,0,0,0,0,0,0,0,0,0,0,0,0,0,0,0,0,0,0,0,0,0,0,0,0,0,0,0,0,0,0,0,0,0,0,0,0,0,0,0,0,0,0,0,0,0,0,0,0,0,0,0,0,0,0,0,0,0,0,0,0,0
3874,0,0,0,0,0,0,0,0,0,0,0,0,0,0,0,0,0,0,0,0,0,0,0,0,0,0,0,0,0,0,0,0,0,0,0,0,0,0,0,0,0,0,0,0,0,0,0,0,0,0,0,0,0,0,0,0,0,0,0,0,0,0,0,0,0,0,0,0,0,0,0,0,0,0,0,0,0,0,0,0,0,0,0,0,0,0,0,0,0,0,0,0,0,0,0,0,0,0,0,0,0,0,0,0,0,0,0,0,0,0,0,0,0,0,0,0,0,0,0,0,0,0,0,0,0,0,0,0,0,0,0,0,0,0,0,0,0,0,0,0,0,0,0,0,0,0,0,0,0,0,0,0,0,0,0,0,0,0,0,0,0,0,0,0,0,0,0,0,0,0,0,0,0,0,0,0,0,0,0,0,0,0,0,0,0,0,0,0,0,0,0,0,0,0,0,0,0,0,0,0
3875,0,0,0,0,0,0,0,0,0,0,0,0,0,0,0,0,0,0,0,0,0,0,0,0,0,0,0,0,0,0,0,0,0,0,0,0,0,0,0,0,0,0,0,0,0,0,0,0,0,0,0,0,0,0,0,0,0,0,0,0,0,0,0,0,0,0,0,0,0,0,0,0,0,0,0,0,0,0,0,0,0,0,0,0,0,0,0,0,0,0,0,0,0,0,0,0,0,0,0,0,0,0,0,0,0,0,0,0,0,0,0,0,0,0,0,0,0,0,0,0,0,0,0,0,0,0,0,0,0,0,0,0,0,0,0,0,0,0,0,0,0,0,0,0,0,0,0,0,0,0,0,0,0,0,0,0,0,0,0,0,0,0,0,0,0,0,0,0,0,0,0,0,0,0,0,0,0,0,0,0,0,0,0,0,0,0,0,0,0,0,0,0,0,0,0,0,0,0,0,0
3876,0,0,0,0,0,0,0,0,0,0,0,0,0,0,0,0,0,0,0,0,0,0,0,0,0,0,0,0,0,0,0,0,0,0,0,0,0,0,0,0,0,0,0,0,0,0,0,0,0,0,0,0,0,0,0,0,0,0,0,0,0,0,0,0,0,0,0,0,0,0,0,0,0,0,0,0,0,0,0,0,0,0,0,0,0,0,0,0,0,0,0,0,0,0,0,0,0,0,0,0,0,0,0,0,0,0,0,0,0,0,0,0,0,0,0,0,0,0,0,0,0,0,0,0,0,0,0,0,0,0,0,0,0,0,0,0,0,0,0,0,0,0,0,0,0,0,0,0,0,0,0,0,0,0,0,0,0,0,0,0,0,0,0,0,0,0,0,0,0,0,0,0,0,0,0,0,0,0,0,0,0,0,0,0,0,0,0,0,0,0,0,0,0,0,0,0,0,0,0,0
3877,0,0,0,0,0,0,0,0,0,0,0,0,0,0,0,0,0,0,0,0,0,0,0,0,0,0,0,0,0,0,0,0,0,0,0,0,0,0,0,0,0,0,0,0,0,0,0,0,0,0,0,0,0,0,0,0,0,0,0,0,0,0,0,0,0,0,0,0,0,0,0,0,0,0,0,0,0,0,0,0,0,0,0,0,0,0,0,0,0,0,0,0,0,0,0,0,0,0,0,0,0,0,0,0,0,0,0,0,0,0,0,0,0,0,0,0,0,0,0,0,0,0,0,0,0,0,0,0,0,0,0,0,0,0,0,0,0,0,0,0,0,0,0,0,0,0,0,0,0,0,0,0,0,0,0,0,0,0,0,0,0,0,0,0,0,0,0,0,0,0,0,0,0,0,0,0,0,0,0,0,0,0,0,0,0,0,0,0,0,0,0,0,0,0,0,0,0,0,0,0
3878,0,0,0,0,0,0,0,0,0,0,0,0,0,0,0,0,0,0,0,0,0,0,0,0,0,0,0,0,0,0,0,0,0,0,0,0,0,0,0,0,0,0,0,0,0,0,0,0,0,0,0,0,0,0,0,0,0,0,0,0,0,0,0,0,0,0,0,0,0,0,0,0,0,0,0,0,0,0,0,0,0,0,0,0,0,0,0,0,0,0,0,0,0,0,0,0,0,0,0,0,0,0,0,0,0,0,0,0,0,0,0,0,0,0,0,0,0,0,0,0,0,0,0,0,0,0,0,0,0,0,0,0,0,0,0,0,0,0,0,0,0,0,0,0,0,0,0,0,0,0,0,0,0,0,0,0,0,0,0,0,0,0,0,0,0,0,0,0,0,0,0,0,0,0,0,0,0,0,0,0,0,0,0,0,0,0,0,0,0,0,0,0,0,0,0,0,0,0,0,0
3879,0,0,0,0,0,0,0,0,0,0,0,0,0,0,0,0,0,0,0,0,0,0,0,0,0,0,0,0,0,0,0,0,0,0,0,0,0,0,0,0,0,0,0,0,0,0,0,0,0,0,0,0,0,0,0,0,0,0,0,0,0,0,0,0,0,0,0,0,0,0,0,0,0,0,0,0,0,0,0,0,0,0,0,0,0,0,0,0,0,0,0,0,0,0,0,0,0,0,0,0,0,0,0,0,0,0,0,0,0,0,0,0,0,0,0,0,0,0,0,0,0,0,0,0,0,0,0,0,0,0,0,0,0,0,0,0,0,0,0,0,0,0,0,0,0,0,0,0,0,0,0,0,0,0,0,0,0,0,0,0,0,0,0,0,0,0,0,0,0,0,0,0,0,0,0,0,0,0,0,0,0,0,0,0,0,0,0,0,0,0,0,0,0,0,0,0,0,0,0,0
3880,0,0,0,0,0,0,0,0,0,0,0,0,0,0,0,0,0,0,0,0,0,0,0,0,0,0,0,0,0,0,0,0,0,0,0,0,0,0,0,0,0,0,0,0,0,0,0,0,0,0,0,0,0,0,0,0,0,0,0,0,0,0,0,0,0,0,0,0,0,0,0,0,0,0,0,0,0,0,0,0,0,0,0,0,0,0,0,0,0,0,0,0,0,0,0,0,0,0,0,0,0,0,0,0,0,0,0,0,0,0,0,0,0,0,0,0,0,0,0,0,0,0,0,0,0,0,0,0,0,0,0,0,0,0,0,0,0,0,0,0,0,0,0,0,0,0,0,0,0,0,0,0,0,0,0,0,0,0,0,0,0,0,0,0,0,0,0,0,0,0,0,0,0,0,0,0,0,0,0,0,0,0,0,0,0,0,0,0,0,0,0,0,0,0,0,0,0,0,0,0
3881,0,0,0,0,0,0,0,0,0,0,0,0,0,0,0,0,0,0,0,0,0,0,0,0,0,0,0,0,0,0,0,0,0,0,0,0,0,0,0,0,0,0,0,0,0,0,0,0,0,0,0,0,0,0,0,0,0,0,0,0,0,0,0,0,0,0,0,0,0,0,0,0,0,0,0,0,0,0,0,0,0,0,0,0,0,0,0,0,0,0,0,0,0,0,0,0,0,0,0,0,0,0,0,0,0,0,0,0,0,0,0,0,0,0,0,0,0,0,0,0,0,0,0,0,0,0,0,0,0,0,0,0,0,0,0,0,0,0,0,0,0,0,0,0,0,0,0,0,0,0,0,0,0,0,0,0,0,0,0,0,0,0,0,0,0,0,0,0,0,0,0,0,0,0,0,0,0,0,0,0,0,0,0,0,0,0,0,0,0,0,0,0,0,0,0,0,0,0,0,0
3882,0,0,0,0,0,0,0,0,0,0,0,0,0,0,0,0,0,0,0,0,0,0,0,0,0,0,0,0,0,0,0,0,0,0,0,0,0,0,0,0,0,0,0,0,0,0,0,0,0,0,0,0,0,0,0,0,0,0,0,0,0,0,0,0,0,0,0,0,0,0,0,0,0,0,0,0,0,0,0,0,0,0,0,0,0,0,0,0,0,0,0,0,0,0,0,0,0,0,0,0,0,0,0,0,0,0,0,0,0,0,0,0.0000000000,0,0,0,0,0,0,0,0,0,0,0,0,0,0,0,0,0,0,0,0,0,0,0,0,0,0,0,0,0,0,0,0,0,0,0,0,0,0,0,0,0,0,0,0,0,0,0,0,0,0,0,0,0,0,0,0,0,0,0,0,0,0,0,0,0,0,0,0,0,0,0,0,0,0,0,0,0,0,0,0,0,0,0,0,0,0,0,0
3883,0,0,0,0,0,0,0,0,0,0,0,0,0,0,0,0,0,0,0,0,0,0,0,0,0,0,0,0,0,0,0,0,0,0,0,0,0,0,0,0,0,0,0,0,0,0,0,0,0,0,0,0,0,0,0,0,0,0,0,0,0,0,0,0,0,0,0,0,0,0,0,0,0,0,0,0,0,0,0,0,0,0,0,0,0,0,0,0,0,0,0,0,0,0,0,0,0,0,0,0,0,0,0,0,0,0,0,0,0,0,0,0,0,0,0,0,0,0,0,0,0,0,0,0,0,0,0,0,0,0,0,0,0,0,0,0,0,0,0,0,0,0,0,0,0,0,0,0,0,0,0,0,0,0,0,0,0,0,0,0,0,0,0,0,0,0,0,0,0,0,0,0,0,0,0,0,0,0,0,0,0,0,0,0,0,0,0,0,0,0,0,0,0,0,0,0,0,0,0,0
3884,0,0,0,0,0,0,0,0,0,0,0,0,0,0,0,0,0,0,0,0,0,0,0,0,0,0,0,0,0,0,0,0,0,0,0,0,0,0,0,0,0,0,0,0,0,0,0,0,0,0,0,0,0,0,0,0,0,0,0,0,0,0,0,0,0,0,0,0,0,0,0,0,0,0,0,0,0,0,0,0,0,0,0,0,0,0,0,0,0,0,0,0,0,0,0,0,0,0,0,0,0,0,0,0,0,0,0,0,0,0,0,0,0,0,0,0,0,0,0,0,0,0,0,0,0,0,0,0,0,0,0,0,0,0,0,0,0,0,0,0,0,0,0,0,0,0,0,0,0,0,0,0,0,0,0,0,0,0,0,0,0,0,0,0,0,0,0,0,0,0,0,0,0,0,0,0,0,0,0,0,0,0,0,0,0,0,0,0,0,0,0,0,0,0,0,0,0,0,0,0
3885,0,0,0,0,0,0,0,0,0,0,0,0,0,0,0,0,0,0,0,0,0,0,0,0,0,0,0,0,0,0,0,0,0,0,0,0,0,0,0,0,0,0,0,0,0,0,0,0,0,0,0,0,0,0,0,0,0,0,0,0,0,0,0,0,0,0,0,0,0,0,0,0,0,0,0,0,0,0,0,0,0,0,0,0,0,0,0,0,0,0,0,0,0,0,0,0,0,0,0,0,0,0,0,0,0,0,0,0,0,0,0,0,0,0,0,0,0,0,0,0,0,0,0,0,0,0,0,0,0,0,0,0,0,0,0,0,0,0,0,0,0,0,0,0,0,0,0,0,0,0,0,0,0,0,0,0,0,0,0,0,0,0,0,0,0,0,0,0,0,0,0,0,0,0,0,0,0,0,0,0,0,0,0,0,0,0,0,0,0,0,0,0,0,0,0,0,0,0,0,0
3886,0,0,0,0,0,0,0,0,0,0,0,0,0,0,0,0,0,0,0,0,0,0,0,0,0,0,0,0,0,0,0,0,0,0,0,0,0,0,0,0,0,0,0,0,0,0,0,0,0,0,0,0,0,0,0,0,0,0,0,0,0,0,0,0,0,0,0,0,0,0,0,0,0,0,0,0,0,0,0,0,0,0,0,0,0,0,0,0,0,0,0,0,0,0,0,0,0,0,0,0,0,0,0,0,0,0,0,0,0,0,0,0,0,0,0,0,0,0,0,0,0,0,0,0,0,0,0,0,0,0,0,0,0,0,0,0,0,0,0,0,0,0,0,0,0,0,0,0,0,0,0,0,0,0,0,0,0,0,0,0,0,0,0,0,0,0,0,0,0,0,0,0,0,0,0,0,0,0,0,0,0,0,0,0,0,0,0,0,0,0,0,0,0,0,0,0,0,0,0,0
3887,0,0,0,0,0,0,0,0,0,0,0,0,0,0,0,0,0,0,0,0,0,0,0,0,0,0,0,0,0,0,0,0,0,0,0,0,0,0,0,0,0,0,0,0,0,0,0,0,0,0,0,0,0,0,0,0,0,0,0,0,0,0,0,0,0,0,0,0,0,0,0,0,0,0,0,0,0,0,0,0,0,0,0,0,0,0,0,0,0,0,0,0,0,0,0,0,0,0,0,0,0,0,0,0,0,0,0,0,0,0,0,0,0,0,0,0,0,0,0,0,0,0,0,0,0,0,0,0,0,0,0,0,0,0,0,0,0,0,0,0,0,0,0,0,0,0,0,0,0,0,0,0,0,0,0,0,0,0,0,0,0,0,0,0,0,0,0,0,0,0,0,0,0,0,0,0,0,0,0,0,0,0,0,0,0,0,0,0,0,0,0,0,0,0,0,0,0,0,0,0
3888,0,0,0,0,0,0,0,0,0,0,0,0,0,0,0,0,0,0,0,0,0,0,0,0,0,0,0,0,0,0,0,0,0,0,0,0,0,0,0,0,0,0,0,0,0,0,0,0,0,0,0,0,0,0,0,0,0,0,0,0,0,0,0,0,0,0,0,0,0,0,0,0,0,0,0,0,0,0,0,0,0,0,0,0,0,0,0,0,0,0,0,0,0,0,0,0,0,0,0,0,0,0,0,0,0,0,0,0,0,0,0,0,0,0,0,0,0,0,0,0,0,0,0,0,0,0,0,0,0,0,0,0,0,0,0,0,0,0,0,0,0,0,0,0,0,0,0,0,0,0,0,0,0,0,0,0,0,0,0,0,0,0,0,0,0,0,0,0,0,0,0,0,0,0,0,0,0,0,0,0,0,0,0,0,0,0,0,0,0,0,0,0,0,0,0,0,0,0,0,0
3889,0,0,0,0,0,0,0,0,0,0,0,0,0,0,0,0,0,0,0,0,0,0,0,0,0,0,0,0,0,0,0,0,0,0,0,0,0,0,0,0,0,0,0,0,0,0,0,0,0,0,0,0,0,0,0,0,0,0,0,0,0,0,0,0,0,0,0,0,0,0,0,0,0,0,0,0,0,0,0,0,0,0,0,0,0,0,0,0,0,0,0,0,0,0,0,0,0,0,0,0,0,0,0,0,0,0,0,0,0,0,0,0,0,0,0,0,0,0,0,0,0,0,0,0,0,0,0,0,0,0,0,0,0,0,0,0,0,0,0,0,0,0,0,0,0,0,0,0,0,0,0,0,0,0,0,0,0,0,0,0,0,0,0,0,0,0,0,0,0,0,0,0,0,0,0,0,0,0,0,0,0,0,0,0,0,0,0,0,0,0,0,0,0,0,0,0,0,0,0,0
3890,0,0,0,0,0,0,0,0,0,0,0,0,0,0,0,0,0,0,0,0,0,0,0,0,0,0,0,0,0,0,0,0,0,0,0,0,0,0,0,0,0,0,0,0,0,0,0,0,0,0,0,0,0,0,0,0,0,0,0,0,0,0,0,0,0,0,0,0,0,0,0,0,0,0,0,0,0,0,0,0,0,0,0,0,0,0,0,0,0,0,0,0,0,0,0,0,0,0,0,0,0,0,0,0,0,0,0,0,0,0,0,0,0,0,0,0,0,0,0,0,0,0,0,0,0.0000000000,0,0,0,0,0,0,0,0,0,0,0,0,0,0,0,0,0,0,0,0,0,0,0,0,0,0,0,0,0,0,0,0,0,0,0,0,0,0,0,0,0,0,0,0,0,0,0,0,0,0,0,0,0,0,0,0,0,0,0,0,0,0,0,0,0,0,0,0,0,0,0,0,0,0,0
3891,0,0,0,0,0,0,0,0,0,0,0,0,0,0,0,0,0,0,0,0,0,0,0,0,0,0,0,0,0,0,0,0,0,0,0,0,0,0,0,0,0,0,0,0,0,0,0,0,0,0,0,0,0,0,0,0,0,0,0,0,0,0,0,0,0,0,0,0,0,0,0,0,0,0,0,0,0,0,0,0,0,0,0,0,0,0,0,0,0,0,0,0,0,0,0,0,0,0,0,0,0,0,0,0,0,0,0,0,0,0,0,0,0,0,0,0,0,0,0,0,0,0,0,0,0,0,0,0,0,0,0,0,0,0,0,0,0,0,0,0,0,0,0,0,0,0,0,0,0,0,0,0,0,0,0,0,0,0,0,0,0,0,0,0,0,0,0,0,0,0,0,0,0,0,0,0,0,0,0,0,0,0,0,0,0,0,0,0,0,0,0,0,0,0,0,0,0,0,0,0
3892,0,0,0,0,0,0,0,0,0,0,0,0,0,0,0,0,0,0,0,0,0,0,0,0,0,0,0,0,0,0,0,0,0,0,0,0,0,0,0,0,0,0,0,0,0,0,0,0,0,0,0,0,0,0,0,0,0,0,0,0,0,0,0,0,0,0,0,0,0,0,0,0,0,0,0,0,0,0,0,0,0,0,0,0,0,0,0,0,0,0,0,0,0,0,0,0,0,0,0,0,0,0,0,0,0,0,0,0,0,0,0,0,0,0,0,0,0,0,0,0,0,0,0,0,0,0,0,0,0,0,0,0,0,0,0,0,0,0,0,0,0,0,0,0,0,0,0,0,0,0,0,0,0,0,0,0,0,0,0,0,0,0,0,0,0,0,0,0,0,0,0,0,0,0,0,0,0,0,0,0,0,0,0,0,0,0,0,0,0,0,0,0,0,0,0,0,0,0,0,0
3893,0,0,0,0,0,0,0,0,0,0,0,0,0,0,0,0,0,0,0,0,0,0,0,0,0,0,0,0,0,0,0,0,0,0,0,0,0,0,0,0,0,0,0,0,0,0,0,0,0,0,0,0,0,0,0,0,0,0,0,0,0,0,0,0,0,0,0,0,0,0,0,0,0,0,0,0,0,0,0,0,0,0,0,0,0,0,0,0,0,0,0,0,0,0,0,0,0,0,0,0,0,0,0,0,0,0,0,0,0,0,0,0,0,0,0,0,0,0,0,0,0,0,0,0,0,0,0,0,0,0,0,0,0,0,0,0,0,0,0,0,0,0,0,0,0,0,0,0,0,0,0,0,0,0,0,0,0,0,0,0,0,0,0,0,0,0,0,0,0,0,0,0,0,0,0,0,0,0,0,0,0,0,0,0,0,0,0,0,0,0,0,0,0,0,0,0,0,0,0,0
3894,0,0,0,0,0,0,0,0,0,0,0,0,0,0,0,0,0,0,0,0,0,0,0,0,0,0,0,0,0,0,0,0,0,0,0,0,0,0,0,0,0,0,0,0,0,0,0,0,0,0,0,0,0,0,0,0,0,0,0,0,0,0,0,0,0,0,0,0,0,0,0,0,0,0,0,0,0,0,0,0,0,0,0,0,0,0,0,0,0,0,0,0,0,0,0,0,0,0,0,0,0,0,0,0,0,0,0,0,0,0,0,0,0,0,0,0,0,0,0,0,0,0,0,0,0,0,0,0,0,0,0,0,0,0,0,0,0,0,0,0,0,0,0,0,0,0,0,0,0,0,0,0,0,0,0,0,0,0,0,0,0,0,0,0,0,0,0,0,0,0,0,0,0,0,0,0,0,0,0,0,0,0,0,0,0,0,0,0,0,0,0,0,0,0,0,0,0,0,0,0
3895,0,0,0,0,0,0,0,0,0,0,0,0,0,0,0,0,0,0,0,0,0,0,0,0,0,0,0,0,0,0,0,0,0,0,0,0,0,0,0,0,0,0,0,0,0,0,0,0,0,0,0,0,0,0,0,0,0,0,0,0,0,0,0,0,0,0,0,0,0,0,0,0,0,0,0,0,0,0,0,0,0,0,0,0,0,0,0,0,0,0,0,0,0,0,0,0,0,0,0,0,0,0,0,0,0,0,0,0,0,0,0,0,0,0,0,0,0,0,0,0,0,0,0,0,0,0,0,0,0,0,0,0,0,0,0,0,0,0,0,0,0,0,0,0,0,0,0,0,0,0,0,0,0,0,0,0,0,0,0,0,0,0,0,0,0,0,0,0,0,0,0,0,0,0,0,0,0,0,0,0,0,0,0,0,0,0,0,0,0,0,0,0,0,0,0,0,0,0,0,0
3896,0,0,0,0,0,0,0,0,0,0,0,0,0,0,0,0,0,0,0,0,0,0,0,0,0,0,0,0,0,0,0,0,0,0,0,0,0,0,0,0,0,0,0,0,0,0,0,0,0,0,0,0,0,0,0,0,0,0,0,0,0,0,0,0,0,0,0,0,0,0,0,0,0,0,0,0,0,0,0,0,0,0,0,0,0,0,0,0,0,0,0,0,0,0,0,0,0,0,0,0,0,0,0,0,0,0,0,0,0,0,0,0,0,0,0,0,0,0,0,0,0,0,0,0,0,0,0,0,0,0,0,0,0,0,0,0,0,0,0,0,0,0,0,0,0,0,0,0,0,0,0,0,0,0,0,0,0,0,0,0,0,0,0,0,0,0,0,0,0,0,0,0,0,0,0,0,0,0,0,0,0,0,0,0,0,0,0,0,0,0,0,0,0,0,0,0,0,0,0,0
3897,0,0,0,0,0,0,0,0,0,0,0,0,0,0,0,0,0,0,0,0,0,0,0,0,0,0,0,0,0,0,0,0,0,0,0,0,0,0,0,0,0,0,0,0,0,0,0,0,0,0,0,0,0,0,0,0,0,0,0,0,0,0,0,0,0,0,0,0,0,0,0,0,0,0,0,0,0,0,0,0,0,0,0,0,0,0,0,0,0,0,0,0,0,0,0,0,0,0,0,0,0,0,0,0,0,0,0,0,0,0,0,0,0,0,0,0,0,0,0,0,0,0,0,0,0,0,0,0,0,0,0,0,0,0,0,0,0,0,0,0,0,0,0,0,0,0,0,0,0,0,0,0,0,0,0,0,0,0,0,0,0,0,0,0,0,0,0,0,0,0,0,0,0,0,0,0,0,0,0,0,0,0,0,0,0,0,0,0,0,0,0,0,0,0,0,0,0,0,0,0
3898,0,0,0,0,0,0,0,0,0,0,0,0,0,0,0,0,0,0,0,0,0,0,0,0,0,0,0,0,0,0,0,0,0,0,0,0,0,0,0,0,0,0,0,0,0,0,0,0,0,0,0,0,0,0,0,0,0,0,0,0,0,0,0,0,0,0,0,0,0,0,0,0,0,0,0,0,0,0,0,0,0,0,0,0,0,0.0000000000,0,0,0,0,0,0,0,0,0,0,0,0,0,0,0,0,0,0,0,0,0,0,0,0,0,0,0,0,0,0,0,0,0,0,0,0,0,0,0,0,0,0,0,0,0,0,0,0,0,0,0,0,0,0,0,0,0,0,0,0,0,0,0,0,0,0,0,0,0,0,0,0,0,0,0,0,0,0,0,0,0,0,0,0,0,0,0,0,0,0,0,0,0,0,0,0,0,0,0,0,0,0,0,0,0,0,0,0,0,0,0,0,0,0
3899,0,0,0,0,0,0,0,0,0,0,0,0,0,0,0,0,0,0,0,0,0,0,0,0,0,0,0,0,0,0,0,0,0,0,0,0,0,0,0,0,0,0,0,0,0,0,0,0,0,0,0,0,0,0,0,0,0,0,0,0,0,0,0,0,0,0,0,0,0,0,0,0,0,0,0,0,0,0,0,0,0,0,0,0,0,0,0,0,0,0,0,0,0,0,0,0,0,0,0,0,0,0,0,0,0,0,0,0,0,0,0,0,0,0,0,0,0,0,0,0,0,0,0,0,0,0,0,0,0,0,0,0,0,0,0,0,0,0,0,0,0,0,0,0,0,0,0,0,0,0,0,0,0,0,0,0,0,0,0,0,0,0,0,0,0,0,0,0,0,0,0,0,0,0,0,0,0,0,0,0,0,0,0,0,0,0,0,0,0,0,0,0,0,0,0,0,0,0,0,0
3900,0,0,0,0,0,0,0,0,0,0,0,0,0,0,0,0,0,0,0,0,0,0,0,0,0,0,0,0,0,0,0,0,0,0,0,0,0,0,0,0,0,0,0,0,0,0,0,0,0,0,0,0,0,0,0,0,0,0,0,0,0,0,0,0,0,0,0,0,0,0,0,0,0,0,0,0,0,0,0,0,0,0,0,0,0,0,0,0,0,0,0,0,0,0,0,0,0,0,0,0,0,0,0,0,0,0,0,0,0,0,0,0,0,0,0,0,0,0,0,0,0,0,0,0,0,0,0,0,0,0,0,0,0,0,0,0,0,0,0,0,0,0,0,0,0,0,0,0,0,0,0,0,0,0,0,0,0,0,0,0,0,0,0,0,0,0,0,0,0,0,0,0,0,0,0,0,0,0,0,0,0,0,0,0,0,0,0,0,0,0,0,0,0,0,0,0,0,0,0,0
3901,0,0,0,0,0,0,0,0,0,0,0,0,0,0,0,0,0,0,0,0,0,0,0,0,0,0,0,0,0,0,0,0,0,0,0,0,0,0,0,0,0,0,0,0,0,0,0,0,0,0,0,0,0,0,0,0,0,0,0,0,0,0,0,0,0,0,0,0,0,0,0,0,0,0,0,0,0,0,0,0,0,0,0,0,0,0,0,0,0,0,0,0,0,0,0,0,0,0,0,0,0,0,0,0,0,0,0,0,0,0,0,0,0,0,0,0,0,0,0,0,0,0,0,0,0,0,0,0,0,0,0,0,0,0,0,0,0,0,0,0,0,0,0,0,0,0,0,0,0,0,0,0,0,0,0,0,0,0,0,0,0,0,0,0,0,0,0,0,0,0,0,0,0,0,0,0,0,0,0,0,0,0,0,0,0,0,0,0,0,0,0,0,0,0,0,0,0,0,0,0
3902,0,0,0,0,0,0,0,0,0,0,0,0,0,0,0,0,0,0,0,0,0,0,0,0,0,0,0,0,0,0,0,0,0,0,0,0,0,0,0,0,0,0,0,0,0,0,0,0,0,0,0,0,0,0,0,0,0,0,0,0,0,0,0,0,0,0,0,0,0,0,0,0,0,0,0,0,0,0,0,0,0,0,0,0,0,0,0,0,0,0,0,0,0,0,0,0,0,0,0,0,0,0,0,0,0,0,0,0,0,0,0,0,0,0,0,0,0,0,0,0,0,0,0,0,0,0,0,0,0,0,0,0,0,0,0,0,0,0,0,0,0,0,0,0,0,0,0,0,0,0,0,0,0,0,0,0,0,0,0,0,0,0,0,0,0,0,0,0,0,0,0,0,0,0,0,0,0,0,0,0,0,0,0,0,0,0,0,0,0,0,0,0,0,0,0,0,0,0,0,0
3903,0,0,0,0,0,0,0,0,0,0,0,0,0,0,0,0,0,0,0,0,0,0,0,0,0,0,0,0,0,0,0,0,0,0,0,0,0,0,0,0,0,0,0,0,0,0,0,0,0,0,0,0,0,0,0,0,0,0,0,0,0,0,0,0,0,0,0,0,0,0,0,0,0,0,0,0,0,0,0,0,0,0,0,0,0,0,0,0,0,0,0,0,0,0,0,0,0,0,0,0,0,0,0,0,0,0,0,0,0,0,0,0,0,0,0,0,0,0,0,0,0,0,0,0,0,0,0,0,0,0,0,0,0,0,0,0,0,0,0,0,0,0,0,0,0,0,0,0,0,0,0,0,0,0,0,0,0,0,0,0,0,0,0,0,0,0,0,0,0,0,0,0,0.0000000000,0,0,0,0,0,0,0,0,0,0,0,0,0,0,0,0,0,0,0,0,0,0,0,0,0,0,0
3904,0,0,0,0,0,0,0,0,0,0,0,0,0,0,0,0,0,0,0,0,0,0,0,0,0,0,0,0,0,0,0,0,0,0,0,0,0,0,0,0,0,0,0,0,0,0,0,0,0,0,0,0,0,0,0,0,0,0,0,0,0,0,0,0,0,0,0,0,0,0,0,0,0,0,0,0,0,0,0,0,0,0,0,0,0,0,0,0,0,0,0,0,0,0,0,0,0,0,0,0,0,0,0,0,0,0,0,0,0,0,0,0,0,0,0,0,0,0,0,0,0,0,0,0,0,0,0,0,0,0,0,0,0,0,0,0,0,0,0,0,0,0,0,0,0,0,0,0,0,0,0,0,0,0,0,0,0,0,0,0,0,0,0,0,0,0,0,0,0,0,0,0,0,0,0,0,0,0,0,0,0,0,0,0,0,0,0,0,0,0,0,0,0,0,0,0,0,0,0,0
3905,0,0,0,0,0,0,0,0,0,0,0,0,0,0,0,0,0,0,0,0,0,0,0,0,0,0,0,0,0,0,0,0,0,0,0,0,0,0,0,0,0,0,0,0,0,0,0,0,0,0,0,0,0,0,0,0,0,0,0,0,0,0,0,0,0,0,0,0,0,0,0,0,0,0,0,0,0,0,0,0,0,0,0,0,0,0,0,0,0,0,0,0,0,0,0,0,0,0,0,0,0,0,0,0,0,0,0,0,0,0,0,0,0,0,0,0,0,0,0,0,0,0,0,0,0,0,0,0,0,0,0,0,0,0,0,0,0,0,0,0,0,0,0,0,0,0,0,0,0,0,0,0,0,0,0,0,0,0,0,0,0,0,0,0,0,0,0,0,0,0,0,0,0,0,0,0,0,0,0,0,0,0,0,0,0,0,0,0,0,0,0,0,0,0,0,0,0,0,0,0
3906,0,0,0,0,0,0,0,0,0,0,0,0,0,0,0,0,0,0,0,0,0,0,0,0,0,0,0,0,0,0,0,0,0,0,0,0,0,0,0,0,0,0,0,0,0,0,0,0,0,0,0,0,0,0,0,0,0,0,0,0,0,0,0,0,0,0,0,0,0,0,0,0,0,0,0,0,0,0,0,0,0,0,0,0,0,0,0,0,0,0,0,0,0,0,0,0,0,0,0,0,0,0,0,0,0,0,0,0,0,0,0,0,0,0,0,0,0,0,0,0,0,0,0,0,0,0,0,0,0,0,0,0,0,0,0,0,0,0,0,0,0,0,0,0,0,0,0,0,0,0,0,0,0,0,0,0,0,0,0,0,0,0,0,0,0,0,0,0,0,0,0,0,0,0,0,0,0,0,0,0,0,0,0,0,0,0,0,0,0,0,0,0,0,0,0,0,0,0,0,0
3907,0,0,0,0,0,0,0,0,0,0,0,0,0,0,0,0,0,0,0,0,0,0,0,0,0,0,0,0,0,0,0,0,0,0,0,0,0,0,0,0,0,0,0,0,0,0,0,0,0,0,0,0,0,0,0,0,0,0,0,0,0,0,0,0,0,0,0,0,0,0,0,0,0,0,0,0,0,0,0,0,0,0,0,0,0,0,0,0,0,0,0,0,0,0,0,0,0,0,0,0,0,0,0,0,0,0,0,0,0,0,0,0,0,0,0,0,0,0,0,0,0,0,0,0,0,0,0,0,0,0,0,0,0,0,0,0,0,0,0,0,0,0,0,0,0,0,0,0,0,0,0,0,0,0,0,0,0,0,0,0,0,0,0,0,0,0,0,0,0,0,0,0,0,0,0,0,0,0,0,0,0,0,0,0,0,0,0,0,0,0,0,0,0,0,0,0,0,0,0,0
3908,0,0,0,0,0,0,0,0,0,0,0,0,0,0,0,0,0,0,0,0,0,0,0,0,0,0,0,0,0,0,0,0,0,0,0,0,0,0,0,0,0,0,0,0,0,0,0,0,0,0,0,0,0,0,0,0,0,0,0,0,0,0,0,0,0,0,0,0,0,0,0,0,0,0,0,0,0,0,0,0,0,0,0,0,0,0,0,0,0,0,0,0,0,0,0,0,0,0,0,0,0,0,0,0,0,0,0,0,0,0,0,0,0,0,0,0,0,0,0,0,0,0,0,0,0,0,0,0,0,0,0,0,0,0,0,0,0,0,0,0,0,0,0,0,0,0,0,0,0,0,0,0,0,0,0,0,0,0,0,0,0,0,0,0,0,0,0,0,0,0,0,0,0,0,0,0,0,0,0,0,0,0,0,0,0,0,0,0,0,0,0,0,0,0,0,0,0,0,0,0
3909,0,0,0,0,0,0,0,0,0,0,0,0,0,0,0,0,0,0,0,0,0,0,0,0,0,0,0,0,0,0,0,0,0,0,0,0,0,0,0,0,0,0,0,0,0,0,0,0,0,0,0,0,0,0,0,0,0,0,0,0,0,0,0,0,0,0,0,0,0,0,0,0,0,0,0,0,0,0,0,0,0,0,0,0,0,0,0,0,0,0,0,0,0,0,0,0,0,0,0,0,0,0,0,0,0,0,0,0,0,0,0,0,0,0,0,0,0,0,0,0,0,0,0,0,0,0,0,0,0,0,0,0,0,0,0,0,0,0,0,0,0,0,0,0,0,0,0,0,0,0,0,0,0,0,0,0,0,0,0,0,0,0,0,0,0,0,0,0,0,0,0,0,0,0,0,0,0,0,0,0,0,0,0,0,0,0,0,0,0,0,0,0,0,0,0,0,0,0,0,0
3910,0,0,0,0,0,0,0,0,0,0,0,0,0,0,0,0,0,0,0,0,0,0,0,0,0,0,0,0,0,0,0,0,0,0,0,0,0,0,0,0,0,0,0,0,0,0,0,0,0,0,0,0,0,0,0,0,0,0,0,0,0,0,0,0,0,0,0,0,0,0,0,0,0,0,0,0,0,0,0,0,0,0,0,0,0,0,0,0,0,0,0,0,0,0,0,0,0,0,0,0,0,0,0,0,0,0,0,0,0,0,0,0,0,0,0,0,0,0,0,0,0,0,0,0,0,0,0,0,0,0,0,0,0,0,0,0,0,0,0,0,0,0,0,0,0,0,0,0,0,0,0,0,0,0,0,0,0,0,0,0,0,0,0,0,0,0,0,0,0,0,0,0,0,0,0,0,0,0,0,0,0,0,0,0,0,0,0,0,0,0,0,0,0,0,0,0,0,0,0,0
3911,0,0,0,0,0,0,0,0,0,0,0,0,0,0,0,0,0,0,0,0,0,0,0,0,0,0,0,0,0,0,0,0,0,0,0,0,0,0,0,0,0,0,0,0,0,0,0,0,0,0,0,0,0,0,0,0,0,0,0,0,0,0,0,0,0,0,0,0,0,0,0,0,0,0,0,0,0,0,0,0,0,0,0,0,0,0,0,0,0,0,0,0,0,0,0,0,0,0,0,0,0,0,0,0,0,0,0,0,0,0,0,0,0,0,0,0,0,0,0,0,0,0,0,0,0,0,0,0,0,0,0,0,0,0,0,0,0,0,0,0,0,0,0,0,0,0,0,0,0,0,0,0,0,0,0,0,0,0,0,0,0,0,0,0,0,0,0,0,0,0,0,0,0,0,0,0,0,0,0,0,0,0,0,0,0,0,0,0,0,0,0,0,0,0,0,0,0,0,0,0
3912,0,0,0,0,0,0,0,0,0,0,0,0,0,0,0,0,0,0,0,0,0,0,0,0,0,0,0,0,0,0,0,0,0,0,0,0,0,0,0,0,0,0,0,0,0,0,0,0,0,0,0,0,0,0,0,0,0,0,0,0,0,0,0,0,0,0,0,0,0,0,0,0,0,0,0,0,0,0,0,0,0,0,0,0,0,0,0,0,0,0,0,0,0,0,0,0,0,0,0,0,0,0,0,0,0,0,0,0,0,0,0,0,0,0,0,0,0,0,0,0,0,0,0,0,0,0,0,0,0,0,0,0,0,0,0,0,0,0,0,0,0,0,0,0,0,0,0,0,0,0,0,0,0,0,0,0,0,0,0,0,0,0,0,0,0,0,0,0,0,0,0,0,0,0,0,0,0,0,0,0,0,0,0,0,0,0,0,0,0,0,0,0,0,0,0,0,0,0,0,0
3913,0,0,0,0,0,0,0,0,0,0,0,0,0,0,0,0,0,0,0,0,0,0,0,0,0,0,0,0,0,0,0,0,0,0,0,0,0,0,0,0,0,0,0,0,0,0,0,0,0,0,0,0,0,0,0,0,0,0,0,0,0,0,0,0,0,0,0,0,0,0,0,0,0,0,0,0,0,0,0,0,0,0,0,0,0,0,0,0,0,0,0,0,0,0,0,0,0,0,0,0,0,0,0,0,0,0,0,0,0,0,0,0,0,0,0,0,0,0,0,0,0,0,0,0,0,0,0,0,0,0,0,0,0,0,0,0,0,0,0,0,0,0,0,0,0,0,0,0,0,0,0,0,0,0,0,0,0,0,0,0,0,0,0,0,0,0,0,0,0,0,0,0,0,0,0,0,0,0,0,0,0,0,0,0,0,0,0,0,0,0,0,0,0,0,0,0,0,0,0,0
3914,0,0,0,0,0,0,0,0,0,0,0,0,0,0,0,0,0,0,0,0,0,0,0,0,0,0,0,0,0,0,0,0,0,0,0,0,0,0,0,0,0,0,0,0,0,0,0,0,0,0,0,0,0,0,0,0,0,0,0,0,0,0,0,0,0,0,0,0,0,0,0,0,0,0,0,0,0,0,0,0,0,0,0,0,0,0,0,0,0,0,0,0,0,0,0,0,0,0,0,0,0,0,0,0,0,0,0,0,0,0,0,0,0,0,0,0,0,0,0,0,0,0,0,0,0,0,0,0,0,0,0,0,0,0,0,0,0,0,0,0,0,0,0,0,0,0,0,0,0,0,0,0,0,0,0,0,0,0,0,0,0,0,0,0,0,0,0,0,0,0,0,0,0,0,0,0,0,0,0,0,0,0,0,0,0,0,0,0,0,0,0,0,0,0,0,0,0,0,0,0
3915,0,0,0,0,0,0,0,0,0,0,0,0,0,0,0,0,0,0,0,0,0,0,0,0,0,0,0,0,0,0,0,0,0,0,0,0,0,0,0,0,0,0,0,0,0,0,0,0,0,0,0,0,0,0,0,0,0,0,0,0,0,0,0,0,0,0,0,0,0,0,0,0,0,0,0,0,0,0,0,0,0,0,0,0,0,0,0,0,0,0,0,0,0,0,0,0,0,0,0,0,0,0,0,0,0,0,0,0,0,0,0,0,0,0,0,0,0,0,0,0,0,0,0,0,0,0,0,0,0,0,0,0,0,0,0,0,0,0,0,0,0,0,0,0,0,0,0,0,0,0,0,0,0,0,0,0,0,0,0,0,0,0,0,0,0,0,0,0,0,0,0,0,0,0,0,0,0,0,0,0,0,0,0,0,0,0,0,0,0,0,0,0,0,0,0,0,0,0,0,0
3916,0,0,0,0,0,0,0,0,0,0,0,0,0,0,0,0,0,0,0,0,0,0,0,0,0,0,0,0,0,0,0,0,0,0,0,0,0,0,0,0,0,0,0,0,0,0,0,0,0,0,0,0,0,0,0,0,0,0,0,0,0,0,0,0,0,0,0,0,0,0,0,0,0,0,0,0,0,0,0,0,0,0,0,0,0,0,0,0,0,0,0,0,0,0,0,0,0,0,0,0,0,0,0,0,0,0,0,0,0,0,0,0,0,0,0,0,0,0,0,0,0,0,0,0,0,0,0,0,0,0,0,0,0,0,0,0,0,0,0,0,0,0,0,0,0,0,0,0,0,0,0,0,0,0,0,0,0,0,0,0,0,0,0,0,0,0,0,0,0,0,0,0,0,0,0,0,0,0,0,0,0,0,0,0,0,0,0,0,0,0,0,0,0,0,0,0,0,0,0,0
3917,0,0,0,0,0,0,0,0,0,0,0,0,0,0,0,0,0,0,0,0,0,0,0,0,0,0,0,0,0,0,0,0,0,0,0,0,0,0,0,0,0,0,0,0,0,0,0,0,0,0,0,0,0,0,0,0,0,0,0,0,0,0,0,0,0,0,0,0,0,0,0,0,0,0,0,0,0,0,0,0,0,0,0,0,0,0,0,0,0,0,0,0,0,0,0,0,0,0,0,0,0,0,0,0,0,0,0,0,0,0,0,0,0,0,0,0,0,0,0,0,0,0,0,0,0,0,0,0,0,0,0,0,0,0,0,0,0,0,0,0,0,0,0,0,0,0,0,0,0,0,0,0,0,0,0,0,0,0,0,0,0,0,0,0,0,0,0,0,0,0,0,0,0,0,0,0,0,0,0,0,0,0,0,0,0,0,0,0,0,0,0,0,0,0,0,0,0,0,0,0
3918,0,0,0,0,0,0,0,0,0,0,0,0,0,0,0,0,0,0,0,0,0,0,0,0,0,0,0,0,0,0,0,0,0,0,0,0,0,0,0,0,0,0,0,0,0,0,0,0,0,0,0,0,0,0,0,0,0,0,0,0,0,0,0,0,0,0,0,0,0,0,0,0,0,0,0,0,0,0,0,0,0,0,0,0,0,0,0,0,0,0,0,0,0,0,0,0,0,0,0,0,0,0,0,0,0,0,0,0,0,0,0,0,0,0,0,0,0,0,0,0,0,0,0,0,0,0,0,0,0,0,0,0,0,0,0,0,0,0,0,0,0,0,0,0,0,0,0,0,0,0,0,0,0,0,0,0,0,0,0,0,0,0,0,0,0,0,0,0,0,0,0,0,0,0,0,0,0,0,0,0,0,0,0,0,0,0,0,0,0,0,0,0,0,0,0,0,0,0,0,0
3919,0,0,0,0,0,0,0,0,0,0,0,0,0,0,0,0,0,0,0,0,0,0,0,0,0,0,0,0,0,0,0,0,0,0,0,0,0,0,0,0,0,0,0,0,0,0,0,0,0,0,0,0,0,0,0,0,0,0,0,0,0,0,0,0,0,0,0,0,0,0,0,0,0,0,0,0,0,0,0,0,0,0,0,0,0,0,0,0,0,0,0,0,0,0,0,0,0,0,0,0,0,0,0,0,0,0,0,0,0,0,0,0,0,0,0,0,0,0,0,0,0,0,0,0,0,0,0,0,0,0,0,0,0,0,0,0,0,0,0,0,0,0,0,0,0,0,0,0,0,0,0,0,0,0,0,0,0,0,0,0,0,0,0,0,0,0,0,0,0,0,0,0,0,0,0,0,0,0,0,0,0,0,0,0,0,0,0,0,0,0,0,0,0,0,0,0,0,0,0,0
3920,0,0,0,0,0,0,0,0,0,0,0,0,0,0,0,0,0,0,0,0,0,0,0,0,0,0,0.0000000000,0,0,0,0,0,0,0,0,0,0,0,0,0,0,0,0,0,0,0,0,0,0,0,0,0,0,0,0,0,0,0,0,0,0,0,0,0,0,0,0,0,0,0,0,0,0,0,0,0,0,0,0,0,0,0,0,0,0,0,0,0,0,0,0,0,0,0,0,0,0,0,0,0,0,0,0,0,0,0,0,0,0,0,0,0,0,0,0,0,0,0,0,0,0,0,0,0,0,0,0,0,0,0,0,0,0,0,0,0,0,0,0,0,0,0,0,0,0,0,0,0,0,0,0,0,0,0,0,0,0,0,0,0,0,0,0,0,0,0,0,0,0,0,0,0,0,0,0,0,0,0,0,0,0,0,0,0,0,0,0,0,0,0,0,0,0,0,0,0,0,0,0,0
3921,0,0,0,0,0,0,0,0,0,0,0,0,0,0,0,0,0,0,0,0,0,0,0,0,0,0,0,0,0,0,0,0,0,0,0,0,0,0,0,0,0,0,0,0,0,0,0,0,0,0,0,0,0,0,0,0,0,0,0,0,0,0,0,0,0,0,0,0,0,0,0,0,0,0,0,0,0,0,0,0,0,0,0,0,0,0,0,0,0,0,0,0,0,0,0,0,0,0,0,0,0,0,0,0,0,0,0,0,0,0,0,0,0,0,0,0,0,0,0,0,0,0,0,0,0,0,0,0,0,0,0,0,0,0,0,0,0,0,0,0,0,0,0,0,0,0,0,0,0,0,0,0,0,0,0,0,0,0,0,0,0,0,0,0,0,0,0,0,0,0,0,0,0,0,0,0,0,0,0,0,0,0,0,0,0,0,0,0,0,0,0,0,0,0,0,0,0,0,0,0
3922,0,0,0,0,0,0,0,0,0,0,0,0,0,0,0,0,0,0,0,0,0,0,0,0,0,0,0,0,0,0,0,0,0,0,0,0,0,0,0,0,0,0,0,0,0,0,0,0,0,0,0,0,0,0,0,0,0,0,0,0,0,0,0,0,0,0,0,0,0,0,0,0,0,0,0,0,0,0,0,0,0,0,0,0,0,0,0,0,0,0,0,0,0,0,0,0,0,0,0,0,0,0,0,0,0,0,0,0,0,0,0,0,0,0,0,0,0,0,0,0,0,0,0,0,0,0,0,0,0,0,0,0,0,0,0,0,0,0,0,0,0,0,0,0,0,0,0,0,0,0,0,0,0,0,0,0,0,0,0,0,0,0,0,0,0,0,0,0,0,0,0,0,0,0,0,0,0,0,0,0,0,0,0,0,0,0,0,0,0,0,0,0,0,0,0,0,0,0,0,0
3923,0,0,0,0,0,0,0,0,0,0,0,0,0,0,0,0,0,0,0,0,0,0,0,0,0,0,0,0,0,0,0,0,0,0,0,0,0,0,0,0,0,0,0,0,0,0,0,0,0,0,0,0,0,0,0,0,0,0,0,0,0,0,0,0,0,0,0,0,0,0,0,0,0,0,0,0,0,0,0,0,0,0,0,0,0,0,0,0,0,0,0,0,0,0,0,0,0,0,0,0,0,0,0,0,0,0,0,0,0,0,0,0,0,0,0,0,0,0,0,0,0,0,0,0,0,0,0,0,0,0,0,0,0,0,0,0,0,0,0,0,0,0,0,0,0,0,0,0,0,0,0,0,0,0,0,0,0,0,0,0,0,0,0,0,0,0,0,0,0,0,0,0,0,0,0,0,0,0,0,0,0,0,0,0,0,0,0,0,0,0,0,0,0,0,0,0,0,0,0,0
3924,0,0,0,0,0,0,0,0,0,0,0,0,0,0,0,0,0,0,0,0,0,0,0,0,0,0,0,0,0,0,0,0,0,0,0,0,0,0,0,0,0,0,0,0,0,0,0,0,0,0,0,0,0,0,0,0,0,0,0,0,0,0,0,0,0,0,0,0,0,0,0,0,0,0,0,0,0,0,0,0,0,0,0,0,0,0,0,0,0,0,0,0,0,0,0,0,0,0,0,0,0,0,0,0,0,0,0,0,0,0,0,0,0,0,0,0,0,0,0,0,0,0,0,0,0,0,0,0,0,0,0,0,0,0,0,0,0,0,0,0,0,0,0,0,0,0,0,0,0,0,0,0,0,0,0,0,0,0,0,0,0,0,0,0,0,0,0,0,0,0,0,0,0,0,0,0,0,0,0,0,0,0,0,0,0,0,0,0,0,0,0,0,0,0,0,0,0,0,0,0
3925,0,0,0,0,0,0,0,0,0,0,0,0,0,0,0,0,0,0,0,0,0,0,0,0,0,0,0,0,0,0,0,0,0,0,0,0,0,0,0,0,0,0,0,0,0,0,0,0,0,0,0,0,0,0,0,0,0,0,0,0,0,0,0,0,0,0,0,0,0,0,0,0,0,0,0,0,0,0,0,0,0,0,0,0,0,0,0,0,0,0,0,0,0,0,0,0,0,0,0,0,0,0,0,0,0,0,0,0,0,0,0,0,0,0,0,0,0,0,0,0,0,0,0,0,0,0,0,0,0,0,0,0,0,0,0,0,0,0,0,0,0,0,0,0,0,0,0,0,0,0,0,0,0,0,0,0,0,0,0,0,0,0,0,0,0,0,0,0,0,0,0,0,0,0,0,0,0,0,0,0,0,0,0,0,0,0,0,0,0,0,0,0,0,0,0,0,0,0,0,0
3926,0,0,0,0,0,0,0,0,0,0,0,0,0,0,0,0,0,0,0,0,0,0,0,0,0,0,0,0,0,0,0,0,0,0,0,0,0,0,0,0,0,0,0,0,0,0,0,0,0,0,0,0,0,0,0,0,0,0,0,0,0,0,0,0,0,0,0,0,0,0,0,0,0,0,0,0,0,0,0,0,0,0,0,0,0,0,0,0,0,0,0,0,0,0,0,0,0,0,0,0,0,0,0,0,0,0,0,0,0,0,0,0,0,0,0,0,0,0,0,0,0,0,0,0,0,0,0,0,0,0,0,0,0,0,0,0,0,0,0,0,0,0,0,0,0,0,0,0,0,0,0,0,0,0,0,0,0,0,0,0,0,0,0,0,0,0,0,0,0,0,0,0,0,0,0,0,0,0,0,0,0,0,0,0,0,0,0,0,0,0,0,0,0,0,0,0,0,0,0,0
3927,0,0,0,0,0,0,0,0,0,0,0,0,0,0,0,0,0,0,0,0,0,0,0,0,0,0,0,0,0,0,0,0,0,0,0,0,0,0,0,0,0,0,0,0,0,0,0,0,0,0,0,0,0,0,0,0,0,0,0,0,0,0,0,0,0,0,0,0,0,0,0,0,0,0,0,0,0,0,0,0,0,0,0,0,0,0,0,0,0,0,0,0,0,0,0,0,0,0,0,0,0,0,0,0,0,0,0,0,0,0,0,0,0,0,0,0,0,0,0,0,0,0,0,0,0,0,0,0,0,0,0,0,0,0,0,0,0,0,0,0,0,0,0,0,0,0,0,0,0,0,0,0,0,0,0,0,0,0,0,0,0,0,0,0,0,0,0,0,0,0,0,0,0,0,0,0,0,0,0,0,0,0,0,0,0,0,0,0,0,0,0,0,0,0,0,0,0,0,0,0
3928,0,0,0,0,0,0,0,0,0,0,0,0,0,0,0,0,0,0,0,0,0,0,0,0,0,0,0,0,0,0,0,0,0,0,0,0,0,0,0,0,0,0,0,0,0,0,0,0,0,0,0,0,0,0,0,0,0,0,0,0,0,0,0,0,0,0,0,0,0,0,0,0,0,0,0,0,0,0,0,0,0,0,0,0,0,0,0,0,0,0,0,0,0,0,0,0,0,0,0,0,0,0,0,0,0,0,0,0,0,0,0,0,0,0,0,0,0,0,0,0,0,0,0,0,0,0,0,0,0,0,0,0,0,0,0,0,0,0,0,0,0,0,0,0,0,0,0,0,0,0,0,0,0,0,0,0,0,0,0,0,0,0,0,0,0,0,0,0,0,0,0,0,0,0,0,0,0,0,0,0,0,0,0,0,0,0,0,0,0,0,0,0,0,0,0,0,0,0,0,0
3929,0,0,0,0,0,0,0,0,0,0,0,0,0,0,0,0,0,0,0,0,0,0,0,0,0,0,0,0,0,0,0,0,0,0,0,0,0,0,0,0,0,0,0,0,0,0,0,0,0,0,0,0,0,0,0,0,0,0,0,0,0,0,0,0,0,0,0,0,0,0,0,0,0,0,0,0,0,0,0,0,0,0,0,0,0,0,0,0,0,0,0,0,0,0,0,0,0,0,0,0,0,0,0,0,0,0,0,0,0,0,0,0,0,0,0,0,0,0,0,0,0,0,0,0,0,0,0,0,0,0,0,0,0,0,0,0,0,0,0,0,0,0,0,0,0,0,0,0,0,0,0,0,0,0,0,0,0,0,0,0,0,0,0,0,0.0000000000,0,0,0,0,0,0,0,0,0,0,0,0,0,0,0,0,0,0,0,0,0,0,0,0,0,0,0,0,0,0,0,0,0,0,0
3930,0,0,0,0,0,0,0,0,0,0,0,0,0,0,0,0,0,0,0,0,0,0,0,0,0,0,0,0,0,0,0,0,0,0,0,0,0,0,0,0,0,0,0,0,0,0,0,0,0,0,0,0,0,0,0,0,0,0,0,0,0,0,0,0,0,0,0,0,0,0,0,0,0,0,0,0,0,0,0,0,0,0,0,0,0,0,0,0,0,0,0,0,0,0,0,0,0,0,0,0,0,0,0,0,0,0,0,0,0,0,0,0,0,0,0,0,0,0,0,0,0,0,0,0,0,0,0,0,0,0,0,0,0,0,0,0,0,0,0,0,0,0,0,0,0,0,0,0,0,0,0,0,0,0,0,0,0,0,0,0,0,0,0,0,0,0,0,0,0,0,0,0,0,0,0,0,0,0,0,0,0,0,0,0,0,0,0,0,0,0,0,0,0,0,0,0,0,0,0,0
3931,0,0,0,0,0,0,0,0,0,0,0,0,0,0,0,0,0,0,0,0,0,0,0,0,0,0,0,0,0,0,0,0,0,0,0,0,0,0,0,0,0,0,0,0,0,0,0,0,0,0,0,0,0,0,0,0,0,0,0,0,0,0,0,0,0,0,0,0,0,0,0,0,0,0,0,0,0,0,0,0,0,0,0,0,0,0,0,0,0,0,0,0,0,0.0000000000,0,0,0,0,0,0,0,0,0,0,0,0,0,0,0,0,0,0,0,0,0,0,0,0,0,0,0,0,0,0,0,0,0,0,0,0,0,0,0,0,0,0,0,0,0,0,0,0,0,0,0,0,0,0,0,0,0,0,0,0,0,0,0,0,0,0,0,0,0,0,0,0,0,0,0,0,0,0,0,0,0,0,0,0,0,0,0,0,0,0,0,0,0,0,0,0,0,0,0,0,0,0,0,0,0,0
3932,0,0,0,0,0,0,0,0,0,0,0,0,0,0,0,0,0,0,0,0,0,0,0,0,0,0,0,0,0,0,0,0,0,0,0,0,0,0,0,0,0,0,0,0,0,0,0,0,0,0,0,0,0,0,0,0,0,0,0,0,0,0,0,0,0,0,0,0,0,0,0,0,0,0,0,0,0,0,0,0,0,0,0,0,0,0,0,0,0,0,0,0,0,0,0,0,0,0,0,0,0,0,0,0,0,0,0,0,0,0,0,0,0,0,0,0,0,0,0,0,0,0,0,0,0,0,0,0,0,0,0,0,0,0,0,0,0,0,0,0,0,0,0,0,0,0,0,0,0,0,0,0,0,0,0,0,0,0,0,0,0,0,0,0,0,0,0,0,0,0,0,0,0,0,0,0,0,0,0,0,0,0,0,0,0,0,0,0,0,0,0,0,0,0,0,0,0,0,0,0
3933,0,0,0,0,0,0,0,0,0,0,0,0,0,0,0,0,0,0,0,0,0,0,0,0,0,0,0,0,0,0,0,0,0,0,0,0,0,0,0,0,0,0,0,0,0,0,0,0,0,0,0,0,0,0,0,0,0,0,0,0,0,0,0,0,0,0,0,0,0,0,0,0,0,0,0,0,0,0,0,0,0,0,0,0,0,0,0,0,0,0,0,0,0,0,0,0,0,0,0,0,0,0,0,0,0,0,0,0,0,0,0,0,0,0,0,0,0,0,0,0,0,0,0,0,0,0,0,0,0,0,0,0,0,0,0,0,0,0,0,0,0,0,0,0,0,0,0,0,0,0,0,0,0,0,0,0,0,0,0,0,0,0,0,0,0,0,0,0,0,0,0,0,0,0,0,0,0,0,0,0,0,0,0,0,0,0,0,0,0,0,0,0,0,0,0,0,0,0,0,0
3934,0,0,0,0,0,0,0,0,0,0,0,0,0,0,0,0,0,0,0,0,0,0,0,0,0,0,0,0,0,0,0,0,0,0,0,0,0,0,0,0,0,0,0,0,0,0,0,0,0,0,0,0,0,0,0,0,0,0,0,0,0,0,0,0,0,0,0,0,0,0,0,0,0,0,0,0,0,0,0,0,0,0,0,0,0,0,0,0,0,0,0,0,0,0,0,0,0,0,0,0,0,0,0,0,0,0,0,0,0,0,0,0,0,0,0,0,0,0,0,0,0,0,0,0,0,0,0,0,0,0,0,0,0,0,0,0,0,0,0,0,0,0,0,0,0,0,0,0,0,0,0,0,0,0,0,0,0,0,0,0,0,0,0,0,0,0,0,0,0,0,0,0,0,0,0,0,0,0,0,0,0,0,0,0,0,0,0,0,0,0,0,0,0,0,0,0,0,0,0,0
3935,0,0,0,0,0,0,0,0,0,0,0,0,0,0,0,0,0,0,0,0,0,0,0,0,0,0,0,0,0,0,0,0,0,0,0,0,0,0,0,0,0,0,0,0,0,0,0,0,0,0,0,0,0,0,0,0,0,0,0,0,0,0,0,0,0,0,0,0,0,0,0,0,0,0,0,0,0,0,0,0,0,0,0,0,0,0,0,0,0,0,0,0,0,0,0,0,0,0,0,0,0,0,0,0,0,0,0,0,0,0,0,0,0,0,0,0,0,0,0,0,0,0,0,0,0,0,0,0,0,0,0,0,0,0,0,0,0,0,0,0,0,0,0,0,0,0,0,0,0,0,0,0,0,0,0,0,0,0,0,0,0,0,0,0,0,0,0,0,0,0,0,0,0,0,0,0,0,0,0,0,0,0,0,0,0,0,0,0,0,0,0,0,0,0,0,0,0,0,0,0
3936,0,0,0,0,0,0,0,0,0,0,0,0,0,0,0,0,0,0,0,0,0,0,0,0,0,0,0,0,0,0,0,0,0,0,0,0,0,0,0,0,0,0,0,0,0,0,0,0,0,0,0,0,0,0,0,0,0,0,0,0,0,0,0,0,0,0,0,0,0,0,0,0,0,0,0,0,0,0,0,0,0,0,0,0,0,0,0,0,0,0,0,0,0,0,0,0,0,0,0,0,0,0,0,0,0,0,0,0,0,0,0,0,0,0,0,0,0,0,0,0,0,0,0,0,0,0,0,0,0,0,0,0,0,0,0,0,0,0,0,0,0,0,0,0,0,0,0,0,0,0,0,0,0,0,0,0,0,0,0,0,0,0,0,0,0,0,0,0,0,0,0,0,0,0,0,0,0,0,0,0,0,0,0,0,0,0,0,0,0,0,0,0,0,0,0,0,0,0,0,0
3937,0,0,0,0.0000000000,0,0,0,0,0,0,0,0,0,0,0,0,0,0,0,0,0,0,0,0,0,0,0,0,0,0,0,0,0,0,0,0,0,0,0,0,0,0,0,0,0,0,0,0,0,0,0,0,0,0,0,0,0,0,0,0,0,0,0,0,0,0,0,0,0,0,0,0,0,0,0,0,0,0,0,0,0,0,0,0,0,0,0,0,0,0,0,0,0,0,0,0,0,0,0,0,0,0,0,0,0,0,0,0,0,0,0,0,0,0,0,0,0,0,0,0,0,0,0,0,0,0,0,0,0,0,0,0,0,0,0,0,0,0,0,0,0,0,0,0,0,0,0,0,0,0,0,0,0,0,0,0,0,0,0,0,0,0,0,0,0,0,0,0,0,0,0,0,0,0,0,0,0,0,0,0,0,0,0,0,0,0,0,0,0,0,0,0,0,0,0,0,0,0,0,0
3938,0,0,0,0,0,0,0,0,0,0,0,0,0,0,0,0,0.0000000000,0,0,0,0,0,0,0,0,0,0,0,0,0,0,0,0,0,0,0,0,0,0,0,0,0,0,0,0,0,0,0,0,0,0,0,0,0,0,0,0,0,0,0,0,0,0,0,0,0,0,0,0,0,0,0,0,0,0,0,0,0,0,0,0,0,0,0,0,0,0,0,0,0,0,0,0,0,0,0,0,0,0,0,0,0,0,0,0,0,0,0,0,0,0,0,0,0,0,0,0,0,0,0,0,0,0,0,0,0,0,0,0,0,0,0,0,0,0,0,0,0,0,0,0,0,0,0,0,0,0,0,0,0,0,0,0,0,0,0,0,0,0,0,0,0,0,0,0,0,0,0,0,0,0,0,0,0,0,0,0,0,0,0,0,0,0,0,0,0,0,0,0,0,0,0,0,0,0,0,0,0,0,0
3939,0,0,0,0,0,0,0,0,0,0,0,0,0,0,0,0,0,0,0,0,0,0,0,0,0,0,0,0,0,0,0,0,0,0,0,0,0,0,0,0,0,0,0,0,0,0,0,0,0,0,0,0,0,0,0,0,0,0,0,0,0,0,0,0,0,0,0,0,0,0,0,0,0,0,0,0,0,0,0,0,0,0,0,0,0,0,0,0,0,0,0,0,0,0,0,0,0,0,0,0,0,0,0,0,0,0,0,0,0,0,0,0,0,0,0,0,0,0,0,0,0,0,0,0,0,0,0,0,0,0,0,0,0,0,0,0,0,0,0,0,0,0,0,0,0,0,0,0,0,0,0,0,0,0,0,0,0,0,0,0,0,0,0,0,0,0,0,0,0,0,0,0,0,0,0,0,0,0,0,0,0,0,0,0,0,0,0,0,0,0,0,0,0,0,0,0,0,0,0,0
3940,0,0,0,0,0,0,0,0,0,0,0,0,0,0,0,0,0,0,0,0,0,0,0,0,0,0,0,0,0,0,0,0,0,0,0,0,0,0,0,0,0,0,0,0,0,0,0,0,0,0,0,0,0,0,0,0,0,0,0,0,0,0,0,0,0,0,0,0,0,0,0,0,0,0,0,0,0,0,0,0,0,0,0,0,0,0,0,0,0,0,0,0,0,0,0,0,0,0,0,0,0,0,0,0,0,0,0,0,0,0,0,0,0,0,0,0,0,0,0,0,0,0,0,0,0,0,0,0,0,0,0,0,0,0,0,0,0,0,0,0,0,0,0,0,0,0,0,0,0,0,0,0,0,0,0,0,0,0,0,0,0,0,0,0,0,0,0,0,0,0,0,0,0,0,0,0,0,0,0,0,0,0,0,0,0,0,0,0,0,0,0,0,0,0,0,0,0,0,0,0
3941,0,0,0,0,0,0,0,0,0,0,0,0,0,0,0,0,0,0,0,0,0,0,0,0,0,0,0,0,0,0,0,0,0,0,0,0,0,0,0,0,0,0,0,0,0,0,0,0,0,0,0,0,0,0,0,0,0,0,0,0,0,0,0,0,0,0,0,0,0,0,0,0,0,0,0,0,0,0,0,0,0,0,0,0,0,0,0,0,0,0,0,0,0,0,0,0,0,0,0,0,0,0,0,0,0,0,0,0,0,0,0,0,0,0,0,0,0,0,0,0,0,0,0,0,0,0,0,0,0,0,0,0,0,0,0,0,0,0,0,0,0,0,0,0,0,0,0,0,0,0,0,0,0,0,0,0,0,0,0,0,0,0,0,0,0,0,0,0,0,0,0,0,0,0,0,0,0,0,0,0,0,0,0,0,0,0,0,0,0,0,0,0,0,0,0,0,0,0,0,0
3942,0,0,0,0,0,0,0,0,0,0,0,0,0,0,0,0,0,0,0,0,0,0,0,0,0,0,0,0,0,0,0,0,0,0,0,0,0,0,0,0,0,0,0,0,0,0,0,0,0,0,0,0,0,0,0,0,0,0,0,0,0,0,0,0,0,0,0,0,0,0,0,0,0,0,0,0,0,0,0,0,0,0,0,0,0,0,0,0,0,0,0,0,0,0,0,0,0,0,0,0,0,0,0,0,0,0,0,0,0,0,0,0,0,0,0,0,0,0,0,0,0,0,0,0,0,0,0,0,0,0,0,0,0,0,0,0,0,0,0,0,0,0,0,0,0,0,0,0,0,0,0,0,0,0,0,0,0,0,0,0,0,0,0,0,0,0,0,0,0,0,0,0,0,0,0,0,0,0,0,0,0,0,0,0,0,0,0,0,0,0,0,0,0,0,0,0,0,0,0,0
3943,0,0,0,0,0,0,0,0,0,0,0,0,0,0,0,0,0,0,0,0,0,0,0,0,0,0,0,0,0,0,0,0,0,0,0,0,0,0,0,0,0,0,0,0,0,0,0,0,0,0,0,0,0,0,0,0,0,0,0,0,0,0,0,0,0,0,0,0,0,0,0,0,0,0,0,0,0,0,0,0,0,0,0,0,0,0,0,0,0,0,0,0,0,0,0,0,0,0,0,0,0,0,0,0,0,0,0,0,0,0,0,0,0,0,0,0,0,0,0,0,0,0,0,0,0,0,0,0,0,0,0,0,0,0,0,0,0,0,0,0,0,0,0,0,0,0,0,0,0,0,0,0,0,0,0,0,0,0,0,0,0,0,0,0,0,0,0,0,0,0,0,0,0,0,0,0,0,0,0,0,0,0,0,0,0,0,0,0,0,0,0,0,0,0,0,0,0,0,0,0
3944,0,0,0,0,0,0,0,0,0,0,0,0,0,0,0,0,0,0,0,0,0,0,0,0,0,0,0,0,0,0,0,0,0,0,0,0,0,0,0,0,0,0,0,0,0,0,0,0,0,0,0,0,0,0,0,0,0,0,0,0,0,0,0,0,0,0,0,0,0,0,0,0,0,0,0,0,0,0,0,0,0,0,0,0,0,0,0,0,0,0,0,0,0,0,0,0,0,0,0,0,0,0,0,0,0,0,0,0,0,0,0,0,0,0,0,0,0,0,0,0,0,0,0,0,0,0,0,0,0,0,0,0,0,0,0,0,0,0,0,0,0,0,0,0,0,0,0,0,0,0,0,0,0,0,0,0,0,0,0,0,0,0,0,0,0,0,0,0,0,0,0,0,0,0,0,0,0,0,0,0,0,0,0,0,0,0,0,0,0,0,0,0,0,0,0,0,0,0,0,0
3945,0,0,0,0,0,0,0,0,0,0,0,0,0,0,0,0,0,0,0,0,0,0,0,0,0,0,0,0,0,0,0,0,0,0,0,0,0,0,0,0,0,0,0,0,0,0,0,0,0,0,0,0,0,0,0,0,0,0,0,0,0,0,0,0,0,0,0,0,0,0,0,0,0,0,0,0,0,0,0,0,0.0000000000,0,0,0,0,0,0,0,0,0,0,0,0,0,0,0,0,0,0,0,0,0,0,0,0,0,0,0,0,0,0,0,0,0,0,0,0,0,0,0,0,0,0,0,0,0,0,0,0,0,0,0,0,0,0,0,0,0,0,0,0,0,0,0,0,0,0,0,0,0,0,0,0,0,0,0,0,0,0,0,0,0,0,0,0,0,0,0,0,0,0,0,0,0,0,0,0,0,0,0,0,0,0,0,0,0,0,0,0,0,0,0,0,0,0,0,0,0,0,0
3946,0,0,0,0,0,0,0,0,0,0,0,0,0,0,0,0,0,0,0,0,0,0,0,0,0,0,0,0,0,0,0,0,0,0,0,0,0,0,0,0,0,0,0,0,0,0,0,0,0,0,0,0,0,0,0,0,0,0,0,0,0,0,0,0,0,0,0,0,0,0,0,0,0,0,0,0,0,0,0,0,0,0,0,0,0,0,0,0,0,0,0,0,0,0,0,0,0,0,0,0,0,0,0,0,0,0,0,0,0,0,0,0,0,0,0,0,0,0,0,0,0,0,0,0,0,0,0,0,0,0,0,0,0,0,0,0,0,0,0,0,0,0,0,0,0,0,0,0,0,0,0,0,0,0,0,0,0,0,0,0,0,0,0,0,0,0,0,0,0,0,0,0,0,0,0,0,0,0,0,0,0,0,0,0,0,0,0,0,0,0,0,0,0,0,0,0,0,0,0,0
3947,0,0,0,0,0,0,0,0,0,0,0,0,0,0,0,0,0,0,0,0,0,0,0,0,0,0,0,0,0,0,0,0,0,0,0,0,0,0,0,0,0,0,0,0,0,0,0,0,0,0,0,0,0,0,0,0,0,0,0,0,0,0,0,0,0,0,0,0,0,0,0,0,0,0,0,0,0,0,0,0,0,0,0,0,0,0,0,0,0,0,0,0,0,0,0,0,0,0,0,0,0,0,0,0,0,0,0,0,0,0,0,0,0,0,0,0,0,0,0,0,0,0,0,0,0,0,0,0,0,0,0,0,0,0,0,0,0,0,0,0,0,0,0,0,0,0,0,0,0,0,0,0,0,0,0,0,0,0,0,0,0,0,0,0,0,0,0,0,0,0,0,0,0,0,0,0,0,0,0,0,0,0,0,0,0,0,0,0,0,0,0,0,0,0,0,0,0,0,0,0
3948,0,0,0,0,0,0,0,0,0,0,0,0,0,0,0,0,0,0,0,0,0,0,0,0,0,0,0,0,0,0,0,0,0,0,0,0,0,0,0,0,0,0,0,0,0,0,0,0,0,0,0,0,0,0,0,0,0,0,0,0,0,0,0,0,0,0,0,0,0,0,0,0,0,0,0,0,0,0,0,0,0,0,0,0,0,0,0,0,0,0,0,0,0,0,0,0,0,0,0,0,0,0,0,0,0,0,0,0,0,0,0,0,0,0,0,0,0,0,0,0,0,0,0,0,0,0,0,0,0,0,0,0,0,0,0,0,0,0,0,0,0,0,0,0,0,0,0,0,0,0,0,0,0,0,0,0,0,0,0,0,0,0,0,0,0,0,0,0,0,0,0,0,0,0,0,0,0,0,0,0,0,0,0,0,0,0,0,0,0,0,0,0,0,0,0,0,0,0,0,0
3949,0,0,0,0,0,0,0,0,0,0,0,0,0,0,0,0,0,0,0,0,0,0,0,0,0,0,0,0,0,0,0,0,0,0,0,0,0,0,0,0,0,0,0,0,0,0,0,0,0,0,0,0,0,0,0,0,0,0,0,0,0,0,0,0,0,0,0,0,0,0,0,0,0,0,0,0,0,0,0,0,0,0,0,0,0,0,0,0,0,0,0,0,0,0,0,0,0,0,0,0,0,0,0,0,0,0,0,0,0,0,0,0,0,0,0,0,0,0,0,0,0,0,0,0,0,0,0,0,0,0,0,0,0,0,0,0,0,0,0,0,0,0,0,0,0,0,0,0,0,0,0,0,0,0,0,0,0,0,0,0,0,0,0,0,0,0,0,0,0,0,0,0,0,0,0,0,0,0,0,0,0,0,0,0,0,0,0,0,0,0,0,0,0,0,0,0,0,0,0,0
3950,0,0,0,0,0,0,0,0,0,0,0,0,0,0,0,0,0,0,0,0,0,0,0,0,0,0,0,0,0,0,0,0,0,0,0,0,0,0,0,0,0,0,0,0,0,0,0,0,0,0,0,0,0,0,0,0,0,0,0,0,0,0,0,0,0,0,0,0,0,0,0,0,0,0,0,0,0,0,0,0,0,0,0,0,0,0,0,0,0,0,0,0,0,0,0,0,0,0,0,0,0,0,0,0,0,0,0,0,0,0,0,0,0,0,0,0,0,0,0,0,0,0,0,0,0,0,0,0,0,0,0,0,0,0,0,0,0,0,0,0,0,0,0,0,0,0,0,0,0,0,0,0,0,0,0,0,0,0,0,0,0,0,0,0,0,0,0,0,0,0,0,0,0,0,0,0,0,0,0,0,0,0,0,0,0,0,0,0,0,0,0,0,0,0,0,0,0,0,0,0
3951,0,0,0,0,0,0,0,0,0,0,0,0,0,0,0,0,0,0,0,0,0,0,0,0,0,0,0,0,0,0,0,0,0,0,0,0,0,0,0,0,0,0,0,0,0,0,0,0,0,0,0,0,0,0,0,0,0,0,0,0,0,0,0,0,0,0,0,0,0,0,0,0,0,0,0,0,0,0,0,0,0,0,0,0,0,0,0,0,0,0,0,0,0,0,0,0,0,0,0,0,0,0,0,0,0,0,0,0,0,0,0,0,0,0,0,0,0,0,0,0,0,0,0,0,0,0,0,0,0,0,0,0,0,0,0,0,0,0,0,0,0,0,0,0,0,0,0,0,0,0,0,0,0,0,0,0,0,0,0,0,0,0,0,0,0,0,0,0,0,0,0,0,0,0,0,0,0,0,0,0,0,0,0,0,0,0,0,0,0,0,0,0,0,0,0,0,0,0,0,0
3952,0,0,0,0,0,0,0,0,0,0,0,0,0,0,0,0,0,0,0,0,0,0,0,0,0,0,0,0,0,0,0,0,0,0,0,0,0,0,0,0,0,0,0,0,0,0,0,0,0,0,0,0,0,0,0,0,0,0,0,0,0,0,0,0,0,0,0,0,0,0,0,0,0,0,0,0,0,0,0,0,0,0,0,0,0,0,0,0,0,0,0,0,0,0,0,0,0,0,0,0,0,0,0,0,0,0,0,0,0,0,0,0,0,0,0,0,0,0,0,0,0,0,0,0,0,0,0,0,0,0,0,0,0,0,0,0,0,0,0,0,0,0,0,0,0,0,0,0,0,0,0,0,0,0,0,0,0,0,0,0,0,0,0,0,0,0,0,0,0,0,0,0,0,0,0,0,0,0,0,0,0,0,0,0,0,0,0,0,0,0,0,0,0,0,0,0,0,0,0,0
3953,0,0,0,0,0,0,0,0,0,0,0,0,0,0,0,0,0,0,0,0,0,0,0,0,0,0,0,0,0,0,0,0,0,0,0,0,0,0,0,0,0,0,0,0,0,0,0,0,0,0,0,0,0,0,0,0,0,0,0,0,0,0,0,0,0,0,0,0,0,0,0,0,0,0,0,0,0,0,0,0,0,0,0,0,0,0,0,0,0,0,0,0,0,0,0,0,0,0,0,0,0,0,0,0,0,0,0,0,0,0,0,0,0,0,0,0,0,0,0,0,0,0,0,0,0,0,0,0,0,0,0,0,0,0,0,0,0,0,0,0,0,0,0,0,0,0,0,0,0,0,0,0,0,0,0,0,0,0,0,0,0,0,0,0,0,0,0,0,0,0,0,0,0,0,0,0,0,0,0,0,0,0,0,0,0,0,0,0,0,0,0,0,0,0,0,0,0,0,0,0
3954,0,0,0,0,0,0,0,0,0,0,0,0,0,0,0,0,0,0,0,0,0,0,0,0,0,0,0,0,0,0,0,0,0,0,0,0,0,0,0,0,0,0,0,0,0,0,0,0,0,0,0,0,0,0,0,0,0,0,0,0,0,0,0,0,0,0,0,0,0,0,0,0,0,0,0,0,0,0,0,0,0,0,0,0,0,0,0,0,0,0,0,0,0,0,0,0,0,0,0,0,0,0,0,0,0,0,0,0,0,0,0,0,0,0,0,0,0,0,0,0,0,0,0,0,0,0,0,0,0,0,0,0,0,0,0,0,0,0,0,0,0,0,0,0,0,0,0,0,0,0,0,0,0,0,0,0,0,0,0,0,0,0,0,0,0,0,0,0,0,0,0,0,0,0,0,0,0,0,0,0,0,0,0,0,0,0,0,0,0,0,0,0,0,0,0,0,0,0,0,0
3955,0,0,0,0,0,0,0,0,0,0,0,0,0,0,0,0,0,0,0,0,0,0,0,0.0000000000,0,0,0,0,0,0,0,0,0,0,0,0,0,0,0,0,0,0,0,0,0,0,0,0,0,0,0,0,0,0,0,0,0,0,0,0,0,0,0,0,0,0,0,0,0,0,0,0,0,0,0,0,0,0,0,0,0,0,0,0,0,0,0,0,0,0,0,0,0,0,0,0,0,0,0,0,0,0,0,0,0,0,0,0,0,0,0,0,0,0,0,0,0,0,0,0,0,0,0,0,0,0,0,0,0,0,0,0,0,0,0,0,0,0,0,0,0,0,0,0,0,0,0,0,0,0,0,0,0,0,0,0,0,0,0,0,0,0,0,0,0,0,0,0,0,0,0,0,0,0,0,0,0,0,0,0,0,0,0,0,0,0,0,0,0,0,0,0,0,0,0,0,0,0,0,0
3956,0,0,0,0,0,0,0,0,0,0,0,0,0,0,0,0,0,0,0,0,0,0,0,0,0,0,0,0,0,0,0,0,0,0,0,0,0,0,0,0,0,0,0,0,0,0,0,0,0,0,0,0,0,0,0,0,0,0,0,0,0,0,0,0,0,0,0,0,0,0,0,0,0,0,0,0,0,0,0,0,0,0,0,0,0,0,0,0,0,0,0,0,0,0,0,0,0,0,0,0,0,0,0,0,0,0,0,0,0,0,0,0,0,0,0,0,0,0,0,0,0,0,0,0,0,0,0,0,0,0,0,0,0,0,0,0,0,0,0,0,0,0,0,0,0,0,0,0,0,0,0,0,0,0,0,0,0,0,0,0,0,0,0,0,0,0,0,0,0,0,0,0,0,0,0,0,0,0,0,0,0,0,0,0,0,0,0,0,0,0,0,0,0,0,0,0,0,0,0,0
3957,0,0,0,0,0,0,0,0,0,0,0,0,0,0,0,0,0,0,0,0,0,0,0,0,0,0,0,0,0,0,0,0,0,0,0,0,0,0,0,0,0,0,0,0,0,0,0,0,0,0,0,0,0,0,0,0,0,0,0,0,0,0,0,0,0,0,0,0,0,0,0,0,0,0,0,0,0,0,0,0,0,0,0,0,0,0,0,0,0,0,0,0,0,0,0,0,0,0,0,0,0,0,0,0,0,0,0,0,0,0,0,0,0,0,0,0,0,0,0,0,0,0,0,0,0,0,0,0,0,0,0,0,0,0,0,0,0,0,0,0,0,0,0,0,0,0,0,0,0,0,0,0,0,0,0,0,0,0,0,0,0,0,0,0,0,0,0,0,0,0,0,0,0,0,0,0,0,0,0,0,0,0,0,0,0,0,0,0,0,0,0,0,0,0,0,0,0,0,0,0
3958,0,0,0,0,0,0,0,0,0,0,0,0,0,0,0,0,0,0,0,0,0,0,0,0,0,0,0,0,0,0,0,0,0,0,0,0,0,0,0,0,0,0,0,0,0,0,0,0,0,0,0,0,0,0,0,0,0,0,0,0,0,0,0,0,0,0,0,0,0,0,0,0,0,0,0,0,0,0,0,0,0,0,0,0,0,0,0,0,0,0,0,0,0,0,0,0,0,0,0,0,0,0,0,0,0,0,0,0,0,0,0,0,0,0,0,0,0,0,0,0,0,0,0,0,0,0,0,0,0,0,0,0,0,0,0,0,0,0,0,0,0,0,0,0,0,0,0,0,0,0,0,0,0,0,0,0,0,0,0,0,0,0,0,0,0,0,0,0,0,0,0,0,0,0,0,0,0,0,0,0,0,0,0,0,0,0,0,0,0,0,0,0,0,0,0,0,0,0,0,0
3959,0,0,0,0,0,0,0,0,0,0,0,0,0,0,0,0,0,0,0,0,0,0,0,0,0,0,0,0,0,0,0,0,0,0,0,0,0,0,0,0,0,0,0,0,0,0,0,0,0,0,0,0,0,0,0,0,0,0,0,0,0,0,0,0,0,0,0,0,0,0,0,0,0,0,0,0,0,0,0,0,0,0,0,0,0,0,0,0,0,0,0,0,0,0,0,0,0,0,0,0,0,0,0,0,0,0,0,0,0,0,0,0,0,0,0,0,0,0,0,0,0,0,0,0,0,0,0,0,0,0,0,0,0,0,0,0,0,0,0,0,0,0,0,0,0,0,0,0,0,0,0,0,0,0,0,0,0,0,0,0,0,0,0,0,0,0,0,0,0,0,0,0,0,0,0,0,0,0,0,0,0,0,0,0,0,0,0,0,0,0,0,0,0,0,0,0,0,0,0,0
3960,0,0,0,0,0,0,0,0,0,0,0,0,0,0,0,0,0,0,0,0,0,0,0,0,0,0,0,0,0,0,0,0,0,0,0,0,0,0,0,0,0,0,0,0,0,0,0,0,0,0,0,0,0,0,0,0,0,0,0,0,0,0,0,0,0,0,0,0,0,0,0,0,0,0,0,0,0,0,0,0,0,0,0,0,0,0,0,0,0,0,0,0,0,0,0,0,0,0,0,0,0,0,0,0,0,0,0,0,0,0,0,0,0,0,0,0,0,0,0,0,0,0,0,0,0,0,0,0,0,0,0,0,0,0,0,0,0,0,0,0,0,0,0,0,0,0,0,0,0,0,0,0,0,0,0,0,0,0,0,0,0,0,0,0,0,0,0,0,0,0,0,0,0,0,0,0,0,0,0,0,0,0,0,0,0,0,0,0,0,0,0,0,0,0,0,0,0,0,0,0
3961,0,0,0,0,0,0,0,0,0,0,0,0,0,0,0,0,0,0,0,0,0,0,0,0,0,0,0,0,0,0,0,0,0,0,0,0,0,0,0,0,0,0,0,0,0,0,0,0,0,0,0,0,0,0,0,0,0,0,0,0,0,0,0,0,0,0,0,0,0,0,0,0,0,0,0,0,0,0,0,0,0,0,0,0,0,0,0,0,0,0,0,0,0,0,0,0,0,0,0,0,0,0,0,0,0,0,0,0,0,0,0,0,0,0,0,0,0,0,0,0,0,0,0,0,0,0,0,0,0,0,0,0,0,0,0,0,0,0,0,0,0,0,0,0,0,0,0,0,0,0,0,0,0,0,0,0,0,0,0,0,0,0,0,0,0,0,0,0,0,0,0,0,0,0,0,0,0,0,0,0,0,0,0,0,0,0,0,0,0,0,0,0,0,0,0,0,0,0,0,0
3962,0,0,0,0,0,0,0,0,0,0,0,0,0,0,0,0,0,0,0,0,0,0,0,0,0,0,0,0,0,0,0,0,0,0,0,0,0,0,0,0,0,0,0,0,0,0,0,0,0,0,0,0,0,0,0,0,0,0,0,0,0,0,0,0,0,0,0,0,0,0,0,0,0,0,0,0,0,0,0,0,0,0,0,0,0,0,0,0,0,0,0,0,0,0,0,0,0,0,0,0,0,0,0,0,0,0,0,0,0,0,0,0,0,0,0,0,0,0,0,0,0,0,0,0,0,0,0,0,0,0,0,0,0,0,0,0,0,0,0,0,0,0,0,0,0,0,0,0,0,0,0,0,0,0,0,0,0,0,0,0,0,0,0,0,0,0,0,0,0,0,0,0,0,0,0,0,0,0,0,0,0,0,0,0,0,0,0,0,0,0,0,0,0,0,0,0,0,0,0,0
3963,0,0,0,0,0,0,0,0,0,0,0,0,0,0,0,0,0,0,0,0,0,0,0,0,0,0,0,0,0,0,0,0,0,0,0,0,0,0,0,0,0,0,0,0,0,0,0,0,0,0,0,0,0,0,0,0,0,0,0,0,0,0,0,0,0,0,0,0,0,0,0,0,0,0,0,0,0,0,0,0,0,0,0,0,0,0,0,0,0,0,0,0,0,0,0,0,0,0,0,0,0,0,0,0,0,0,0,0,0,0,0,0,0,0,0,0,0,0,0,0,0,0,0,0,0,0,0,0,0,0,0,0,0,0,0,0,0,0,0,0,0,0,0,0,0,0,0,0,0,0,0,0,0,0,0,0,0,0,0,0,0,0,0,0,0,0,0,0,0,0,0,0,0,0,0,0,0,0,0,0,0,0,0,0,0,0,0,0,0,0,0,0,0,0,0,0,0,0,0,0
3964,0,0,0,0,0,0,0,0,0,0,0,0,0,0,0,0,0,0,0,0,0,0,0,0,0,0,0,0,0,0,0,0,0,0,0,0,0,0,0,0,0,0,0,0,0,0,0,0,0,0,0,0,0,0,0,0,0,0,0,0,0,0,0,0,0,0,0,0,0,0,0,0,0,0,0,0,0,0,0,0,0,0,0,0,0,0,0,0,0,0,0,0,0,0,0,0,0,0,0,0,0,0,0,0,0,0,0,0,0,0,0,0,0,0,0,0,0,0,0,0,0,0,0,0,0,0,0,0,0,0,0,0,0,0,0,0,0,0,0,0,0,0,0,0,0,0,0,0,0,0,0,0,0,0,0,0,0,0,0,0,0,0,0,0,0,0,0,0,0,0,0,0,0,0,0,0,0,0,0,0,0,0,0,0,0,0,0,0,0,0,0,0,0,0,0,0,0,0,0,0
3965,0,0,0,0,0,0,0,0,0,0,0,0,0,0,0,0,0,0,0,0,0,0,0,0,0,0,0,0,0,0,0,0,0,0,0,0,0,0,0,0,0,0,0,0,0,0,0,0,0,0,0,0,0,0,0,0,0,0,0,0,0,0,0,0,0,0,0,0,0,0,0,0,0,0,0,0,0,0,0,0,0,0,0,0,0,0,0,0,0,0,0,0,0,0,0,0,0,0,0,0,0,0,0,0,0,0,0,0,0,0,0,0,0,0,0,0,0,0,0,0,0,0,0,0,0,0,0,0,0,0,0,0,0,0,0,0,0,0,0,0,0,0,0,0,0,0,0,0,0,0,0,0,0,0,0,0,0,0,0,0,0,0,0,0,0,0,0,0,0,0,0,0,0,0,0,0,0,0,0,0,0,0,0,0,0,0,0,0,0,0,0,0,0,0,0,0,0,0,0,0
3966,0,0,0,0,0,0,0,0,0,0,0,0,0,0,0,0,0,0,0,0,0,0,0,0,0,0,0,0,0,0,0,0,0,0,0,0,0,0,0,0,0,0,0,0,0,0,0,0,0,0,0,0,0,0,0,0,0,0,0,0,0,0,0,0,0,0,0,0,0,0,0,0,0,0,0,0,0,0,0,0,0,0,0,0,0,0,0,0,0,0,0,0,0,0,0,0,0,0,0,0,0,0,0,0,0,0,0,0,0,0,0,0,0,0,0,0,0,0,0,0,0,0,0,0,0,0,0,0,0,0,0,0,0,0,0,0,0,0,0,0,0,0,0,0,0,0,0,0,0,0,0,0,0,0,0,0,0,0,0,0,0,0,0,0,0,0,0,0,0,0,0,0,0,0,0,0,0,0,0,0,0,0,0,0,0,0,0,0,0,0,0,0,0,0,0,0,0,0,0,0
3967,0,0,0,0,0,0,0,0,0,0,0,0,0,0,0,0,0,0,0,0,0,0,0,0,0,0,0,0,0,0,0,0,0,0,0,0,0,0,0,0,0,0,0,0,0,0,0,0,0,0,0,0,0,0,0,0,0,0,0,0,0,0,0,0,0,0,0,0,0,0,0,0,0,0,0,0,0,0,0,0,0,0,0,0,0,0,0,0,0,0,0,0,0,0,0,0,0,0,0,0,0,0,0,0,0,0,0,0,0,0,0,0,0,0,0,0,0,0,0,0,0,0,0,0,0,0,0,0,0,0,0,0,0,0,0,0,0,0,0,0,0,0,0,0,0,0,0,0,0,0,0,0,0,0,0,0,0,0,0,0,0,0,0,0,0,0,0,0,0,0,0,0,0,0,0,0,0,0,0,0,0,0,0,0,0,0,0,0,0,0,0,0,0,0,0,0,0,0,0,0
3968,0,0,0,0,0,0,0,0,0,0,0,0,0,0,0,0,0,0,0,0,0,0,0,0,0,0,0,0,0,0,0,0,0,0,0,0,0,0,0,0,0,0,0,0,0,0,0,0,0,0,0,0,0,0,0,0,0,0,0,0,0,0,0,0,0,0,0,0,0,0,0,0,0,0,0,0,0,0,0,0,0,0,0,0,0,0,0,0,0,0,0,0,0,0,0,0,0,0,0,0,0,0,0,0,0,0,0,0,0,0,0,0,0,0,0,0,0,0,0,0,0,0,0,0,0,0,0,0,0,0,0,0,0,0,0,0,0,0,0,0,0,0,0,0,0,0,0,0,0,0,0,0,0,0,0,0,0,0,0,0,0,0,0,0,0,0,0,0,0,0,0,0,0,0,0,0,0,0,0,0,0,0,0,0,0,0,0,0,0,0,0,0,0,0,0,0,0,0,0,0
3969,0,0,0,0,0,0,0,0,0,0,0,0,0,0,0,0,0,0,0,0,0,0,0,0,0,0,0,0,0,0,0,0,0,0,0,0,0,0,0,0,0,0,0,0,0,0,0,0,0,0,0,0,0,0,0,0,0,0,0,0,0,0,0,0,0,0,0,0,0,0,0,0,0,0,0,0,0,0,0,0,0,0,0,0,0,0,0,0,0,0,0,0,0,0,0,0,0,0,0,0,0,0,0,0,0,0,0,0,0,0,0,0,0,0,0,0,0,0,0,0,0,0,0,0,0,0,0,0,0,0,0,0,0,0,0,0,0,0,0,0,0,0,0,0,0,0,0,0,0,0,0,0,0,0,0,0,0,0,0,0,0,0,0,0,0,0,0,0,0,0,0,0,0,0,0,0,0,0,0,0,0,0,0,0,0,0,0,0,0,0,0,0,0,0,0,0,0,0,0,0
3970,0,0,0,0,0,0,0,0,0,0,0,0,0,0,0,0,0,0,0,0,0,0,0,0,0,0,0,0,0,0,0,0,0,0,0,0,0,0,0,0,0,0,0,0,0,0,0,0,0,0,0,0,0,0,0,0,0,0,0,0,0,0,0,0,0,0,0,0,0,0,0,0,0,0,0,0,0,0,0,0,0,0,0,0,0,0,0,0,0,0,0,0,0,0,0,0,0,0,0,0,0,0,0,0,0,0,0,0,0,0,0,0,0,0,0,0,0,0,0,0,0,0,0,0,0,0,0,0,0,0,0,0,0,0,0,0,0,0,0,0,0,0,0,0,0,0,0,0,0,0,0,0,0,0,0,0,0,0,0,0,0,0,0,0,0,0,0,0,0,0,0,0,0,0,0,0,0,0,0,0,0,0,0,0,0,0,0,0,0,0,0,0,0,0,0,0,0,0,0,0
3971,0,0,0,0,0,0,0,0,0,0,0,0,0,0,0,0,0,0,0,0,0,0,0,0,0,0,0,0,0,0,0,0,0,0,0,0,0,0,0,0,0,0,0,0,0,0,0,0,0,0,0,0,0,0,0,0,0,0,0,0,0,0,0,0,0,0,0,0,0,0,0,0,0,0,0,0,0,0,0,0,0,0,0,0,0,0,0,0,0,0,0,0,0,0,0,0,0,0,0,0,0,0,0,0,0,0,0,0,0,0,0,0,0,0,0,0,0,0,0,0,0,0,0,0,0,0,0,0,0,0,0,0,0,0,0,0,0,0,0,0,0,0,0,0,0,0,0,0,0,0,0,0,0,0,0,0,0,0,0,0,0,0,0,0,0,0,0,0,0,0,0,0,0,0,0,0,0,0,0,0,0,0,0,0,0,0,0,0,0,0,0,0,0,0,0,0,0,0,0,0
3972,0,0,0,0,0,0,0,0,0,0,0,0,0,0,0,0,0,0,0,0,0,0,0,0,0,0,0,0,0,0,0,0,0,0,0,0,0,0,0,0,0,0,0,0,0,0,0,0,0,0,0,0,0,0,0,0,0,0,0,0,0,0,0,0,0,0,0,0,0,0,0,0,0,0,0,0,0,0,0,0,0,0,0,0,0,0,0,0,0,0,0,0,0,0,0,0,0,0,0,0,0,0,0,0,0,0,0,0,0,0,0,0,0,0,0,0,0,0,0,0,0,0,0,0,0,0,0,0,0,0,0,0,0,0,0,0,0,0,0,0,0,0,0,0,0,0,0,0,0,0,0,0,0,0,0,0,0,0,0,0,0,0,0,0,0,0,0,0,0,0,0,0,0,0,0,0,0,0,0,0,0,0,0,0,0,0,0,0,0,0,0,0,0,0,0,0,0,0,0,0
3973,0,0,0,0,0,0,0,0,0,0,0,0,0,0,0,0,0,0,0,0,0,0,0,0,0,0,0,0,0,0,0,0,0,0,0,0,0,0,0,0,0,0,0,0,0,0,0,0,0,0,0,0,0,0,0,0,0,0,0,0,0,0,0,0,0,0,0,0,0,0,0,0,0,0,0,0,0,0,0,0,0,0,0,0,0,0,0,0,0,0,0,0,0,0,0,0,0,0,0,0,0,0,0,0,0,0,0,0,0,0,0,0,0,0,0,0,0,0,0,0,0,0,0,0,0,0,0,0,0,0,0,0,0,0,0,0,0,0,0,0,0,0,0,0,0,0,0,0,0,0,0,0,0,0,0,0,0,0,0,0,0,0,0,0,0,0,0,0,0,0,0,0,0,0,0,0,0,0,0,0,0,0,0,0,0,0,0,0,0,0,0,0,0,0,0,0,0,0,0,0
3974,0,0,0,0,0,0,0,0,0,0,0,0,0,0,0,0,0,0,0,0,0,0,0,0,0,0,0,0,0,0,0,0,0,0,0,0,0,0,0,0,0,0,0,0,0,0,0,0,0,0,0,0,0,0,0,0,0,0,0,0,0,0,0,0,0,0,0,0,0,0,0,0,0,0,0,0,0,0,0,0,0,0,0,0,0,0,0,0,0,0,0,0,0,0,0,0,0,0,0,0,0,0,0,0,0,0,0,0,0,0,0,0,0,0,0,0,0,0,0,0,0,0,0,0,0,0,0,0,0,0,0,0,0,0,0,0,0,0,0,0,0,0,0,0,0,0,0,0,0,0,0,0,0,0,0,0,0,0,0,0,0,0,0,0,0,0,0,0,0,0,0,0,0,0,0,0,0,0,0,0,0,0,0,0,0,0,0,0,0,0,0,0,0,0,0,0,0,0,0,0
3975,0,0,0,0,0,0,0,0,0,0,0,0,0,0,0,0,0,0,0,0,0,0,0,0,0,0,0,0,0,0,0,0,0,0,0,0,0,0,0,0,0,0,0,0,0,0,0,0,0,0,0,0,0,0,0,0,0,0,0,0,0,0,0,0,0,0,0,0,0,0,0,0,0,0,0,0,0,0,0,0,0,0,0,0,0,0,0,0,0,0,0,0,0,0,0,0,0,0,0,0,0,0,0,0,0,0,0,0,0,0,0,0,0,0,0,0,0,0,0,0,0,0,0,0,0,0,0,0,0,0,0,0,0,0,0,0,0,0,0,0,0,0,0,0,0,0,0,0,0,0,0,0,0,0,0,0,0,0,0,0,0,0,0,0,0,0,0,0,0,0,0,0,0,0,0,0,0,0,0,0,0,0,0,0,0,0,0,0,0,0,0,0,0,0,0,0,0,0,0,0
3976,0,0,0,0,0,0,0,0,0,0,0,0,0,0,0,0,0,0,0,0,0,0,0,0,0,0,0,0,0,0,0,0,0,0,0,0,0,0,0,0,0,0,0,0,0,0,0,0,0,0,0,0,0,0,0,0,0,0,0,0,0,0,0,0,0,0,0,0,0,0,0,0,0,0,0,0,0,0,0,0,0,0,0,0,0,0,0,0,0,0,0,0,0,0,0,0,0,0,0,0,0,0,0,0,0,0,0,0,0,0,0,0,0,0,0,0,0,0,0,0,0,0,0,0,0,0,0,0,0,0,0,0,0,0,0,0,0,0,0,0,0,0,0,0,0,0,0,0,0,0,0,0,0,0,0,0,0,0,0,0,0,0,0,0,0,0,0,0,0,0,0,0,0,0,0,0,0,0,0,0,0,0,0,0,0,0,0,0,0,0,0,0,0,0,0,0,0,0,0,0
3977,0,0,0,0,0,0,0,0,0,0,0,0,0,0,0,0,0,0,0,0,0,0,0,0,0,0,0,0,0,0,0,0,0,0,0,0,0,0,0,0,0,0,0,0,0,0,0,0,0,0,0,0,0,0,0,0,0,0,0,0,0,0,0,0,0,0,0,0,0,0,0,0,0,0,0,0,0,0,0,0,0,0,0,0,0,0,0,0,0,0,0,0,0,0,0,0,0,0,0,0,0,0,0,0,0,0,0,0,0,0,0,0,0,0,0,0,0,0,0,0,0,0,0,0,0,0,0,0,0,0,0,0,0,0,0,0,0,0,0,0,0,0,0,0,0,0,0,0,0,0,0,0,0,0,0,0,0,0,0,0,0,0,0,0,0,0,0,0,0,0,0,0,0,0,0,0,0,0,0,0,0,0,0,0,0,0,0,0,0,0,0,0,0,0,0,0,0,0,0,0
3978,0,0,0,0,0,0,0,0,0,0,0,0,0,0,0,0,0,0,0,0,0,0,0,0,0,0,0,0,0,0,0,0,0,0,0,0,0,0,0,0,0,0,0,0,0,0,0,0,0,0,0,0,0,0,0,0,0,0,0,0,0,0,0,0,0,0,0,0,0,0,0,0,0,0,0,0,0,0,0,0,0,0,0,0,0,0,0,0,0,0,0,0,0,0,0,0,0,0,0,0,0,0,0,0,0,0,0,0,0,0,0,0,0,0,0,0,0,0,0,0,0,0,0,0,0,0,0,0,0,0,0,0,0,0,0,0,0,0,0,0,0,0,0,0,0,0,0,0,0,0,0,0,0,0,0,0,0,0,0,0,0,0,0,0,0,0,0,0,0,0,0,0,0,0,0,0,0,0,0,0,0,0,0,0,0,0,0,0,0,0,0,0,0,0,0,0,0,0,0,0
3979,0,0,0,0,0,0,0,0,0,0,0,0,0,0,0,0,0,0,0,0,0,0,0,0,0,0,0,0,0,0,0,0,0,0,0,0,0,0,0,0,0,0,0,0,0,0,0,0,0,0,0,0,0,0,0,0,0,0,0,0,0,0,0,0,0,0,0,0,0,0,0,0,0,0,0,0,0,0,0,0,0,0,0,0,0,0,0,0,0,0,0,0,0,0,0,0,0,0,0,0,0,0,0,0,0,0,0,0,0,0,0,0,0,0,0,0,0,0,0,0,0,0,0,0,0,0,0,0,0,0,0,0,0,0,0,0,0,0,0,0,0,0,0,0,0,0,0,0,0,0,0,0,0,0,0,0,0,0,0,0,0,0,0,0,0,0,0,0,0,0,0,0,0,0,0,0,0,0,0,0,0,0,0,0,0,0,0,0,0,0,0,0,0,0,0,0,0,0,0,0
3980,0,0,0,0,0,0,0,0,0,0,0,0,0,0,0,0,0,0,0,0,0,0,0,0,0,0,0,0,0,0,0,0,0,0,0,0,0,0,0,0,0,0,0,0,0,0,0,0,0,0,0,0,0,0,0,0,0,0,0,0,0,0,0,0,0,0,0,0,0,0,0,0,0,0,0,0,0,0,0,0,0,0,0,0,0,0,0,0,0,0,0,0,0,0,0,0,0,0,0,0,0,0,0,0,0,0,0,0,0,0,0,0,0,0,0,0,0,0,0,0,0,0,0,0,0,0,0,0,0,0,0,0,0,0,0,0,0,0,0,0,0,0,0,0,0,0,0,0,0,0,0,0,0,0,0,0,0,0,0,0,0,0,0,0,0,0,0,0,0,0,0,0,0,0,0,0,0,0,0,0,0,0,0,0,0,0,0,0,0,0,0,0,0,0,0,0,0,0,0,0
3981,0,0,0,0,0,0,0,0,0,0,0,0,0,0,0,0,0,0,0,0,0,0,0,0,0,0,0,0,0,0,0,0,0,0,0,0,0,0,0,0,0,0,0,0,0,0,0,0,0,0,0,0,0,0,0,0,0,0,0,0,0,0,0,0,0,0,0,0,0,0,0,0,0,0,0,0,0,0,0,0,0,0,0,0,0,0,0,0,0,0,0,0,0,0,0,0,0,0,0,0,0,0,0,0,0,0,0,0,0,0,0,0,0,0,0,0,0,0,0,0,0,0,0,0,0,0,0,0,0,0,0,0,0,0,0,0,0,0,0,0,0,0,0,0,0,0,0,0,0,0,0,0,0,0,0,0,0,0,0,0,0,0,0,0,0,0,0,0,0,0,0,0,0,0,0,0,0.0000000000,0,0,0,0,0,0,0,0,0,0,0,0,0,0,0,0,0,0,0,0,0,0,0
3982,0,0,0,0,0,0,0,0,0,0,0,0,0,0,0,0,0,0,0,0,0,0,0,0,0,0,0,0,0,0,0,0,0,0,0,0,0,0,0,0,0,0,0,0,0,0,0,0,0,0,0,0,0,0,0,0,0,0,0,0,0,0,0,0,0,0,0,0,0,0,0,0,0,0,0,0,0,0,0,0,0,0,0,0,0,0,0,0,0,0,0,0,0,0,0,0,0,0,0,0,0,0,0,0,0,0,0,0,0,0,0,0,0,0,0,0,0,0,0,0,0,0,0,0,0,0,0,0,0,0,0,0,0,0,0,0,0,0,0,0,0,0,0,0,0,0,0,0,0,0,0,0,0,0,0,0,0,0,0,0,0,0,0,0,0,0,0,0,0,0,0,0,0,0,0,0,0,0,0,0,0,0,0,0,0,0,0,0,0,0,0,0,0,0,0,0,0,0,0,0
3983,0,0,0,0,0,0,0,0,0,0,0,0,0,0,0,0,0,0,0,0,0,0,0,0,0,0,0,0,0,0,0,0,0,0,0,0,0,0,0,0,0,0,0,0,0,0,0,0,0,0,0,0,0,0,0,0,0,0,0,0,0,0,0,0,0,0,0,0,0,0,0,0,0,0,0,0,0,0,0,0,0,0,0,0,0,0,0,0,0,0,0,0,0,0,0,0,0,0,0,0,0,0,0,0,0,0,0,0,0,0,0,0,0,0,0,0,0,0,0,0,0,0,0,0,0,0,0,0,0,0,0,0,0,0,0,0,0,0,0,0,0,0,0,0,0,0,0,0,0,0,0,0,0,0,0,0,0,0,0,0,0,0,0,0,0,0,0,0,0,0,0,0,0,0,0,0,0,0,0,0,0,0,0,0,0,0,0,0,0,0,0,0,0,0,0,0,0,0,0,0
3984,0,0,0,0,0,0,0,0,0,0,0,0,0,0,0,0,0,0,0,0,0,0,0,0,0,0,0,0,0,0,0,0,0,0,0,0,0,0,0,0,0,0,0,0,0,0,0,0,0,0,0,0,0,0,0,0,0,0,0,0,0,0,0,0,0,0,0,0,0,0,0,0,0,0,0,0,0,0,0,0,0,0,0,0,0,0,0,0,0,0,0,0,0,0,0,0,0,0,0,0,0,0,0,0,0,0,0,0,0,0,0,0,0,0,0,0,0,0,0,0,0,0,0,0,0,0,0,0,0,0,0,0,0,0,0,0,0,0,0,0,0,0,0,0,0,0,0,0,0,0,0,0,0,0,0,0,0,0,0,0,0,0,0,0,0,0,0,0,0,0,0,0,0,0,0,0,0,0,0,0,0,0,0,0,0,0,0,0,0,0,0,0,0,0,0,0,0,0,0,0
3985,0,0,0,0,0,0,0,0,0,0,0,0,0,0,0,0,0,0,0,0,0,0,0,0,0,0,0,0,0,0,0,0,0,0,0,0,0,0,0,0,0,0,0,0,0,0,0,0,0,0,0,0,0,0,0,0,0,0,0,0.0000000000,0,0,0,0,0,0,0,0,0,0,0,0,0,0,0,0,0,0,0,0,0,0,0,0,0,0,0,0,0,0,0,0,0,0,0,0,0,0,0,0,0,0,0,0,0,0,0,0,0,0,0,0,0,0,0,0,0,0,0,0,0,0,0,0,0,0,0,0,0,0,0,0,0,0,0,0,0,0,0,0,0,0,0,0,0,0,0,0,0,0,0,0,0,0,0,0,0,0,0,0,0,0,0,0,0,0,0,0,0,0,0,0,0,0,0,0,0,0,0,0,0,0,0,0,0,0,0,0,0,0,0,0,0,0,0,0,0,0,0,0
3986,0,0,0,0,0,0,0,0,0,0,0,0,0,0,0,0,0,0,0,0,0,0,0,0,0,0,0,0,0,0,0,0,0,0,0,0,0,0,0,0,0,0,0,0,0,0,0,0,0,0,0,0,0,0,0,0,0,0,0,0,0,0,0,0,0,0,0,0,0,0,0,0,0,0,0,0,0,0,0,0,0,0,0,0,0,0,0,0,0,0,0,0,0,0,0,0,0,0,0,0,0,0,0,0,0,0,0,0,0,0,0,0,0,0,0,0,0,0,0,0,0,0,0,0,0,0,0,0,0,0,0,0,0,0,0,0,0,0,0,0,0,0,0,0,0,0,0,0,0,0,0,0,0,0,0,0,0,0,0,0,0,0,0,0,0,0,0,0,0,0,0,0,0,0,0,0,0,0,0,0,0,0,0,0,0,0,0,0,0,0,0,0,0,0,0,0,0,0,0,0
3987,0,0,0,0,0,0,0,0,0,0,0,0,0,0,0,0,0,0,0,0,0,0,0,0,0,0,0,0,0,0,0,0,0,0,0,0,0,0,0,0,0,0,0,0,0,0,0,0,0,0,0,0,0,0,0,0,0,0,0,0,0,0,0,0,0,0,0,0,0,0,0,0,0,0,0,0,0,0,0,0,0,0,0,0,0,0,0,0,0,0,0,0,0,0,0,0,0,0,0,0,0,0,0,0,0,0,0,0,0,0,0,0,0,0,0,0,0,0,0,0,0,0,0,0,0,0,0,0,0,0,0,0,0,0,0,0,0,0,0,0,0,0,0,0,0,0,0,0,0,0,0,0,0,0,0,0,0,0,0,0,0,0,0,0,0,0,0,0,0,0,0,0,0,0,0,0,0,0,0,0,0,0,0,0,0,0,0,0,0,0,0,0,0,0,0,0,0,0,0,0
